50 50
1: (6 38 8 13 16) (23 48) (5 36 17 25 24 43 2 9 28 19 41) 26 (42 30) 50 3
2: (3 21) 39 (15 14) (2 4) 25 (27 35 32 40 24 10) 29
3: (10 43 30) 25 21 35 (34 12 48) (40 15) (11 45 31 47) (42 17) (14 5) (28 29 24 33 6 22) 46 26 (41 13)
4: (36 50 26 32 40 46 47 11 25) 12 (21 39) 44 (3 30 38) 22 (7 35) (19 24 49) 33
5: (4 44 14) (25 6) (8 31) 30 (49 29) (5 16) (36 27) 39 (28 21) 32 48
6: 35 (6 48) 37 (3 19) (13 40 16) (4 49)
7: 49 (2 43) 3 35 (21 29 13 5 36 47 10 24 11) (9 8) (38 18 30 15 26) 48 (50 32) (37 41 34 28 6 16) 25 23 1 31 40 27 (44 17 39 45) (33 14)
8: (46 9 42 37) (23 25)
9: (8 5 37 40 23 19 50) (43 34) 28 (24 36) (29 47 32 17 22 1 31) 48 45 (41 16 18 7 35) 25 13 (46 38) (39 21) 11
10: (15 31 13 12) 41 (25 35 22 24) 49 1 (38 33 11 42 39 50 14) (8 7 40) 44 (26 29) 34 (5 6 45)
11: (13 38) (15 32) 12 3 (35 18 42 37 21 27) 34
12: (49 6) 27 (20 23) 50 (38 34) (11 30)
13: 15 14 (17 10 7) (21 27) (49 18 38 26) 25 (48 41 19) (16 23 32)
14: (19 37 28 32 7) 18 (33 36 27)
15: (38 50) 39 (13 19) (49 40) 41 (34 36) (5 48 33 46) (11 43 30) (9 35 18) 29 7 (12 27 16) (4 26 31 44) 6 1 24 (2 22) 15
16: (10 1 7) 32
17: 34 40 (8 48 43 26) 50 (17 37 9 25) 12 5 (23 14 36 10) (20 29) (28 1 38 41) 45 (15 16 35) (27 24 4 39) 47 (46 19 42 18 21 49 2)
18: 2
19: 32 (43 14 9) 30 (42 1 24 17 20)
20: 45 (42 3) (8 48 9 14 13 37 25 28) (17 49 10 23) (15 35 6) 43 (12 36) (19 31 7 34)
21: (44 29 23 41) 37 (14 35) (1 17 8 48) 6 (13 4) (25 10 33 5 9 21) (26 19 38 28 18) (31 16 40) (34 45 50) (22 15) 43 (39 42 36) (32 47 24) 20 7 30 27 (2 11) (49 3) (46 12)
22: 32 (15 25) (49 5 18) 24 (11 8 13 37) 34 (12 26 48 27) 28 6 (20 30) (47 41 46 10) 45 19 17 14 9 40
23: 48 (11 49) 5 14 22 (21 27 37) (47 38) (33 12 2) (30 34) (43 7 23 42) (44 3 46 16 39) (10 6 19) (35 13 50 9) (18 26 28 40 24 4 31) (45 29 32 1 25 41 17 8 36)
24: 48 (14 45 37 49) (33 46 43) (35 12 26) 36 25 50 30 (27 11) 29
25: (47 7 10 14 16 2 33) (38 15 27 31 44 41) 32 (20 50) 23 1 (42 11 17 9 46)
26: (40 34 43 13) 14 (46 23 20 19 15 2 44 28 37 3)
27: (27 35 16) (12 18) (13 8) (6 31) 34 50
28: (21 32 23) (1 14) 12 (3 47) (15 33 29) 25 (41 44 27 34 8 40 50 10 22) 42 5 (31 2 43 4) 6 7
29: 1 29 23 (16 37)
30: (14 45) (13 26 35) (27 39)
31: (7 43 46) 37 (44 18 5 38) (49 32) (2 48 8 50) (6 26) (21 30 17) (25 33 42 28 10 14) (4 3 9 12 23) 40 (16 20) 39 (11 36 41) 27 (19 15 34) 24 (29 47 31 13) 22
32: (11 34 3 48) 39 (33 10 13 17) 26 32 (45 9) 5 (27 1) (24 22 36) 25 50
33: (48 34) (36 31) (13 42) (38 19 7 28 16) (17 47) (30 15 41 12 9 20 3 43 29 40) (35 6 39 22 10) 26 49 (25 4 44 1 27 5) 23 18 (32 46 50 2) (45 11 8 37) 14
34: 3 (2 10) 23 (42 19 37 14 28 11 13 5 15 22) 43 (33 41 40) (29 36 50) (27 8) (7 35 30 20) (26 12)
35: 17 5 (23 10) (34 16 45 14) 44 48 2 (35 4 30 42 36) 31 (37 7) 9 (49 29) (33 50 47)
36: 28 (38 2 11 10 29 43) 8 (49 46) 40 45 27 (13 18 22) (23 14 15 33) 32 (25 39 1 44) 12 20 (19 30 47 5) (4 42) 7 16 (17 21) (35 34 36 24) 31 (50 26 37)
37: (5 11 6 13) 16 (36 20 28 32) (19 50 29 3 39 23 9 4 48 7 49 45) (35 44 21 18 47) 42 (2 34 46 17 27) (24 15 8) (1 43) 30 33
38: (4 8 38) (25 6 11) (37 33 46) (47 13 9) 30 (7 20 49) (2 50) (29 17 27 45 19) (26 40 12 16) (23 18 5) (14 41 48 3 15) (36 10) 44 1 28 39 (31 34 21 35) (32 43) 42 24 22
39: 32 (5 31 4) (14 42 28) 20 8 25 (16 21 39 36) (7 44 9 45) (50 30) (3 26) (46 33) (10 35 23 34) (40 6 11) 2 (17 43 13 27 15) (38 37)
40: (23 27 44) (31 18 12) (36 43 28) (42 25) 41 (33 20 39) 3 22 10 14 (29 30) (17 5) 9 1 11 (15 19 26 13 2 50 16) (24 4) 46 (32 40) (8 48) (37 6) (21 47 49) (45 34)
41: (19 24 9 36 14 5 32 48) (21 13) (2 29) (17 42 38 6 1) (40 22) 49 (34 10 30 3 15) (8 33 28) 44 4 (50 35) 43
42: (6 30) (17 39 48 8 34 25 45)
43: (31 45 18 38 15 47 40) 16 (37 7 9) (6 32) (26 50)
44: (29 13 9 14 22) 1
45: 32
46: (7 12) (29 28 15 22 49 2 23 21 45 37) 35 (34 8 6) 32 (43 38 25) (40 10) (39 24 11) (47 14 13 4) (20 41 48 9) (36 26 1 46 42) 44 16 (19 17 33 50)
47: 46 (32 35) 6 (47 1) 31 (50 44 25) (2 18 14 43 30 20 42 7 15 27) 33 (23 21) (26 24 19 48) (8 9 4 12 10 45)
48: (25 35) (14 41 10 26 36) 11 29 22 50 (18 4 33) 7 20 (46 32 5) 23 (13 28) (43 24 48 38 3) 37 (45 9 34) (47 12 2) (42 49)
49: 22 18 17 (29 5 16) 26 (24 7 2) 4 (28 23 10) 27 (38 37) (36 42) (49 12 40) (19 3) (35 25 43 6 33)
50: 16 26 (25 27 3 11 34 1) (15 21 47 2) 19 35 48 (18 41 39 31 5) (28 49 30)
1: (47 15 32) (40 16) 33 (38 37 41 7) (46 9) 28 (17 25 36) (29 23) (10 44) 19 (50 21)
2: (28 2) 18 (21 17) (40 25) 47 (37 15 26) (33 49) 1 (34 38 7 39 36) (48 41 46) 35 23 (50 31)
3: 21 (31 26) 37 (28 23) (41 40 6 20 1) (11 50 4 34 49 33) (38 32 7 2) (48 39)
4: (40 37 2 36 47 46) 17 5 41 (23 33 21 35) (48 39) 38 28 49 (6 31 15)
5: 39 10 34 (41 21) (3 48) 33 (32 23) 50 (9 31 36) (1 15 40) 5 (35 7 49 38) (37 28 17) 22
6: 41 (31 47 23 38 42 39) 21 (22 20 1) (15 37 33 46 5) (49 6 28 10 12) (7 3 27 40) 43
7: 23 10 (33 13) (48 36) (14 49 28 15) (31 38 25 34) 20 (21 43 47) (4 16 37 39) 35 (9 46)
8: 42 (22 41) (36 33 9 46 34 37 39 28 7 47) (20 27 21 38 1 31 23 5) 10 (17 40)
9: (20 19 46) (32 17 22) 7 40 35 (47 41) 1 31 (23 15 38) 44 8 (25 37 48 43 33 21 39)
10: 23 (33 13 32 40 16 46) (21 28 17 34) (38 35) (31 36 47 7 41 25) (49 2 39) (3 48) 22 20
11: (36 24) 7 (25 22 12 4 34 3 37) (39 38 48) 21 46 33 (15 23 32 40 9 50 10) 31
12: (48 22) 47 46 (23 11) (28 31 49) 17 (40 21) (38 33 10 27) (4 36) 24 (3 15) 20 34
13: (20 33 34) (39 38) 26 40 (7 37 48) (23 32 46 1 31 44) (6 3 36 30 11 9) (27 21) 15 (41 22) 10
14: (38 41) (2 21) (35 19 46 33 40) (39 25 34) (30 36 23 22) 48 47 31 17 (24 7 10 3 20) 5 26 (44 28) 13
15: 17 11 (34 50 7 15) 25 28 (31 36 2) (41 13 37 33) (26 43) 46 (47 10 38) (21 40) 22 (20 3) 39
16: (35 25) (21 23 37 13 17 1 33) (7 15 43 39) (36 40) 46 (29 5 38 9 50 31) 27 49 6
17: (31 37 21) 32 42 (17 39 7 20 22 33 36 49 46 23) (35 19 3) (1 13) 25 38 41 (9 40)
18: 13 (40 15 43 50 47 9 33 37) 17 (23 36 7) (11 48 49 14) 22 (21 27 31 38)
19: 23 47 17 (50 38 20 46) 21 14 (36 6 1 33) 37 (31 49 22 41) 9 13 (26 40 15) (4 34)
20: (25 17 33) (37 22) (39 21 26) 40 (34 48) (38 12 47 46 36) (19 31)
21: 23 (11 37 31) 17 (7 9) (3 40) (38 36 41 50 13) (2 28) (21 4 47 39 5 46)
22: 21 (32 46 36 3 9 4) 31 (10 48) 23 40 (15 28 34) 38 (49 44) (41 33)
23: 36 9 48 39 (29 8 33 35) 23 (46 1 34 12 7 13) 47 26 (31 37 40 21 28) (38 49 20 25) 17
24: 1 31 38 40 17 46 (49 7) (19 47) (15 37) 9 (4 36) 21 (2 23) 41 (10 22 3 48 32)
25: (8 33 49 46 17 13 24 31 3 10) 1 (39 4 42) 9 (40 32) (50 22) (48 28) (7 21 20) (5 47) (23 38) (2 36)
26: 38 49 (39 50 7 21 31 22) 33 34 36 (4 17 23 48 3) 1 (46 15) 47 32 10 (13 30 43 24) 40
27: 31 39 28 (33 30) (49 21) (17 47) (22 2 15 38 11) 40 7 (5 23 12 13 36 50 34 24 25 32 37 27 14)
28: (23 31 38 50) (5 36) (17 20) (1 48 14 34 40) 49 (39 41) (7 26 3 46 37 33) (21 9) 22
29: (10 28) (17 31) 48 9 (40 41 24 7 2) 29 36 34 (46 5 38 33 37 35 21 15) 23 (44 3 49)
30: 22 (12 36) 33 1 (38 3) 50 19 7 23 (40 37 21 31) (15 47) 39 (34 4 35) (41 24 5) 42
31: (47 25 38 50) (15 3 39) (28 23 35) (7 9 43) 33 27 (21 40 20) (36 31 5 10)
32: 45 2 (19 11 9) (25 39 13 41) 5 31 (36 14 21) (33 22 37 7) 43 48 (47 38 32 16 23) (40 46) 4 28
33: (48 35) 15 (25 21 40 47 10) 41 49 31 (32 14 36) 7 (24 28) 46 34 (38 37 23) 3 4 39
34: (31 36) (3 21) 7 9 (12 22) (17 10 20 33 48 28 39) (23 32 26 42) 38 (46 50) (11 41) (27 37) (15 35 40)
35: (41 20 21 27 23 37 50 3) 47 (48 49 34 36 15 10) 35 (39 33 9 11 24) 38 (4 30) 46 (6 17 2 7)
36: 36 31 (9 49 38) 23 (39 34 20) (24 7 1 21 40) (33 48 37 4 5) 17 41 46 35 (15 32 14)
37: (26 11) 14 (24 8 23) 7 (48 29 35) 36 (9 31 38) (34 39 22 20) (46 17) (6 49) 43 (21 33 40)
38: (38 17) (39 4 49) (9 36) (46 31) (13 10 23) (11 25) 1 (33 7) (41 43 15 21) (48 12)
39: 21 9 (38 32 17 23) (36 2) 15 7 (46 4 50 37 40) 5 (42 30 39 33 31) 10
40: 39 (7 40) (2 6 9) 34 (46 38 43 31) 36 (17 26) 33 (21 49 15 3 23 10 28 41 4 22)
41: (1 7) (13 15 34) 31 (10 9 38 50) (28 21 46 22) (25 3 33 40 48 23 17)
42: (41 28 37 21) 10 (31 34 8 33) 3 39 (20 11 46) 35 17 (47 48 1) (36 38 25) (19 40 49) 23
43: (15 28 9 26 23) 47 21 (19 48) (38 3) (17 40 37 1 33 36 46) (7 34 49 39) (24 20 31 41)
44: (40 33) 47 (28 46) 25 41 (38 5) (15 23) 39 (7 36) (31 37) (4 26) (35 10) 21
45: (10 3 30 33 35) 20 (9 17 37 21 22 38 48 32) (36 42) (46 23) (39 40 24 7 43) 47
46: (46 48 31 4 17) (23 33) 37 (15 38 3 25 47) 9 (40 24 36 21 8) 39 (22 26)
47: 40 (9 21 7 38 4 36 28) 48 (22 50 43) 23 (47 17 3 35) (25 46 31) (37 33)
48: (9 20 15 7 1) 3 (41 13 46) (32 21 37 31) 6 (22 50) (5 35) 47 38 (42 17 40) (23 24 48 33)
49: (5 22 24 15 6 46 35 12 40) 4 (49 36 7) (37 13 41 33) (20 31 23 38 10 21 48 17 50)
50: 41 (7 4) (46 25) (10 35 32) (23 47 15 43 1) (27 31) 33 (9 40 21 37) 24 (38 36) 28 17 34 (48 39) 12
