50 50
1: 43 (10 32 37 42 2) (30 7 17 39) 1 14 (31 38 3) (19 49) 25 (41 36) (4 6) 20 23 34 22 5 18 (40 9 29 11 21) 28 33 (47 16 48) 12 13 24 15 45 (8 46 27 50) 44
2: (50 43 29)
3: (7 45 35 32) (6 8 4 42 25 27 40 11 24 26 49 18 41) 48 (34 2 10) 20 (13 33)
4: 24 (4 22) (11 46 38) 41 (7 29)
5: 17 (48 34 10 31) (35 44) 3 45 29 (37 5) (47 38 21) (23 4 26)
6: (1 22) (38 21) (30 16) 35
7: 21 (2 3 6) 28 (9 43) (14 10 24 13 34 32 23) 45 36 4 27 49 25
8: 1 (46 39 15 41 21) (2 5 13 12 48)
9: (24 18 37 36) 49 10 (11 8 30 9) (47 21) 1 (38 16 20) (40 25 43 33 44) (4 19 14 26) 31 12 (23 7 32) (34 6 15) 17 28 22 5 42 45 35 (2 27)
10: (49 47 20 16 3) (35 41) (15 6 24 44) (10 50 14 31 40 21) 45
11: 50 22 (7 32 25 40) (45 8) (39 29 23 34 35 43 18 9 6) 47 4 (15 37 5) (28 48) (42 41)
12: 2 7 47 9 (30 22) (37 27 38) (18 34 17) (24 6 39)
13: (21 29 6) (47 18 38) 26 (5 43 33 42 25 19 39) 3 (2 24 4 17) 41 (23 48 49) (12 15) (44 8 40 46 45) (31 11 22 35) (30 20) (36 1) 14 (37 32) 50
14: 2 15 5 42 20 16 (27 11 45) (30 13) (44 31)
15: (35 25) (32 15) (10 19) 40 (4 42 29) 1 (48 50) (7 49) 24 (31 11) (33 18) 26 2 (37 17 47 39) 45
16: 18 (4 14) 9 32 (8 5 50 41) (19 1 24 47 36 46) 15 37 33 20 28 43 (27 6 35) 49 (40 13) (34 3)
17: (50 21) (13 31 47 23 16 30 20) 29 2 (19 33 10 48 4 32 37 35 22) (6 44) (38 11 18 14 41 26) 7 17
18: 48 (3 22 23 7 6 1) (17 37) 20 (43 49) 4 (11 13 46 34 19) (41 50 45 27) 24 (44 33)
19: (3 31)
20: 7 29 3 34 (26 31 21 43 19 1 47) 25 13 (27 16 9 30 40) 6 (2 49 23)
21: (20 23) (11 30 41 2 15 24 8 34) (17 7 16 39) (42 5 37 28 45 19 21) 12 (38 33 6 1) (32 9 49 22) (31 3 43) 25 46 (26 29 27 36 4) 44 48 10 14 35 (18 40)
22: 12 (23 5) (9 40) 15 (32 35 45 3) (39 20 1 38) (13 28 18) (37 36 47) 17 (10 31)
23: 4 13 (48 14) (19 35) 43 32 (12 18) (40 7 21) (15 44 42 5)
24: (37 41 21 12 13) 44 2 (22 14 50) 15
25: 37 4 (25 32) (38 13 34) (10 31 23) (19 36 49 46) (21 41 15 35 39 11) 14 (17 33) (44 7 28 47)
26: 42 (7 12 31 14 41)
27: (5 8 29 37 38 39 25) (47 2 10 26 1 30 50 27)
28: 27 41 (3 20) (25 16 5 24) (32 22 42 21 10 39 1) (40 30)
29: 38 (27 34) 46 (2 7 4 13 22 10 48) 33 (42 5 23)
30: (3 28) 26 (22 27 17 19 1) (32 2 8) (42 34) (15 48 35 45) 23 (9 21 41) (24 6 18 47)
31: (29 45 4) (30 31 1 36) (42 44) (17 35 26) 32 (50 19) 46 38 6 (10 13) 41 (24 34 33 21) (40 8 3 27 15 49) 28
32: 34 (41 24) 20 (21 32 35 46 49 5 45) (28 15 33 23 13) 25
33: (34 42 37 10) (36 17 44 46) 31 25 (15 32) (43 24) (49 41 11 29) (38 18 47 28) 3 20 5 (2 30) 40 7 21 (39 23 33 4 13 14 8 27 50) (19 35)
34: 41 (2 35 32 46 26 20 15 17) (3 12 16 28 24 27 29 42 31) (40 45) 19 49 (4 10) (50 44 8) (21 36 6) 25 39 (18 34 5 22)
35: 30 44 (26 15 43) (21 22) (33 42 6 4 16 18 50) (27 23 34 17) 12 45 (10 29 8 40 41) 28 (47 1 20)
36: 25 (27 10 17) 34 19 (31 43 2) 30 41 37 (46 35 5 47 45 38 6) (11 15)
37: (20 16) (9 18 10 23 46) (38 45 37) 47 14 11 5 7 3 (33 6) 19
38: (47 8 6) 49 41 (17 25 32) (4 43 42) 5 (3 46 22) (23 24) 29 31 11
39: (5 35 32 43 16 28 23) (45 44) (10 36 25 13 18 30)
40: 49 (2 29 34 35 46 40) 50 (16 23 8) (45 26) (41 9)
41: (9 5 4 14) (6 34) 42 (22 17 7 24 26 47) (11 35 3 37) 48 18 (13 20 32) (40 38 41 33 44 21) (45 10) 49 39 (29 28 36) (30 23)
42: 8 (16 11) (36 19) 15 5 30 (22 40) 33 37 1 26 29 (50 23)
43: (35 29) 34 49 6
44: (12 11) (29 44) (1 37 23 7 6 35 18 13 48) (46 16 28) (50 19 45 10 47 15)
45: 3 (32 49 34) (5 25) (1 36 42 2) 27 28 (23 46) (13 8 31 50 15 48 33 4) 44 26 9 41 (17 47 37) (38 22 7 6 19 24) (21 18 43) (20 12 11) (10 45) (16 39) 14 (35 30 40 29)
46: 38
47: (30 50 10 8 47 48 42) 33 (9 12) (11 46 6 36 4) 34 15 (28 32) (22 14) (40 16) 45 21 5
48: (50 22 27) (13 3) 36 (48 41) (44 11) (14 19 25) 46 30 (20 35 17 47 12 31) (45 8) (21 34) 6 (4 26) 18 38 15 1 39 49 (24 32 40 42) 28
49: (5 49) (39 47 7) 3 (48 21) (36 35 45 30 50 13 12) (16 38 4 40 29 34 1 27) (46 14 44 17 23 42 28 8 11 32) 9
50: 14 24 3 (11 37 28) (19 39 13 4 8 50 30)
1: 18 (16 35 15 31 20 1 30) (27 42 9 21) 8 (49 6 28) 48 (44 45 22 13)
2: 24 33 (14 15) 1 (27 3) (36 9) (17 12 13) 21 (7 45 29 8 20) (40 34 30)
3: 13 50 1 (41 45) (10 16) 21 (7 49 18 19 34) (20 22) (31 28) (30 33 38 37) 48 5
4: (25 5) 34 50 (9 3 38) 35 48 4 1 (11 47 7 21 18) (16 41) (49 15) (45 31 33 23) 13 (29 17)
5: (21 22) (37 28) (9 34 8) (49 45) (14 38 5 36 16 32 33 23) 41 (29 13) (27 11) 1 39 (47 42)
6: 47 9 (17 45 41) (43 34 48) (37 21 18) (36 44 11 16) (12 31) (13 38 35 10 30) 3 (1 7) 20
7: (1 21 25 29 12) (41 45 23) 37 3 15 (33 4 26) (11 18) (17 49 20) 44 9
8: (45 13) (47 21 3) 33 49 (30 35) (40 16 1) (38 42 31 34) (50 11 48) (9 27)
9: (20 7 11 1 37 16 45) 30 41 (21 40 12) (9 47 22 49)
10: 29 (15 35 36 31) (28 25 44 45 34 9) 37 47 (3 7 33) 39 (5 27 41 1 22 21) 17 10
11: (14 36) 50 33 (15 41) (38 44 3 9) 49 (17 21 42) 47 (48 25 45) 13 (4 1 37 18)
12: (48 21) 13 (47 49 44 9 26 1 8 34) (45 24 35 22 23)
13: (50 32 17 14 23 22 41 44 8) (49 16) 39 24 3 45 (25 29 7 18 33 20) 31 (1 48)
14: (45 24) (17 21 1 26) (48 9 47) (13 7) 50 (41 10) (33 16 49) 23 (37 25)
15: (21 30) (31 44) (22 24 34 33 1 42 11) 13 (45 47 32 36) (14 48) 23 35 8 (10 9 15 16 25)
16: (14 1 39) (17 44 6 20 9 47 34 28) 45 (42 35) (49 40 37 10) 21
17: 21 (25 18 17) (5 35) (1 12 9 49 33) 38 (31 13 48 41 30 36) (22 15) (34 45)
18: 33 (23 11 12) 13 (15 39) (35 21) (34 45 44) 22 (3 37 30 16 17 1 41 48 9)
19: 42 1 (9 17) (23 20) (34 45) 37 (18 31 25 13) (30 36) 50 (15 44 33) (21 16 48)
20: (14 45 28 16) 32 (17 9 22 1) (48 41 10 33 13 35) (37 18 34 3) 21
21: 32 41 (24 1) (48 7) 20 6 23 17 (35 5) 30 28 (10 33 47) (49 45 9) 25 (8 21 13) (31 34)
22: (38 1) 42 (45 41) 35 (21 29 6 18 4 17) (11 30 47 34 48) (9 12) (28 13 24)
23: (20 39) 44 (30 38 9) (21 41) (37 18 33) (7 1) 11 22 17 32 49 (29 5 45 40) (42 13 35 25)
24: 10 33 (9 15 48) (13 1 45 7 16) (41 21 32) 3 (38 12) (30 4 18) (34 28) (31 50)
25: (1 21 48 20 7 39 34) (13 45) 36 (11 38) 32 (9 3) (27 28 15 33 25)
26: 30 (34 45 48 15 40 42 20) 5 (35 9) (27 41 21) (13 31) 3 17
27: 12 (31 7) 27 (9 29 36 20 14 1 49 30 34 35 45 33) (21 3 48) 28 16 18
28: (33 21 31 35 47 16 49 50 32 11 25 41 45 48 1) 34 (44 22 9 39) (30 7)
29: (13 41) 31 1 27 35 (34 49 38) 4 (44 42 11 5) 17 (40 20 33) 2 21 15 (45 43)
30: (1 28 48) (14 27) 36 (50 20) (9 35 33 31 45 13 49) (42 39 17 12) (6 41 21 47)
31: 34 21 (36 13 20 26 31 17 9) (22 48 10 1) 5 (33 15) (19 45) 14 25 38
32: 11 39 (48 38 47 49) 21 23 (17 3 28) (45 1 9) (34 13 31 25 32 41 22 33) (15 16 30 7)
33: (31 41 9) (15 37 29) 17 (33 45 16) 42 (35 32 13) 18 (21 3 47 25) 1
34: (18 45 1 5 11) (12 47 3 9) (16 25) (43 48 20 31) (49 32) 30 21 (35 34) (41 36) (29 40 7) 33
35: (16 25) (22 31 32 11 10) 33 (45 36 40) (15 21) (34 43 30 23 13 5 41) 39 49 (3 6) (9 17) (44 48)
36: 16 (45 48 31 22 7 34) (49 21) (25 42 47 41 39 13 33 1 9)
37: (42 25 12 41) (44 22) (21 17) 15 16 (50 45 24 33) (37 13 5) (1 18 11) (27 9) 36
38: 45 (37 36 48 27) (29 13) (21 12 46 41 31 1) (49 17) (9 25) 33 5 (4 6 22)
39: (13 11) 50 25 45 28 (21 1 15) 12 (48 33) (22 8) 49 (41 27 34)
40: (48 3) (40 49) (23 16 34 15) (21 28 33 35 20 13 10) (41 42) (9 22) (11 45 1 31 47)
41: (11 45) (13 32 48) (10 1 28 17) 4 26 31 (16 8 36) 35 41 (25 34 21 18 24 40 3 30) (33 38)
42: (49 34 11) 33 21 (23 1) (28 35 41) (9 15) (13 48) (29 31 38) (45 3) (14 26 30 47)
43: 35 23 (7 18) (9 2) (33 20) 45 (13 11 36 1) (38 16) 39 21
44: (18 10) 23 33 (49 48 31 13 1 9) (25 17 41) (21 5 14) 45 39 35 24 (44 34)
45: 37 48 (15 22) (14 36 34 31 9 49) (47 39 1 35 10) (44 45 21) 11 7 (40 41 5 30) (13 3) 18 32
46: 44 (45 29) 18 (32 8 4 33) 34 31 (16 49) (1 13 47) (48 25) (38 21 40) 37 36
47: 37 (25 11) (22 47) 33 (16 13 5 27) (38 36 45 44) (20 1) (17 15) (35 49) (41 30 9) (10 48) 12
48: (1 17 3) (41 29 15) (47 13 8 5 18) (48 11) (30 21) (49 45 23) 44
49: (16 31) 21 (43 13 3 15) (18 25 40 32) (10 48) (34 49) (7 33) (45 1 38) 41 (9 20)
50: (11 15 45) 40 (47 44) 34 35 (13 31) 50 33 49 10 48 27 (1 18) (17 24) (2 16 42)
