50 50
1: 5 19 (21 20 44) 24 (46 45) 22 10 14 17
2: (43 29 14) (42 39 30 35 5 48 26) 38 25 (9 6 32 49 27 46) (28 33) (36 20) 16 (15 40 3 50) (12 8 21 31) (37 13 47 10 7) (41 4 11) (1 22) 34
3: (12 18) (14 4 13 23) (48 50) 38 (19 44 30) (31 45 9) (1 21) (41 49 33 20) (29 2) 16 (32 10 3 35) (7 34) 26 22 8 28 5 (25 17 37 46 42) 6 47 (27 40) 43
4: (36 25 32) (24 42 47 15 28 49 50) (11 27 18) 45 (13 22 21 30 19 3 14 7 5) (35 40) 26
5: (23 8 31 35 50) (38 49 21) 28 17 (9 2 48 41) 20 (42 44 14 27) 4 37 (16 22 24 6) 47 13 (10 3 36 29) 30 33 (45 43) (1 12 19 34) 40 25 18
6: (17 31) (32 1 43) (19 8) (27 11) (33 15) 44
7: (21 6)
8: (1 19 6 12 18 2 42) (36 38 26 27 20) 29 48
9: (1 45) (7 30 22) (6 3) (40 18 43 11 34 32 9 21) (31 13 42) (14 29)
10: 8 (13 31 16 38) (24 7 48 29) (5 32) (47 33 40 14 27) (9 11 39) (1 42 35)
11: 50 34 (4 37 45) 15 (42 5 35 32 27 10 38 31 12)
12: (37 16 10 4) 6 30 (25 28 18 36) 17 (5 41) (3 35 32 49 14 44 19 31 15) 50 (39 7) 38 (1 46) (43 33) (24 8) 29 (48 22 34 47 40) (2 11 26 20) (9 13)
13: (49 1) (9 23 32 43 41 11 33)
14: (7 49 8) 18 2 23 (20 42 16) (25 48) 35 (37 10) (32 15 19 46 41 5) (17 1 29 6) (11 39 21) (30 14) 34 22 (44 43 40) 45 (24 4 13) (47 9)
15: 3 24 27 (48 39) (34 47 43 36 17) 30 (19 7) (6 15 11) 44 40 2 35 33 49 8 37 (21 18) 4 (12 26) 10 (28 16 29) (13 5) (20 50) 25
16: (21 31 38) (12 11 37 26 41) 45 (23 39 33 42 4) (14 44) (20 24 50) 15 34 (7 10 30 16 17) (48 18 6) 13 (46 35 1) (29 8 9 36 3) 28 (2 47 49)
17: (41 33) (43 27) 8 42 (19 6 31) 16 (50 17) (13 28 1 45 5 24 46) (36 11 20 37 34) (23 3) (9 22) (26 30) (21 25)
18: (31 1) (13 39) 7 23 (45 36 27 49 44) (30 26 19 35 2) (3 11) (10 47) 43 (34 28)
19: 2 30 (9 40 1 47 20 11) (33 22 34 38) (17 6 15 32) (10 49 3 14 46 43 7 8 41 23 16 35 4) 12 (29 27 18) (37 28) (25 5) (42 19 44 48 24) 21
20: (7 43 6 19) 11 (9 36 38 40 46) (26 48 22 45) 17 12 18 (35 4 29 24) (16 21) 3 42
21: 8 28 23 40 (46 24 49) 13 (21 17 18) (15 4 43 27 39 16 31) 6 2 33
22: (8 20) 9 44 (39 31 49 42) (29 32 23 10) (36 48 3) 30 (6 5) (37 34 28 41 46) (7 18 43 26) (14 2 45 38)
23: (33 3) 14 17 (44 23) 22 (24 25 46 41) 37 4 (1 2 31 26 36) (49 15) (27 6) 8 42 32 (10 43 30) (34 39)
24: 18 34 (37 22) (36 2) 25 (4 46 21) 30 (40 48) (9 3 26) (29 11 13) 27 (15 6) 8 (45 16 7)
25: (47 5) (21 27) 40 (36 17) 25 (42 38) (28 2 44 14) 31 6 (33 15) (1 45) 23 (9 13) (18 39 11 34) (20 12 35 30 4) 49 (10 43 37) (3 41 50 48 24) (8 16 46) 26
26: (14 11) 49 35
27: 3 (45 31 21 6 39) 30 28 18 (48 14 50) 37 27 25 (5 41 9) 4 40 47 12 8 (7 1 23) 10 2 (19 15 13) (16 42 32) 20 (44 24 38)
28: (46 39) (12 2 32 30) 17 (26 37 7 28 29 22) 6 (10 20 3 14 4) (42 40 18 45 44) (23 13 50) (47 8) (38 5) (27 25 31 33 41 9 15 19)
29: 19 (18 49) (2 7 33 35 26) 37 (45 41 31) (34 39) (15 50 40) (47 8)
30: (41 26) (48 6 44) 38 (4 49 15 21 2) (17 16 29) (31 3) 19 (46 30 25 40 9) 14 10 35 7 (8 1 37) (36 13 43) (50 23 33 27)
31: (37 40 16 19) 22 49 42 (45 36 48 25) (11 5 1) (30 6 24) 4 (47 28) 13 (26 12) (38 35 17) (8 9 44)
32: (8 28 11 47) 36 (30 25 17 19 38 43) (35 6) (44 10) 48 (23 34) 2 (42 45) 46 7 (40 3 26 18 20 41 22 1 9 5 24) (15 29 37 13 31 27 32 49 4)
33: 27 (6 18) (49 38) (34 39 35) 45 (26 3 24 33 29 11 44) 32
34: 25 20 9 22 26 (5 38) 35 (44 34) 24 (13 27) (29 43 12 47 16 2) (10 37)
35: (39 47) 16 (15 23 45) (26 4 38 27 7 44) (25 41) (5 49 3) (30 14 34) (29 6) 35 (9 36) (48 17 11 22 24 8) (31 40 46 1 13) 50 (10 2 20 28)
36: (7 44 6 8) 41 (32 31 48 28) 42
37: (19 4 23) (37 38) (43 27 44) (32 33 34 9) 16 42 (20 45 24 13) (29 50) (14 40 22 6 39) 36 1 (18 28 10 46 21) 26 31 35 8 (25 41 7 17) (48 2) (47 3) (49 12) (5 11) 15 30
38: 14 (10 28 27) 2 (25 16) (38 19 47) (41 26 46 8 43 24 33 30 4 31 48) 21 (39 49) (20 32 37) (45 1 5) (36 13)
39: 30 45 (38 27) 8 20 (1 21 19) 35 6 48 (26 25 12) (18 31) (49 50 5 36) (2 46) (15 43 28 11 16) 7
40: (45 16 20 4 22 27) 10 (42 49) (12 50) 23 (24 39 44) (2 35) (6 13 3) 15 (46 32 36 14 17 29 43 30) (1 19 40 26 33 7) (47 48 37 38) 34
41: (48 41 30 27 33 22) 24 1 42 (40 26) (36 20 9 2 29) 10 (17 39 49 14)
42: 46 (29 12) 11 (44 49 45) (36 34 14) 39 (18 43 31) 42 50 (2 33 32 20 4 15 19 25) 30 (47 17 35 40)
43: (25 40 14) (36 31 27 12) (18 21 48) (4 2 38 3 50 22) 20 5 9 (8 24) (10 39 42)
44: 3 (12 16)
45: 17 18 (16 50) (37 20) (46 29 31 27)
46: (18 43 41) (6 38) (23 31) 25 20 19
47: 6 (25 10 17 38 19) (11 20)
48: 45 (40 39) (11 20 29) (5 27 26 50) (23 24 49 18) 34 3 (42 43 16 2) 6 (25 8) (21 33) (48 46) (17 19 9 32 38) (7 10 47) 15 (36 1) (31 4 41 35 12 22) 14 37 (28 44) 30
49: (33 15 7 25 5 27 41) (45 17) 36 (18 34) 20 (13 1 37 3) 8 28 (21 24 50) 42 (2 9 22 30 47 39) 44 32 (29 6 35 23 48) 43 31
50: 31 2 (1 8) (27 24) (37 25 41) 10 (34 50) (30 17) (12 42) (43 48) 6 (14 20 9 47) (28 49 18 39) (40 21 13) (16 35 19 22) (5 32 11)
1: (17 23 41) 40 27 (12 10) (39 25 50) (16 6 49 37 18 48) (38 35 2 13 14 31 8) 30 32 (3 9 5 19)
2: 32 5 43 25 50 28 (48 8 34) (14 30) 24 19 (37 42 15 38) (12 27) (40 21 41 23) (22 16) 18 29 (49 35 39) 3
3: (35 27 33) 32 (2 18) (19 4) (9 37) (30 12 15) (40 43) (17 24 3 44) 22 (48 25 49) 23 (28 16 20) 5
4: 37 12 (30 27) (31 35) (24 14) (2 32) (25 19 43) 28 23 11 (15 20 48 38 42 40 16 3) (21 5)
5: (39 49 19 38) 12 1 (37 35) (50 10 14 15 17 43 32) (11 22 28 3 4 48) (27 31 25 2 34)
6: (15 7) (3 35 22) (39 47 27 25 48) (46 40) (33 2) 30 (9 12 32) (20 37) (36 8) (14 50) 23 17 49 24 19 31 (16 5) (21 28)
7: 15 32 (16 22) 36 (27 10 3 24 4 28) 2 (29 9 37) (30 14) (20 49) 48 (19 18) 12 39 (40 35)
8: (30 3) (19 36 12) 24 (16 25) (5 28) (15 29) (23 38 49) (10 21 37) 32 (48 14 31 43) 39 (27 35 22 50 2 6) 17
9: (28 35 32 48 49 30 2 3 13 14) 34 (37 43) (9 41) (31 17) (25 16 27 22 5 12 24) 19 (10 50) 20
10: 11 (43 35) (25 50 28 32 15 22 19) (18 5 40) (3 1) (23 27 38) 2 (41 12 37 48) (47 16 14 30) 34
11: 16 (25 50 4) 47 15 24 (20 12 32) (2 9 39) 37 19 (26 33) (48 14) (42 31) 17 (35 6) (13 18 10)
12: 43 (16 28 2) 20 5 (44 34) (15 3 31 27) (50 25) 8 39 (40 37 19) (42 11) 48
13: 49 (32 14 38 9) 21 35 (10 25 3 16 18 37) 15 2 17 (28 40) 34 (50 5) (30 12 24 27 31) 4
14: 41 3 (5 1 27) 42 (2 4 16) 9 48 (50 14) 38 (28 19 26) 22 10 (12 25 40 35 43 30 23 37)
15: (11 40) (42 30) (15 23 21 37) 25 (39 2) (49 6 32 14 28) 4 (12 24 35 48 16) (29 19 27)
16: 40 (20 44 30 2 39 5 16 3 15 25 34 38 48 50 10 45 12 19 14 21 31) 27 35 37 (17 24)
17: (14 1) 50 37 (5 12) (28 30) 41 21 (32 20) (6 25 16 42 35) 17 (3 49) (47 19 15) 31 (45 40 48) 23
18: 21 42 (3 43 48 29 4) (27 15) (9 12 14) 24 (33 8) (39 32 22) 45 19 49 50 46 (16 28) 25 (20 5 37)
19: (37 32 30 48 18) (42 6) (12 1 47 4) 39 (15 8 46) (5 31 19) 3 14 17 38 20 (29 27) (28 50 40)
20: 40 (47 34 19 50 32 49) 38 17 45 1 46 (43 28) 2 (39 5) (41 14) 48 (22 25 42 3 12) (15 37) (8 16 27) 35
21: 20 30 (25 21) 50 43 9 17 7 (2 3 19) 14 49 48 (38 39) (37 15) 1 (24 5 4) 27 16
22: (24 31 35) (43 2) 9 (4 28) (1 19 34 3) 23 (14 48 12) 5 (41 17) (50 40) (32 49 37) 20
23: 21 (25 16 5 14) (28 23 27 22) 48 (32 35) 3 19 (46 40) (30 17 49 37) (13 18)
24: 27 (41 40 4 38 49 35 37) 48 (1 25 43) 14 10 (5 20) 12 (21 50 31) 23 19 (15 17 34) (16 32) 33
25: (3 50 14) 19 (34 30) (42 12 24 32) (15 17) 2 43 (39 5 48) (31 23 46) 35 4 (37 38) (27 47 28) 25 49
26: (30 40 35) 31 34 (2 18 4 17 37) (28 25) (22 33 23) (24 15 12 32 16 20 41 8) (48 29 3 39) 38
27: (8 19 4) (35 24) (17 2 45 37 25) (48 38 43) (33 39 34) (18 3) 23 15 27 (10 50 32 49 41 5 6) (11 21 30 40) 28
28: (36 48 31) 49 (22 12 25 19 35 4) 5 28 50 (32 21 27 16 18) 3 17 (2 37) (38 39 15)
29: (34 49 22) (8 19) (48 24) (32 16 37) (35 42 12) 3 14 (10 15 40 2) (20 33) (45 5) 41 (9 28 30)
30: 19 30 (48 4) 3 (50 38) (42 40) (14 28 39) (15 49) (16 18 35 12 41) (2 5 25 27 32 23 22) (17 37 31) (24 9)
31: 6 (9 30 37) (22 10) (27 32) (12 42) (25 46 21 49) (36 17 35 16) 28 50 39 18 (11 23 3) 2 38 (43 45) 5 (48 29)
32: 40 (33 14 37) (3 19) 23 (49 10 2) 12 (27 42 38 22 36 32 13 6) 4 (50 28) (9 48 11)
33: (37 40 49 12 48) 33 17 (41 21 2) (25 28) 15 (16 5 6) (19 13 42) (10 23 30 3 38) 29
34: (15 9 24 48) (40 37 50 23 3 17 14 49 5) (19 29 35) 22 (34 33) (25 16) (11 12 18) (42 32) 2
35: (19 11) (35 32) 18 (39 4 12) (33 49) (2 26 50 48 42) 14 10 31 5 (30 34 3 15) (29 40) 25 (20 16 37)
36: (4 17 41 49 43) (22 24 32) 39 23 (40 15 31) (30 2 5 25 42 35 12) (37 20 16 38) 48 18 8
37: (34 50) (45 28) 3 32 40 (11 37 31 16 29) (23 48 25 14) (22 49 17) 27 30 (15 24 19 12 2) 38 5
38: 37 (34 2 25) (28 12 39 32 38) (22 8) 16 (40 10) (35 30 46) 48 19 (3 33 31 27) 43 11 (5 47 20)
39: 29 (40 10) 25 12 (37 48 16 41 28 21) 50 27 14 23 35 (38 49 15) (18 22 43 42) (33 2)
40: (10 20 5) 21 50 (12 27 29) 2 3 (48 30 4) (15 32 9 40 37) 42 (28 43) 14 25 31 19 (24 41 35)
41: (17 28 5 32 37) 22 (19 35 50 23) 48 38 14 49 30 (27 25 29) 41 (3 16 12 36 2) 46 13
42: (31 2) (25 4 37 23) 27 48 (20 40 8 43 17) 42 10 (36 14 11 5) 28 (41 22 16 50 32 49 19 3 9)
43: 20 (32 30) 49 (50 12 25 2 18) (5 17) 15 (14 6 19) 9 23 (39 13 42 38) 34 (3 37) (48 21) (22 46 40)
44: (48 12) 37 (30 25 42 49 19 28 1 34) (27 31 23 16 14 35 36 33 6) (32 18 3) 5 (22 40 15)
45: (1 49) 18 (40 4 33) 11 5 42 (3 28 24) (27 35 22) (32 38 48) (9 16 17 29 20 25 31) (39 37) 14
46: (48 24) 2 17 16 (23 19 40 21 14 35 32 30) 1 42 (38 39 25) (3 22 28 45 12) 20 37
47: (19 50 10) (4 42) (35 16) (15 5 14) 32 31 (3 25 40 12 27 48) 29 (2 18 38) (28 34) (49 37)
48: 32 (12 50) 43 (8 3) 24 (41 2 49 31) 48 (15 27) 35 (10 19 37 16 5) (38 25) (22 14 39) (30 20 40 36)
49: 40 26 (13 41) 18 (4 15 22 5 23 33) 2 (14 29 25 16 37 42) (12 19 35) (48 3) (39 50 21 32) (38 30 31)
50: (5 3 15) (42 49 28 27 11) (43 29) 16 (25 45 40 39) (12 30) (4 48 50) (17 35) (37 2)
