50 50
1: (40 21 36 14 32) (34 22 15 46) 26 (2 41 27 38 18) (42 13 45 20 29) (48 4 16 30 33) 9 12 (6 3 44) (31 1 8) 7 (43 37 28) (25 5 19) (49 35 24 23)
2: 9 (16 29) 38 (46 12 27) (28 19 48 36 23)
3: (30 7 31 8) (23 44 16 18 49) 48 28 (36 13 46 5) (45 34) (35 3 41 1) (38 14) (12 9 26) (17 27 32) (47 20) (4 21 33) (6 2 40 22) (39 25 19) (24 29)
4: (45 1 50) (15 11) 4 25 (36 9 34 29) 49 (48 7 16 18 38) (10 8) 26 (31 33 6 3 22 5) 23 (46 30) (17 44) (43 37 28 20) 12 39 (42 41 2 14) (24 32)
5: (14 17 49 35) (42 7 29) 10 (39 50) 21 12 (4 2 34 43 32 41 25 24) (44 13)
6: (47 22) 15 (35 44 33) (43 18) (20 31) (27 37 45) (23 25 13) 49
7: 33 32 15 26 (6 21 17) (39 27) 48 (1 9) 36 40 3 (29 38 45 44) (8 5 43 2 4)
8: 11 (41 26 27 48) (35 12 44) 18 (7 1 13 37 20 36 33) (3 50 2) (28 8 22) (24 39) (31 15) 23 (9 16) (19 10 46 5 14 40 6) 4
9: (2 24 42 47) (40 35) 4 (27 23 13 41 3 7 37) (29 15 44) (21 16 28) 43 (32 6 14 22 26) 30 11 (10 12)
10: (4 50 27) (30 45) 12 6 1 (48 23 14 43) 28
11: 42 41 (20 39 1 17 50) (27 7 44 22) 11 (19 40 15 3 24 34 29) 33 (13 12) (25 9 35) 2 (8 47 36)
12: (49 11 33 17) 34 (16 43) (24 38) (9 41) (10 36) (46 4) (7 23) (40 35)
13: (29 8) (15 37) (50 17 26 33 2 42 27 6 21 46) (23 34 38) (24 35 22 30 49 41 43 11 9 16 5) 1 44 4 28 40
14: (39 40 2 16 1 43) 42 11 (25 18 37) (41 33) (15 22) (4 27 5) (31 29 47 28) 46 (35 8)
15: 49 (15 22 35) (23 28) (40 29) (47 11 27)
16: 39 8 (26 41 23) (45 47 13 17) (44 4) (38 11) 30 (31 3 27 42 12) 32 40 37 (7 36 35 14 6) (24 49 2) 16 (33 29 43 46) 20 (10 25 48) (15 9)
17: 22 (39 50) (43 19 8) 31 11 (5 23 37 1 29) (42 35 14) (17 21) (45 44 30 9 10 40) (15 28 26 3 34) 16 24 (41 20) (6 12) 7 47
18: 15 (20 3 23 2 29) (37 24 43) 39 (38 14 25 48) (1 45 36) (21 44) (7 17 42) (13 8) 50 (6 41 18) (30 12 32 26 19 27 4) 35 22 (31 10) (33 11 5) 40 (47 9) (46 34) 16 28
19: 24 (15 41 34 5 46 43 3) (29 2) 47 (14 49 30) 16 (35 48) 19 6 (44 39 50 20 25) 12 (33 31 8 9 4 42 10 22 40 36 23) 11 (13 21) 37 (17 38)
20: (47 24 36 37 39 31 42) (28 19 10) 44
21: 50 (19 21 28) 11 36 48 (1 16) (17 6 13 43 31) (44 35 37) 9 41 12 (25 26 20) 46 (49 30 47 14 38) 22 (33 45)
22: 47
23: 41 (25 3 44) (28 4)
24: (29 1 42) (18 24 35 10) (14 50) 31 (48 46) (2 49) 38 44 (23 26 45 12 15 3 6 19) (40 43 7 25) 41 32 8 27 (11 39) 28 4 (5 37)
25: (44 27 5 26) 48 36 4 (6 21) 18 (42 32 39 38) 17 31 1 19
26: 23 (12 48) 35 (28 21) (18 8) (29 36) (25 3 9) 10 (4 20 6 39 16) (15 38 7 14 13 31) 37 (50 47 32 24 30 1 34) (5 22 40) 42 (33 17 19 2) (41 49 44) (11 46 27 45) (26 43)
27: 28 (6 16) 43 (1 2 42 37 36 8 25 44) (35 34 46) 12 (9 38 45 41 24 21) 10 (27 11 20) 50 15 (3 47 22 40 30 33) 26
28: (2 44 12 37 40) 14
29: 36 26 (45 4) 25 (40 20 27 29 33)
30: 42 (17 29 50) 6 (34 8) (22 16 43) 12 (9 3 31 21 47) (7 20 40 28 4 32 46) 15 (18 14 45) (23 37 24 49 2)
31: 25 (2 13 22 35 45 6 8 14) (18 16) (7 27) (17 41 24 21 37 12 20) 46 28 (31 10 19) (32 39) 34 5
32: (28 47 26) (13 45) (50 10) (44 33) (46 35) (3 39 24) (30 48) 42
33: (45 34 42) (38 17 21 43) (20 4) (11 10 47 19 37 33) 40 (48 14 6) 1 (2 15 12 9 32 16 25 18 39) 46 (8 26) 13 27 (41 24 30 49 36) 22 31
34: 15 (46 18 38 9 44) 8 (45 48 11) (6 40 24) (31 12 33) (35 10) (17 30) 42 (39 1 13 21)
35: 49 (27 12 13 29 19) (9 39 32) (11 25 31) (50 24) 43 (37 5) 35 26 18 14 (34 36 15 4) (22 7 47 40)
36: 45 (46 48 24 39) 37 (17 16 21 50 10) (11 43) (15 19) (18 4 33 41) (40 47) 49
37: (44 26 50)
38: 48 47 (26 10 20 38 3) (36 46 9 30) (7 6 23) 27 41 (4 28 1 13) (8 49 40 2 32 25) 29 43 (5 39) (14 24) (12 18) 31 22 (45 50 11 42) (35 17 19 16 34 21 44)
39: (23 47 36) 14
40: 2 (36 46) (22 41 28 13 6 12 31 10)
41: (27 28) 7 23 10 (33 44 41) 42 36 (50 13)
42: 24 13 (42 27 15) (37 48) (44 26 46 47 7)
43: 25 (15 20) 30 1 10 14 34 17 (13 43) 36 23 31 45 3 (47 5) (33 6) 41 35 (28 11 46 9) 50 (8 40 2 32 44 26) (19 39) (12 38) (42 22 37 49)
44: 20 37 17 28 1 43 31 39 (47 18) 32 (14 44) (42 35) 6 (46 3 25 7 12 30) (50 26 27 33 2 36) 10 11 (48 21) 4 (13 34) 19 (5 16)
45: 33 20 (6 39 32 49 19) 4 (21 5) 11 (38 34) 9 (14 36) (16 29 37) 27 (13 2 8 22) (3 44 43)
46: 15 (48 22 27) 12 1
47: 48 20 (31 32 45 23 37) (27 19) 24 15 (29 50) (33 21 47 3 16) (4 34 49 13 1 38 7 35)
48: 38 (5 20 29) 49 (11 19 39) 35 (4 18 46 1 48 2) 41 (13 28 30) (14 27 26) (7 16) (36 50 40 9) (37 8 12 33 6 10) (25 44) (47 31 15 22 45) 43 (24 23 42 32)
49: (9 17) 22 (27 13 47 31) (20 46 3) 39 (44 36) (10 6 1 38 50 5 48) (19 21 43 12 29) 26 11
50: (15 37 35 14 18) 36 44 (49 43 11) (13 45) 30
1: 4 (38 26 17 46) 11 (18 21) 44 (3 48 24 25) (7 49 33) (27 14 47 10 34) 8 13 (1 43)
2: (14 44 26) 33 (31 11 4 43 38) 28 7 (9 30 48 18 1 27) 8 3 5 (24 40 16 13 45 19)
3: (49 30) (17 45) (43 26 32) 11 16 (44 38 3) (7 1 23) 18 19 (8 9 24 47) (4 27)
4: 18 (36 4) (7 45) (38 30) 10 47 (29 9) 35 (12 26 44) 33 (1 25) 19 16 (23 8) (24 48) (14 3 5 13)
5: (19 18 35) (43 26 24 45 48 1) 7 (3 4) 17 14 49 44 25 (38 13 31) 8
6: 45 9 (3 30 24 27 43 25 19) 26 18 (13 1) 21 (40 33) (10 8 17) 48 (4 38 31 34) 44 (7 49 16)
7: (3 26 44) (41 17) (38 48 12 16) (47 31 18 42 11 5 8) 35 (30 24) 9 1 4
8: (7 11 3) (16 43) (48 38 17 34 14 18 8) (24 31 33 13 45) 4 1 (27 19) 26 30
9: (2 48 11) 21 (33 3 12) (4 49) (13 27 17 45) (43 8 30 34 19 1 7) (26 38) (16 18) 35
10: 49 (40 31 12 24 41 38 20 48) (33 36) 43 (34 8 32 4) 18 (26 17 19) (27 5 44 16) 9
11: (17 11 26) (36 27) (33 13) 43 18 (15 45) (8 12 16 38 48 34) (21 9 49 24 4) 19 (35 50 44 14)
12: (24 38 49 30 8 9 44 31 43) (5 11) 18 (46 33) 34 21 (16 1 40 17 28 48 10 19 35 27) 4 (2 3 26)
13: 40 (32 43) 26 16 38 (48 47 49 5 44) (19 34) (50 8) (33 11 42) 18 (31 45) (21 9) 35 3 41 (1 6)
14: (1 30 31) (44 50 39 26 28 24 19 35 17 21 3 33) (45 5 48 10) (9 8 38 43) (16 4) 18
15: (26 46 47) 19 (24 35) (17 36 18 4) (15 43 27 33) (9 14 16 7 48 6 50 30) (11 34 42 13 8 1)
16: (27 14) (18 21 8 2) (19 16 4 38) (3 36 31) (17 47 9) 26 (45 1 44 13 48) 12 (33 30)
17: (18 3 34 12 36) (26 33 16) (21 43 19 30 31) 7 17 (25 4 38 13 49) (11 44) 5
18: 44 35 (26 14 3) (31 48 6) (34 1 36) (25 38) (4 50) (30 8 24) (33 18)
19: 36 (18 45 17) (25 31) 19 (1 11 38) (2 44 8 3) 20 (49 47) (26 48) (24 33 35 21 43)
20: (26 19 45) 17 18 (4 3) 21 (16 29 27 1 47 31 33 8 43 6) 48 (30 38 44) (49 11)
21: (19 5 34 7) 36 31 (33 13 3) 26 (21 38 9 27) (1 45 30) 44 18 (49 25 47 17)
22: (35 40 8 49 14) (26 3 6 33) 1 (21 9 13) 19 38 30 43 45 (18 4 31 11 27 46 15) 48 17
23: (43 4) 47 (24 2) (26 9) (39 16 3) 15 (1 19) (13 6) (12 41 38) (8 10 48) (30 17 18)
24: (24 5 31) (38 32) (48 13 30 16 19) 4 33 (1 12 11 3 34) (35 20 18) (27 8 42 36) (17 47) (26 9)
25: 4 (38 1 27) (21 35 18 5) (26 23 24 29 16) (48 44) (6 14) (31 11 19) (33 43 3)
26: (16 44) 26 (37 38 42) (49 24) (25 32) (7 21) 27 35 (9 1 17) 4 (33 8 13 29) (43 3 18) 48
27: 13 10 42 (48 16 46 11 26 33 14 29 44) (27 18) (38 41 8) 31 24 35 (9 1 6 7) (15 45 3 49 47 25 2)
28: (8 30) (18 20) (9 27 48 15 3) (38 13) 26 (14 40) (4 31 32 44 2 21) 1 41 (17 43 24) (10 23)
29: 17 (45 26 4 1) 16 11 (19 49 47) (38 24) (48 2 9 18) (35 5) (7 14) 13 (30 3 15) 29
30: (32 1) (43 26 4 16) 44 (48 17 19) (9 27) (38 13 50 18 34) (33 10) (21 3)
31: (20 30 17 24) 1 25 (4 47) (48 14 49) 6 (43 33 8 18) 21 3 (35 16) 19 (26 38 34) 44 (40 31)
32: 33 38 (48 45 18) (25 43 16) (30 26 3) (47 44 1) (5 35 4 24 31) (9 7)
33: (43 8) (18 12 36) 6 (27 34) 21 (45 47) 29 (11 4) (14 7 1 16) (26 44 32 3 41) 48 (13 33 19)
34: (17 45) (4 18) 26 (19 43 13) 47 35 (12 38 11 33 3 30 31) (1 27 44 5)
35: 32 (5 47) 19 (16 38 35 34 14 6 9 31) (27 44 43) (1 21) (18 8 17) (24 11 48 26 15 13) (12 3 50)
36: 40 45 (7 3 43 49) (41 27 8) 25 (11 48 33 38 4) (1 18 16) 20 (50 35 19 44 29 2 21 39 26 12)
37: (1 8) 50 24 31 30 (6 16 47) (14 21) 9 28 13 45 (19 27 42 20 18 43 26) (36 44 35 33 17) (48 4)
38: (43 4 26 49 34 16) 2 18 1 (38 13 33) 27 (47 24) (25 21 12 19) 3 (45 48) 7
39: (7 26 17) (33 20) 24 49 (35 4 11 19 3 48 44) (38 45) 36 (34 18) (31 5) 14 (43 32) (8 16) 25
40: (15 48 12 34 35) 38 13 (3 18 24 8 29 27 1 33 16) (26 14 11 28) (43 17 9 19) 7 (36 30)
41: (21 33) 41 1 (19 31 40 27 5 12 26 43) (9 23 4) 3 (48 13) 14 (11 16 17) (8 24 38 18 36)
42: 43 48 (1 19 13) 27 (44 38) 34 (11 30 20 32) 5 17 33 25 (9 41 16) 18 (42 26 14 24) 4
43: 6 (27 9) 50 38 (10 1) (17 16) 45 14 (18 43 26 30) 12 (35 36) 49 (4 33 44 5 24 13 48) (7 21 19)
44: (32 34) 11 23 (26 17) (5 9) (8 1 27 16 49) (6 4) 41 (3 44) (19 50 20) (43 21 38) (24 18 13 42) (25 48 28 45) 37 7
45: 7 29 (33 47 27) (48 50 34 32 31) (17 36 24 1 4) 30 (43 26 16 38) 21 (3 18) (6 10)
46: (26 34) (48 14) 49 (21 38 43 4) 33 40 (2 18 3 36) (16 19 24) (12 1 8) (44 32) (42 31 30) 27 13
47: 35 (17 14) (32 19) (6 16) 48 36 (22 39 42 49 3 33 18 44 9) 47 27 (20 38) (26 43 21) (15 11 30)
48: (46 44 24 2 19) (34 49) (10 48 33 8) (3 21) (38 7) 18 (36 1 25 16) (42 47) 32 (26 4)
49: (38 26) 45 (1 16 47 12) (36 21 50) (13 19 30 24 43) (6 5 3 4 48 35) 15 33
50: (11 43 18) 37 (32 41) 30 (21 47) (24 36 5) (13 4) (26 19) (8 27 17 35 48) (10 44) (38 49)
