50 50
1: (33 26 44 46) 50 13 39 (12 2) (48 45) (32 47 27) 21 35 3 15 36 4
2: (10 25 39 38 1 17 31) (32 26 37) (18 19) (3 14) (29 40 42 8) 44 (6 43 27 28) 36 50 (4 16) 47 24 (48 30 45 23 5 49 11 21 34 20 33 7 2 46) 13
3: (7 34) (28 16 31 36 19 44 40 42) (26 6 47) (33 43 5 21 14 22) (13 27 10 37) 25 (32 20 39) (4 23)
4: (42 23 44 18 3) (4 41) (26 20 17 49) 39 21 (33 24 19) (28 8 29 6)
5: (13 49 21) 20 34 (45 30 14) (25 37 16 48) (33 44 46 32) (12 1 29) (3 39) (38 17) (26 7 42 50)
6: 49 (9 15 27) 29 (21 36 33 30 16) (32 17 47 31 11) 26 (8 10 7) (41 46 14) (5 35) (18 40 34 12) 37 13 (22 39 43 28 50 38 3) (19 4) (25 45 20 44)
7: (9 36) 33 46 (13 21 23 43 50 2 45 10) (38 7) (4 25) (15 24) (30 42 37 8 28)
8: 49 28 (46 16) 41 (10 12) 19 (33 34) 40 38 (7 42) 32 8 47 (21 48) 26 23 (35 29 6) 22 (2 20 36) (9 44) (4 27 45 11)
9: (5 35 12 36) (46 42 28) 8 27 24
10: (9 15) (46 50) (39 29 23 41 21) (3 49) (36 6 17 26 25 12 1 16 40 19 4) (30 32) 11 (10 33 13) (38 45 43) 31 (44 22 48) 37 7
11: (30 9)
12: (45 4 3) (10 43 39) (48 31 8) (9 37 21) 24 34 (11 33 17) 16 (25 14 44)
13: 33 19 6 (16 3 35) 37 (17 26 27 47 9 13) (31 39 46 15) 32 (44 34) 14 8 7 5 (23 10 38) (2 11) 43 (24 45 36 29 41 18 22 12) 4 (20 25 42 48 28 30) (21 50)
14: (24 12) (13 2) (36 22 29 6 35 42 37 17) (7 9 11 40 27 19 3 48 8) (18 28 38 45) 21 (43 1 14 47) 10 49 20 50 (33 23) 5 (25 44) 30 (41 26 16 34) 46
15: 16 (34 14 49 38) (27 23) 17 (5 2 6) 44 (9 15 45) 35 (19 10 1) 22 28 37 18 (29 12)
16: 37 12 (46 21) (33 48 6) (9 30 34) (25 7 2 19 10 47) 39 (49 32 27 18 28) (44 1 43 38) (41 40 23) 31 (3 26) (14 50)
17: (24 31 37) 20 (6 14 3) (22 13) (50 25) (49 26 16 41 1) 46 (47 5 48 38) (19 39) (32 27 10 12) (23 45 2) (34 15) (33 43 35) (21 28) 17 (18 40 9)
18: 7 (44 38 22 8) (26 37 40 16) (47 9 29 20 13) (32 27) (25 14 34) (15 50 43 31 36) 24 (10 28 49) (4 46 21) (19 2)
19: 34 (25 20) (36 35 15 18) (33 13 26) 6 (21 10 43 38) 37 (47 45) 48 (3 12) 29 (24 9 16 1 31 17) (41 19 14) (32 49 39)
20: 7 39 (37 2 40 33) 42 35 (12 5 38 48 45 34 13 49 23 24 43) 26
21: (41 24 46) (13 1 29 39 44 40) 7
22: 49 (4 1) 18 (6 30 39 20 23)
23: (49 6 28) 26 (36 9 12 29) 45 (15 25) 4
24: 47 (34 45) 43 24 6 50 (12 31 16)
25: (19 24 16) (3 20) 10 41 (40 12 42 50) 8 44 (1 31 26) (46 39) (49 5) 48 (7 27 18 22 32 33 47 17 34 36 45 15) (28 21 13) (43 25) (9 38) 4
26: (3 21 6 1) (30 39 19) (25 14 48) (31 23 34 49) (7 41 36 29 20) 33 5 18 (44 10) (13 28) (17 40 11 27 38) 43
27: 38 22 45
28: 12 42 (30 48) (22 13) (37 11 20) 28 (45 26) 7 (18 21 8) (2 17 47 5) (31 1 46 38 34) 33 (32 25 49 3) (50 4) 23 (39 16)
29: 8 23 (15 13 18 42 41) 35 10 (11 39 19 30 31) 37 29 45 (4 47 44) (36 21) (34 50) (16 48) (24 25) (38 27 9) (49 40 22 33) (20 46 7) 2 (17 43 32 5 26 28 1 14 12 3) 6
30: (5 25 14 45 22) (28 50) (3 47) (4 30) 32
31: (14 11 2) (41 36) (22 44) (25 29 5) 21 49 13 (1 16 32 8 6) 39 34 24 (38 28)
32: (28 34 4) 21 (29 45 10 14 18 39) 47 (13 20 7 19) 38 (37 25) (43 31 3 16) (6 24) (17 23) (46 26 30 48) (27 50 11)
33: (21 8) 1 39 (15 19) 30 (36 31) 4 24 38 (28 48) (44 12 32) 18 16
34: (1 21) (40 41) (49 34 23 43) 37 (31 27) (28 39) (14 44) 4 42 (2 16) 48 (20 17 6) (29 9 3) (12 25 5 35 33 36 24)
35: (35 43) (46 31) 4 (36 45 6) (50 27 1) (29 18) 37 (40 12) 17 7 (10 3) 14 9 48 (39 42 2) 49 44 28 (38 41 30) 47 (5 34) 22 15 32 (20 21 25) (19 16 26)
36: (48 28)
37: (39 47) (15 8 22 17) 14 (28 49) (3 29) (18 46) (25 2 33 6) 7 (5 13) (20 21 1) (42 10) 34 (27 43 36 32) 30 (12 38)
38: 7 29 4 (24 12 6) (1 49 23 2 17 42) 32 (45 13 34 38 8 10 27 41 37 35) 40 (28 36 30 25) 15 (3 46) 50 (14 5) (47 33 11)
39: 45 (25 21 10 16) (7 30 24) (43 44) (50 39) 3
40: (18 39) 4 21 (40 27) (29 32 20 10 48 16) (25 38) (41 8 13) 49 11 (42 17) 37 47 (30 46) 22 (1 7 24 2 9 33 34 45 43 15 3) (44 23 6 36 12 35 5) (31 14 28 26 50)
41: (20 43 22 1 28) (44 19 10) (17 31) 18 (42 9 8 7 16) 3 14 (46 48) (6 2 5) (49 37 23 34) (32 26) 25 (50 39 24) 40 (27 29) 45 (21 41 38) 13 (4 15 47 36 30) (12 33)
42: (38 3 27 42) (4 13) 23 (32 45) 9 (5 46 6)
43: 26 9 6 24 (5 16 47 41) (11 22) (18 23) 49 19 (1 12 32) 25 14 (43 35) 46 (40 13 48 27 17 37) (8 2 42 34 7 15 31 33) 3 (38 44 21) 20 39 (30 10)
44: (34 19) (47 25 37 39) (36 7) (35 8 20) 5 (42 18) (22 48 9) 33 32 14 43 2 (24 28 49 38 4 16) (50 10 46 31 3) 26 41 (12 27) (30 11 21 29) 17 (6 44)
45: (26 43 22) 17 (46 40) 21 (39 47 10 34) 32 (14 35 25) (45 6 18) 11 (9 4) (38 33) (15 19 42 50 7 8) 48 3 (49 23) 36 (13 16 2)
46: (41 47) 26 10 (32 33) 17 31 9 1 45 14 (28 8 5 18 34 22 42) 19 (11 2 13)
47: 14 (27 5)
48: (17 34) (32 38) (20 29 4 22) 3 (25 2) 5 42 (18 37 15 41 10) 49 (47 43 28 45) (50 44) 36 40 39 30 (16 11)
49: 26 (50 13) (33 16)
50: (2 39 16) 9
1: 43 19 (41 46) (31 21 28 16 37) 29 (35 15 33 10 22 17 2) (40 38 5) (14 26) 25 34
2: (15 2 35) (46 34 14) (28 38 31) (17 13 37 20 43 44 45 16) (48 50 29 41) (8 18) (7 1) 40
3: 25 (6 19 42 32) (41 17 29) (13 45 43 35 34) 28 (26 4 44 1 2 30 37) (40 14 38 12 5) (39 48 16 10)
4: (44 6 40 23 29) (22 3 13 45) (42 38) (28 4 18 30 1) (7 10 41) (25 33 34) (35 12) 48 (32 2 8)
5: 41 (20 34 43 38 46) 9 (30 48 15 25 28 26) (6 2) 13 40 47 (31 3 44) 37 (42 14 35) 29 17
6: 17 22 (14 34 43 40 23 38) (3 32 35 4) (13 15 45 8 16 26 29 10 37 19) (31 2) 44 24 (41 42)
7: (43 44) 18 25 5 (6 13 14) (26 10 38) 37 (45 28 41) (32 2 7 40 35 21) 20 (3 29) (8 39 16)
8: (14 46) 25 (29 28) (37 40 33 9 18) (44 6 13 38) (31 41) 45 (43 8 7 12 4 2)
9: (29 17 13 44 6 43) 7 16 (11 19) (14 18 25) 42 15 34 (8 23 45 46 40 50 10 12 41 35)
10: 19 (48 10) 18 (8 35 38 43 13) 41 (37 12 44 39 29) (6 16 25) 46 17 26 (7 32 3 14 2) (15 40 45)
11: (6 44 8 26 2 38) 40 31 (13 10 29 28 43) 12 (32 45 48) 46 14
12: (25 5 29) 6 15 (20 1 43 16) (44 9 17) 35 14 (38 23) (40 41 8 37) 24 (33 34) 28 (10 13 19)
13: 18 (31 7) 10 (1 20) 21 (6 3) (38 2 13 19 14 49) (46 26 40 41) 17 37 42 (32 25) (45 5) (29 43) 28
14: (19 12 43 16) 5 (44 30) 46 (34 14 35 41) 15 17 29 32 13 26 31 (37 45 6 3) (2 47 38 40 18)
15: 13 (37 48 33 6) (45 23) (29 15 10 18 19 1) (25 41 17 40 35) (43 38) 7
16: (3 19 17) (31 28 39 45 48 43 35) (40 14 15) 41 (8 50) 24 (44 13) (32 10 34 5 25 49 2) 29 18 (33 6 12)
17: 17 (44 15) 43 48 46 28 38 19 (29 13) (10 14 4) (45 12 6) 25 2 (41 26) 5 37 (32 34 40 35)
18: (4 35) (15 28) 2 (16 13 45 41 19 14) 43 (40 44) (17 29) (37 33 48) 22 (26 6) (32 25 46)
19: (17 15 3 6 8 14) (10 18) 29 32 13 43 (4 35 26 16) 19 (45 2) 25 (33 44) 46 41
20: (5 8) 40 (2 19) 25 4 48 22 (41 14 32) 43 (6 35) (28 34 44) (17 18) (37 29) (3 13 26)
21: 45 (35 14 7 12 3) (44 8) (6 26) (19 31) 43 (18 1) 5 40 (34 10) (17 2 29 25 16) (28 32) (41 39 37) (13 33 4)
22: (6 44 30 10 48 14) (28 35 45 31) 25 (17 15 40) (27 8) (37 41 46) 13 18 (43 3 29)
23: 20 43 (8 26 28 29) (42 38 7 4) (10 16 2 13 14 22 45 34) (3 41 17) (15 40 32)
24: 25 (44 40 43 2) (13 24) (20 4) 32 18 33 (34 41) (31 12) (29 7 9 38 39) 21 (19 17 14)
25: (37 30) (12 3) 2 (32 6 14 10 41 38) (45 5 44) 31 (16 13 28 29) 26 (7 19 25 39) (23 40) (18 48 34) (17 43 35)
26: (49 1) (19 14 41) (28 25 44) (5 16 17 32 20 40) 13 (10 23 43 3 35) 18 (29 6) (8 4) 46 (45 2)
27: (25 34 40) 42 (3 35) 17 (37 32 44 1 2 43 18 8 38 6) (13 15) 41 (47 26 9) (29 16 14)
28: 8 (46 17 41) 6 (2 38 16 30 29 40 32) (28 23 15 48) (36 18) (26 7 14) 34 4 (33 44) (37 13 3 25 35) 9 31
29: (18 44) (14 23 34 10 26 4 35 38) (32 6) (40 31 19 48 2 13) 41 (37 21 8 15 5) 29
30: 39 (11 10) 43 (26 2 22) (32 41 48) (16 14) (30 38 28 13 40) 33 (37 29) (6 5) (44 35) 7
31: 19 (44 16 13 46 33 6) 28 35 (29 43) 41 (10 26) (40 17 2) (18 25 12 34) 24 (3 32)
32: 38 (44 1 33 30 2 19) (5 43 41 37) (35 10) 25 (31 6) 18 17 28 (45 13 42 29) 46 (8 48) (16 40) 3
33: (16 28 17 8) (14 2) (43 46 13 29 6 12 25) (37 40) (34 5) (10 7) (20 44 4 19 3 49 26) 1 41 38 45
34: 28 (45 38) 18 (37 17 12) 43 25 (2 32 16) (48 24) (19 13 41) (14 3) 40 44 15 26 20 (6 35) 29 (34 8 31) (5 46)
35: (35 17) (19 8) 45 14 34 (6 1 9 40) 13 (38 20 29 44 15) 43
36: 7 40 (35 9) (48 3 2 34 31 19 18) 29 26 (38 10 25) 13 (44 6 41 37) 33 (8 14) (23 45 1)
37: 20 17 (35 10 12 16) (2 40) 14 (19 44 13 41) 5 (28 7 34) (3 32 48 15) (43 18) 29 (6 38)
38: (13 2 28 31 10) (27 19) 14 17 33 (8 32) (6 40) 43 5 (29 35 25 42 18 44 20 15) (7 48 26) (45 41 37) 38 16
39: (5 43) 28 (10 3) 41 (26 50) (39 44 2 34) 4 45 (33 6 21) (20 1 12 19 22) (29 37) 31 40 35 (16 32) (48 25) (13 17)
40: (17 43 25 10) (38 6 3 14) 34 (21 35) 2 (16 20) 26 (8 29 41) 40 45 18 48
41: (19 16) (41 17 14 48 6 21) 34 4 10 (35 46 38 31 13 40 29) (43 44 25 8) 26
42: 4 (8 5 7 42) (25 29 41 46 28 34) (14 43 3) (35 2 44) (45 13 40) (20 38 9 48 37)
43: 12 (6 10 40 16 39) (34 48) (18 24 35) (19 3) 13 (41 26) (29 20 17) (43 45 14 25 32) (44 37) 7 2
44: 33 3 (34 26) (18 44 14 5) 8 (35 40 48 43) (21 31 2) (29 6 39) (12 25 1 16 13) 10 (4 15) 41
45: (1 19 30) (32 28) (10 27) 38 (48 20) (6 5 25) (24 29) 17 14 15 7 23 42 (41 2 46 40 45 12) (39 35 13 8)
46: 43 32 (29 37) (1 14 16) 21 9 (10 45 41) (28 18 35) (7 38 44 8 2 13 42) (40 6) 17 (25 5)
47: 48 14 13 (16 46 24 19 29 35 41 28 38) 44 (40 30) (6 32 8 18 25 17) (45 37 2) (43 1 3)
48: (2 34) (13 8) 44 (25 10 41) (33 5) (16 45 43) (28 29 40) (17 36) (35 12 20) (26 32 19 14 1)
49: 40 (19 18 22 16) (26 10 15) (45 2 28 43 6 34 8 14) (41 35 17) (25 48 4) (37 44 20) (29 5 23 31 38)
50: (2 38) (30 48) 14 16 (7 25 49) 6 39 (29 5 32) (10 28 44) (24 40) 35 (13 41 18 1) 17 45
