50 50
1: (46 26 41)
2: (5 31 25 10 6) (37 15) 11 (22 41) 33 (40 35 24 26) (34 43 38 48 17) (49 4) 29 16 (44 42) (3 9 2) 12 30 47 (1 18 46 39 45)
3: 7 43 (40 44 19 36) (33 11 5) 8 (42 4) (6 25) (20 31 35 3 12) 9 48 (29 39)
4: (38 44) 12 (27 46) (7 15) 43 (36 49 20) 4 10 (24 1 11) (42 34) (30 31 21 48) 45 8 39 (23 2 26 28 40) (25 3 19 41 14) (29 9 50) 47 (5 35)
5: (36 49) (48 10 12 45 17 14) 1 (21 33 15 8 42 27) 28 (4 41) (25 31) (6 11 44 39) (9 34 2 35 3) (24 20) 19 43 16 22 (23 18 30 5 50 47 13) 38
6: (48 45)
7: (1 10 12 20 30)
8: 49 18 (25 48 15 43) 4
9: (24 41 25 2) (40 14 7) (28 31 6 48 38) 13 (10 36 34) 23 (49 16 42) (17 4 45) 3 (21 37) 46 (15 29) 32 20 35 1 27 (43 30 22)
10: (6 13 35) (46 21 23) (26 45) (1 49 19) 34 (50 15 31) (22 2) (33 24 14 3 4 20) 42 (41 17 10) (5 40) (11 12 47 16) (8 37 30) 32 43 48 (9 36) 27 (44 38 39) (28 25 29 18) 7
11: 31 (6 37) 40 (26 21 38)
12: (26 39) (27 28 41 2) 50 (23 34 49 47 4 15) (10 43)
13: 20 42 50 (49 48) (11 1) (6 31 27 29 16 43) 3 40 (34 21 47 18 37 35 14 22 17 12 41 9) 39 45 32 (38 5 46)
14: 44 (38 7 29 32 21 43) 3 (10 1) (15 18 24 16 5) (2 33) 26 (42 25) 46 (35 48) 37 (14 23 45) 28 (6 11 13) (34 50)
15: 25 (45 3 17 35) (14 26 46) (40 7 18 20) 39 (34 32) (27 9 31)
16: (25 23 7) (29 15 38 28) (3 13 24) 12 14 (4 39 18)
17: (36 8 9 33 37 22) (34 39 21 23 16) (43 31 14) 7 49 (19 47) 41 (20 13) (27 25 40) 50 (18 30 48) (44 24 32 26) 28 5
18: 18 (7 46) 9 (6 38)
19: (8 18 6) (3 7 31 41 19) (37 38 25 47 48 43) (16 44 15) (33 9 22 5 27 40) 50
20: 9 (5 38 27) (49 34) 7 (33 16 6) 47 1 46 20 32 (29 30 23) (15 42 41)
21: (24 42 2) 31 7 6 27 (29 32) (16 18) (25 48 49 33) (40 38 9 19 45)
22: (26 6 49) 9 1 42 (43 34) 17 (36 8 16 47 46 21 13 10 31) (48 30) (5 37 40 12 39 28) (38 24 19 18) 50 (25 45) 29 33 32 (7 14) (27 3 35 11) 2 (4 41 44) 22
23: (23 12) 45 (22 11) (13 4 39 35)
24: (23 48) (31 37) 7
25: 31 (35 1 46 32) 30 12 (37 6) 38 (23 41 3 17 25 36) 5 (19 7) (16 33 28 34 21) (29 44 2 8) 4 (20 14 10)
26: 25 (16 23) 39 (19 32 38 15) (5 22) (45 34) (49 14) 13 (43 24) 11 (17 47 29 41 18 31) 6 (21 1) 10 (7 40 37) 46 (48 3 44)
27: 21 35 15 30 (47 7) 5 32 (22 37 42 10 16 50 41) 24 28 (2 38 12) 6 (26 49 46 31) (14 17) (18 13) (1 8 40 23) (33 36 9) 11
28: (19 8 6 34 2 35) 11 23 21 (38 36) 10 (22 14 44) (4 47 13 39 32 29) 17 (50 1) 37 (48 24 25) 3 (9 26 15) 40 41 46 5 (16 12)
29: 26 15 (32 17 46 6) 28 (3 23 10) 40 (4 45 2) 27 50 (5 25 41) (43 37 38 44 21) (34 35) 42 (22 49 16 33) 31 19 (47 7) (9 8) (20 36) (12 48)
30: (13 6 43 40 41) 31
31: (32 12) (15 27 29 13 9 31) (5 48 40) (34 36) (25 24) (26 45) (4 41 6) 35 (42 44)
32: 35 (42 31 27) 2 45 5 38 (19 9) 26 (30 43) 6 (50 10) (3 21) (34 16) 1 (23 49 15) (4 33)
33: (21 23 29 30) (46 22) (37 11) (1 14 40 34) 44
34: 28 48 (24 5) (21 44) 6 (41 27 30) 22 19 (40 33 32 7 15) (46 34) 2 (49 18) (3 11) (29 20)
35: (30 35) (15 20 24) 10 (34 2 22 48 27 23) 44 36 25 (8 45) 37 (50 46 29 26)
36: 37 (10 5) (31 50 20 41) 17 9 (26 39 34 36 19) (32 12) (28 15) 24 14 (16 46) (11 40 18) (21 47)
37: (20 10) (8 26 12 45 15 23 50 41 47 6) 46 (24 3) 4 (5 14 27 16) (21 32 11 2) (29 38) (31 43 1) 34
38: (31 6) (49 40 39 44 18) (42 14) (27 26) 45 (21 30 8) 7 (32 37 38 28) (36 35 12 41) (11 34 13 29 1 17 10) (2 4 50) (19 43 15) 48 (24 23) 46
39: (9 29 3) (28 24 18 8) 44 (34 25 48) (38 26 20) 27 35 45 (33 5) 14 19 (39 23 11 31) (37 41) (12 47 4) (42 32 22 10 15 21 6 40 43) 7 36 (30 2) 50
40: 23 (22 21 3 32 11 24 40 44 19 30 15) (13 48) 31 33 (7 18 6 50) (34 17 49 4 39) (28 41 38) (37 1)
41: 11 (10 33) 14 (36 40) 38 45 48 24 (47 26) 3 17 1 50
42: (8 1 24 42 49 30 22)
43: (29 41 23)
44: (27 38 26 35 49 17 47 45 34) 7
45: (10 9 41)
46: (14 33) (45 31 2) (11 29) 38 (26 17 7 30 9 8 1) 5 (46 16 20 49 6 21) (47 25 12) (32 23 24)
47: (22 27) (31 44 29 21) (2 45 13 20 48) (33 43) (25 7) (15 6 19 11) 17 28 47 (50 41 37) 10 (9 18) (49 16) 42 12 46 (4 14 30) 32 (26 5 23 39 35) 8 40
48: 43 (1 18 34 48 9 10) 27 (13 33) (46 6 8 15 2) 26 (11 37 3 22 50 39) 29 (42 21) (47 14 24) (30 7 49 38) (23 41) (36 35) (40 45) 19 4 (31 28) (20 32 25) 5 44 12
49: 43 11 19 (23 17) 25 (4 5 15 34 12) (36 26) (40 28) 14 8 (13 47 1) (45 24 2 35 29 42) (33 38 39) (46 9 31 48) (7 37 20 6) 27 (44 16) (49 30)
50: 28 (37 32) 47 (1 12 44 16)
1: (9 7 42 28) (22 50 41 38) (27 48) (4 37) 10 (33 40) (5 46) 20 (13 26 49 2 32 25 14)
2: (4 27 2 12 39) 22 (14 21 49 48 5) 25 10 28 (9 47) (34 32) 46 (29 37 38) 35
3: (10 2 14 34 39 41 28) (48 32 4 9 3) (25 13 29) (16 5) 15 (19 26 40 37) 22
4: 39 (31 37) (40 32 10) 29 22 2 5 (16 12) 49 (25 38) (47 8 28) (3 9 23) (4 48)
5: (4 39 26) (5 29 17 48) (22 49) (28 37 46) (13 20 36) (2 34 14 31) 47 (32 25) (27 19) (10 3)
6: 29 (27 13) (39 31) (49 22 3) 18 (47 28) (32 46 26) (30 48 21 37 9 20 2) (5 25 11 14 38) (10 19) 34 40
7: (3 46 21) 14 49 (9 15 34 26) 25 (27 44 40 16 18) 4 19 (38 39) (22 20) 47 24 48 10 (17 29)
8: 48 (39 3 27 17) 46 38 (42 25) (37 4 10) 35 (47 29 5) (28 49 22) 19
9: (20 17 18) (10 29 27 4 22) 19 36 3 (47 32) 45 (31 39) (28 15 49 13 21 48 2 5) 46
10: (4 26 14) (47 39) 12 (32 27 7 29 5 38 25 37 10) (35 48) (45 28 41) 2 (9 22) 36
11: 27 (4 39 10 49) 41 (22 28 40 3 48 38 34 36) (26 14 5 47 13 23 46) (2 33 37)
12: (27 16 37) 39 (23 48 2) (5 46 25) 29 (4 3) (36 7 10 38) (13 49 28) (22 50) (31 47)
13: (40 30) (14 17 22 31) (38 10 5 9 23) (27 28) (16 48 49) 47 26
14: 16 48 33 13 25 17 (5 39 46 38) 15 (10 49) 36 (9 4 26 22) (41 37 28 14 27 47)
15: (31 32 19 47 12) (2 40 9 16 48 10 26 20) (5 36 29 39 8) (27 4 37) 28 (14 49) (38 34) 35
16: (22 26) (29 2 5 17 37 46 50) (49 47 20) 36 (21 14 27 9) (25 28 13) (10 19 32)
17: (29 36 22 26 5 15 25 40 13) 28 (9 38 49) (10 44 27 47 2 41 46)
18: 5 (27 26 38 19) (18 36) (17 34) 15 10 (40 21 14) (47 48) (8 16) (2 39) (22 13)
19: (25 34 48 19) (32 10) (28 17 4 38) (5 29) (22 49 39 36) (21 47 3 40 26)
20: (49 3 13 47) (17 4) (25 48) (9 5 39) (10 36 46 7 20) 35 (15 29) (34 37)
21: (32 28 14) (11 29 17 47 36) 5 (38 9) 10 (4 48) (13 33 40 37) 39 (27 46 25) (34 26) 22
22: (23 10) 5 (34 33 47) 26 (19 22 28 17) (29 40) (9 48 27 42 39 2 13 35)
23: 26 (20 39 28) (37 32 24 5) (12 35) (10 9 46 47 43 25 38) 17 27 (4 48 49) (23 14) (33 29 16 40)
24: (46 49) 21 26 (9 34 5 27 28 40) 38 (42 14 4 41) (31 22) (35 16 37 39 36 17) (10 48 2)
25: (47 21 2) 9 (3 19 35) (25 49) (26 17) 8 (29 46) 22 (39 28 15 10) 16 (5 4) (14 48) 31
26: (39 29 22 27) (48 4 28) (17 32 14 46) 36 44 (11 2 15 1 31 37 35 41 49 10 47 12 38)
27: (29 21 9) (49 47) 37 20 39 31 10 (38 44 4) 17 19 12 (48 32 13) 34 22 (15 5 35)
28: 34 (12 9 27 14 47 40 38 48 39 49) 36 (17 29 16) (25 22 4 10 5 50)
29: 35 (26 33 4 20 16 3 21) 25 (31 28) (2 22 48 10 38) 9 (34 37 39 13) (43 46 14 47 49)
30: (40 25) (9 10) (48 33 2 46 17 47 39 27) (42 5 7 49 4 35 32 34 22 38 20)
31: (15 46) (29 36 27 11) (26 10 22) 3 5 (13 40) (37 47 39 9 38 32 30) (31 19) 24 17 48 25 (49 21 4 2)
32: (17 20 26 25 40 50) 38 (28 14 9 15) (31 22 36) (13 39) 46 27 (34 37 48) (29 10 47 21)
33: (19 17) (32 41 10 47 48 39 2) (49 21 20 46) (34 14) (5 27 25 3 40) (29 22)
34: (9 26 37) 29 (31 36) (12 4) (2 38) 39 20 (13 17) 28 (25 14 15) 34 (48 32) 33 (40 44 49) (5 35 10) 22
35: 5 (14 35 3 23 4 39 38 49 9) 25 (10 32 13) 44 (15 48 47) 2 (27 22 29 28 31)
36: 3 31 (41 25) 5 17 49 27 (28 38) 36 4 (10 22 35) (48 9) (29 39)
37: (26 48 10 25 47 2) 27 14 (19 17 24 35 28 29) (33 13) 39 (11 49) (50 9 38 36) (22 40)
38: 22 (11 41 18) 9 39 (44 40) 25 (29 26) (37 5) (10 14 48 16) 4 (49 38) 27 (13 2) (21 32) 19 (28 46 20)
39: 3 (12 38) (16 2 15 22) (23 5 39) 26 (40 49 10) 4 (28 36 48 47 17 13)
40: (28 21 15) 40 (48 34 36 27 30 2) 10 (19 41) (49 3) (31 26 17 47) 9 29 33 4 (38 13) (39 11 22)
41: 39 22 28 40 17 12 (31 37 9) (29 34 38 25 30 5 20) (36 26 19 27) (4 47 43 48 45) 13 (10 2 1)
42: (2 9) (13 20) 39 (22 42 14 21 3) 38 31 27 (10 48 5 49 47 32) 4 29
43: (48 30 13) (5 32 38 39 17 22 14) 8 (29 37 4 26 9 2 12 19 47 10 49) 3
44: 26 (47 39 5) (2 48 29 25 34 14 35 31 49) (10 50) 28 (33 4) (40 3 38 22 19 17)
45: 2 35 (48 37 39) (13 23 41 31) (5 26 29 46 49 21) (22 15) (32 47 44) (10 38 4) 9 (6 14)
46: (38 9) (22 36 26) (10 34 37) (35 33 46) 27 20 (18 49 14 4 47 15 1) 29 (48 2) 28 25 13
47: (29 36 44 5 26 48) 50 (19 47 10) (46 28) 20 (22 27) 2 49 (41 39 17 37) (13 12 4)
48: 41 19 (31 24) (8 5 28) 34 (39 48) 49 (9 17 14 21) (47 35 13 40) (38 10) 4 (2 22) 29 (6 3 26)
49: 8 (49 26) 38 (20 34 2 40) (5 10 12 29 46 4 17) 44 13 32 9 (48 21 22 42 27 47)
50: (35 17) 48 (28 37 5) (41 13) 38 4 (36 47 19) 32 (40 12 22) 27 10 (39 14 29)
