50 50
1: 43 (29 30) 34 45 41 50 (31 24 5) 40 (14 37 48 26 18 49) (36 19 13 11 23) (27 17 12 4) 6 (25 33)
2: (27 20 35 26 5) 32 40 (44 11 6) (15 38) 31
3: (50 9) 40 (33 37) (49 19 8) (38 11 47) (18 44)
4: (24 46) (12 40 17 22) 41 4 (48 47 28 20)
5: (1 35) (19 16 4 28 22) 48 (47 17) (3 21) (14 42)
6: 43 (34 5) (6 4) (10 24) 40 (37 28 12 50)
7: (15 23 7) 33 (8 35) 24 (45 28 17) 38 (37 42) (25 31 21 9) (4 36) (6 50 40 30)
8: (23 47) (7 37 24 38) (5 35 21 34 20 49 45 28) 43 18 17 19 (16 48) (30 36) 31
9: (31 27 9 46 3) 25 (40 6) (38 5) (30 8 7) (41 45)
10: 9 45 (34 31 37 41 25) (43 26) (36 28 3) (39 11 27 12 18) (14 8) 7 17 (6 49) (16 4 2 20 22 15) (38 44 42 1) 19 35 23 (50 24 30 33) (48 32 47 29) 13 (21 10)
11: (10 24) (9 49 47 44) (37 48) (1 29 50 31 14) 22 18 (8 11) 34 (41 4 27) (20 5) 21 (33 12 45) 39 (19 42 7) (3 46 28) 43 35 (13 2) (26 6 15 23 38) 32 (30 36 16) 25
12: 45 41 36 (26 12) (21 19 17 43) (22 11) (49 47 13) (29 16 34 10 1 38) (30 31) 27 6 (24 9)
13: (7 34 47 48 16) (49 4) (23 22 41 30 43)
14: (44 17) (24 39 13)
15: (30 28) 35 (6 45 37 1) (3 21) 47 (11 18 15 44) 13 (24 2) (9 48 41 34 17 23 5) (38 49) 22 7 20 (33 10 25 8) 14 26
16: 16 34 (30 33) (14 10 23 7 32 15) (41 44 3) (22 4 19 17 35 26) (40 42) (39 29) (9 45 24 28 5 6 20 13) 50 (48 38 18)
17: (5 46 13) (21 49 28) 41 (9 16) 2 (30 22 6 27 35 32 39 29 10) 23 48
18: 19 22 (17 6 34) (39 36) (8 38) (13 9 7 26) (47 33 30)
19: 41 9 (34 14) (15 5 49) 45 42 (24 13) 32 11 (23 8 35) (44 37 38 10 21 2) 26 (46 50 31 7) 43 (22 30) 39 (4 18 6 20) (40 16 33) (36 1) (29 19)
20: (10 39) (21 19) (12 8 4) (6 13 32 9 33 3) 38 46 (26 42 27) (31 11) (25 14 2) 5 43 1 15 (50 7 35 24 28 36 49 18) (16 45) (44 40) (30 37 47 22) 23 (34 48)
21: (32 16 10) 26 30 14 (13 20 42 22) (5 50 29 8) (44 43 1 49 17 27 28 6 47) 39 (24 21 35) (46 19) (40 33 38) (41 45 7) 9
22: (44 13 23) 33 4 2 34 (48 36) 49 35 18 (38 14 32 15)
23: (8 43) (18 21 24) (30 11 26 36 29 44) 46 41 10 (38 1) (39 3)
24: 8 (32 47 36) (17 13) (4 41) (38 22) (19 20) (9 28 6 21 12 43) (14 24 1) 39 34 (50 42 7 3 23 18 40) 48 16 45 (33 5 25 11 30) (27 29)
25: 38 (7 37 33 50 39 16 22 1)
26: 46 32 47 (44 36) (43 19 39) 28 45 16 23 13 (3 29 31 22 18) (42 25 2) 41 (49 8) (12 21 38) (37 50) 34 (20 6 1) 26 11 (7 10) 30 (17 27 48 14 40) (9 4) 5
27: (27 1 29) 35 43 (6 14 41) (37 17 46 18 45 48) 13 (22 38 44 31) 7 34 (3 12 19) 8
28: (43 48 6) (40 35 41 30) (44 49) 34 (47 10) (17 29 3) 1 (15 50 19 31 22 32 18) (11 12) 26 (33 36 2 38 25) (39 14 13 28 27) (37 21) (9 5 7)
29: 41 24 (25 22 4 27) (8 30) (3 43) 9 31 (15 5 35 16) 12 32 (6 38 42) 18 40 37 34 21 44
30: 27 (20 45 4 15) 24 (14 13 21 43 46 3) (17 8) 22 7 37
31: 47 (19 45 26) 8 17 (18 1) 29 3 37 (24 16 25) (46 6) 30 35 (50 21 2) 42 32
32: 39 45 5 44 35 19 (27 4 3) (48 7 22) 47 (6 50 12 18 8 14) (23 38 2 25 46)
33: (21 23 32 18 35) (40 14) 15 (24 27) 41 49 31 (43 30 48 2) 5 10 (26 4) 1 (16 7 45 17 25 28 12 36 34 37 13 9 38 3) (33 47 20 39 6 29 42) (46 50)
34: (12 28 45 30 5 9 10 7 33 29 15) (22 13 17) 25 40 1 (48 43)
35: (11 5 14 38 9) (37 48) 47 22 24 (34 27 3 26) 23 (1 25 43 13 32 20 17 6) (7 36 31) 29 30
36: 3 29 (19 1 23 32) (33 6 40) (16 13) (30 14 4) (8 45) 34 28 5 11 2 (9 17 48) 22 35 (15 43) 24 44 (41 49)
37: 45 36 (4 12) 44 (32 5)
38: (47 35 21 46 34 9 32 1 41) 42 33 40 (19 50) (18 44 15) 30 49 2 (39 6 25 23 7) 43 (4 29 45 28 17 31 3) 12 (11 36 5 10 13 24) (37 20 48) (14 27 26 8)
39: 25 43 (39 1 23 27) (44 3 32) 41 (42 22 9 14) 8
40: 48 28 (12 25 5)
41: 20 (13 15 43 33) (2 19 14 3) 18 (11 8 21 28) (46 41) 40 (49 38 35 16 36) (32 1) 30
42: (28 38) (30 32 25) 2 (46 6) (45 17) (39 49 14 42 4) (16 44) (50 48) 47
43: (23 27) (36 7 3 1)
44: (40 33) (18 21) 30 (11 15 29) (49 47) (5 46 12) (2 8 48) (20 32) (14 3 50) (13 6) 17 42 (7 24) (37 27) (35 10 36)
45: (21 35 45 12 34 48) (50 22 41 27) 8 19 (2 16) 31 32 (4 28 6) 26 (1 10 7) 47 20 (18 37) (23 15 40) (9 36 24) (39 49) (33 3 38) (44 42 25 11 14 43) 29 17
46: 26 29 (21 48) 36 15 (16 42 33 47) (13 27) (9 50 18) (49 4) 37 43 (20 19) (44 45) 10 23 28 6 (31 30 22 3 14) 25 (12 32 2) (7 8 11 38 46 40 24 39) (35 34)
47: 32 2 8 (15 26 18) (34 42 5) (50 45) 31
48: 27 (43 4 49 48) (25 3 21) (30 29 38) 22 32 (1 17 7 37 14 13 50) 33 (31 18 6) (10 24 12) (20 42)
49: (7 23 35) (13 45) 41 (34 10) 27 (17 2) (50 24 48 20 6) (28 26 32) 4 (31 44 40) (47 46) (12 3 15) (25 39 30 18 16)
50: (12 14 39)
1: (48 33) 39 (45 26 27 38 34) (21 10 11 25) 41 (5 43 20 19) 36 12 (23 15 31 24) (28 35)
2: (41 38) 32 11 17 (46 20 47 49 28 44 33 10) (42 31 26) (19 15) (45 36 22)
3: (29 16 41) 31 27 48 (28 33 43) 11 (45 24 10) 44 (35 20 9) (39 38 49 26 23 5) 46 15 36 (30 32)
4: (7 20 32 1) 49 (5 10 33 30 6 42) (37 22 46 13 19) 36 (24 26 4) (45 48) (11 38 16 29)
5: (47 2 44) (1 40 24 15 34) 37 (19 28 8) 32 (35 11 33) (26 38) (6 17 29 21) (36 16 9 20)
6: (44 45 19 12 36) 18 6 (48 31 28 17 11 49 29) (16 21 38 35) 46 (42 33) (27 24) (15 2) (9 26 1 32 10 20) 7
7: (49 7 34) 16 25 27 (33 20 38 24 10 9 48) 15 26 44 (21 8 30 19) 43 46 13 32 (35 45 28 11 18)
8: 19 10 24 18 39 (30 21 7 27 47 3 20) 11 38 (44 29 41 31 36 46 9) 23 (26 15) (45 32)
9: 21 (24 29 3 7 15) (9 16 38 33 19 36 20) (10 45) 46 (35 12) (39 18) (11 17 28 26 34)
10: 28 17 21 (11 15 49) 10 (12 6 16) (34 20 26 48 23 19 46 38 45) (44 33)
11: 24 (23 44 2) (26 20 1 45 3 12 19 11 36 15 41) (35 38 10) (28 46)
12: (50 27 46 12) 32 (10 6) (24 1 44 45 38) (20 11 49) (26 37 28 40) (4 29) (48 34 33)
13: (27 36 10 17) 30 26 41 48 44 (20 11) (1 21 49) (19 33 22 18 35 28) (38 12) (15 24 46) (16 14) 34
14: 41 16 (5 42 27) (24 44) 28 (50 26 35) (38 10 46) (30 20) (33 15) 22 (21 11) 32 48 (45 39 1 19) 36
15: (44 30) 10 (22 7 11 45) (46 36 41) (33 29) (28 16 15) 49 (38 19 20) 34 2 47
16: 24 (13 45) 17 36 (25 46 10 16) (41 26 12 5) (20 19 8 31) 29 (33 49) (42 11 21)
17: 7 14 36 (21 8) (28 5 31) (35 42 27) (44 34 16 1 49 38 24 12 45 26 48 10 4 15 18 33 30)
18: 19 (45 20 26) (46 49) (23 44 10 22 41 47) (1 15 28 31 16 33 3 11) (32 27) 29 38 8 (48 24)
19: (45 36 28) (41 32) (31 24 3 19 27 21) (1 20 10 11) 12 46 38 (26 16) (8 18 5)
20: (35 15 41) (48 46 49) (38 44 21) 16 45 2 (26 24) 4 10 (19 30) (8 33) 11
21: (21 30) 8 (31 17 7) (5 15) 26 19 (33 29 23 24 44) 38 (41 20 10) 46 11 48 12 (45 28)
22: (29 28 4) (35 13 26 16 46) (21 48 10 24 34) 39 17 11 (18 32 12) 30 (19 25 27) (15 36 5) (20 45)
23: 32 22 (10 20 19 38) (13 1 46) (33 17) (49 36 35) 8 (26 45 7) (24 11) 39 16 (15 43)
24: (35 14) (21 15) (16 38 7 19) 4 (23 46) (30 29 36 10 11) 48 24 (12 33 6) 1 (44 8 31 20) (45 49)
25: (9 48) (28 40 11 33 34) 1 (10 15 42) 24 (39 20 38) 49 35 31 (45 29 26 32 46 7)
26: (16 45) 46 (20 10) 33 (15 35 2 18 21) (11 49) (47 31 38 1 26 23) 28 12 19
27: 21 1 43 (39 32 33 11 26) (28 35 17) (20 45 30 10) (38 9) 49 (44 12 29) (46 2) 24 48 27
28: (7 34) 11 42 (26 24) 46 (17 6 21 49) (41 15) (5 36 4) (38 16 10) 8 (28 40 20) (45 33)
29: (11 21 44) 19 28 (35 36) (27 17 38 23) (12 10 46 31) 34 (45 24 26) (33 48) (1 16)
30: 26 36 (1 10) 44 18 48 (11 16 23 42) (17 35 9) 8 12 28 (7 15 29 33) 41 (24 21 20 13 31 38 49 46 19 34)
31: (47 33) (2 20) 1 (48 10) (27 29 12 8 7) 49 (19 11 46 26) 45 35 9 38 28
32: 33 36 37 44 46 48 (39 2 28 11 35) (47 49) (31 38) 10 21 24 (22 19) (16 41 26) (17 45) (20 42 29)
33: (46 3 19 1) (18 10) (22 28) 15 (45 34 16 33 38) 25 (48 11 21) (7 41) (20 44 36 24)
34: 22 15 (24 28 29 46 6 13 16 10 11) 8 (35 20) 33 (45 1) 18 36 27 19 38 (26 47) (12 49)
35: 41 5 (33 2) 20 (38 7 46 21 29 17 19 28) (22 27 10 45) (36 44) 31 (49 8 15) (11 32) 16
36: 24 (41 1) 20 28 (10 7 26) (23 22 19) (11 8) (38 37) 35 (18 45 46 33 43 12 44)
37: (44 10) (33 15 45) (19 35) (29 26) 27 (28 25 7 20) (3 46 30) (48 8 31 6 38) 11 1
38: 15 (20 46) (27 21 10 2 33) 9 (22 41 12 32 19) 18 (11 25 16 35) 23 (7 24 26 48) (29 28) (42 8 45 3)
39: 20 (50 45) (42 16 25) 39 (18 14) 17 (38 33) (19 24) (23 10 11 49) 26 21 32 (28 46)
40: (1 41 33) (26 19 44 6 28 45) (34 7) (36 3 29 21) 38 (4 16) 46 (9 2 24 20 49)
41: (16 36 15) (29 38 9 13) (23 4 33 24) (11 41 26 10) (12 45 49) (39 21) 17 (27 28 1) 19
42: (33 29 45 24 44 38 46) (20 26 11 16 5) (39 21 31) (48 47) 42 (7 10) 19
43: 36 (19 23) (13 24) (1 26 29 33) (41 39) 30 (34 6 45) 35 (8 11) (48 12) (10 38) (46 21) (20 27 28)
44: 26 49 29 11 (39 20) (10 36) (14 27 38) (21 22) 15 (32 3 23) (46 45) (16 42 2) 37 (28 19)
45: 9 (24 12) (7 16 37) 36 19 (15 21) 30 (45 49 1 8) (34 20 27 46 10 11 33 42 31 38 26) 32 47
46: 33 31 4 44 (38 49 21 41) 30 (9 23) 26 (32 42) (46 19) (27 17 20 11)
47: (5 18) (15 28) 44 13 (46 49 45 21) (38 35) (3 32) 31 (4 11) (10 26) (42 24) (12 8) 20 33
48: (4 10) (17 24 49 44 28 26 15 8) 20 42 (16 48) 1 (33 36 22) (35 13) 32 40 (38 34) (11 5 45 46 27)
49: 17 (12 22 21 3 46 28 19 8 20) (44 13 41) 48 (36 45) 10 (26 1 38 42 15 11) 33
50: (47 1) 10 6 (45 11 3) (16 46) (26 42 19 48 33 21 32 20) (25 49 28) (38 7) (31 44) 24
