50 50
1: 22 (5 40) 28 (7 19) 3 47 (11 45) 35 (49 37 41) (44 39 13 20 31) 9 (12 15)
2: 36 11 45 10 (29 47) 21 34 (50 35 6 17 26 16 13 3 40) (46 5 24 19 33 41) (44 32) 43 2 (42 4 7 31)
3: 21 (32 18 5) (1 8) (10 48 41) 13 (37 38) 49 (23 19) (9 34) 14 (7 44 40) (36 26 39 47 31) 45 (22 35 25) 24 (6 43) 17 (33 28 16) (46 20 11 50) (3 42 4 12 30 29 2 15 27)
4: 48 (14 26 2 37 47) 49 (4 40 23 24) (46 16 5 12) 44 (27 31 41 22 38 11) (42 10 18) 1 17 9 21 50 7 (34 39 29) 43 19 (25 28 32 30)
5: 18 (24 45) 7 (23 16 14 2) 33 (22 13 48 46) 27 (47 41 36) (26 9) (35 44) (12 6) 28 (49 8) 42 (43 5 40 31) (50 20 39) 25 (34 10 19 17 29) 4 1 38
6: (39 26) (40 37 42 18 5 48 7) (46 9 36 31 25 28) (14 13 41) (45 38) (15 30 50) 16
7: (17 14) 28 (44 22) (4 26 5 48 3 10 32 43) (18 12 38) 20 9 (2 33 45 23) (42 13 15 19 34) (41 21 16 1 11) (36 27 46 40 6 50 29) (7 30) 47 25 (37 39) 49
8: (38 6 37 25) 35 16 26 47 29 (14 18 13 12) 9 4 33 7 (5 36 46) (31 34 8 50 45) (3 15 39 1) (22 21) (17 48 41) (27 10) (28 24) (30 40 2) (49 20 42 44)
9: 15 (40 49 42 6 12) 21 (9 8) (25 29) 13 (37 10 2 45 35) 34 (33 1 46 28)
10: 32 (3 16 36) (7 10 17 42) 25
11: 48 31 6 (11 28 20) 10 45 (14 4 50 5 24 27) 12 (7 1) (15 36 43 25) 30 (18 37) 49 (19 2) 46
12: 29 (42 27) 48
13: (6 46 14 49 43) (24 7 5) (26 11 35 1) (15 25 27) 19 (45 39 12) 37
14: (4 33 9) 24 25 46 36 1 26 (12 20 28 35 2)
15: (30 15 13) 31 (49 25 2 44 4 34 11) (45 14) (1 12) (43 36 48 5) 26 24 (39 17) 38 50 3 19 27 (20 28 35 9 7)
16: (4 28 5 21 30) 9 (38 47 33 42 29 39 45 12) (48 34 7) (37 17) (6 2) 20 32
17: (30 7) 4 22 39 37 (21 5 49 38 9 41) 8 42 14 33 (24 23) (17 18) (32 31) 34 (26 35) (40 19) (3 25 20 10) 16 (48 44 29 47 45 1 50 11) (12 6) (27 46 15 2)
18: (9 31 38 30) 21 34 (37 48) 1 33 (18 7) (40 43) 32
19: (1 3) (25 9) (19 18) 5 45 (43 37 7) 17 (16 20) 33
20: (31 40) (41 15 37) 32 (25 20) (42 14 3) 22 (39 7) (38 46 26 8 36 34 49) 2 (11 47 33 43 35 9 44) 17
21: (36 32 1 45) (28 11 27) (37 10)
22: 1 (12 35 40 11) 43 7 26 (42 18 45 23 37)
23: (47 19 20 38 29 31 4) 26 (44 7) (21 34) (5 33) 48 (28 10 32) 50
24: (24 14) (3 43) 6 (48 4 36 29 33 31 50 12) (22 37) (5 15 25 32)
25: 11
26: 44 (25 15) (8 6) (32 1 37) (43 20) (4 22) (2 13 7) (14 10)
27: (6 27 30 35) 33 41 32 (26 42) 7 46 20 40 (10 50 49 5) (25 2) 16
28: 23 (33 40 10) 12 44 (50 2) (46 1 27 48) (4 36) (30 32 19) (7 38 22) 20 (28 9) 3 24 (35 25 14) 31 29
29: (10 38 47 2) (31 13 34) 44 32 (7 12 4) 30 35
30: (31 11) 7 13 9 (43 5 44 3 39 22 30 36 10 21 34 33 41 20) 37 (49 29 17) 24 (27 28)
31: (30 44 11 15 27 29 20 37 17 31) (10 19 48) (46 36 7) 8 39 (6 5 38 4 24) (26 3 13) 35 (42 22 33) (34 2)
32: (10 18 13) (43 50 39 46 5 22 23 34 1) (45 32) 48 4 (35 24 16) (42 12 19 41) 44
33: (48 20) (33 41 11 23) (25 45) (13 37 50) (30 17 12) (49 8 36) (3 28 24 35 26 27 31) (6 29 44) (14 7) (9 15) 2 (46 39 40) (38 22 43) 18 (47 16) (10 19) (32 42 21 4 1) 34
34: (17 19) (11 31) (20 28) (43 2 33 18 3 24 40 9 16) (27 10 14 45) 29 49 (47 37 25 34) 48 (46 4) (15 1 23) (22 42 50 8) (12 5 36 32 26) 44
35: 17 (31 11) (41 9) (42 25 44 16) (48 33) (39 37) (13 5 26) 30
36: (21 4 37 8 12) (9 45 48) (43 36 50 1 33) (20 47 17 18 39) (5 49 25) 10 (24 7) (14 31) (2 23) (30 19) (16 29 35 11) 32 (22 6 44 42 38 34 40 15) 41
37: (42 49) 28 (39 34) 33 16
38: 28 (3 46)
39: (35 30) (29 15) 14 (32 47) (42 48) (9 33) 17 12 (31 45 3 38 36 18 46 10 6) 39 (5 40 50 1 20) 37 23 8
40: 50 (47 43) 29 37 (15 4 28 12 3 18 41 27) 22 36 (11 33 20) 16 (26 9 1) (19 32 23) (34 2 38 5) 30 46 (17 6) 7 (42 31) 44 24 (14 10 13) (21 45 8) (40 39) 35 (25 48)
41: (7 13 29) (25 21) 35 41 27 (24 37 46) 43 (9 16 26 15 48) (36 31) (49 28) (44 2 5 33) (17 18 4 45 23) (32 6)
42: 20 (13 37 18 28 6 12 40) (22 41 30 48) (50 17 45) (42 47 44) (23 7 19 39 25 3 36) (35 46 16) 11 34 4
43: (16 34 11 2 30) 33 (4 17 7 46 50 29) (27 19 1 13 6 44) (45 36) (3 42 18) (10 20 23) (31 25) (40 39) (26 38 37) (49 41 24) 32 (35 12 22 47) 48 (8 43)
44: (48 32) 15 47 (17 7 29) 11 (2 6 40) (38 21 3 26) (4 42) (44 30) 16 (10 1) 8
45: (3 48 16) (45 34 47 14 29 27) (28 49 35 20)
46: (21 32) (5 36 24 50 47) (3 33 41) 28 (12 35) 48 17 (46 10 11 27) 26 15 38 30 7 (34 1 22) (39 43)
47: 45 9 (29 10) (39 33 41 17 12) (34 11 31 30) (26 44 32 4) (22 43 14) 37 6 15 (24 47 27) (36 35)
48: 24 31 (4 9 32) (11 35 14 6 41 47) 28 39 21 (33 13) 5 (25 22) 42 27 10 (46 16) (38 40 36 12) (34 45) 44 (19 29) (48 37 50 18 2) (7 20) 23 (15 1 17 43)
49: (48 28 35 14) 40 24 (47 2 46 41) (39 4 10) (16 30 25 27) (15 38) 11 49 9 29 (1 42 12 22)
50: 33 (23 43 34) 36 (28 14 22) 17 7 (47 18 20 9 31) 30 50 (39 37 12 1 35 41 25 3) 38 (6 44) 42 13 (24 21) 10 (8 27) 5 (15 32 26) 11 (45 4) 46 (49 2 16) (19 40 29)
1: 18 (17 46) (43 15) (39 5 9 40 4) 13 (32 50 7 21) 34 (44 3) (19 11 28 33 8 48 49 36) 22 (26 14)
2: (41 15 44 9) 34 (40 2) 49 (20 36 3 43 27) (14 16) (50 29 26) (4 48) (33 11 17 28) (8 7 5) 31
3: 38 (30 7 1 8 2 50 33) 15 28 (31 20 42 3 46 10 17) 39 (40 34) 45 (44 19) (24 43)
4: (2 36) (4 32) (29 34 3) (5 47 50 23) (43 28 16) 17 (11 31) (44 15) (14 33) 26 41 7 (40 8) (48 42 24 49)
5: (16 50 36 7 2 48) (8 13 35 4) 46 (32 27) (11 30 40 41 34 1 6) 17 (3 23) (19 31 24) (5 15 39)
6: (8 47 3) (43 42 48 2 5) 27 17 (33 13) 16 39 (40 41 24) 36 (11 9 7) (50 26 31) 44
7: 42 (41 16) 11 (15 29) (48 8 18 2 7 3 17 44 22 20) (31 43 5) 33 19 (10 23 4 40 27 50) (26 46) (30 13 36) (28 6) 1
8: (8 9 26 3) 31 40 43 (50 44) (5 33) 39 (36 20 34 17)
9: 33 19 (41 50 39) 28 (1 35) (8 14 20 4 5) (47 40 15 17 49 30) (9 16) 3 36 (6 7 48 18 34)
10: 27 (33 30 36) (26 39) 40 2 (5 48 32) 31 7 (28 34) (49 11 46 23) 4 47 (44 43 9 17 3) 8 (50 10 29 21)
11: (36 35) 31 46 13 (40 20 17) 11 (44 50 48 25 22 47 49 33) 7 (3 30 34) (1 15) 4 2 (43 42 21)
12: (1 14 8) (47 24 33 48 28 22 42 7 11 5 40 13 39) 46 17 49 36 (34 16 4 15 50) (43 3) 9 (32 29)
13: 41 48 42 (7 8) 50 3 (40 29) 15 (1 32 9) 33 31 2 6 (35 43 30 26) 5
14: 34 (3 4 33 17 49 24) (39 48 11) (5 15 36 40) 47 13 8 (26 45 7) (50 6) 20 28
15: (50 11 46 48 26 44 9 47) (41 36 49) 33 (3 24 39 7 1) (13 17 31 8 20 15) (40 6) 34
16: (10 3 43 6 36 34) (32 2) (45 41) 4 (40 17 35 27 50 37 42) (44 7 48 5) 8 (19 49 33)
17: 50 (48 30 8 41 34) 44 (33 15 17 43 5) (16 10 46 42) (4 20 47 35 39) 19 40 2 (7 3) 31 36
18: (36 50) 19 (5 8 22 40 33 41) (34 3) (6 43 32) (39 18 42 4) 48 7 (11 17)
19: 36 4 (1 31 40) (34 43 19) (42 50 7 2 3 33 13) (11 28) 23 (15 5 32 17 48)
20: (39 30) (31 19 27) (42 8 33 23) 15 (17 5 11 43) 45 (28 34) (26 20 1 16 50) (48 14) 7 3 (36 40)
21: (7 33) (44 36) (41 23) (50 48 30 8) (18 46 4 17) (40 2 16 3 9)
22: 30 4 (1 48) (8 26 50 42 46) 5 (43 36 40) (3 33 47 7 49) (24 28) (34 31) 17 (32 20)
23: (50 33) 40 17 3 (4 34) (22 36 28 39 5 41 43 32 7 42 48)
24: 46 (2 24 5 13 40 33 4 36 28 47) (50 17) 32 (11 48) (3 30) 34 (14 49 43 41 15 8) 31
25: 3 24 (14 36 42) (7 11 8) (20 33) 6 (19 35 17 4 27) 26 5 (41 50) 43 (10 40 13 49) 9 (34 15 48 28)
26: (35 20 40) (33 47) (4 15) 50 (2 34 27 13) (7 23) 43 (5 46 17 8 3 6 14 44 31) 22 41
27: 17 40 13 48 (50 7) (49 8) 15 (34 47 11) (43 33 41) 28 (30 46 31 12 5 3) 21 (45 27 4)
28: 38 21 (49 23) 41 (40 45 34) (1 50 16) 4 (48 46 30) (5 11 37 28 6 9) (15 3 42 8 7 14 33)
29: (34 12) 48 (47 50 30 49) 45 (23 44 43) (5 9 33) (4 17 24 31 8 3 40 36 16) (2 41) (7 28 39)
30: (39 31) (35 28 16 40 11 47) (46 3) (27 36 42) (4 43 15 6 17) 30 7 (29 44) 49 (18 33 8 50)
31: (28 24 43 1) 8 (34 50 3) (29 40) (48 6) 11 (17 2) 4 30 18 (39 23 47 33) (15 5) 20 (35 41 36 31)
32: (26 44 27 24) 29 10 (50 7 36 20 43 2 32 3) (33 21) (18 4) (48 41) (39 16 28) 40 (47 34 17) (23 46)
33: (39 31 5 7) 16 20 (50 48) (17 35 8 46) 18 (9 36 28 37 33) (14 34 41 27 43 2 47 23) 19 (3 24) 40 30
34: (29 23 45) 30 (42 5 17 7 8 47 40 4 36 43) 32 (18 33 3 37) 34 (50 31 15) 46 16 (48 9 2) 20
35: (39 14 45) 41 49 (1 29 8) (3 47 9 48) 15 (20 28 43) 2 (13 46) 31 (22 33) (42 32 40 36 17 50 5 27)
36: (24 34 10 8) 28 (20 36) (50 42 43) (3 41 5) 15 (21 30 46) 33 (40 6 11 2 14) 31 (47 39 48) 7
37: (40 11 34 21 19 47 13 8 50 22) (42 41 3 26 9 4 18 16 24) 36 39 6 (31 30) 33 (7 43) (1 35 17) 48 20
38: (36 18 50 49 40) (39 6 43 20) (7 3 17) 48 4 (44 46) (8 16 31 29) 33 15 (28 23 5)
39: 49 35 46 (4 3 5 6) (15 40 8 17 32 16) 20 31 13 50 30 39 33 36 42 (7 1) (43 47) (48 37)
40: 27 (5 22) 50 (44 33 17 49) (9 4 28 42 1) (18 40) 39 (36 7) (43 34) 6 (2 20) (3 48) 8
41: (1 30 48 40 33 20 50 46 8 43) (36 35) (7 4) 49 (5 3 6 2 47 32 27 17) 42 41
42: 50 (20 10 22 17) 37 6 31 (12 43) (42 44) (2 40 48 4) 7 (33 39) 27 (5 49) (34 3) (8 32 35 16 9) 36
43: 50 (26 4) 22 5 43 (3 2) (19 47) 36 (33 48 18 24) (46 15) 40 34 11 (32 41) 13 (7 20) 30
44: (35 2) 1 31 (4 20) 44 41 (47 8) (7 40 15 34 42) 23 17 29 (30 33 50 3) (26 28 48 43) 32 (5 36)
45: 36 40 (32 39) (15 43 1 3) (42 48 16 5) 19 (34 17) (47 7 22 6 45 21 41 9) (11 8) (2 33 50) 13
46: (40 14 9) 38 (48 31 42 27) 3 (11 46) (6 4 39) (33 49) (32 20 13) (7 50 17 8 34) (2 28 5) 43 41
47: (17 43 2 34 39) (23 36 46 8) (3 33) 16 48 (47 7 45 4) (44 29) 5 (40 50) (49 1 42 20)
48: 23 (33 17) (31 8) 6 42 (35 43) 46 (18 39) 45 44 (16 15 34 12) 40 (36 41) (28 32) 3 (11 48 7 49) (24 4) 5
49: (13 41) (27 4 34 43) (5 11) (7 49 9) (50 36 37 1 15 33 45 20) (3 8) 30 17
50: (40 48 39 46 27) (17 3 24 43 2 50 34) (32 8 5) (42 6 23) 4 7 (15 28 11) (33 36)
