50 50
1: 41 (33 1 17) (19 31 37 6 13) 15
2: (21 40)
3: (6 4 10 5) (18 37) 29 22 16 47 (21 42 48) (39 28 17 14 3 45 38) 19 (30 44 20 46 33 50) (15 34 27 25) (31 9)
4: (2 47) 28 (37 27) (40 16) (43 42 30) 15 (4 38) 1 10 (29 45) (46 34 41 21) (11 5 19) 22 36 (23 20 35) 7 (14 26 18 17 13 39) 33 (3 24)
5: 16 (33 14) 8 (28 19 31 11) (50 35) (20 15 41) (40 3 36 9 5 18) (30 4 10) (27 7) (47 46) 1 (32 43) 17
6: (2 23) 50 (13 17 10 38) 39 36 37
7: (31 25) 17 15 (24 20 33) (10 4) (12 38 41) 30
8: 41 37 (21 18) 13 28 (4 2 5 46) (33 9 32 34 3) 43 24 20 26 (6 47 36) (10 35 38) 25 (23 49 14 44 29 8 45) 15 (16 27 1) 50 22
9: 19 17 (15 23) 28 50 (4 13 2) 42 (20 9 43) 45 (29 36 40) (6 33) 16
10: (6 44) (11 10) 27 (50 26 23 48 3) (37 25 13) (41 47 5) 49 (40 21) (17 2) 16 (32 45 1 18)
11: (15 3) 23 (6 12 48 45) 35 (22 9) (44 47 11 38 27 49 29) (37 16) 43 39 10 25 (21 17) (18 42 34 13 30) (41 2 19 1) (20 46)
12: 46 (26 4 13) (48 7 6) (28 31) (24 34) (47 18) (16 11) (32 22 25 9 33)
13: 46 (28 44) (36 43) 2 (24 13 10 21) (8 49 26) (20 47) (34 41) (39 27) (11 37 25 16 35 5) (12 15 29 4 14) 3 (19 7 9) 33 (42 23) (32 18) (1 38) (45 40) 31 (50 6 30 22) 48
14: 2 48 (38 22 35) (24 41 14 39 5) (15 36) 11 13 40 43 (46 33) 37 (8 30 6 49) (17 26) (3 10) (34 25) (50 45) 47 (21 12) 31 20 7
15: 24 14 (18 22) 46 (48 21) 44 (20 38 32 27) (28 42) (17 33 16) (13 41) 5 29 (12 36 50) (37 6 2 47 26) (34 4 19) (49 35) 8
16: (47 22) (10 33 42 17 20 23 40) (41 37) 9 44 (25 30 31 26) 50 4 8 (45 49 29 46 14 32 11 48 2) 18
17: (46 47 25 37 49) 21 (31 50) (18 10 24 8) 39 (16 22) (28 35 38 3) (15 42 7 4 9) 40 (23 17 48 45 14 20 29) 33
18: (44 19) 37 (17 3 40 29 22 14 27) (39 7 5)
19: 28 (11 50)
20: 18 27 16 (19 10) 26 5 28 8 (20 3 17) 42 (35 23 22 33 6 39 7 12 32)
21: 35 (13 46 45 28 10 42) 50
22: (19 43 4) (1 8) (15 18) 46 33 11 (47 45 20 30) 44 26 (39 2) (12 16 21) 48 (42 25) (9 27) 22 (28 5 34 6) 10 (7 14 40) (32 17 37 24 3 29) 38
23: 2 32 37 (12 31 20) (13 11) (14 44) (22 4 26) (48 40) (46 5 6 7 36 49) 27 (38 21) (34 9)
24: (3 14 19 12 37) (22 32) (35 27 39) (20 33 49) (29 1 10 36) 42 (5 46) 41 (26 18 31 43) 23 (15 28 4) (2 44) 17 (16 13 11) (9 45 24 25) (40 47) 30 8 (48 50) 21
25: 28 (45 14 9 29 5) 11 (27 7 31) (41 46) 33 (3 1 10) 6 (25 48 16) 34 38 13 (43 22) (8 2 40 30) 37 44 (26 32) (50 47 18 17) 35
26: (12 28) (19 16 5) (43 14 24) (11 23 38 42) (45 10 35 30 33 17) 29 (26 46) 21 (50 48) (22 47 2) (44 3 8 40 37) (6 9) (1 34 49 7 27 39 13 41) (31 4) 32
27: 32 (31 15) 7 (20 24) (44 27 4 34 9 43) (39 16) 36 (11 48) 37 23 (45 29 28 42 30 5) 10 (18 22) 2 25 12 21
28: (35 11 28 18 24 48 29 10) (31 4 22) (41 43 16 21 27 7) 1 (19 40) (26 17 8 37) 14 44 23 9 36 50
29: (15 19 17)
30: 1 10 (33 15 46 41 47) 36 (48 19) (14 39 49) (26 42 4 5 24) 18 (23 50 7) 27 3 (8 29) 45 (16 40 28 13 38 25) (32 35) (2 6 37) (20 17) (31 21 34 30) 43 (22 44) 11 (9 12)
31: (36 20 16) 39 49 (15 24 45) 44 (26 30 43 6) (42 29 33) (35 21) (32 3) (12 48 10 27 19) (37 31 13 22 46) (50 23 40) 11 (18 8 25) (2 4)
32: (12 33) 11 (4 9) (31 49 27) (41 21 22) 45 (19 40) 32 50 (30 16) (24 7 5) (8 42) (29 26) (48 25) (28 20 47 14)
33: (36 50) 9 20
34: (2 23 15 21 1) (4 12 34) (22 19 30 3) (13 33 18 46) 44 40 (6 31 14 5 8) (27 20 17) (37 38) 10 24
35: (40 41 19 43 50 14) 42 (6 45 35) (15 29 21 47) 24 4 (2 7) (10 27 22 32) (49 12 26 23 20) (1 48 16 34) (38 39 9 30) 13
36: (9 49 16)
37: (45 43 50 29 25 48) (37 20) 2 (6 5 11 22) 33 7 (31 21 34) (16 23) 4 (30 10 35) 12 (42 19 32 28 47) 40
38: 18 2 28 (14 42 20 32 36 9 45) (43 25) (44 50 8 24 23 13) (19 35) (1 3 12 30 16 46 37 29 47 21)
39: (49 14) 23 (38 7 37 33) 28 19 47 34 (3 24 11 30) (42 50) 4 10 (1 32 43) (22 8 15 26 44) (9 46) (5 12 45) 6 (17 39 35 21 20) (36 48)
40: (35 3 50 41) 47 (11 24) (5 36 31 21 8 18 12 13 26 29) 28 (10 30 4) (39 49 15 16) (1 38 37) (46 23) (43 40 14 22 42) (9 44) (27 48) 17
41: (21 45) (9 38) (10 46) 22
42: (4 20) (3 11 18) 32 (36 40 31) 49 (46 21 8 50 34) (23 2 14 28 48 39 24) (9 37 30 7 29) (12 33 22 41 26 38 5 13 42) (45 47) (35 25) (6 44) (17 19 27) 15 43 1
43: (37 34 25 15) (27 42 13 23) (24 20 43 16 38 41 31 29 10 39 3) 19 (17 18) (6 49 14) (22 26) (1 4 21 28) (8 5) (36 11 46 2 48 47) 33
44: (1 19) (17 26 23) (46 45) (2 21 5 10 25 48 30) 40 44 (14 50 43 18 6) (16 47 37) (3 36) (33 4) 28 34 24 (27 29 31) (38 13 32 11 8 42) (12 22 9) (35 20) (49 39) 15
45: (24 20) 9 (39 13 29 31 5 41) 1 23 16 (10 2 34 36) (42 12 45 14) (17 11 32 28) 25 (8 30 49 38 6) 27 (44 33) 47 (46 50 26 4 18 37 22 35) 3 7 (48 21 43 40)
46: (44 16) (37 11 17 18 7) (45 12 5 20 43) 38 3 9 47 48 (2 34) 32 41 (35 15 26)
47: (39 5 20 34) 18 24 (50 38 10) (33 9)
48: (3 33) 27 26 (37 25 44) 46 (47 11 30 16) (2 1)
49: (6 27) (42 34) 47 (50 11 35 31) 19 (41 12 49) (30 24) 32 40 9 (15 16 25) (48 23) (18 28 45 29 43) (17 13 37) 22 (21 36) 39 5 3 46 14 2 (4 26) 38 8
50: 7 44 33 27 (18 24) (29 20 36) 21 (8 13 3 12 42) 5 (4 26 38 49 47 11) 15 (6 19) (25 30) 10 (40 32 45 34 22) 46 43 17 50 48
1: 10 (4 44 39) (25 30) 22 (28 42) (13 45 5) (24 48 34 26 43 38 8) 40 (11 35 1)
2: (8 25) 26 9 (42 24 23 49 4 35 27) 6 (31 44 10 43 16 30) (37 14 48 15) (11 34 46) (45 13 38 22)
3: 17 (31 49) (42 3) (24 48) 43 (50 18 30 34 46 11) (10 40) 39 45 (26 13 20 22) (44 38) (4 5 25 8 14)
4: 30 8 (43 49 9 7 27) 22 (15 13) (3 45) (35 44 5 34) (23 16) 17 (12 31 40) (26 4) (37 24 42) 32 (39 50 28)
5: (43 46) (39 24) (27 4 3 13 22) 32 50 (18 26 8 30 20) 42 10 14 (37 25) (49 47 40) (34 23) (15 45) (44 5)
6: 8 44 (23 13 45) (9 3) (39 11 10) 1 (43 15) 50 (14 30 25 42 12 35 22 20 37 49 26 34 31)
7: 30 (28 50 23) (12 45) 27 (37 39) 22 (35 4) 5 25 46 (18 17 13 14 32) (26 20) 42
8: (31 42) (38 45 49 43 16 22 50 30 14) 17 25 (5 39 44) (8 34 15 28 20 26) (24 40 32) 13
9: 33 (12 16 11 35 24) (44 26) 28 (38 41) (23 39 13) (40 3 9) 45 36 (27 25) (46 22 8 17) (5 32) 30 (42 49 47)
10: 31 (35 5 47) 43 21 (11 8 6 20) 27 (37 14 28 3 40) 17 26 (25 41) (30 45 50) (7 24) (13 16 10) (4 34) (39 22) 44
11: 23 (27 4 13) 45 (39 46) (25 44) 40 (16 49) 24 (22 31 28 48 26 11) 10 (42 14 5 19) 30 (37 43 12) (32 50)
12: 31 (34 22) 27 (26 13) (49 50 45 24 37 44 39) 7 35 (23 38 30 32) (15 42 20 14 46) 11 40
13: 12 13 (6 11 38 49 31 10 25 14) 15 42 35 50 (23 34 44 40 1) (8 24 21 45) 4 (30 26) (9 43)
14: (49 28) 34 5 (3 15) (38 43 17 8 45 4 18) 13 (16 32 44 42 22 26 35 30) (23 39 40 25) 24 14
15: 13 (9 34 3 50 29) 8 (17 46) 27 (11 40 1) (42 4) (43 31) 7 35 (14 39 49 5 24) 44 22 30
16: (32 40 3 35 48) 25 (26 38 43 4 17 5 30) (8 15 13) 31 10 (37 27 45 36 44 12 46 28 49 11 20) (9 22 24)
17: 25 (39 7) (46 17 26 29) (1 40) (15 22) (11 20 4 34) (45 6 14) (10 3) 49 9 (5 28 42) (50 18) 43 (44 30 16 24)
18: 38 (47 31 4 3 22 25 15) 28 8 (27 44 49 30 24) (5 16) (40 42) (12 13) (34 43) 50 (46 11 20 45 10 17)
19: (4 38 5) (1 32 44) (50 18 30) 13 (3 43 22 35 15) 37 (49 29 9 20 39 28 24 26 11 42 34 31)
20: (8 50 32) (37 46 33 43) 42 (45 3) (9 5) (17 22 15 34 38 27) (30 23) (14 31) 13 (39 47 44) 11 (35 7 16) 24 (4 20)
21: (42 15 26) (35 17) (32 38) (14 27 44) (24 34 28 2 43 45 22 41) 40 (49 50 13) (30 10) (31 8) 4 11 39 (37 23) 3
22: 34 43 12 (13 42 15) (44 3) 26 (31 39 24 14) 17 49 (16 45) (37 28) 27 (25 22) 32 40 (18 35) 50 (20 4) 8 (11 23) (30 41)
23: (8 35) 42 49 (37 28 16 9) 27 (43 40 44 39) 26 (20 6 10 30) 17 45 4 38 34 (11 31 24 13)
24: (22 14) (4 40) (24 32 13 34 43) 30 47 31 44 (42 26 38) (45 12) (50 8) 28 (15 39) 27 (17 7) 35 49
25: 31 (49 22 16) (7 42 14 17 3 43 11) (44 50) 30 (38 27 12 13 8 45 24 10 25 32) (48 37)
26: 25 22 (12 48) 23 (13 8) 28 (4 15) (16 35 32 45) (26 44) 24 (40 50 31) (42 39 46 14) (30 49 10) (20 43)
27: (32 4 30 42 31 27) 15 10 (5 22) 50 20 (25 34 48 40) 18 (45 26 8) (13 3 23 28) 11 (24 44 43 49 35)
28: 25 (15 40 30) (44 9) (49 32 37 8 13) (20 26) (19 38 4 45 5 42 27) (39 22 28) 21 (24 3) (12 17 43)
29: (4 40) 32 (28 17) (27 49 38 3 35 26) (13 42 9) (31 25) 11 (45 30 44 16 15) (50 37 18 24) 43 (8 22)
30: 38 (34 3 5) 11 45 14 (32 49 4 42 16 31) 39 37 48 (24 13 30) (25 40) (22 50 27) (7 35) (26 44)
31: (30 49 42) (13 3) (27 7 31 17 1) 40 (23 43) 34 (44 12 32 24) (14 28 26 16 45) (25 5) 37
32: 38 (15 44 50 10 25 12 5 27) (32 20) (37 13) (30 23) (42 24 16) (26 35 22) (45 8 46) (39 49) 31
33: (1 43 13) 20 (5 24 44) (12 37 42) 15 (32 50) (22 26 31) (47 17) 34 3 (16 4 48) (8 9 30 14 7) (39 25) 45
34: (14 43) (30 50 23 15 25) (13 3 46) (45 26 47 37) 22 35 (49 11) (39 12 44 34 4) (27 8) 42
35: (8 28 35 31 42) (11 49 45) 25 (37 5 20 38) 15 17 (30 26) (21 46 24) 4 (39 44 14) (40 13)
36: (43 13) 24 38 (33 50 30 4 49 15 23 14 40 9) (31 45 8 28) (5 42 6) (44 39) 27
37: (40 25 15 26) 14 3 4 (34 44 22 11 39) (48 17) 6 (18 37 46) (27 42 13 24 45) 10 (23 43 49) (30 16 31) 38 8 (28 1)
38: (25 50 26) (45 8) 43 (30 22 41 17) (49 23) (39 7 11) (14 40) 47 (6 15) 4 46 44 (3 35 34) 42 13
39: 14 (39 43) (22 47 42 49) (30 13) 3 31 (40 44 18) 26 11 20 (6 35) 27 (24 45 17 4)
40: 45 44 9 (22 4 16 37) 23 (31 26) (13 28) 17 35 (18 10 5 40) (30 42 50 25) (34 24 32 2 14) 49
41: (24 14 32 11) (25 15) 7 8 35 (10 40) (45 43) (42 16 13 26 28) (1 46 49) (5 30 4)
42: 49 45 44 32 4 16 (11 20 35 13 21 22 15 50) 24 (3 43 37 39) (9 42 26) (40 31 17) (30 38) 27
43: 5 (42 38 14 37) (30 26) (44 45 9) (31 28 50 39 43) 25 (4 11 46) 13 (49 40 27 24 22) (8 35)
44: (25 8) (27 45) (50 16 3 44) 38 (40 31 28 34 42) 26 (39 15) (22 48) (10 13) (30 24 18 46) 23 11
45: (24 35 44) 16 11 22 (14 27 30) (25 13 37 4 39) (9 45 31 50 49 46) 17 (41 3) 42 (8 26 21 10) (32 38)
46: 17 (11 50 23 22) 34 (38 15) (41 5 30) (48 12 40 39) 21 (14 44) (16 42 26 24 31) (25 3 8 4) 43 (45 49 13)
47: (11 25 12 15 38) (17 16 24 35 8) (44 3) 32 (45 26 43 14 42 39) (46 4 5) (49 40 22 10 13 30) 37 50 48
48: (15 40) (26 11 32 31 30) (44 10 50 49 22 37) (42 12 35 45 24) (46 17 16) 28 3 (13 14 23) 25 (43 27 39)
49: 44 (26 17 35) (40 32 43 11 49 23) (24 39 31) (10 30) (14 8 42) (50 36) 15 (16 45 13)
50: (6 32) (31 38 8) (26 49 10) 47 (28 14 3 13) (35 42) (37 39 33) 16 44 17 24 (30 19 40 5 21 9 45 50 25 15)
