50 50
1: (16 5 2 36) 6 (21 3) 35 8 12 (28 44) 11 (42 1 45 34) (26 9 24) 20 (29 22) 37
2: (17 29) (9 27 41 38 47 34) (25 16 20) (14 40 10 31 33 43 35) (45 15)
3: (8 12 43 29 3) 2 (17 44 1 42 50 18) (11 33) 45 (30 28)
4: (18 39 48 1 16 3) 6 35 (10 2) (47 34 49 21) (32 24 50 8) (9 26 19 41 20 29 14) (30 46 31 33 17 27) (40 43)
5: (19 30 41 14 7 23 42) 25 (21 18 6) (9 20 34 31 3 10 24 5) (4 50 32 46) (49 13 33) 12 44 27 29 (2 36 16 38) (26 39) 28 47 (15 22 17 48)
6: 15 36 (13 9) (2 37 11 45 24 10) 38 48 (28 19 44) (22 5) 7 (42 3 49)
7: (47 40) (16 7 31) (48 21 22) 17 33 27 (14 9 28 13 42 4 26) (37 50)
8: 39 (18 29) 44 7 (5 4 13) (35 22 36 14) 27 (45 37) (9 49) (21 3 10 48 50 26 43) (41 19) 25 30 38 32 42 (46 15 31) (24 34) 11 (12 17 8) 23 20 16
9: 38 11 31 9 40 (2 22 21 43 35) (8 18 39) 34 5 3 (37 15) (49 25 44 30 10) 12 26 (45 24 47 50) 19 28 20
10: 1 31 22 48 (8 19 16 47 32 35) 28 41 (46 17 4 12) (27 38 20 29 42) 26 7 13 (50 23 45) 34 (18 2 49) (39 3) (15 6 36) 43 33 9 37 (25 5) (11 40) (10 14 21)
11: (40 2) (25 20) 44 (50 41) (46 5 7 23 49) 26 24 (22 31 38 16 32 34 21) 15 (19 18) (11 3 37 14) (12 9 42 13) (43 6) 35 (27 33 1) 39 45 17 (30 4 10) (47 8 36 29 28)
12: (49 24) (18 11) (45 19 23) (38 36 50 29)
13: 45 (41 49) 10 (27 3) 30 (13 50 38 32 48 21) (35 2 36 24 19 20 18) (8 39) 47 9
14: (38 36) (32 12 6) (13 23 8) (29 43 11 35 50) (42 24 19) (2 45 27 17 22 46 31 34 7) 49 (14 28 47 37) (1 30) (3 15 25) (41 48) 44 (16 4 40) 9 33 5 26 39 21
15: 36 7 27
16: (48 10 13 3 50 23) 46 (18 17 22 47) (29 32 2 33 6 39 43 34) 19 35 (12 14) 38 (41 37) 8 (30 42 27 15 16) (44 40 25 24 26) (1 4)
17: 41 25 (37 45 49) 24 (7 11) 26 (33 21 4) (30 23) 28 (27 18) (22 44) 19 47 (3 31) (12 2 50 40 48 39) 43 (14 42 10 20) (17 36) (38 15 35) (29 32 16) 34 5
18: (30 47 5 16)
19: 48 9 8
20: 36 32 (37 22 18) (14 20 41 1 8 9) (13 23 10 34) (28 44 25 16 31) (29 26) (33 19 50) 45 7 (27 17 42 48)
21: (16 41 15) 29
22: (6 42 7 45) (34 28 25 11) 22 46 27 48 (47 37) (3 13) (44 14) (49 9 16) (35 38 32 21 29 8 15 17) 2 (5 26 12 23) (1 10 41 24 36 30) 43 (19 39) (33 18)
23: 39 (3 43) (36 17) (15 47) (40 24)
24: (25 13 14 29) (24 49 7 39 41) (33 10 44 23 35) (27 4) (30 12 32 31 18 1 2 19 28) 21 22 9 (3 38 45 47 42 26 43) 50 (16 17 11) (5 36 46 37 6 34) 8
25: (38 34 44) (29 14 5) (36 48 21) (26 11) 32 (30 7 12 25 31) (15 24) (39 20 13 40 33) 2
26: 37 (43 20) (34 15) 12 (33 24) (6 1) (38 36) 9 7 (25 40) 21 44 (5 27) 14 50 8 30 (47 26) (49 13 17) (32 41 22) 31
27: 4
28: (23 29 6 17 42 41 39 27 50 45) (20 16 7) (24 2) 33 (37 22 48) 25 (31 40) 3 (26 13 15 43 38) (9 30 35) 34 (21 28 4 12)
29: 34 50 (1 18) (39 38) 28 13 (25 26 42)
30: (10 45 13) (38 48 32) (50 42)
31: (14 20 44) 30 41 (31 34 11 12 5) (4 15 18) 49 7 (42 8 50 19 39)
32: 19 (39 48) (15 44) (1 16 14 9 33 35 32) 34 45
33: (15 26 22 38) (18 49) (33 24 1 48 41 14) (17 20 5) (16 8 31) 45 (34 30) (36 21 40 29 6 19) (2 42 13) 47 7 (50 12 32) (44 11)
34: 35 (17 6 47) 32 7 (20 28) (2 31 12 41) (33 8) 48 10 (36 39 22 4 13 24 43 37) 25 (50 15 18) (30 5 45) (14 21 3)
35: (24 27 32) (31 23) 37 21 33 (20 42) (4 19 28) (25 41 44 26 35 39 9) (49 11) 18 50 40 12
36: 6 34 (14 45 18 16 10) 46 (48 17 44 41 19 50) (33 20 37)
37: 29 (6 13 4) 33 (23 45) (50 3) 18 27 2 (26 5) 28 10 20 42 38 (49 47 32) 11 36 (22 30 17) (39 43 40 21) (1 31 16) (48 12) (25 14 24) (44 19) (15 46) (9 7 41)
38: (36 26 14) (43 9) 45 17 42
39: (31 44 15 8) (42 1) 34 (11 30 48) (35 22) 37
40: (43 22 13 46 42 45 19 18 29) (47 21) 41 (16 50 6 15 8) (37 3 34 4) (24 23) 30 (38 17) (25 36 31 9 48 5 32) (49 20) (14 44) 40 33 12 (7 11)
41: 6 (37 43 35) (47 8) 42
42: (17 12 13) 39 (22 7 29) (37 15 45 42 44) 48 18 (2 33) (11 8 4) 3 (35 46) (41 5 40) 9 (1 19 32 16 28) (27 34 49) (20 10 31)
43: 36 6 (41 35 11 45 19 4) 32 (39 28 1) (21 26)
44: 28 (11 38) (18 21) (5 10 25) 47 (44 34 14) (36 50) (41 49) (9 16) (24 2 37 48 46 1) (31 30 15 19 35) (45 33) (22 32) 29 43 (17 8 40) (6 4) (42 3 27 12)
45: (42 48 38) (23 49) (39 24 1) (36 21 46) (8 45 37 4 27) (16 34) (3 35 14) (43 17) (40 32 26 6 2 10 22) 5 (25 7 29) (28 19) 44 (13 12 18) 30 33 (47 41 20) 9
46: (34 5 2) (45 11) (12 36) 14 (10 6 18) 15 (49 37) (39 32) (19 29 17) (40 13 7 16 44) 38 (25 43) (23 8 20 28) (22 35) (26 30 50) 31 4
47: (12 25 42) 2 27 (23 8 22) 4 14 (32 21 29 18) (13 43 50) 3 35 47
48: (34 22 38) (41 27 30 48 31 20 28) (29 8 10 25 5) (24 1 32) (15 3 26 2) 33 (13 23 4) 45
49: (49 15) (3 6 2 5) 31 (23 41 50 43 22) (46 33) (12 25) 13 42 47 (1 24 20 21) (14 18) (34 19 28) (9 4) 17 (29 48 36 16 10) (38 40 7) (37 35) 11 26 (27 45 30)
50: (11 30) 47 27 43 34 (7 14) 35 39 32 23 48 (33 25 50 4) (22 8 44 36 21 9 40) 45 1 (31 15) (5 24) 42 (37 20) (46 19 41 18 6 28 38 12) 2 17 3 (49 26) 16
1: (24 43) (32 45 10) (11 3 50 26 42 49) 16 20 (14 37 4 39) 22 44 (1 48) (33 29)
2: (1 34 48) 9 (5 14 37 47 33) 44 (46 49 13 42) 45 (25 4) 50 10 (6 24 3) (22 17) 28 (16 11)
3: 3 (49 10 48) 34 40 (22 6 47) 50 (24 37) (11 17) 16 28 (13 44 1 23) 4 (42 45 5 8 9 14)
4: (46 37 40 7 10 49) (45 43 27 34) (44 16 5 24 11) 50 (35 28) (48 42 14) 47 (31 17 8)
5: 10 (26 44 22) 17 (11 50 40 14 49 46) (45 31) (1 6 8 48 25 18 24 42 9) (34 37) 33 5
6: 24 (37 4 5) (43 1) (10 16) (14 45 44 22) (41 49 40 33) (50 46) 36 26 (11 28 34)
7: 20 25 26 (49 34) 46 28 (33 8 37 10 40 42) (6 7 31) 14 (22 11) (24 5 17 45) (15 50)
8: (42 16) 4 (1 11) 22 33 (26 47) (3 10) 24 (39 14 9 8 41 48) (44 46) 31 45 (20 34) (19 50 40 13)
9: 19 37 (5 6) (28 4 24 38 10) 32 (8 42) 1 2 (22 26) (50 7 13) (49 40) (9 35) (45 11) 14 (44 20)
10: 22 (5 37 30 6 11) 8 (16 9) (34 49 10) 4 17 (24 20 42 46 45 2 13) (48 44) 36
11: 31 8 39 (24 35) (11 14) 50 (33 37 10 49 42) (3 44 1 25) 46 12 22 (9 40) 17 (43 6)
12: (9 26 10) (34 45 50 37 42 3) (40 17 49 28 25 33) (16 14) (35 11 31) 22 (5 44 24 46 47) 8 1
13: (49 24) (29 45 40) 30 10 8 (37 13 22) (6 16) 48 (42 14 7 47) 25 (46 28) (20 5) (26 34) (33 11)
14: 45 (32 44) 7 10 (4 22) (40 5 31) (33 2 25 50) 47 (17 36 16) (34 37 49) (20 46 26 14 11) 8 (24 38)
15: (34 14) (42 31 40 11 17 8 21 25) (6 2) (50 39) 44 (5 32 46 49) 28 (10 9) 22 (26 33 37 48) 23 16
16: (21 10) 40 5 (49 4) (20 18) (46 16 14 1 45 22 44) 8 (7 2) (17 37 33 42) (36 24 11 28) 32 50
17: (46 16 17) (24 44 38) (26 37) 11 (34 5) (23 22) 20 (40 28 33 36) 50 3 (4 2) (42 49 14) (45 8) 10 7
18: 46 (9 40) (35 47) (29 22 31) (45 34 42 5) 37 (44 4 17 13 49) 24 (36 33 10 11 8 50 12 16 3 20)
19: (12 35) 6 (10 43 49) (42 13) (45 17) (44 20 9 36 31 24 8 37 14 33) (22 50) (16 32 11 40 46 5 4)
20: (17 5) 4 (9 40 10 49) (26 48 36 37 20) 45 28 46 50 42 2 25 34 33 (1 11) (13 31) 8 35
21: 35 17 (11 14 8 5 9 26 25 37 1 33) 7 (45 43) (50 40) 4 (10 13) 49 22 44 (24 34 28) 47
22: (5 6 7 40) (17 26 1 14) (34 45) 50 (9 49) (48 20 11) 28 (44 16 37) 33 (24 46 42 10 39 47 8 22)
23: 12 40 (49 17) (16 5 10 48 35) (24 46 45 50 14 22 47) 37 (8 20 11 28)
24: (44 1) (50 45 40) (16 33) 22 49 (25 9 26 4 35) (48 17) (8 5 11) (28 23 14 12) 13 (34 6) (24 37)
25: (40 29) (46 14) 45 26 10 5 16 (8 11) (9 25 44 2 24 48) (37 49) 28 (34 50) 17 (47 20) 35 22
26: 29 28 (17 16 46 1 24) 49 50 (11 26 10 35 5 43 4) (7 9 22 33 25 45) (14 8 38 48) (37 20)
27: 4 24 (10 2 16 42 11 26 15 14 17) 20 (50 49 37 22 45 8 35) (48 7 5 44 13) (28 47)
28: 50 (46 43) 48 (11 34 20) 10 (45 28) (3 22) 29 9 35 (17 7 1) 14 49 24 42 (6 5 37) 44
29: 16 11 (44 37 10 22) (46 28 48) 21 (8 14 45 1) 12 (49 42 4) 3 (2 24 47) 25 (17 33 20) (5 40)
30: 22 (31 49) 24 39 (44 40 26 28 8) 13 5 33 50 (9 18 37) 11 (45 48) 14 (25 4 16 17) (3 34 46)
31: 5 (14 42) 26 (33 37) 50 (39 11 40 8 44 4 28 31 49 35) 7 24 9 (10 48 46) 25 (34 17) (2 20)
32: 11 (22 46 14) 8 (4 32) 33 (40 24 25) (30 10 50) 20 (37 13) 44 43 (45 47 16) (5 26 42 34 35 17) 48
33: 49 42 (28 3 33) (37 35 50 4 14 24 48 25 22) 11 (26 16 2 20) 32 (17 34) (36 7 44) (40 45) (5 10)
34: (16 17) 48 (25 29 31 14) 5 (45 20) (32 42 39 50) 33 1 (10 8 9) 4 24 (26 44) (46 40 49 11) (2 28) (36 22)
35: 24 9 (46 22) (43 2 28) 16 8 50 11 4 39 (32 34) (47 14) (13 42 35) (17 49) (44 45 10) (41 1)
36: (17 40) (45 1) (50 33 44) (38 10 13) 46 (12 14 23) (26 43 22) (11 34 6 15 37 49) (20 25) (8 24 5)
37: 24 (36 9) (45 17) 28 (10 35 42) 16 (26 22 11) 6 39 8 (46 41) (7 49 20 14) (50 40 44) (34 1)
38: (33 11) (10 22) 45 (46 12 6) (24 37 5) (25 26 2 50 44) (17 40) 8 30 (13 48 16) (29 9 49 28 14)
39: (9 42 17) 31 (23 14 25) (29 8) 34 (11 4 35) (43 37) (28 50) (5 10 24 16) (46 32 22) (45 13)
40: (25 14) (9 17 49 37) 44 45 35 33 (4 46 7 40) 11 26 10 (16 28 23) (42 2) 50
41: (13 22 20) 28 4 48 42 (40 33 2 35) 43 50 31 (44 21) (11 34) (36 45) (16 5 26 10 17 8 37 49) (24 14)
42: (29 37) 38 47 (10 7) (39 14) (42 49) 17 (22 20) (28 50) 31 (33 40 5 35 24) 41 8 (45 6) (44 1 11 3 30) 16
43: (47 8 10) (4 23 22) (3 45) (26 40) (37 44) 2 (28 41 9) 49 (46 34 38 17) (24 50 14) (11 16)
44: (35 46) 44 16 20 5 (3 36 25 9 8 17) (24 22) (37 26 45 39 1) 50 33 (11 40 32) (6 14) (42 31)
45: 32 (50 6) 13 (14 45 11) (46 28 3 37) (10 9 17 20 38 34 22 30 49) (12 2 1 44) (24 8) (48 36) (43 40 42 33)
46: 37 (4 5) 11 44 (40 14 22 16) 24 45 49 (10 42) (50 36 8)
47: (44 2) 24 (47 17 41 22) 16 4 (7 37) (18 50) 23 14 (34 26 33) (11 10 49 13 45 9 40 5)
48: (28 17 16 8) (42 10 48 49 34 44 50 7 33) (14 4 32 39 36 5 37) 40 (45 25 20 13 30 19 6 22)
49: (4 44) 37 (46 12 6) (45 14 5 17) (11 8 50 9) (33 42 26) (40 24) (13 31) (35 22) (10 49)
50: (10 28) (7 30) 5 46 (34 3 8 49) (14 29 47 4) (40 50 24) (16 37 44) (26 9) (20 31 13) (17 33 11) (35 12 36)
