50 50
1: 37 6 47 (17 12) (2 41 15 42) (16 8 18) 28 43 32 (24 48 13 7 38) 22 (30 3 19) (1 4) (34 45 33 27) 10 (5 31 39 26 23) (44 14 20) (29 46) (35 36)
2: (49 5 28 25) (47 3 50 4) (26 12 1 46)
3: 29 (1 12) (13 18) 4 19 (24 39 26 27) 43 32 (17 8) 36
4: 23 (7 37) 36 42 (33 39) 49 (14 6 8 38) (46 47 26 31) (1 35 10 13 20 18) 22 45 (21 48) 50 (19 3)
5: (21 13 10) (15 18 1 12 45 22 26) (27 47 8) (25 11 42 34 50) (31 36 3) (5 24 17 28) 9 38 (6 44) 20 2
6: (34 36) 50 2 44 38 (40 1)
7: 25 1 (10 5) 39 (44 34) (38 47 31 17) (3 11 22) (40 19) 32 (21 29) (24 50 41 37) (18 45 27) 13 (12 49) 35 20 43 (8 4 26 16) 2 (30 46 23 42) 33 6
8: (17 15 3) (1 16) 43 36 46 (13 20 9 27 29)
9: 8 23 25 (24 41 26) 40 (18 11 49 48 22 34 44 20) (7 39 5) 6 3 31 (30 19 35 33) 43 29 36 (46 9) 50 32
10: (25 9 32 2) 45 (43 11) 21 (34 23 22 7) (15 35) (27 17 50 8 28 42) 40 (48 46 14 30 1) 4
11: (27 20 40 13 25) 8 (10 7 45 24) (26 41) 48 3
12: (27 45 11 41) 29 2 (35 49) 28 33 22
13: (29 12)
14: 1 14 13 4 45 39 (27 22) (35 23 43 17 38 34 7) (26 19 6) (33 5) 32 21 3 (42 9 49 47) (36 18 8) 30 (24 28) (2 37) 50 16 46 (31 41) (44 48) 25 (20 15 10) 11
15: 47 46 34 (5 4) (32 7 31) 36 11 (6 39 50 18 43) (35 21 29 45 17) (9 14) 41 (30 37 44 28) (27 2) 26 19 (16 23 22 12 33) 8 (1 10 25 38)
16: (25 17) (12 2) (28 39)
17: (27 39) (2 34) 36 (42 20) 35
18: 17 (11 40 7)
19: 42 (40 24 19 39 7) (31 30) (3 12 28) (16 15 14 45) (32 27)
20: (44 49 38 1 34 24 16 42 9 30) 27 23 (40 5) (35 43 13) (7 14 48 25) (33 46 11 29 39) 20 17 19 12
21: 18 (38 29 7) 14 (34 8 41 44 5) 19 21 (35 23 9) (31 36 30) (32 28 3 4 13) (26 15 43 6 1)
22: (2 4 49 14) (41 8 6) 42 (15 26 9 23 32 29 17) 37 38 33 (45 44 47) 35 48 (25 10 40) (12 11) (18 50 27 20 43 7) (13 16) 22
23: (24 29 3) (48 30 39)
24: (19 48 16 24 7 40 38 42 33 47) (8 22 45) (32 18 29) (12 41) (50 1) (44 34 30 2 49 10) (4 11) (13 9)
25: (50 45 20 18 9 42) 13 (28 25 35 17 16 33) (22 39 24 43) 12 (5 23 47 14 1 38 31) (37 32 26 48 2) (8 7 30) (29 4) 34 (46 40) 6 15 (36 19) 11 (3 41) (21 49 44) 27
26: (6 12 1 31)
27: 49 (45 20) (22 47 30) (34 31) 32 (21 26 23 1 6 10) (24 5 15) 19 3 (14 8 16) (42 40 41)
28: 45 (27 39 19 25) (47 44 8 40 4 32 13 20 12 38 24 43) (37 22 11 10 3) (23 29 7 46 16 18) (5 28 48 34) (9 42) (6 21 2 26 49 36 31)
29: (30 2 34 26 1 9 6) (44 28) 20 14 33 (46 38) (5 25) (36 4) 40 49 37 (23 18 19 8) 17 (15 3) 41 (12 50) 11 (48 7 42 47) (32 31) 45 (43 39 27) (21 10 24)
30: (14 19) (35 29 11 4) 49 16 27 (1 2 32) 21 (30 18 7 34 20 17 41) 40 47 (43 22)
31: 45 (30 23) (15 42 25) (14 10 9 40 19 48 2 36) (33 46 47) (21 31) (34 38 12 20) 28 (7 49 39 37 41) (24 11 50 18 3) 1 (13 22 44) (27 4) (8 5 16 17) 35
32: (20 30) (29 23) 6 4 (37 40) 39 (47 36) (50 16) 49 (10 27) 19
33: 15 (48 6) 41 (28 24) (23 30) 22 33 (46 4 31) (39 45 14) (13 37 26 35) (3 42 44 38) (25 5 7) (34 29 36) (2 1) (21 10 16) 47 (9 50) 17 (19 32 12) (8 49)
34: (20 47 48 23) (25 15 29 45 31 22 46) 6 (38 9 1 34 14) (39 32) 49 17 37
35: 48 25 50 46 (21 12) 35 17 22 7 (41 18 3 43)
36: 1 (25 38 28) (33 43 6 15 40) 37 (23 14) 3 (21 22 30 39 12 18 7 48) (35 47 19) (26 32) (44 5) (46 4) 29 (8 31 49 17 11) 24 (41 9) (10 27 20)
37: 19 48 (42 18 21 16) (22 46) (50 38 49 35) (33 44 26 17) 2 (29 39 5) (41 12) (14 13 1 23) (32 15 30) (36 28)
38: (47 3) 11 28 (30 45) 7 (26 6)
39: 46 (3 29) (32 16 20 50 13) 17 38 45 40 22 6 (9 34) 7 (10 47 42)
40: 32 (6 27 39) (30 35) (47 11) 15 (45 21 34 7) (41 43 19 44 5) (25 50 13 16) (31 12 20 1) (38 40) (2 26) 29
41: (14 27 40) 47
42: (11 35) (47 28) (14 15 4) (38 12) (43 18 22 49) (9 44 31) (1 19 41) 37 (25 32 39 34) 16 48 (13 23 40 30 5 29 26) (2 17 27 7 3 36 46 42)
43: (11 43 18) (46 29) 12 (24 10) (32 9) (41 21 7) (49 1) (44 20) 31 (50 39 42 4 5) (6 35 28 34 2 37) (33 19 23 27 3) (40 17 25) (16 14 45 38) 26 (8 36 48)
44: (30 20) (13 16) (15 49 50 40) (33 7) (27 12) (25 32) 10 4 42 (1 46 35 9) 18 (2 6) (45 43 21) (44 36) (26 3) (47 19) 38 (29 34 31) (28 5) (23 24) 22 8 14 (41 17 48 39 11) 37
45: 39 5 25
46: (22 2) (18 27 34) 32
47: (25 31) (34 17 7 46) 47 (33 44) (30 21 37 40 9) 32 15 22 (48 23 20 27 8)
48: 15 (36 47) 32 (27 43 22) (40 9 7) (20 16 35) 28
49: (7 39 40) (26 16 19 30 25 23) (35 12) (43 29 21 8 46 15) 47 (37 41) (38 17 45 9 24 18 48 20) (33 1 36)
50: (43 20 10) 48 (15 16 5 6) 31 4 14 (19 40 12 11 49) 33 37 (47 1) (42 39) (2 21)
1: 8 (24 37) 27 36 (7 14) (49 43 26) 34 21 30 20 33 (6 1 29) 42 (4 50 40 25 5 31) (10 15 2 3) 44
2: (22 30 7 10 28) (37 1) 46 43 (40 24 12) 33 (17 25) (14 29 15 44) 16 (5 6) 31 42 50
3: 35 (33 5 23) (42 38) 4 25 (43 36) (31 19) 2 (39 29) 7 (8 21 11 1 9 28) 44 14 27
4: (30 2) 25 15 (1 32 44 22) (29 33 31) (28 36) 7 (21 42 3 24 50 14) (10 43)
5: (9 20) (36 29 33 7 45 15) (43 42) 14 (50 31 44) (21 2) 27 (28 37) (5 40 25) 1
6: (28 5 21 29) (38 4 33) 14 (34 26) (50 43) 25 1 32 (7 39 27 44) (9 15 40 22) 36
7: (33 30 49 4 36) (11 19) (31 21 24) (9 35 38) (10 40) (14 1 28 18) (25 47) (20 42 39) 29 (43 48 15 44) 22
8: 4 (44 21 49 31) (47 5 28) 36 (24 1 9 15 3 10) (25 22 43) 29 11 (27 33 14 7)
9: (42 34 10 5) (36 25 43) (31 44) (8 22) (20 9 49 21 48 39 15 28 14 33 47 24) 29
10: 43 36 (14 1 29) 27 (4 32) 22 (24 50) 39 (33 31 5) (11 44 15 7) 28
11: 40 (20 44 29) 28 (5 9) 10 30 (50 42 14 24) (38 15 25) 43 36 (22 31) (12 18 7)
12: 49 22 28 24 7 (33 3) (5 44) (13 15) 31 (26 25 50 16 35) 42 (40 37) (36 43) 20 19 (29 1 2)
13: (1 5 11 4 28) (14 7) 25 (44 31 21 39) 8 20 (42 37 40 33) 22 (24 3)
14: (15 33 10 43 25 29 34 20) 37 4 27 44 (14 21 41 36) (31 1) (22 19 42 30) 50
15: (44 27) (21 8 19) (5 29 10 49 1) (25 47) (34 33) 42 (37 36 22 50) (14 40 48 31)
16: (19 37 25 1 44 39 50) 27 (14 42) 28 (15 31) (40 22) 20 8 48 (24 30 32 43 33) (7 49)
17: 3 (18 34) (8 35) (33 25) (44 39 5 31) (49 42 47 37 10) 29 (7 20 43) 1 (30 15 14) 22 (16 36)
18: (31 37 3 1 42) (36 35 15) 28 (30 5) (49 46 29 9) (22 25 44 24) 14 (4 7 43 21)
19: (40 4) (19 49 27 21 14 28) (31 7) (29 50 36 3 33 43 42 1 37 32) 44 20 15 (24 25) (9 30)
20: (34 29 48 49) 39 (1 47) 17 (20 9) (28 44) (40 36) 25 32 (14 50 7 5 30) (22 8 43 4 27 31 11)
21: (27 35 21) 49 (50 4) 25 28 (40 30 31 5) 29 (43 7) 15 (47 44) (10 14) (36 37 33)
22: 4 (31 22 39 47) (37 35) (33 27) (7 9) (10 1 5) (48 30) (42 28 12 44) (36 25 46) 24 15 34 14
23: 10 (20 32 9) 44 (42 27) (37 4) (21 29 22 36 14) 49 31 (34 7 47 25 1) 43 33 (15 28)
24: (7 49 29 36) (31 9) (43 24 28 25 33) (27 20) (23 5) 11 (44 19 1 14 3)
25: 5 (16 20 11) (42 25) (36 22) (45 43 15 2 31) 49 (40 34) 9 (14 10 44) 28 7 (47 33 35 29)
26: 11 (28 22 29) 42 44 5 (27 21 2) (15 1 36) 7 (33 4 43 9) (49 38 3) (25 40 14) 37
27: 48 (36 40) (22 19 41 42 29 7 5) (30 11) (14 8) (43 3) (25 1) 17 (32 44 15) (47 28) (10 46) 31 12 20
28: 37 (28 2 1 29 12) (36 25 44 43) (15 33 48 38 5 31 16 10 14 21) (42 19)
29: 43 (20 37) 3 36 25 (42 13 24) (28 1 12) (34 39 21 49 22) 32 (33 30 15) 23 9 7 (8 40 44)
30: (10 29) (21 47 44 25 49 1 19) (38 36 24) (15 9 42 20 40 33) (37 31) 27 14 7 (30 32) 23
31: 29 26 (7 31 44) (15 43) (34 28) (25 42) (36 19) (14 9 4 50) (21 5) (33 1 47 40) 27
32: 48 19 (9 47 33 1) 30 (40 37 43) (25 42 36 7) (27 34 46 3 10) (29 24 21 39 14 28 15) (22 44)
33: (20 14) (15 22) 12 (47 50 43) (7 4) 25 (31 29) (24 1 33 44) (49 37 36) 9
34: (42 21 47) 31 44 27 (28 30 25) 14 7 1 (33 34 15) (20 43 6 9) (10 46 5 39) 17 40 29 24
35: (12 7 33 14) (48 22 20) 31 (25 43) 1 42 15 (9 37) (35 21 17 10 4) (49 40 44 30 36)
36: 44 4 48 25 (3 21) (9 32) (6 31) (43 37) 15 8 14 (5 33) 17 (1 28 49) (42 29)
37: (50 25) (31 28 7) (42 32 22 29 15) 1 47 (4 44) (36 43 49 34 14) 33
38: (28 39) (20 36) 40 (42 4) 5 (49 14 22) 31 34 44 29 (15 1 6) (24 7) 21 37 (33 25 43)
39: (23 36) (45 31) 33 (17 28 37) (14 34 32 50 3) (29 40 44 1 42 15 19) (43 9 25 20) (7 4 49) 16
40: 43 36 (10 50 27) (39 20 29 47) (30 49 32 41 22 42 31 40 28) (48 6) 7 (11 19 25 24 18 44) 9
41: (24 11 36 9) (27 42 37 1) 40 (33 14) (22 31 30 44 21) 25 (49 15 43) 29 (35 12) 7
42: (42 39) (17 19 22 27) 25 (5 29 33 20 24) (4 14 7 44) 10 (43 31 28 37 50) 1
43: 28 49 (15 9 35) (30 14) (44 42 20) 22 (21 25 7) 36 10 50 40 (43 48) 1 3 29 8
44: 29 24 33 7 (31 36 37 44) (1 6) 25 (21 14 20 22 40 43 47 9 28 42) (5 15)
45: (12 43 24) (31 44 4 49 27 14 15) 10 (28 1) 5 19 (38 40 39 22 29 33 7 11 34 25)
46: 20 35 28 (1 43 36 14 7) 25 42 (2 37 29) (34 4 33 8) 9 (31 15 44 49 39 47 10)
47: (24 30 40 39 27 4 15) (33 32) 38 (25 7 34 44) (29 5 22 49 28 47) (31 1 48 42 41) (14 50 36 2)
48: (20 10) (35 42 11) (49 44 9) (4 23) 22 (14 33 47) (29 36 24 37) (43 28) 34 (25 1) (50 31)
49: (43 22) 32 7 (27 31 34 30) (42 28) (4 36 29 44) 25 (2 20 50 33) (9 12 37 24 14)
50: (35 10 9 15) (31 43) 33 2 (14 22 32 5 4) (44 29) (40 37) 25 6 7 (39 24)
