50 50
1: 11 21 42 39 (14 44 12) 7 (23 32) 36 (13 22 38) (46 20 27 16 18 2 49 6) (24 50) (29 41 28) (5 25 1) (30 45) (31 34 3 43 33 19) 17 (4 40) 48 (8 35) (26 9 47) 37
2: (15 9 3 1 30) 35 33 (23 27 48) 34 (49 17 22 31) (8 16)
3: (29 20) (37 41 35) 45 (47 43 17 18) (23 1 38 31 46 42) (4 48 33 10) (24 44) (15 28) (8 50 13 22) 27 (3 2) (36 5) (30 6) 34
4: (49 31 34 13) (14 28) (39 24 21 37 20) 18 5 (38 50) (46 45 1 44 42) (36 30 35)
5: (12 47 42)
6: 45 (29 39) (22 13 44) 47 20 34 31 (38 9 33 27 24 14 21)
7: 7 6 17 (28 40 14) (24 48) 39 35
8: (8 14) 28 7 11 50 40 (31 21 49) (30 22 6 2) 43 (9 13 3 47) 25 41 (42 36 37 29 17 35) 1 18 (46 10 34) 32 39 44 15 45
9: (35 28 10) (15 13) 21
10: (25 23) 21 (46 31 43) 41 (1 45) 18 (33 15) 49 (38 14) (35 26 20) 44 6 3 (47 30) 7 (28 17) (24 37 16) (12 13) 27 (32 39 9) 40 (50 2 22)
11: (2 35 39 41) 1 (26 50) (10 15) 42 8 17 20 (22 36 4 23 9 11) (16 31) (44 40 7 34 24) 25 29 32 (45 19 46 13 49)
12: (42 45 50 5) (47 38 26 9) (25 34 3) (28 13 19 11) (48 24 44) (31 7 12) (29 40 32) (33 1 30 35 46 8 15)
13: (39 48 15) 8 (24 34 50 45 4) (40 28) (27 11) 30 17 2 3 20 (10 6 1) 43 33 21 36
14: 19 49 18 3 (5 41 43) (47 44 7) (48 8) (39 33) 46 (34 36 1 22) (12 29 2 17)
15: (24 28) (34 37 48 13 44) (38 42 4) (23 35) 18 (25 26 21 17) 43 (6 30 15) (46 49 7) (27 39 33) 14 (41 40 16 31)
16: (4 10) (42 28 43 1 7 14) 27 39 24 46 (11 41 40 29) (26 36 23 2 38) 15 12
17: (21 36) 18 (11 3)
18: (7 16 18) 12 (37 43) 8 (2 39 32 23 4 42 48 6 31 10) 17 (26 9) (14 36 50 28) 34 (13 46) (38 25 11) (44 27) 5 (24 41 45 1)
19: (17 33) 29 (40 9) (14 10) 20 (6 31 2) 42 35 5 (45 36 27) 39
20: (5 8) (23 42) (46 43 27 36) 48 (10 3 25)
21: 16
22: 37 42 47 6 (24 41 29) (43 9 28) 49 10 (2 19) 22 (20 16 30) 7 (21 45 26)
23: (11 33) (17 30 35) 4 (45 5 44) (9 36) (27 10 21)
24: (1 46 5) (43 3) 25 28 (50 32 22 26) (38 35) 20 (44 33 15) 17 42 (45 12) (31 9 41 7 11 48 40 8 34) (39 21) (24 23 49 10 13 14) (18 36) (6 47 37) (29 27) 30
25: (47 40) 18 (42 23) 3 9 (14 38) (30 7 26 10) (15 34) (50 46) 36 21 (28 20 13) (45 33 44 39 1 12 32 6 11 17 35 5) (29 31) (19 41 43 48 16 25) (37 49 27)
26: (43 16 12 17 30 28) 35 45 3 48 (47 5 7 4 14 32 24) (23 50) (20 10 34 22) (37 2) 40 27
27: 17 (48 24 15 28 31) 29 (3 16) (49 45) (26 21 22 11 40) (32 30) (46 33 39 9)
28: (2 42 9) (10 8) (28 41) (47 29 18) 22 35 38 (3 20) (43 49 6) (14 44) (46 32 24 48) (23 45) 12 17 27 (25 5) (15 34 37) (4 30 16 39) (21 11 26 13 31)
29: 12 (32 36) (28 33) (23 35) 13 (21 18) (10 39) (1 14) (6 7 41) (22 11) (9 17) 50 (16 2 37 40 3) (19 30) 27 4
30: (47 5 17) (26 36 23 16) (15 46 21 13) (24 41 34) 42 30 27 37 (10 40 2 25) (48 35) (28 45 50)
31: (8 47) (35 43) (12 46 14 36 26 40 32 33) 30 (2 27) (13 24) 37 22
32: (28 25 36 32 21 46) 13 (50 40 27 48) (1 34) 35 (2 29) 10 39 (17 16 43)
33: (6 1) (38 12) 40 13 27 (2 33) 24
34: 19 (33 30) (25 17) 28 5 (42 36) 24 (16 15) 27 (7 32) (3 39 18 43) 40 (44 12) (21 35) (34 4) (26 1) (48 11) 37
35: (16 17) 33 48 (42 23 30 47 45) 31 (8 43 35 38 20 39 10 1) (13 29 15 26 27) (6 19 34 4) (40 36 28 24 5) (25 22) (50 2) (3 49) 14 (32 41 12 7 37) 21
36: 42
37: (50 19 26) 33 47 1 37 (20 5) (30 34) (39 25) (3 13 16) (42 41) 38 (31 10 14) 12 15 (6 35 17) 28 (29 18 32) (46 9 40 44) 36 27 49 (4 48)
38: 47
39: (47 31 24) 10 (49 15) 4 32 5
40: (6 47 16 29) (7 42) 22 20 41 13 (23 10) 18 30 (17 24 36) 37 (49 45 19 44) (40 11 25) (27 1) 5 35 21
41: (22 5) (15 35 37) (23 47 40 19) (28 20)
42: (44 13) 38 17 (21 48) (39 9 19 5) 12 (2 26) 1 37 18 (20 10 47) (11 45 15 33) 16 (32 35) 50
43: 21 14 2 (13 3 32 28) (12 38 18) (44 19) (43 47) (49 50) (23 11 15) 20 (31 1) 35 (27 45 39 37 33)
44: (24 10 25 2) (34 42 50 21 45 30 20) (12 3) (11 27) 23 36 (17 28 40 22 37 31) 13 (26 38 47) (1 4) 32 (35 15)
45: (29 6 1 35 11) (42 4 5 47) 21 13 (25 16 37 28) (18 9 36 46) 26 41 (34 15 20)
46: (41 26 50 8) 16 (1 29) 24 (37 11) 17 (47 44) (5 31) (28 2) (33 14) 30 (6 12) 46 (40 43) (20 21) 19 (22 9 35 23) 25 (34 3 49) 42 (7 39) (4 32 38 36) (15 48 10) 27
47: (27 15 20 46 11) 8 (45 25) (50 26) 34 (10 16 38 29) 12 (4 28 43) (40 35 23) (24 49 30 32 36 3) (5 37 2 33 19 39) 18 9 14 41 (21 22 7 44 47)
48: (45 17 15 21) 16 19 (20 6 36) (31 49) (26 32 41 35 12) 2 29 (28 5 22) (3 46 50) 42 (4 25) (14 23) (13 30) 40 (39 38) (7 1 43 34)
49: 37 22 (5 50 15 43 14 48) (24 36)
50: (27 37) 22 45 (50 26) (36 20 10 4 33 16) 48 15
1: (13 44 1 24) 45 (16 42 40) 8 (48 3 37 10 14 29) (33 12 32 18 34 11 4 2) 35 (43 46 25)
2: 32 (10 26 8) 48 46 (35 42) 43 (33 30 19 1 14) (22 44) 3 18 (31 47 13 16 28) (29 11)
3: 28 (29 35 34 2 26 43) 46 (48 24) 12 (20 44) (17 25 10 14 1 37 27 47 13) (8 3)
4: 47 (50 16 35) 18 23 (28 11 44 48 39 26) 1 (15 45 29) (3 13 37 34 46)
5: (20 12 14) (39 19 24) (40 23) (30 26 46) 35 (28 48) (25 18 34) (49 37) 4 (42 1 41 47 45 3)
6: (7 29) (25 40 37 33 24) (48 45 1 35 10 19 18 28 22 3 8 15) 46 13
7: (40 16 47 10) (14 7 24) (25 11) 35 (26 12 18) (48 29 1) 15 22 46 (34 8)
8: (47 35) (24 13 12 14 1) (31 11) (46 8 28) (20 2 3) 18
9: 18 (27 12 47 19 42 8) (11 2 28) (25 23 37) (1 29) (46 45 6 10 22 24)
10: (9 19 42 18 39 22) 20 26 46 (47 29) 50 35 (23 28) (24 11) (40 25 30 16) (32 13 44 3) 37 8
11: (8 42 23 34 28 12) (40 45) (16 18) 24 11 (44 27 46) (47 13) 17 (25 1 43 29)
12: (33 10 28 12) (25 29 46) 48 (43 34 26 14 47 1 44) (31 16) (37 5) (42 24 18 35)
13: 43 29 44 (3 10) 32 12 (30 4 18 28) (24 6 31) 42 8 9 15 (37 40 33) (48 1 25 11 45) 35
14: (31 24) (29 4 49 15) (26 16 43) (35 25) (6 10 8 48 7 19 18) 28 (47 46 1 37)
15: 41 (2 16) 12 24 (11 48) (37 25) (42 30) 34 35 50 (46 8 43) 27 13 44 10 (47 49) 9 15 (45 28) 39 3
16: (10 37 29) (28 2) 42 (35 32 26) (50 34 25 48) 22 (18 47) (45 21) (11 27 30 1 46 40 15)
17: 37 (42 3 2) 27 44 48 (15 1) (25 18) 23 14 (29 46) 7 (35 32 10 24) 8 30 (11 13) (19 28 34) 40 26
18: 4 29 18 (25 3) (40 45) (43 24 10 42) (47 34) 37 (28 17 8) (14 15) 1
19: (41 46 14 22 42 11) (12 37 40 47 43 34 29 48) (1 35) 25
20: (28 4) (46 3 35 43 22) 10 48 (24 45 37 13) 50 (19 11) 25 (42 6 1 26 44) 41 (47 40)
21: 47 (10 4) (46 17 44 42) (34 45 40) 25 (22 43 23 48) 8 (1 30) (24 35 29) (32 6) (13 27) (9 15) 28
22: (14 35) (8 47) 49 (22 44 26) (31 24) 50 6 (1 46 40 10) 28 41 11 48 27 29 (3 2)
23: (28 46 25 15 20 18) 10 43 (3 30) 11 16 (1 2 26 44) (40 29 48) (41 47 24 35)
24: 13 (33 26) (35 46) 16 (47 7) (28 11 1 18 40) (12 49) (22 10 6 34 15 44) (27 30 31 24 39 3 4)
25: 15 (25 48 8) 24 (46 18 35) 20 (44 10) (11 32) (30 40) (34 45) (37 1 47) 28 12
26: (11 1 27 12 22 15) (47 46 10 24 48) (44 42 35 50) 16 (45 28 30 31) (37 34) 18 25
27: 44 (50 10 15 29 16) (2 28 20) 13 43 (40 30) (1 35 18 6 46) 19 (24 32 3 31 33) 37 (47 34) (23 25 26)
28: (3 34) (26 28 35) (24 22 8 30 43) 41 (9 25 1 27 29 13 16 7) 47 (18 44) (12 48 37) (32 4) (10 46 15) 45
29: 12 35 16 (14 6) (8 22) (45 32 27) (47 28) 24 (48 1 11 19) 40 (46 25 37) 3
30: 12 27 25 8 (2 37) 31 (40 29 23 47 46 35) 4 30 3 (1 13) 15 (26 22) (44 28) (34 48 24) 10
31: 19 39 (11 24 3) 48 (37 35) (18 12 4) (27 8) (6 25 1) (43 2 46) 15 (44 28) 10
32: 44 42 24 27 (39 43) 11 (8 48 29 46) (37 47) (25 28) 26 (10 35 1 31 34) (12 18 32)
33: 13 12 (27 1) (29 47 3 50 33 2) (31 43) (24 6) (35 19 46 42) (14 15) (34 25) (23 10 37)
34: 8 32 (1 26) (30 28) (13 11) 34 25 (6 35 15 18 3 44) (12 46) (48 14 45 4) (47 2) 24 37
35: (32 3 37 45 44 4) (23 46) 43 12 (31 8 24 11 9) (35 15 2) (1 26 28 29) (10 30 25) (48 42 19 7) 41 34 47 40
36: (16 34 48 8) 25 (18 19) 50 32 35 (40 49 29 17) (11 37 1) (3 13) (47 24 4) (46 14 44 45 23 20 31 30)
37: 50 29 (42 47 4 8 40 26 18 22 34) (31 25 44 41 15 28 30 37) 35 1 (43 45 10) (49 3 24) 46
38: (48 1) (43 12 37 42 44 46 6) (15 16 25) (18 35) (4 28) (24 47) 10 (33 3)
39: 42 15 (37 35 48) (8 11) (28 18) (14 43) (25 4) (24 32 19) (34 1) (13 27 10 46 47 29) 16 (7 6)
40: 34 (12 7) 16 (10 40) 30 46 (33 13 1) 41 (11 44 25 35) (19 47 31) (48 29 27 24) 37 (32 15) 26 8
41: 48 (14 37 18 8) 46 25 24 (10 40) 35 (11 15) (1 29) (22 30) (28 47 3 16) 45
42: (36 45) 3 (12 24 37 20 44 1) 4 (30 11 48 15) (8 19 28) (5 46 34 22 40 35) 25 16 18
43: (48 49 18 32 43 13) 16 10 31 (34 14 26) 3 (47 24 46 22) 20 (25 35 1 15) 28 8
44: (25 43) (24 3) (34 47) (46 40) (1 37) (42 10) (23 4) 15 (18 6 28 8 11 14 12)
45: (40 22 13) (4 25 11 44) (30 10 6 42 35 47) (18 50) 43 (24 8 27) (48 12) 19 (26 3 23) 28 1
46: (24 14 37 30 28 10 4 48 16 8) 1 (32 20 15) (46 12 27 25 18 45 31 3 47 11)
47: (31 41) 37 10 26 38 42 (47 5 28 1) 30 24 45 (3 46 8) (12 6 14) (44 40 39) (43 25 35 22)
48: (34 20) 18 (26 28 50 30 24) 1 25 (35 14) 12 (46 7) (49 42 15 27 32 37) (2 3) 13
49: (43 28) 48 39 (24 27 4 35 40) (1 47 2) 25 (8 37 10) 11 14 (46 15 22)
50: (43 26) 18 (37 3) (44 35 42) 1 12 (30 29 47 10) (25 48 24) (49 13 32 4) (11 46 50 8)
