50 50
1: 17 38 14 (47 28 19 50) 24 (22 6) 31 34
2: 23 (17 25) 30 39 (9 33 7 48) (1 45 3 19) (47 38)
3: 7 9 44 27 29 23 (31 21 15 40 41) 11 22 45 (30 1 39 36 34) 16 17 (13 47) 28 10 5 (19 12) 18 33 26 8 (49 50 6 38)
4: (24 44 10 45 6 35)
5: (34 25) 26 (19 12) (29 49) (20 50 5 11 44 9 10 22 39) (45 36 21) (33 37) 35 4 6 (46 3 30) (1 38 31) 42 17 43 (23 28 48 41) 16 (8 27 7 15)
6: (31 22) (11 46 24) (21 4) 38 17 (25 19 44) (23 37) 50
7: (46 7 27) 28 (9 43) 41 (21 48 33) (44 37 8 25 39) (38 11 6 50 10) 47 13 (26 19 16) (17 32) (36 5 42) (18 35) 14 45
8: 23 (26 45 42 40 21) 22
9: (41 10 2) 37 (5 12 16 28 50) (15 18 33) (9 47) 45 32 (40 49 25) 36 26 (6 38 8) 13 31 (14 48 34 42 35) (4 21)
10: (42 47 50 6 11 45) 41 19 27 10 15 (1 5 28 35 9) (34 7 17 39 46 23)
11: (14 50) (12 16 35 48) (18 49) (3 29 13 11 44) (5 21 43 28 34 9 4) 42 (40 20 36 25 33) 17 39 (37 31 27 22) 38 (24 30 15) (1 8 10 32 26) 47 19
12: (28 43 29 1 15) (12 31) 11 10 (27 24) (33 50) 47 (21 45)
13: (43 15 19) (10 37 9) 35 46 34 1 50 41
14: 5 (11 3 27) (2 31 28) (9 47 45 35) (33 38 26) 16 46 44 7 (48 34 12 19 43) (49 30)
15: (39 48 16 18) (46 37) 15 50 42 (38 35 24 23 14) (10 9) 45 (20 44 40 34) (43 17) (19 36 25) 12 (7 29) (47 30) (33 6 4 11) (22 3) (2 5) 21
16: (27 19) (30 46) 25 12 (5 24)
17: (36 37 40) (3 18) 49 (27 43) 23 (42 22 30 21) 17 (2 34 15 50) (6 16) (29 7 24) 28 33 (19 9 20 26) (38 5 41) 1 (25 14)
18: (47 41) (36 39) 44 (31 14 12) 13 (48 28 33) (38 7 9) (21 19) 35 25 32 10 (3 11 24)
19: 34 20 (23 50 47 39) (37 3) 16 (12 42) 8 (19 15 13) 46 (18 32 33 24 26 6 40) (41 38 17 45 22)
20: 45 (36 18 28) (6 37 12 3 23 26 35 29 34 49 14 8 4 38) (32 1) (17 31 20 10 40) 7 13 24 33 (46 21 2) (41 44) 22 5 39 (42 15 48 27) (19 25 16 9 11)
21: (50 37 8) (24 9 38) 35 29 (41 11) (2 13 20) (49 42) (18 5 17) (48 15 14 31) (39 44) (1 26 4 21 12 19 25 7 10 33 45 34 40) 16
22: (8 4 25 2) 30 (24 20 13 43) 45 (40 48 12 29 16 46 21) 33 (47 7) (10 14) (28 42) (11 22) 44
23: (4 45 1 21 8 26 41 33) (43 23) (7 29 31 18) (39 10 35) 47 (48 42 15) (9 49) (30 34)
24: (2 1 15) (16 3) 50 (41 22) (38 18) 11
25: 29 (39 30 36 47 16 20 24) (17 1) 9 (48 34 19 14) (10 43) (4 12 8 40 22) 6 50 33 (32 41)
26: 6 (46 37 5 50) (30 25 41 45) 12 21 (14 49) (11 2) 8 (22 47 43 13) 27 (4 17) (31 28 3) 40 (35 26 23 38 33) 9 32
27: (34 6) 41 (5 36 43 13 2 25 18 16 30) (35 20 9 10) (38 7) (23 50) (37 15) 44 (33 17 1) (31 28 39 22 11 3 48 45 24) (27 12) 21
28: 32 18 (45 23 44 30) 41 (24 21 12 29) (25 36 47) 17 28 13 (7 50) 39 (20 31) (34 4 8) (43 49 5 1 9 3) 35 33 (19 11 15) (26 37 38) 42 (46 27 40) (14 2 16) 10
29: (19 24 39 10) (25 11) (32 22 36 1 14 27) (49 9 34 50 37) (18 7 30) (40 45 6 3) (29 26 31 8) 47 (13 4) (17 5)
30: 24 47 13 41 (27 38 22) (44 20 3) (8 6 16) (15 19 32) (12 26 36 33) (7 25 39 34 29) 18 49 (10 48 43 4) (23 31 2 17 30) 40 46 (11 14 9) 37
31: 45 (36 29 1 32) 34 (49 50 18 37) (7 19) (16 20) (14 24) (22 31 48)
32: (28 20 5 26 37 41 35 30 11) (1 7 43 32 31 15) (44 23 42) (13 36) (50 46) 48 49
33: 48 (1 49 8) 9 39 36 (3 5 37 45) 22 (42 29 10) (26 30 21) 27 11 47 (46 44)
34: 14 (30 46) 45 (50 36) (1 12 11 22 28) (42 17 10) (3 26 19) 31 35 29 4 15 (47 16 41 21) (38 33 7 34) (39 49)
35: 42
36: 40 (10 48 1) 9 (35 5 43 39) 33 23 (36 45) (21 6 16) 7 19 (41 25 26)
37: 12 (19 8 14 20) 46 18 (39 34 10) (21 49 22 11 24) 36 (27 9 7 41 44 31 6 15) (45 4) (28 40) (30 37 2 43 29 25 38 23) (35 5 26) 48 (16 3 50 13) (47 32) (17 33)
38: 11 48 (50 34) (1 2 18)
39: (36 30 11 22) 37 46 (47 23) 24 35 31 (26 18) 10 (25 12 9) (38 1 45 3 48 14 28 43 13) (42 4 33) (20 21 6 27 17) (29 7) 16 15 50 41 (32 2) 44 5
40: (29 41) (4 37 26 12 34) 9 (19 6) 33 8 (13 24) (48 10)
41: 8 (25 43) 4 38 (2 34 46 6) (11 50 49) (20 23) 14 12 (13 36 40) (37 33 24) (45 32 15 3 19 31 30 18 27) (22 44)
42: 29 (20 49 37) 23 (10 39 44 47 4) (2 25) (35 15 32 12) (1 3 33 13 26) 9 8 (18 5) 30 (40 22 17 41)
43: (4 43 47 10 44) (42 36) 49 48 9 3 (24 19) 2 (8 40 11) (20 30 29 41 21)
44: 19 (31 16 30 17) 5 (7 8 12 1 21) (3 44) (36 6) (15 18 28 48 37 33) (22 10 41) 23
45: (11 38 26) 13 (1 27 45) (3 40) (31 8) (5 15 23 17)
46: (15 46) (30 7 44) 9 36 (19 1) (23 41 22 10) (40 11 39) (29 3 50) 12 (24 2 34 8 4 20 45)
47: 43 38 16 4 22 (8 42 41 6 48 25) (49 20 39 26 15 3 7) (17 33) (45 19) 23 27 (35 34 14 40 1) 24 50
48: 5 (2 44) (46 10 26 22 15 28) (50 18 14 29 17 49 31 33 34 20 9) (6 24) (13 1) 16 (38 47 21 32) (45 42 19) (23 25) (12 36 41) 7 48
49: (7 36 47 27 15) (48 12 33) 3 (2 25) (6 14 5 34) (29 37 31 32 38 18 9 23 20 39 44 42 16) 30 (4 10 43 1 21) 24 8
50: (23 17 12 29) (26 48 33 37 10 39 5 38 24) (30 42) (32 9 28 27 20 4 18)
1: (48 23 39) (28 21 42 38) 44 (29 45) (27 17 10) 5 (34 3) 11 12 (13 2) 20 (49 46 24 25 47) 33 (36 31 32)
2: (27 49) (9 30) (15 38 24 48 21) 20 (39 17 14 28 42 22 26) (46 41 43 37)
3: 19 (29 24 41) (30 26 11 47) (17 34 42 44 45 49 2) (33 37 43) (27 28) (5 15 20) 39 (14 46) 18
4: (50 21) 29 (25 43 42) 5 (46 11 22 23 28 47 34) (40 20 6 26) (39 9) (49 41) (37 30 15)
5: (49 39 20) 17 (36 29 9 14 10 45 26 16 44) 37 11 (50 21) 15 (32 3) 5 42 (27 28 7 48 33)
6: (29 27 10 26) 30 (15 47) (19 41 37 49) (40 3) 36 (17 20) (39 5 48 44) 1 (7 25) 9 4
7: (7 39 2 34 21 20) (5 14 23 37) 32 30 (18 10 46 28) (3 48 27) (29 22) (36 49) (15 31 44) 17 47
8: (25 7) 45 21 3 43 (20 28 41) 9 44 (42 19) 22 30 (37 26 5 23) (11 47 49 29) (46 33) 40
9: (40 15 20 39) 49 (26 33) (10 30) (43 5 14 37 42 7 3 23 18) (36 17) 29 (48 27 2 25 13 11 21) (9 46 50 28)
10: 29 13 20 (28 30) (42 15 39) (18 50 33 48) 43 (7 37 44 4 25 23 34 22 40) (11 49 10 12) (5 36 9 21) (46 3 27)
11: (43 11) 7 (27 5 38 21 6 15) (20 32) (22 18) 30 (41 45 3 12) 28 34 (46 24 29) (39 33) (26 10 14 37)
12: (27 40 3) (49 37 25 16 50 39) (14 42 46 22) 34 (11 12) 5 (20 48 41 18 21) (19 44 30 9 28) 15 26
13: (39 9 41 22 27 28) 42 45 (11 19 3 20) (48 26) (30 21) (37 29) 40 (18 32 7)
14: (20 49) 7 22 39 37 41 28 (17 1) (30 15) 26 (47 11 34 9) (25 21 18) 31 (29 48)
15: (9 13) (3 27 23 41 30) (34 32) (44 12) 45 24 42 39 (15 20) (47 5 17) 28 (10 49) (46 21 37) 48 (11 19)
16: 49 (11 17) 37 (7 48) (25 9) (3 14) 15 (28 30 22) (20 39 47) (27 34 31 5) 21 (36 19 44) 24
17: (2 19 21 1 20) 27 (15 50) (30 34) 5 (17 45) (28 29) 7 39 48 37 (11 6) (25 44 10 47 42) (3 26)
18: 48 37 (24 21 11) 20 49 9 (17 41 27 29) (31 39) (3 42 38 30 7 28) 19 50 15 (44 23)
19: (28 44) 25 13 (36 7 40 46 1) (2 37 30 18) (29 3 31 19) 34 (47 43 14 17 6 5) (20 21 10 11 15) 16 (48 41)
20: (47 31) (49 39) 43 50 (30 11 32 21 22) 42 (5 41 15 17 27 19) 20 25 28 37 (48 46)
21: (39 49) (26 33 27 9 12 36) 28 37 (17 20 21 5 18 48) (7 22) (23 34) (44 8) (11 6) 3 15 43
22: (26 27 33 46) (3 19 24 37 31 11 39 48) 25 (41 17 29 1 8 47 15 42 44 34) (6 20 22 30 5)
23: (42 39 10) (28 49) 44 (32 41) (20 37 2 8) 46 (30 19 26) 27 (47 23 6) (3 36 48 15) 45 50 17 5
24: 28 (16 47) (1 40 18 41) 27 (20 6) (31 48) (30 43 11) (4 39) (12 22 17 15) (21 25 19) (29 50) (49 37 46)
25: (42 21) 2 22 49 (6 18) 39 47 (41 29) (37 26 28 7) 30 36 9 11 17 (27 15 20) 5 (16 48)
26: 39 48 (11 19 28 34 33 3 26 17 14 30) (5 9) 42 (40 50) (29 45 36) 7 20 47 (8 37 32 23 21)
27: (33 17 30 39 45) (16 7 27 47 50 20 3 41) (12 29 14 28) (49 37) (11 10 26 5)
28: (37 27 32 18) (10 26 7 11 3 39 17) 44 (22 1 12) (9 48 5) (50 20 14 28) 34
29: (22 28 20) (34 17) (21 3) (11 39 12 42 25 33) 49 (31 29 50) 40 43 37 5 (15 46) 30 23 48
30: 11 (41 30 37 32 43) 2 (23 42) (17 14) (50 25 39 34) 22 16 5 15 (26 33 28 29 3 46 44) (27 49)
31: 34 (29 27 37) (18 14) (49 5) (6 28 45) (12 1) (3 41 11 21 48 32) (30 26 23 39 44) 31 (20 9)
32: 49 (29 11 20) (30 9) 41 (28 26) (37 42 25 32 39) (7 31 19 50) (48 18)
33: 37 (14 11 50 15 23) (26 48 39 27 47 36) 2 30 (40 44 7 18 17 9) (12 19) (28 21 5 34 25) 3 (42 20) 41 (49 22)
34: (20 13 38) (40 15) 49 (48 17 19 27 46 21 3 28 9) 41 11 (5 30) (10 34 29 23) (25 37) (31 1) (47 14)
35: (36 15 28 39 37) (21 23) 18 (14 32 9) (7 11 20) 4 (47 10) (34 13) 5 (42 27 26)
36: 20 (43 25) 36 (33 44 30 46) 18 (15 29) (32 7) (48 9 37 41 11 5 28 31 34) (3 39 49 27) 17
37: (7 15 29) (27 9) 50 (11 30 37 44) 6 (40 32 42 49 21 41) 33 28 (20 17) 5 26 (31 39) 13 19
38: (28 6 5 3) (18 47 30 19) 48 21 (39 2 27 9 17 45 7 1 50 37) (41 49 26 11) (14 20 15 34 24)
39: 37 30 42 11 50 (47 18) 2 (25 10) (27 23 21) (46 34 36 29 33 15 3 5 7 19 20) (28 49)
40: (19 8) 22 20 (47 26 41 46) (29 36 25 28) 43 3 45 21 15 37 (17 11 9) (42 30)
41: 48 39 34 (7 42 25 21 40) (27 32) 5 (26 43 36 17) 9 (23 20) (10 28) (3 30 44 24 18) (47 13 19 37 46)
42: (9 34 8 48 32 21) (17 5) (28 35) (47 50 15 11 22) 20 (7 10 23 19) 43 (49 39) 33
43: (17 30) (25 23 26 22 14) (28 43 5 47 36) (39 27 7 37 11) 49 (13 15) (32 41) 12
44: 3 37 21 (32 33 22 43 28 11) (4 7 18) 15 5 (44 48) 49 (27 41 46 39) (6 30) 20 (42 14)
45: 27 (12 20) (33 14 45 37) 7 (41 34 8 15 9) 48 (5 21) (46 10 3) (31 36 39 19 29 23) 26 (2 22 47 4 28)
46: (46 22) 30 (7 20) 41 16 28 (10 5 37) (32 15 14 13) (26 48) (34 19 33) (39 6)
47: 10 1 (33 2) 42 19 (26 34) 23 (43 3) 39 (7 28) (14 29) 9 (18 15 12 25) 11 48 30 49 (37 22)
48: (32 5) (9 33 15 47) (38 36) (27 39 22) 30 (49 37 48 31) (23 25 20 43 44 50 14 18) 40 (21 7 2 11)
49: 41 (11 47 9) (43 20) (5 34 33) (28 17 23 42 31 32) (21 3 14 30) (26 29 48) 37
50: 3 (34 24 28) 11 (31 26 48) 5 37 39 (19 7 13) (47 12) (27 17 6) (1 15 21) 10 41 25 (29 38 9 46 32)
