50 50
1: (4 38 26 31) (30 16 49) (21 47 36 33 43 39) 27 32 (9 48 44) (3 29 18 2) (12 5 34) 6 (7 10 11 35) 15 (13 17 50 14 20 41 23 19) 45 25 (28 42 1) 40
2: (10 19 29) (39 3 36 44) (23 17 30)
3: 50 (47 38 28 30) (24 48 32 42 37 5) (16 20 40 11 18) 25 34 44 (33 8) 10
4: (10 17 3) 32 (2 43 4) (25 50) 39 6 (1 12 47) 34 19 (38 9) (16 42 48) (15 21 31 11) (44 13 30 36 40 14 27 45) 18
5: (41 38) 7 16 (17 13) 44 (46 39) (1 40 3) (50 22) (19 45 5) (25 47) (49 18 9 32 2) (43 21 11) (27 34 29 14) 26 (48 8 42 24 37) (30 4) 12 (31 23)
6: (6 45) 44 (23 31 25) 2 (13 4) 49 (14 37) (41 3) 29 (33 50) 35 12 (46 17) 30 22 16 27 (48 1 7) (43 21 36 10) (38 34) 28 (20 9) (39 47) 11 (42 15 40 18) (26 32) 5 24 19 8
7: 14 21 17 (15 10 39) (22 16 3 12) (6 29) (1 7) 24 (33 42) 11 25 (41 23 27 5 30) (13 18 36) 2 4 48 (34 35 45 40 8) 44 (9 31 26 47 43)
8: 5 46 (3 6 39) 29 (22 36) (18 44) 13 (40 9) (7 48) (23 1 37) (35 19) (43 50 2 38)
9: (35 5 16 43) 21 2 (41 29) (30 17 46)
10: 22 13 (45 50) 5 (43 31 39 6 49) (12 34 48 29 47 37) (20 18 19 23) 2 10 (7 4) 38 (3 35 30 28 9 26 24) (42 8 33 1) 36 40
11: (32 5 35 49 19) 28 (38 48 10 41 50 24) (29 46 33 17) (43 7) 36 (20 25)
12: (38 42) 31 (12 5 16 28 48) 27 (4 15 21) 23 (22 1 26 44 45 32 50 6 25 30 19) (37 24) 40 (47 9) (13 49 18 29 11) (17 41 2) 20 8 (46 14 10 35)
13: (15 6 5 29) (22 36 27) 43 (16 3) 37 (2 25 23 32) (19 1 49) (11 38) (33 10 9 17) 35 8 (13 21) 30 (46 41 48 28) 12 (7 24 20)
14: (15 35) (36 19 37 22 13) 33 (32 8 41) (16 18 44 49 40) (9 47 17 14) 45 (1 20 29) 50 (10 42) (23 28 11) 2 (30 7) (46 43) 38 (25 4 21 12) 48 (34 31 24 26 5 39)
15: 18 30 (1 29 24 35) 34 (40 19 20) 48 (44 27 22) 8 38 (25 26) 50 (7 28) 47 (33 13 5) (2 42 41 36)
16: (3 36 7) (21 48) (9 38 18) 32 (46 24) (34 41) (16 42) (45 19 12) 15 (31 50) (2 47 35) (44 13) (4 40 27 25 8) (6 23 49 37 17) (43 33 28) (10 29) (5 1) (11 30 20) 22 (14 39)
17: (14 35 46 47) (24 39 29 43 22 20) (1 7 45 16 49 6 4 12) 15 40 25
18: (19 34) 25
19: 24 32 (19 2 12) (46 30 9 44) (17 20 4) 28 (3 26 31 13 38) (23 25 7 6) (21 35 18) (36 42 48) 45
20: (6 48 40 20 36) (7 11 1) (31 24) (33 34) (17 29 12 45 21) 37 50 (44 15 39) (4 5 42 38 43 30) (46 9 22) 8 (41 35) (23 2)
21: (39 22) (26 14 46) (47 3 11 15 17 24) 16 (36 6 32 1 7) (20 42) (41 18 10 38) (13 34) (30 9) 40 21 5 33 (25 37 49 31 29 44 50)
22: (35 39) 21 11 43 (48 30) 29 (27 40) (12 41) 13 (23 17 24) 32
23: (28 49 11) 4 (37 26 48 32) 24 30 (19 25) (21 23) (31 38 22 12 15) (13 41) 34 35 17 (43 20) (16 50 7 9 14) 42 36 (10 33 44 8 3 1) 46 (40 18) (6 5) 27 29
24: 14 25 (35 23 21 38 18 29 49 31 41) 10 33 (39 15) (9 32 8) (43 6 5 4 3) 16 42 (46 7) 44 (47 40 48) (24 11 22) (13 1 20) 34 19 (27 30) 26 36 (50 37 2) 28 45 17
25: (46 18) (2 3 36) (4 6 37 21) (49 44) 26 (45 16) (8 13) (43 22) 38 27 (20 42 35 30 23 25) 24 (10 34) 11
26: (46 7 48 2 5 34 1 39) 12 (8 23) (45 22) 10 3 31 (16 15 19 11) (4 24 50)
27: (3 18) (11 44 42 13) 49 (7 43 33 10 9 15 28) 35 (1 4) (31 30 24 36) (39 20) (14 19) (16 17 12 48) (45 47 29)
28: (44 10 14 49 4)
29: 13 (25 22) (17 24 40 16 28 39 10) (26 6 8 34) (14 45) 2 31 41 (36 50) (48 32 19 18) 44 (47 49 43) (12 27) (21 11) (46 1 7) (30 37)
30: 44 (9 33 41) (19 34) 38
31: (10 5) (35 24 37) (42 17 7) (48 16 14) 38 (12 40 15 4) 50 22 39 (32 2 44 25) 45
32: 39 42 (13 18 38) (26 1) (10 6 34) (8 23) (15 22 19 14 35 27 31) (25 40 43) 41 21
33: (34 41 38 46) 10 (37 19)
34: (27 21 20) (44 34) 42 (37 38 12 16) (26 4 49 36) (48 17 33) (47 7 32) 30 (31 28) 50
35: 5 (41 47) 12 (35 33) 2 40 (18 34) (36 27) (4 7) 21 23 46 (44 42 16) (10 22) (38 17 48) (13 30 32) 26 (49 9 45 28 3) (11 14) 39 29 37 (31 1 25 20) (43 8)
36: (37 20 16 47) (42 22 49) 19 (8 50 24) 1 43 2 (41 4) (3 26 48 31) 28 (32 38 6)
37: 23
38: (7 23) (36 24 45) (30 10 48 31) 41 34 44 42 2 18 8 26 13 27 (39 25 33 9) (50 12 5) 11 40
39: 3 (1 32) (48 9) 26 (10 33) 42 (11 22 7 8 41 18 45) (12 15) (50 29 19 24 40) (25 43 44 14 47) 37 (36 30) (17 49 2) 21 (39 23) (38 6 28) (4 5) 13
40: (3 8) (11 21 28) (29 44) (47 31 17) (6 38) 36 (18 2 25 32 48 43 4 50) 49 (7 24) 9 37
41: 14 46 (19 22 25 13 8) (16 6 35 36 48 27 15 26 49) (9 24 43) (1 39)
42: (9 46 22) (34 25) (43 13 44 7) (10 41 32 37) (29 49 33) 35 (27 14 30) (50 23 40) (38 17) (11 28 2) 18
43: 7 34 (17 50 45) (43 48) (12 31) 13 (46 37) (2 24 4 5) (23 3) (42 35 41) 8 28 18 39 14 (10 32 49) 11 25 (33 20) 30 26 (9 19 36)
44: 48 (42 28) (18 49) (14 47 8 44 17) 27 37 (12 39) (4 22 13 30) (34 46) 19 (40 1 10 33) (38 35) (21 43 16) (45 3) 24 (15 5 26) (23 7 36 31) (41 2 25 9 29 32) 20
45: (47 21) (12 25 1)
46: (27 12 34) 13 (46 4) 31 (3 45) (50 22) (33 18 16 37 8 32 1 15 47) (26 2 42 36) (29 40 23) 41 43 (20 49)
47: 25 (49 47 26 43 24) (36 20 27) (37 35) (21 4 30) 32 (15 18 48) (16 13 33) (11 50 19 23 7) 10 (2 31)
48: (34 16) 49 30 45 21 (25 2) (13 19) 10 47 50 (20 39) 14 37 6 (23 17 32 40 35 11 8 36) (31 12 7 24) 42 (22 9 18)
49: (13 48 50) (36 35 41) (26 33 49) 45 (16 4 32) 24 (37 5 17 25 19 7) (38 27) (11 12 14) (30 42 34) 46 (29 28) 22 (9 40) (10 31 23 44) 3 (15 43 21) 39 (6 8)
50: 16 (25 29 48) (40 44 38 47 10) (5 42) (11 14 31 1 45 35 7) (19 6) (13 23 37 34 33)
1: (12 36) 10 (45 35 13 26) (27 39) (15 29 17 5 41 1) (50 23 20) 6 (44 21) (14 8 46 16 24 7 4 32)
2: (7 48 12) (13 25) 39 (40 35) 4 5 31 (19 1 6 10) (9 20 43) (16 36 15 46 8) 29 (47 44 24) (42 38 26) 14
3: (16 46) 19 (4 24 27 2 43) (44 13 35) 6 (10 36) 25 (40 8 39 7) 1 5 (49 21) (26 23)
4: 24 (17 26 34 6) (40 4) (16 47) (39 31 14) 23 (27 25) (20 1) 43 (49 7 46) (28 5) (36 10) (12 35 44) 19
5: (11 12 8) 23 16 (7 35 13 50 5 14 39) 31 (10 44 24 1) 38 49 (9 6) (15 3) 21 (43 20 26)
6: (36 10) (21 39 49 4) 8 (17 25 1 20) (48 24 6 40 29 41) (19 32 50 23) (13 7) 16 12
7: 6 44 (49 1 47 17) 50 (14 7 43) (26 15) (20 13 39) 48 19 (24 38 42 11 5) (21 10) 31 (29 23 40 35 27 34 8 16)
8: 23 (7 3 44 12) 36 (43 38) 25 26 (32 13 29 35 40) 48 (14 46 5 39) (10 24) 20 41 15 (16 6) 49
9: (13 21) (10 44) (7 8) 16 (20 41 4) (40 5 39 6 24 49) 43 23 (38 30 27) 1 19 (12 14) 35 42 48
10: (49 50) 38 (47 12 39 26 28) (6 24 21 4) (3 14) (13 35) 23 (2 11 42) (29 10) (16 43 25 44 1 27 32) 48 7 33 31
11: (43 39 49) (13 27 35) (25 47) (6 1) (22 50) (12 26 20) (29 14 4 21 3 7) (23 42 48 40 24) (5 16 38)
12: (5 29 46) (43 12 6 49 22) (14 23 27 19 26) (7 38 20 13) 16 39 17 35 45 (48 10 34 44) (1 4 31)
13: 39 (22 14 13 16 1 48 21 12 19 27 6) 50 8 (7 42 24) 15 (44 41) 10 43 47 (38 25) 49 46 (35 29) (23 5 32) 4
14: 27 41 1 12 43 (35 5) (4 31 23 16 28 24 42) (29 21) (39 7 50 6) (49 44 17) (14 32) 48
15: (23 21 17 16 7) 27 26 1 (47 39 4 31 49 20) (6 14 46) 24 32 41 13 44 12
16: 46 (34 49 1 41) (27 29) (3 6 31) (25 50 48 9) 14 (26 24) 7 21 35 4 (16 13 12 44) (36 5) 23 47 17
17: 29 23 21 11 (20 16 24 44) (48 42 43 34 35 7) (27 5 49) 9 (4 14 1 40 39) (31 13) (19 22 2 12 6)
18: (7 3 21) (24 23) (47 35 19) 39 5 29 (1 6) (32 44) (42 14) 16 (25 38 15) (4 48) (8 46) 43 (40 10 12) 27
19: (24 10 33 11) (23 39) (2 16 30) (4 15 44) (26 36) 29 32 (43 19) (14 6) (41 13 5 50 12) 27 (48 49 18) (47 8 1)
20: 24 (34 1 48 43) (46 19) (16 11) (3 17 36 44 14) (12 21 20 10 23 35) (6 13 15) (25 27 47)
21: 23 (35 1) 9 45 (14 22 4) 19 (34 39) (20 29 32 24) (5 12 49 16 7) (6 21) 47 44 (48 13 40 25)
22: (6 16) (26 15 49 17 39) 14 48 41 7 (5 12 46 29) (25 24) 35 (21 32) (10 36 8) 42 44 (31 13 23) 20
23: 32 22 (48 19 16 43 46 13) (6 26 42 39 50) 1 12 47 (24 10) (8 2 23 44 38 37 35 20 25) 14 (49 7) 5
24: 25 (10 17) (6 43) (29 16 36 47 24) 21 26 41 (12 7 31 15 5 40 22) (38 48 23 20) 27 (11 19 13 49 14) (39 44 3)
25: (35 43 15 16 31) (5 18) 44 (17 25) (19 7 13 47 41 48 14 40 32 1) 11 45 (4 49 12 21 50) 23 42 (29 3 39 6 24 38)
26: 19 47 (46 38 44 5 1) (24 39) (7 32 43 25 10 41) (15 35) (34 21 12) 6 (29 14 23) 49 36
27: (38 23 46) 35 (25 15 13) 41 16 (24 4 44) (32 42 47 49) (1 22) (12 6) (29 7 5 34)
28: 44 14 12 (10 23 34) (27 35 3) (42 19) 15 (11 16 1 29 13 24) (49 6) (43 36) (40 39)
29: (22 17 39) (9 8) 11 35 (49 7 42 16 6) (12 14 23 5) (2 27 40 15 24 10 13 44 46) (50 20) 1 21
30: 7 35 (10 2 19) 27 23 24 (47 14 13 4 3 16 6 9) (44 42 1 49) 43 (34 39 25 12 5) 20 (22 29) 21 (15 48) 38
31: 29 (49 47) (5 1 36) (6 32 7 16 35) 19 (26 40) 44 (14 20 48) (12 21 27 50) 34 (24 43) 46 (38 23) (10 4)
32: (13 5) 16 (19 24 49 12) (36 43) 35 (47 11 34 46) (22 40 3 39 21 48 42 44) (1 14 23 6 29) 31 4
33: (23 27) (11 14 15 6 16) (46 10 49) (38 35 50 13) 21 43 (42 34 24 20) (39 3) (44 30 1 7 47)
34: 4 46 (3 24 16 14 25 44 18 50 42) (21 35 15) (49 26 29 23 20) (34 33 1 30) (5 7) (6 32 10) 38 (48 43)
35: (27 16) (42 31) (12 49) (35 25 48 11 6 1 10 24 47 41 9 32 23 13) (44 43 20) (17 8 7 15 22) 50 19 14
36: (21 47 2 34) (10 23 35 14) 1 (6 20) (19 13 40 11) (25 8) (48 4 41) (49 39 46) 43 (29 24 44 16) 27 (15 38) 7
37: (29 39 33 5 23 49) (14 35) (12 43) 36 (16 20 42 50 10 46) 25 24 13 31 (6 40 47) (8 44 48) (3 34 21)
38: 1 (30 34 11) 31 8 (21 23) (20 6 32 5) 36 (44 12 14) 4 33 (50 19 10 16 42 13 49) (3 35 15 40) (39 24 25)
39: (21 38 4 2 14 22 35 16 41 29) (20 31 7 1) (26 5 49 24 44) (32 17) 8 48 43 6 (39 27 10)
40: (17 48 35) (14 31) 4 38 20 46 8 (39 50 22) (6 29 7) 42 12 3 (21 15 5) 16 23 (49 44) (24 10 1) 32
41: (20 38 33 21 46 6) 14 (39 1 32) (49 9) (5 24 35 23 36) 16 7 29 (43 15 11) (44 22 30) (13 42 12)
42: (21 48) (6 36 7 49 5 20 38 27 46) 14 (39 3 23 32 12 16 10) 35 34 (31 50 25) 19 (1 44) (4 24) (15 43)
43: 9 27 43 (41 8 35 29) (23 24 22 17 46) (42 39 47 44 40 25 4 11) 14 32 (10 16) 5 13 (49 1) (6 20) 7 36
44: (16 8) 38 14 (30 40 4) (31 50) (5 12) 42 1 (29 27) (34 21 24 6) 7 28 (25 23) (49 15 19) 20 (3 35 39 2) 44
45: (16 48) 39 4 (6 38) 35 46 (24 43 17) (31 26 49) (29 12 50 14 10) (27 20) (7 1 44 25) (19 5)
46: (6 29) (49 8 20) (5 9 12 17 44 23 46) 11 (25 21 42) (33 24) (19 13 14) 41 (16 26) (43 35)
47: (45 21 50 12 44) 7 34 (36 39 14) (1 40 46 48) (4 17 27 5 24 3 29) 47 (10 6 16 15) 35
48: (41 31) 44 (49 26 24 36 13 1 5) (29 50) (7 10 16) (27 22) 6 11 (8 4 20) (38 39) 23 (12 34 35 15 19) 47 (43 3) 40 14
49: (21 13) (6 34 24) (14 29) 17 44 35 (11 43 12 39 27 5 16) (46 48 25) (36 1) (40 23 28) (49 10) (47 42) 41
50: 12 (43 24 8) 5 (47 21) 34 (3 14) (1 36 15 6) (31 4 11 26 48 20 16) (39 10 46 42 38) 40 29 (49 23)
