50 50
1: 46 (20 29) (17 43) (42 48) (33 18 11 35) (44 38 16) (27 3) 5 (39 36 41) 19 (8 50 6 47 25 13) (37 21 9) (31 24) (1 45) 12 (2 49 7 22 23 40) (15 30) (32 10 34 28) (14 4)
2: (13 7) (14 30) 47 27 (3 38) 50 (11 45) 10 (29 18 23) (31 9 25) 32 (19 35 26 22 12 44 37 17 15 34 8 39 5) 48 (42 24) (21 49 43) (36 20 6) 16 28
3: 35 (36 21) (10 6 1 47) (18 33) (16 3 2) 8 (26 34 31 13) 40 (48 43 11 49 38 4) (29 46) (17 23 39) 9 27 (37 25 7 14) 20
4: (34 14 6) 29 8 (42 21 16 2) 37 (11 28) (13 23 5 47) (44 17 38 36 27 9 20 3) (46 43) (45 19 1 32 12)
5: 32 1 (15 19) (27 49 30) (12 3) 21 34 (44 41) 26
6: (36 34) 14 (35 10 48 1 3 24 30) 4
7: (3 25 30 15 10) (42 22) 12 18 (14 16) (2 20 37 50 45) (31 23 11) (13 21) (35 36 28) 9 33 (17 7 27 5) (40 38 8) 44 (49 24 1) 41
8: (12 11 34 41 45 49 47 20 19 6 29) (8 31) 16
9: 12 1 (7 6 36 28) 30 (47 45) (20 19 5 11) 38 (29 40 25 9) 14 (33 10 35) 24 (27 34) (18 23) (4 37 50) (44 8) (48 13 43) (31 46)
10: (35 31 25 45) 4 (20 50 39 14 34 1) (49 43 23 46 12) (29 42)
11: (22 14 15) 18 17 40 9 (42 29 31) (26 38 50) (36 6) (45 20) (32 30 35 3 39 25 11) 43 10 (46 12 1 23 4 48 16 24) 7 41 13
12: (5 41 12 42 19 11) (13 27 34) 9
13: (25 50)
14: (49 21 2) 39 13 (41 15) (10 7 28 26) (38 50 4 46 5 20 44 31 48) (6 32 29 33 22) (42 3 25 36) 19 (18 24 34 45) (40 30) 1 (17 8) 12 (37 14 35) 43
15: (15 27) (22 26 23 45 47 21 3 28 42) (30 6 29 11) (18 37) (20 2 46 32 8 39 25 40 16 5) 24 (13 7 34 41 43) (31 4 44 17 10 50 35 36) 12 (19 49) (48 1) (9 33 14)
16: 29 (28 5 30) (26 4 14 31 40) 32 (35 45) (21 48) 36 (1 7 9 25 19) (43 17) (22 39 38)
17: 6 8 (19 34 36) 4 33 (37 40) (28 26) (45 12 3) (38 47) 39 (10 5 17) 23 14 11 48 41 (16 18 24) (21 32 2)
18: 38 42 (28 11 4) 29 40
19: 17 (9 3) (14 37) 6 50 (40 45 7 8 11 44 27 31 20) (32 15) (35 18 24 12) 30 (10 25) 46 41 (16 5 43) (42 2 47) 13 (23 29 26) (48 36 21) 33 (49 22 38 34) 1
20: 22 18 (17 2 1 34) (4 42) (47 25 45 32) 12 (31 19) (46 50 41 27) (40 44) (26 9 28) (23 38) (3 24) 20 29 13 33 21 7 16 39 (8 48) (36 5 43 49) 30 (15 14)
21: (40 47) (25 21 18) 33 28 (13 38 2) 36 12 (24 23 3)
22: (43 16) (8 28) (3 17) (47 37 13 20)
23: (16 31 3 46) (34 23 13 30)
24: 34 24
25: 32 46 (11 7 8 38 5 43) (41 27 34 18) (31 13 25) (14 10) 36 29 50 (1 30) (16 35) (47 45 23) (3 2) 6 (9 22 42) (4 19) 12 (37 20 33) (26 39 48 24) 15
26: 25 45 (37 20 31 23 10 22 13 24 34) 7 (42 26) 32 5 (4 50 8 11) 33 (44 29 39) (6 40) (19 46 17) (48 35 28 16 41 3) 1 (36 43 14 38 15 2 30 47 9 49 21 27)
27: (5 27) 33 (34 50 3 2 43) (29 9) (35 30 32 46) 41 24 (1 47 44) (17 18) 7 20 (12 6 19 11) 8 (36 4) (49 21) 26 42 15 (25 16) 40 10
28: (7 32 18 19 1 34 30)
29: (4 30) 3 14 (20 34 19) (10 47 22 6 8) (11 5) 9 (23 24 28 43) (1 40 15 46 37 17)
30: 28 (19 37 1 23 27 48) 5 40 (6 11) 14 (46 33 45 15 35) (31 22) (42 20 4 10 34 7 2 39 50) (12 41 3 17 18) 16 9 38 30 43 21 26 29 (49 44 24 8)
31: 30 (16 46 47 29) (37 35) 45 (3 28 11) 27 (9 7 1 33 42)
32: 28 (4 45) 34 (27 42 24) 1 (29 49 44 30 47) (37 33 6 5 11 13 20) (19 31 32) (12 43 21) (25 41) 16 (3 15) (39 9 50) (38 2 36) 46 (40 17 26 14 18 10)
33: (30 21 34)
34: 17 41 (28 37 16) 49 (25 40 5 1) (4 42) 44 33 (48 3 35 15) (27 30) 39 (9 10 12 8) (26 31 46) 23 50 29 (6 13 45 18) 20 7 34 (47 2) (32 24 22 36 14 19) (11 38 21) 43
35: 2 40 (18 29 9) (26 22 3 48 31 50 34)
36: (11 14) 23 21 49 18 8
37: (9 35 14) (8 16 41 47) (36 50 49 38 26 44 15 31) 40
38: (28 19 5 4 6) 13 (9 44) 27 21 49 (22 31 37 1 34 32 17 25 26 15) 36 (30 50 3 46 12 18 14) 43 (23 45) 38 39 (20 8) (48 42 11) (40 2 16)
39: (28 10 27 16 21 47 44) 35 (40 19 5 36) (31 45) 23 11 (30 25) (13 38 50 29) (22 48 17) 42 (12 37) (32 14 46 2 39 4 26) (15 7 43)
40: (45 40 43 47 10 16) 37 28 39 (14 18 48) (22 50 11 41 12 46) 1 26 27 (17 9 30 7 19 23 32) 29 (25 36 49 35 4 24)
41: (43 20) (38 6 49 24 50) (40 19 31 10 4 29) (46 39) 30 (34 18 16 42 48 9) (1 45 37 3) 8 (14 12) (15 36 22) (33 27 25 35) (23 11) 2 13 (44 41) (47 26 17) (32 7)
42: (20 47 35) (42 4 12) 2 (21 40) 46 (41 19) (11 14 32 1 45) (18 30 49) 6 3 8 26 (34 43) (17 28) (48 15 10 7) 38
43: (39 28 42 37 20 4) (30 3 47 21 50 6 33 15 46) 41 (13 45 11 8 24 14) (18 48) (32 34 23 19) (31 44) (22 25 1 49 40 35) (27 10 16 12)
44: (22 32 26) 5 1 (13 8 49 20 46 29) (44 21 24 34) (38 43 18)
45: 3 1 (10 12 45)
46: (21 7 42) (35 49 33) (10 18 24) (13 43) 2 (3 38) 28 (34 32) (40 11 20 22) 41 (27 48 9 1) (19 26) 5 (6 45 47 46)
47: (8 13 12) (9 7) (30 2) (25 33) (21 16) (32 50 45) (17 43 24) 19 34
48: (32 14 38 26) 4 (27 19) 12 (44 15 50 24) 36
49: (46 38 40 24 44) (33 13 19) 12 17 (49 36 7) (30 41 31 15) 11 (10 23) (34 39 4 27 35) (5 43)
50: (34 37 33) (46 13) 41
1: (27 19) 3 (5 40 25) 20 44 29 14 (4 38 46 9 45 43) (6 30) (31 7) (28 11 10) 1 (42 41 34) 32 (16 15) 26
2: (47 21 26 30 35 1 3 42 46 15) (17 4) 27 (34 20 7 38) (25 39) (32 14 41 19)
3: (32 15) 14 (42 38 20) 45 (43 2 34 26 4 31 27 7) 5 35 25 (1 11) 17 (29 3 19 30) (46 6 41 23 21 22)
4: (48 27) 20 42 6 15 (17 9 14 40 3 16 41 11) (1 25) 49 (38 18) (32 26 39) 34 10 (43 29) 30
5: 9 17 12 (32 29 2) (27 1 15 16 34) 44 (25 38) 30 39 (4 46 19) (14 20 26 49) 7
6: 25 (3 17 1) (41 27) (9 46 34 32) (4 38) 11 (26 43 14 2) (30 42 8 19) (29 15)
7: 16 (19 28) (30 46 41) 34 (26 1 9 27 42) (7 39 49 25 14 20 47 2) 11 40 (3 31 15)
8: (3 37 19 22 14) (41 27 29 38) 43 30 (8 42) (20 44 4) 17 2 (47 25 9 7 26) (1 15 34) 36
9: (25 15 11) (38 37) (7 34 29) (46 31 3 16 9 4 32 47 12 30 41 19) (20 2 1) (26 40 35) 27
10: (15 11 2) 3 (29 42 40 1) 30 34 9 (43 19 39) 45 (25 7) (14 27 32 17) (46 49 6 26 41)
11: (9 3 27 32 49 42) 26 (19 8) (41 11 15) 34 (46 30 25 39 7 36) (18 17 2 4 40) (12 38) (29 1 43 31)
12: (4 21) (7 1) 25 (5 27) (15 9 48 30) 42 (12 38 41 11 2 49 47 39) (45 34) (20 43 8 14) 19 (32 17) (40 10)
13: (41 20 26 4) (34 19 49) 9 (38 2 43) (46 15 39 7 11) (44 32 12) (14 1 47 23 25 21 50) (3 22)
14: 38 (6 2 34 16 20 30 1) (32 41 36 40) (29 43 39 19 48) 25 15 (42 4) 3 (11 14 37 7 10 17) 26 9
15: (2 49) (34 43) 20 (11 19 5 7) (38 48 25 32 37) (14 27 15) (30 26) (41 42 39) 29 1
16: 38 41 (37 1 2) (32 25 39 19 22 30 7 4 31 40 27) 34 (8 20 47 3 43 17 11) (26 15) 23
17: (38 17) 1 (29 19 11) 39 (27 4 3 26 42 20 15) (49 30 32 2) (47 40 14) (16 34 22 7 41)
18: 43 3 (20 7 46 28 41 19) (1 38 30 42 40 35) (25 17 44 34) (14 36 2 15 27 32 11 9) 21
19: 9 (26 42 20 38) (8 27 28) (34 47 2) 49 (29 39) (46 40) (25 48 15 30 14 32 17 12) 4 (1 16 5 43) 41
20: (25 38 26) 34 27 (9 19 3 2 11 7 10) 46 (32 44 22 30 15 14) 1 8 41 (4 29) (20 43 42)
21: 15 (20 30) 33 (43 46 47 7 5 42 14 27) 16 (21 34 2 36 26 17 19) 3 32 (39 1 44) (38 4)
22: 14 (34 41 38) 46 30 (20 1 26 11 19 29) (44 35 43) 16 (25 7 40) (2 15) 39
23: (10 43) 11 (41 36 20 1 17 40 3) 9 34 (15 49) (25 21 39) (38 19 30) 29 4 (26 23) (7 2)
24: (9 11 25 20) 41 (30 48 6 43 40) (47 44 2) 27 (24 19 32) (21 7 49) (1 15) (29 17 34) 26 (14 46)
25: (14 1) 34 (43 41 20) (3 21 19 11) (40 32 26) (38 15) (27 9 2 16) (13 47) (39 25) (10 7)
26: (26 48 14) (44 27) 3 2 (17 5 34 42 35 46 30 25 38) (39 40 41) (37 20 15) (16 32) 11 19
27: (49 7) (30 20) 12 (9 32 26 15 41 19) 46 5 (43 48 38) 27 (3 40) 4 (39 1 34 25) (2 31)
28: (42 7) (20 1) (34 16 22) 32 (30 29) (17 21 18) 9 (40 14 43) 38 (46 2 15 26) 31 39 4
29: (31 8) (4 39 14) 30 25 (32 41 44 10 15 9 16) 26 11 (19 2 34) (3 27 40) 18 (20 35 1)
30: 7 19 5 (26 49 27) (33 32) 14 (20 43 34) (15 38) 47 (42 1 39) (30 2 23 29) 6 40 31 (25 16) 9 (11 41 28)
31: (43 1) (8 10 7) 9 (37 2 41 30 20) 38 26 (34 19) (35 32 49) (39 3) 15 14 (11 16 25 23)
32: (16 4) 26 14 (47 17 28 5 15 2) (48 46 32 1 43) (42 25 39) 20 (27 11 41 44 40 19) (38 34)
33: (41 19 7) (34 30 46 3 1) 25 15 (26 14) (47 17 20 32) 43 50 (31 49) (21 9) 27
34: (10 46) (8 12 17 3) (38 26 47) (27 29 6) (20 33 28 49 41 23) 43 44 (4 19) 2 32 (25 34) (14 9 42 30) (15 50) 24 (35 5) 1
35: (11 27 39) (37 46 6 7 1 40) (41 9 34 42) (26 14 10) 16 (3 15 2 25 30) (19 43) (49 31)
36: (25 32) 20 3 9 39 (1 17) (2 49) (41 14 34 19) 21 (4 11) 15 37 16 (26 38) (27 6 7 40 48)
37: (25 50) (41 7 26) (15 39) (38 34) (30 40 31) (2 14 22) (32 1 9) 43 (3 29 4 19) 17
38: 4 21 26 19 (34 14 7 25 20 9 46 17) 16 3 (1 39 38) 41 2 18 (11 42 30) (32 44 37 48 49)
39: 38 (14 26 32 3) (41 20 1 39) (30 16) (34 15 17) (2 40 10 25 49) (43 11)
40: (1 42 40 38 26 29 17 27) (11 15) 41 (37 14 7 30 20) (43 19) (18 35) 49 (9 16) (46 3) (32 39) (21 34)
41: 27 (30 32 12 43) 17 26 (46 50) 40 (11 14) 19 1 41 20 (49 8 7) 15 (42 34 5) (25 37)
42: (4 38 31 42 15 46) (10 25 41 20 43) (19 26) (18 14 2 34 12) (39 32 1) (27 30 7) 11
43: 20 1 (47 2) (25 10 38 19) (32 41) 46 26 (29 49) 11 30 (27 40) 42 16 (44 14 9 15 39) 3 (34 22 4)
44: (15 7 49 43 37 34 44 26 9) 4 (14 30) 2 1 (41 32 38) (20 19 39) 48 (27 5)
45: 11 25 (43 41 7) 9 (46 19 17) 1 42 40 (38 14 8 4 10 31) (30 39) (47 32 2 45 16 20 26 34 15)
46: (14 46) (23 40) 38 (30 10 15) 50 4 32 (39 44 9 3 11 19 25) (42 29) (26 41 31 34 1) (49 43 27) 20
47: (21 17 34 46) (3 25) 9 26 40 2 (15 1 29) (43 8) 20 (4 37 19 22) (31 42) 27 41 (32 39)
48: 25 (20 16 46 34) (26 41 9 30) (15 11 17 40 14 19) 3 2 6 (39 42 35) 38 (43 1)
49: 3 30 36 (37 26 32) (46 10 2) (38 15 44 20 1 42) (41 27) 19 43 (5 49 34 8) (40 14 7)
50: 13 (37 27 40 43) 10 48 (14 26) (30 47 1 20) (34 35 9) 39 (7 2 32 25 41) (38 19 15 11)
