50 50
1: (12 22 8) 25 7 (18 38 43 10) 2 (41 19 29 49 30 42 39 3) 50 (5 1 13 23) (36 16) (15 4) 47 26 (20 40 44) (17 14) (37 6)
2: (5 11) 31 (48 26) (21 50 32) 20 (46 25 9 39 3 41 23) 29 19 (22 1 16 8) (34 24) 43 (44 38 6 14) (28 18 36 37 10 42) (49 12) 7 (47 27) (4 13 35) 17 (33 2)
3: (19 28) (5 1 9) (4 2 3) (22 34 15 17 39 8 10 25 29 30) 23 13 (45 20) (43 46 18 37)
4: (49 10) 36 22 (4 13 27) (2 43 32) 28 (8 47) 42 (44 30 6)
5: (17 2) (43 27) (50 20 7 1 45 22) 31 (14 46) 37 25 23 24 (32 47 42 40 28 12 5) (26 9) (13 4)
6: (12 15 21 17 20 50 29) 39 4 (26 31 6 40 44) 1 (27 3) 18 9 (5 38 19 2) (35 25 49) (45 30 48) 8 (16 24) 33 11 10 (46 41) (32 36 13)
7: 48 5 (37 6 26) 18 43 8 30 (12 50 45 49) (33 2 9) (40 24) (31 32 39 15 11 25 42) (10 4) (28 46) 22
8: (25 28 15) (13 22) 43 (37 18 3 16 21 45) 32 1 (11 34 33) (36 2 38) 30 5 (17 27) 10 49 12 (19 39) 20
9: 29 36 (4 16) (40 25) 17 30 (26 32) (35 43 15 1) (3 31 24) (22 6) 2 (28 23 38) 42 (34 13 37 14 9) 12 (27 44 18 33 7) (47 39 46 49 10) (21 41 5 11 20)
10: 11 29 (10 21) 48 (30 28 41)
11: (36 23 34) 8 (15 22) (48 33 12)
12: (49 1) 25 (17 13) (2 3 9 35 46) (22 42 8) 18 37 (16 20 41 23) 12 31 (39 19 24 28 47 45 4 36) 6 5 (50 43 7 26 34 15) (33 14) (32 10 44 27 11)
13: 11 (16 50) (41 21 45 25 23 33) (4 19 2 38 39) 28
14: (17 8) 30 (27 15 49 44 43 33 4) (11 40) 42 (32 21) (6 2 41 3 31 20) (23 19) (5 50 24 46) (9 39)
15: 46 (45 7 22 35)
16: 16 (25 15 36 10 48 28) 17 (42 6) (30 12 24 9 44) (8 26 39 43 34 5 11)
17: (49 27) (6 4) (29 35) 21 (25 14 32 7) (24 13 34 17) 5 (11 44 1 18) (33 12 9) (28 22) (38 8)
18: (40 38) (33 44 12) (31 14 23 1) (8 48 19 5 10 3)
19: 41 21 (16 30) (17 28 46 37) (1 9 4 3 2 50 44) 38 5 13 (7 22 26) 36 (33 48 49 15) 39
20: (6 34 9 23) (49 3 39 27 13 32) 19 (33 38 47) (4 48) 21 1 (42 26 50 36 43 41) 35 (18 8 5) (45 31 37 16) (12 10 46) (20 25) 2 (40 22 28 7) 30 (17 15) (29 11) (24 44)
21: 23 (29 48) (9 6) 37 (5 42) (47 3 41 27 49) 34
22: (6 18 46 24 11) (30 8 16) (36 13 23 7) (21 28 19 31 49) (33 22 39 9) 32 10 41 12 48 (15 35 37 26) 27
23: (44 46 9) (14 43) (29 30 35) 27 41 20 (21 2 24) (15 36)
24: 42 (12 40) 17 15 (27 13 41) 9 28 22 (7 37 50 20) 14 (49 36 2 43 6 47 31 5 19 33 32 45 23) (11 25 44) 16 39 4 18 1 (26 48) (29 30) 3 (24 34 21 35 38 46)
25: (24 37 8) 40 32 29 34 42 (4 25) 30 (46 28 6) (47 38 41 22 39) 50 17 (9 3 27 21) (11 10) (33 14) 36
26: 11 19 (2 45) (27 16 5 30 48) (24 41)
27: (19 44) (24 11) (38 4 50 9 45) (33 15 22 49 35 48)
28: (15 35) 19 (4 20) (12 18) 48 26 23 29
29: (3 18) (12 24) 22 (7 17 9) 4 (26 44) (36 27 23) 50 (28 14 48) (6 30 11) (5 39)
30: (25 8 42 13) (10 22 20 45) (49 6) 31 50 28 (3 34 4 14 7 38 46) 48 (29 43 41 16 32 9 27) 12 (36 35 21) (15 47 30 24) (23 5) 2 33 1 18 (17 37) (44 39) 11 40 26
31: (44 41 3 46) 50 (26 24) (33 13 11 29 39 23 22) 37 27 (16 49) 47 (14 25) (38 36 8 4) (10 30 6) 43 (1 32 18) 40 7 5 (17 45 15 48) (42 34 12) 28 (21 19) 2 31 35
32: 25 (43 21 46 14) 10 15 44 (3 7 30) (47 41 1 32 38) (17 45) 28 (13 26 19) 33 (9 20) 31 (23 37) (24 48 27 16) (29 11 49 18) 39
33: (48 39) (50 23 11 20 22 26 14 28) (10 44) (8 6 25 12) 41 (3 33 18 29) (45 24 27 46) 32 (13 21 38) 49 (7 2 15 40 35)
34: (31 48 7) (29 15 34) (12 43) (46 24) (2 40) (35 1) 23 (25 6 41 36 20 9) (45 21 50 37 8) 28 (39 22 38) (44 27 42) (30 47 13) (11 33 3 5 26 10 19 32)
35: 16 (12 47) (1 46 44 11 7) 4 (23 22 15) 6 (24 31 26 50) (21 25) (29 30 19 43) (10 13) (5 36 32) 8 (27 9 34) (3 40 48 17 14 49)
36: (10 30) (39 34 29) (42 41 26 36 40 12) (20 9 11) 37 (2 25 44 33) (1 27 16) (50 38) (14 46) 4 19 (28 48) (47 13) 24 (7 17 23 35) (18 49) 32 (8 31 3) 22 (15 45)
37: 23 43 (33 47 9) (45 39 26) 32 (41 37 42 36 34) (49 17) (7 30) (22 18) 19 (11 27) (3 29 6) (21 20 31 13) (16 15 4) (38 12 40 50 24 2 35 44) (25 5)
38: 27 (4 40) 39 9 47 35 (2 22) (18 11) 20 (15 38 33 19) 37 3 (25 13 44 50 43) 30 (46 42) 6 (41 5) (49 23 7)
39: (2 35 8) 21 (4 23 24 11) 14 (30 26) 15 (6 44) 47 (17 25) (5 39) 45 46 (12 20 3 42 31) (40 29) 49
40: 29 (3 6) (32 23 4 17) (35 31 45 27) (19 48) (7 50) (26 5 11 39) 47 22 37
41: (33 3) 27 (37 13) (39 8 45) 11
42: 50 (39 20 44 48 40) 11 (38 24) (9 8 17) 49 (45 13) (18 5 29 26) (37 21) (31 23) (14 12) (32 4) 7 41 27 (3 22 34 1 2 35 10) (43 42) (16 36) (28 6) 19 (25 30)
43: (11 48) 26 49
44: (44 37 36 1 16 5 19) (22 49 48 41) (17 24) 12
45: (36 2 32 19 5) 10 (16 12 9 48 38 44) 20 (21 41 40) 28 (25 31) 37 47 (7 23 18 27 3)
46: 17 (27 39 24) (44 3) 4 (18 42 14) 41 13 (34 23) (26 43 45)
47: (39 13 36 37) (16 4) (43 3 10) (50 28 49 18 26 9 11 2)
48: (10 31) (17 33 14) (38 6 5 34 18) 43 36 (4 46 35 44) 30 (39 49) (20 45) 19 28 (29 23 25 24 41) (2 32 50 27) 22 (15 21 16) 26 42 1
49: (47 12 1 32 18 48 46 5 20 11 36) (35 34 6 16)
50: (30 24 23 29) 18 40 (47 15 36 32 33 17 41 4 45 6)
1: (35 5) (3 20 30 49 12 34) (31 1) 6 (8 19 32) 44 (17 48 9 18 24) 42 2 36
2: (26 2 31 24 20) (3 36 9) (30 13) 8 (37 38 19 1) (7 23 6) (4 14 5 48 12) 39 45 34 (47 33) 42
3: (40 31) 36 (18 34 19) (21 39) 47 14 (3 8 33) (45 35) 9 (29 24) (1 41) (42 38) (32 12 46 2) (25 20 37 30 6)
4: (19 30 24) (46 20 6 37 28 48 1 7) (12 2 4 27 13 36 40) 31 42 (3 47) 39 9 (38 25) 35 (5 17 29 50 14)
5: 7 29 45 (42 16 20 26) (14 8) 9 (3 19 6 17 18 24) 48 49 (34 44 35 21 12) (38 40 5) (1 39 2) 31 37 30
6: (30 7 1 9) (16 20) (12 17) (4 21 49) (31 22) 2 33 (50 40 14 34 37 24) 29 35 38 25 6 39 48 42
7: (34 35 12) 2 5 (40 33 9 22 31) (29 38 17) (37 32 42) (45 36) (1 19 15) (20 24) 30
8: 12 34 (35 7) (42 22 6 17) (14 20) (1 41 4) (25 11) 33 18 (30 36 2 16 3) (39 31)
9: 29 (7 17 30 14 9 19) (42 34 47 27) 36 (37 23) 25 16 (5 35 45 12) (21 6 38 3 22 32 20 24) 2
10: 48 33 20 12 (1 47 25 18) (7 32 35 4 9 34) (22 31 8) (45 2) 42 (3 36) 10 (30 16 6)
11: 40 39 (42 12 6 10) (49 34 37 29) (17 38) (26 14 41) 27 36 (13 35) (7 30 25 22 16 47 32 2 24 31 20 43 33) (9 8)
12: 1 (24 2) (18 42 35 6) 12 5 (30 17 11) (16 28 29) 31 (34 9 44 37) (20 7 36 39 49) (8 33 45 22)
13: 31 36 (12 8) 24 (46 20 35) 3 32 (33 2 17 4 19 9) (6 1 41 22 34) 42 30 47 (38 37) 5
14: (48 12 2) (29 31 25 5 1) (9 17) 32 46 18 (33 39 36) 24 (42 30 23 35)
15: 32 (11 39 24 35 34) (28 1) 33 19 9 (3 31 48 16 6) (30 38) 22 (20 12 36 14 7) 27 (37 8) 23 50
16: 13 (26 30 12 47 2) (36 35 45) 42 8 31 (22 32) (1 49 20) 19 (44 9 16 24) (6 37 48)
17: (5 6) (30 16 29) (12 48 24) (36 3 20) 19 (1 31) 42 46 32 (14 39 44 17 8 40) 50 2 9 37 (25 35)
18: (7 9 32) 31 47 (37 3 12) 42 (29 20 45) (49 33) (6 28) 1 (17 38) (46 24 36 22 30) (8 48 50 2)
19: 44 (8 2 38 45 32 34 42) (18 40 13 27) 22 (12 35 6 3 31 24) (48 26 36 14 37 1 28 20)
20: 30 (5 12 42) 8 38 (28 6) (20 9) (33 45 48 2) (23 34 32 49) 39 1 (24 3) 36 37 14
21: 31 (48 17) 19 39 (24 32) 25 45 33 (35 30 13) (20 2 23 8) 22 14 34 42 10 (37 6 9)
22: 27 (22 8) (40 29) (5 24) (19 30) 25 35 (48 36) (34 44) 33 42 9 (17 1) (2 3 15 12) (11 20 31) (4 37) (38 7)
23: 39 (31 36) 13 48 24 40 (42 37 30) (28 45 9 20) (22 21 46 11 34 38 29 32 33) 5 (12 18 14) (50 2 3 35 1)
24: (42 33) 5 (16 36) (39 6 22 48 50) (37 46 17 29) (30 12 31) (24 44 35 2 32 34 25 26) (20 9) 7 (23 27 14)
25: (17 38 45 30 42) (2 39 25 6) (20 35 8) 32 34 24 (36 3 5 33 16 12) 9 (31 1 13 48 7) 37
26: (16 37 40) 33 48 36 1 (6 29) (7 42) 31 24 (47 30) (2 20 28) 19 (46 22 39 9 34 5 43 12 35) 32
27: (37 24 14 41) (42 38 17) 9 (6 22 8 25 36 29 31 21 2 33) (30 23 26) (46 34) (20 12) 32 4 (5 45 35 40 48)
28: (36 16 10) (22 5 20 9 34) (3 25 31) (17 7 47) 48 (30 2 12 13) 45 (8 42 32 19) (33 24 29 4)
29: (24 34) (25 35 31 17) 39 (21 30) 33 37 3 40 (50 6) 28 10 (48 36) (20 32) 1 (9 42 23 2)
30: (30 10 20 37 32 16) 36 (38 39 35 24) (22 9) (4 31 25) (29 8 1) 3 (7 14 34) (23 19) (26 48) (6 42 50)
31: (31 9) (34 18) (7 42) 20 (5 45) 37 (22 12 14) (39 32) (35 36) (30 2) 40 6 48 24
32: (7 32 35 37 31 42 33 36 14 8) (50 17) (9 48 5 4) 45 (40 20) (49 30 34 22 12 25 2) 24 6
33: (8 6) 50 (48 19 31) (36 38 9) 12 24 (14 34 27 20 22 25 13) (30 11) (18 41) 37 (7 17) (33 2 32)
34: (20 11) 24 36 42 (16 34) (35 8) 25 (3 9 37 49) 17 (46 48 2 12 21) 30 31
35: (31 24 42 36 23 33 9 2) (27 17 39 38 40 12 22) (48 37) (30 6 34) 28 49 15 20
36: (1 8 31 42) 50 30 (20 23 16 22 11) (12 49) 36 (35 9) 44 (29 24) (6 4) 2 (25 45) 34 (37 47) (19 48)
37: (19 8) (37 34) 31 20 (21 44) 5 36 42 (2 3) (32 25) (24 38 47 45 41 7 30 22 9) (40 12 1)
38: (1 13 19) (6 17 36 27) (25 24) (32 31 9) (42 34) (2 8) (38 30 45 18 20 37 48) 33
39: 16 (14 39) (36 31 3 25 12) (24 1) 40 (38 34 6 46 2) (41 8 20 30) (37 22) 42 32 (48 33 7 47 9 29 13 19)
40: 45 39 38 (33 20 31) (24 14) 18 42 (7 9) 34 35 50 30 (1 6 37) (36 25 5)
41: 46 (37 25) 30 (6 10) (48 38) 33 (45 50 21) 22 (42 24) (26 31 20) (19 34 23 9) (32 13 36) (12 44) (14 1 2)
42: (30 9) 39 5 (46 16 1) (31 2 12 4) (7 37 48 34 42) (36 20) (14 38) 24 (21 25)
43: (47 23) 7 5 (34 4 31 12 42) 24 46 (14 30 37 35 3 48 9 32) (1 38 2) 16 20 8
44: 9 (46 6 1 30 44) 29 38 17 4 (33 34) 35 24 (37 12 16 31 14 48 2) (42 19) 45 23 (27 36 20) (32 18) 39
45: 40 (39 5) (33 50 30) 37 41 15 (12 7) (31 3) (48 27) 26 (32 6 42 20) (24 8) 34 (36 46 13)
46: (30 2 32 31 48 6 14 15 24 5) (7 36 34) (33 3) 49 (35 22 39 20) (19 9) (12 23) (38 25)
47: (24 45) 20 35 (34 12 2 30) (1 21 4 36 39) (31 50 40 32 37) (38 9) (5 25 49)
48: (42 32) 22 49 35 40 (30 44) (18 31 2) (10 29) 36 21 (27 7 45 43) (6 19 34) (24 33) (11 26) 20 (28 16)
49: (9 21) (6 20) (35 33 36 12) (44 37) 38 27 (31 42 7 19 8 4 2 30 22 1) (32 39 17 24 43) (14 47) 48
50: 6 (14 42) 48 30 (29 38 27 37 5 20) (25 24 34) (1 13) 12 33 7 (36 31 40) (19 47 35 2)
