70 70
1: 56 2 68
2: 35 34 51 67 58 44 59 29 50 1 24 46 7 15 41 65 12 70 62 33 11 3 69 49 54 31 60 20 18 48 5 40 63 4 21 30 28 38 16 27 47 53 2 64 25 17 6 13 52 23 8 61 66 36 55 26 14 9 39 43 19 56 68 37 42 22
3: 41 29 21 14 62 42 3 13 1 48 18 5 2 24 28 17 27 23 68 32 55 25 67 10 26 45 11 16 31 58 60 7 49 8 52 35 50 22 70 4 59 64 65 69
4: 56 27 14 33 4 48 22 3 67 9 21 6 64 25 29 54 51 39 23 44 62 18 55 1 26 66 59 40 37 10 43 42 46 5 19 53 47 45 20 11 68 15 32 38 52 16 60 65 69 7 34 50 58 17 30 61 28
5: 29 58 11 57 42 61 43 33 52 64 37 17 59 40 50 55 31 19 49 4 41 26 13 32 68 22 38 14 45 62
6: 68 57 64 36 19 51 27 56 17 22 16 34 2 30 54 33 5 38 62 4 44 14 24 8 48 3 25 50 9 15 45 67 69 37 7 23 49 52
7: 8 4 39 12 27 53 60 63 13 48 47 14 23 35 45 62 5 32 9 56 69 54 17 26 68 24 10 21 15
8: 49 56 58 54 5 42 45 37 46 62 17 69 28 13
9: 55 5 52 46 21 27 7 2 43 26 14 28 23 67 24 4 15 33 32 45 58 18 51 57 11 10 60 53
10: 49 13 51 23 24 11 57 59 39 44 32 62 65 30 70 9 8 17 35 69 47 12
11: 24 10 32 49 69 12 57 35 38 52 15 61 44 31 3 30 21 5 70 46 13 68 40 56 1 63 55 29 50 59 2 18 47 7 65 45 41 67 20 53 22 26 25 8 62
12: 48 17 60 22 65 41 44 21 57 23 50 24 51 43 13 3 46 7 36
13: 21 70 14 54 18 13 41 44 37 55 67 16 48 3 7 68 45 24 39 2 8 46 10 49 9 5 1 64 40 47 51 6 59 28 58 17 32 65 23 4 38 30 57 63 34 50 66 31 22 33 42
14: 9 5 70 27 23 20
15: 9 37 56 29 45 53 16 49 65 59 32 64 62 13 4 15 8 40 46 5 35 66 68 47 33
16: 45 27 16 41 55 39 63 36 11 32 61 31 10 12 25 14 70 18 44 52 43 33 24 3 34 7 59 30 23 26 46 66 37 60 2 40 22 49 47
17: 1 70
18: 65 32 37 61 69 59 10 18 46
19: 22 16 19 11 28 41 33 54 68 47 13 49 59 66 4 18 5 45 57 27 34 25 61 60 36 23
20: 39 44 8 4 38 31 53 16 3 6 43 30 57 29 26 36 59 48 13 23 61 27 25 51 35 5 2 64 22 10 1 65
21: 29 19 7 62 59 30 68 56 18 25 53 34 43 60 11 33 51 39 67 49 16 58 2 10 32 23 28 15 12 37 3 21 65 9 47 54 61 20 40 38 8 36 24 6 13 52 14 69 17 48 22 63 26 45 50 66 44 27 64 55 41 31
22: 12 56 4 51 43 28 57 5 8 69 32 20 15 29 42 16 58 65 6 61 36 47 70 44 35 62 24 38 67 66 9 55 37 11 64 63 33 45 41 26 54 3 40 31 22
23: 7 6 17 52 18 8 32 50 45 16 56 35 1 58 63 38 12 47 9 51 48 30 44 57 15 5 22 24 29 53 25 34 67 61 2 14 27 68 26 11 23 42 65 49 31 3
24: 16 8 39 44 43 31 55 41 63 27 3 20 13 26 32 52 38 18 66 68 22 51 50 23 10 53 21 42 7 58 34 12 5 56 62 29 6 17 67 25 30 36 61 46
25: 15 3 21 61 63 48 53 20 51 32 4 8 45 31 11 44 58 49 60 57 67 2 7 9 1 23 22 29 40 34 54 19 10 70 12 65 56 37 66 52 62 59 25 33 50 46 14
26: 52 18 15 34 9 65 35 45 43 69 33 32 25 37 47 8 40 61 27 60 53 55 38 4 64 20 19 41 67 66 10 39 49 14 62 63 3 70 29 26 31 16 1 5 2 17 28
27: 40 66 3 46 42 7 63 55 25 70 53 17 18 37 27 31 41 60 54 1 69 57 29 52 67 47 58 62
28: 23 58 33 30 45 47 19 29 2 57 27 10 69 18 22 28 35 15 61 56 24 59 38 60 3 17 13 40 51 41 32 9 64 65 36 68 50 53 66 16 54 37 7 21 39 34 6 14 12 8 1 5
29: 5 60 55 41 15 57 54 43 14 17 39 21 70 58 46 1 67 10 69 36 19 63 40 52 20 48 68 37 50 4 27 23 13 66 34 65 59 25 12 6 26 53 45 62 35 8 51 42 33 38 18 31 24 22 16 61 29 7 3 44 28 11 32
30: 27 4 49 52 60 37 57 7 22 24 38 1
31: 42 46 1 17 12 4 29 67 43 13 34 47 66 8 60 55 37 19 53 39 31 45 44 6 20 49 35 2 18 41 59 52 7 51 63 70 16 61 54 33 28 26 11 21 24 9 22 57 65 38 3
32: 55 40 69
33: 52 69 60 34 19 67 55 48 29 39 42 40 10 32 6 46 59 27 49 64 37 4 18 11 14 33 1 21 38 24 62 2 66 28 20 43 17 68 22 58 51 53 36 13 12 54 50 9 8 47 7 56 44 41 61 31 26 23 70 45 25 63 3 65 15 57 35
34: 50 52 17
35: 50 38 66 41 20 23 14 25 65 22 55 2 26 46 16 48 57 54 12 68 15 51 4 52 58 44 10 62 5 69 43 64 32
36: 8 34 36 65 24 29 31 39 19 9 46 42 49 52 40 67 7 48 26 47 43 66 53 30 27 25 11 10 70 16 14 22 60 41 13 21 20 63 68 55 54 3 15 33 37 5 28 1 45 2 44 12
37: 1 60 12 7 35 21 17 37 42 34 27 52 4 24 16 63 36 56 45
38: 20 46 32 44 49 13 65 27 23 69 2 29 11 64 53 54 6 43 50 8 68 22 45 40 52 37 34 70 25 9 48 58 26 21 19 30 66 47 36 62 39 63 5 18 42 56 51 24 1 67 7 31 60 41 16 55 61 10 33 4 59 15 12 38 3 35 14 28 17
39: 61 65 3 10 12 36 56 17 49 41 9 42 7 55
40: 62 27 49 21 12 42 19 56 50 9 24 68 59 23 47 6 7 4 29 70 5 44 15 48 13 51 22 61
41: 56 2 32 20 1 60 23 27 31 14 50 45 70 24 66 21 19 64 58 40 26 49 57 61 51 67 63 33 8 22 28 54 5 37 65 35 9 36 41 29 44 68 30 53 4 16 18 13 3 7 11 46 15 47 42 38 39 48 59 17 10 6
42: 63 20 30 48 56 12 37 15 17 68 67 26 46 54 45 65 18 7 25 29 61 51 50 53 31 33 64 55 38 2 21 6 57 32 16 22 9 11 5 70 35 39 66 24 36 69 3 40 41 1 43 44 4 14 49 27 23 58 28 59 8 42 47 52 13 34 60 10 19 62
43: 5 35 4 63 49 9 64 15 56 67 54 2 66 42 14 21 61 47 36 32 20 24 31 41 19 52 22 62 26 7 27 58
44: 58 18 57 2 39 29 34 65 69 43 68 7 9 10 6 35 13 64 19 30 38 41 4 37 23 42 8 66 40 60 15 27 55 21 36 24 1 49 20 22 59 61 17 32 63 26 28 5 67 11 45 50 3 47 25
45: 37 4 48 27 24 45 31 32 30 70 22 3 59 18 5 60 39 2 29 21 66 44 57 36 64 46 12 14 65 8 11 26 35 20 16 67 68 55 43 9 41 25 49 33 23 13 34 56 61 63
46: 60 13 25 44 35 43 10 57 34 29
47: 45 36 40 59 69 55 70 4 16 54 43 9 51 47 12 53 19 30 34 15 46 22 1 10 61 41 37 29 24 8
48: 60 23 16 34 50 69 28 21 45 24 62 25 27 48 49 2 33 53 18 37 57 52 30 66 58 68 44 39 4 67 31 22 19 61 42 13 47 26 14 5 11 32 8 29 36 70 10 35 1 20 54 38 59 43 56 51 17 55 41 12 64 9 65 63 15 6 40 3 7
49: 33 43 7 59 65 61 38 28 10 27 3 11 15 67 29 13 44
50: 47 1 56 27 52 44 35 2 36 43 12 8 49 39 48 5 62 18 37 23 30 63 7 22 20 24 21 51 34 9 17 58 59 67 25 65 19 70 45 46 15 57 32 28 3 66 13 31 4 33 26 29 61 50 14 10 55 16 64 53 40 11 41 60 42 38 69 68
51: 37 32 17 49 24 1 19 12 43 2 52 10 33 67 30 65 46 64 27 15 21 5 13 61 48 20 41 34 51 66 42 4 35 6 40 28 55 63 54 16 7 53 26 31 38
52: 63 64 34 33 60 52 27 39 37 7 65 56 29 8 55 51 18 38 62 26 35 6 45 47 44 14 41 19 4 40 54 30 48 16 22 31 28 10 25 9 11 36 50 61 20 59 67 69 12 43 53 68
53: 53 39 42 24 55 1 45 46 26 47 35 11 8 58 57 44 9 50 37 30 4 27 33 7 54 40 62 51 10 3 56 63 20 48 65 2 67 38 32 23 18 5 41 34 66 69
54: 60 66 63 44 67 17 48 41 52 51 35
55: 41 6 16 4 34 10 54 68 35 11 39 47 51 1 20 67 7 52 38 46 65 70 43 56 26 30 61 53
56: 41 20 70 45 67 58 51 30 61 4 25 22 43 24 42 6 64 2 65 46 37 54 53 19 31 10 32 23 47 59 21 27 16 63 49 48 66 44 52 55 28 62 18 14
57: 60 41 9 10 4 32 64 17 56 22 37 49 70 35 39 62 61 24 15 5 8 18 2 57 63 45 3 48 54 19 11 53 36 46 58 27
58: 1 65 21 40 30 19 13 68 25 44 27 59 2 26 39 37 45 49 6 11 58 62 61 33 9 46 36 29 70 24 57
59: 59 11 27 14 69 15 55 51 65
60: 16 23 46 4 33 3 36 13 29 50 64 9 39 1 66
61: 55 15 49 39 40 23 26 69 37 11 62 24 33 20 3 31 53 28 41 58 42 32 6 29
62: 7 53 35 60 18 39 31 34 68 8 50 19 30
63: 6 25 56 60 5 51 48 63 2 22 17 68 31 49 12 62 47 23 65 41 3 15 8 19 11 54 70 32 14 53 37 36 57 38 18 21 26 45 9 55 27 44 67 43 20 50 1 24 10 28 30 4
64: 61 12 59 17 34 39 6 52 7 46 45 28 38 15 41 23 26 13 58 2 27 20 37 31 8 66 68 25 65 44 35 69 4 16 30 62 22 10 18 43 1
65: 63 5 25 29 37
66: 19 70 62 61 20 3 68 24 47 26 66 56 38 31 5 42 9 41 49 6 67 50 28 14 23 45 63 52 39 59 40 27 64 46 43 12 55 60 16 34 1 32 10 53 29 25 17 8 44 51 21 69 57 2 48 33 11 18 30 37 22
67: 20 15 67 61 50 66 33 36 26 41 70 44 1 69 23 52 3 18 7 53 25 39 6 22 48 59 28 64 9 51 65 12 60 56 31 10
68: 7 57 58 31 32 39 13 22 69 40 42 37 62 64 36 6 21 55 63 17 34 29 15 12 68 47 18 59 44 41 19 49 56 61
69: 2 21 40 10 29 4 32 7 15 39 53 46 60 61 19 27 62
70: 43 70 1 55 8 5 60 50 54 69 61 28 24 65 46 7 59 33 42 34 2 40 68 9 57 49 25 37 39 18 14
1: (63 70) 48 42 (30 44 36) (47 23) (2 4 27) (38 25 31) 11 (53 66) 60 29 (64 33 41) (67 37 51) 17 (3 50) 58 (55 26 20 28) 13
2: (36 53) (58 57) (31 2) (69 13) 38 (63 56 3) (66 6) (70 64) 21 (1 26 44) 51 43 (42 33 48) 25 11 50 (9 45 20) (41 35 28 16 23)
3: (31 23) (49 2) (45 60 57) (6 67) (44 53 22 11 61 27 20 26) (50 24 38 21) (42 25 33 3 12 39 66 13) 29 63 (16 48 36 41 4 28)
4: (55 60) 69 (20 7 25 4 43) 29 (13 5) (56 40 6) 42 (31 15 64 35 50 3) 33 47 (30 51 41 22 9 38 19 57) 53 (48 44) (45 63 2) (52 37 26)
5: 66 (23 26 44 6 28 13 7) (43 29 70 36) (2 20) (9 45) (63 35) (65 38) (42 3) (50 41) (48 51 4 24 53 14) 57 (8 19 15 40) 11 22
6: 44 55 4 23 64 21 22 (31 13) (38 52 63) 24 (2 28) 41 (61 48 33 42 56 51 29 40 68) 20 (66 67) 58
7: (2 49) (48 51 62) (42 43) (25 11) 16 64 67 (52 4 68 30 24 36 13 31 44) (28 39) (29 3) 55 38 (41 21) 37 50 53 (27 33 40 23) 69 (9 6 70 12)
8: (29 26) 6 (45 11) (53 66) 63 (21 47 41 42 24 57 23) (10 31) (20 25 64 48) 38 15 (7 62) (70 22 33) 44 (2 50 13 3 28) (52 36)
9: 63 (7 52 22 15) (36 14 50) (40 57 41) (23 58 42 67) 39 4 (28 25 21 60) 43 31 47 (38 48 33 66 26) (6 45) (70 44 2) 13 53 10
10: (47 11) 55 42 (35 7) (66 33) (26 4 48) 16 (49 41 57 36 9 13 56 51 64 18 21 67) (3 28 63 69) 25 (38 52 24 46) (44 20) (39 53 29) 50
11: 48 (4 61 42) (9 16) (38 25 36 53 5 55 44) 23 21 (19 33) (22 31) (10 63 41) (3 45 57 66 50) (58 49) (29 2) 59 52
12: (31 51 24) 7 39 (42 40 50 16) (52 64 36) 22 (2 23 67 37 29 35) 25 (68 38 28 47) (10 11) 45 (48 63 33 21 66)
13: (50 11) (42 48) (38 29 68) (45 28 2 15 51) (20 49) 10 (46 7 3) 44 (24 8) 19 13 41 (40 21) 31 (58 36 60 64 5 12 33)
14: (13 33) 38 (9 7 28) (70 42) 29 50 (41 59 43) (25 23 52 5 45) 26 35 (36 56) (3 6 16) (48 4 2 66 21 63)
15: (22 21 4 40 69) 26 (50 44 35 25 42) (64 11 47) (48 63) (23 68 2 38) 28 (67 41) (43 6) 36 (57 49 29) (51 59 61) (7 9 33 15)
16: 36 (64 24) (37 50 19 51 3) (23 21) (31 38 56) 28 (20 26 66 4 41 45 6 16) 47 13 (2 35) (52 55 22) (48 60 42 15) 29
17: (37 3) 26 5 (4 24 39 33) 31 (41 7 42 51 23 12 66) 64 28 2 (57 10 44 8) (54 63 13) (21 50 48 68 29) 38 (6 27 34)
18: (42 56 64) 23 (11 13 16 50 45) (21 67 68) (26 41) (62 52 3 24) (70 53) 4 28 44 (9 29 38) 57 18 (19 27 63) 66 (48 33) (31 2)
19: (63 2) 68 38 (29 48) (28 56) (57 4 66 58) (51 36) 40 69 42 (52 26 47 19) (41 50) 44 (25 6) (43 62 5 21 33 31)
20: 48 29 (64 26) 50 (63 61 36) 56 21 (4 45 44 55 67 22) (31 11 33 43) (2 25 38 35 14 52 66) 24 (51 42 41) 53
21: (42 4) 56 45 (51 43) (28 66) (3 33 68 21 9) 44 (36 12 38 63 7 25 31) 24 50 (37 69 13) 40 (11 2) (48 41 29) 58
22: (43 16) 24 (45 67 19 5 29) (3 57) (20 52 68 63 31 64 23) 21 (48 47) (12 44 41 4 6 22) 35 (28 33) (66 11 40) 30 (38 50) (25 36 2 42) (56 13)
23: 40 (19 12 41 50) (64 66 20) (14 9) (23 53 60) (45 16 13) (42 4) 10 25 (56 63) 3 38 21 2 7 33 6 (35 67 28) (29 24 44 48 61)
24: 10 (16 3 48) (30 50) (56 21 53) 51 41 (43 13 37 38 12 29) 57 47 45 (70 11) (9 6) 28 (42 58 22 23 7) (44 66 2 31 33 36) (40 63 61)
25: (58 46 56 20) 27 (48 23) (65 19) 52 24 (3 44) 45 26 35 70 2 (36 25 50 4 66) 42 (33 29 21) (11 6) (67 16) (38 64 63)
26: (50 53 45 44 55) 42 (5 9) (52 36 21) (67 4 41) 26 (43 11 31 61 35 23 22 48 16 51 66) (2 38 33 24 20 29 3 58 63) (64 7)
27: 64 (41 9 52) (69 57 53 28) (16 63 24 37) (27 33) (3 4 19 45) (36 2 40) 48 (56 26 6 50) 21 (20 49) (44 51 38 30 66) 29 (58 23 7) 42 (43 14 59)
28: (29 26) (36 38) (3 67) 31 66 (28 9) 19 (4 48) (61 2) 52 (8 33 13 70 44 49) 42 51 (50 22) 64 41 (21 63) 56
29: (61 3) (4 69) (60 68) (49 66 27 23) 38 (28 48 41 65) (5 24) (40 25) (15 20 21) (42 2 50 22 46) (58 31 26 33 29 45 11) 47 (36 44 52)
30: (55 41) (63 21) 10 (48 62) 28 (66 24) 42 36 (2 50 16) 11 4 (53 13 58) (56 6) 23 (47 20 38 52 44 51) 45 64
31: (21 41) (20 67 51) (42 24 16) (66 27) (48 11) (26 62 23 3 29 45 36 5 13) (38 63) (50 33 64) 52 2 (68 61) 43 (22 56) (31 25)
32: (29 43) (45 5 69) (44 48) (7 3 24) (23 22) (66 10 57 28 61) 13 (18 41) (33 35) (50 42 51) 21 (68 38 11) 26 (53 16) (63 9 4) 15 (25 56)
33: (61 19) (48 45 22 2 16 38 41) (49 52) 42 66 (26 29 28) (21 6 31 5) (13 15) 36 53 (58 9) (67 51) 25 60 (70 4 50) 33
34: 21 37 62 (50 13 25 68 64 36) 47 (29 66 4) 26 (48 31) 46 38 33 (51 52 42) (16 45 19 70) (55 28) (2 24 6 23 44 53)
35: (45 48 31 62 29 7) (10 57) (43 26) (20 15 50) (33 3 42) 22 46 (41 2 52) 28 (23 64 11 38) 55 44 51 (54 53 37)
36: (44 12) (38 37) (67 60) 57 (48 2 47 36) (43 39) 52 (50 21) 20 42 6 (45 58) (63 33 29 41 28 19) 22 (24 16) 68
37: (6 4) (50 48 65) (5 28) (37 52 22 2 64) 30 (42 41 26) 13 (63 53 66 38 61 27 25 47) (51 8 18 33) (15 16) (57 45 68 58) 44 31 36 (21 29) (70 56)
38: 63 (42 49) 29 (23 55 51 11) (28 2 52) (48 5) (22 21 33) 41 24 53 (6 13) 38 (64 26) (35 30 44 50 20 66 4 31)
39: (57 58 61 4 44) (60 69) (45 66) 42 28 (10 7 55 33 38) (67 13) (52 64 48) (62 2 50 29) (21 16) (53 70 36 31 26 41 68) 20 24
40: 36 (48 69) (4 13) 52 26 (47 51 25) 21 (68 41) (50 38 5) (44 16 15) 70 58 29 33 22 (11 2 27) (53 32) 42 66 (61 28)
41: 47 29 (16 12) 35 (42 24) (2 33 48 63) (61 43) (31 38) 44 22 (28 13 5 54 19) (56 51 36 50 67 26) (55 11) (52 53 41 21 39) (27 68) 3 66 (57 45 64)
42: (41 50 5) 48 (70 44) (56 4 42) (66 13 3 43 38) 2 68 8 (23 40) 33 24 (27 37 53) (29 22) (51 31) 39 (36 61)
43: (4 21 45 26 64 55 22 33) (50 42 48 52) 29 31 16 (2 12 36) (66 63) (47 70) (9 46) 38 35 (5 51 49 20) (24 56 44)
44: (48 46 12 20) (33 35 25) (22 42 49) 52 (45 64 24) (6 10 68) 54 (38 58) 4 (40 63 53 13) (29 31 66) (36 2) (56 11 23 21) (41 50 67 16)
45: (26 47 4) (56 3 44 53 31) 50 63 25 (6 52) 21 (9 23) (28 19) (66 29 45 16) (41 36) 42 (5 8 48) (33 64 7 58) (22 38) (37 15 57) 13 11
46: (45 11 31 42) 60 (53 50) (4 24) (25 36 9 13) (69 16 35) (12 27 38 8 57 55) 47 64 18 (70 15 41 66 51) (33 29 58) (56 2)
47: (47 13 38 7 50 36 43 28 26 68 16 15 44) (21 4 66 10) (42 56 2 53 55 63 41 52) (11 22) 19 (48 27) (31 40 23) 33
48: 35 20 (54 57 40) (51 48 7) 23 (63 4 50) (12 13 2 52 42) 3 29 (21 45) (41 66) (6 33) (36 38 56 25 67 53)
49: (19 16 21) 23 58 57 (5 11 10 36) 2 (13 70 50 66) (44 42) (43 61 40 15 30 48 39 63 25) (33 45) (31 56 6 3 8) (51 26 38 41) 68
50: (24 28 3) (41 70) (52 29) (13 40 25 6 11 34 42) (23 66 63 2) 38 67 (44 33 5) (62 12 50 35) (53 60) 48 21 4
51: (42 23) (4 35) (33 13 48 31 21) 22 10 (25 6) 50 (66 2 12 20) 56 63 (41 9) (40 52 51) (67 53 28) (55 59 47) (38 24) (54 29)
52: (26 54) (31 29) (5 42 23 67 35 34 27) 6 (25 30 37 3 56 55 38) 43 (11 52 48 51 24) (66 21) (9 64) (2 16 4 36 33) 50
53: (42 25) 62 36 56 57 (41 9 50) 15 (67 66) 27 38 (51 26 20 7 21 69 2) (61 48) 47 55 (63 29 24 28) (11 4 31) (33 53) (23 52)
54: (21 70) (35 4 48) (6 52 2) 29 8 (36 28 42 63) (53 22) (56 7 38 25 43) (51 47 55) (33 41) (57 31 19) 13 27
55: (70 31 52 16 2 61) (50 4 39 42 45) 27 (53 48 9 44) (26 56 22 63) 5 47 (66 32) 68 (13 51 29 21) 11 (35 24 36) (38 3 59 33)
56: 41 67 (1 52) 15 (28 40 42 23) (66 50 8) 53 63 (11 57 37) (25 48) 2 (6 45 39 38 68) 24 55 (7 43 4) (33 22 21)
57: (58 6 41 12) 68 (35 57 33) (30 70 31) 53 42 (48 9 50 10) 13 (27 66 22) (25 28) (46 20) 23 (63 29 19 44 11) 45 5
58: 13 (53 23 28 24 8) (41 42 43) 50 (29 4 3 22) 61 (2 68) 64 (58 35 5 25) (33 56 48 21) (38 44 57 27 9)
59: (68 49 20 66 42 50 28) 4 (59 31 40 19) 48 45 (10 38) 47 (29 64) (25 2 70 18) 44 41 (3 21 58) 5 (11 16 52) 15 67 33 13 56
60: (4 19) (16 25 46 44) 48 (38 29 36) (3 12 57 45) (31 28) 62 (26 21 67) (30 33 50 42 54) (9 2 37 63 7 66 52 69) 41 (27 70)
61: 70 (4 38 69 58) 55 (2 39 51 45 47) 11 50 49 (67 56) (42 68) (18 44 24) 19 48 (21 23) (16 57 66) (40 20 43 26 33 22 28) (5 29 25 64) (52 41 31)
62: 15 (33 43) 24 (66 10 57) (2 25 61 42) 11 38 63 (7 26) (22 69) 52 6 (4 53) (21 3) 68 35 (29 5 27 48 64 8 56) (40 58) 50
63: (11 7 22 26 2 65 33 36 24 68 25 42 16) (27 63) (44 56) (43 66 45 52 31 21 13) 53 (51 23 50) 37 (29 48 57) 41 (54 38)
64: (52 20 6 66 45 33) (51 41) (2 50 43) (5 22 56) 4 (57 28) 3 67 (60 42 13) 21 44 (48 38 35) (15 26) 68
65: (58 2 70 13 48 41) (38 10 3) (42 50) (4 53 11) 22 (26 39 45 20 51) 49 (31 64) (44 55 18 21) (28 56 15 29) 33 (23 36) 25 (63 59) (52 67 12) 35
66: (48 33 35) (26 45) (38 31 41 16 67) 21 60 50 44 54 (13 43 29 25 22 36 53 2 56 64 51 28 4 19 15) (24 27 66 42)
67: (41 24 55 33 22) (11 27) (45 29 42 52 43) (67 2 38 9) (3 13 21) 63 50 (53 4) 49 (36 44 56 54 31) (66 6 26) (48 51) 23 25
68: (21 5 64) 62 (3 44) (11 63 33) 28 (24 38) (36 19) (48 41) (42 1 4 35 66 13) (55 52 70 40 29 6) (2 45 50) (68 58 23 15 7)
69: (7 26 29) 61 44 32 (70 10) (11 4 47 22 28 3 35) 59 33 (67 38) (66 2) (18 52) 8 (21 6) (53 48 68 64 50) 27 42
70: (70 31) (26 22) 2 (50 13) 3 (33 42) (56 48) (58 14) (57 16 38) (40 41) 63 (45 36) (17 47 29) (10 11 67 66 25) (55 27)
