70 70
1: 51 55 52 33 64 50 35 30 20 7 43 22 42 9 28 12 37 44 29 41 63 13 15 24 18 69 66 65 25 40 60 4 59 58 53 62 38 17 16 67 26 36 70 57 2 56 14 1 19 31 54 21 11 39 23 8 6 27 5 10 45 49 47 34 32 61 48 3 68 46
2: 46
3: 40 1 3 35 65 17 37 2 70 56 21 13 60 7
4: 22 64 61 67 45 24 34 36 5 37 31 63 51 42 66 39 41 23
5: 66 51 31 17 1 18 11 21 57 3 36 13 4 8 5 70 64 29
6: 62 56 37 53 11 29 42 1 19 57 38 28 30 66 67 7 21 22 51 13 10 16 31 24 5 45 36 25 39 60 64 61 26 43 68 8 4 14 41 2 33 58 65 35 6 50 44 3 52 63
7: 32 28 43 8 11 48 60 55 5 53 33 19 47 34
8: 7 54 40 62 5 64 58 42 63 46 61 33 41 53 35 4 36 48 45 14 50 16 51 1 60 57 15 3 67 65 12 24 68 2 20 22 32 38 56 39 27 70 49 9 26 17 55 69 30 18 10 43 13 37 8 47 34 21 28 44
9: 31 48 39 15 36 21 12 29 17 56 44 35 4 65 57 10 58 55 20
10: 36 38 49 12 59 53 18 64 44 27 21 22 30 15 37 65 9 61 68 47 16 40 51 67 42 25 4 14 29 35 58 6 11 20 32
11: 11 38 66 49 12 41 46 67 59 53 26 4 36 47 6 51 29 23 22 31 68 52 42 18 54 10 3 25 30 65 56 39 50 55 15 44 58 5 33 62 24 7 2 37 40 27 64 21 34 9 61 69 13 8 70 35 48 20
12: 27 45 49 61 40 39 19 68 26 57 59 69 42 13 7 31
13: 32 1 6 5 49 14 34 28 57 31 18 20 69 4 38 70 44 16 26 27 7 59 29 66 68 50 33 37 62 60 52 41 8 19 47 40 53 13 15 17 35 46 51 43 45 54 48 21 22 42 58 2 39 3 55 67 10 56 30 25 11 9 63 64 24 61
14: 46 6 53 13 1 24 9 32 30 36 12 34 50 66 38 48 11 15 65 37 68 2 60 51 27 54 31 59 23 69 64 22 20 19 58 55 5 3 26 61 67 28 56 16 52 40 49 25 57 8 39 33 7 4 43 35 44 62 63 18 29 21
15: 67
16: 57 17 2 46 4 34 67 66 38 28 62 13 55 68
17: 63 16 14 22 61 9 66 15 30 29 26 68 36 44 67 38 46 34 13 39 33 23 27 5 40 2 24 12 4 10 32 25 65 54 57 11 59 55 50 37 48 69 47 43 8 45 49 1 17 31 51 19 20 7 53 28 3 52 70 62 60 42 56 41 64 6 21 35
18: 36 60 53 9 58 70 61 45 26 27 55 13 2 7 40 19 37 66 4 1 12 38 15 21 29 5 33 44 63 59 28 51 43 6 41 49 34 68 14 50 25 39 30 35 22 57 32 56 62 31 23 16 65 11 24 47 18 20 17 64 54 10 3 48 42
19: 62 25 27 1 64 7 37 2
20: 22 51 5 67 46 33 15 30 23 10 24 2 70 34 9 69 27 7 19 49 38 54 48 6 56 26 52 50 8 37 36 12 65 40 41 18 66 58 4 28 39 43 63 57 64 21 1 53 25 47 11 17 61 60
21: 18 66 24 29 8 70 64 32 35 5 23 11 6 49 21 2 59 16 30 9 57 69 68 10 54 67 56 39 28 62 3 27 52 40 41 43 17 14 7 48 60 19 33 61
22: 41
23: 9 15 37 25 26 56 63 22 31 58 52 43 44 53 3 55 65 57 40 16 46 69 2
24: 62 19 38 56 53 27 29 18 44 67 9 11 21
25: 18 13 8 2 65 4 49 63 52 51 22 43 47 3 46 28 17 42 27 70 60 37 25 31 50 5 36
26: 9 49 22 8 56 21 3 46 35 50 11 51 10 55 31 30
27: 68 38 27 24 53 8 21 57 59 26 67 9 12 2 17 69 6 48 19 25 62 7 45 30 44 55 20 70 1 36 54 13 29 50 58 52 46 4 47 18 31 42 63 49 3 40 32 66 64 60 61 41 15 51 34 28 39 16 5 23 10
28: 41 32 49 14 34 13 63 69 8 9 57 23 68 66 39 43 6 33 28 5 35 58 18 30 3 21 19 11 70 7 59 27 22 67 51 1 54 26
29: 10 40 59 31 29 16 35 37 18 61 23 63 38 54 26 13 57 36 34 19 27 56 58 53 9 55 67 51 24 64 49 44 66 8 30 46 6 60 32 45 33 4 70 5 11 25 69 20 48 1 39 12 41 15 65 47 42 17 14 21 2 62 7 3 43 50 28
30: 18 39 35 58 16 36 70 19 65 60 14 11 7 48 25 57 30 9 27 54 50 52 5 33 46 67 55 13 59 49 66 15 3 17 64 2 12 20
31: 41 48 19 1 22 11 56 32 38 25 58 42 23 69 10 18 5 50 7 57 26 13 61 68 70 66 51 62 6 3 27 40 33 52 28 59 2 20 49 24 30 9
32: 3 15 24 2 40 7 53 31 36 34 60 69 49 48 32 29 21 55 50 52 67 59 51 28 1 13 66 35 18 4 9 58 16 46 10 20 47 56 14 62 27 19 26 64 25 65 12 57 23 61 39 63 6 42 70 30 41 37 38 8 44 33 11 43 45 5 54 17 68 22
33: 13 10 54 11 63 53 14 28 29 23 42 3 25
34: 25 1 64 61 44 4 50 65 37 23 3 57 45 51 63 22 19 30 2 18 7 66 27 70 49 67 53 20 58 28 31 46 39 36 43 55 9 42 38 34 68 32 6
35: 51 55 29 35 54 21 11 60 32 12 40 59 57 4 17 67 18 22 44 10 1 45 34 25 61 47 42 15 19 26 5 68 65 56 66 14 16 3 63 2 24 30 27 53 46 6 7 50 58 48 70 8 52 41 31 36 38 49 20 39 28 62 23 43
36: 37 18 52 32 54 12 33 56 19 42 46 11 14 6 17 41 28 16 47 25 50 64 60 70 45 31 8 22 30 58 26 44 29 20 2 51 13 1 15 63 53 69 36 49 4 3 10 34 39 23 61 21 5 62 40 7 65 35 68 66 59 55 9 43
37: 10 8 49 17 45 9 57 66 4 52 22 70 65 1
38: 24 22 44 33 63 12 35 9 4 29 1 40 56 36 5 48 49 58 68 45 26 62 20 54 55 65 16 32 69 42 15 25 61 50 30 17
39: 59 64 28 14 19 65 25 37 10 20 38 61 49 55 18 17 11 22
40: 44 59 30 17 51 47 60 50 16 7 70 62 69 53 41 68 46 8 35 67 1 32 66 61 36 6 55 54
41: 56 64 57 39 4 7 14 2 10 48 44 46 1 69 34 43 53 29 3 22 54 36 9 66 30 33 60 23 41 58 12 40 6 16 52 49 25
42: 63 14 19 69 25 30 8 59 3
43: 61 68 42 39 65 38 12 6 4 1 56 22 28 17 55 15 7 60 45 63 46 54 25 19 14 51 16
44: 56 64 29 33 53 70 55 35 52
45: 65 3 45 13 29 54 4 25 17 5 15 2 24 6 46 61 40 16 9 47 57 11 67 28 68 69 27 14 7 36 34 52 66 51 31 56 38 49 33 12
46: 12 9 30 70 26 14 5 36 13 46 17 18 22 31 65 53 28 41 21 37 34 33 11 3 4 8 24 2 42 32 15 38 16 68 64 67 62 40 63 44 48 54 61 25 43
47: 54 45 40 42 43 62
48: 67 69 32 7 53 68 23 25 12 41 50 37 26 44 34 52 20
49: 6 2 46 60 32 47
50: 22 34 37 58 70 31 63 39 2 42 29 54 5 19 27 25 64 60 40 13 23 7 15 20 10 43 65 51 48 17 69 61 24 46 56 8 47 52 26 45 3 9 67 35 33 44 30 18 50 21 11 57 53 66 1 38 41 68 16 14 6 49 12 59 36 62
51: 52 1 43 40 15 41 46 25 10
52: 12 54 10 47 65 1 3 9 68 17 18 35 43 22 31 19 63 29 20 15 11 66 27 13 69 38 23 51 32 4 61 57 37 59 25 14
53: 58 70 63 2 7 12 23 14 57 59 36 35 47 67 42 11 27 33 64 34 22 17 49 55 54 69 50 15 38 45
54: 60 62 17 41 40 56 29 30 14 53 21 3 11 34 49 16
55: 43 62 51 6 19 9 32 7 68 24 28 53 65 64 55 8 20 36 59 18 67 69 44 39 70 38 22 29 49 25 30 12 47 3 27 57 23 45 66 10 60 42 48 56 34 21 35 50 31 2 54
56: 58 40 41 9 36 61 14 7 44 37 62 45 5 4 6 63 48 12 59 27 20 17 53 2 34 46 56 29 54 42 15 26 68
57: 3
58: 21 44 13 46 45 40 69 6 62 24 3 49 4 48 17 65 39 51 37 2 64 58 59 50 19 33 16 5 56 14 29 67 8 53 36 38 12 63 7 54 66 42
59: 39 13 50 26 34 15 14 22 8 11 28 21 49 24 2 46 68 69 6 16 36 5 56 48
60: 61 57 30 27 9 15 2 44 20 29 33 56 3 36 51 5 12 42 52 16
61: 28 48 14 53 63 67 4 57 18 60 49 19 16 32 69 31 8 58 36 21 11 15 9 34 65 2 68 27 20 38 13 62 50 26 33 6 44 70 35 5 46 66 51 30 45 17 1 54 42 3 10
62: 29 37 4 26 3 5 68 65 32 25 58 7 34 46 40 13 38 59 21 53 52 56 36 39 45 22 9 14 43 44 35 50 47 60 64 12 66 2 69 41 31 33 62 24 19 61 70 55 54 30 42 48 51 23
63: 33 35 64 24 8 32 60 48 28 40 63 57 56 47 5 53 65 23 13 26 58
64: 66 52 13 36 69 24 64 65 29 18 9 7 25 16 70 43 33 56 54 32 14 19 1 59 57
65: 25 36 58 40 39 68 42 8 43 47 11 60 63 55 70 2 17 54 67 13 6 57 50 64 1 27 38 66 7 5 45 46 4 22 49 30 14 48 18 51 53 52 37 20 59 23 33 26 15 10 16 19 56
66: 18 27 41 21 10 48 33
67: 17 49 21 62 14 27 20 35 6 29 4 45 47 37 9 25 5 56 70 51 52 43 28 42 54 19 1 59 68 40 22 31 38 15 13 23
68: 4 28 42 61 48 21 51 58 38 20 32 65 64 25 40 6 23 36 69 11 55 43 26 12 16 37 45 24 67 54 1 57 50 9 66 15 44 53 7 39 8 63 60 33 5 22 10 2 3 19 41 14 52 30 13 70 35 29 62 27 46 49 59 68 34 56 18
69: 35 69 31 61 2 43 14 57 52 53 51 27 13 70 10 12 23 25 7 32 19 6 3 63 36 58 33 41 66 29 28 30 56 46
70: 50 3 48 49 15 41 35 20 42 23 9 18 2 66 38 64 44 31 47 68 70 1 53 65 36 55 39 45 61 32 25 54 7 24
1: (34 40 68 61 67) 37 (13 32) 19 (38 8 28 35 27) (50 31 17 14 65) (70 18) (29 43 1 41 36 5) (52 51 20) (64 6 3)
2: 11 (1 36) (55 46 23 62 20) (69 6 18 65) 30 (58 45 49 21 70) 14 68 (34 59) 8 60 32 19 (56 27 31 41) (3 25 35 13 53 29) (61 17) (50 16)
3: (14 58 5 42) 25 21 (18 57 70) (46 11 62) (54 28) 50 (23 61) 13 (55 6 60 3 17 26) (31 32) (8 30 45 69) (1 36) (33 35) 27 41 (34 52 29 68)
4: (41 56) (34 36 62 68) (35 11) (32 67 37) 1 25 65 29 61 (58 13) 14 (46 43 10 38 6 8 45 9 27 52 20) (18 5) (17 16)
5: 13 (29 58) 7 1 (45 30 8 65 56 35 67 38) (4 59) (25 14 28 18 11 31 5 36) 60 63 (32 17) (21 61) 27 (50 6) (68 20 46) 62
6: (67 59) (13 20 61) (34 28 17) (29 43 36 68) (31 49) (35 27 56) (6 40 65 32) (45 50 1) 14 (11 41) 55 (10 69) 58 (18 21)
7: 27 6 30 (45 1 29 31 70 34 8) 12 (11 19) 58 21 (65 68 18 28) 62 (50 64) (48 43) (32 3 56 53) (17 20 36 35) (41 55) (14 69 13 40)
8: (13 8 59 14) (25 27) (68 1) 35 (65 6 5 37 11 28 46) 40 (55 20 21 17 32 42 63 29) 61 (50 58 7 26 36)
9: 28 67 (18 56 17 13) (11 30 52 61) (41 68 27 38 14) (70 36 23 24 34 1 55 8) (29 10 64 20 21 26) (62 31) (46 45 50) 32 (60 37)
10: (8 51) (27 55 50) 11 (9 36) (39 61) 13 (32 66 52 21 65) (31 6 18) (37 35) 17 (68 29) 33 (41 1 26) (69 20)
11: (21 30 18) 24 11 32 20 6 (61 29 45) 35 (65 28 50 46 54 68) (10 59 39 7) (36 52 33) 17 (53 31 1) (5 13 14) 26
12: 29 (43 41) (32 50 68) 48 (56 27) (8 36 52) 58 (62 18 38) (46 60) 35 10 (30 55) 11 (53 69) 20 1 (17 45) (14 9)
13: (50 32) (31 52) (45 65) (14 36 30 69) (67 63 12 33) 11 (13 59 8 61 5) 16 (29 3 28) (18 1 25 6) 58 (46 62) 64 17 (27 68)
14: 67 (42 41) (61 35) (54 13 21 68 36 43) (50 56 1 32 39) (8 65) (46 45 6) 53 29 33 30 59 18 52 58 (17 28) (10 69 62 64)
15: (43 13 36 60 17 8) 61 (56 65) (18 29) (53 27 59 68) (14 11) 50 10 20 45 (32 70 35) (51 9) 1 23 67 (38 46 52 30)
16: 65 (1 17 18 43 64 30 60 41) (59 27) (29 40 35) (21 61 36) (10 50) (13 8 68) (23 32) 38 (46 54) (6 14) 45 58
17: 54 29 (3 65 32 36 13 27) (1 52 20 5) (25 21 38) 45 46 16 (58 18 61) (39 17) 40 9 8 (53 67 43) (30 50 37) 56 35
18: (46 39) 31 (35 27) (21 65 11 25 30) (36 18) (70 32) 64 (66 34 55 29 28 5) (68 20) (10 50 52) (14 13) 61 8 (24 1)
19: 18 43 (42 6) (39 62 34 20 31 21) (12 67 65) (7 28) 52 (17 24) 50 (32 35) (58 14 27 68 61 29) (13 69 64) 30 1 (36 55)
20: 67 30 (35 36 65 11 32 48) 27 (13 60 18 14) 52 55 (31 17 10) (56 70 39) (34 50) 68 29 (38 61 1) 9 8
21: (21 66) (11 1 26) (14 3) (59 50) (46 32 17 29) 5 (6 58 28 10) 18 (24 8 62 20) 27 68 (35 54) (67 13) (9 55) (61 36)
22: (31 38 17 35 20) (18 46 68 28 10) (59 55 32) 13 (52 14 34 37 26 50 1 8) 6 (11 23 43 25 65) 41 (67 39 36) (62 53 4)
23: (11 33 48 18) (68 20) (62 50) 67 (41 63 28 55 31) (53 14) 21 (27 70 65) 4 34 (35 32) (69 36) (1 52 17) 29
24: 13 (29 31 70 8 4 11 45) 1 (14 32 20) 38 (62 55) 58 (27 17 59 6 64 35) 18 (46 21) 50 (63 68)
25: 52 (18 11 35 41 70 43 64) (20 50 33) 34 25 51 (46 65 1 62 10 42) 36 (30 27 45 68) (67 55) 48 14 13 38 23 17 (29 31) 39 32 (6 19 69)
26: (6 14) (68 12 62 11) (29 20 32 56) (31 59) (65 27) (18 50 38) (46 36 48 17) 13 (28 8 35 61) (63 1) 23
27: (53 8) (32 68 28 21) (55 18) 31 14 35 (10 27 52 30 1) 20 (69 67) 56 (45 24 11 66 65 61 25) 34 (29 50 19 60) (12 17) 13
28: (45 59) 25 (39 31 28 67) 21 (34 16 7 43 20 63) 46 14 6 13 18 (35 1) (33 17 55) 69 (61 32) (8 29) (68 27) 36
29: 13 (50 67 27) (44 21) 10 6 (36 64 29 11) 18 33 (1 9) (55 35) (14 5) (41 58) (45 62 56 32 52) 54 24 (38 68 69 17) 60
30: (8 26 17 29) (1 13) (61 11 55) 34 14 (20 18 50) (41 62) 36 (21 10 69) (60 42 40 30 31 35 38 54) (6 68 65) (27 32) (46 28)
31: (17 52) (14 1) (25 11 45) (12 34) 6 69 (26 29) (61 35) 4 (36 50 27) (18 9 5) (67 46 62 13 32 70 23) 55
32: 63 (64 34 31) 35 68 48 40 (46 62 17) (28 14 38) 32 (1 52 69) 61 (29 13 36 8 10 70 55) 7 (27 49 18) 21
33: (6 68) (62 31 13 28) (32 64) 14 60 (36 7 65 11) (1 50 17 29 38) (21 58) (18 41 53) (61 46 63 44 45) (30 66) 69 20 8
34: (62 14 16) (61 55) (13 54) (17 35) 59 (18 8 7 56 4 27) (1 29 46) (20 28 45 32 11 41 36) (68 50 53) 48 34
35: (62 67) (38 14 70 50) (53 1) (10 28) (9 61 30 40) (44 18) 8 69 21 (32 35) 17 (6 13 29 36 63) 3 (55 11 68) (26 52)
36: (30 62 46) (56 61 29 27 36 59 55 32 8) (53 35) (10 41 5 25) 45 (50 69 65) (18 34 38 9) (58 40 11 14 70 4 1 64 6) (68 17 20 60)
37: (6 18) (1 4 48) (32 20 10) 11 (56 34 29) 46 (14 23 67 19 52 58 17 36 65) 39 (3 68 25) 13 (50 8) 62
38: (68 18) 50 (35 52 39) 70 (45 55) 6 (34 29) 27 53 (11 1 16 14 58 61 65) (13 31 8 20) 46 17 10 (32 43) 67 62 24
39: 18 (34 17 4 8 21 59 12 11) (35 20) (58 1 41 68 6 43 30 65 50 29 32 9 36 13 14) 28 (55 27) (70 62)
40: (35 68 58 51 3) 23 (46 38) 32 (17 65) (12 8 18 31) (11 56) (50 10) (13 29 62) (20 14 63) (27 47 54 45) 21 (1 41) (67 36)
41: (51 6) 20 (50 22) (62 35) 21 18 (17 41 29 8 11) 40 (4 66 46) (31 13 1 32) (54 36) (70 69 68) (56 48 27 28)
42: 43 31 56 (46 25) (6 47) (68 61) 11 (18 58 35 29 4) 36 (38 8 10 53 70) (27 13 62 55) (12 50 33) (34 32) 1 (17 60 65 67)
43: (68 21 36) 14 (29 20) 35 (34 51 8 62) 17 (1 64) (50 23) 52 (28 69 55) (41 65 7) 32 46 6 13 (25 18) 47 67
44: (38 40 36 14) (17 23 35 68) (41 11 56 60) 62 70 (27 50 61 13 9 34) (1 58 10 55) (18 8) 48 (24 46 32 29 6)
45: (34 38) (70 43) (58 27) 55 61 (45 13 65 29 12 50 18 68 53) 8 (47 4) (56 1) 35 (62 37) (6 67) 36 (32 17)
46: 45 (49 27) 17 (50 25) (34 59 1 23 30) (2 32) (62 69) (8 43 41) 20 13 (14 26 40 56 29 16 68 36) (65 58 51 11 46 35) 61
47: (53 20) (32 29 65) 40 (45 49 62) (50 27) (55 8 63) 10 18 (1 7 13 17) 35 (11 36) (70 52) (25 67)
48: 66 50 (41 55 17 58 61 29) 59 (70 18) 68 (1 8 7 32) 21 11 (27 9 56 14 46 20) (38 30 65) (31 63) (35 13) 62
49: 14 (13 8) (31 39 65) 50 (55 21 58) (38 53 25) (28 35) 12 18 (36 70) (11 68) 61 37 (32 20 30) 41 (26 1) (54 27) 10 59 (17 34 67 45) 29
50: (70 31 26 65 68) (6 13 36) 55 38 (17 20 14) 61 (59 35 1 32 58) (62 30) (48 25) (18 34) (8 29 53) 11 27 40 50
51: (27 45 36 43 26 10) 20 (61 52) 58 50 62 55 8 (18 13 5 11 60) (34 6 67 65) (1 29) (32 17 69) (14 4) 68 (35 28) (40 31) 25
52: 1 (32 67 65 44 51 11) 30 (62 25 23) 36 35 27 (21 69 50 37 48 68 60 13 14 17 64) (31 41 6) (45 20)
53: (70 40 24) 32 18 (11 41 55) 44 36 (13 56) 50 (10 35 65 6) 29 63 69 (68 7 27 23 20 48 34 62 14) 1 (33 54) (61 46 58 17) 8
54: (20 41 8 45 62 27) (46 18 47) (58 64) (55 1) (35 38 33) (17 50 67 21) (56 30) (40 70) 53 (32 36) (65 11 43) (68 13 28 52 14 61 29)
55: (23 32) (65 35 11 29 17 30) (68 9) (27 43 16) 14 (44 1 70) 26 (40 34 55 38 18 39 62 53 7) (8 13) 36
56: (23 8) 62 29 (67 35 64 13 24 58 68) (26 1 45 20) 21 (32 44 54 41) (11 65 56) 36 (59 50 17 55 69 63 38 14 9) (43 3 18 31) (6 60)
57: (32 64 35) (61 60) 50 (18 14 65) (41 53 28 37 31) (6 63 13 5) (21 8) 23 (20 27) (9 68 34 69) (16 30 52 29 1 55 45 17 12)
58: 69 (29 61 13) (65 18) 8 9 (38 14 32 63 36 28) 31 34 41 (35 10) 27 (23 68 53 1 58) (50 62 11 6 30) (56 20)
59: (52 14) (58 40 21) (10 35) (55 56 13 32) (67 68 29 42 27 36 30 17) 50 (65 39 64 1) (53 11 12 18) 62 (28 31)
60: 43 3 (25 6 17 8) (54 14) (62 32 18 65 35) (7 13 30 41 27 55 36) (49 20 50 1 40) 29 (68 21) (63 61)
61: (27 69 13 21 70) (34 35) 12 31 50 (8 38 14) (6 52) (36 11) (18 39) (29 60 20) (4 46 68) 1 32 (17 56) (62 43 40 10 45)
62: 36 (31 38 17 62 67 19) (16 6 1 13) (8 56 58 55 50 14 21 68) (54 40 46) (18 24 27) 11 61 (32 35) 29 47
63: (61 4) (46 6) 34 (14 8) (17 28 53 1 52 27 20) (42 36 63) (18 43) 13 38 (69 32 35) 33 (65 23 29 56 68) (58 25 50)
64: (18 8 58) (64 53) (39 17) (36 20 19 68 14 46 5 41 4 65 1 11) 44 (10 27 6 62 32) 13 (29 50) (30 55 21) (34 63 70)
65: (46 25 1 55) (17 8) (18 61 50 58 62) 52 (35 34) (30 39) (6 63) (29 11) (36 68) (32 14) (70 37 45) (43 3 9 64) (10 20 23 38)
66: (36 17 55 11) 1 (16 27 20 31 14) (45 35 37 52) (13 4 30) 28 (32 18 5) (40 34 70) (64 41) 69 (29 62) 58 (6 65) 50 (61 21 68)
67: 10 46 13 (1 14 29 58) 11 (50 32) (17 61) (15 24) 53 (28 20 40) 48 (21 27) 16 (30 35) 68 8 (55 4) (6 45 34 65)
68: (34 40) 67 (38 13) (59 31 28 12) (32 11 55 18 36) (14 61) (1 50) (35 10 52 43 16 46 65 6 45) 48 (70 56 68) (27 8 21 17 62)
69: (58 48) (42 11 40) (17 69 38 62 41) 28 (20 68) 12 (53 50 61) (45 29 8) 64 55 (21 32 1 31) (14 27 36) (23 52 59 13)
70: (1 46 20) (25 18 5) (11 36 8 27 35 67 30) (21 3 34 32 68 69 13 61) 50 65 (53 28 55 29) 17 64 31 37 44 40 (70 62)
