70 70
1: 5 28 18 22 56 1 32 70 35 24 26 55 61 13 60 59 27 62 21 6 46 8 66 53 29 10 19 57 33 40 51 11 69 58 34
2: 18 22 45 58 37 27 2 62 11 20 6 54 61 10 56 64 17 67 1 55 26 48 51 23 44 33 43 49 53 59 52 35 68 29 36 14 21 12 30 50 32
3: 37 42 39 17 59 25 70 56 58 67 8 38 40 4 50 36 46 32 69 60 20 23 33 57 28 66 21 29 68 34 16 52 26 44 63 15 22 49 13 6 3 53 55 48 61 62 11 24 51 45 1 47 30 64 19 27 12 10 31 41 43 14
4: 7 30 22 51 25 60 58 66 23 8 36 13 62 18 29 37 4 21 1
5: 59 56 34 55 50 9 46 10 18 3 48 13 37 57 41 19 35 1 42 36 66 52 15 43 5 23 16 54 2 28 47 44 64 69 31 22 67 33 11 65 32 8 63 6 49 61 12 25 58 60 24 4
6: 4 48 65 15 12 11 50 8 51 35 45 25 49 19 55 16 1 24 46 32 6 41 28 63 31 54 13 69 57 66 62 56 43 14 34 53 52 58 47 27 70 37 2 38 42 9 20 10 26 22 40 64 17 21 30 29 36
7: 21 69 8 34 1 37 58 64 19 10 42 53
8: 67 40 16 64 39 63 66 12 61 54 22 31 9 20 29 6 23 18 24 59 55 15 58 17 10 47 49 30 41 32
9: 38 57 61 20 1 11 36 51 26 60 46 53 63 65 55 42 6 25 13 31 3 47 15 66 50 12 19 16 67 27 2 7 39 29 23 58 9 14 35 5 21 69 17 24 22 59
10: 39 29 37 31 66 2 19 30 23 12 5 44 45 63 51 10 47 33 64 14 49 7 48 15 4 55
11: 57 44 43 15 19 2 60 22 49 54 7 20 55 64 12 26 65 16 18 59 32 39 63 25 50 40 29 70 33 11 66 53 62 68 24 28 41 5 6 52 67 42 37 17 8 3 21 38 34 30 9 46 69 58
12: 36 9 35 58 23 32 14 4 13 22 27 18 54 30 12 2 56 46 24 26 5 68 40 39 17 45 48 42 15 3 37 57 44 11 25 51 20 61 6 62 38 33 64 1 43 31 67 70 41
13: 67 36 54 42 40 17 61 68 60 20 24 27 65 22 66 2 4 70 1 16 31 47 53 55 6 45 35 32 7 33 56 15 64 49 25 41 29 13 59 44
14: 69 53 64 25 47 40 28 11 65 56 34 50 13 21 38 2 19 22 66 63 46 41 70 3 5 9 43 16 48 6 1 10 29 4 58 37 39 32 30 23 12 24 68 7 45 36 61 31 62 49 20 60 42 59 26 14 54 57 27 55 18 15 35
15: 25 21 50 34 69 37 64 18 6 14 20 15 30 16 43 31 68 62 32 9 36 54 4 51 12 24 44 46 45 61 39 63 70 41 17 49 1 19 27 28 10 42 23 13 66 53 40 38 58 57 65 29 55 33 56 26 11 8 47 52 67 7 3 2 60 22 5 35
16: 5 1 23 19 63 48 47 35 70 65 45 59 44 37 13 52 29 58 24 7 43 6 27 39 42 60 14 15 21 10 30 50 18 40 66 33 16 46 3 61 2 64 62 4 69 51 8 12 41 31 34 32 68
17: 61 27 48 66
18: 61 26 28 69 65 67 64 55 59 46 54 43 41 20 56 36 8 29 32 42 68 1
19: 1 64 4 49 21
20: 23 55 22 32 35 46 36 47 3 12 27 45 38 21 20 29 41 11 66 44 52 30 10 15 9 54 42 6 49 24 60 64 25 31 19 59 40 67 4 48
21: 35 31 25 60 39 69 55 46 51 13 27 63 10 17 19 18 20 24 33 61 45 34 4 54 38 5 56 23 29 65 57 22 62 11 52 12 6 2 66 7
22: 4 22 49 54 41 27 9 65 3 40 7 37 17 59 39 16 61 8 51 67 30 23 68 26 43 1 5 13 19 63 62 21 48 52 57 34 53 35 31 6 47 56 70 38 32
23: 31 33 64 58 60 68 67 28 15 53 36 42 9 25 35 44 37 1 23 34 69 32 18 17 59 12 54 19 29 38 4 41 2 70 21 43 48 10 56 52 24 20 51 5 49 8 7 57 16 63 27 55 13 62 61 66 11 3 14 6 30 22 47 46 39
24: 1 19 35 64 46 10 5 11 50 7 15 26 52 33 66 16 6 13 44 54 2 9 65 53 70 69 29 31 17 4 28 23 32 40 63 67 12 22 59 14 48 61 38 68 36 56 37 47 41 55 25 27 39 60 57 20 45 49 30 58 43 3 24 34 21 8
25: 15 69 7 6 22 38
26: 64 27 66 21 11 32 41 43
27: 33 8 12 9 66 43 4 17 28 62 14 59 7 42 16 1 21 5 63 32 20 6 53 48 10 23 26 39 64 57 45 60 47
28: 4 41 66 49 12 64 37 11 47 7 69 56 17 13 20 8 52 51 3 58 16 27 54 57 34 6 53 60 44 67 21 35 65 29 30 9 40 32 68 55 48 50 61 18 24 1 26
29: 61 68 52 56 8 20 16 49 7 30 3 70 38 67 43 60 44 11 42 19 31 9 36 34 51 22 69 45 55
30: 66 14 43 3 62 36 26 17 16 4 39 10 18 68 7 31 6 23 11 41 12 65 22 20 15 24 1 35 2 67 53 48 56 49 45 13 29 46 25 69 38 42 30 32 8 5 63 28 27 59 54 61 21 33 50 34 57 51 58 60 9 55 37 47 40 44 19 70 64
31: 67 40 16 43 32 37 5 31 48 22 63 42 41 29 30 47 6 17 65 1 10 36 54 46 9 33 38 53 28 59 70 13
32: 26 3 62 61 25 65 19 44 41 42 33 10 34 27 38 5 58 1 14 28 66 53 12 35 16 54 52 45 48 70 2 31 50 57 49 8 18 56 22 7 36 68 24 39 40 69 47 64 6 15 46 29 55
33: 8 40 31 56
34: 17 34 65 32 58 54 16 59 15 29 37 18 44 12 33 56 30 11 64 46 57 24 23 70 2 42 19 35 7 21 4 25 49 1 48 26 66 20 47 50 40 60 68 52 69 9
35: 69 8
36: 32 13 68 6 42 26 4 21 17 59 27 20 9 29 41 31 3 39 38 2 22 61 45 43 8 18 51 53 34 46 14 28 49 40 65 57
37: 50 2 66 39 67 61 51 52 7 70 47 65 38 45 58 36 44 69 27 32 54 63 30 37
38: 55 32 6 25 31 41 15 36 2 47 33 28 42 48 30
39: 11 41 38
40: 48 22 66 54 26 13 59 63 43 28 7 52 50 39 14 65 34 62 6 44 37 56 2 69 27 24 46 16 31 64 55 8 47 18 42 30 11 70 60 20 36 4 40 58 57 29 51 41 53 25 45 67 21 9 10 33 49 23 38 68 35 19 5
41: 53 64 47 8 17 25 6 41 51 36 5 14 20 69 40 23 62 57 22 13 16 15 61 7 42 70 46 30 1
42: 68 59 22 27 70 56 21 8 55 11 20 58 29 42 48 35 43 62 49 41 51 54 61 69 23 37 7 50 6 53 64 24 12 63 46 52 19 57 31 15 17 4 32 67 16 10 38 60 5 3 44 14 34 30 9 25 36 18 40 13
43: 28 59 21 6 67 17 30 42 25 10 4 5 22 47 11 46 52 20 51 33 36 18 26 66 64 53 15 24 70 44 23 68 41 65 49 69 31 37 8 55 56 3 48 60 13
44: 26 23 13 30 2 53 43 40 45 10 48 7 34 52 64
45: 36 64 39 19 1 31 29 22 34 26 5 44 38 50 55 42 7 62 47 27 40 70 59 17 63 6 24 28 53 30 35 18 16 33 43
46: 16 42 8 14 55 51 56 43 3 48 60 57 64 46 54 67 41 26 52 22 58 63 66 11 68 1 44 20 61 2 35 25 50 13 65 47 29 40 34 49 5 6 18 62 59 30 19 33 53 15 28 10 27 45 38 70 7 21 23 24 12 37 36 32 9 4 39 31 17
47: 65 18 61 39 42 8 55
48: 32 62 33 4 6 37 48 59 42 40 2 16 7 54 45 15 67 28 43 36 60 21 49 1 23 3 20 11 63 64
49: 45 16 61 13 53 22 38 33 52 55 51 40 37 41 3 20 19 50 2 39 32 8 6 36 57
50: 48 21 28 12 45 37 17 36 15 25 62 55 59 32 66 10 3 47 39 60 8 65 35 29 61 23 63 46 52 44 50 7 22 30 57 64 69 4 58 13 34 49
51: 61 5 10 66 36 41 58 23 69 68 18 22 60 1 50 16 20 57 13 24 44 37 45 62 33 59 27 15 63 17
52: 20 62 7 37 11 53 19 9 28 45 52 32 18 34 59 44 39 14 31 43 66 56 25 8 64 55 15 3 33 61 27 29 35 36 6 70 67 65 41 26 10 58 48 5 63 16 4 21 1 13 50 24 30 23 40 57 42 46 47 54 17 51
53: 56 5 53 44 47 52 66 10 28 38 63 7 29 23 48 17 3 42 13 33 54 69 12 58 34 35 55 4 18 20 70 39 65 57 6 49 60 31 50 62 68 14 16 61 8 22 11 1 43 40 9 64 45 46 30 27 15 2 36 32 25 37 59 51 41 67
54: 9 43 22 33 50 23 56 46 1 42 28 52 8 12 58 40 3 21 19 25 30 60
55: 16 32 18 6 65 1 20 5 21 45 58 28 43 8 55 27 57 38 68 19 34 51 66 36 13 67 33 2 46 50 44 4 41 14 69 42 40 63 25 30 61 56 49 60 24 9 64 12 17 15 54 47 26 39 53 3 11 70 31 59 48 10 35 62 52 37 22 23
56: 30 56 23 69 51 9 28 20 22 32 8 48 49 29 31 54 12 3 62 65 70 7 59 43 24 5 26 58 35 60 61 67 47 42 50 37 36 68 21 6 41 18 44 16 4 27 34 14 15 39 53 64 40 38 17 13 2 63 19 1 11 66 45 46 55 10 52 57 33 25
57: 62 4 34 15 61 19 29 31 6 27 7 36 54 37 10 16 67 1 9 42 22 35 48 52 50 23 64 14 51 2 18 25 44 28 20 66 17 12 43 56 49 55 8 38 47 32 58 21 69 26 70 11 41 45 53
58: 49 33 7 65 3 68 64 50 23 48 24 19 62 63 28 35 21 61 27 37 20 51 42 70 18 12 66 55 58 29 4 47 59 67 30 39 13 53
59: 8 41 57 68 6 66 58 11 17 62 38 14 53 60 36 20 64 27 23
60: 23
61: 45 9 34 25 16 23 49 52 37
62: 58 29 56 36 53 16 66 4 51 37 52 41 39 8 20 40 9 6 60 68 19 44 38 42 55 15 26 65 11 49 17 54 45 14 63 47 5 12 1 43 35 2 70 59 61 48 34 46 30 10 31 3
63: 45 19 8 53 29 2 42 70 54 26 35 41 10 46 25 5 63 67 34 6 57 61 59 31 7 13 23 39 30 22 27 21 66 44 65 9 3 51 20 4 47 52 32 40 33 18 17 56 43 28 64 36 37 48 60 24 58 1 49 16 55 68 69 38 11
64: 8 62 48 39 28 31 21 23 30 45 55 3 22 65 29 68 14 34 5
65: 25 46 42 19 57 37 29 21 12 61 33 18 68 53 16 15 47 23 20 63 60 38 34 50 30 14 45 51 70 32 43 66
66: 17 52 55 7 12 43 22 65 48 15 42 58 68 64 66 28 35 5 27 9 67 32 31 49 2 29 19 3 39 57 18 26 46 69 53 4 63 51 20 61 50 30 40 10 36 44 62 11 21 37 54 13 14 47 60 45 1
67: 32 25 21 49 66 14 36 42 70 41 2 33 51 20 52 29 62 45 13 31 46 16 67 48 3 50 59 10 5 22 69 38 68 15 43 64 34 17 7 54 47 28 61 56 39 40 23 35 58 63 11 18 4 9 44 65 53 1 24 30 60 55 6 37 26 27
68: 69 28 44 42 27 45 43 62 67 13 26 33 1 30 58 15 25
69: 44 21 23 39 2 19 45 9 7 22 33 61 54 62 4 58 57 27 59 53 12 14 42 20 69 37 8 41 28 55 16 35 5 29 70 66 32 40 17 56 26 63 50 46 64 13 48 49 43 6 10 52 60 47 36 11 67 30 25 38 68 31 1
70: 47 56 15 14 55 65 27 35 4 51 30 49 12 48 43 11 36 42 67 29 59 63 41 13 60 69 66 45 6 33 54 26 57 46 1 16 64 61 20 17 10 40 31 58 44 50 53 32
1: (27 1) (2 30 55 23) (62 32) 41 57 (66 9 48) (14 5 6) (45 51 3) (69 52 13 12 24) 67 (16 15) 19 (31 4) 18 (68 46 63 70 53 7 34) 28 (54 22 56)
2: (48 23 57 21 62) (36 15 66 55 67) 63 56 44 (69 2 53 6) (37 14) 46 (24 34) (40 9 12) 49 32 5 13 10 (30 11 16 38)
3: (30 53 67) (36 49 42 11 28 3 15 12 64) (66 46 32 62) 14 (58 55 56 16 43 23) 24 (29 50) (20 5) 52 48 (9 54) (63 22)
4: 46 20 (15 70 13 56) (43 27 62) 48 (42 5 58 57 50 10 4) (55 24 28 16 23) (19 63 12) (30 6 22 67) (14 36) 69 3 66 53 21 40 34 52
5: 42 (14 9 31 5 63) (24 21) (15 43 66) (41 40 64 23 51 12) (32 53 30 52 11 56 1 27 62 22 10) (46 55 69 45 67) 16
6: 67 (30 24) 28 (43 42 56) (36 12 2 69) 59 (20 22) (48 8 15 9 41) (38 49) 62 57 52 16 (63 45 1 27) (40 14) 31 21 55 (13 3) 25 (70 53) 23 (6 32 11 5 46)
7: (69 41 14 52 4 28 53 29 63) (37 56) (16 23) (66 27 40 50 9) (25 46) (21 24 45 22 10) (34 57) 13 44 58 (67 42) (32 48) 11 (15 30)
8: (42 5) (30 36 43 1 29) (40 56) 23 54 27 (50 3 7 16) (49 11) 41 (53 69 15) (6 47 24 64) (63 35 59 28) (52 32 62 33 18 55) (57 46 4 22)
9: (67 54 28 40) (61 8) (46 6 62 23) (34 24 66) (5 42 20) 31 55 (53 57) (52 30 36) (12 69 14 15) 27 (22 11 9 63) 56 29
10: (20 55) 43 (70 21 16) (6 5) (30 8 44) (56 14 23) (46 52) (53 42) (66 63) (51 31 69 62 27 10) (15 67 7) 1 (2 50) 3 (24 57) 40 32
11: 69 30 (46 26) 12 (59 6) (39 55 62) (53 40 48) 43 2 (21 42 14) 57 (23 5 63) (11 3 20) (24 28 9 67) 15 (52 66) 70 1 29 (56 34)
12: (34 50 11 8 69 27) 3 30 2 (24 9 10 66) 32 (20 65) 57 (23 62) (5 54) 55 (53 14 15) (42 12) (46 21 56) (28 70) 16 58 6
13: 1 22 52 (30 23) 13 (69 5 41 4 21 53 43) (51 42 40) 70 16 (14 36 68 55 9 46) (56 28) (67 6 66 49 44) 12 3 24 (63 50) 58 31 15
14: 64 (46 10 24 62) (27 66 59) 15 70 40 (69 2) (16 14 65) (36 41) (55 9 12 52) (56 3 6 30 32) 67 (53 23 57) 42
15: (20 14 52 50) 38 8 (23 57 11) 51 (56 15 41) (53 66 34) 48 (13 67) (65 43) (32 25 68 9 10 12 62 30 16 42) (46 70 3 55 6 5) 24
16: (42 41 28) 16 (48 22) (11 29) (53 57 45 5 3 30) (40 27 67 52) (65 31) 69 (15 8) (24 23 34 70 13 14 32 62 49 61 56 63 9 46 6) 51 55
17: 57 (53 3) 11 (69 51) 6 45 (63 46 50 34 24) (28 36) 67 (55 70 21 52 9) (22 43) (12 27) 13 2 (15 42 31) 62 (23 66 59 8) (41 56 30)
18: 1 14 (8 46 30) (5 15 45 52 65 56) (66 28 42) 53 51 40 57 34 55 (11 23 4) 16 (58 63 67 2) 32 12 43 (47 36 21)
19: 40 65 (63 58 10 32) 22 (62 45) 69 54 6 3 (9 14 42 66) (7 56 34 30 29) 57 (23 11) 55 (49 16) (15 24) 1 (52 20 46) (5 21)
20: (15 59) (9 56 62) (69 3 14) 70 (6 49 12) (43 40 18) (27 48 67 65 8) (53 63 42 11 57 66 36 24 13 20) (46 21 29 23 2 28 52 51) 58 (41 34 55) 30
21: 7 40 (42 16 69 67 55) (43 57 2) (65 54 19 28) 64 (11 1 26) 24 (20 58) (27 66) (50 9 36 48 56 14) (30 63 4 23) (6 34 15 22 46 3 52)
22: (24 23) (67 22 13 41 21) 9 (6 29) (69 15 45 4) (63 57) (5 53) 20 (12 36) (66 54) (3 40) 1 51 (42 56) 14 (11 32 55 46) (8 49 31 2) (25 64) (30 43 50)
23: 51 (23 12) (55 44) 16 65 (8 14 56 40 30 10) (67 58 4 2 43 59 24 20) 69 (5 61 63 64 3 22) (9 54 27) (50 21 41) (48 15 42 34 57 46 53 60 52)
24: 52 13 3 51 (58 40) 9 67 28 (45 21) (5 23 43 16 6) (1 63 12 46 55) (14 20) (11 8) (34 42 15 32) (56 24) 30
25: (43 50) 57 (30 23) (4 21 67) 5 15 (32 52 6) 24 (54 56 11 68) (38 42 13 3 65 53) (61 69 46 55 12) (34 14 40 9) (63 41 20)
26: (28 46) (6 45 44 40) (11 15 69 34) 18 (57 70 56) 3 (1 55) (68 9 66) (32 52 63 24) (36 30 12) 62 (14 43) (2 22 67) 27
27: (3 6 45 23 26 2 58 52 36 59 40) (32 66 53) 21 22 (14 42) (46 55 16 68) 12 (57 13 56) 30 1 15 (63 37 28 69 51) (70 20 67) (24 9) 17
28: 45 (67 54 40 24 38) 5 69 (23 48 46 52 43) (15 3 11 30 6 63 32) 57 66 58 (64 55) 31 (14 18) 50 36 (1 27 68) (56 53)
29: 53 70 13 1 (28 10 24) 14 (67 23 11 9) 46 16 56 62 (34 18 63 45 57) (4 50) 58 (31 69 20 8 32 40 52 36 2) 64 (30 65 21) 3 (66 42) (15 6)
30: 56 (31 50 14 30 20 16 63 53 55 42 23 4 28) 37 54 (58 10 6 38) (67 29 64) 3 24 (45 15 34 22) (62 66) 68 70 (11 40 12 43 8) (2 41) 69 (46 65 44 52)
31: (20 8 63 10 36) (6 21 15 55 23 40 9) 43 57 33 30 31 67 (14 56 38 53) (24 42) (3 12) 16 (5 69 13 29) 22 66 (62 45 52) 70 32 (64 46)
32: 65 (24 66) (52 3 28 50) (55 13) 69 67 (26 23) (30 57) 14 38 5 (6 11) 27 56 2 22 (46 63) 36 8 (48 15 37 12 70) (20 53 1) (42 34) 18 (49 31 16)
33: 63 48 (34 58 11 46) 3 16 (68 54 53) (43 45) (65 32) 30 21 (69 27 10) (31 56 23) 5 (38 24 2 12 51 13 1 70 15 67) (49 52) (40 55)
34: (24 1 23 57) 30 (62 21) (55 15) 65 22 (40 53 11 3 61 56 45) (52 7 34) 28 50 64 (14 29) (46 63 42 16) 36 (32 67 5 6) 44
35: 34 (62 40) 5 (53 46) 57 (20 58) (32 45) 14 2 (21 15 9) 42 (69 13 63) 55 16 52 (23 66 56 28) (12 6 67 1 22) (70 30) (50 24)
36: (9 66 43) 69 (51 2 46 37) (31 18 53 59) (15 38) (48 45 23 56 41 55 20 30 62 29 12 5 42 57) (50 70) 63 (6 24 32 4 67) (3 49 14 13 52 40)
37: (46 28 10) 62 (52 57 69 5 12) 7 (42 14) (56 61 50 58 31) (51 16) (53 40) (34 3) 48 37 4 (11 65 23 66 55 24) (2 22) (49 6) (30 15 67) 43 63
38: (20 6 15) 11 (59 37 67 12 42) 21 56 (23 30 45) (24 55 69 39 49 53 36 32 63) (65 40) (25 57) (62 31 9 3) (22 14 46) 29
39: 9 (12 36) (16 55 11 30 22 14) (24 47) (56 64) (58 69) (32 52 45 53 46) (40 63) (49 10 62) (21 67) 50 66 (3 8 27 37 15) 23
40: (8 32 56 3 24) (62 42 28 14) (52 34) (22 48) 41 (70 55 44 12 49) (6 54 53 69 36 45 30 16) (31 46 67) (40 1 13 15) 63 (66 33 11 20)
41: (24 59) 41 (20 40 8 32 42 52) (12 15 30) 43 (26 14) (39 36) 22 (57 62 46) 6 (11 5 18) 63 53 (49 23) (13 69 51) 3 55 (38 28) (67 16 70 56 31)
42: (52 69 46) (68 42 3 7 16) 53 (9 45) 55 56 (31 18 57) 6 (47 40) (5 27 36 58 70 32) (13 41) 43 66 (29 48 15) 34 65 38 12 11 30 (63 54 20 67) (14 62) 23
43: (52 14 56 66 26) (16 12) 24 (2 23 48 63) (31 46) 6 36 (27 22 69 30 55) (67 65 62 57) 42 53 (5 3) (11 54) (44 68) 15 (70 18 45 29 40)
44: 43 29 (11 57 3 5) 70 (55 12 63) (46 56 10 16) 30 (32 62 28 51 20 24) (23 2 13 50 52) 37 53 (15 67 69) 45 (34 40 66 68) 42
45: 49 (46 48 15) (2 12 53) (69 64) (24 70) (57 50 68 13 62) (32 51) 30 (37 10 27) 36 (63 40) 67 (6 65) 66 (56 3) 52 16 61 (14 29 20 21 55) 44
46: (18 62 24) (9 36 65 66) 11 67 (53 46) (43 56 31) (21 12 32 5) 1 (23 34 20 30 6 69) (16 55) 50 15 (42 70) (52 14 40) 63 (41 54 3)
47: (8 22 40) (38 24) (31 43 6 9 3) (5 14 50 30) 66 27 70 10 (52 65 34 13) (16 15 63) (46 45) (41 56 28 23 69 58) (62 57 53) (37 55 20) (32 67)
48: (66 52) (44 55) (2 53 6) (42 40) (24 30) (12 32 22 10) (62 3) (48 27) (31 14) 17 (57 34 28) (50 64 69 63) 5 (23 56 70 46 16) 43 (67 38) (20 58)
49: (56 23 62) 30 (6 8 50 67 11 70) (55 5) 32 (22 58 40 14 66) 57 15 48 20 10 63 34 (53 69 42 13) 46 19 29 28 (61 2 3 24) 36 43
50: (6 40) 66 (70 15 67) (50 34 69 14) 57 (58 54 3 65 16 42) 53 56 (49 55) 9 (2 30) 11 5 (37 46 32) (24 45) (51 28) 52
51: (2 36 43 67 30 22 37 57) (3 63 58) 15 (21 23) 41 (9 4) (52 66) 70 (53 65) (46 56) (6 12) 55 10 (29 1 40) 49 (28 62) (16 42)
52: 15 46 (2 22) 55 (52 40) 62 56 16 (63 69) (32 3) 67 6 20 66 (34 44) 28 (23 37 54) 42 (49 5) (50 24) (61 11 29 21) 57 (53 43)
53: (46 43 56) (23 58 36 41) 22 (44 65 28 57) (55 27 32) (15 49) (30 11) (1 62 31) (59 6) 24 (66 69) 67 (70 2 13) (53 40 3) 9 45 42 (63 7 14) 52
54: 48 (24 8 22 14) 2 (53 5 23) 30 63 69 52 (40 11) (6 15) (46 12 34) 13 42 56 (37 20) (55 57 18 28) (62 31 67) 66 (70 32 21)
55: 50 (20 52) (58 56 18) (21 15) 8 (43 69 14 1) 29 (5 13 62) (63 30 46 49) (24 23 6 38 67 47 32 70) (2 66) 9 (11 53 45 57) (64 42) (55 28) (3 10 40)
56: 14 (34 56) (5 23 63) (24 13 43) 29 54 (67 2 57 32 42) (6 28 3 70 52) (40 18) 33 (46 53 69 21) (12 15) (1 62) (30 22) 55
57: 50 (41 30 51) (69 46 49 40 42) 21 (12 24 1 22) 9 (3 14) 34 63 15 (59 53 6) (32 65 56 55 11 70 36) (5 27 28 66 23 52)
58: (6 1) 34 24 40 (16 52) (14 67) (8 63 50) 7 (46 51) 5 (59 68) (15 62) (55 3 56 58 4) 2 37 (70 9 53 42 32 57) 11 (12 28) 69 (30 54) (23 66)
59: (27 45 36 9 52 13 63 48 53 8 62) (58 11 1 34) 23 (31 3) (5 16) (42 56 70 43 55) (30 18 14 22 40) 69 (20 24 2 50 46 51 67)
60: 14 11 69 40 (24 48 9) (65 51) (4 59) 70 21 (15 13 50 29 5 30 62) (67 16 46 56) 66 (42 43) (3 53) (54 27) 1 (23 34 20 63 55 28)
61: 58 1 (9 30) 23 65 (56 69 47 57 53 13 3) 18 (22 50 62 55) (36 63 67) (46 16) (2 28 42) (14 29 70 51 41 15) 49 (21 24 17) 8 32 5 (66 37 52 12)
62: (55 67) (2 52 23 32 68 30 12) (58 53 3 21 69) (46 42) (27 57 16 41 22) (66 50) 64 (4 15) (45 48) 56 (1 51 6) 11 (59 14 40)
63: (48 70 51 42) (8 66 62) (53 67) 37 14 (23 56 11 31 5 16) (24 6 58) 27 (40 9 10 65) 21 (30 52 69 45 15) 3 (63 22 46) 50 55
64: (20 55) 34 (27 28 19) (12 11 48) (14 23) 16 (8 43 5) 42 (57 15 59) 63 (32 66 24) 7 (44 18 40) 52 (3 58) (26 45 56 6) 30 50 (46 53 10 69 67) 2 (13 41) 70
65: 64 (70 14 67 24 6 22 53 50) (66 58 18 46 15 21 30) (63 36) (13 40 52 31 34 16) 9 (43 11) (28 37 47) (5 56 32 62) 55
66: (6 51) (16 43 57 70 53 13) (15 9) 58 27 (63 21 1 40 34) (65 52) 50 4 (28 66) (8 30) 3 (62 56 11) (23 17 5 46 67) (26 10 32) (20 69) (59 55 37 14 24)
67: (55 48) (42 20 70) (53 9) (57 67 52 46 30) (15 43) 37 2 (56 31) (22 11 69 23 58 3 28) 66 29 (8 18) (13 40 68 12) (63 5) 24
68: (59 62 23 16) (66 67 12 32 65) (64 18 55 13) (51 43 28) (34 30) (15 36) 40 (42 63 24 2) (29 3 56) 69 14 (11 22 53) (58 46)
69: (1 24) (14 37 21 66 15) 40 57 5 (35 67) (30 25 16) 41 11 63 (29 50 70 28 55 43 9 42) (68 7 53) 6 (23 3) 32 (34 18 69) 51 56
70: (15 62) (12 56) (69 53 67 30) 63 (58 43 31 13) (42 46 45 41 32) 65 23 (37 29) 34 (1 57 52 11 55 24 3) (6 40) (22 14) 16
