70 70
1: 28 36 38 17 53 12 30 10 20 40
2: 20 51 44 63 54 5 37 13 68 6 23 17 55 19 10 61 33 69 31 12 15 4 59 30 65 9 25 49 43 46 1 21 66 3 50 62 28 42 45 47 38 27 40 64 57 60 32 39 52 41 67 2 14 58 26 29 11 22 36
3: 32 57
4: 58 33 63 35 53 32 1 5 46 37 38 20 3
5: 33 70 9 23 44 24 19 26 17 4 34 13 57 45 42 15 56 60 49 7 62 53 41 50 61 63 54 6 10 46 5 32 8 28 22 21 29 69 47 3 37 52 48 40 12 55 2 30 66 25 59 18 58 27 38 11 67 1
6: 57 3 26 45 7 68 36 17 52 23 14 65 47 42 54 30 16 62 27 12 58 64 22 2
7: 19 9 49 34 58 56 68 12 40 53 7 3 55 52 23 57 15 8 29 2 33 32 5 61 28 30 43 64 14 54 36 18 24 70 46 59 10 4 62 51 6
8: 59
9: 33 53 26 31 22 49 70 58 60 10 52 39 63 28 64 30 41 69 29 42 67 55 36 13 17 7 14 54 3 37 68 44 24 43 34 59 27 8 11 47 40 1 56 66 38 21 2 4 50 5 20
10: 58 57 8 5 11 55 37 20 61 36 69 39 41 63 7 30 56 23 35 2 25 29 43 28 27 10 66 52 51 65 12 14 18 53
11: 59 25 66 10 53 64 20 18 34 22 9 12 67 60 29 2 11 4 44 6 50 51 31 47 61 3 43 65 19 52 46 33 35 48 26 62 56 70 14 8 13 45 57 49 40 41 27 16 32 37 42 30 36 17 54 39 7 28 69 5
12: 26 65 63 21 5 55 58 28 70 31 34 6 43 57 9 19
13: 44 22 53 63 37 30 36
14: 6 22 58 26 67 54 29 57 28 21 5 60 39 14 2 70 9 24 64 69 35 4 8 37 50 34 47 59 23 17 45 16 56 25 3 53 48 33 55 13 46 10 19 63 36 7 15 30 68 61 11 27 65 40 31 32 52 66 51 42 62 12 1 44 18 38 43 20 49 41
15: 3 4 25 63 57 69 16 6 55 68 18 14 51 38 65 33 26 15 36 35 5 21 58 43 10 31 67 45 50 64 22 12 62 61 53 2 37 41 17 30 24 29 23 32 42 8 11 60 28
16: 31 48 64 29 57 20 15 36 51 33 50 35 41 25 38 69 30 43 59 21 11
17: 59 14 30 12 27 25 16 65 64 7 23 33 68 32 21 15 54 61 26 1 60 52 28 47 20 69 17 6 48 37 31 3 29 35 36 19 63
18: 38 67 37 45 13 8 49 64 70 48 10 34 24 15 2 30 43 47 52 62 69 6 65 18 17 4 11 5 26 39 61 59
19: 3 53 64 7 43 57 50
20: 34 26 37 53 11 54 50 32 25 64 5 51 17 59 45
21: 8 20 55 21 53 3 62 42 34 31 27 47 23 58 7 5 9 52 12 17 32 56 61 44 4 29 54 68 14 41 28 18 66 46 33 37 30 48 26 39 67 10 6 63 51 60 59 22 43
22: 20 23 62 15 14 61 54 45 12 36 27 11 52 41 19 7 6 13 39 9 21 30 43 16 65 26 2 32 31 5 47 17 25 28 55 51 33 66 29 35 48 10 44 63 8 38 18 67 34 3 64 37 53 68 22 49 4 69 1 70 24 58 59 46 60 42 40 50 57
23: 52 68 6 18 63 25 44 32 33 16 41 59 54 51 53 7 61 56 40 46 10 50 48 5 9 69 39 62 4 38 20 49 43 35 1 67 12 36
24: 39 12
25: 6 49 19 64 31 59 44 30 66 65 14 24 11 12 40 67 26 5 34 48 13 22 36 33 1
26: 11 25 20 31 13 1 41 30 5 60 26 46 63 4 38 21 24 6
27: 19 36 5 62 40 69 68 2 21 9 39 4 8 54 37 27 14 56 66 47 52 31 25 65 45 48 23 3 50 22 55 16 32 11 63 42 29 38 28 26 57 41 12 49 35 13 33 43 60 34 15 1 59 67 6 58 53 61 24
28: 14 28 50 36 2 60
29: 40 23 37 24 19 27 51 28 53 70 6 7 22 55 36 11 59 69 12 61 46 21 17 34 66 38 16 8 41 5 20 42 67 25 31 57 29 33 68 9 63 10 60 62 43 64 45 65 3 44 48 49 58 54 14 1 15 30 13 2 50
30: 41 12 58 19 51 6 68 18 55 1 44 50 24 39 16 13 54 53 4 60 65 2 64 63 10 35 32 47 9
31: 37 38 49 31 41 63 65 44 26 23
32: 28 24 49 34 38 12 53 21 40 59 16 39
33: 35 23 1 4 63 59 65 27 31 58 17 29 57 32 69 39 37 18 22 16 67 33 11 24 15 7 53 55 19 20 40 45
34: 10 66 1 33 8 37 42 9 41 70 65 22 26 13 19 32 28 46 55 61 7 27 60 62 21 40 49 59 38 31 18 29 68 15 3 39 58 4 12 63 24 45 50
35: 17 40 51 44 15 21 4 8 27 48 50 35 5 14 55 70 23 30 33 69 31 7 2 32 46 36 59 68 3 67 66 22 52 53 54 47 60 65 26 1 43 61 39 58 16 6 37 29 56 13 28 38 18 24 42 62 10 9 45
36: 65 69 43 6 60 10 3 13 35 67 14 2 50 21 46 25 45 47 58 33 70 29 39 56 26 24 8 64 38 1 51 16 7 54 4 12 36 28 63 53 18 20 44 40 15 68 41 62 34 48 9 32 31 37 11 17 52 61 27 66 5 22 59 57 42 30 23 49 55 19
37: 14 18 25 17 41 8 10 59 6 67 43 28 55 7 52 13 54 33 60 22 2 15 40 30 34 9 64 46 16 26 4 44 63 24 29 48 50 39 11 3 19 38 45 70 51 61 47 37 65 35 42 57 12 58 31 49 53 5 68 32 23 1 20 21 69
38: 26 44 62 13 49 67
39: 56 14 46 42 23 35 55 57 3 11 28 25 50 27 15 65 67 34 64 19 40 61 22 29 41 18 69 1 68 62 53 31 38 5 4 59 16 44 47 12 58 54 66 49 9 8 36 43 51 2 21 17 20 39 48 30 45 32 6 7 63 70 24 60 37 52
40: 64 40 10 49 60 44 46 58 69 21 32 33 52 51 19 54 68 27 50 43
41: 50 18 54 42 16 36 52 6 14 38 70 51 44 35 69 30 13 1 10 11 68 47 45 58 55 27 24 53 33 57 32 2 19 23 48 41 56 43 21 49 7 9 3 20 40 62 22 63 60 34 39 65 26 8 64 28 61
42: 3
43: 63 2 41 29 36 30 31 51 43 33 34 48 64
44: 12 32 3 21 14 19 34 63 55 25 44 47 37 26 64 59 53 23 20 11 52 62 10 41 33 36 43 24 40 57 66 9 22 16 15 7 8 68 2
45: 60 61 68 25 69 66 10 11 52 59 44 46 41 19 15 62 63 53 47 6 45 12 32 14 54 43
46: 59 64 42 52 10 63 66 49 30 68 70 27 67 1 15 65 46 22 24 55 17 4 14 34 13 28 50 39 37 21 62 31 19 26 43 16 47 40 58 25 20 60 57 53 38 23 3 41 36 12 2 35 33 56 18 69 44 29 54 9 51 61 8 48 7 45 5 11 6
47: 3 67 39 20 13 24 48 35 36 22 57 34 50 70 9 14 64 63 40 59 17 32 51 5 2 23 31 47 4 19 15 11 54 10 60 30 26 12 61 37 53 46 68 45 29 65 56 28 33 42 38 27 16
48: 3 20 54 6 15 38 7 55 25
49: 62 12 70 44 69 19 14 31 37 8 27 66 53 11 36 26 50 9 6 55 43 47 68 23 34 10 33 25 67 1 28 46 35 59 40 16 38 20 52 48 49 5 4 7 21 41 39 13 3 56 63 58 65 17 42 30 32 29 2 57
50: 52 35 58 14 10 3 36 23 11 33 9 4 21 25 70 8
51: 70 22 56 25 11 63 23 17 69 39 20 30 44 5 13 68 14 2 31 29 3 43 57 58 65 24 59 61 19 9 49 4 38 28 16 32 50 35 46 6 1 60 10 26 47 37 62 64 45 41 12 18 8 51 34 48 36 40 33 15 54 21
52: 65 38 32 55 60 58 23 42 17 28 2 53 39 41 63 33 40 57 67 6 14 35 52 34 49 70 31 8 27 15 66 45 64 51 10 47 25 37 29 62 1 36 20 11 13 44
53: 54 40 56 45 57 52 10 33 66 62 6
54: 31 8 20 18 9 27 16 68 21 32 35 69 10 29 33 67 49 41 55 44 24 23 30
55: 54 68
56: 36 17 38 9 12 8 5 30 49 63 2 37 69 51 66 54 27 34 61 28 3 21 6 46 44 68 53 58 19 70 25 64 60 52 1 11 50 33 22 48 47 57 42 40 24 16 23 65 43 35 39 55 56 59 20 7
57: 47 21 36 63 34 48 57 15 52 32 50 30 45 3 27 38 61 2 44 26 4 56 65 17 5 18 16 41 55 69 62 1 46 23 60 70 14 25 53 24 6 68 9 64 8 22 13 59 43 37 51 7 31 20 11 28 10 12 19 42 39 29 66 54 40 33 49 58 67
58: 41 33 29 28 15 37 52 57 30 18 5 63 21 55 39 12 70 43 13 44 64 68 27 54 20 58 24 62 22 46 48 31
59: 18 17 47 6 48 36 70 69 41 30 50 24 12 7 59 49 4 58 2 22 15 65 1 44 68 55 35 46 66 26 42 45 52
60: 10 33 58 29 63 28 4 61 9 66 32 13 48 70 69 18 1 65 26 27 57 55 56 30 41 6 49 23 50 37 52 36 14 53 68
61: 33 45 68 34 66 53 49 28 57 60 37 14 40 67 12 5 32 70 24 52 6 50 10 48 65 62 63 55 41 17 4 54 39 1 29 2 61 36 38 43 64 16 8 21 11 30 47 69 20 46 44 51 56 22 7 19 9 18 35 31
62: 25 62 55 35 56 15 46 6 38 49 48 4
63: 21 10 3 48 26 47 46 30 64 34 32 56 59 36 12 58 37 57 69 55 51 33 31 41 65 43 67 70 39 63 40 22 5 66 42 29 61 50 20 68 44 45 4 38 13 24 53 60 16 18 9 6 7 25 49 2 15 35 62 8 28 17 19 23 1 54 27 11
64: 1 24 51 23
65: 65 70 47 33 5 15 1 28 48 67 50 14 25 32 19 34 40 38 26 11 45 9 12 58 55 41
66: 13 21 22 59
67: 17 36 57 1 5 64 61 37 60 66 39 59 50 38 42 44 8 70 35 33 58 52 26 18 62 16 40 20 69 19 49 54 63 30 21 11 6 28 46 9 25 15 10 45 68 3 51 31 32 47 27 13 41 65 22 55 43
68: 39 54 24 44 22 46 38 31 53 8 23 63 16 57 64 47 1 69 65 3 21 12 70 58 6 11 4 7 15 45 42 9 17 61 41 13 62 32 30 29 26 55 27 14 48 66 18 50 59 10 56 35 28 51 67 40 49 5
69: 49 21 62 47 12 4 53 8 67 60 38 54 2 50 23 29 25 30 32 26 66 45 6
70: 36 37 61 41 40 7 33 64 9 68 56 49 27 35 52 20 12 11 18 53 22 69 4 45 21 17 32 19 13 57 8 29 1 54 34 47 5 26 15 46 2 59 67 44 14 24 38 10 65 31 70 58 39 51 48 28 55
1: 17 (67 27 34) 36 (56 68) 63 4 29 (23 22 37 5 26 33) 49 61 (14 30 60 2 46 52 65 39 25) (35 9 70 59) (51 41) 57 64
2: (51 69 61 14 70 28 15) (27 7 57 43) 59 (41 44 6) (46 49 9 29 37 39 2) 52 (63 56) (18 10 30 47 36 35 11 5 22)
3: (56 42 14) 67 (47 17 39 50 63) 7 (11 41) (4 6) 22 (36 27) 2 68 9 (46 57 29 37 51 21 19) 44 (5 35 49 15) (34 48)
4: (2 50 21 11 57) 51 39 (62 14) 33 (23 70 27) (68 46 60 69 30) 34 (18 26 9 5 63) 37 22 (61 36) (59 47 49 7) 35 15
5: (20 61 70 67) 12 51 (68 2 56 23) (49 29 14) 39 65 63 (7 21) (5 46 47) 25 (58 18 11) (27 22 36 35 26) 9 (4 57) 15 10 37
6: 11 7 (60 21) 59 (41 61 22 49 52) (68 2) (45 5) (48 29) (57 51 56) (25 53 39) 12 (36 62 67 18 37) (35 46 15) (14 26 27) (30 69 63 17) 23
7: (33 56 34 41) (57 36) (7 61) (17 10 44) (19 23 14 63 39 29 9 46 21 37) 6 68 49 (35 48 22 70) 5 (59 11)
8: (10 7 54) 44 (49 22) (35 36) 37 (52 51) (34 29) (39 15) (9 68 70 63) (41 46) (14 18 61 11 67) 27 21 (56 50 57) (5 69)
9: 27 47 (7 50 56) 67 35 (5 29 61 23 70) 60 57 (12 11 63 22 49 44 54) 39 (37 2 46) (21 65 30 14) (41 51) (68 34) 36
10: (57 7) 40 (21 18) 68 (41 37) (67 36 14 15 29) 61 54 (63 52 51 34 35 10) 60 (50 47 44) (11 30) (70 45) (2 49 9 46) (53 23 1 5) 22
11: 57 29 47 (15 14 10) 68 41 70 50 (20 56) (25 46 49) (67 61 27 26 37 2 11 52 63 16 45) (22 51) (44 36 5) 33 (18 65 39 9)
12: (37 45) (49 17 23 2 61 65) 14 30 1 (58 25) (27 63) (10 46 57) (15 22 36) (59 44 24) 39 (70 32) (34 29) 51 5 (47 69 56) (11 7) 21 6 68
13: (37 70 2) 49 46 63 (25 41 67) 38 (11 58) (57 60 5) 51 (27 29 47) (36 52 22) (66 30 35 34 68) (26 9 14 18)
14: 39 (11 52 60) 46 10 (22 9 44 68) 37 61 (47 25 50) (51 28 7 49 6) 29 (27 36) 57 (17 14 15) 70 (35 2) (41 65 45 21)
15: (34 59 70 14) (45 52 18) (58 62 44 68 5 27) 17 (65 46 29 57 16 33 35) (47 7 15 36 39) 2 (51 67 22) (48 63 37)
16: (51 32 15) (63 47 14 11 39 49) 41 61 (36 54 37) (57 22 29 56 46) (67 68 27 35 30) (44 6 23 33 17)
17: (46 56) 37 (59 51 11) (9 47 49 39 29) 33 6 (18 1) (52 14) (57 15 63) (22 36) 5 (17 61) (2 67 70) (21 20 68) 35
18: (35 46 57 34 21) 54 36 7 14 22 33 58 (59 15) (68 67 70 18 30 23 37 41) (60 11 10) (51 61 39) 5 63
19: (2 45 51) (22 33 46 36 25) (40 14 34 30) (49 57) 63 (5 67 11 56 61) 29 39 (47 70) (41 37) (65 17 7) 27 (12 44)
20: (49 56) (57 54) (41 36 2 17 61) (44 63) 48 (14 29) (33 23) 67 (37 11 39) 47 (70 9) 22 (58 52) (10 26) (16 4 51 21 1 46)
21: (26 57 44) 67 32 (29 41 68) 40 (49 58 34) (27 5 51 56 21 14 63 22) 37 (12 17 66) (39 9 16 36 50 15 2) 54 70 (61 35 46) 69
22: (51 9) (36 68) 63 59 (37 66) (13 29 5) (41 70 44 11) (67 27 22) (57 47 39) 33 (2 6 46 34) (61 35 15 21 58) 56 25 14
23: (27 44) (17 69) 14 (54 31 33) (63 37) (39 64 60) 5 36 35 68 51 50 (56 47) (10 57) 52 29 (2 7) 46 (21 41 49 22 15 6)
24: (30 35 63 64) 61 22 (58 33 44 14) (34 46 7) 56 (37 36) (51 5 9 26) (25 70 57) (29 41) (59 18 39) 47 (32 27 54 15) 68
25: (45 11 50 52 23) (48 51 2) 36 (46 14) (63 20 44 37 69 15 10) (57 22 56 65 49) 67 29 (17 62) (27 16 5 26) 39
26: 51 63 12 (14 17 31 36 11) 9 (65 35) 38 (69 70 5 44) (21 67 2) 15 (18 47) (26 41 25) (37 34 60) 6 22 49 (59 20 68 57 27) 46
27: (47 46 33 21) 5 (22 58) (63 10) 49 (68 17 41 70 52 39 6 60) (40 2 57 35 9) 29 56 67 14 34 27 36 11 54
28: (52 28) 27 56 (60 2 49) (5 7 10) (65 11 57) 46 12 (14 37 32 29 41 34 39 9) 67 (61 58) (47 1) (36 22) (35 68 51 15 63 70) 17 21
29: 46 29 68 39 (15 33 34 36 61) (63 21 60) (69 2) (52 51 22 43 11 54 70 16) (57 9 35) (7 10) 5 (14 17) 58 49 (37 27 47)
30: 60 68 18 (29 39 51 36 61) (67 25 37) (57 21 11 58 43 14 13 15 59 10 63) (7 54) (2 69 16 35) (56 6 5) 47 9 49 17 (22 46 26) 41 1
31: 26 (47 43 11 36) (31 25) 67 15 (34 16) (35 61 57 17 9 22) (39 21 33 54 51) (29 46) 52 (37 68) (49 58) 2 (70 12) (27 14) 63
32: 65 45 (17 33 27 54 35 69 57 15) 7 22 (39 47) (44 67) (4 49) 63 (14 2) 5 70 (52 41) 40 (36 61 3 21) 23 (37 11 51 60 68 20 30) 34
33: (41 17 65) 58 (9 54) (5 21) 46 7 (37 16 61 36) (47 23) 4 (40 51) 15 2 60 (22 14) (44 63 56 33 35 27 70) 11 (29 50 49 57) (25 53) (67 43) (34 52)
34: 49 (14 27) 32 65 70 9 (29 41 37) (44 61 56) 57 7 11 (47 25 20) (22 46 63) 43 51 (18 39 36) (12 5) (21 52)
35: (51 63 15 36 17 41) (61 50 47) 59 62 (16 39 22) 67 (14 30 46) (35 11 27) 54 (70 68) (52 23 56 49 10) (4 33 37)
36: (10 59) (28 15) 6 13 41 (7 51 44 56 60 43 14) 70 39 23 (1 50) (22 35) (27 67) (17 2 9) (25 52 63) 46 57 (16 29 47 49 36) (11 61)
37: 57 (14 29) (33 70 10 35 2) (63 61 18) 11 17 (39 67 49 15 20 56) 51 46 (37 13 21 36) (47 58 31 52 22 9) (34 44 27) (60 5 4)
38: (49 27 32 15) (52 4 35) 70 (31 5) 61 (63 36 68 18 9 37 14) (67 26 34) (41 16 69) 39 56 (22 65 47) 46 (1 57) 51 (2 62 29) (23 48)
39: (35 52 27 11) (58 30) (46 70 33 10) (21 2) (56 18 23 63 14) 68 (49 37 41 47 61 57) (24 67) (9 34) (36 51 39) (32 22)
40: (70 14) (9 51) (34 39 32) 37 49 (40 61) (52 23) (53 7 47 46 35) 63 (33 65) (68 41 56 36 29) (1 5 2 67 57 11 27 44 25 22)
41: (49 27) 45 (63 52 23) 29 (14 57 5) (21 11) (46 43 36) 37 51 (31 22 34 59) 41 (26 58 9 54 2) 60 61 15 30 39 16 (67 70) 10 65 68 44
42: (21 36 22) (59 6 57 2) 15 (67 9) (46 52 47 29 37) (11 68) (34 5) (41 49) 27 (56 35 39 14 63)
43: (39 2) 16 63 (37 44 49) 10 (19 18 56 36 7) 22 (21 43 11) 15 (12 29) 51 (45 57 61) (35 23 46 27) (9 40) 14 58 (41 67)
44: (38 40) 36 (46 25) (70 39 23 49 59 35) (21 57 22 44 54) 2 58 13 61 (14 41 67 63 29) 45 (51 68 31 37) 9 (11 5) 52 (56 30)
45: 14 (2 15 47 29 18) (69 34) (67 70 20 35 68) 11 59 22 37 63 41 (36 51) (53 57) 65 (6 5) (39 27) (45 33 52) 61 46
46: 62 (40 61 35 68 34 22 2 47) (45 63 37 29 14 4 21) 49 46 67 7 57 56 26 51 (58 11) 5 (59 23) 39 36 70
47: 56 (14 27 51 46) (18 65 49) (21 63 6 57 35) (69 61) (68 9) (36 5 2 59) (11 44) (22 67 70 17) 52 39 41 37 30 47 45
48: (43 65) (61 11 46 18 57) (39 36 47) (59 27) (5 56 68) 51 (63 49 21 41 35 17) 14 (16 25 62) 37 22 (23 60 70 58) 29
49: 62 52 39 41 38 (36 14) (11 68 37) (22 18 70 29 27 25) 40 (51 60 2) (32 59) 54 (69 67 31 63 56 46 5) (61 34 57 49 7) (9 23)
50: (22 56) (46 49 9) (67 68 23 20 57 69 61 29 11 19) (16 39 2) (51 35) 59 (5 14 65 34) (63 60 47) 30 (37 15 40 41) (28 36 27)
51: (29 39 67) (35 23 70 63 47) (30 20) 51 (37 21 43) (16 11 2 22 40 68 61 10) (57 41) (7 46) (64 15) (52 14) (36 56)
52: 67 (41 37) (2 45 49 21 57 27) 23 (11 7) (18 39) (36 58) (52 6) (50 56 53) (10 40 61 5) 46 (14 9) 60 17 (70 44 59 22 35)
53: (9 56) (39 29 63 46) (27 49 11 13 68 20 61 10 33 15) 14 (69 4) 23 47 (19 44) 1 (45 5) (7 57) (37 35 21) 32 60 41 (36 52 70 22 30)
54: (41 9) (63 39) (14 68) 67 29 (36 22 30) (51 56 27) (37 2) (40 17 45 21) (58 53) 6 55 (69 11 20 23 47 70 57) 5 61 (7 35 46) 48
55: 68 (35 22 12 58 33) (61 37 2) 36 (63 27 7 65 41 56 29) 52 (49 14) (60 48) 9 39 46 (15 57 59 62 44) 30 (54 70 67) (10 34) 5 21
56: (5 68 53) (46 11 10 23 70 47 56 21 49 14 27 7 35 51) (61 62) (9 39 63) 57 (60 41 36)
57: (58 22) 52 (53 63 12) 7 (29 39 37 11 41 47) (46 61 36) (60 6 51 16) (15 14 3 2 68 27) (5 44 49) (19 67) (10 70) (33 56 57)
58: (51 22 37) 70 (34 21 60 12 35) 68 (5 50 41 52 67) (29 40 56) (59 49 2 63 6) 58 36 (46 27) (10 9) (39 14 57 33 65 4 30) 15 7
59: (35 34 11 47 27 67 63) (22 2) (7 70) 51 (17 23) (46 44 66) (14 8 68) (18 56) (20 45 25 49) (16 29) 9 (36 59) (33 39 32 57) (5 21 37)
60: 21 36 (47 45 14) 57 (39 56) 35 (51 61 15) (40 69 46 26 9 28 11) 41 (63 67) (29 37) (22 5 34) 52 30 (27 17 2)
61: (17 10) 68 27 (67 37) (21 47) (57 5) (60 63) 34 (45 39 7) (11 35) (56 61) 14 (23 18 46 29 15 41 70) (22 36 51 2)
62: 61 (53 23 67) (34 21 14) (41 11) 15 (6 44 58 36 27 63 49) (35 29) (39 7) 5 22 (51 69 62) (38 46 18) (45 57 52 68 2)
63: (15 47 29) (41 31 56 26) (9 39 14) (44 17 5) 52 36 58 57 (27 4) (43 23 2 51) (22 34 63 33 45 30 46 61) 68 (37 12 67 60 13) (49 10 21)
64: (11 14 51) (40 58 18) 19 43 (37 15 20) 67 57 7 22 (70 52) 61 (25 56 36 41 6 17) 39 (29 68 44) 9 46 (16 2) (30 63) 47
65: 65 (63 6 15 33 11 31 22) 29 (39 34) 2 (30 37 46) (57 52 18 60 12 25 67) (70 35 36 56 27) (47 10 61) (51 59 17 14 41 68 49)
66: 39 (9 10) (11 56) (53 49 5 22 60 14 44 69) 46 (36 52 67) 34 (2 27) (29 57 45 63) 35 (21 61 25) (59 68)
67: 29 52 (33 37 18) 21 69 23 (22 65 5 25 47 54 35 57 61 9 15) 63 11 (36 49) (27 14 39 70) 46 2 68 38
68: 60 (55 23) (70 47) (51 36) (6 59) 49 2 63 (67 14) (27 40) 58 (9 45) 7 (17 34) 56 39 46 (41 57 54 35 22) 29 (15 44 37) (61 21 30)
69: 27 (49 10) (70 59 56) (9 18 41 29) 46 (14 45 22 17 35 60) (39 5 57) (54 23 2 63 37 40 33 67) (15 61 11 51) (36 68 16)
70: (41 68 11) (52 51 39) 49 59 37 (50 46 65) (57 12) 35 (60 18 5 67 9) 29 (36 56 22) (14 70 7) (61 63) 47 (34 58)
