70 70
1: 69 52 31 51 54 34 19 12 22 4 9 15 14 42 6 53 67 64 11 16 38 45 29 49 2 46 57 18 40 5 43 58 35 24 50 55 68 66 27
2: 12 8 1 54 47 7 56 38 4 14 9 65 10 21 33 6 35 36 43 17 67 27 2 29 28 22 26 37 58 52 15 69 40 66 25 49 30 61 45 19 23 3 53 57 55 63 41 70 62 32 39 59 60 64 13 50 68 46 34 16 20
3: 21 7 28 51 1 42 26 24 10 61 57 35 65 16 33 47 62 2 31 66 29 9 23 45 30 59 69 68 11 18 63 12 36 54 13
4: 47 67 61 19 39 65 49 58 27 5 18 44 63 69 45 43 40 21 35 16 32 24 60 51 25 38
5: 27 69 23 65 35 25 46 55 13 21 57 61 37 62 34 51 70 7 20 32 60 4 40 19 12 68 42 18 8 30 6 31 47 24 43 3 39 44 45 10 22 9 38 56 14 36
6: 33 54 20 14 66 13 29 10 32 61 34 24 35 26 45 60 39 22 49
7: 37 27 68 63 1 4
8: 59 8 49 32 37 51 13 60
9: 24 60 63 40 41 68 65 14 4 30 52 17 48 16 51 33 19 53 66 11 35 7 58 47 37 61 32 49 64 13 44 42 31 12 10 55 15 43 5 22 28 27 8 2 25 62 45 26 1 6 69 3 67 50 36 21 18 34 70 56 59 29
10: 58 35 69 45 24 39 50 3 31 59 52 5 8 36 32 33 12 22 27
11: 2 52 48 59 4 51 60 38 57 28 9 30 22 43 32 13 44 7 67 19 50 6 31 27 14 65 61 68 36 55 39 26 33 54 37 53 69 17
12: 9 12 48 52 67 38 23 30
13: 59 70 1 41 38 3 65 2 30 40 46 57 37 9 54 34 45 6 4 66 8 25 52 27 55 24 14 67 29 31 68 22 16 51 50 26 56 39 69 12 11 63 58 43 18 62 20 35
14: 26 12 52 66 47 59 64 35 54 20 50 14 28 39 60 15 63 19
15: 26 68 23 55 20 9 46 28 34 66 12
16: 17 20 61 70 55 46 30 25 37 5 43 44 45 31 32 50 69 12 68 42 18 39 21 27 48 49 40 4 35 38 54 15 59 13 14 64 52 58 23 47 29 10 7 34 3 36 60 56 33 19 62 65 28 6 66 11 9 1 63 67 57 22 51 53
17: 68 39 65 59 17 57 54 50 60 6 52 44 30 10 22 67 55 20 3 5 32 66 9 48 63 70 8 29
18: 13 24 60 16 26 67 36 31 40 38 27 34 1 10 46 18 65 52
19: 10 11 47 39 30 14 23 16 31 68 5 26 17 52 13 51 58 60 53 28 21 19 57 15 2 33 18 1 41 62 29
20: 56 62 64 66 41 18 55 10 21 70 4 38 51 16 53 27 17 14 36 2 19 22 49 13 67 9 23 34 60 45 28 8 37 1 58 29 43 68 26 57 54 31 46 24 61 15 63 47 42 6 25 40
21: 39 13 49 54 32 37 64 9 70 41 22 20 47 4 59 44 68 45
22: 34 8 63 20 47 10 21
23: 1 57 20 44 43 2 49 19 23 67 13 59 28 58 4 14 6 12 30 64 31 48 8 18 46 22 7 65 9 17 70 63 5 62 16 36 29 41 10 40 3 47 51 21 52 42 61 24 38 55 33 25 45 26 56 50 54 53 66
24: 23 16 20 30 57 25 68 70 27 11 54 44 38 62 32 53 13 50 61 37 42 52 64 59 14 24 4 5 35 46 45 56 26 55 3 49 69 28 31 51 15 22 10 47 67 6 34 63 41 36 18 8 19 48 66 21 1 58 12
25: 26 2 70 41 54 38 30
26: 3 59 67 45 26 61 12 23 54 58 41 64 55 14 57 51 29 9 33 34 32 4 53 2 52 70 35 21 18 60 66 6 19 24 62 16 69 49 30 13 68 38 48 65 1 31 11 40 25 43 39 10 63 46 5 17 22 7 50 28 36 56 20 47
27: 53 47 59 64 44 38 32 41 58 42 3 15 57 27 13 2 48 49 29 8 45 11 26 21 20 10 28 62 68 14 39 23 22 19 1 55 33 36 18 25 50 17 54 40 4 61 43 31 69 30 65 6 67 24 66
28: 36 69 21 39 63 10 34 3 5 48 20 7 24 22 27 57 50 33 19 51 66 17 49 53 55 2 42 38 14 60 47 67 9 68 40 41 15 4 18 59 12 30 23 64 45 35 8 28 54 25 43 32 65 13 1 62 31 37 44 6 16 56 26 29 61 11 70 52
29: 64 42 45 70 7 19 23 44 9 33 47 58 50 37 4 6 49 13 21 62 10 61 15 35 8 52 53 3 5 17 48 20 56 68 12 57 60 69 67 34 32 26 29 66 27 18 28 36 51 59 25 22 38 39 55 24 46 54 41 63
30: 69 28 47 23 27 7 67 12 57 26 36 51 56 43 55 60 38 52 32 18 8 37 70 25
31: 50 38 9 64 28 23 56 41 2 57 16 6 70 67 32 25 24 22 18 59 36 68 13 10 65 63 11 43 58 53 46 3 35 66 45 54 44 19 39 34 33 8 20 69 5 49 51 52 40 30 61 60 15 29 47 4 31 37 55 48 7 42
32: 62 53 50 66 2 27 52 59 57 37 58 14 4 45 30 21 67 49 16 36 65 28 20 61 34 40 64 23 6 33 5 51 18 13 19 11 22 39 32 55 15 25 35 12 1 26 10
33: 13 2 36 17 61 26 46 59 41 23 15 3 1 20 11 29 9 63 62 14 55 30 25 58 19 51 54 68 60 64 27 21 12 34 18 70 6 33 38 10 50 37 39 69 31 8 40 22 65 32 45 49 57 4 43 52 47 42 5 24
34: 17 40 47 12 35 29 49 6 39 69 7 57 37 70 51 8 64 46 66 41 68 11 58 53 22 31 13 43 52 9 18 15 19 45 27 50 2 30 34 56 10 26 59 33 16 61 67 55 44 54 3 1 38 23
35: 33 27 52
36: 63 65 6 54 51 43 40 57 58 48 32 31 38 35 28 2 26 33
37: 19 30 63 62 61 51 57 59 34 13 55 36 1 40 64 47 67 53 7 56 44 54 37 41 8 58 9 26 32 42 35 45 25 66 29 4 69 46 18 2 23 38 20 11 50 14 28 24 21 17 70 60 16 10 12 31 39 48 33 15 49 43 3 22 5 68 27 52 6
38: 46 44 40 52 48 10 35 62 17 12 34 27 55 42 4 29 24 31 38 53 50 9 21 54 37 51 2 36
39: 22 67 12 51 55 16 69 60 39 10 23 46 37 7 28 41 38 36 25 57 64 19 43 68 11 61 15 58 18 47 48 8 26 13 63 56 2 54 14 24 34 20 45 33 66 50 52 65 40 62 5 35 6 32 59 3 29 9 17 30 21 42 49 1 27 4 31 70 44 53
40: 52 44 50 57 32 47 16 36 40 41 48 4 9 17 62 37 56 35 38 1 46 19 59 68 25 55 42 11 20 15 61 8 21 23 39 69 18 2
41: 52 21 29 13 5 58 41 60 39 46 63 22
42: 16 58 63 50 29 10 13 39 54 57 49 26 67 53 48 60 19 41 47 42 5 6 62 31 70
43: 15 45 18 11 42 20 56 63 60 39 19 24 70 26 43 10 34 37 65 49 46 36 40 28 27 33 66 44 31 6 7 51 64 55 50 32 54 5 22 67 1 8 48 61 4 9 62 23 2 53 12 30 29 25 16 35 52 13
44: 40 32 11 22 17 65 54 10 44 69 23 18 56 39 55 29 6 8 38 25 60 28
45: 8 18 51 14 27 58 42 24 29 57 46 32 64 41 65 49 69 33 26 66 17 15 11
46: 13 10 52 42 68 5 62 29 50 66 59 8 19 23 28 55 44 18 21 51 1 2 67 24 34 57 60
47: 28 42 47 23 53 22 15 29 8 20 11 48 2 13 30 33
48: 33 63 27 24 58
49: 30 28 19 69 38 33 17 10 56 26 34 35 70 5 53 32 20 54 2 23 37 42 67 21 1 40 50 44 11 46 36 12 48 52 6 57 7 31 25 8 61 60 14 18 41 68 29 27 22 9 66 47 58 59 3 45 51 64 43 63 16 15 13 24
50: 39 24 43 16 69 42 12 40 14 32 51 36 13 6 7 18 29 2 47 25 49 50 23 55 61 30 4 66 1 41 20 57 59 34 9
51: 34 20 52 27 3 37
52: 55 16 27 17 43 8 51 22 48 53 67 62 69 58 37 11 14 23 60 4 24 5 28 66 42 33 35 57 50 68 7 3 46 29 25 30
53: 4 58 27 30 14 66 22 48 62 24 47 9 56 63 42 37 3 29 31 11 25 45 57 26 34 15 7 1 18 51 38 64 40 19 33 69 61 46 70 53 13 16 12 50 65 23 2 39 36 41 54 32 5
54: 6 10 35 25 69 5 3 40 27 66 30 4 8 60 31 65 15 50 70 54
55: 43 25 9 58 8 5 42 11 59 13 70 53 26
56: 4 59 25 20 48 17 22 44 27 34 3 50 24 21 10 49 2 23 43 11
57: 35 55 29 44 32 54 70 17 28 37 62 15 22 11 45 69 6 26 27 56 63 16 3 49 59 14 47 52 9 43 60 67 64 4 18 38 12 31 30 21 42 58 36 66 50 53 48 40 33 2
58: 30
59: 9 52 49 53 59 35 7 10 29 1 47 61 46 43 65 11 64 26 27 58 38 15 44 24 41 36 17 28 16 68 39 30 66 31 63 48 5 60 57 33 55 62 54 21 34 23 14 3 67 18
60: 67 34 19 55 51 4 15 20 11 1 59 63 26 31 36 42 43 14 41 70 2 66 46 40
61: 62 31 24 68 38 67 56 14 23 10 7 29 30 69
62: 58 41 68 26 6 55 53 31 61 11 15 28 24 33 50 57 17 60 56 65 46 23 25 59 1 54 22 38 44 45 32 8 29 10 42 18 47 49 34 16 37 36 5 13 40 67 64 35 19 20 2
63: 33 56 30 51 16 67 15 63 6 20 44 10 14 65 26 18 57 35 55 42 25 61 48 40 21 12 34 41 17 39 47 46 27 32 50 60 3 58 8 69 2 43 59 22 52 36 49 62 24 70 37 13 4 1 23 28 54 53 9 45 11 29 38 7 64 68 66 31 19
64: 29 48 20 36 68 56 16 10 46 5 13 34 31 23 39 44 65 58 9 35 1 32 30 21 27 37 17 50 15 8 45 11 33 60 41 47 70 52 28 40 57 4 22 25 53 55 69 59 18 51 64
65: 7 33 23 44 13 52 17 42 26 10 11 6 46 45 61 53 19 12 56 63 21 31 37 36 51 68
66: 1 18 5 6 58 60 3 2 39 12 7 15 35 33 8 30 61 32 14 46 54 4 26 10 21 57
67: 34 47 60 37 31 49
68: 65 60 13 70 18 24 11 48 40 28 4 67 15 39 6
69: 35 22 20 8 14 13 34 61 25 45 2 23 24 38 18 53 1 66 40 17 12 56 19 60 42 65 9 64 10 67 48 59 69 31 39 29 4 16 41 50 15 3 28 27 68 5
70: 62 56 11 39 12 27 18 6 41 30 20 23 26 59 7 53 1 3 22 13 64 9 58 45 35 38 63 69 66 44 68 57 67 36 47 40 48 51 10 33 61 25 2 15 42 8 17 34 5 32 46 52 37 60 19 14
1: (66 27) 26 (33 20) 62 53 (69 49) (60 46 16 7) 50 (23 32 39 24 28 2 40) (18 3) (43 9 63 70) (64 13 59) 37 (19 34)
2: 62 (49 40) 2 26 (25 53) 70 (37 69 13 9) (3 57) 11 (23 33) (27 50) (28 1) (36 47) 56 20 (60 32 63 31) 39 34 (43 19 46) (38 66)
3: 16 (69 29) (34 53) (57 13 56) (51 59) 9 63 (23 27 2 66) (37 33 70 5 17 28 39) 52 31 (54 49 26 24 10)
4: 11 (66 23) (7 1 32 28 40 53) (64 39) (63 68 27 5) 2 (33 9) (29 38 21 24 43 57 16 31) (13 60 56 52) 50 (26 20) 37 (69 54)
5: 29 (52 19) (42 1) (31 55) (28 10) 70 49 54 (39 4 32 53) 46 9 16 (66 41 59) (33 26) (24 23 17) (37 43 62 64 69)
6: 29 33 23 28 (63 9 17) 62 26 20 37 (54 13 57) 24 65 42 (70 31) 1 16 27 (43 49) (44 34 68 36) 5 (39 11 50 66 32 2)
7: (63 66 59) 23 5 (9 26 61 49 53 31 11) 37 2 65 70 (3 28 29) (39 43) (52 50) (30 34 16)
8: 5 (37 10 45 39) (13 44) 43 9 (30 49 70 54) (2 29 27 23 66) (34 8) 31 52 40 22 24 64 (47 46) (55 33) 17 (28 69 63 62 20)
9: (26 63) 21 15 (43 38) (49 12 17 28 70 55 20 40) (57 5) (37 53) (13 23 3) 34 (11 33) (29 64 1 39 50) 16 (2 59) (31 69)
10: (29 66 61 9 2 42 22 18 20) (26 27 63 44 32 39 62 54) (24 3) (65 16 31 59 19) 5 17 37 (69 43 56 6 33 46 34) 23 28 (64 49 38 70)
11: (68 52 28 53 37 64 32) (47 27 24 33) 49 70 (55 13 63) (3 43) (57 34 45) 56 (1 65 9 59 31) (19 40 60 26) (44 62 16) 39
12: (28 32) 24 (69 23 63 16) (30 50) 57 (65 43 38 1) (10 14) 15 (26 12 66 49 3) 53 34 13 9 (39 70) (33 29 2 5) 37
13: (65 43 32 5) (46 39 62) (11 33 28) 53 (18 20 16 42) 23 49 (64 41 50) 19 (27 47 26) (69 70) 9 (63 24) 29 2 (6 3 8 21 68) (37 34 31 55)
14: 63 52 (32 9) 14 (60 6 69 33 20) 70 (57 28 16 49 13 39) (5 53) 1 2 59 (45 26 24 11) 23 66 (19 50) 27 (37 61)
15: 39 69 59 (68 34 43) (20 57 40 31 45 19) (29 9 49 37 14) (32 53 70 1) 47 27 (62 60) (66 54 28 64) 63 (16 2 33 24)
16: (34 2 43) 23 (18 37 20 63) (69 26 3) 52 (42 24) 53 49 (13 9 40 31 4 39 59 32 28) (62 64 57) 50 (19 1)
17: 11 (52 20) 33 (56 27 23) 45 (38 69 29) 34 (49 63 40 59) (65 70 57 62) 16 (28 44 2) 17 (19 37 64 26) (9 39)
18: (69 28 39 30) (37 43) (32 50 5) 53 1 (27 40) (57 31) 64 (63 66) (20 4) (19 9) (34 45 44 23) 46 70 18 (16 49) 68 (59 26) (29 13 33) 3 62 24
19: (69 5) (46 34 2 40) (29 26 33 32) (60 27) (4 14) (23 19) (11 1 42 39 20) 24 9 (43 49) 62 (16 37) (28 63) 65 (53 31 70)
20: (6 33 49 28 15 62 13) (60 26 69 21 50) (5 27) 64 (43 56 22) (63 24 32) (51 37) (16 2 31 40 17 23 39 14 29 70 47)
21: (65 16 28) (39 41) 40 (27 4 57) (66 3 63) (26 22) 56 64 (9 38 19 46) (49 20) 5 (24 23) (32 29 59 33 37 2)
22: 34 (33 43 41 10 49) (26 27 23 70 53) (29 11 44) (69 57 24 56 16 32 63 52 20) 9 (28 39 62 1 47 21 64) (5 37) (17 6 13) (2 31)
23: (47 59) (43 52 69 40 15 28) (39 62 63) (61 24 5 34 27 19 32 16) (20 12 50) (31 37 30) 64 (53 3 70 26) (44 33 29) (23 46) (49 65 56 2)
24: (4 6) 24 (63 68) (27 3) 5 (50 61 52) (26 31) (9 38) 20 37 (28 69 29) (39 18 46) 62 (43 53) (45 1 56 13) (23 33 59 48 49 10)
25: (49 53 63) 70 62 55 (44 24 39) 5 (30 37) 69 (23 28 33 9) 40 54 (50 56 43) 32 26 (13 52 29 27 2 4 31 64) 16 20
26: (37 43 66 23) (42 33 36 28 55 60 34 18) (45 39) (32 19 70) 15 (57 2) 9 (63 14) (62 24) (29 49 53 13 20) (3 27) 11 (26 25) (6 30 59 65)
27: 49 7 (52 48) (51 35 24 30 2 34 13 64 56 20 29 57 59) (39 37) (63 5 9) (70 28) (32 69 18 1) 45 (10 27) (53 54) 33 43 (38 4) (11 16)
28: (64 3) (57 9 43 52 27) (59 68 63 44 28 15 19 29 11 69 62 37 16 24) (26 30 23 2 14 20 47 31 39 32) (46 36 49)
29: 29 17 (53 46) 6 (69 45) 9 (50 31) (64 23 1 47 59) (37 20 44 2 26 3) (13 16 34) (38 62 42 57 63 41 52 39 28) 19 (27 33) (49 43) 61
30: (57 16 23) (19 33 64 28) 58 (17 24) (9 37 53) 66 (26 63 47 50) 43 70 (34 59 39 32 52 3 12) (54 27) 13 (49 5) (31 25) 11 61 2
31: 34 9 (62 23 13) (24 36 61 49 33) (1 53) 63 37 19 (16 18) 3 (43 38) (65 28 39) (69 64 60 67 27 10 26 31) 54 59 57 (5 20) 11 42
32: 44 (40 17 24 70 31) (45 50 21 11) (27 33 29 63 26 66) (64 37 57) 5 62 (2 32 36 28 30 49 4 9) (16 39) (43 53) (6 10) 8
33: 70 (29 64) 53 (65 9 57 31) 49 (43 3 32 52 39 19 36 2) (28 47 33 34) (63 23 10 27) 11 (45 62 26 16 35 48 59) 66 6 37
34: 59 50 (24 56) (53 60) (13 33 49) 26 46 (29 43 34) (1 2) 15 (64 18 51) (37 32 67 70 20) (6 39 22 62 9 5 69 31 38 16) 63 28
35: (28 62 6 38) (14 29) 43 (39 49) 5 26 64 (24 9) (63 59) 57 13 36 4 (34 40) (10 52 31) (54 16 1) (37 66 69) (70 2) (32 3)
36: (5 63 49 31 30 43 50 2) 39 (37 60 29 40 53) (59 9) (57 65 11 16 20 32 23) 28 10 3 24 70 64 (26 27 18) (62 38 33)
37: (30 64) (11 39) 52 21 (70 57) 29 (34 40) (38 33 62 43) (51 9) (65 5) (24 67) (31 2 63) 13 (32 7 28 8) (49 16 20) 53 37
38: (24 36 40 33) 44 12 (61 5 37) 29 (38 31) 4 (13 27) (30 63 25) (28 1) 49 (69 20 2) 18 57 39 (16 62 23 70 53) 11 59 26 34
39: 64 14 (44 6) (40 50) (32 10) 27 (63 68) 33 (4 17 37) (13 43 19 26) (69 16) (66 42 11 34 21) (5 31) 29 41 53 (59 28 39) 2 70
40: 16 53 49 (28 62 33) (64 37) (44 57 23) (34 1 69) (54 9 5 60 38) 40 26 (39 13 68) 50 27 (4 20 2) (31 36 18) (70 32) (43 63)
41: (64 39 21 62 27 31) 40 9 (69 2 20 60) (45 33) 49 50 (34 37 70 63 28) 42 (53 13 26) 25 23 (41 24) 19 (29 59)
42: 45 (9 50 3) (27 70 38) 60 63 28 (47 55) (65 57 40 31 20) 16 (23 43) (53 39) 24 42 37 46 1 (49 5 33 52) 62 (69 29)
43: (39 31) 27 56 2 34 50 (60 37 26 4 52) (49 30 11) (23 33) 57 (1 20 36) (59 55 63) (16 13 43 9 5 28)
44: 46 (11 34 21 23 39) (64 31 43) (56 57 5) (62 65) (17 59 9) 49 (37 70) 40 4 (44 27 63) 38 (24 16 29) 28
45: 53 24 (32 62) (37 16) 13 29 (1 70 6 57) 69 (4 63) (34 9 20 43) (3 31 33 64 5 28) 23 (26 2 49) (65 10 39) 21 27
46: 29 (23 64 5 37 34 20) (63 43 59) (2 41 31 15) (65 18) (66 24 60 13 70 53 38 39 26 45 52 49 40 1) (16 62) 33
47: 34 59 (63 49 42 33 21) 47 16 57 (3 9) 2 23 (37 28) 62 (19 70) 14 (67 26 29 20) (22 30) (50 5 31) (53 4) 40 39 (24 27 64)
48: (57 40) (23 27) 64 (39 43 37 52) 36 (38 17) (49 28 31 42 9) (47 53 69 56 12 26) (24 70 59) (11 68) (16 63 29)
49: 21 62 43 (28 34 8) 20 (31 67 4 23) (50 63) (57 9) 16 (27 24 6 1) (29 37) 32 (33 56 45 59) 42 (39 26) 2
50: 33 17 24 (1 13 52 46) (64 11) (34 26) 49 57 62 (32 23 69 27 10 43 14 9 28 39) (54 50) (38 56) 16 63 2 (42 29 40 53 31 37)
51: (49 8 34 28 33 63 32 26) 24 (4 45) 1 (16 50 19 39) (11 29) (30 5) (43 38 70 46 52 31) (13 20 3 65) (37 60 36 23 9) 53 64
52: (17 46 23 39 33) (41 26 13) (11 16) (12 31) (19 34 43 10) 59 (18 64 40 30) 49 (1 57 51 14 9 37 65) (63 32) 70 (29 24 28) 38 2 35
53: (2 20) (65 29) 1 (31 19 62 38 69 63) (32 53) 27 (9 47) 57 (43 49) (55 23 52) (59 39 42 26 70) 11 28 16 24 (64 37 34)
54: 44 53 23 (66 6 49 16 43 54 2) 28 (24 13 1) (63 31 29) 21 (14 11) (20 42) 57 (17 27) 33 (59 62 26) 36 (39 3) 34 38 (25 37)
55: 5 (26 33 39) (62 43) 24 11 (31 37) (15 38) (50 34 9 32) 2 29 17 57 46 16 (1 52 64) 44 (20 27) (60 63) (40 30) (13 59) (28 23)
56: (30 24 23 31 57 61) 13 (39 29) 40 20 (44 63) 37 (26 70) 64 5 (16 2 9) (49 53 43 69 62 65 28) 34
57: (34 3) (20 45) 40 28 (29 19) (13 17 32 36 24 26) (33 53 52) (16 11 66 39) (70 1) 31 (27 59 23 63 64 37) (5 50) 2 (62 42) (30 46 49)
58: (42 45 53 29) 37 (16 66 13 49) (41 26) (27 59 62 34) (36 33 1 2 63 31) 24 (32 55) (64 4) 23 (10 19 39) (52 70 20 9 48) 57
59: 62 (9 60 10) (57 14) (26 8) 69 (3 63 27 32) 37 21 (56 28) (59 39 49) 23 (17 55) 34 (2 50 31 33 24 13 29) 70 (46 16) (11 40 64)
60: 30 (20 16 67) (8 19) (26 54 44 46) (64 5 9) 63 14 (68 69 70 42 41 2 6 29 17 43 18 39) (28 59 33) (52 11 37 57 66) (49 62) 4 31
61: 28 (43 69 27) 6 3 (34 33 63) 59 (26 62) (32 39 66) (16 24) 9 (65 23 53 31 70 20 5 29 11 40) 37 4 49 (2 50)
62: (9 39 2) (53 27 59) (38 24 5) (37 46 33) 43 (13 16 42 28) 70 (23 40 19 61 3 29) 26 (20 63 57) (32 52)
63: (28 42) 33 (63 4 43) (41 60) (14 53) (29 23 2 20) (3 24) (7 65) (49 36) 31 (70 59 16 9 17) (57 13 26) (22 48 37) 39
64: 16 (24 64 63 69 37 9) 29 (2 62) (31 33 1) 39 23 20 (70 57 26 49 45 59) 21 14 53 (28 43) (34 32 27)
65: (18 31) (5 59) (13 62 3 54) (53 45 11) (4 64 69 32 43) (9 28 26) 44 (16 68) (17 27 33 63 23 36 2) 39
66: (1 6 53) (39 24) 31 (57 60 29 54) 46 (2 14 52 59 43 26) 16 50 (28 69) (63 20 9) (15 23) (17 34) 49 (32 45) (27 3) 13 (70 37)
67: (20 60 12) 52 (26 69 17 59 32 46) (24 23 43) (18 13 62 39) (63 16 29) (28 30 37) (1 2) (27 70 9 4 49 68 57) (34 31 42) 61 11
68: 39 (61 40 20 69 19 31 52 33 63) 9 (11 16 24 15) (28 7) (59 5 34) (64 1 37 21 62) (49 3 17) 2 (26 13) (46 70) (27 65 29)
69: 16 (54 44 3) (57 40) (52 4 29 27 33 64 45) (69 11 10) 34 (37 24 31) (39 13) (28 63) 50 (1 26) (2 9) (30 70 5) 49 53 61
70: (30 13 34) 42 29 49 (16 31) 33 (60 57) (9 20) (23 64 5) (68 43 54) 26 (63 24 37) (28 39) (2 17) (55 53) (25 21)
