70 70
1: 2 36 58 37 47 11 42 17 18 54 50 9 8 10 14 34 27 39 13 29 43 16 12 57 21 4 6 66 1 67 19 28 49 63 25 60 41 44 62 26 53 33 7 24 48 30 56 52 59 15 20 65 61 64 35 38 32 31 46 40 5 45 70
2: 35 66 45 67 44 2 10 52 11 25 30 9 8 26 65 61 6 33 42 38 49 24 69 47
3: 42 61 38 18 23 47 59 36 52 5 15 68
4: 9 47 13 68 58 39 37 65 69 18 55 32 6 60 57 23 63 20 70 46 35 11 66 10 54 16 62 43 38 2 36 59 24 21 8 34 64 41 33 45 44 27 49 15 61 53 56 3 42 29 14 30 52 1 19 50 17 4
5: 53 61 54 40 1 4 9 13 18 49 21 25 6 15 56 45 26 33 17 7 55 24 48 22 5 63 65 27 29 3 46 38 32 60 16
6: 62 37 61 63 56 1 67 66 23 2 64 50 70 47 31 7 30 45 22
7: 6 3 50 67 39 19 47 51 35 34 64 58 29 18
8: 60 45 65 9 14 19 30 15 17 66 1 22 32 51 10 33 18 68 28 57 61 5 24 6 12 35 23 41 48 34 70 58 8 47 7 44 39 53 62 59 31 54 20
9: 26 35 24 29 46 62 42 68 2 15 31 14 18 37 27 12 48 11 55 38 44 67 19 17 9 36 66 52 54 1 64 13 58 21 63 49
10: 33 43 6 55 54 27 41 37 26 2 3 13 1 22 57 45 67 68
11: 2 14 12 28 29 44 55 22 21 69 52 34 68 47 31 51 4 37 6 50 38 33 62 18 26 36 40 17 23 45 35 39 67 5 11 59 32 42 54 30 49 25 56 58 41 43 66 19 57 48 60 46 3 8 16 15 20 10 63 1 7
12: 1 30 56 36 65 25 20 41 37 28 21 39 2 5 40 52 48 53 68 26 16 67 63 14 22
13: 2 60 38 67 63 41 10 25 66 29 23 34 16 30 4 69 22 6 18 70 37 40 17 45 1 55 7 11 48 44 21 28 3
14: 8 61 25 29 62 10 12 6 58 37 34 54 41 35
15: 18 60 56 59 35 3 42 20 47 25 55 40 58 17 29 23 65 12 51 41 10 57 70 44 21 28 11 62 4 6 24 32 54 16 8 26 66 36 15 5 45 1 46 19 53 2 61 50 38 22 39 31 63 14 37 48 69 9 13 7 64 52 27 30
16: 70 61 42 60
17: 6 55 48 29 51 64 38 30 26 15 43 67 9 27 70 36 24 60 20 23 49 14 63 52 34 42 62 19 7 40 47 13 45 41 37
18: 36 65 42 56 3 27 8 58 10 55 6 46 47 69 17 66 12 11 1
19: 55 34 23 65 25 20 48 12 64 43 1 63 6 62 31 70 42 56 28 50 41 11 24 27 66 52 7 39 53 16 18 9 60 29 69 44 33 15 5 47 36 67 40 61 37 26 10 58 13 17 68 4 22 32 51 49 54 38 19 8
20: 10 37 65 27 25 53 5 18 42 11 21 6 26 14 2 64 50 54 22 36 39 3 40 24 52 57 60 43 61 29 12 7 62 46 16 34 66 1 63 9 45 8 15 32 4 30 59 38 69 67 70 23 13
21: 35 43 4 64 50 23 12 57 26 38 8 13 15 45 70 3 65 63 25 52 29 47 17 5 36 39 54 18 34 69 44 2 56 21 62 16 14 11 7 58 10 24 67 59 55 9 53 22 31 48 19 28 41 42 40 30 1 51 6 46 37 60 49 32 27 61 33 20 68
22: 41 27 19 59 1 6 21 20 17 65 8 55 3 49 40 68 38 51 70 60 25 36 52 48 14 58 4 23 5 22 43 64 67 62 46 29 30 15 54 11 35 10 63 2 13 37 16 12 57 33 26 47
23: 5 70 2 35 54 16 64 49 6
24: 16 44 62 40 10 3 56 49 23 8 28 20 32 59 21 30
25: 42 22 51 47 16 5 56 10 45 11 24 33 63 39 23 34
26: 14 8 52 37 13 57 26 40 30 64 6 9 62 66 1 61 44 5 28 31 53 65 45 4 21 60 18 16 68 36 7 54 39 32 67 41 10 15 3 20 34 29 24 55 23 27 70 63 43 51
27: 47 64 3 10 21 51 4 7 36 48 54 37 8 5 43 2 53 58 22 68 6 41 23 45 18 42 13 44 11 26 16 38 60 49 17 40 67 65 57 32 55 28 29 56 9 19 1 15 70 63 59 12
28: 22 43 67 41 40 28 63 11 16 27 13 18 61 50 60 52 17 47 5 15 20 23 29 58 12 6 45 24 64 62 68 38 34 32 53 1 56 21 3 65 69 51 66 9 7 54 42 49 48 10 46 31 35 33 70 26 2 30 8 36 59 25 19 14 57 4 55 37 44
29: 17 41 70 47 16 64 51 46 63 1 68 20 2 30 50 48 45 28 5 38 3 33 21 12 53 40 62 49 23 22 67 35 27 58 15 36
30: 61 26
31: 39 8 66 20 13 58 33 47 11 10
32: 45 66 58 30 69 29 9 50 18 63 59 17 44 67
33: 43 15 22 53 51 16 47 36 28 24 20 55 61 11 19 12 62 7 70 49 8 4 63 2 54 27 46 44 30 23 6 32 34 21 26 52 29 68 48 42 31 56 1 58 25 38 69 35 67 65
34: 26 50 21 45 65 55 40 47 6 41 53 32 38 30 18 22 20 8 43 36 10 67 25 13 4 1 16 58 70 14 46 33 61 31
35: 31 68 9 32 61 35 8 43 22 47 12 4 5 51 1 21 13 46 45 63 23 56 38 3 69 62 64 26 44 49 34 70 28 29 24 14 37 60 18 36 42 67 59 66 17 19 20 27 57 11 55 15 30 65 53 52 25 39 10 48 40 58 2
36: 58 30 17 48 33 50 54 46 65 41 19 47 21 44 13 2 34 12 51 25 40 64 16 29 27 15 3 60 11 49 14 68 36 70 7 56 69 32 8 22 59 67 45 26 35 4 39 57 53
37: 11 34 29 38 7 12 65 64 51 33 5
38: 68 52 5 26 34 42 60 45 47 41 70 8 61 16 63 3 24 48 1 22 14 54 65 58 4 31 35 10 59 7 43 15 12 38 51 23 11 44 55 2 17 29 37 50 6 46 39 56 19 49 62 18 21 30 25 69 13 53 64 40 32
39: 33 30 8 68 49 44 62 12 11 47 35 45 24 59 34 15 18 54 22 69 50 60 52 40 21 42
40: 59 68 61 18 66
41: 51 50 52 47 41 67 6 64 20 26 1 46 10 4 17 56 21 42 28 68 62 12 44 70 60 14 19 54 3 58 31 13 32 69 36 9 2 33 27 57 15 38 43 65 48 7 5 35 22 39 55 45 23 16 37 66 63 25 24 40 18 30 49 34 53 29 8 11
42: 3 52 68 38 19 25 60 10 56 49 26 31 64 44 41 1 8 2 61 67 4 45 13 34 59 32 28 17 22 29 54 9 62 5 15 51 18 70 12 55 27 16 30 66 6 14 58 69 24 37 57 63 39 33 35 46 11 42
43: 29 6 19
44: 50 48 23 17 7 32 19 66 36 67 25 28 49 62 1 33 27 6 13 14 31 12 20 24 21 38 58 37 35 44 70 59 26 55 65 10 18 69 46 3 15 64 60 42 11 29 9 68 45 34 56 5 30 51 52 43 22 4 2 53 57 8 54 16 63 41 39
45: 26 34 39 29 5 4 18 56 43 7 22 41 20 50 66 9 57
46: 5 41 4 39 25 66 18 17 40 64 24 16 10 50 35 32 44 15 33 12 52 56 21 60 23 36 43 8 29 61 31 48 68 19 3 28 7 1 9 6 47 38 49 62 30 65 54 55 26 46 11 58 42 13 59 57 20 22 53 51
47: 70 2 23 4 54 12 14 46 55 13 16 6 47 66 65 36 35 18 31 50 53 69 67 44 20 64 41 63 68 62 58 40 7 25 51 17 19 48 52 10 11 1 43 21 33 49 56 57 15 27
48: 3 4 2 36 34 26 1 11 49 25 48 28 58 12 55 20 68 19 59 31 7 42 69 56 32 51 27 33 61
49: 37 50 47 22 54 48 29 27 34 66 25 62 68 70 26 7 19 12 21 2 15 51 53 67 16 41 46 20 39 35 30 31 18 24 13 44 60 56 64 5 40 69 65 28 23 4 3 32 36 61 52 55 6 58 10 49
50: 42 8 18 13 63 55 69 23 70 51 3 36 7 14 21 68 48 53 39 19 50 30
51: 26 62 8 51 34 7 17 5 4 45 46 1 59 10 27 9 35 32 70
52: 40 58 38 61 39 51 69 33 43 1 22 17 49 41 30 20 64 15 32 63 42 47 50 37 8 2 25 4 53 7 59 54 16 23 35 24 62
53: 67 69 27 3 39 17 28 52 59 21 51 64 70 13 7 33 19 10 48 15 50 14 29 36 58 66 8 42 68 5 65 4
54: 38 15 29 25 56 6 48 20 9 28 66 24 67 10 7 39 8 45 68 41 60 70 4 18 35 23 16 22 64 33 50 54 63 3 32 27 46
55: 13 68 29 1 19 33 24 64 39 57 3 48 70 52 54 47 31 53 62 4 14 42 43 21 49 32 27 9 69 17 61 5 40 66 12 34 63 7 37 11 58 20 50 15 44 25 28 8 10 65 51 38 23 30 22 26 2 67 18 41 35 6 46
56: 44
57: 24 4
58: 14 34 45 66 57 9 49 37 30 22 31 16 40 35 63 62 10 13 67 33 52 4 26 43 44 56 58 55 28 65 19 32 12 5 21 6 59 29 39 8 23 11 47 60 64 15 24 3 2 53 25 68 61 38 69 27 50 51 36 18 46 41 54 1 48 17
59: 15 8 12 3 52 70 40 20 23 55 58 29 48 47 33 6 22 25 49 16 30 14 68 67 46 51 2 7 18 17 53 69 43 13 56 42 54 41 44 38 19 26 28 27 39 61 5 31 4 21 64 45 32 35 11 9 1 34
60: 33 29 30 4 19 49 31 20 39 32 54 57 51 55 38 3 69 10 52 8 46 66 5 22 36 9 64 25 60 28 61
61: 66 31 52 40 36 5 2 59 16 22 41 12 34 18 7 54 15 65 60 43 56 53 35 27 25 37 42 51 17 67 14 13 44 39 47 70 10 45 61 58 28 4 20 21 33 24 64 29 63 38 69 9 46 8 50 48 57 23 26 49 30 6 19 1 55 3 68 32 11
62: 47 35 70 6 23 40 14 25 12 20 61 56 16 59 67 49 26 9 1 13 62 41 34 19 42 29 46 55 28 31 53 68 10 48 45 36 43 3 69 66 54 27 5 33 51 58 64
63: 69 22 14 9 51 13 17 55 25 35 15 24 2 38 50 20 45 56 10 18 39 8 66 52 54 43 31 3 44 63 49 6 19 41 4 5 42 7 33 21 58 1 59 36 61 60 28 62 29 70 68 27 65 32 53
64: 31 7 21 28 18 35 48 20 30 68 46 6 63 41 29 38 5 59 3 42 24 62 60 57 61 69 64 58 65 25 27 39 1 47 50 40 56 14 9
65: 41 42 19 46 12 56 14 67 23 20 17 18 27 15
66: 2 33 48 29 65 23 45 12 25 61 52 41 7 63 19 22 15 62 31
67: 42 65 18 66 5 6 34 10 30 46 16 35
68: 5 62 42 59 60 44 19 21 56 40 41 70 39 22 25 8 17 11 7 48 49 30 35 43 24 45 18 55 15 14 20 10 67 46 12 51 31 29 4 32 9 37 66 33 53 64 3 28 27 26 52 38 1 63 57 16 47 23 65 69 61 54 13 2 58
69: 51 27 60 25 28 21 18 53 2 56 30 41 61 54 65 4 40 33 37 1 22 24 38 23 34 49 52 42 6 44 35 46
70: 56 26 43 64 4
1: (29 8) 21 15 (33 28) (27 38) (11 64 1) (59 4 26 44 18 10) (34 46) (48 58) (5 63 69) (35 9 41) 47 (22 20) 51 (13 42 19 62 52 61 12 55) 6 68
2: 22 (63 21 49 48 1) (47 28 41 52 11) (59 15) (6 44) (35 29 58 68 42) (27 20 12 61 9 36) (69 33) (4 2) (38 66 10 23) (55 13)
3: 15 18 (13 26) (41 28 61 58 44 49 50 11) 24 (4 10) (60 38) (29 42) 48 55 20 (53 21) 5 (54 22 63 59) 27 46 68 36 (64 7 35) 62
4: (61 27) 1 (69 55) (13 70 45 58 15) 57 (5 19 54 46) (60 28 52 33 22 34 38) (47 49) (44 20 51 68 21) (42 59 48) 4 (41 26) 63 (36 11) (35 53)
5: (23 29) 12 (37 68) (15 28) 35 (26 63 42) 11 (59 53 38 21) (19 58) 41 (62 46 55) (27 61) 22 60 (67 5) (20 49) 25 (3 44) (64 8) (45 1 51)
6: 61 (14 38) 47 13 (42 1 17 8 67 18 46 44 33 69 19 22 28) (15 64 41 10) (27 2) (4 55 49 5) (7 21) (54 62 26 23) 63 (58 20) (34 11) (59 43)
7: 61 6 (66 5) 26 (53 11 55) (50 47) (15 21) 33 (20 41 13) (45 1) (36 27 68) (19 51 38 46) (64 8 28 54 17 44 52 49 63) 37 (48 59)
8: (58 44) 4 (53 34 11 54 31 26) (55 35 8 2 42 52 63 41 18 36 51 46 39) (1 68 14 61 38 59 28) (21 27 19 50 15) 20 (24 60 22) 33
9: (61 68 26 8 32 1 15 20) (63 51) 59 (41 21 27 44 55) 45 19 (4 2 5 42 46) 58 (62 54) (60 64 9 17 28 35)
10: (51 60 19) 24 (68 35) 1 (14 44) (11 54 21 18 46 47 41 25) 22 (49 15) 42 4 (20 2 8) 53 (26 27) 55 (62 61 63 58 31 34 38) 13 (67 28)
11: (35 68 31) (21 11 42 15 28 9) (58 22) (44 13 25 19 37) 48 18 27 (4 2 61) (41 39 55 1) (46 33) (20 36 38) (47 59)
12: 66 (15 47 36 27) 65 (1 8 37 14 55 49 21 19) (42 20) (28 48 29 46 11) (22 39) 33 (38 62) 9 (35 18) 44 58 (41 68 59) 61
13: (63 17) (22 31) (20 4) 19 (61 28) 1 49 34 (15 26 59 42) (55 21 5) 62 68 (41 10) (46 35 36 53 50 27 38 44 58 9) 47
14: 12 (34 59) (1 26 22 4) 36 64 (62 35) 41 (47 63 15 42 9) (53 8 50) (44 28 21 61 55 20 38 17 11) (65 58 68)
15: (19 15 35 44 54 63) (9 21) (1 22) (38 42 33 46) 5 (27 17) (29 61 39 3) (26 53) 66 (11 68) (55 47) (59 52 8) (58 65 20 41) 36 28 (49 4)
16: 34 13 (15 25 22) 68 (19 59) (33 20) (1 38 62 26) (11 24 47 49) 54 (12 61 29) (5 41 27 28 42 4) 46 23 (21 44 36) 67 52 58
17: (47 46) 61 (65 8 19 38) 27 (28 9) 22 (5 32 15 36) (63 52 51) 4 (53 59 1) (13 68 29 41) 55 (35 42 21 58 44 18 11)
18: 40 (28 69) 34 (41 38 50 32) 20 (61 15) (59 9) (1 44) (68 47 4) 27 (39 49) (13 54 5) 55 (8 19 67 26 11 35 42 58 46) (3 65) (7 63 21) (45 64)
19: 66 (60 49 61 17 22) (4 1) (42 35 58) (47 41) (62 50) 36 9 (11 48 63 33 27 68 38 28 53 43 44) (65 46 55) (8 7) (15 19) (59 21)
20: (4 34 45 61 44 48 8) 33 46 41 (22 62 59 1 55 54 64 31 68 17) 19 (52 15) 60 12 26 49 (28 11 63 65 29 35 24) 21 47
21: (49 47 38 35) 50 36 (59 13) 11 58 (1 46 15 39 5 55) (20 9 33) (26 29 64) (34 24 63) 27 4 53 44 28 (61 22) (21 41 69) 12 68
22: 6 38 (21 15 27) 58 (28 45 5) 41 (46 12) (59 61 49 35 42 34) 10 (63 60 36 66 44) 25 22 (52 19) 33 (68 11) (20 13 29) (39 8 54 69 55)
23: 6 (58 15 20 55 41) (13 50) (25 35 3 44 69 11 19 61 52) 62 (26 65 8 66 22 21) (54 17) (27 29) (28 24) (49 4 47) (38 33 46 68) 59
24: 28 19 (17 58) 38 15 25 46 64 (26 57) (44 68) (55 5 35) (41 2) (42 39 21) 8 (9 33 1) 69 (20 4) 63 (54 61 52) 49
25: (19 55) 12 66 (2 68 46) (38 62 36) (34 14) 44 (59 28) 35 (1 63 58 61 41 64 49 60) (47 22 54 5) (13 11 20 15 69) 42 52 48 (33 21)
26: (10 12 48) 5 (27 21 46) (42 11 33 38 19 51 45) (1 49) (17 55 68) 26 (30 59 15) (34 22 20 2) (35 36 61 28 44) (41 58 9 62 70)
27: (59 29 55) (62 42 63 21 69 17) (19 10 5 44 54 9) 4 22 (49 58 18 68) (48 41 36 20) (15 26 51) 64 1 (53 33) (47 35 61) 28 65
28: 64 12 (48 26 46 19 59 53) (11 1 13) 54 (33 28 21) 41 62 (42 24 68 61 63 58 44) (27 55 69 60 29 8 15) (35 49)
29: 26 (53 13) 45 (28 1 27 5 17 62 58 61 59 35) (41 68) (37 64) 19 (4 54 63 55 32 36 14) 66 9 21 (15 20 7 33 11) (60 42) (38 43 46 22) (44 49)
30: 6 32 (13 49 21 20 17) (42 28 2 8) (22 46 29 36 55) 60 59 15 (64 4 58 50 12 41 44) 52 (38 61 68 39 34) (26 35) (67 24 33) (11 69 1)
31: 58 (48 38) (9 68 55 64) (61 46) (35 28 62 59 21 47) (11 8) (42 49) (19 33 34) (26 15 41 44 6) 1 66 (60 63)
32: (33 63) (60 54 38 36 26 55 11) (46 51 8 35 49 15 27 59 61 20) (34 5 58 42) (41 4 52) 44 (48 1) 28 21 (68 19 24)
33: 59 39 42 (53 25 19 48) (4 62 10 41) (69 37 29) (11 22) (5 21 58 47 54 63 46) (8 36 66 52) 44 (1 68 61) 28 34 55 2 31 60
34: (28 17) (59 48) (39 20 25) 37 62 (42 36 51 35) 58 (11 21 19 69 33 45 44 38) (1 8) 41 (67 14) 13 4 49 (26 7) 61 55
35: (33 8) (64 22 35 54 67) 52 41 (58 15) 23 (1 49 69 38 29) (2 11) 63 (51 36 42) (44 9) (4 14 62) (28 47 59 46) (39 7 61) (55 68 21)
36: (60 9 28) 63 (22 41 36) 1 (15 33 62 35) (18 4 26) 20 29 53 (47 34) (3 61) (27 50 21 19) (46 12) (44 11 48) 58 (49 17)
37: (41 28) 61 (68 1) (4 11 55 13 12 58 10 6 42 15) (22 20 38 27 35) (49 26 21 52) (44 14 69) (19 17 9)
38: 44 28 (27 11) 15 (38 13 64 9) (52 55 20) 46 (33 37) 1 (2 17) (21 5) 69 63 29 (54 41 35 22 19 58 34 42 68) (3 4) 60 (61 59)
39: (54 21) (61 49) (4 44 46 45 15) (31 41) (38 26 8 12 42 36 35 7 58 1 25) 60 (53 19) (52 50) 59 (55 11) 63 68 20 64
40: 68 1 59 26 20 (34 22 28 12 13 38 39 36 52) (55 46 19) (21 41 47) (62 5) 64 29 (11 27 69 35 17 24) 15 58 (61 49)
41: 62 13 (26 14) 8 27 11 (45 38 1) (54 28 59 66 34 29 15) 21 (17 58) 12 (49 10 47 69 22 63 61 36 44) (4 65) (68 19) 64 55 46 (42 41 52)
42: (69 62) (46 9 38) (44 4) (64 25) (42 28) (67 41 59 1 61) (15 33 11 53 18 39 27 35 20) 52 (63 17 50 55) (48 68 65 3 2) 21 (19 16)
43: (59 58 70 45 21 41) (63 35) 22 (34 10) (46 47) 33 (26 68) 27 (28 4 19 62) 11 (20 17) (55 61) (38 44) 52 1
44: (27 49 46 36 41 38 4 59 15) 13 (28 11) (26 58 69) (33 35 61) (32 55 8) 1 63 (42 56 2) (47 39) (9 24) 68 (44 21 19)
45: (39 10) (20 35 62) (2 41) 51 26 (42 36 21 44 28 27 1 58 8) 68 59 63 54 (4 13 25 29) 6 61 11 32 17 (5 15) 66 38 34
46: (44 60 28 58 36 67 9 4 47) 59 33 (65 35 68) 38 21 (69 1) (49 34 29 15 55) (11 54) (41 42) 5 22 (18 62 20) (61 51 46) 64
47: 36 (3 58) 41 (47 29 6) (2 7 34 17 27) (64 15) 62 (1 49 4 35 8 55) (21 11 22) (52 33 46) (19 28) 61 (25 18) (68 38) 59 39 31
48: (54 47 13 59) (68 50 66 12 64 8) (48 11) 49 (1 36) (9 44 35 55 58) (29 38) 15 41 61 62 (5 19) (21 46 22 53 27 17 28 33)
49: 35 (11 19) (58 41) (68 46 4) (21 52 29 55) 69 (62 48) (38 5 39 28 49) (60 47 36 44) 17 22 (33 63 2) (9 23 1 42) (24 61 59) 27
50: 20 (47 54) (58 29 50 41 21) (11 64 7 44 38 36 1 34) (53 32 49 39) (6 63 15 55) (4 28 45 52 19 46) 61
51: (58 52) (60 50) 41 (37 69) 63 (7 38) (55 62) (17 33) (61 51) (21 15 29) (36 19 42 22 46) (44 26) (59 53 28) (48 49 25) (11 8 35 68) (27 47)
52: 46 (21 3 59 9) 60 (69 53) (55 15 39) (22 11 47) (4 66 19) (1 49) 61 2 (41 12 38) (44 63 35) 20 (42 33 58 28) (17 68 26)
53: 44 61 (35 34) (4 27 41 5) 19 (21 1 36 59) 55 (58 63 47 62 69) 12 (38 28 68 29 20) 33 (46 15 26 49 8) 52 50
54: 61 (60 47) 33 (14 49 5 8) 59 (69 11 68) (4 9 44) 26 22 (52 42 63 20 41 23) 28 62 (21 1 36 46 55) (54 15 38 19 10) (27 39 58)
55: (35 26 49 48 11 44) (19 9) 4 (42 17 62 13) 60 28 33 46 (68 22) (41 18 59 21 47) 15 50 58 (61 27 10 63) (38 5 34)
56: 15 1 (45 41 35 21 4 27 33) 68 58 12 47 (59 54) (19 49 25) 61 44 36 (28 46) 42 (11 65 6 63 62 64 70 38 69 48 18 24) 5
57: (68 21 1) 15 (11 36) (46 61) (4 64 45 41 55) 42 22 (44 58 27 60 26) (47 20 28 35 8) 10
58: (62 38) (1 29 35) 58 (46 52) (64 32 22 21) (14 42 4 18 19 61 63 27) (34 9 53) 7 (44 33 28 48) (68 59) (15 41 47) (8 11) 55 31 36 49
59: 51 (64 3 27) (8 44) 38 62 68 24 22 (28 21) (35 61 58 46 11) 40 (48 39 4) (15 36 52 63 1) 53 (32 42 20)
60: 17 (41 63 35 44 1) 11 (20 22 21 28 36 19 58 39 69 8) (54 16 38 15) (60 26 5 64 61) (46 49) (42 68 13 27 4)
61: (5 19 63 6) 49 (64 38 14 46) (42 59 4 60 69) 26 (40 1) 52 (33 48) (30 66 21 28 35 55) 20 (8 61 15 34 3 68) 58 (2 16 62)
62: (4 9 21) 17 (26 14) (44 6 29 58 62 24) 11 19 (47 52 49 33 55 1 64 39 51) 20 (46 8 35 22 42 63 66 41) 28 (38 15 68)
63: 9 (11 66) (17 64) 47 (4 68) 44 (35 38) (54 27 63 5 22 33) 20 (12 32) 26 (6 42 1 29) (52 13 58) 50 28 19 (25 21 55 61 41) 15
64: (64 38 19 55) (15 36 68 44 70) 4 (27 47) (52 35 58 23) 62 (21 59 29 54 17) (9 60) 22 20 (41 46) 1 (42 53) 37 (28 49 6 7 61 26)
65: 12 27 (69 36) 18 (2 20 15) (64 41) 26 (21 28 1 68) 34 (55 5) 8 (19 35 37 53 22) 67 (33 38 47 66 58 46 63 4 49 44 61)
66: (13 49 31 19) 44 (1 28 46 9) (58 15) (11 2 32 62 42) (68 67) (53 8 4 40) (60 61) (26 55 41 20) 18 6 45 (63 54 47) 35
67: (55 53 12) 13 (35 32 7 2) (42 44) 28 (19 58) (6 68 9) 47 1 59 (33 49) 21 (27 54 41 61 36 29) (10 34 22 20 62 11) 65 (17 26)
68: 36 (58 54) (3 9) (63 64) (61 10) (8 11) 21 (47 26 48) (42 50) (35 27) 55 (39 22 49 12) (46 28 19 41) (29 44 62 40) 59 4 (53 33) 38
69: (33 35) (28 20 64) (21 41 36) (58 53) (15 47 38 11 42 13) 63 (62 49) 48 39 59 4 60 2 (44 50) (61 32) (55 68 19 52 18)
70: (41 20 16 6 33) (34 8 1) (35 38 59 13) 47 (51 27 22 49 36 50 23 53) (4 61 17 28) 26 (42 55 62) (29 19 68) (21 54) (44 63) 15
