70 70
1: 51
2: 46 4 29 61 54 26 20
3: 47 61 41 64 39 29 45 67 51 69 57 40 70 6 65 1 11 15 27 62 34 46 59 21 48 10 32 23 14 36 19 54 13 43 12 37 30 63 4 31 49 50 3
4: 39 12 37 3 53 4 70 19 44 11 8 54 42 41 45 28 58 40 24 30 63 64 31 47 34 60 52 1 17 46 33 61 15 18 59 14 7 29 43 62 23 49 21 38 25 50 48 5 9 6 35 13 69 55
5: 65 1 5 38 56 42 44 49 32 8 21 48 60 15 2 19 17 24 50 41 33 69 36 68 52 34 20 31 57
6: 23 24 66 8 9 46 54 17 64 44 61 15 68 42 58 33 5 49 69 55
7: 38 35 61 26 60 18 16 27 3 20 50 40 58 21 17 41 2 36 48 23 43 29 31 44 4 25 63 5 47 9 64 10 8
8: 22 57 42 39 25 11 68 38 28 49 23 1 6 47 31 65 27 29
9: 36 54 3 63 2 20 52 57 29 11 46 66 16 32 5 58 14 7 69
10: 40 1 45 2 53 59 48 14 66 12 13 15 43 26 64 7 54
11: 43 18 15 21 10 4 14 54 58 28 3 41 29 46 50 35 62 17 26 38 60 48 51 33 12 56 27 24 1 22 40 31 8 11 23 19 9 16 42 34 47 70 68 59
12: 61 20 55 7 24 33 4 70 44 34 32 45 31 66 6 68 10 56 15 14 51 58 41 63
13: 5 37 38 27 44 9 1 7 59 30 33 45 43 13 21 56 50 19 53 42 6
14: 37 7 63 59 43 46 51 44 27 33 40 30 6 52 29 31 47 53 9 68 41 65 48 4 61 69 14 64 50
15: 13 59 9 67 20 5 1 48 36 10 49 37 16 66 27 24 69 4 46 11 28 54 21 25 44 18 47 34 68 64 63 61 55 15 14 23 62 12 70 51 2 17 29 43 31 56 22 30 58 19 41 52 38 60 32 40 35 42 50 7 3 33 65 26 39 57 6 53 8
16: 36 38 62 18 2 63 67 53 10 28 9 19 12 8 65 32 34 64 55 11 61 14 50 58 41 17 39 70 7 29 33 27 24 52 60 13 69 57 44 68 66 3 4 1
17: 37 7 12 36 57 51 63 3 24 49 5 55 25 44 29 54 64 17 60 47 13 22 66 42 68 45 39 10 53 41 21 58 31 14 2 62 40 11 6 35 32 50 38 20 4 9 70 30 15 56 46 16 43 27 18 26 59 34 33 23 69 65 28 1 61 52 19 48 8 67
18: 15 25 11 56 66 24 43 40 50 4 12 30 49 54 41 44 18 5 31 21 28 47 29 38 34 69
19: 69 37 42 23 63 38 30 53 27 21 9 67 60 19 16 5 13 10 58 11 51 6 24 47
20: 22 56 68 36 58 55 8 45 29 18 35 65 44 48 42 21 69 23 17 30 50 26 54 34 37 47 49 66 16 19 51 59 67 4 53 31 25 57 12 1 46 70 15 52 40 24 2 7 11 6 39 60 28 3 38 43 9 27 10 13
21: 32 51 58 43 63 17 9 59 30 35 26 4 65 12 25 37 16 53 38 56 60 23 31 39
22: 51 5 6 28 11 14 8 68 13 64 1 53 54 3 9 65 59 46 34 43 58 19 7 70 37 26 61 50 38 49 17 15 66 44 36 62 27 47 41 69 23 10 22 21 39 42 31
23: 58 2 56 17 35 24 54 22 41 70 3 18 51 64 11 6 14 28 40 48 12 49 32 10 23 50 55 26 33 68 69 47 19 61 8 63 38 43 16 9 21 1 60 42 15 36 20 4 65 39 62 37 31 30 25 57 5 44 59 27 66 46 45
24: 8 22 39 5 21 40
25: 26 41 7 37 10 38 31 4 57 50 70 36 13 60 24 19 44 58 63 54 29 39 21 27 8 67 45 69 18 5 48 56 53 62 59 61 42 2 12 66 68 35 40 43 17 16 28
26: 37 66 5 8 40 62
27: 47 13 17 29 64 65 68 7 24 55 44 50 53 59 12 26 20 46 39 21 28 70 23 27 11 14 9 31 36 32 5 22 48 38 2 62 52 3 45 54 25 69 60 43 18 41 58 4 63 56
28: 59 26 35 48 5 16 49 31 62 14 60 70 64 15 20 61 69 66 7 17
29: 22 67 55 61 10 43 69 65 45 52 33 47 38 19 41 25 68 32 21 9 20 51 31 66 36 2 28 4 54 24 14 18 40 60 35 44 56 48 7 1 3 57 17 8 27 12 39 63
30: 64 31 43 26 41 59 4 55 10 68 57 32 13 56 63 29 28 18 25 33 69 40 11 53 66 52 27 9 3 24 51 30 54 14 38 67 47 1
31: 10 6 38 64 63 70 29 53 25 5 22 41 47 1 43 21 44 54 2 32 4 9 67 48 51 35 61 65 30 58 45 13 27 18 52 55 56 3 33 37 16 14 68 31 66 24 17 39 69 34 57 20 19 36 46 23 7 62 50 12 15 11 59 40 49 26 28 60 42 8
32: 18 14 4 66 25 23 13
33: 54 7 64 33 48 66 65 38 29 31 43 14 25 11 9 23 3 10 57 47 39 26 60 59 6 68 8 34 52 30 12 15 45 27 41 13 44 53 56 2 16 22 1 19 20 62 46 24
34: 24 30 57 28 39 6 5 58 41 49 53 59 8 1 27 32 14 44 38 20 3 18 36 55 2 48 45 12 67 17 70 69 40 64 23 56 61 11
35: 30 17 33 27 47 22 12 44 45 2 24 6 16 21 56 35 64 25 70 46 8 48 67 51 61 20 63
36: 59 45 66 12 33 62 29 24 1 41 31 38 23 6 57 46 25 21 56 64 35 51 32 48 2 65 58 27 14 68 18 4 50 63 37 44 3 70 7 28 67 30 34 9 5 55 54 26 40 43 20 47 39 13 10 22 11 19 61 52 69 60 36 42 17 15
37: 60 8 35 64 52 53 43 63 46 30 36 25 4 62 69 49 47 11 42 20 6 51 45 10
38: 43 52 57 3 44 4 9 28 31 70 53 34 7
39: 65 46 21 12 27 32 58
40: 40 10 42 9
41: 68 13 29 17 10 18 5
42: 60 58 49 15 21 4 22 64 13 44 18 9 29 10 30 23 39 1 32 46 69 53 12 62 35 50 51 34 2 59 63 16 67 38 19 20 61 43 42 48 28 55 37 33 52 14 3 68
43: 11 70 49 4 10 39 36 35 37 65 57 56 28 52 48 13 42 32 69 58 43 66 18 64 23
44: 31 60 11 26 63 24 10 41 15 39 40 5 66 52 56 32 65 9 47 1 14 35 17 67 28 34 54
45: 53 66 54 41 21 24 63 51 30 9 34 5 20 39 3 44 23 27 42
46: 12 39 26 46 18 60 41 5 27 68 70 38 10 9 67 30 15 63 59 36 11 22 19 51 52 21 17 7 29 50 3 54 25 24 2 64 1 23 32 34 31 40 35 28 65 4 14 13 43
47: 52 68 24 54 66 42 38 43 62 63 23 34 57 55 35 25 29 12 36 70 51 32 5 22 9 10 41 7 30 65 56 4 26 44 17 47 11
48: 24 66 16 40 32 15 52 27
49: 5 51 35 64 53 12 56 8 7 37 23 25 29 33 9
50: 24 44 3 30 16 25 52 50 37 69 53 11 60 21 28 8 7 54 29 63 64 33 62 10 70 38 39 36 12 26 67 31 61 48 6 40 32 23 55 20 46 57 56 1 35 41 18 22 42 34 27 5 4 68 9 17 14 49 47 43 2 66 51 45 19 65 58 13 59
51: 57 47 45 17 2 46 14 16 24 20 12 26 10 63
52: 18 62 13 46 21 31 64 11 69 9 19 25 63 53 30 34 49 12 60 57 16 55 66 32 42 17 58 67 4 23 45 70 59 5 65 35 52 51 14 47 44 26 1 15 61 7 2 40 48 27 22 20 39 6
53: 45 59 27 56
54: 17 37 2 55 68 65 54 46 58 49 62 5 43 14 45 39 13 53 9 50 35 10 16 48 38 52 63 22 66 41 69 60 6 11 1 12 33 27 8 30 25 44 29 64 24 18 3 67 59 42 70 61 26 21 34 19 28 23
55: 40 66 24 45 11 15 6 64 62 42 56 26 8 61 9 31 7 14 20 28 36 48 38 1 59 47 55 27 25 57 68 51 37 5 19 49 35 34 2 32 4 65 50 21 67 10 13 23 60 30 3 22 17 54 52 70 46 39 33
56: 39 41 23 48 14 5 2 40 24 28 51 17 1 8 44 57 20 6 38 3 13 15 54 19 26 59 35 37 16 43 22 10 64 53 32 49 58 33 21 52 61 7 12 42 25
57: 31 20 18 64 62 47 50 26 10 61 43 16 49 45 12 30 55 63 41 70 68 14 13 5 33 69 40 23 29 38 6 52 19 60 4 65 34 1 27 42 3 44 59 24 57 22 15 28 17 2 56 32 46
58: 2 32 68 37 36 13 69 52 1 35 19 20 49 66 63 64 5 12 7 29 24 61 3 10 23 4 34 58 62 55 16 25 17 22 27 9 31 18 40 30 46 38 56 41 15 28 50 48 60 21 33 47 43 8 65 26 6 14 54 42
59: 49 44 2 3 18 53 41 20 40 19 22 67 59 5 43 13 6 37 55 12 48 45 56 24 8 50 32 66 17 29 31 61 21 65 47 60 11 58 69 14
60: 48 14 49 30 5 25 22 18 62 2 54 59 69 60 50 32 66 26 55 58 40 24 10 64 29 35 42 31 21 47 61 23 7 65 27 67 68 36 34 12 13 9 70 52 4 3 38 39 16 43 8 45 51 57 1 44
61: 28 47 3 5 39 6 27 67 24 44 65 7 57 61 22 37
62: 30 11 29 68 65 55 56 33 24 9 41 21 3 44 58 37 36 70 34 6 59 50 7
63: 45 32 35 39 44 47 25 51 13 10 1 55 66 70 30
64: 11 43 19 57 35 62 22 20 55 50 54 63 44 64 66 68 16 51 45 65 60 4 53 58 67 5 8 15 21 9 61 36 41 14 12 24 33 38 7 6 69 30 13 3 25 29 48 40 46 59 18
65: 53 20 47 64 1 19 24 56 26 49 25 66 7 33 31 21 38 68
66: 36 33 41 67 27 31 30 19 15 63 53 32 64 69
67: 41 57 3 23 39 33 46 24 22 5 49 25 17 67 11 16 66 63 31 59 34 2 37 19 51 38 45 8 70 62 29 58 53 61 26 43 12 60 20 14 7 52 69 48 36 18 32 6 40 21 1 35 68
68: 33 17 14 61 60 41 42 5 68 22 24 47 23 1 49 3 28 57 30 46 55 38 27 34 4 2 36 21 67 66 45 7 29 6 16 44 35 65 13 12 50 70 62 43 51 40 39 8 69 54 18 52 19 25 63 64
69: 22 10 39 54 15 70 7 56 63 23 8 13 2 26 9 38 60 67 68 6 69 62 25 33
70: 47 22 41 42 49 5 11 24 12 19 46 29 34 1 33 43 7 40 70 6 14 63 32 25 20 44 21 62 4 26 67 48 16 45 38 58 53 35 65 50 15 39 69 10 2 18 30 57 9 27 60 17 23 61 66
1: 30 (29 65) (60 58) (56 22 67) (46 55) (34 11) (68 3 44) 5 (13 20 16 36) (52 50) (23 31) (4 54 15) (42 70 17 33) (10 57) (63 8)
2: 25 (9 16 29 36) (17 27 10 35 34 52 56) (51 23 15 42) (59 67 54 5) (70 58 68 7) (55 50 33 60 46) 69 (31 20 57)
3: (42 16 56) (68 57) (58 55 46 11 50 31 17) (27 67) (62 61 20 36 64) (23 29 45 60 3 38 22 7 15 34 4 30) 54 (33 59 9)
4: 55 (30 3) 12 (58 42) (47 18) (14 11 15 23 7 64) (68 36 29) 43 (57 2) 60 (32 16) 52 37 31 (27 4) (17 20) (25 46 50 38) (70 21)
5: (41 44 9 60 61) (52 56 6) (23 27 64 50) 7 (28 47 19) (57 55 26 58) (49 25 17 54 67 45 24 22) (68 46) (18 59 70 31) 34 36 4 15 (13 5)
6: 54 69 (58 64) (20 8) (36 68) 52 (17 4) 50 (3 62) 22 (56 23 33 59) (14 15 70 19 55 12 35) (34 67) (61 31) (37 57) 13
7: (13 58) (52 65 69 25 9) (14 12) (29 22 33) 49 (38 31 10 68 46 20) (62 55 60 4) (50 16 17) (61 28 27 67 36) 64 (56 70 47) 15
8: 16 54 (24 31) (49 35 56 4) 15 (20 59) (58 5) (67 11 64) 60 33 (22 6) 23 (7 69) (26 25) (37 68) (34 50) 55 29 17
9: 49 (58 17 23) 4 (69 52) (38 16) 22 14 (11 55) 45 (15 33 46 64 27) 40 (47 30) (44 29) (42 50 21 60 36 70 7) (13 54 20 31) (62 19) 6
10: 69 (55 7 15) (63 20 17) (36 54 30 42 51 22 58) (57 19 41 11) (25 29) 31 50 (70 43 12) 40 (37 23 16 46) (56 47 44 60 3) 33
11: 16 15 (23 67 30 50 70 59 36) (9 4) 34 (33 22 19) (17 31 43 18) 8 (11 64) (3 55 52 47) (37 54 20 62 44 27 46)
12: (64 54 25) 60 70 (10 42 20) (67 18 51) 47 35 (36 33 50) 21 16 (68 57 34 29 11 52 49 15 3) (27 39) (17 59 58 31 23 4 46 56)
13: (41 69) 31 68 (64 42 50) 3 32 (15 4) 43 (63 13 57) 30 (22 58 60 59 56) (16 36 46 33) (20 17 25 10 19) (52 55 54 27)
14: (27 70 12 34) 22 (64 3 52) 57 23 (17 68 56 29 44 67) (59 4 28) (60 42) (16 11) 32 36 (46 33 31) (14 9) 10 51 54 15 (30 55 50) 58
15: 10 (23 44 66 4 11) (48 22 57 20 46 56 18) 5 (15 12) (31 58) (42 64) (3 17) (36 69) (6 52) (33 28 70 55)
16: (68 57 52) (25 33 21 17) (70 19 48 23 35 11 9 15) (51 64 7 54 50 31) (20 28 67 58 42) (56 60)
17: (34 59) (29 17 22) (44 7 25) (31 47) 52 (41 56 16) (55 28 46) 51 (50 20 58 4) (11 35) (54 5) (15 68) 57 67 (23 27 70 36) 21 6
18: 7 15 59 (30 31 67 4 11 43) 50 (64 42 16 46 54 23) 70 25 (29 58) 34 27 (68 57 41 36) 32 (17 20 60 18 52)
19: (33 25) (68 31 22 50) (46 15 66) (57 3 59 19 64 65 17 11 58 13 54) 52 (23 42 20) 4 70 (16 56 29) (5 55 36 67)
20: 7 45 31 (17 36) 56 (28 57 9) (35 37 52 58) 2 (50 65) (33 55 70 12) (29 67) (27 59 15) (51 5) 64 23 42 34
21: 5 35 (56 4 11 36) 25 (58 46 13 68 42 67 3 29) (65 19) 23 17 (62 54) 45 70 20 (50 59 15 55) (22 39 24 64) (27 7) (18 60 52) 31
22: 35 57 (47 59 11 60 20) (46 8 61) (64 23 15 55 56 36 68 42) (54 70) (33 31 22) (27 17) (24 69 50 29 67 58 52)
23: 36 (3 60 6) (8 22 54 7) (23 52 21) (56 17) (4 50) (19 67) (43 46 20) 47 (15 49 11) (45 27 68 58 32 33 55 31 70) (34 42 69) 57
24: (6 27 45) 68 (61 19 31) (11 44 67 20 62) (16 60) (47 12) (18 46 33 35) 17 (29 50) (59 30 57 56 23) (51 70 54) (64 15) (5 36 48 34 65 25 55 4 58)
25: 46 (56 54 63) (7 65 23 18) 68 (33 31 30 32) 58 17 4 (35 47 55) (52 70 27) 37 (20 15 69 64 67 21 36) (8 29 50) (49 60)
26: 33 (54 69) 46 (70 7 11) (21 30 58 36) (52 15) 50 (20 47) 44 (67 27) (31 22) (23 57 10 25 60 55 2 56 65 17 51 28)
27: (50 27) (7 30 8 60 20 66) (15 31 57 17 45) 22 19 (54 33) 29 52 46 (68 3 61) 11 (35 25 16) 39 (58 55 70) (14 23 13 53) 48 (36 34)
28: (34 20) 43 61 (31 36) (54 50 23 44) 27 29 (11 15 8) (42 55 18) (56 46 17 68 58 16 57) (4 22) (25 30) 38
29: (68 11 7 62) 4 (18 58) 31 (49 41 67) (8 20 70 25) (17 59 2 14 50 30 27) 60 (16 64) (42 46) (47 36 54) (9 57 15) 33 3
30: 19 (58 63 14 3) 52 45 (31 4 42 33) (62 68 36 46 57 47) (60 13 23 21) (70 37) (50 17 18 54) (35 66 20 34 64 30 15 55)
31: 38 (4 25 7 14) 21 15 (11 3 18 46 27) 57 50 (65 20 58 29 30 23) 28 (36 44 31) (5 59 66) (17 55) (22 33 60) (12 52 8 67)
32: 3 (27 34 21 70 47 42) 66 (43 56) (55 59 60) (57 30 67 12 39 9) 44 (63 5) (16 15 58 50) 52 (31 36 23 29 46 17) 48
33: 56 16 (29 12 68 50 31 14 35 70 15 69) (42 57 4 33 23) (49 17) 30 (66 62 5 6) (55 58) (11 67 65) 13 (54 36) 64
34: 33 (22 36 46 12 54) (31 47) 57 (15 50 70 60 62 38) (18 67) (5 11 55 17) (45 42) 16 68 (52 20 44) (3 58 4)
35: (54 42) (36 31 15) 21 49 (68 44 70 46) (23 28 63 55) 43 (52 37 4 11 60 50 67) (25 29) (35 47 20) 56 58 (7 17 64)
36: (17 22) (46 29 16) (27 60) (36 66 50) (37 3) (67 25 34 5 55) (15 47 58) 7 62 (23 43) 64 68 31 20 9
37: (42 22 62) (61 67) (17 36 50 54) 4 (49 3 31 25) (26 15) (13 14 59 58 21 55) (20 19) (23 56 43)
38: (70 18 69) 60 64 (65 15 57 54) 7 5 (27 22 55 16) (36 13 23 34 8) 67 25 (11 50 4 33) (68 42 17 30) 29 (58 20 31) (46 21 47) 56 19
39: 63 (20 29 17) (3 23 46 56 36 15) (50 55 42 24) (21 45) (70 8 16) 4 (27 33) (60 54 34) (61 69 31) (52 22 67 43 68 25 44)
40: 50 59 (30 67 11) (55 14) (46 56) (20 15 7) (68 44) 36 (24 26 34 70 64 3 23) (60 4) (48 31 25 58) (10 57 40 29) (18 52 17)
41: (46 34) (54 27 11 59 36 58) (50 68 57 64) (22 47) (7 25) 62 (67 29 31 12 17 16) (56 14) 30 (5 33 3 18 15) (23 45) 4 (70 44 66)
42: (31 19 5 23 54) (45 60) 50 68 55 (37 43) (17 40) (25 52) 15 56 (36 57 11) 70 (6 42) (4 13 8 20 22 58 47)
43: 23 57 14 (20 59 31 38 25 64 29) 58 43 (70 36 11 56) 13 (15 30 42) (17 54 18 22 67 27 37) 50 (7 4 10 60 46) (21 47 33 68 3)
44: (56 29 62) 33 27 (61 52 31 63 64 47) (36 25 59) 57 (12 23 60) (34 35 50) (42 20 18) (6 7 15 4) (22 14 54) (38 13 16 68 70) (45 5 17)
45: 52 50 35 53 (36 12 70 29) (25 54) (68 57 63) (60 37 64) (13 17 33 67 55 27 31 10 59 20 23) 3 51 4 34
46: 36 14 (70 15 33 67) (11 22 55 31) (4 9 58) (27 35 57 54 42 23 2 37) (68 51) (3 20 17 50 6) (46 39) 52 64
47: (17 37) 61 (15 65) 14 57 (22 52) 59 (36 47) 18 55 60 (11 33 8) (58 63) (23 19 29) (44 35) 51 (70 3) (4 31 68 27 30 20) (7 50)
48: (25 27 70 56) (28 17 29 23 11 31 54) 59 (64 50 33 7 52 4 42 55 20 36 58 43 34 3) (60 67) 14 (15 35 5) 10
49: (57 5 70) (59 42 34 60 17 28 20 50 37 58 31 56) (22 23) (6 67 55) (68 15 65 54 18) 3 (43 8 52 4)
50: 60 15 (23 70 7 11) 22 (62 14) (42 46) (17 31 20 3 18 55 4 59 68) (58 50 16) (64 57) (5 25 54 36 13) 27
51: (21 15 49 64 36 23) (31 52 22 35 11 42 50) (1 30) (67 20 29 37) (56 46) 47 14 (45 68) 12 (17 63 19) (60 3 55)
52: (29 56 27 57 38 14 50 67 33 52 9 48) (44 17) (36 47 55) 46 31 (54 30 68 58) 16 (15 20) (43 4) (42 5 60) 37
53: (52 42 66 59 14) 37 (4 34 10 21 56 17 50 25 19) (64 70 65) (38 22) 54 (31 67 20 33) (27 15 49 13) 16 (30 45)
54: (30 10 27 15 25 64) (56 2) 44 (3 69 20 23 36 11) (60 58) 4 (17 46 54 33 18 50) 22 (47 6 45) 9 (29 55 68 31)
55: (50 55 57) (17 34 16 60 4 31) 6 54 12 (52 68) (63 15 47 42 62 59 20) 58 (64 23 27) 30 (36 29)
56: 30 15 (18 49 12 53 55) (13 5 58 50 43 23 31) (44 17 62) 20 (36 27 47) (25 59) (33 21) 11 (34 65 35 29 69 57)
57: (60 67) 31 (5 51 47 29 50 38 20 17 15 52 3) (34 8) (9 16 30) 23 (25 61 57 70 68 56 64 43 36 55 33)
58: 9 (12 16 27 34) (22 58) 54 (67 7 64 60 59 36) (25 39) (43 42) (70 20 56 31 52 11 50 6 23 19 4) 21 17 (62 15)
59: (56 62 42) (59 22 27 21 31 25 17 20 67) (36 53) (28 54) (34 64 55 30) (46 3 10 11) 14 4 57 (23 60 15) 33 (52 13 50)
60: (11 59 33) (19 69) (68 7) 31 (42 57 20 64 17 54) (28 23) (70 58 37 52 50) 16 5 36 55 67 29 (27 15) 4 (60 21) 44 (46 25)
61: 16 (42 61 50 58 67 56) 60 29 (2 59 23 22 28 15 4 68 25) (12 14) (64 54 17) (31 7 57) 34 (70 35 3) (36 6 52 55)
62: 4 28 47 (58 15 3 11) (68 67) (60 52) (25 17 31 70) 33 55 (36 57 23 42) 16 (54 50) (27 26) 64 69 37 22
63: (46 9) 37 (7 54 42) (67 29) (45 57 35) 69 12 36 (44 23) (17 66 14 16) (58 68 64 15 25 21 4 30) (47 3) (19 51) (27 52 31) 50 70
64: (4 50 34) (22 35 60) (64 7) (6 28 33 30 31 3 57) (55 36 56) 49 52 (14 42) 16 43 15 (37 54) 23 (46 58) 68 17 66 27 (65 10)
65: 8 (70 43) (52 47 61) (59 54) (62 31 3 36 39 14 46) (50 17) 22 (23 27 29 68) (16 57) (15 33 55) (5 58 20 64 44) (60 21)
66: 6 (10 67) (63 25 17) 16 58 (22 26 15) (47 68 18 52) (9 36) (12 23) (45 59) 64 (50 55 43 29) (70 33 32 60 31 28) (65 44 54) (48 30 20)
67: (29 31) 34 (66 15) (42 52 70 54 68 35 17) 60 (19 44) (30 46 67 16) (61 36) 25 (20 59 55) (64 69) (50 3)
68: (69 68 17 50 47 54 65) (31 15) (30 23 62 33 57 20) (60 41) 14 (22 55) (25 46 27) (16 58 29 64) 6 5 (8 42) 11 (36 67 12)
69: (69 68 17 57 67 52 6 70) (9 27 3 14) (31 25 54) 29 (22 34 23 50) 66 (64 5 30 20) (59 19 60 28) 42 37 4 (43 18 58) 15 16 36
70: (36 27 43 67 16 63 15 3) (12 69 17) (20 70) 23 (57 52) (47 31) 38 (60 34) (35 22 11 62 46 25) (68 50 54 55 28 4)
