70 70
1: 55 23 57 28 31 38 25 2 56 48 16 24 35 39 42 65 22 37 67 27 13 69 50 49 52 66 61 33 51 60 3 43 68 15 45 41 26 12 1 59 4 53 40 6 58 14 7 34 47 29 30 64 9 10 62 54 11
2: 62 16 20 58 55 36 56 44 43 5 9 32 70 57 50 35 30 19 47 24 14 69 15 22 64 48 7 31 51 52 12 54 66 39 49 40 63 33 60 11 2 8 28 38 67 25 3 68 37 42 41
3: 26
4: 55 3 7 70 60 68 42 28 20 11 56 22 52 65 39 61 40 6 23 47 38 9 67 53 15 69 37 34 2 26 36 45 4 25 35 31 32
5: 61 30 40 14 9 64 19 29 25 13 42 28 39 43 21 55 63 36 26 20 34 27 10 35 53 11 57 70 1 12 62 48 32 51 68 16 8 45 38 69 41 52 15 67 3 58 23 5 46 24 66 33 54 60 56 2 37 65
6: 27 8 15 28 55 10 65 25 3
7: 49 35 70 1 29 3 18 37 23 46 28 21 48 62 68 20 47 61 7 43 57 63 59 55 26 41 2 64 56 30 4 44 45 54 8 17 38 15 42 60 40 66 12 6 27 11 52 36 19 51 5 10 25 39 69 13 24 22 34 32 16 9 33 31 58 14 67 65 50
8: 36 24 2 21 42 12 52 44 57 20 3 66 33 65 43 67 16 30 64 26 61 31 17 32 19 68 49 23 62 47 13 51 1 4 40 45 48 50 39 5 70 22 15 38 59 63 11 58 46 34 35 37 8 41 14 69 18 53 28 10 7 29 27 56 55 25 6
9: 35 18 24 28 5 41 8 47 27 13 65 10 59 64 19 61 46 53 16 2 7 26 21 32 29 4 69 25 55 36 34 68 45 70 33 66 58 48
10: 54 40 28 61 52 14 62 46 47 3 10 49 25 29 37 7 6 13 15 65 44 21 1 66 9 30 22 45 8
11: 13 56 10 52 63 50 67 19 30 68 2 40 48 38 20 54 3 45 69 39 12 57 4 58 35 25 28 36 1 51 15 21 23 46 16 9 6 43 64 7 66 24 59 31 53 49 62 22 8 26 32 42 33 61 44 47 37 60 5 41 55 14 27 18 65 17
12: 19 1 62 12 61 56 66 64 68 9 65 25 58 11 52 60 53 7 50 69 14 31 46 36 18 17 24 2
13: 47 66 39 50 4 56 70 52 62 60 40 38 3
14: 30 57 21 23 29 41 24 51 2
15: 42 17 27 10 61 26 29 2 54 6 45 19 3 20 51 28 11 52 63 53 49 59 44 23 40 57 56 31 8 48 55 47 60 4 25 32 5 1 13 65 34 36 68 18 14 12 16 22 35 58 46 9 69 64 38 41 67 66 7 70 39 43 21 62 30 33 24 37 15 50
16: 61 35 44 52 34 68 41 22 54 51 47 32 14 58 10 31 40 2 29 48 3 69 46 66 70 8 5 18 33 19 21 24 60 11 67 26 15 62 65 16 9 6 56 17 36 42 7 27 1 30
17: 64 53 59 35 50 2 40 9 61 63 52 3 22 30 46
18: 65 7 55 31 32 64
19: 34 55 36 41 45 11 54 66 14 35 26 31 3 27 32 58 12 16 67 19 15 48 57
20: 37 46 55 31 48 12 11 14 5 60 1 54 36 56 34 27 51 70 9 32 33 52 38 44 15 40 6 39 68 50 25 59 30 20 69 8 63 43 19 29 62 16 23 13 49 10 47 7 17 66 45 21 58 42 18 65 2 35 4 57 64 53 67 26 41 24
21: 70 65 48 46 40 14 44 20 57 66 29 39 9 31 35 63 28 54 41 12 8 58 21 6 7 30 32 2 1 62 51 15 13 38 23 33 25 5 42 22 49
22: 64 69 32 41 52 47 66 18 14 45 31 40 70 67 61 63 54 36 57 55 29 51 15 13 11 42 34 4 16 25 37 46 39 22 1 9 50 10 43 49 3 60 62 58 2 19 17 27 28 38 20 48 68
23: 35 8 36 70 62 3 20 61 22 45 5 26 17 59 23 33 21 39 28 13 29 58 27 2 69 11 44 42 25 53 31 49 46 56 1 52 54 18 12 48 55 40 10 24 38 68 34 30 37 9 63 6 19 32 41 4
24: 65 15 25 32 3 46 6 35 5 54 1 4 64 9 41 29 56 50 61 70 44 59 37 31 16 57 14 42 13 49 62 51 8 7 28 11 17 67 60 30 22 36 68 63 23 39 58 43 66 12 45 20 27 53
25: 2 24 51 50 46 11 8 38 22 52 37
26: 15 25 28 35 21 46 19 51 61 3 31 24 9 64 45 49 34 1 65 69 39 63 58 12 53 50 16 13 14 60 36 52 37 20 67 7 43 59 44 66 23 32 30 62 70 27 68 40
27: 15 37 7 28 8 53 68 41 49 12 61 70 17 69
28: 26 21 34 68 32 50 12
29: 28 3 20 45 61 10 9 25 8 65 52 4 17 33 60 21
30: 69 55 2 33 36 14 66 67 5 19 37 48 70 3 63 24 58 29 47 21 7 4 62 25 51 26 13 57 49 8 39 17 22 28 20 31 15 64 11 35 68 44 23 50 9 27 43 1 65 59 38 45 61 52 10 12 53 30 54 40 46 16
31: 53 5 19 65 3 36 2 38 67 69 57 26 50 58 14 24 6 42 35 31 10 17 1 7 51 45 11 39 20 34 22 43 25 49 64 62 15 70 4 32 48 18 21 44
32: 15 54 11 70 1 2 28 39 18 58 61 4 12 53 31 36 13 63 7 8 47 26 67 30 3 6 42 66 24 5 56 64 45 21 62 17 14 48 29 60 55 57 52 20 23 9 46 43 38 32 69 10
33: 64 53 50 32 34 5 35 65 4 43 13 58 56 46 57 41 6 33 40 15 30 66 68 25 45 70 23 69 55 19 47 18 44 62 49 3 38 1 27 9 26 31 2 8 48 39 20 42 28 10 37 24 29 21 67 54 61
34: 27 58 37 21 63 34 47 42 26 24 61 10 33 32 49 50 12 6 53 38 15 7 70 28 60 22 11 19 67 66 9 54 16 1 8 56 64 14
35: 27 18 66 44 56 55 3 1 70 4 52 10 38 12 53 20 43 33 17 59 37 39 35 19
36: 18 33 12 34 5 16 39 37 15 47 45 64 30 8 11 58 46 29 24 49 17 55 21 54 35 43 31 66 22 50 65 57 26 4 70 59 23 61 48 60 3 69 14
37: 19 4 15 59 44 16 43 34 18 22 39 29 41 13 9 31 32 65 11 56 36 26 50 8 67 10 20 46 48 55 47 45 54 64 7 60 12 53 57 2
38: 7 33 2 43 66 26 9 6 55 52 36 10
39: 39 57 66 29 23 3 4 43 68 32
40: 9 52 15 31 24 10 7 51 28 14 1 21 35 11 55 54 5 62
41: 50 8 17 27 43 66 64 36 39 20 44 40 26 11 32 57 6 7 55 5 12 58 22 49 68 61 25 33 29 21 48 31 38 70 42 13 35
42: 67 56 52 11 16 35 69 1 19 63 65 42 32 23 40 37 62 41 50 55 51 49 18 36 44 24 58 30 9 8 6 2 13 4 59 22 61 45 34 43 15 12 38 57
43: 48 63 19 47 59 1 5 16 13 35 8 24 54 56 60 25 27 29 67 40 45
44: 51 69 63 2 13 9 65 29 17 45 67 5 19 6 24 49 35 37 31 27 60 66 32 36 8 30 53 39 47 28 20 3 61 62 34 12 57 46 4 40 58 16 44 1 18 14 11 43 26 22 52 41 54 42 10 23 7 59 38 56
45: 11 60 18 50 16 3 32 41 51 5 54 65 39 57 70 28 61 44 24 33 29 2 56 43 4 20 13 14 30 8 42 26 27 55 37 1 47 17 59 38 66 22 25 49 35 12 63 64 67 52 53 46 40 68 6 9
46: 58 52 15 5 38 53 49 6 19 56 70 39 23 11 63 3 68 69 24 61 42 43 31 66 45 64 60 55 54 67 46 29 1 21 16 40 18 44 14 37 22 34 62 26 36 59 41 30 8 13 2 50 57 27 20 47 7 28
47: 57 19 33 20 54
48: 3 54 8 50 38 33 69 58 41 35 23 60 65 52 20 18 53 45 64 31 11 13 46 34 44 49 14 63 66 67 19 1 51 37 48 68 5 55 24 39
49: 21 45 47 55 29 35 62 28 68 66 56 69 43 54 10 30 4 2 7 5 17 67 6 12 19 53 57 50 25 16 63 34 32 8
50: 32 21 55 36 25 7 49 46 38 19 70 12 2 60 30 18 47 15 29 54 64 6 35 58 45 69 16 48 3 26 8 67 42 27 22 1 68 13 31 9 10 66 63 65 57 41 40 28 43 14 39 11 37 23 56 51 53 20 59 52 33 61 17
51: 24 43
52: 32 56 34
53: 15 65 70 1 31 41 56 12 21 55 17 19 48 6 16 5 11 40 33 67 66 54 49 13 22 23 35 63 9 32 45 4 36 51 8 69 18 37 60 34 2 3 52 46 61 68 29 53 10 39 42 30 24 62
54: 66 65 36 4 32 49 40 7 33 24 13 15 34 61 69 18 54 22 35 63 9 44 10 39 57 70 47 19 26 16 48 20 14 25 56 43 41 53 3 45 60 50 2 21 27 58 28 6 8 64 29 42 37 46 5 67
55: 66 32 31 55 62 47 46 36 60 6 52 4 19 48 51 26 1 56 14 15 42 27 23 33 35 2 8 10 11 18 21 70 50 24 22 37 57 44 13 69 68 20 16 5 9 17 43 7 49 64 41 28 53 12 45 34 54 38 25 40 39 58 3 59 30 67 65
56: 52 26 51 43 50 56 58 67 49 54
57: 44 67 22 8 54 20
58: 17 31 5 43 7 52 3 65 37 24 11 58 70 13 47 48 68 61 26 69 44 23 35 32 41 12 22 30 67 20 29 39 2 27 54 60 28 4 6 25 36 21 62 57 64 38 10 9 51 49 15 34 53 19 56 14 55 8 40 45 18 42 66 1 50 59
59: 46 63 70 28 5 7 29 42 35 36 64 24 8 13 54 34 3 21
60: 27 6 44 40 5 61 50 57 55 12 53 67 7 68 42 49 31 11 34 17 15 37 66 69 2 36 13 58 30 33 1 19 28 43 64 39 3 48 4 20 21 59 9 24 41 51 18 23
61: 21 49 12 70 65 4 30 46 62 13 67 45 14
62: 62 2 23 70 35 28 55 13 22 10 32 15 33 56 16 49 64 5 46 24 1 18 66 31 20 14 60 36 41 4 27 9 63 67 52 38 17 47 53
63: 11 69 59 31 36 37 32 61 49 16 22 1 63 8 7 40 27 43 23 30 66 12 14 53 65 42
64: 52 61 62 64
65: 63 10 24 23 38 58 12 41 57 65 7 16
66: 24 13 32 61 35 20 30 68 12 34 31 25 47 60 33 2 54 3 15 21 26 10
67: 3 43 68 53 67 56 32 47 20 17
68: 17 33 70 37 14 24 20 35 38 22 58 46 19 12 61 53 5 51 27 68 2 13 11 18 29 25 10 63 16 50 39 28 44 30 52 34 69 64 6 49 8 41 59 7 56 4 48 3 65 55
69: 21 18 24 2 12 25 11 45 68 52 34 46 43 36 10 26 9 55 30 49 51 19 66 37 40 6 65 50 4 47 48 44 14 56 62 58 35 28 1 32 67 7 15 64 8 33 3 5 54 22 60 16 57 13 39 20 29 23 27
70: 58 14 51 29 61 32 1 47 30 55 44 13 38 27 12 42 36 24 34 15 50 16 57 39 9 68 62 5 43 69 26 20 10 28
1: 42 8 (35 60) (44 12) 16 (32 48 46) (26 63 62 24 34 69) (53 40 50) (5 15) 1 (30 33 31) 23 (43 7) (20 45 55) (11 58) (10 70) (21 22)
2: (5 49 11 12) 4 20 (44 16) (46 69 32) 53 30 (50 33) (54 45 23) (66 1 17 15 21 7) (22 25) (58 60) (31 42 2) 38 (62 55) 68 (14 37 8) 9
3: 45 32 (26 13 23 8) 39 (35 53) (46 5 68 59 15 16) (10 33) 54 22 11 30 (48 19) (58 36 1) (7 60) 29 (4 67 66) 2 (17 31) (55 24 6 44 69 50)
4: (4 33 53 22) (55 54) (61 15) (23 20) (29 45) (13 31) 24 (9 37 1 69) 36 30 (60 11 58) (35 44 42) (32 68 62) 8 (49 7 39)
5: (69 21 53 55 24) (33 31 2) (70 62) (45 23 30) 8 60 (48 16 15 9 32) (68 20 40 49 44 36 43) 46 11 (41 58) 5 (59 7 54)
6: (49 31 53 46 1 38 69 32) (4 23) (20 45) 60 15 33 (7 10 58) (55 24 68) (44 16 54) (42 21) (11 41 8 34) 50
7: (7 24 10 50 37 30) (32 38) (58 16) (27 60 65) (59 55 44 12) (18 15 9 4 31) (1 69) (34 20) (41 63 54) (46 11 21 49) (40 68 26) (2 8)
8: (49 7 48 58 33 59) 23 (20 50) (15 57 5 2 41 34) (32 8) (68 63 46 11) 21 (53 30 24 55 45) (6 36) (16 54 10 42 29 25 37) (27 9 44) (69 43)
9: 10 32 20 23 (62 22 44) (54 60 16) (12 26) 34 (55 70 29 21 15) (45 38 37) (42 2) (30 33) (5 50) (4 17 53 69) 40 (11 7 24 58) 1
10: 50 23 (44 5 11 29 30) 40 35 (15 58 22 53) 16 (33 37 7) (62 66 49) (31 9 20) (32 69) 8 (38 1) (6 65 70) 10 (68 55 34 54)
11: (53 15 24 69) 20 7 19 (22 46 60 41) (5 16 4) 1 55 (50 2 68 30 45) (25 12 63) (37 40) (44 32 36) 8 31 42 48 58 (34 23)
12: (8 34) 45 36 (30 24 28) 61 (26 2) 55 19 53 27 (37 65) 12 (7 50 60) (66 21 63 69 49) (15 58 1) (11 44 5 23) (41 70 35 42) (68 20 32)
13: (46 42 20 15 50) 5 48 44 30 (8 24 55 37) (22 60) (62 23) (1 61) (10 54) (68 53 33 70 45 58 21 26 9 11 69 32) 66 (7 43 59 41)
14: (46 32 70 30 24 54 5 20) (2 7 22 69 31) 15 (8 48 21) (40 11 19) (16 50) 58 (44 1 34) (68 55) (63 12) (36 10 45 61 26 62)
15: 16 (42 15 40 32 7 66 69) (70 4) (6 1 22) (21 50 31) 36 11 (20 5 54) (27 30) (58 26) 2 (46 53) (8 33) 10 34 37 (62 24 19) (55 60)
16: (20 24 69 55 5) (37 8) (34 26 7 2) 16 (50 1) (44 46 30 65) 42 (15 43) (36 19 62 11 22 9) (53 68 45) 49 (70 63) 54
17: 12 (7 22 29 60 67 32) 15 53 (8 27 35) 68 (45 58 20) (50 49) (30 62) (11 16) (24 44) (31 36 23 55) 41
18: (48 45) (32 16 42) (46 15 58 11 60) 62 (35 22 20 50 36 7) 37 23 (55 9 33 53 31 69) (68 54 12) (8 44)
19: (9 37 15 46) 19 (34 54) (12 44 8) (48 42) (55 31) (47 50 22 11 43) (5 30) 16 (49 60 53 2 7) 26 20 (68 33) (58 23 69 35)
20: (41 66 67) (50 48) (31 20 26) (68 70 69) (23 33) (47 37) 29 22 24 44 35 (2 45) 11 32 46 (21 15) 5 4 (58 62) 7 (54 57 55 30) (60 8)
21: (61 16 58) (54 46) (9 5 69 40) 15 49 21 (7 59 14 50 11 29 20 55 36 53 34 26 66 33 28 41 60 8 23 32 10) (31 30)
22: 30 44 (31 17 16 46) 34 (22 24 57 53 50 63) 68 (54 4) (55 58) 8 (21 11 15 42) 7 41 (69 25) (37 45) 1 (62 2) 10 (23 36)
23: 36 (44 53) (32 1) (63 62 24) 15 (8 58) (65 7 30 46 21 11 48 55 5 4) (33 26) (60 50) 20 42 (23 14) 39 69
24: (58 48) (40 66 11) (15 53) (46 68 30 8) (51 23 62 44 31) 69 (59 70 2) 33 (20 45 12) (1 55 7 43) (42 9 14) (32 65 26 54) (5 60) (36 34 25 16)
25: (8 7) 66 (15 4) 12 2 (50 49 69) (24 58 68) (31 9) (45 11) (21 1) (55 5) (29 10 30) 43 (26 6 23 33 41 22 54) 20
26: (58 15) 38 (1 20) (8 32) (16 45 5) (50 31) (55 23 28 41) 70 56 69 7 19 36 37 44 (30 33) (11 46) (34 3) 9 (66 4 54)
27: (11 5 69 6 41 50 44 58) (60 55 7 20 68) (15 54) 24 (33 9) (19 8) 63 (70 46 30) 45 (35 26) 62 (23 43 22 1) 16 34
28: (45 1) (6 55) (68 44 58) (23 22) (50 29 40) (49 46 33) 34 60 (62 54 32 9 2 8) (11 4 59) (21 70) 10 7 15 (27 24 30) 5 69 26
29: (49 24 1 32) (5 54 9 58) 45 41 (39 70 46 20 14 37 10 53 15) (68 43 30) 36 (23 8) (22 50 69) (7 44 21 16 33 59)
30: 69 68 66 (58 44 24) (30 42) 10 (55 60) (5 70) (33 8) (61 49 63) (46 16) 53 21 (20 17 36) 7 14 (26 50) (23 1) (11 2) 15 (45 32)
31: (58 26) (62 21) 55 46 (24 30 53 4) 2 (32 41 48 16 12 23 8 18 31 11 37 1) (15 60 44 33) 19 (20 66 40) 63 (22 7) (50 36)
32: (7 5) 26 (70 8) (33 42 19 49 21) (62 45) 58 (22 15 20 28 50) 39 (37 63 54) 55 (53 4) (18 67) 11 66 23 52 34 44 (41 32 24 2) 69 (16 31) 9
33: (54 15 5) (55 7) 47 20 (45 41 33 9) 16 (2 69 11 23) 35 60 53 29 (34 1) 30 (50 38) 66 (21 68 48) (36 62) 8
34: (33 19 48 4 9 20 22) (42 16 26) 68 (46 55 5 8 36 34 70) (69 53 54 1) (52 15 23 37) (60 66 28 31 58) 59 (44 7 49)
35: (1 33 2 21 68 5 8) 7 59 49 (9 11) (24 53 35) (54 55) (69 30 66 26) 15 (50 43) 20 (58 62 44 17) 45 (42 4 41 48) (36 23 19 16) 40 31
36: (11 12 53) (46 7 37) 42 (50 54 15 23) (2 8) 5 59 (20 41 63 55) 4 (16 26 22 30) (70 44) 9 (69 62 38 31 19 58 24) (32 60)
37: 48 69 (60 7) 55 63 (50 15 5 27 22) (68 24 2) (53 42) (54 45 58) 36 (4 8 44 11 33 26) (46 23) (10 34 20) 1 25 35 30
38: (31 5) 32 68 (55 4) (23 13 20) 7 (48 30 45) 11 (25 15) (44 41 1 22 8 35 70 42 65) (58 50 62 2 21) (46 33) 34
39: (54 21 20 69 11) (31 44) 60 (50 13) (4 36) (46 35 7) 58 (33 1) (5 48) 2 32 (39 53) 24 15 (23 8 70) 22 (26 41 30 37 55) (68 45)
40: (8 53 30) (20 10 45 42 63) (33 13 54) 43 (17 58 44) 55 (1 26) 11 (46 21) (7 69 41 15 23 16) 50 (5 60 2 4 22)
41: 50 (5 11 7 62 14 53 46 20) (9 33 16) (65 22) 37 (68 27 42 8 58) (24 48 21 19 60 15 45) (2 23 44 1) (55 54)
42: 54 (63 46) 59 (60 7 20) (50 34 41) (5 33 44 22 21) 45 23 11 (15 70 32 42 24 1 58 55 31) 53 (16 2) (8 4)
43: (55 41) 24 (1 60) (50 63 2 7) 26 (56 30 32 37 33 36) 46 15 (67 5) 31 (45 51) (22 8) 42 (20 49) (35 54) (38 69) (44 58) (39 11 70)
44: (11 44 54 23 10) (60 20 46) 57 45 31 (37 55) (68 41) 35 (26 21) (69 33 24 42) (16 8 30) 2 (70 15 48) 58 7
45: 61 (30 1 24 19 43 23 46) 44 (36 53) (11 37) (50 9 48 58) (32 5) (54 8 31 15 49 29) (42 69 4) 22 (26 10 7 33 20 55)
46: (17 24 45 59) 21 26 (32 7 50 55 15 62 44 33 10 23 61 68 48 20) (5 69 36 11) (53 12 37 46 25 8 22 30) 16 54 9
47: 33 (1 67) 15 16 (32 2 8 70 69 13) 62 7 36 (37 34 20 45 44) 30 (11 4) (46 50 55 49 66) (54 22 9) (10 58) 43
48: (32 21) 60 (16 1 69 22 2 53) (33 30) (7 37 11) (9 19 23 55 54 58 43 5) 8 31 50 (48 36) 41 (15 68) 20
49: 48 33 (60 24 62 56 36) 55 (53 1 15 45 10 30 58) (22 20 26 34) (27 46 44) 63 42 68 (7 50 23) 2 (54 8 11 69 61 41 31) 21
50: (31 26) 28 34 (15 56) 8 69 13 (45 24 11) 48 (20 1 58) (30 68 33) 22 (55 12) 70 25 (60 37 7) (36 42) (41 54 2 46 17 49)
51: (1 44 69 11 42) (15 55 50) 70 14 (30 60 53 8) (68 24 48 22 40 31 45 20) (58 25) (7 21 26) 16 5 (2 56)
52: 35 (53 44) 12 62 (64 32) (10 29 50) (4 55 58 42 38 26) 17 11 (56 5 13) 7 (45 16 1 20 8 15 22 68 30) (48 40) (2 69 46) (23 25)
53: (31 44) (67 46 30 9 20 48) 34 (35 4 5 54) 23 27 (37 68 63 53 12 17 55) (15 58 1) (8 26 32 50) 24 (49 60) (11 33 45) 62
54: 23 (2 48) (45 30 32 11 55 53 36 34 19) (21 69) 16 59 (22 50 43) 37 (7 10 44 33 57 47 54 56) (66 5 20 49 24 15) (58 40 1 46)
55: (45 8 7 22 1 33) (37 49) (18 30) 32 (40 62 60) (48 2) (23 11) 35 (42 70) 20 (5 19) (9 53 15) (58 69) 38 (41 4 50) (55 46 68) (6 36)
56: 35 (5 11 44 52 23 68 69 53 42 45 56 7 43 4) (34 16) (13 2) (32 67) (1 12) (58 15 50 54) 55 (46 37 24) (33 49 20) (62 8)
57: 37 46 11 (65 22 41) (14 36 2 58) (39 20 1 42 19) (7 60 44) (30 69 45 21 54 55) (47 5) 32 31 (70 15 8) (50 24 33) 49
58: (70 22 36 19 32 5 24 58) (8 11) (34 50 41 15) (12 33) (65 21 31) 1 42 (46 54 60) (9 26 55) (16 30 20 56 48) (68 44) (7 69) (2 23)
59: (8 1 23 58 46 44) 9 45 30 24 (20 63) (15 17 7 26) 43 (60 42) (36 50 11 55) 37 (35 68)
60: (12 69) 15 (7 66) (26 54) 20 (16 55 48 46 22) 45 (11 2) (1 44) 37 24 43 58 53 4 (62 34 32 36 29 5 13 50)
61: (63 10 70 7) (60 58) 54 (5 53) 11 23 (1 33) (41 30 26) 8 (32 17 45 66 50) (27 68 36) 29 (64 24 46 44 9 16) 12 22 15 (42 4 34)
62: 53 (58 69) (26 32 30 16) (22 55 42 62 13 7) (12 1 20) (15 70 2 23) (11 61 8 49 33) (5 31) (44 24 46 10 64 40) 21
63: (15 54 48) (62 53 2) 34 (68 45 26 22) 20 (46 24 30 17 8) (63 21) (32 59 5) 42 7 (49 43) 50 (23 11 44) 65
64: (8 31 2 1 48) 54 (17 20) 15 22 18 (60 59 62 32) 30 36 (12 9 37 7 33 11 58 26 5) (34 68 55 45 24 64 69) 46 50 41
65: (33 4 1 24) (11 26 58) (9 6 42 50 20 45) (63 44) 65 (36 69) (30 15 68) 5 (21 16) (54 61) (29 18) 53 8 (31 37 48 7 12) 55 10
66: 41 (60 13) (44 32) (21 62 26 10 2 54 55 24 5 9) 35 (11 50 38 63 33 39 7 30 48 46 45 16) (1 15 34) (53 19) (22 69 12 49) (36 58 8) 20
67: (56 58) 60 4 11 (1 48) (16 8) (30 19) 43 42 (7 53 26) 22 24 (32 33 57) (46 50) (5 61) (34 20) (69 44 49 62 2) (54 55 37 31) (15 45) 67
68: (1 69 46 5 68) (26 12 48) 49 22 7 (66 24) 28 (11 50 70) 15 30 (4 23) (55 33) 2 (20 9 16 60 27 8) (45 53) (41 39) (67 58)
69: 50 (63 31) (36 49) 58 (27 46 23 9) 33 (2 20 26 60 1) 22 (15 12 42 55 32 68 5) 7 (11 8 54 4 16 44) (30 53 48 70)
70: (54 59 5 22 16) 21 (31 36) 20 (45 55) 35 4 (2 8) (46 7 62 30) (13 53 15) 27 (32 61 26 58 41) 33 (50 9) (68 34 24 23)
