70 70
1: 10 26 64 2 5 20 42 11 14 16 58 40 23 15 67 25 69 39 60 7 31 18 6 55 33 24
2: 52 2 68 44 33 28 54 58 4 66 42 62 40 38 47 56 70 1 21 29 9 60 11 43 63 7 24 49 13 55 12 41 46 3 18 30 15 50 61 31 22 27 51 36 34 35 65 57 59 45 10 39 32 48 26 17 67 37
3: 47 61 20 66 27 44 8 19 16 33 12 59 21 17 4 43 41 22 10 34
4: 59 53 65 25 9 61 16 35 57 36 47 19 37 30 28 15
5: 4 22 51 65 52 19 58 25 20 55
6: 58 16 27 44 64 14 45 61 53 31 15 7 18 13 46 28 47 12 39 33 10 22 21 25 59 62 60
7: 66 43 8 20 10 22 44 42 62 49 39 15 45 26 54 55 13 1 48 17 52 65 36 70 14 50 24 53 31 67 29 33 21 3
8: 22 25 58 34 38 46 69 48 56 43 50 23 35 11 61 16 21 17 53 31 37 49 39 40 45 18 68 8
9: 25 47 39 3 32 45 54 66 64 60 67 63 50 15 41 70 1 29 35 58 20 46 4 19 5 48 55 27 43 6 14 22 11 40 12 16 7 8 59 9 56 17 65 30 36 2 62 69 18 53 28 24 42 33 51 26 49 23 31 37 10 38 61 52 34 21
10: 48 3 41 53 50 54 66 56 60 33 12 20 18 58 23 9 69 1 63 14 22 30 35 21 11 59
11: 67 41 56 51
12: 55 2 68 27 17 18 49 58 36 45 61 23 56 54 37 63 16 53 20 13 29 44 51 52 19 25 9 67 30 69 22 46 33 59 50 8 26 48 14
13: 44 56 5 60 50 22 33 35 12 14 21 8 70 67 30 54 61 51 45 42 1 46 28 38 52 18 20 41 2 48 47 68
14: 59 23 27 14 48 46 21 55 57 62 42 31 33 11 28 70 24 41 9 43 10 64 39 47 13 65 29 58 26 17 25 32 35 30 15 49 2 8 45 51
15: 18 3 57 27 4
16: 7 25 47 20 38 56 54 46 12 36 39 66 57 5 6 35 62 58 59 49 52 68 8 13 45 40 70 26 16 67 43 31 3 19 53 61 30 18 33 27 21 10 48 29 65 34 28 4 23 41 44 1 32 42 55 24 14 37 2 51 64 69 22 11
17: 21 20 53 43 55 40 30 56 25 59 18 51 70 44 28 7 54 36 68 47 63 39 42 9 67 65 27 50 22 8 11 69 60 58 5 6 37 10 13 23 12 41 15 66 48 52 1 31 35 64 45 46 29 49
18: 25 62 21 3 60 10 17 2 24 61 7 26 28 22 52 49 11 48 45 47 12 42
19: 53 42 23 9 22 58 31 32 60 50 27 19 14 30 47 64 4 18 1 33 40 25 43 59 52 3 5 44 49 6 17 66 15 69 54 67 55 24 10 41 34 57 63 36 12
20: 25 39 54 24 8 45 69 29 23 62 2 70 30 14 60 26 50 42 20 18 46 41
21: 66 31 4 38 16 25 63 54 60 36 68 24 8 21 39 6 30 10 1 34 23 52 70 26 28 53 33 67 35 13
22: 28 25 39 35 20 22 50 31 11 1 51 15 4 43 21 2 41 70 53 40 27 57 47 45 23 12 42 48 26 33 34 19 49 56 13 8 62 69 6 24 37 7 5 54 18 44 10 17 32 52 67 63 65 46 59 68 29 61 64 16 58 36 30
23: 17 2 47 56 9 39 46 35 37 5 62 49 30 15 67 64 34 1 4 27 13 70 31 20 18
24: 18 12 6 42 24 53 48 69 58 64 38 45 32 8 16 70 27 52 2 9 17 67 66 63 68 23 20 22 43 29 50 36 41
25: 62 47 28 58 35 37 41 61 44 5 1 39 43 57 8 54 26 20 66 42 29 13 12 9 25 3 38 36 24 11 2 48 65 53
26: 45 35 4 25 53 32 56 12 16 36 20 5 55 48 2 24 54 52 33 40 7 21 57 22 42 14 69 17 30 39 62 70 46 47 29 44 67 28 23 63 65 68 3 8 27 9 66 58 38 61 64 11 49 1 15 26 43 37 18 59
27: 51 12 16 52 56 9 14 64 54 19 62 61 28 18 23 38 30 55 43 44 6 10 57 13 33 15 2 5 1 67 68 37 32 41 25
28: 47 50 11 37 6 65 12 13 22 3 26 67 53 14 55 5 64 60
29: 26 17 49 47 64 33 35 13 62 65 23 6 27 69 39 15 21 46 43 56 41 8 20 57 25 68 14 45 9 53 44 40 11 70 63 19 50 52 2 32 42 38 59 31 3 66 34 10 1 16 36 12 18 54 29 30 4 67 24 61 58 55 5 48 37 51
30: 69 62 14 6 47 28 8 55 66 60 13 21 46 67 26 51 58 29 65 25 41 31 3 10 24 17 70 18 37 54 1 52 49 42 23 59 15 22 5 34 43 44 40 30 16 33 36 50 57
31: 17 22 49 13 70 26 62 47 18 48 29 51 14 55 15 69 10 38 2 54 67 45 5 57 52 1 3 21 58 30 16 34 12 61 27 66 36 31 8 40 60 56 64 9 43 63 42 28 23 20 65 32 4 6 24 50
32: 47 36 45 70 43 2 51 24 54 21 6 25 48 16 42 23 68 44 67 37 65 3 55 62 29 28 26 58 12 34 22 40 57 5 20 60 4 39 64 52 18 35 38 30 46 7 41 33 11 69 1 15 13 66
33: 21 46 4 8 57 27 68 39 2 6 64 53 25 63 48 35 60 69 36 62 3 66 33 24 56 34 18 11 50 13 29
34: 17 6 4 47 2 57 1 68 67 48 50 29 49 52 21 41 33 19 22 24 42
35: 7 40 22 46 25 66 65 50 31 52 28 21 36 41 56 20 8 39 53 69 58 34 23 48 14 63 43 5 68
36: 27 6 48 1 35 70 37 58 16 23 56 62 53 64 54 34 49 52 63 24 31 15 30 38 14 20 40 18 4 17 43 44 61 59 51 66 41 5 7 32 25 28 45 36 69 22 50 55 9 3 60 46 47 19 65 10 12 13 33 2 39 26 29 57 11 42 8 21 67 68
37: 46 17 36 35 49 45 62 20 31 52 40 23 66 26 55 57 38 12 29 69 48 60 63 61 9 53 47 24 50 10 8 2 70 56 13 7 34 25 28 68 44 58 22 42
38: 7 32 6 13 69 37 36 56 31 44 46 59 33 66 52 43 34 15 45 22 11 17 1 49 2 64 51 54 4 19 38 26 28 5 55 62 58 30 39 57 42 68 12 29 10 25 47 24 18 50 35 8 40 41 53 60 67 48 16 61 9 3 65 20 21
39: 65 35 31 49 59 30 18 58 8 70 6 61 57 63 54 11 37 56 14 48 45 68 55 25 17 3 40 41 39 64 52
40: 36 22 12 41 7
41: 70 30 31 35 68 23 61 1 49 42 5 19 55 53 10 46 59 13 60 43 29 25 33 36 17 21 18 56
42: 52 19 15 48 69 12 11 43 62 10 44 38 59 2 30 29 33 51 21 40 17 37 23 18 56 57
43: 19 13 49 52 70 5 69 2 48 20 30 3 9 24 46 41 8 12 50 53 36 66 26 16 43 28 1 34 65 59 21 58 11 33 68 64 29 56 15 54 31 35 6 51 42 27 47 23 62 32 4 63 45 44 37 40 18 55 10 14 38 25 22 39 60 57 7 61 67 17
44: 17 18 48 65 27 13 38 21 50 12 53 69 56 23 37 30
45: 17 52 62 53 3 5 54 35 50 7 57 61 22 66 8 26 14 65 70 24 51 18 40 2 33 34 25 49 9 16 12 15 4 6 19 30 13 20 21 42 58 32 29 44 60 59 10 43 11 55 48 31 67 45 47 37 38 39 46 36 23 64 41 28 68 69 56 63 27 1
46: 24
47: 51 28 70 63 11 40 29 32 2 60 20 54 25 48 47 61 58 4 69 39 50 59 64 57 6 67 42 26 9 14 68 49 46 55 33 5 10 3 66 16 7 62 12 53 21 35 41 19 36 1 27 13 31 44 34 45 17 30 43 65 52 18 38 23 56 22 37 15
48: 57 51 53 9 48 60 28 65 30 70 15 49 46 40 7 42 33 21 64 11 67 20 25 69 16 52 4 36 8 34 54 17 18
49: 2 67 30 54 29 23 56 21
50: 60
51: 55 22 56 67 36 59 41 9 17 1 12 40 57 26
52: 59 12 9 11 24 57 23 66 7 43 33 20 30 38 42 50 48
53: 56 34 18 26 24 21 68 13 7 20 69 12 10 2 66
54: 66 52 13 60 68 28 38 62 70 18 30 19 56 54 17 57 46 47 22 6 63 3 55 33 37 7 24 43 27 64 36 42 69 21 53 67 26 10 14 41 51 1 61 5 12 23 45 29 48 9 32 58 2 15 50 34 39 31 49 65 25 11 4
55: 13 15 37 21 44 30 26 61 19 33 49 67 68 14 17 35 1 63 52 58 16 56 31 22 32 2 38 62 4 70 69 66 47 24 25 34 51 12 55 29 50
56: 40 61 66 25 30 50 70 44 27 9 56 51 15 39 29 42 6 13 20 22 3 26 45 35 67 10 62 33 12 59 23 5 37 60 18 41 4
57: 39 41 13 49 52 20 47 23 65 17 46 36 2 55 62 40 57 12 26 42 60 6 33 38 19 31 63 48 11 34 67 54 9 61 8 56 30 66 7 53 69 68 59 10
58: 39 55 43 49 51 61 58 16 32 9 64 34 52 7 62 2 27 1 42 36 41 47 15 14 3 53 45 35 17 70 20 29 18 11 69 31 19 46 10 44 5 23 4 63 8 57 67 21 40 28 33 6
59: 28 30 70 14 52 48 1 56 18 33 36 22 11 46 4 35 57 26 5 3 63 65 37 59 67 27 58 6 8 62 7 68 64 34 55 2 49 13 29 50 42 10 39 12 47 53 24 16 41 45 69 31 20 9 60 51
60: 4 63 25 22 29 57 68 37 11 67 52 32 40 31
61: 44 49 43 24 40 41 5 30
62: 69 16 22 68 65 8 61 38 12 36 6 54 56 33 48 9 47 39 30 52 66 3 17 41 31 29 32 46 5 21 26 59
63: 16 21 69 51 33 57 44 64 22 45 35 36 60 59 4 2 8 62 20 30 29 39 41 3 52 19 24 27 54 50 40 10 6 48 63 17 68 70 7 58 9 12 55 1 49 28 38 25 47 31 26 67 32 11 66 46 13 56 43 42 5 53 65 37 34 23 18
64: 4 45 59 53 26 50 49 25 6 5 39 46 40 64 68 66 22 2 62 52 13 57 14 48 42 21 43 11 55 29 32 1 38 33 24 8 36 7 56 34 44
65: 58 11 38 16 25 6 56 12 61 3 24 19 33 28 64 8 40 63 5 44 66 57 49 18 69 41 47 14 29 34 70 23 20 54 52 39 59 13 48 50 46 67 55 21 32 2 68 4 27 26
66: 55 61 2 29 22 19 67 17 30 27
67: 6 43 56 52 13 40 12 22 39 37 61 58 57 59 2 53 7 26 21 55 17 49 19 38 46 63 35 28 23 44 68 48 8 66 70 69 24 10 47 27 64
68: 53 13 59 24
69: 13 10 34 20 53 26 43 60 29 4 33 15 67 66 38 47 8 41 45 5 7 11 59 61 22 49 1 17 14 19 51 27 18 58 16 70 63 44 28 54 24 9 69 37 21 50 46 2 35 42 68 36 3 57 32 25 62
70: 37 68 32 5 50 39 38 66 14 23 59 27 49 1 17 60 67 52 8 7 31
1: 26 58 (47 51) (59 9 63 30) (55 17) 7 36 (38 45 10) 32 (34 23) (16 29 41 19) (69 25 13 43) (27 70 31) (22 64 2) 21 54
2: (2 53 45) (16 27 66) 33 (64 31) (9 23) 47 38 (24 29) 59 22 (54 18 69) (55 63) 65 (32 20 57) 14 (1 36) (37 67) (58 13) 34 42 43 (25 49 12) 26
3: 58 (18 45 65 25 31) 28 (69 16) 10 (26 39 33) 43 (36 7) (56 59 19) (29 32 47) (62 9 54 30 2 63 38 15)
4: 36 45 5 (21 9) (23 48) 58 19 60 59 (31 34) (56 54) (63 47 22 2 16 29 64 32 65) (55 38) 69 33 (26 15 43 3)
5: (17 13 31 63) (30 58) 70 (23 28) (54 47 19 29 59) 38 25 (43 22 41 69 62 45 61 9) (1 16) (35 32) 36 (27 64 65 56) 26
6: 56 (33 30) (31 9) (67 59) 58 (47 54) (19 57 45 36 27) 64 (38 1 34 39) 21 (16 63) (62 32 43 29) (17 22 24 28 65)
7: 59 52 40 35 45 (16 9) (37 53) (67 26 43) 57 (69 18) (22 64) (58 17) 6 36 1 (47 48 2 63) (54 70 38 32)
8: (48 45 67) (20 35 31 64) 37 36 16 (24 22 13 25) 63 (14 38) (9 21 29 12 7 65 26 30) (33 8 17 43 70 59 58 57 39 3) 62 69
9: (9 63 45 58) (48 51) (43 10) (36 57 23 2 4 24) (47 25) 27 62 19 (14 59 37 54 12 56) 29 52 38 26 31 (17 69)
10: (29 57) (19 67) 30 (17 2 21) 38 (59 22 18) (31 9 47) 56 (27 58) (14 54) 1 41 (7 16) 45 6 3 37 (63 43 42 36 53 69)
11: (59 32 10) (54 39) (63 42) 28 48 (2 38 65 18) 22 1 (45 64) 36 (26 47) (8 57 43 60 69) (33 14) (17 9 16 25 52) 58 29
12: 44 (2 36 26 6 56) 37 32 (24 38 25 43 31 45 63) 13 (40 27 16 28) 59 22 (54 57) (65 52 42) 55 (67 51) (10 17) (62 19 18 47 3 53 29 9)
13: (53 22 17) (59 33 43) (7 29 47 30 12) 2 (67 16 27 41) 68 44 23 (64 32) (25 36) 21 31 (65 14) (57 37 28 54 45) (69 38 6) (63 55 56)
14: 26 (12 69 55 1) 64 30 13 (47 7) 39 (20 58 29) (43 35 27) (28 65 9) (31 59 14) 16 (54 19) (45 6) 36 (10 70)
15: 29 38 (55 9 26 47 58 1) (6 7) (56 36) 23 (27 2 42 69) 45 32 14 (4 30 17) (31 43 48) (19 22) 54
16: (4 45) (29 9 21 55 6) 36 31 43 38 (16 1) (63 47) (3 26) 32 48 (22 65 30 58) (69 24 8) 62 12 59 27
17: 70 19 (67 30 8 23) 2 31 66 (57 14 63) (43 54) 24 69 42 (39 36 29 58) (55 48 44 7 26) (18 34 45 51) 9 (62 22) (47 37 3) (41 38) 12
18: (69 31) (27 13) 24 (2 41) 58 (8 29) 53 (10 45 9 6 16 26 20 17 30 54 23) 63 (59 32 43) (33 47 22 42 38 1 56) 44 19 (48 12) (65 36 39 15)
19: (9 29 67 47) (55 57 65 41) 36 45 (5 16 63) (38 66 43) (12 27) (69 22 3 42) (58 34) 54 (4 19)
20: 7 32 (38 9) 3 (47 35 26) 25 63 52 (5 53 43 22 31 16) 37 (69 20) (56 10 23) 57 29 17 48 (12 24 65 36) (58 45 59 13 1)
21: 45 31 (62 6 38 41 10 18 22 26 34 58 54) 33 (65 2) 49 8 (32 36 13) 69 16 42 47 (7 44) 43 64 (9 35 67 30 63) (48 29) 17 (21 3) (14 55) 53
22: 9 37 (10 17 31 5) (56 62 47) (35 32) (13 40) (63 16) (3 59) (8 38) (26 64 34) (18 22) (12 51 36 30 7 69) (24 67 6 55 2) 28 60 (45 19 54) 66 43
23: 47 63 (20 65 44) (8 26 49 41 35 27 67 45) 52 36 (56 57 54) 16 43 14 31 58 17 (1 19) (70 22) 37 (29 24 21) 10 (12 32 9) (30 42)
24: (63 67 34 54) (19 59) 55 (53 18) 46 (69 2 24 1 22 31 16 37 38 30 61 52 25) 32 45 68 (33 7 64 26 36 20) 21 (29 43) (14 9 65)
25: (1 19 48 41 17 30 69 25 47) (35 21) 63 (37 38) (32 12 29 20) (9 39) (45 16) (54 43 60 65 14 33 18) 22 8 5 56 26 64 55 27 (6 36 4)
26: 22 (62 56 12) 7 54 (26 64 20 43) 25 (69 51) 30 (18 9) (57 36) 14 38 28 (55 31 45 2 37 32 47 67 59) (65 21 63 29 1 16 53)
27: (17 44 58) (33 59) 15 (36 12) 24 22 (14 9 43 56 63 3 2) (70 23) (65 6 26 69) 19 (29 31) 16 (47 66 67 54) 45
28: (65 47) (43 6 59) (30 27) (13 14) 36 (22 38 2 69 54) 21 (18 31) (32 9 26 25) 37 67 (48 45 17) 58 (63 4) (16 35)
29: 54 (7 16 12) (55 24 17 31 69) 37 (58 32 65 30 42 63) 9 (36 62 29) (14 38) (64 2) (47 60) 33 (59 26 34 25) (41 43 45) (49 66 56 20 22)
30: 32 (38 36 66 13 59 14 10) (20 43 41) (48 42) 54 (62 39 63) 2 (29 55 45 56 23) 27 9 (16 31) 61 (30 17 26 22 49 19 52 4 12 47 57) 21 44
31: (60 43 1) 58 37 (2 55 39) (31 63 22 62) 41 29 70 21 (57 59 17) 14 (47 35 30) (54 16) (36 38 9 8) (19 45 6 23) 7
32: (47 45) (54 62 16 55 70 36) (58 27 24 69) (31 14) (22 65 26 38 19) 60 2 9 (64 63) 43 29
33: (3 38 21) (64 1 19) (22 59 32 45 29) (33 10) (34 43) 27 (41 16) (63 13) 9 (56 55) 14 (2 36 62 47 65) (7 69 42 52) (6 26) 54 30 57 (58 12 48)
34: (29 45) 22 (38 21) 35 (54 16) (23 31 37 8) (30 55 33) (58 3 2) (9 69 53) (47 19) (43 57 48 64) 65 36 (59 32 63)
35: (56 39 16) (58 69 63) 21 32 (37 23) (38 29) (67 43 33 17 26) 45 36 47 (22 4) (25 41 13) (59 10 8 14) (2 55 9)
36: 4 (17 9) 2 (41 64 31 62 26 12) 43 30 58 33 48 (51 25 22 21) (16 63 19 32 40) (54 35) (59 29) 38 (57 47) 37 69 24 (7 45) 36
37: (22 59) 28 (70 29 44) (2 69 54 36 26) 39 (38 63) (27 9) (17 4 32 56 12) (43 45 60 8 67 30 16 47 55 25) (42 23)
38: 62 (43 63 13 45) (31 55 24 32 36) (38 67) 65 29 9 (26 37 27 44 25) (8 54) 47 (16 21) (42 64) (52 70 2) 69 57
39: 58 (16 67) (59 45) 6 56 62 (33 35 26) (43 38) (25 39 57 54 1) 32 (47 36) (8 23 22) (29 63) 14 (9 7 20 65 17 64) 2 (21 70)
40: 29 (30 32 2 58) (16 63 39 51 36 31) 43 (45 22 56 35 17 42) (8 67 38 57 65 26 37) 19 (61 60 1 48) (9 47 64)
41: (62 63 61 32 35 22 13 29) 69 2 25 16 (45 39) 3 (36 34 11 38 54 65 27) (24 57 9 40) 43 19 (20 58) 30 (59 14 10) (51 56 17) 47
42: (29 2 52 48 7) (30 17) (64 9 34 45) (56 13) (43 25 69) 32 16 (38 19 22 57) 18 54 26 (37 36 24) 59 31 (1 20 47 58 63 41 14)
43: (38 41 69) (63 16) (54 2 22 8 3 30 36 17) 26 (58 47) 43 (27 14 64) (35 29) (24 67) (25 52) 45 (19 61 42 9 31 32 7)
44: 42 65 (2 58 3 45) 27 17 (16 12) 64 13 (22 38 63) 30 (32 56) (47 43 25) 55 7 (19 37) 69 (61 26 6 36) (29 67)
45: (9 43 36) 64 (14 7 22) (18 29 47 16 31) 58 26 (17 6 24 59) (54 8) (2 32 12) 39 69 56 (37 38) (20 63) 45 13
46: 12 (69 58 38 67 29) 14 65 (59 13 43 23) (9 16 54) 33 37 (62 22 26 64) (6 20 41) 30 17 (2 63 8 47 36) (35 48 45) (57 32)
47: (43 57 9 18 55 59) (38 67 28) (3 65 58 6) 26 14 45 (16 2 47 62) (17 30 37 23) (29 32 63 54) (34 69) 31 (4 36) (22 25) 19 13
48: 35 42 29 (24 25) (54 8 59) 26 (63 13) (2 22) 36 (48 17) (45 7 47 65 16 33) 39 44 52 (62 14) (32 12) (31 57 37 10 34 38) 64 18 (9 43) 67
49: 36 2 8 (30 37 45 65) (43 7 70 38 61 48) (59 69 41 57) (22 54) (29 58 9 19) 17 23 14 (16 55) 34 (63 31) (18 39) 47 (12 67) 64 26
50: 43 (12 10 36) 44 34 (45 9 19) (47 2) (31 35 8 55 63 30) (52 28 20) (37 70) (7 65 17) 59 33 24 (22 54 38 69 29 56 13 64)
51: (11 17) (43 36) 55 9 56 48 42 (14 38 22 54) 47 (32 5 29) 45 12 (59 27 2) 30 16 31 (58 63 69) 13
52: (59 5 48) (16 31) (9 26 36 35) (64 29 58) 37 (34 65) (18 43) (39 7) (30 13 38 45 55) (60 70 2) (54 17 67) (21 62 63 22 47 32) 12 (19 27) (42 24) 57
53: (19 4 17) 28 (25 41 57 37 29) 24 35 (10 54 59) 7 (64 8) (47 58) (26 44 38 68 45) 48 (67 12 69 6 16 33) (22 63 36 9) 21 43
54: (12 9) (69 49 57 21 48) (7 16) 38 (22 43 13 27) 47 (32 2) (30 65 10) (62 54 36 25) (31 19 29) 63 (17 20 26 39) 45
55: (45 57 63 16) 30 (38 64 5 65 28 29 7 31) (14 19 32 55 67) (41 39 58) 47 (26 12) (66 51 37) (54 17) 2 (1 59 27) 9 (36 43)
56: (47 41 10 67 65) (22 62) (55 39 57 26) 17 (29 27) (36 9 53) (64 13) 44 42 (54 12 31 56) (35 45) 33 (2 63) 51 59 38 (37 49 8 43 16 11 23)
57: 22 (58 39 48) (43 69 4 54 63) (26 14) (34 64 31 37) 19 (32 30) 59 2 (15 60) (42 47) (16 45 51 29 36) 57 25 38 27 (52 65) 67 33
58: 38 (54 12 47 65 14) 30 (24 9 55) (2 25 31) (17 8) (69 45) 10 (5 67 39) (35 32 1 63) 22 (6 43 37 59 16 26 29 58 36) 19
59: 69 10 (2 30) 64 (38 45 36) 59 43 (3 26) (68 22 29) 52 39 (17 6) 16 (65 41) (62 51) (42 67) (70 47 56 57 4) 12 19 (14 63 9)
60: 10 (41 17 33) (63 1) (9 48) 6 (13 18) 20 (57 56) 47 (31 54 28 37) 21 50 30 45 (43 69) (19 59 36) (38 70 32 2)
61: (39 22 38) (43 25) 4 (8 3) (2 18 54 13) (29 26) 62 57 (58 37 65) 9 (55 69 12) (6 41) (56 45 47) 36 66 67 (27 16) 31
62: 43 (18 25 37 33) 69 (64 14 7) 36 38 26 59 2 (30 55 22) (29 9 58 32 63) (57 6 23 31) 54 (42 45) 56 (47 27) 16 20
63: (63 39) (2 9 22 57 36 45 17 59) 65 (47 58 10 19 12) (31 24) (29 26) (54 43 33 60 69 55) 67 (37 21 35)
64: (6 64) 29 (47 45) (39 16) (28 31) 65 (9 54 33) (32 58) 27 19 (17 59 63 24 22 14 43 48) 1 (36 67 23) (26 38)
65: (43 5) (59 26) 47 (32 39 2 57 30 62 48 4 22 25) 29 (31 38 35 63 28 16 44) 7 (36 54) (9 45 17) 14
66: 52 (38 64 43 37 36) 45 (56 16 26 69 25 63 19 17 70 7 62 21) 47 30 (55 33 31 53 35 57 24) 29 (3 10) (9 32) 67 (2 65) 54
67: (34 51) (29 26 11 32 28 70 17 13 48) 57 (56 22 63) (21 59) 16 (60 7 31 54 66 2 9) (19 36 65) 12 55 47 (69 49 43) (1 45 27 23 30 38) (58 24)
68: 41 24 (8 36 12 59 55 57 47 35 22) (26 13 54 21 70 53 64) 17 (34 62) (43 60) (38 65 69 27) (2 16 63 32) (33 37 29) (39 67) 45
69: (30 8) 48 69 32 12 54 57 (19 65) (53 1) (35 26) 22 (67 16 20 47) 45 33 42 (29 43 62 59 24 38 55) 63 10 (44 37 58 17) 31 (36 9)
70: 65 17 (23 37 55 39) (58 67 9 7 29 56 13 59) (30 45 32 14) (21 47 24 16 20 48) (22 2 26 36 69 54 41 43) 63 31
