70 70
1: (24 29) 13 52
2: (25 41) (3 24) (63 66 46 36 69 53) 48 45 (61 30 44) 5
3: 12 (53 21) (66 17 46 24 42 68) (22 38 37) 20 59 62 51 (50 19 16) (1 25) (11 45) (49 63) 44
4: 64 11 47 (22 21 13 50) (2 45 48) 33 6 (60 44 25) 24 55 (3 43) 49 (9 51) (36 12 63 61) (54 65 46 40) (35 20 38) (53 62 42 23 66 58 27 37 4) (57 39) (28 52) 26 (7 67 16 18 32 31 34 30 15 8) (29 70) (1 41) (59 5 17) (14 56)
5: (59 41 36 26) 24 57 (67 53) 27 (3 32 51 19 64) (6 12 65) 8 70 (35 20 18 14) (68 45) (33 46) 69 (66 37 13) (5 7)
6: 36 67 (30 44) (12 35 37 53 7) (28 23) (11 33) (31 6) 22 19 58 (65 29) 26 (56 38) (14 54 55 39 41) (1 46 21 32 61 15 59 50 4) 27 34 (47 5 51) 18 62 (57 10)
7: (14 6 65 64) (7 57 23 10 21) (29 4 43 12 37 48) (28 50 17 24) 70 (2 45 53 46) (11 27 16 15) (32 63) (69 62 30 41 52) (31 22) 47 5 (58 66) 18 (44 1) (56 68) (19 49) 34
8: 20 (1 62 31 13 42) 43 (56 4 65) 12 3 21 (28 2) (58 64 8 68 19 69 50 37 41) (59 26 44) 23 (52 49) (40 34 32) (46 5 35) 38 36 54 (30 60 22) (55 61 7 6 51) (29 57 70) 24
9: 26 (27 67 29) 8 59 (41 7) 45 (56 40) 1 6 (39 19 43 36) 11 (9 15 22) (10 38 69) 16 (52 37 18) (66 17 60 47 70) 46 14 (35 20 42) (49 61) 25 (31 64) (58 13) 5 65 (23 68) 2 34 48 (54 55) (33 28) 3 (4 63 32)
10: (33 28) 48 (69 8 50 47 5 42) 11 62 63 3 26 24 (54 34 51) (60 18) (9 1 59 70 7 12 38 39 29 15 32 49) 57 10 (65 14) 20 6 66 17 61 (67 45) (25 64 44) 19 (53 13 43 35) (58 46 68 31) (21 27) (4 22 41) (30 36 40 37) 23
11: (40 47 54 49) 11 15 (16 26) 20 (55 56 24 41 50 35) (70 27 21 51 65)
12: (45 68 9) 38 40 62 23 (27 8 7 22 48) (29 53 3) (12 41) (47 54) (51 21 20 55)
13: 66 20 (6 34 56) 67 43 (60 44 52 24 62) 64 (17 15) (35 29 47 2 69 21) 61 32 1 (3 36 45 13 46 58 68 30) (5 53 7) (33 26) (12 42) (14 31) 10 19 59 70 65 (38 28 8) (4 50) 55 (37 16 39) 49 48
14: (60 5 34 57 35 8 1 43 47 45) (25 10 46 42)
15: (46 24) 65 (52 36 13) 51 (59 45 64) 63 (22 7) (50 28) 66 (6 14 31 62) 69 (44 43) (57 3) (54 37 41 19 48 30)
16: (58 44 48 54 18 39) 9 (45 62) (14 66 25) 28 59 (32 24 4 52) (31 64 42 2 10 36) (23 27) (61 56) (20 55 17 43 5 16) (70 67 53 35 21 47 29) (1 69) 63 (7 46 12 38)
17: (28 24)
18: 43 36 (5 66) 47 8 (56 22 17) 44 (16 45 2 4 48) 63 (6 69) (23 12 30 39) (51 29 13) 54 (68 37)
19: (3 63 43 61) 11 17 (41 65) (58 56 55 29 21) 46 (10 14) (22 42) (9 49 52 50 26 18) (57 53 37 66 51 48) 67 8 (6 27 68 34 16 7 44 47) (2 64) (40 19 36) (20 45) (32 60 59) (54 12 23 13 28) 70 30 25 31 4 (69 62) (5 1) (15 24 35)
20: 18 (60 16) (70 22)
21: (52 37) (18 39) 51 60 (58 6 70 36) 50 (54 44) 9 (59 49) 28 3 (7 14 8) 35 46 12 47 (13 56) 38 (30 62 65 21) (41 63 17) (27 32 43) (53 61 42 23) 19 (25 31 48 26 24 40) (1 20) (22 55 69 11 15 68) (33 5 29 4) 57 16 10
22: (37 1) (67 49) (24 23 16) (39 8 41 2) (55 61) (27 64 3) (48 36 4) 5 46 45 (12 59 9) (29 70) 19 (7 32 22 50)
23: (59 30) 43 (25 50 13 45) (38 29) 37 (35 46 31 1 60) (41 44 7) (27 49 39 40) 3
24: (31 41 66) (69 42 1 50) (39 14 60 8) (56 44) (55 62 58) (30 53) 5 (10 28 17) 18 (15 24 49) (21 37 40 29) 20
25: (46 55 69 49) 52
26: 51 (46 11 20 3 9) 6 (13 39 18 56) 34 (36 33 49 41 69 25 60 16 50) (42 53) (4 59 10) 48 (52 24) (63 40) (27 30 38 2) (43 21) 26 (44 22 57 28 1) (32 67) (15 14 45) 5
27: 18 (21 10 63 43) (59 44 1) (25 49 2 54) 24 51 (23 53 40) 32 (66 15 19) 9 30 (46 6 38 55) 62 (45 50) 52 26 (12 29) 13 65 (60 7 34) 22 67 35 (56 28 47 42 36) 64 14
28: 60 1 (6 38) 30
29: 40 (12 14 20 61 60) (64 27 11 19 32) (5 43 38) 23 2 (41 39) 51 6
30: (60 43 65 20) 21 (51 17 69 3) 9 (16 34 54) 10 14 (50 52 44 40 63 64)
31: (1 49 13 28) (51 7 23 48 14 56 59) (20 36 35 8 11) (44 4 10 3 47 38) 61 31 57 (68 26) 67 (65 63 22) 46 33 (40 42 53 64 18 27) (41 19) (16 21) 12 (39 32) (60 50) (70 29 25)
32: (63 6 69) 58
33: (57 59 12 43 22) (66 24)
34: (36 13 18 61 49) 19 (27 63 40 44 65 59) 57 (64 54 16) 29 (12 7 26) (4 46 51) (6 52 15 34 14)
35: (59 38 68)
36: (70 20 17) 69 34 23 (35 41) (51 57 36 16 67 27 37 26) (30 11) (52 1 22 24 58) 53
37: (41 53) 31 5 68 36 (47 13 19) (24 14 65) 51 (3 45) 38 (56 9 30 58) (6 18 21 46) (50 25) (29 67 8) 59 (63 17) (54 43 44 23 7 10 40 37) (20 57) 2 (4 52 70) (42 1) (39 22 60 64 28)
38: 46 20 (6 13 51 44) (8 43) (40 22 11 67) (3 23) (37 5) (53 63) 30 31 (28 58) (66 9 50) (1 70) 27 (49 57 26) (61 34 69 38 19) 24 52 2 21 33 (15 32)
39: (49 25 55) (56 6) (34 64) (70 15) (26 8 45) 17 40 39 (13 33) (20 31 46 10) 57 (43 24) 21 (53 63) 41 (30 19) 35 (16 69) (50 62) (28 51 61 18) (32 23) (2 38) (9 67 7) 66 52 27
40: 26 (46 68) 22 (25 49)
41: (53 8) (31 27 14 50 43 12) (2 9 67) 65 22 44 (45 57 59) (55 41) 3 (49 69) (10 40 20) 19 (39 37 5 56)
42: (28 7 6) 53 (26 67) (13 66 61 54 22) 12 15 (69 68 27) 63 1
43: (69 45 27 47) (31 64 18 67 25) 55 (28 60) 38 49 30 (10 68) 61 (15 39 23 50) 20 (65 56 57) (19 35 43) 46 (22 11)
44: (55 21 62) (2 37 30 25) (13 43 31 32) 66 (65 12) (45 9 53 48) 3 28 52 (4 64) 35 (36 5) 49 (11 38 57 34) (59 6 54 46 39 41) (15 7 22 50) (42 44 61) (26 1 63 67 16) 56 (70 23) (20 14 60 68 33) (29 19 27 58) 40 (10 51 8) (17 69) (24 18) 47
45: 59 (8 6 66) 61 (25 55) 52 10 (63 39 28 11 54 49) (65 9) (69 22 48) (60 37)
46: 54 (3 32) 58 (36 49) (40 68) 14 (65 11 66 62) 41 10 (2 59) (45 26) 56 (13 23 27) (64 17) (53 25) 16 (57 67 30 5) (61 42 37) 12 (8 6 48) 39 (19 38 7) (22 52) 9 (24 50) (21 51 15 1) 34 33 (63 43 47) (35 4)
47: (26 61 27 45 19 58 3) 36 68 10 18 8 12 (62 13 15) 35 (14 4) 23 39 9 (16 52 25 17) (67 66) (60 32 34 11 22 54 33 1 46) (2 56 64) (40 42) (70 31 63) (29 69 48 51 38 37) (41 49) 30 65 (24 20) 44 (47 5 7 21) (57 43 59 55) (53 50 6 28)
48: (51 49 8 39) 50 1 (41 9) (40 52 62) 5 (27 6 68) 60 (4 2 35 34) 55 (57 3 48) 25 38 (19 32 22 14) (69 56 67 18) (37 61 54 10 66 26) (17 33) (7 30) (53 47) (21 15 28 65 44 24 45) 42 46
49: (40 44 3) (5 13 17) 33 (65 34 61 63) 29 41 64 (42 49 15 26) 31 (46 9 59 7 20 67 55) 37 54 47 51 21 (69 4) (23 32 30 14) (8 27) 36 (60 45) 28
50: 56 (68 67) 18 54 32 (49 6 23 5 2) (17 26) (15 53) 37 9 (35 46 51 48 44 22) (7 11 66) 64 (65 42) (50 57 28) 40 (45 1) (13 34 43 16)
51: (53 31 29 67) (62 52 17 35) (27 36 59 50 34) (21 57 69) (3 6 43 65 9 18) 16 (40 45) (56 41 25) 30 (26 54 32) (24 60) (37 11 51) 28 55 (38 68 10) 61 44
52: (53 26) (42 47) (52 4) 10 (43 16 66 34 29) 32 (24 51) (23 20) 22 25 (67 59 38 46 5 49) 70 (45 28 44) (55 65) 6 (7 9) (56 62 21) (35 68) (40 3)
53: 44 3 54 40 (68 34) 26 37 (52 33 42) (47 10) 45 11 (48 55 60 25 28 35) 30 (18 41 17 69 21 51) (70 31) (4 5) (67 36 64) 38 1 (66 61) (13 24 20) (19 32 56 2 65 63) 16 49 27 (22 14) 7 (15 50) (12 62 6 59)
54: 62 (64 43 44 24 38) (59 52 39) (48 29 47 28 34 35) 42 (9 56 5) 65 (49 70 40 41) 57 (30 4) (22 6 67 14 27 54 63) (3 12 8 19) (10 46 20 50 68 32)
55: (37 55 31 50 40) 24 41 26 15 (28 38 7 3 27) (45 44)
56: (15 65) 63 (36 46 43) (44 26 37 64 17 23 53 45 22 59 35 11 51 52 54 31 32 5) (3 12 38 48) (29 28 67) (70 60 2) (42 55 14 58) (50 10) (4 9) (21 47) (56 13 62) 40 39
57: 37 66 39 (62 46 16) (42 6) (54 7 36) 59 (24 12) (10 33 58 45 31) 48 68 (22 44 8 27 40) (35 60 63 1 49 69 38) 15 (65 25 43 23 3 50 64) (21 57 52 20 53 29) 14 51 (32 34) 2 (56 28) 30 (26 11) 13 (41 5) 17 (4 18) 61
58: 26 3 (68 6) 35 22 (64 42 44) (57 56) 62 (43 48) (29 27) (19 24) (63 15) (39 61)
59: 23 13 (58 59) (39 34 4 22 28) 7 (31 17) 49 (43 41 54 1 33) (53 48) (5 26) 57 (12 66 29 25) (6 36) 70 8 42 (55 40) (65 35 47 67) (52 10) 64 19 18
60: 43 (52 44) (27 28) (51 62 46 3 2 38 8 6 49 41 13 37 54) (16 53) 39 48 (22 1 26) 61 (34 19) (29 57 30 70) 42 (15 69) 20 64 56 (67 10 36) 7 (23 32 50 12) 66 21 31 (24 65)
61: (39 56)
62: (41 67 47) 50 57 (16 14 21 22 24 17 63 12 33 11 30 29) 64 (59 10 44 52) (43 56 18 55 1 32 37) (40 46) (39 7 54 8 48) 5 (58 42 60) (20 38) (3 66) (36 19 62 45 70) 65 (6 28 49 26 2 34) 27 (68 35 61) (13 53) (31 23 4 15 69)
63: 33 (41 61 60 62 58 70 38 50) 35 22 (32 29) (37 46 36) (10 15 14) (21 23) 54 59 (8 43) (28 27 12 52 31 17 42) 1 5 3 (39 26) 53
64: 37 22 7 (36 45) (4 35 60) (10 51 57)
65: (24 19 10) (42 69)
66: (38 41 31 15 43) (18 8 9 63) 14 (11 28 44 33 6 56 36 22 34) 45 (60 24) (68 1) 50 (37 67 55 16 69 29) 25 (12 23 58 40) 4 (5 13 47 39 49 20) (10 59) (52 26 7 27 62 19) 65 (51 64) 57 21 70 30 (42 32) 46 (3 17 2) 53 48 (61 66)
67: (10 64) 14 (29 37 30) (65 42 43) 9 (4 39) (2 66 31 33 35 1) (44 11 45 46) 6 (27 53 18 19 21) (61 13) (48 63) 12 (17 52)
68: 45 (27 60) (6 40 47 20 52 14 70) (65 36 4 41) (9 13) (63 38 43 50 8 24 55 39 68 44) (59 19) 56 7 (31 22 37 46 21) 16 67 (30 25 48 23) 34 10
69: (33 36 14 41 51 38 54 45 47) (65 4) (40 70) (39 26) 49 (57 20 22) 31 (63 43 8 56 61 67 13 66 27 2 62 17) 28 44 (64 6) (1 21 29 23) (16 68 48 19 34) (32 7) 9 (42 3 59 10 15 18) 60
70: (1 12 44 43 63 30 2 53) (31 42 58 57 6) 33 50
1: (6 63 10) (13 44) (26 46 38 62) (70 53) (4 36) (23 19 7) 66 3 21 37 (69 47 57 14 8 31) (42 22 60) 48 67 (59 50) 9 28 (27 16 24)
2: (44 62 22 18) (50 27 7 13 8) (39 48 38 16 41 60 37) (29 9) (66 56 57) 4 26 69 (70 67) (19 46 53 47)
3: 69 52 8 (30 51) (41 48 15) 4 47 (13 21 19 38 31 60 44 63 56) (54 55 23 12 53 22 66 26 5) (49 58) (46 57) 2 (10 9 62 37)
4: 62 (37 66 19) (54 44) 69 (16 13 53) 48 57 (7 34) (8 64 46 68 9 26) (56 22 47) 52 59 (49 67) 4 (6 21) (31 10 18)
5: 52 (24 6) 46 (59 19) 5 13 (50 54) (66 37) (2 22 4 41 18 38 53 57 14 56 49) (62 48 7 9 44 26 29 21 63) (10 47) (16 8)
6: (27 13) (38 50) (66 53 52 7 19) (54 62 18 48 47 59 39 28 9 6 51) (32 5 8 46) 21 44 (57 10) (29 4) (15 42) 68 34 67 37 60 (26 69 58 45) 70
7: (5 37) (15 23 31 62 13) 34 (7 19 42) (12 9 53 55 49) (10 64 6 4 39 68) (66 57 8 44 27) 47 48 22 52 (21 60 16) 46 (50 69 59)
8: (68 44 5 62) (39 54 66 49 37) (31 21 57 60) (45 63) 13 47 (24 14 19) 22 (12 18) (9 46) (69 41 8 38 10) 48 4 59
9: (56 39) (51 30 52) 22 50 46 9 (21 47) (68 44 19 45) (67 48) (4 26) (16 69 41) 10 49 (54 38) 66 27 37 12
10: (26 31 56 65 27 60 9) (47 53 41) (16 19) (45 30 69 7) (59 66 37 43 46) (62 10 54 48 51 64) 39 (57 14) 21 (44 68) (6 13 63) (24 52 67)
11: (38 53 19) (45 6) (31 26) (67 4) (43 51) 46 (21 56 36 11 3 47) (66 10) (57 7 29 50) 9 (62 44)
12: (29 27) 70 (18 19) 31 (47 56 21 3 13) (5 67 53 57) 63 (6 22) 42 33 7 (16 12) 59 62 54 (4 10 34 8 46 66 60 41 44)
13: (42 44 59 9 1) (62 27 69 67) (15 31 37 39 5 34 8 60 56) (57 10) 38 (26 13 18 53 66 49 19 21 23) 47 (46 68) (50 4)
14: 63 7 (66 41) (48 54 53) (24 10 30 44) (56 67 4 13 6 9 31) 62 46 (49 27) (16 68) (37 21 19 29 47 26 69 34 57 5 15)
15: 60 50 (48 6 49) 13 58 (66 57) (11 47 24) (9 39 27) 62 10 (53 46 56) (43 38) 55 (44 42 26) (4 7) (34 69) (21 63) 19
16: (39 50) (46 52 30) (34 69) 22 (11 62 7) 16 (44 4 19 26) (66 53 3 31) 57 (68 60 13 47 20) 21 51 (36 9 18)
17: (3 21 13 51 62 63 19 44 16 10 36 30 66) (49 59) 24 (7 69 50 39) (57 4) (56 48 9 53 67) 37 (47 18) 46
18: 9 34 (31 48) 16 57 (4 66) 37 6 5 27 (20 43 59) 62 (44 24 39) (47 50) (26 21 10) (7 19 67 69 51 53)
19: (48 69 5 19 29) 27 (37 59 67) (66 7) 43 (44 3) (54 21) 13 (15 9 41 34) (22 6 47) (10 58) (53 38 31 46) 8 68 (62 60 65) 39
20: (10 69) (43 11 5) 36 38 (13 68) 37 47 52 (60 53 26) 9 (16 24) 30 (39 21) (41 12 62) (19 44) (4 29 31) 66 (57 3) (54 49) 8
21: 19 4 66 47 (48 62 27 67) (7 6 38) (57 63 52 16) 11 (10 3) (37 13) (46 39 12) (69 68 49) (31 30 56) (44 24) (60 26 21 53 51) 8
22: (45 42 40) (12 53 50) (8 26) 46 (57 27 10 44) (69 66) (20 9) 31 (37 38 64 18 36 7 54 21 58) (52 33 4 22 56 15) 3 (6 60) (48 41) (43 59) 62 19 (47 63 68)
23: (63 68) (62 66 6) (44 56 52 29 46) (37 31 69) (16 59) (19 21 22) 9 (60 47) (50 18) (27 12 38) 49 7 57 43 (36 8) (39 4 10)
24: (26 38 1) (17 7 8) (16 37 65) 53 (27 19 24) 55 39 58 46 (62 13) (60 48 68) (5 22) (54 21) 66 11 47 (36 4 15) 3 51 (57 2) (44 10) (33 52)
25: 43 53 66 (48 37) (27 45) 19 (3 14 26 51) (4 40) 9 (39 31) (44 46) 16 23 68 (52 10 21) 59 (47 2) 57
26: 26 9 (57 53 63) (59 36 40 46 13 19) 4 (55 62 42) (38 66) 48 8 (31 47 34 58) (21 56) (52 50 51) (69 6) (11 10 44 39) 5 60 (49 27)
27: (7 42 5 22 21 63 38 4) 58 60 23 (26 16 44) (49 29 54 53 46 41 69) 57 31 (6 48) (51 34) (47 9 11) (10 66 62) (36 55) 19 68 39 (12 67 43)
28: (13 69) (63 53 51) 54 (37 39) 7 (55 45) (17 59) (62 50) 16 (49 8) 10 (60 15) (66 6 31 38) (42 47 9 52 24 19 44 21) (4 26 48 43 27 56 57)
29: 44 9 (34 58) 66 (21 7) (63 60) (37 62 31) (59 10) (8 67 69 19 49 13 51 16) (56 1) (4 12) (6 54 57) 22 (27 18 52) (23 24) 47
30: (47 23) 8 (46 38) 60 (24 39 2 48) (68 67 62) 28 (66 18 57 7 13) (19 49) 37 (21 10) 53 51 27 (4 36) 15 (43 70 26 44) (6 54)
31: (49 16) 6 (43 70) 60 39 37 13 55 41 44 67 4 (15 47) (68 21 31 38 10 53 19 24) (56 51) (8 62) 66 (63 9 59 69 7 23 57)
32: (10 16 7 56 6 46) 19 49 (60 57 54) (27 31 66 63) 9 (44 53 38) (22 26 5 62) 39 29 (51 69) 21 (13 4) (52 48) 8 47 50
33: 26 (47 10 38) (57 44 9 46 59) 6 (69 5) (66 21 48 70 49 31) 13 4 (62 39 53) 67 63
34: (13 39 60 4) (66 30) (54 8 59) (9 50 44) (34 36 49) (47 53) (38 68) 14 (51 19) 7 69 (57 6) 62 (27 26 52) 48 10 46
35: (39 44) 58 (27 56 43 4) 8 5 (46 62 9) 16 67 (51 14 54 6 63) (52 64) (31 59 48) 57 (47 13) (10 19 23 36) (53 50) 21 11
36: 2 (31 51 57 26) (68 22 13 18) 21 (10 27 37 15) 6 (47 44) (66 62) (63 9) 8 69 53 (46 19 49) (4 56 64) 34 59 (60 36 5) 16
37: (23 56) (19 8 10 3 48 62) (5 4) (66 9) 67 13 (47 63) 37 44 46 57 41 (45 36) 60 (55 21 51) (22 68) 15 (7 24) (50 18 38) (49 6) (64 53)
38: (47 8 37 35 53 62 39) 16 (3 57) (13 48 29) 9 68 (43 60 69) (55 66) 38 (6 27 23) (51 28 56 31 63 26) (54 10) 44 21 (12 52 46 4)
39: (6 45 62) (46 48 58) (18 59 56 67 13 39 9 69 68) 22 (60 66) 37 (63 47 23) 61 (44 31 16 4) (41 43) (21 24 29 26 57 54) 10
40: (21 56) 66 26 (31 4 62) 47 44 37 (41 54 50) (12 69 49) 55 (23 19) 24 27 10 11 68 (46 48) 38 (9 53 34) (30 57 52 8 39 29 51 59)
41: 26 (19 37 29) (24 66) (2 15) (39 55) 44 60 (47 62 36) (59 4) (21 48 54 6) 57 (68 11 5) (10 7) 12 (22 9 53) (51 49) (8 23 31 69) (63 46 41)
42: (49 16) (58 24 65) 66 46 (59 50) (47 70 13 19) (44 62 56) 53 (27 8) 31 54 69 (21 67) 14 (52 37 48 63) 9 (60 10) (57 4 3) 26
43: (60 14 18 50) (38 68) 26 (10 37 13) (41 66) (47 4) (9 52 63 51 46 16) 44 (8 67) (7 62) 43 (57 54) 23 70 (39 56 58 21 15 30 33) (69 29 59 19) 27
44: (58 48 23 41 68) (44 21 16) 57 (18 52 31 60 8 37 54) (24 34) 67 (38 51) (4 70) (15 50) 26 (7 47 13 2) (3 53 19 30) 62 (49 27 66) 56 6 (10 55 69)
45: 51 (48 69 7 4 18 14) (3 43) 19 (55 37 5) (13 27) 57 46 23 16 9 41 67 (64 12 49) (68 10) (66 39) (44 62 50 47 53) 56 15 2 (26 22 52)
46: (8 7 66) (23 52 48 37 15 54 47) (26 19 62 60 14) (10 21) (6 63) (50 2 22 9 40 3 68 49 39) 34 67 (44 4) 56 (16 5 38 43 13 25 57) (27 31)
47: 9 (6 52) 4 13 59 (69 14 62 47 54) (37 12 16) (53 68 43 19 7 49) 66 (11 46 18 44) (48 56 21) 10 (31 27)
48: (68 67 18) 22 46 13 (69 59 62 54 19 16 21) 60 (7 31 4 56 10) (47 58 45) 15 (44 57 2) (50 26 9 66 12 53 48)
49: (45 23 52 27) (53 39 25 41 24 3 47) (48 11 60) 49 (22 7 69 26 9 66 62) 4 (57 10) 8 44 (38 54 43 46 59) 50 (21 34) (13 31) 19 40
50: 41 (70 39) (31 4) (47 38 43) (21 24 66 63 30) 15 (53 8 54 44 22 23) (13 62 60) (46 11 50) 51 10 3 (37 57) 26 6 19 68 7 27 (55 56 48)
51: (50 57) (3 31 12 38 44) (51 6) (21 29) 46 (56 4 30 36 53) (60 19) (37 10 39 52) 15 27 66 49 (26 18 64 69) (11 34) (47 48) (8 5)
52: 59 8 62 63 (46 1 54) 7 (15 39) (51 45) (48 19) (21 30 25 13 53) 44 37 34 (56 16 4 52 68) (66 36 57) (9 26 38 27) 67 (47 60)
53: 7 6 16 27 63 (51 38) (21 62 3 46 13 39 56 52) 67 12 66 (31 60 47 42) (5 26 4) (41 44) 59 10 (19 24 48 70) 2 (50 57 36 37)
54: (48 9) (60 50 62) 51 8 (57 45) 49 19 (11 37) 34 (42 12 46) 18 16 (4 69) 63 (44 21 47 27) 10 (56 6 15 54) 59 (53 30)
55: (24 4) 11 (66 56 62 27 6 59 52 8) 51 12 9 (19 44 39 22 13) (41 47 16 53 45 25) (55 48 68 21 49 43)
56: 13 (62 7) 24 8 54 (27 60) (44 19 56 16 43) (18 11 41) (57 48) (21 61) (9 51 66) (53 31 4 52) (69 68 37 39) 47 (50 46) (6 58 26)
57: 7 69 (19 36 39) (66 50 34) (60 54 21 33 26) 5 (41 47) 37 48 58 (59 4 64 38 14 62) (8 43 51) 15 (70 57) (46 10 31 44) 6
58: 16 (13 37) 8 (24 46) (36 66) (7 19) (4 62 57 38 32 63 47) (59 21 56 9 44 6) (70 10)
59: (5 21 47 68 8) (57 51) (59 27 22 33) 54 (10 44 53 62 3 63 35) (6 15 4) 13 45 (46 26) (9 34) (69 52 37) (66 49 56 19) 31 (16 41) 23
60: (14 26 21 63 8) 24 29 (30 20) 68 66 (10 51 27 31 4 47) (64 9) (53 49 13 69) 57 (43 19 44) (62 23) (56 45) (48 28 37)
61: (66 47) (39 2) 6 (21 63 10) (16 46 69 58 4) (9 29 62) 13 (49 51 48) (67 31) 34 (44 53 42 19 38) (45 22) (57 43 8 60)
62: (24 39 60 46) (6 54 53 57) 56 63 (4 3 62 69) 66 12 15 44 47 (51 21) 52 48 (58 7) (19 16 13) (10 27) 8
63: (54 7) (2 53) 18 (37 66) (27 44) 45 (30 38) (58 47) (3 16) (32 46 4) (34 10) (57 70 68) (9 67) (31 39) (19 69 26 62) (15 21) (56 42) 49
64: (57 31 22 69 13) (59 16) (39 7) 43 (53 46 19 5 4 29 58) (66 49 50) (56 30 54 67) (27 9 15 44 34) (60 37 62 10) (8 47)
65: 51 53 (52 60 10 15) (7 49) (31 5 11) 66 21 (50 8 9 41 43 30 46) (19 56 59 54) (4 6) 68 48 44 (34 62 37 69) (47 45) (67 13) 57 27
66: (62 69) (4 45 47) (39 67 5 13) 42 27 (60 50 44 57) 9 (66 53 24 33 18) (10 3 38 7 46 15 59 48) (52 19) 16 2
67: (47 36) (62 59) 68 48 (26 38) (50 4 9 5 51) (52 31 10) 53 (69 27 6 37) (22 43 13) 42 (66 49 19 16) (44 54 56) 41 39 60 46
68: (19 9 10 43 3 31) (52 8 53 50 12 66) 21 5 68 (46 69) 35 54 (7 47 58 13 62) (42 40) (51 48) (18 44 37 57)
69: (47 32 51 43 25 41 36 60) (65 18) (15 53 57) (48 9 5 7 30 19 10) 13 (42 8) (38 21) (2 24) 44 (62 39) (26 16) (49 45 66)
70: 4 66 (13 36) 21 (52 22 11 7) 56 (19 39 69 16) 53 (44 47 68 8 60 37 38 20 62) 59 (9 5 54 10) (63 31)
