70 70
1: (60 65 26 33 46) (49 14 29) 23 34 50 (19 52) (57 41 43) 44 (4 37 40 70) 53
2: 15 45 (31 55 66 48) 43 19 (3 7 29 62 11) 41 (57 49) 42 (53 69) 22 (8 35) (38 36 17 37) 54 (13 44 2) 59
3: (61 70) (22 28 58) (12 54 29 40 41 49) (4 19 47) 42 46 (16 48)
4: (70 12) (23 2 60) (44 57 47) (51 1) (31 42) 66 24 (15 67 69 27) (14 40) (38 58 19 53) 28 (21 55) (62 7 9) (20 56 52 33) (30 48) (5 35) 68 22 26 46 (17 36)
5: (51 30) (53 42) 23 (6 56 32) 8 (12 37) (62 66 69) (41 13) (20 10 38) (60 14 40)
6: (5 46) (7 40 28 4 1) 55 (64 39 32) 11 (70 17 50 69) 41 (22 43 44 62) (15 19) (34 49) 57 10 33 30 27 (60 25 3)
7: 21 50 17
8: 42 35 (55 3) 19 59 (31 57) (21 50 65) 23 (63 69) 28 (8 36) (12 58) (7 9) (2 11 52) 20 22 (60 5) (24 66 51 33 27 39 56 53 37) 6
9: (46 29 35) (58 15 36 22 62 27 5 9) (28 69 52) 64 16 (18 4 70 56) (61 20) 44 14 1 41 (47 30 54) 66 19 (50 7 38 10) (11 67 23) (43 68 60 57 37 49 24 63 53) 17 (55 3)
10: (4 41) 31 (42 60 20 30) (21 52 2 10 50 6 8)
11: 30 (11 40 49 27 13 35) (7 68 23 29 20) 67 (50 28 59 47) (3 70 57 12) 2 (58 31 51) (4 54) 42 (39 14) 5 (17 43) 25 55 (1 60) (38 46 62) 24 44 45
12: 64 (47 11 28 2 50) (18 61 52 70) (37 33 57 6) (5 23 22) 3 (34 27 49) 62 (41 48 43) (32 16) (13 9 46) 55 (20 10 4) 15 (53 19) (12 67) 66 (30 14 60 63 68) 8 (40 24) (7 69) (45 17 42 29 58) 21
13: (32 48 41 29 64 22 43 19 63 10 31) (21 20 38 33) (3 51 6 2) 23 (17 47) (54 59) (11 49) (13 70) (44 50 46) (37 53) (15 56 67 58) 42 60 (4 62 24 12 39 45 55 26 25) 34 27 (9 36) (40 35 5) (14 8 65 66) (16 30 69 1 28 52) 18
14: (27 34 68 26) 19 (61 29) 25 (53 64) 65 (59 58) (60 1 63) 56 (9 4 48 17) (37 43 36 35) 51 46 (47 20) 45 70 (30 16 8) (24 2 39) (57 23 41 49) 28 (40 54 11 22) 21 (33 10 5 42) 7 18
15: 55 52 43 (69 66 13 67 25) 36 (54 28 32 62 31) (22 16 19 21) 60 (23 14) (1 20) 68 49 40 65 5 (37 53 8)
16: (51 54) 38 (63 64) 23 (34 2 42) (70 46 49 59 27) (4 20 48 31 43 25 61 58) (22 57) (14 29) (8 13 1) 36 (15 62 50) (67 69) 55 44 (24 32) (6 28 45 35 17)
17: 3 (70 16 11) (22 18) 21 (61 10 46 47 50) (30 6 66) 20 69 (68 26) (34 45 8 65) 28 17 4 (42 36 33) (58 49) 53 14 (29 48)
18: 52 (19 20 23) 9 (21 39 13 54 57) (22 1) 66 10 (59 47 31 58 18) (56 69) (35 33) (6 64 49 44) (60 70 48 68 27) (32 4 17 7 16 50 45 3) (24 37) 26 (46 2)
19: (39 17) (56 20) (24 65) 63 28 9 (38 16 18 45 19 47) 40 4 (54 26 44 37 10 34) (46 59) (1 41)
20: 48 (20 5)
21: (8 21) (66 38 12 54 27) (14 69) (28 29 55 42) 7 (23 48 59) 44 58 (62 41) (3 36 5 15) 50 (63 9 56 24 11) 33 (39 19 47) 52 (51 6 57 49) 2 31 13 (20 22)
22: (47 31 28) 44 (39 56) (55 60) (59 19) 30 46
23: (65 55 51) 5 (40 9 64) (58 36) (7 61 2 54 46 67) 41 13 (8 45 57 37 35 12) (15 34) (32 49 38 47 22) 6 (59 48 25 33) (66 14 50 18) (52 28 16 43) (70 26 23) 42 (68 29 31 21 56) (39 62 1 30) (4 44 19 27) (60 63) (17 10) 11 (24 53 3) 20
24: (22 51) (63 6 69) (2 42 44 11 17 47 19) (30 36 27) 21 (29 12) (34 25 54) 59 18 52 (64 16 60) 68 35 (28 70 13) 10 (65 33 31) 46 3 (24 5 38 26 67 55)
25: (67 28 27) 49 (47 22 48) (9 23) (12 16 26) (41 65 14 62) 63
26: 36 (69 31 40 5 20 29) (47 39) 46 44 (10 56) (17 42) (55 32 57 70) (43 22) (9 23 38 35 62 68 6 7 54 51 45) 33 (14 41) (4 2) (64 21) (60 34 30 50 28) (63 27) (1 18) (25 12) (8 19 49 53 13) 52 37 26 (65 16 48) (59 15)
27: 42 2 (30 61) 60 (10 40) (67 49) (13 43 66) (70 27 14 68) (34 45 16 37 9 38) (31 22 28 64 47 41 51) (20 35 33 1) (26 17) 36 (29 25 15) 44
28: (63 62) (47 37 60) 19 53 (15 17 35 40 7 25 4 45) (56 12) 59
29: (11 36 21) (35 58 43) (9 17 23) (47 54 10 50 63 7 64 57) 20 (8 38 25 4) (1 34 56 55 68 16 70 69) 62 (44 39 60) (66 52 33 6 26) (61 59 45) (29 14 42 27) (40 49 13) (48 31) (41 46 12 32 15) (67 22 30 28) (19 5) 37
30: (11 10 13 1) (51 23 7) 12 (54 25 56 70 2 48) 8 (45 43 33 50) (24 19 44) (14 3) (63 58) (18 60 52 64)
31: (17 48 3 36) (63 56 32) (67 11 38) 53 2
32: (56 68 70 62) (59 58 41 14 50) 31 (28 10 52 16 27) (48 61 4 9 7 40) 33 (37 44) (57 12 39 1 21 13 29 19 46 45 2 17 18 30 65) (26 11) (36 6 63 20) (24 3) (47 22 42) (64 15 69) (51 38)
33: (24 57 53) (35 11 4 36 27 51 31 14 13 52 58) 5 (30 55 19 9 3 48) 18 (26 32 62 29 12) 20 42 (6 68 67) (50 63 60 22 44 40 23 17)
34: (40 68 59 1 7 10 54 43 26 41 46 64 55) 13 (47 48 12 33) (19 25) 6 9 44 (69 38 18 4 22 23 5 27) 66 (37 42) (21 32)
35: (40 18 61) (27 54 4 28) 30 (23 14) (19 69 16 67) (8 62) (6 37 56) (32 64) (41 48) 50 52 (57 42 58 68) (35 59 2) 51 65 33 (20 1 29 49 66 63) 17 (3 36) 47 44 (26 25) 22 31 (60 7 46) (43 11 10 38) (9 55) 34 (13 21 5 45) 24 39 (15 12)
36: 30 (50 17 34 23) (70 5 57 56 48) 38 (1 51) (37 47 44 6) (46 69 12) (39 64 31 20 62) 19 (22 35) (40 53) 49 65 54 45 (63 43 25) (3 36 61 60 59 67 9) (14 26 2) (52 32 42) (13 33 10) (18 24) (29 21 11 68) (8 16) 55 27 (15 58) (28 41) 66
37: 31 47 57 (15 42 56 3 46) 66 (51 60) 30 70 (58 5) 22 8 (62 69) (43 52) 33 6 4 (61 65 18 9 10) 50 (48 59 53) 34 16 55 40 (38 29)
38: (41 19) 37 48 46 12 42 (61 62 56 25) 35 24 (34 69 52 47 9) (7 13 39) 66 (57 6 2 20 68 40) (70 53) (17 45 54 67) (14 36 58) (65 22) 38 (51 32 11) 15
39: 24 (9 63) (58 55 16 57) (49 34) 33 64 19 (1 48 15) 46 3 (5 22) 8 18 (44 50) (6 42) (65 30) (60 41 21) (27 61 13) (2 11 45 35 12 67) 69 51 (53 36 25 54) (68 29) 47 (38 62) 59
40: (60 3 10) 68 8 (11 32) 61 (36 55 59 65 29) (46 25) (26 37) 43 52 42 (41 67 4) 30
41: (59 61 43 53 28 16) (32 5) 52 (24 70 50 1) (64 45 9) (39 47 31) 14 (7 30) 58 51 38 20 (35 23) 68 (29 55) 65 (17 4 34 13) (3 57 25 63)
42: (44 7 59 15 26) (65 54) 27 (41 60) (57 49 9 29 11) (24 68) 55 31 (36 35)
43: (16 14 33 61 39 27 44) 70 43 (52 56) (8 42) (54 24 36 32) (26 19) 63 (15 66 67 6) (12 29 9) (25 69) (23 45) 20 59 (5 21) 51 65 3 40 30 (68 18 55 64 47) (2 57 50 46 11)
44: (53 45 59) (6 31)
45: (57 30) (39 16) (32 34) (60 12) 54
46: (33 37 60 9) (23 25 15 62) 6 46 (38 55) 69 (47 30) (44 57) (66 49 50 56 11 43)
47: (38 51 66 67 44 26 19 33) 37 22 (18 23) 61 (29 47) 15 (68 60 5) (58 54 13 3) (21 1) (43 62) (30 2 57 64) (52 31) 24 (16 11) 12 69 63 (41 53 28 9 7)
48: (57 24 26) (68 17 60 14 30 13 53) 63 6 41 (16 19 58) (48 29 70) (34 39 7 46) 18 (4 28 44 31 32 64 10 45) (56 36 33 8) (61 9 2) (51 59 21 66 27 3 5) 65
49: (70 37 28 3 27) (57 1 12 11) 58 39 (51 24) (68 32 7 22) 20 (62 50 9) (40 64 47 53 34 6 60) (31 21 38 17 54 33 18) (44 41 61) 66 (26 23 65 46 10)
50: (24 17 9 15) (60 38 48) 63 14 54 43 (8 65) (61 2) 18 (36 16 55) (30 13 46 28 37 56) (11 39) (32 52 25 49 1 5) (4 59 35) (31 3 51 21 45) (41 34) (50 23 6)
51: 13 (51 49 24 61) 29 (58 70 46) 62 (59 7 33) (47 18) (26 28 25 22) (57 8) (36 1 67) (9 69 3 44 16 42) (63 66 21 68) 37 19 (41 31) (50 54)
52: 6 (57 29) (63 12) (5 46 48 38 4) (45 43 24 49 34 21) 37 51 14 56 (17 59 61 64 41 7 11) 69 (39 13 22 19 3) (2 50 31) (35 52 70 55 25 67 68 40 10 36 44 26) (47 28) (62 30 33) (23 53 27 54 1 58 32)
53: 69 (1 66 4 19) 35 (22 42) (45 61 8 44) (33 37 3) (46 28 67 11 23 50) 40 2 58 (10 38 13 60 30 18 25) (55 59 49) 27 (16 68) (57 53 6 64 12 20) (56 47 65) 7 51 5 (43 41 70)
54: 17 56 (4 40) (22 58 27) (32 35) 3 (61 66 68 70 49 2) (8 13) (53 15 25 16 62 6 54) (11 31 50 12 28) (14 43) 7 (21 64) (65 26 23 9) 38 42
55: (66 63)
56: 67 66 (50 24) (52 64) (65 14)
57: 15 (5 11) 37 (43 60 10 67 45) 24 54 (52 7 70 50 40 22) (32 35 36 68) 23 21 53 (51 48 20 4 66) (3 12) (42 1 63 61) (64 29 46 16 18) 39 (59 56 57) (69 27 58) (41 38 65 28 55) 2 14
58: 52 (24 20 34) (39 29 2) (26 54 37 30) (10 42 9 4 32) 47 (46 65 25) 63 (3 12 56 28) 55 (43 45) (48 36) 11 64 (22 69 21 14 51) 68 (53 23 70) (44 15 49 1)
59: 42 (22 20 13 41 4) 65 40 (10 35 52 33 70) 58 29 (14 38 34 55) 45 (51 21 61 69) 54 57 37 (46 48) (31 36 59) 50 (32 56 5) 66 53 (8 6 15 7 12 23 3 9) 16 (67 1) (63 25 44 47) 19 (26 43)
60: (68 1) 4
61: 10 (68 7 67 41 46 8) 3 (63 34 64) (31 18 38 36) 47 28 (49 35 48) (60 12) 65 (19 42 61 9) (6 33 59)
62: (46 13 38) 14 19 (68 32 48 58 1 39) (23 36 8 11 5 25 64) (61 65) (24 33 52 26 69) 70 (60 22) 17 (31 57 51 41)
63: (6 51)
64: (27 54 13 18 64 25 68 24) 5 (60 34) (53 29 28) 36 45 1 (62 42 58 20) 57 21
65: (45 51 43 58) 61 23 (2 13 20 6 34 32 17) (50 28 22) 56 59
66: (65 52 41 7 4) 70 (13 39) (17 11) (29 15) 34 9 (66 50 5) (19 54 42) 46 (16 18) (61 28 8) (35 3) 60 (44 40 27 49 47) (69 51 24 22 32) 36 (59 10) (38 23) 67
67: (39 14) 54 (35 1 16) 44 (33 5 26 34 12) 10 (17 18) (64 66 58 41 67 53 9) (21 2) 65 (30 38 11) (3 51 6) 59 (40 4 52) 49 (31 28) (47 69) (48 15)
68: 4 1 (70 28) (67 43) 41
69: 56 6 (19 17 14) 9 46
70: (13 35) 38 54 (16 46 60) (47 17) 8 11 64 61 (63 70) 53 (20 2) (58 44 4 48 52) (41 37) 18 (36 55 3)
1: 58 27 57 16 (18 68) (49 34) (29 6) (13 50) 59 (47 14) (53 36) (41 15) (39 32 67) (60 11) (30 35 52 23) (4 62) (64 19 9 51 26)
2: (52 39 38) (12 48 8 58 2 65) (47 50 27 18 21 23 70 30 13 11 26 24 31) 57 (53 54) (10 16) 67 (32 43) 35 36 (14 4)
3: (24 8 58 52) 43 (57 59 48) (36 12 70) (6 11 51) (30 37) 31 (23 35) (18 9 47) 13 40 53 (2 49) 61 41 17 (39 21 50 67) (32 33 54 66)
4: 23 10 40 (58 11 53) 54 12 37 (19 3 16 60 41) (26 28) (35 33 9 66 13 70 52 50 1) (17 34 14 29 48 32) 68 18 (59 57 6 67)
5: (62 6 15 26) (24 50 39 29) 23 (14 8) (13 57 52) 53 (20 33) 43 (64 47 12) (41 67 59 48 35) (9 36) 37 21 (34 4) (11 66)
6: (32 34 44) (52 65 18) (23 46) 36 (53 37 54 50) 39 (61 33) (29 26 5 49 59) (67 12) 69 16 (63 35 17) 13 (8 43 10) (38 48 24 21)
7: 2 (51 29 49 8) (35 52 18 4 42 34) (14 57 48 32 12 59 61 47) (9 23) (41 28 6 26 11 38) (66 30) (21 53 54)
8: 2 (29 35 51 62 13) (21 50 39) (66 53 23) (26 37) (43 70) 12 17 36 10 (16 61 59 14) (30 5) (15 48) (54 8 40)
9: 37 18 25 8 26 (27 49) 39 (69 23 14 46 9 38) (4 34) (47 21) (61 42) 12 35 (19 29 51 66 58) 36 43 (59 32 41 48 54 50 13) (33 67)
10: (59 30 35) 18 5 53 (66 49 58) 37 14 26 52 57 48 19 23 6 (9 13 34 61 27) (17 67) (29 40 32) (12 36 24) 10
11: 17 (57 53) 42 (31 54 58 11 6 43 14 24 21 12) 29 23 (62 50 49 30) 33 (46 2 70 35 13 52 39 9) (66 38 32 40) (47 67 36 8)
12: (3 49 54 24) 45 38 33 12 59 (43 57 29 21 11) 47 (4 61 25 52 30) 26 58 36 (13 53 39 28) (67 35 32 8 34 5) 23
13: (64 54 33 66 26) 27 18 (23 32) (47 53) (12 41 29 48) 62 (52 59) (35 15) 38 13 (34 36 65 5) (39 2 30 16 51 11 21 24 70 50)
14: (30 67) (54 11) 57 (15 16 4 25 13) 59 (69 9) 5 (41 52) (35 56 29 48 33) 12 (58 43 27 50 62) 21 23 (17 1) (38 36) (26 32)
15: (32 54 28 12) (26 23 29 6) (38 58) (47 67 42 13 35 36) 59 (57 16 66 21 2 9) (50 46) 43 (4 37) 39 27
16: (51 45 19 14) (13 17 9 15 48 35 43) (50 41 26) (3 12 32) (53 66 54 23 18 29 59 25) 67 (24 57 27 47) (36 37) 70 39
17: 9 (52 26) (32 33) 29 (69 41 4 11) 17 66 (50 27 2 36) (13 54) (62 38) 67 (70 31 6) 23 (14 16) 48 7 (19 28 24 65 18 49 12) 35
18: 24 17 13 (32 51) 30 (61 37 19) (66 34) 49 43 39 26 (35 48) (70 47 12) 33 36 (18 64) (53 23 9) (57 14 67) 50
19: 18 (22 39) (32 6) (62 9 35 28 66) 48 (51 36 47 15) 30 (34 8 69 12 14) (59 2) (61 21 19 53) 29 1 (52 43) (38 26) (3 13 4) (33 23) 24
20: (16 27 32 70 64 29) 19 (38 13 26) (36 23 12 9 8 59 53 11) 15 41 (65 57 5 21) 20 (17 4 49) (58 43 18) (10 14 35) 33
21: 18 59 (47 49) (7 26 35) 50 36 (57 21) (39 29 12 32 51 24 48) (10 15 23) (34 52 64) (4 54 17) 58 67 (13 43) 14 8
22: (33 32) (16 4) (9 59 62 18) 53 (12 17) 14 (54 34 8 2 38) (26 13 35 21 15 27 3 24 49 52 65 23 36 37 58) 6 (51 47 57 66 39 29 25)
23: 33 36 49 59 (57 46) 9 16 (14 8) (65 58 41) 23 (30 21) (62 47 43) 25 (52 1) (5 12) (4 26) 54 35 (66 34 13 18) (15 11 50) (53 29)
24: 50 (47 16) (58 41 14) (51 52 66 9 4 33 57 32) (62 64 23 30 48) 39 42 (11 19 13 35 21 8) 18 43 49 (12 38 24 56 36)
25: 51 29 53 6 (16 35) 52 24 (28 13 23) 43 26 36 54 (41 11 62 30) 58 (50 34) (64 15 27 40 38 14 46 59 39)
26: 4 34 59 62 (67 27 1 36 54 40 52 42) (47 23 18 35 29 13) (49 48 58) 32 (19 33) (51 17) (26 14) (43 25) 24
27: (49 36 35 39 4) (42 27) (6 57) (24 43) (11 54 64 52 21 66 26) (12 53 18) 25 23 (34 14) 33 (13 48) (16 32) (9 8 29)
28: (67 13) (50 32 61 17) (29 11) (15 19 66) (57 9) 51 (24 49 64) (48 21 52 27) (47 25 26 16 58 8 23 6) (3 22 54 14 68 53 65) 36 (12 35 4) 41
29: 23 40 (9 57) (21 52) (14 32 24 29 12) (66 2 42 26) 35 1 51 (11 39 27) 16 37 (43 17) (13 48) (36 58) 47 (59 33) 64 (41 3)
30: (10 45 26 53) 23 40 46 50 (27 9 43 24 47) (41 32 14) (58 33 12) (22 6 5) (13 17 37) 29 39 (11 4) (48 35) (67 52 36)
31: 37 (27 44) (49 51 48 4 22) 62 21 (32 29 33) 42 18 59 (35 67 23 47 13 24) 10 (16 50) 61 11 8 (2 52 41 26 54) 15 36
32: (12 35) (31 48 52 58 65 49) (57 62 23 29 59 43 34 41) 13 (5 15 66 40 18 16 6 54 33) (36 45 50 26) 38
33: (34 4 53 61) 36 (8 27 59 23 30 67) (46 43) 39 (47 1 24) (29 35 62 21 52 37 49 48) (13 18) 6 (17 32 26 12 51) 14
34: 52 (45 37 35 39) 66 (36 67 23) 24 58 (12 50) 65 64 (14 13 16 49 6 1 29) 48 (41 26 17 61) 38 (59 19 27)
35: (33 14) (54 36 24 4) (50 66) (13 38 70) 23 (52 59) 28 (61 27 35) 2 (29 16 11 9 18 53) (42 26 57 67 41 39 8)
36: (43 59) (26 48 57 23 4) (17 31 27) (35 32 9 8 50 24) (38 62 66 39 40 33 15 2) (21 70) (61 42) 51 58 36 64 (29 13) (16 52) 14
37: 28 (35 34) (32 49 5 23 50) (26 40) (29 36 53) 14 (18 70) (8 27 51) (47 58) (13 38 52 15) (12 2) (57 19) (1 46) (59 9)
38: 35 (62 19 61 11 36) 21 (54 29 24) (31 46) (66 38 52 49 2 59) (41 26) 47 32 50 (34 23 9 67) (39 13 5 4 27) (37 53 70) 16 57
39: (45 13 18 52) 50 (36 14) 38 (19 21 6 8) 62 (66 26 43 11) (23 48 35 49 58 32) 67 41 (57 22) 29
40: (66 67) (36 49 52) (54 19 28) (5 13) (32 1 26) 12 11 (27 57) (3 4 37 14) (43 23 34 59 33 38) (35 53 15) 6 29
41: (47 59) (13 23) 36 (48 32) (35 9 14) (61 68) (2 49 3 40 25 26 52 42 67) (70 27 5 38) (50 10 34 51) (62 66) (39 19) (29 12 1) (57 6) 53 21
42: (12 64) 36 8 (35 61 33) 16 (58 40 27) 57 37 4 (13 43) (66 10 23 3 17 29) 14 59 (32 39) 21 (38 2 51 53 24 54) (5 26 34 11)
43: 30 (58 52) 16 29 (26 13) 34 (14 47) 1 53 (46 59 9 68) 50 (15 2 54) (40 11) (37 12 43) (65 41 6) (23 35 36 27 57)
44: 66 (18 13) (11 46 34 4 32 59) 26 19 (52 67 1) (16 70) 33 (47 21) (9 58 22 51 35 6) (24 23 53) 36 (2 42 43) 29 (48 30 49 27) 39
45: 14 (11 35 50) 17 (53 29 19 36) (16 23) 32 43 (30 64 18 57) 41 (65 59) (58 52 13 28 39) (2 38 44) (27 48 26 12)
46: (23 1) (69 48 70 14 50 57 52) (26 61 34 13) 9 (59 17 12) (19 37) 36 16 (24 4 58 40) 35 11 (51 29 46 62 49 3 6) 43 (32 53 38 39) 22 66 18
47: (11 21 36 9) (22 51) (25 38) (28 17) (23 26 32 58 14 52 27 46 47 29 67) 13 34 70 12 (24 37 19) 53 (35 43) 66 (61 18 3) 41 (49 59) (39 4)
48: (57 20) (25 50 36) 70 (29 30 39) (26 2) (12 4) (59 67) 16 33 (3 62 17 61 48 31 58 14) (13 38 37) (34 32) (52 35 21) (18 23)
49: 21 66 (51 6 23) (61 29 25 46) (52 2 58 36 26 42 17 16 15 39) (11 35) (9 1 50 53 12 67 3 18) (13 54) (14 27)
50: (7 26 18 39 37) (11 33) (52 23 41) (50 29) 9 51 (21 6 30 12 32 59 43) 56 (65 35 17 46 49) (36 13 57 53) 10 (16 54 1) 8 66
51: (49 41) (47 32) 13 53 30 (38 36) 67 (50 33 58) (27 62) 14 (26 43 24 63 66 57) (16 35) (5 21 59) (23 4 51 11) (8 52 65 37 39 48)
52: (29 12 37 32) (24 33) (56 50) 67 (57 58) (15 59 13 40 38 36) 30 (43 62) (1 21) 41 4 (10 23) (8 9 66 18) 52 (26 70 35 47)
53: 2 (53 28) (14 57 26) 39 9 70 (52 13 54 31) 64 33 37 38 23 (44 59 12 8 1) (5 48 67 49 15) (58 36 4 17) 41 47
54: (15 19) 45 3 (67 18) 35 (11 42) (24 16 47 23 26 70) (30 64 29 66) 51 13 (21 9) 39 50 (59 43 57 58) 34 38 (14 52 2 54) (36 49)
55: (12 42) 59 16 (33 37 57 9 29) 52 (36 50 11 13) (15 41) (22 24 58 43 26 6 4) 46 (2 34) (8 23 53 39 21 40 70 35)
56: (57 14 29 50) (48 26 31 53) (21 28 38) 35 43 59 (4 46 36 65 69 19 18) 23 (32 9 5 52 37) (58 30 22 13 8) 54
57: 48 (57 64) 21 (14 29 18) 41 (9 59 46 47) 51 42 (11 12 26 38 36 37) (23 35) 53 (43 4 33 62 1) 32 (45 2 16) (8 49 39 6) 52
58: (33 70 39 49 23 54 16) (13 65 9) (38 32 8) (64 37 36 3) (59 62 35) (52 29) 11 17 (51 57 30) 53 (41 21 12 14 67) (4 48) 47 18
59: (22 36 65) (26 43 19 39) (2 21) (53 41 50 14 28) (42 24) 18 11 (13 29) (59 67 8) (51 35) 40 37 (16 61 32 57 66 34) (23 48) (44 52)
60: (39 33 61 11 48 30) 28 (37 29) 12 6 (9 26) (14 27 47 13) (15 57 8 1 49) (10 66 64 5 4 46) (35 36) (40 22) 53 (24 50 45 42 23 18 62) 70
61: 17 (59 52 27 3 14 47) 62 43 (51 36 37 9) (39 38) 16 (61 23) (70 53 29 32 12 40) 49 (65 50) 54 (57 35) (41 48) 66
62: (36 29 47 46) 16 13 (35 64 52 23) (54 38) 37 (26 21 5 33 9) (49 32 4 28) (51 6 39 12) 15 (11 25) 2
63: (33 43) (51 52 61 32 19 59 9) (13 14 28 21 50 57 23 35 8) (47 58) (25 48 29 70 39 31 24 30) (16 12 26) (36 55 41)
64: 18 (47 57) (36 12 29 56 39 54 26) 27 (48 52) (32 6 70 43 30 16 58) 64 9 67 49 23 (34 13) (61 24) 14 (62 35) 53 41
65: (36 50 66) (38 49) (61 15 13) (37 23 39 17) 62 (26 1) (56 24) 48 (32 14) (57 40 8 25 54) (19 58 43) (67 42) (53 41 35) 59
66: 47 35 (67 53) 48 (23 29) (5 9) (34 15) (18 66) 13 36 (51 56) (4 27) (12 37 54 38 43 46) (2 59) 55 57 (49 8 21 17)
67: (53 31) 24 12 11 (9 29 35 23) 27 (52 39 66 67 25) (38 33 61) (56 15) 47 40 43 (51 36) (4 13) 59 68 57 16
68: 48 (58 29 54) (23 39) 52 (41 18) 32 53 (38 49) 34 27 (9 42 62 33 12) (64 26 60 61) (43 51 4) (17 11) 35 (15 36 24 57 40 47 14)
69: (57 18) (47 59) 21 9 (24 52 13 8 38) (37 66) (46 51 29) 67 35 15 (58 6) (5 16) 39 (4 53 43) 17 2 (34 32) (36 12) (62 26)
70: (26 59 11 12 54) (23 17) 58 1 3 30 (18 16 29) 48 (41 13) 6 24 (49 36) (9 37) (4 38 27 32) (62 52 43 66) (53 51 68) (14 57 70)
