70 70
1: (26 50 27 35)
2: (36 12 64) 15 (29 3 39) 35 (32 18) (69 54 20) (10 45)
3: (57 10) (12 16 4) (17 66 55 29 52) (33 69) 7 (43 9) 30 (38 65) 45 25 47 (40 49) 21 50 (54 8 31 70 48 63 3) (20 62) (14 39 41) (18 59 37) (56 1) (5 46) (34 32) 27
4: 30 56 (26 13 63 11 10) 44 (42 49 62 24) (52 32) 21 46 43 (50 33 66) (23 41 5 58) 53 (25 16 45 54) (31 70) (47 48 65 28 68 15 60 4) 29 (57 9) (39 34) (36 8) (1 35) (55 12) (6 7 19 38) 3 (2 67) 22 61 (20 51 69 37 27) (14 59) (40 17)
5: (10 66)
6: (1 42) 60 28 (54 45 57 4) (15 36)
7: 25 (12 31 26)
8: 61 (70 35) (44 50 26 14) 54 (30 60 6 58 8 21 5) (20 56) (9 48) (57 31 38 23 7 55 41) (18 19) 16
9: (23 42) (17 40 19) 8 (31 5 18 46) (47 50 67) 15 (63 41 32 45 34 44) (43 24 37 66 14) 51 (26 57 33 22 49) (30 39) 64 (27 12 38) (4 20 3) 58 (28 61) (36 68) (25 70) 52 54 (65 60 7) 11 (48 53 59 69 13 29) 55 10 (9 56 21 35 62 6) (1 16)
10: (51 22 55 24) (43 3 60 62) (10 19) (7 5 41 8) (34 45) (63 70) (58 69) (38 61) 66 (59 15) 13 (26 9) 17 23 (46 18 35 50) (44 67) (4 6 25) (27 33) 47 (31 56 53 37) (28 57) (2 21 42) (20 40)
11: (39 20 33 11 15) 37 (34 65 40 14) (8 17 47 9 57) 1 69 (50 38 54) (19 41) (59 22 51 48) (36 61 16 29 63) (13 64) (21 27 35) 25 (58 32 10) (49 42 52 30 43 28 23 5 4 46 62) (12 31 7) 6 53
12: (31 33 66 58 13) (59 23 64 37) (12 48) 11 20 (18 55 45 35 36 54 49 65) 27 30 (34 40) (60 6 56) (14 25) 2
13: (69 41) 28 3 (43 52) 62 11 (46 55 39) 27 45 (22 44) 18 (1 15 64 6) (14 17 8 7 49 35 32 29 4 67 13) 68 (61 9) (20 21 54) (70 2) 34 50 (47 56) (63 42 16) 12
14: (58 51 42)
15: (61 67) (51 50) 54 13 (48 44) (27 29 41 5 65 16 31 60) (43 35) 58 (15 18) 36 (25 28) 69 (59 70 30 19 63 49) 10 (7 42 56 40) 34 (46 55) 12 (39 64 26 24) (21 32 62) (3 4 6 37 9) (53 38 47 66 45 33 22 1) 68 2
16: (49 37 63) (55 19 11) (56 39 4 44 8) (17 28 5 42) (35 65 9 41) 13 (51 14 64 22 53 15 59) (36 54 47 26) 23 21
17: 44 3 (61 34 48 55 45 15 18) (49 37) (40 38) 4 20 9 (11 2) (52 12 57 26) 22 (42 65) (7 67) (10 66 24) (59 63 29 53 14 17 50) 51 6
18: 68 (55 3) 28 (21 53 32 29 8) 70 6 (60 41) 43 37 (5 22) 13 48 (34 62) 9 36 (19 64) (26 39) (30 18 10) (7 16 23 57 63 45) 27 (25 61 67) (12 40) (14 54 11 49) (59 31 65 33 51) (46 47 52) (17 56 42 4 58)
19: 17 (30 32) 42 (23 54 43 14) (4 50 19)
20: (44 37 54) 29 (7 35 55) (2 34 53 45 62) (15 60) (49 51) (23 1) (27 40) (70 31 12) 50
21: 29 (48 16 33) 60 (26 39)
22: (29 35 46 37 26) 60 19 (31 39 51) (4 53 64 27 48 6 14) (34 67) (49 7) (22 25 32) (43 68 13) (28 61 33 52) 45 18 (24 23) 42 (30 2 16 41 36 5) (56 38) (9 3) (11 21) (12 57 40 63 65 20 58 47 50)
23: (32 31) (48 64) 39 (1 19 37 40 58 27 22) (44 10) (16 38) (43 5) (33 55 11) (20 4) (21 28 14 24 62) 51 (18 57 45 53)
24: 51 32 (12 31 39 48) (47 54) 2 21 6 (23 22 15) 41 (55 18 46)
25: (59 31) 53 7
26: (23 53 16) (20 52)
27: (66 20 45 49 28 33 4) 27 (63 58 50) (47 1 22 64) (36 53 10 32 3) (17 43 2 59 70 30 11) (51 26 24 61)
28: (1 31 58 51 54 65) (21 61 49) 19 68 43 29 (14 8 35 5 15) (16 22) 50 42 (6 57) 63 62 (9 59 3 28 32 34) (13 64 11) (20 17) (2 23) 36 (48 53 12) 18 (40 37) 39
29: 10 (55 12 27 49) (18 28 25) 66 15 42 (3 48 21 63) (68 23 37 14) 7 (50 35 53 1) (64 13 16 36 31 52) 11 32 65 (24 19 29 20 2) 22 43 38 (58 8) (26 40 44 17) (4 57 59 39) (41 51 67 69) 60 9
30: 43 6 50 (63 70 28 9 69 15 35 46) (61 2 11 55 37 67 66) (59 42) (16 4 19) 7 (23 8 25 21) (52 48) 47 62 38 49 (53 56 58 22) 26 (18 68 57 34 12 45 32 31) 27
31: (51 66) 42 65 4
32: 52 (65 40 29) 23 27 47 (60 17) 64 51 (54 39 55 7 9 19 6 58) (50 5 41) 12 (34 8) (44 37 56) (10 35 68)
33: (13 57 40) 69 (7 50 16 56) (62 25)
34: (66 6) (17 63) (3 19) 48 49 (26 43 27) 42 (4 22) 38 (44 59 36 68) 7
35: (56 2 39 46 5 35) (7 61) 68 31 (30 41) 57 (55 51 8 60) 50 28 25 42 (38 29 62 52) (10 54) (69 34 27 11 40) (36 53) (18 14 65) 22 (9 21 26 59)
36: 5 (54 49) 46 (37 43 64 38 27) 8 36 (57 32) 69 (2 58) (42 21) (24 7 30 16 51 23 31 22 65 52 1 4 3 48 12) 13 53 55 56 (63 15) (62 17 18) (29 50) 28 66 (67 14 39) (34 68 19 10 40 47) (60 45 61 20 35) 41 (33 44 26)
37: (31 67 68 1) (62 35) 58 (20 50) (56 3 63 54 6 4 23) 66 (70 30 42) 64 29 (15 33 11) 36
38: (16 56) (9 64 20 1 31 21 4 61 29) 2 (13 67) (58 69 39 32) (26 14 3 7) 55 (15 70) 60 (47 65 37 40 18 38 52 66 42 49) 57 68 (36 5 51) 34 (54 59) 11 (23 33) 48 43 8
39: (33 69) (60 55) 10 (32 28 45 17 49 65 26 5 31) 57 25 (18 47) (38 7 66 2) (6 27 14) 24 3 (63 34) (22 40 70) 42 30
40: 19 (32 64 5 50) (63 66 45 44 40 15) (51 61 35 36) (48 18 31 16 7) (21 39 10) (12 9 70 57) 53 (30 20) (54 59) 41 67 25 (37 52 26 14) (27 43 68 56 8 4 69) 38 (62 2 29) 60 33 (65 47 11 6 24 13 55 49 23) 3 28 (1 22 46) 17
41: 62 27
42: (48 27) (49 46) (32 23) 34 (37 64 47 39) (44 14) (63 18 2 52 51 45 58 4 38 1 24) 56 13 (61 54 15 40) 65 67 (22 26) 35
43: 12 (23 40) 21 43 (48 69 16 9) 55 68 (66 59 27) (10 45) (1 51 37) (42 4 65 41 46) (3 62 50 49 39) (2 18 7 53) (36 38 64 35 54) (52 32 30 34) 58 60 (13 14 61 33) (31 67 5 15 57 11 17 56 63 24) (44 8 19 25 20 26 28) 29 70
44: 6 (15 13 19) 40 39 (21 35) 42 30 29 (47 27) 41 (4 22 64 53 43) (11 18 24) 56 (36 5) (9 32 67) (66 34 38 3 58 25 63) 26 (16 70) (54 61) 68 57
45: (53 6 48) 30 (68 54 19) (4 56 69 16 52 39 62) (64 66 63 3 55 45 8)
46: 53 (37 18 59 35 22 23) (47 55 29 65 25 39 9) 6 (13 57 66 15 33 3) (56 42) (58 30 70 68) 52 (27 17 41) (34 63 48) 20 (40 12 8) 32 64
47: (62 70) (14 12 38 2 52) (35 1 61) 20 (25 49)
48: 4 (37 54 10 57 30 51 31) (44 61 23)
49: (60 7 6) (42 55) (61 39 38) 25 (3 26 41 28) 70 11 (21 24 10) (50 52 18 30 56 1 67 19 47 40) (63 53)
50: (2 60 22 65) (27 10) (47 49) 26 24 41 68 63 (43 57) (9 17) (23 1) (58 31) (15 66 21 13 18) (40 3) 8 (20 64) 52 42 (44 62) (36 16 32) (54 53 59 51 38) (45 6 25 14 35) 56 (33 55) (37 29) (61 50 28)
51: 60 (37 14 7 42 30 69) (43 11) 62 (51 57) (63 64 16 28 22) 5 59 (47 19 25) (34 13) (4 65) 54 53 (50 1 12 68 66) (56 38) 3 (8 31) 18 (10 44 20 29) (6 58 36 46 32 27) (2 9) (70 17 67 33 15 45) 41 48 61 (52 23) 21 24 (49 39) 35
52: (29 30) (52 64 24) (61 10 49 26 70) (35 39) 23 7 (32 1 69) (18 58 22 44 59 17)
53: (55 62 20 31 41) (10 19 15 35 24 52 29) (12 9 59) (63 14 28) (1 44 3 18 53) 30
54: 48 13 30 (20 14 12 61 29) 35 (43 23 33)
55: (68 41) 2 (57 56 60) 49 5 (26 25) (15 11 62) 47 (36 8)
56: (11 65 4 30 24 10) 38 60 68 (59 22 45) (6 27 23 9) 44 29 (35 50 42 61) (2 62) 26 (32 37) 17 (3 21) 31 (51 56) 54 57 16 (18 41) (46 48 13) 8 64 (69 12) (40 70) (34 66) (55 53)
57: (52 66) (43 51 62 8 67) (19 40) 57 27 64 (5 2) 6 (58 53 28 12) (29 47 30) (44 25) 56 (60 17 36 38) 15 (7 45) (55 14) 21 (48 65)
58: 65 56 36 (47 10 31 22 20) 64 (48 37 33) (13 35) (40 69 59 39 70 27 26) 24 12 (62 67 16) (58 53 8) 15 (30 43) 45 (11 55 60 34 52) 49 (4 32) 7 (54 6)
59: (31 27) 55 (25 14 24 60 70 18 36 21 64 23 28 33 68) 53 (29 34 65 1 4 30 58 49) (35 39 7 26 20 52 56) (10 2) (46 61 62 63 15 13 59 17 44 43 19 54 12) (42 45) (48 9 47 57) (16 41 6 37) (40 51) (8 11 67 69) (3 5 66 22) 38 50 32
60: (46 15) (65 33) 10 49 (29 32 55) 56 (22 68 31) (48 66 28 4) (41 12 19 27 58) (59 20) 63 (16 11) 45 34 70
61: (19 61 42) 65
62: 18 8 21 (17 39) (31 42 55 4 10 37) 47 (58 52 57) (56 38) 54 23 (61 11 16) (32 12)
63: (60 24 11) 42 (14 68) 22 25 65 (35 12 34 66)
64: (49 51 60) (40 33) 48 (61 22 10 47) (8 21 24) (55 7) 12 (19 37) (27 5) 13 (15 64) 70 (11 14 43) (65 32 35) 44 (62 16 26) (28 46 34 3 23 25) 66 (6 39 18 41 52 42 38 56 2 58 1 17) (9 63 69)
65: (47 70 48 42) (2 16) 58 53 32 9 15 (28 14) (31 52) (20 25) 46 21 (59 67) 56 (51 68) (65 4 57 40) (43 50) (11 13 66 26) 64 (23 5 22 35 29 12)
66: (19 51 6 62 7) 21 34 40 61 31 2
67: 69 (8 3 25) (18 10 29 17) (16 45 35) 19 (55 57 63 4 62 2 65 50)
68: 2 (18 7) 62 23 (38 70) (12 20) (5 30) 68 (63 65) 69 (48 16) (28 26 42 51 50 6) 35 66 53
69: (36 47 31 63) (34 53 24 70 69 19 3) (26 2)
70: (67 10) (70 43 24 60 26 63 22 17)
1: (52 29 36) 6 3 (49 51 23) (4 11 50) (43 15 40) (59 28) (27 64 13 53) (9 38 42 37) (20 47)
2: 43 (56 10 39) (35 30) 42 (51 29) 66 (47 28 40) (59 38) (12 64 24 57) (4 65) 13 (17 20) (55 22 36 15) (68 50) 69 (67 27)
3: (64 36) (10 3) 50 (18 69) 56 34 (45 4) 27 (9 38) 37 (53 39 67 46 51 59) (40 28 13) 22 15 17 29 (49 43 44 2)
4: (31 29) (40 16 38 17 60 30 51) (67 56 18) (22 9 10 37 48 11 15 45) 43 59 (65 19) (42 23) (58 13 36 27 3) (4 62 6 34) 44
5: 43 (55 68 51) (40 22 11 9 28) (8 23 32) 44 (15 35 4) 3 (10 65) (64 57 59 38 16) 18 39 36
6: 59 8 (32 4 12) 64 (37 66 46 10) (45 56) (9 68) (22 58) (50 17) (49 15 40 28 39 13) 30 (44 34) (57 11 51 18 24)
7: (9 38 11) (66 32) (51 40) (36 3 58) (8 13 30 20 43) (52 18 10 25 68 15 22 33) (64 59) 29 (35 4) 34 39 (57 17 49)
8: 58 (46 56 50 36 3) (67 43) (64 35 29) 11 (30 59) 57 55 (10 8 28 13 4 32) 51 (38 16 9) 45 (62 18 40)
9: (46 50 13) 35 8 29 56 (38 22 44 53 9) 11 (16 32 15 59) 4 43 (17 3 64 65 30 18 10) (51 28 40)
10: 23 62 (51 40 52 32 36 67 35 10 3 70 4) (50 27 58) (18 64 56 43) 60 29 48 39 (9 59 15 5) (2 53 11 17 49)
11: 38 29 (44 18) (22 4) 59 (37 63) (40 43) (11 56 16 27) 58 (49 35 64) 62 13 12 (55 28 30 60 17 23 9) (65 51)
12: 9 32 (24 56 18 3) (15 40 11) (53 65 36) 46 (17 43 20 29 22) (28 51) 63 54 7 (47 12) 62 (13 2 60) 68 64 (58 4) 59 57 30
13: 54 42 (44 11 16 38) (40 43 59 4 56 29 65) (28 9) 12 (10 13 51 18 58) (64 22 46 36) (33 50 15)
14: (16 8 36) (59 28 22) 23 (51 13 3 9 11) (17 29) (50 57 38) (40 19 42 35) (18 65 4 39) (47 43 64 54 63) (12 53)
15: (10 24 42 9 13 65) (37 58) (38 64 6) (55 59) (46 2) 17 (57 15 44 36 40) (30 53) (29 16 4 51 60 50 20 11 43) 28
16: (51 26) (21 15) 3 (65 56) (18 36) 64 13 (59 30 67 9) (4 23 22) (45 50 58 8) 11 44 (33 68 29) (40 60 62 43) (38 28)
17: (32 9) 17 10 40 (46 52) (70 18) (43 4 36 28) (16 3) (50 11) 57 (19 67 29) (51 27 56 34) (64 59) (62 13 39)
18: (17 62 52) (9 51) (64 36 29 22 53) (44 38) 15 (12 40) 46 (28 10) (50 24 30 49 42 13) 56 (67 2 68 59 39) (8 18 35) 23 (3 43)
19: (51 29) (16 59 67 4) (19 45 44) (23 60 64) (43 11 34 61 57) (8 49 10 53) 30 (36 32 69 22 66 28) (9 18) 40 15
20: 37 47 59 (46 60 68) (10 36) (38 65 28 29 51 40) (3 8 27 53) 4 (26 54 22 13) (50 43) 23 2 (58 11 17) (12 9)
21: (38 22 29 56 24 8 30) (50 59) 10 (44 4 35) (57 49 23) 18 36 (9 16 40 62 64 51 65) (43 66 28) (13 11 3) 15
22: (30 40 70) 56 (11 51 42 27 18 16 63 24 60 59 23 64 46 52 39 58 50) 35 36 34 44 (9 65) (28 29 15) 17 22 (4 10 13)
23: (10 18 64) 4 (26 54 8 59 65 68 52 19 9 37 24) 51 40 (48 30 22 36 56) 29 38 42 (12 62) 11 (43 20) 32 16 (28 46 50)
24: (29 50 44 43 63 52 22 23 27 9 70 10 17 15 49) (36 69) (51 40 42 56 64 59 53 39 58 4)
25: (51 22 30 43) (57 63 4) 59 15 (10 9) 33 46 (50 49) 64 (35 47 55 12) (44 3) (67 11) (65 40 18 29 39 7)
26: 55 43 44 4 16 (64 52 15 27 68) 56 (7 21 70 30 40 17 59) (38 9 50 35 65 58 36 18) (42 1) (22 49 29 10 34) 69 (8 39)
27: 44 (18 30 22 3 15 41 11 13) (46 42) 56 (32 27 1 20 12 34 35) (43 36) (64 60) (58 9) 39 40 (51 10 4) 29 (50 23 59) 57
28: (18 30 59 57) 60 65 10 16 (64 11) (29 27 22 68) (6 35) (49 50) (51 15) (4 28 40 13) (9 36 23 43 39) 53
29: 35 50 (43 4 37 36 52 11 53) (28 40) (56 65 2) (9 54 21 38 18) (15 59 60 44 67) (17 29) 22 (20 3 57 32) (51 13) 46
30: (44 68) (27 54) 51 (36 9 53 11 58) 40 18 8 19 56 (43 37) (59 4 49 57 12) 48 15 (45 3 35) (46 39 52 22)
31: 60 (37 11) 50 30 (28 39) (53 58 51) (12 48 38 59 20 18 62 40) (29 23 22 65 35 56 36 9) (8 4 43 15 69 24 10) (3 66 25 7)
32: 27 (24 9) (60 65 22 62) (3 36) (43 29 59 44 18 46 52) (23 13 38) (58 2 4) (51 30 28 42) (39 15) (56 19) (64 40 11 50)
33: (9 36 4 10 51) (38 58 43) (18 60 27 50) 23 (22 11) 64 (54 37 46) (59 40 3) 39 15 (21 12)
34: (35 38) (4 69) 22 (17 15 18 9 32) (63 42) (20 3 36 58 12 43 66 64) (13 60) 51 28 46 44 (56 11 39) (10 30) 59
35: 11 (40 46 68 2) (20 54) (67 50) (63 43) 65 52 (35 9) (22 53) (10 28 64 12 58 44 47) (29 36 30 59 56 4) 51 32 37 (42 8) (13 16 1) 15
36: 69 (16 44 4) (22 11 9 51 6 34 57) (36 43 37 2 12) 18 55 59 (35 50) (38 27 28 15 29 58) 40
37: (23 22 43 48) 12 (4 20 10) (51 50 16 58) 62 (56 29 36 38) (32 9) (40 15) (42 64 3 46) 18 11 (17 28) (59 30)
38: (4 30) (36 11) (49 57 35) 3 17 (62 50 44) (15 34) 22 10 9 (68 39 29 8 47 38 42) 56 43 (64 23 59) (40 51)
39: (36 62) (49 28) (35 13 22) (46 23 45) (51 11 42 15) (38 58 16) (4 21 52 44 3) 29 32 (40 2 24 9) (18 59 64 43)
40: (65 58 56 17 46 12 39) 35 (49 22) (42 64 18 15 4 57 23 33) (38 36 28) (29 59 9 32) 44 (3 50 66) (10 20) (43 11 40)
41: (56 4) (55 46) 32 (64 11 49) (40 60) (3 16) 43 (59 24) 51 44 (29 15) (53 18) (9 36) 13 (50 35 10 8 22)
42: (11 13 68) (28 22 64 43 36 18) 37 (4 63) (39 50) (44 17 49 34) (62 51 65) 56 16 6 (10 15) (31 46 19) (9 29 61 14 59) 38 (35 30)
43: 11 (22 54) 4 (9 59 43 36 28 29) (51 50 23) 18 (57 34 3 27 10 70) (65 13 44 30) 19 58 (64 40 38) 15
44: (52 4) (17 48) (15 10 36 64 8 13 34 59) (29 32 57) 23 (53 50) 9 42 51 16 (40 20 43) 56
45: 59 (40 50) 27 51 23 (60 20) 43 (17 57 67 10 12 39 56 58) (9 13) (22 30) (4 36 18 2) (42 15 3 6 45)
46: 60 (24 9) 35 (59 13 51) (64 42) (65 40 56 22 10 15) 11 36 (43 4) (18 30 3)
47: (57 42) (27 11) (44 9) 40 65 (13 32) (15 58 51 62 55 10 64 46) 39 3 (18 38) 49 24 (36 30 59 22 16 4 69 50)
48: 34 (4 12) (42 21 51 23 43) 28 (57 15) 9 45 64 (18 17 68 54 36 60) (3 56) 30 22 (38 8 40) (59 46 65 11 29 58) 24
49: 9 (47 52) (59 64 27 13) (50 18) (36 12 58) 22 16 29 11 (43 20 55) (34 51) (17 38) (28 15) 30 (4 42) (39 40) (3 60)
50: 68 (65 17) 8 (10 15 3 67) (40 49 32) (27 19 43 50 35) 22 13 (1 36 20 37) 56 9 51 4 28 (29 59 11 30 33)
51: (22 42 14 18) (29 57 48 31 40 36 59) 35 (66 32 16) (38 28) 68 10 (64 51 9 4) (23 17) 43 (27 24) (11 15) (65 56 50 20)
52: 46 (9 45 47) (49 51 13) (4 57) (50 26 59 32) (65 11) (3 22 53) (36 29) 43 (18 62) (64 40 58 38) (30 42 35 17) 52
53: 51 27 (56 30) 49 (53 57 26) (4 69) 45 (40 11) (35 29 36) 46 65 (25 23) (10 16) 68 (18 43 44) (9 28 50) (22 58 15 17) 59 20
54: (15 28 59 43 6 3 24 40) (13 56 36) 2 51 (18 35 4 19 16 58 62 44 42) (8 45 9) 38 (11 12 32) (37 20 50) 48
55: (17 67) (23 20 45 8) 56 57 35 3 (58 24) 18 38 32 (16 36) (4 59) 50 (12 62) 10 46 (9 39 64 60) 29 (43 15 30 49) (53 40) 13
56: (50 64) (9 43) (8 12 49 35 30) (15 58) (16 33 3 18) (51 38 42 46) 22 32 (4 55 62 10) (60 37 13 65) 45 36 (40 44) 59 56 57
57: (67 6 28 30) (62 57 38 17) 33 (9 51) (44 46 4 23) 40 48 (35 29 10) 59 3 (36 8 50 18) 22 11 (65 39) 56 43 55
58: (62 36) 51 (52 43) (14 12 23) (65 9 8 15) (57 4 29) (28 11 50 38) 18 (27 10) 42 (32 64 30 22) 44 (37 58) 60 (46 59)
59: (52 65) 43 (10 27 58 30) (34 3 29 59 38 16 25 40) (50 46 12) 4 11 (60 35 53) (15 28 56) (17 18 51) 9
60: (55 22) 36 6 (35 40) (43 29 59) (56 9 18) 8 (38 70) (12 10 32 21 4 57 20 15 39 58 51) (50 63 64 49)
61: 11 (17 38 49) 61 (18 22 28) (35 43) 44 (40 54 48) (9 50) 51 (27 52) 36 (42 4 13) 30 10 (66 64) (59 47) (15 8 56 62)
62: 40 (57 30 67 55 13) 4 (41 35 56) (10 18) 66 (33 20 43 51 3 47 64) 37 (68 36 15 50 58 11 45 23 53) 28 59 9
63: (3 30) (59 27) (34 43 9 13 44 68) (15 17 4 18 50) 37 (51 10 28 69) (22 16) (42 53 11) 45 46 (39 29 70 67 36 60) (40 49 64)
64: 52 (44 11 40 28) (50 18) (37 16 9 2 12 23 58 65) (43 42) (13 51 15 36 27) (38 32) 57 (59 29) (64 45 56) 22 46
65: (28 67) 58 16 (68 56 42 22 59 9) (4 17 65) (35 51 50) 15 32 57 (63 61) 3 36 40 64 (31 18 60) (29 11 43 46) 38 (39 12)
66: (64 10 5) 4 (36 43) (37 12) (38 34 31 15) 39 50 (40 27) 59 (57 63 3 46 9 17) (56 65 29 68 30) (60 51) (44 45)
67: (37 9 18 30 15 4 40 38) 70 (44 65 42) (59 36 17) 49 58 10 (13 51 43) 29 (57 22)
68: 18 (68 32 13 30 38 63 22) 60 45 (35 50) 9 (29 28 55 15 40 36 44) 65 4 43 51 34 59 56 46 37
69: 29 64 (69 38 68) 9 (52 35 10) 11 (36 40 15 13 43 2) (33 51 67 45 4) (58 30 56 39) (3 59)
70: 59 38 (56 9 51 13 18 40 27) (8 30) 4 (68 20 64) (58 44 39 69) (46 65) (70 43 49 15) 37 (47 52) (60 3) 10
