70 70
1: (58 50 15 34) (35 6 20 40 45 37 29 46 32) (69 31 28) 26 (60 16 2 27) (12 39 22 64 11 57 48 13 24 30 19 62 36 38 59) (4 10) (23 1 51) 42 (21 54) (9 33)
2: (60 57 49 53) 32 (7 36 24 21) (16 58) (33 61 42) (29 30 23 44 17) (59 41) (18 10) (52 20)
3: (1 3 14) 42 6 (65 59) (50 39 40) (26 48) (63 38) (17 44) (21 11) 45 (30 4 46 58) 54 23 55 (64 2) (35 31 32) 27 9 12 60 (20 66) 52 (22 29 41 62) (15 16) (24 34 69) 43 56
4: (45 69) (37 57) (11 60 8) (9 2 48 35 38 49) 19 42 (47 53 34) 21 66 (63 27 39) (64 67 61) (15 18 40 65 13 25) (6 55 54)
5: (46 58 4 45 67) 48 22
6: (59 7) (32 38 20 43 13 36 65 63 56) 18 26 9 (10 47) (29 68) 61 (60 22 16 45 51) 17 (48 55) (40 57 11 62) 44 (54 58 52 24 1 42) 33
7: (38 18) (55 40) (5 22) 61 31 45 (54 28 62) (53 39 32) (8 13 20) (9 30 11 59 7 19) 6 (16 2 3 60) (57 26) 49 56 (69 12) 41 (58 47) 34 21 (29 46 10) 37 (63 24) (44 48 1 42 35) 33 (43 15 14 68) (65 64 36) (50 27) (66 52) 17
8: 37 (62 30) (63 50) (46 39 1) (5 22)
9: (30 15) (11 58 9) (18 16 32 54 29) 2 (28 62) (14 31 44 56) 59 (12 22 4 55 17 38) 69 (48 21 50 57 13) (26 33 47 53) 35 (19 34 70) 37 46 (68 66 61) (43 6 65) (8 45) (63 7 67 60 3) 1 20 64 (40 23)
10: (47 6 28) (69 25 45 30 31) 22 (33 51) 70 (53 24 15) (64 18) (10 37 57) (27 46 63 56 62)
11: 20 70 (59 35 8 57 36 47) (55 17) 29 (5 46) 43 (44 19) 10 50 (53 66 25) 1 (4 28) (9 33) (54 34 45) (68 62 18 60 12 64) (15 14 21 30 2) 56 (51 6) 22 (23 32 69) (48 11 26) 42 (39 13)
12: (51 18 50 6 38 60 61) (2 55 39) (59 66 9 14 41)
13: 1 (42 69 37 68 51) 5 46 (8 27) (2 59 32 56 18) 24 (6 38 50) 22 66 29 (28 31) 36 (11 26 21 19) (53 70) (35 55 48 52) (63 16) 54 57 20 58 47 45 (4 15) 65 (49 23 67) (7 12 10) (62 14 25) (61 13) (41 34 17 33 60) (44 9 64)
14: 50 42 (32 56) (15 39 58 35 9 45 60 12 57) (48 69 44) (54 24 66 61 26) (10 31 64 21 70 16 34) (23 14 29 7) (3 8 38 22 5) 62
15: (68 46 15 41 45) 20 (29 50 59 10) (31 3 19) (24 65 64 33 44 23 13 62 63 69 61 12) (53 18 8 26) 38 16 (48 32 14 17) (37 35 30) 39 (25 60 5 11) 70 (43 42) 47 (49 55 40)
16: 19 (41 4) (52 38) (40 17 8 48 29 65 18) (61 54 67 53) (39 64 14 44) (37 13 24) 51 (47 35 27 50 63 62) 45 22 (66 36) (26 68 5 33 46 9)
17: (61 5 10 40) 42 (51 8) 13 41 (49 65 64) (29 43) 58 23 (62 18) (52 47 34 17 67) 35
18: 38 3 (49 70 40) 43 29 25 (20 60 68 59 66) (14 16) (54 4 46 67) (62 10 15)
19: 47 55 (1 24) (20 58 5 19 21) (64 31 69 3 48 66)
20: (64 6) (60 43 40 48 49 7 33 46) (13 34)
21: 58 11 (36 65) (21 37 12 29) 51 (67 54) (40 60 39 27) (64 59 49) (2 38 9) (43 62) (32 31) (61 42) (8 45 13)
22: (39 4 31 27) 22 (63 5 30 35 41) (42 17 20) 8 69 50 (19 45 25 65) (67 10 1 53 14) (28 7 16) 24 (62 33) 49 3 12 13 23 (61 70 47)
23: (21 39 36) 50 (11 63) (24 45 9 38 42 55 65) 68 (32 5 56 41 47 62) 49 (6 61 27) 37 (4 13 59 31 19) (60 51 23) (20 8 35 18 16 15 48 25) (70 2 67 33 52 12) 1 (14 22 29) (58 69 7 64 3 30 17 34 40) (66 10)
24: (8 4 17 67) (54 28) (22 32) 43 37 33 (15 19 45) (12 35) 56 21 30 39 31 (2 14) (68 5 24) 61 10 (53 50 7) (11 62 26 59 25 47 38) (63 29 49 40) 60 3 (27 41)
25: (3 66)
26: (12 45) 18 41
27: 63 15 (14 27) (2 7) (44 20 19 61) (24 57) (33 28 10) 6 (64 8 13) (36 1)
28: 63 59 7 (60 57 52) (8 36 26) 28 (12 38 40 68) 21 6 (54 2)
29: 59 34 58 (63 4) (42 38) 16 (40 65) (19 66 7) (8 64 44 17) (10 11) 48
30: (40 1 58) 2 (43 37)
31: (44 53 43 18 12) (59 25 52) (48 11 39 22 1 51 13 34 16) 4 49 36 (41 23 32 70) (65 3) 9 (40 62) 31 (8 30 35 58) (38 66) (21 5 61) 2 24 46 57 33 (55 60) (15 19 27) (20 47 6 28 17 29) (50 37) (54 69) 10
32: 36 (41 54 27 14) 42 69 (53 4) (59 64) (22 13 9) (44 26 39) (17 24 35) (21 47 34) (33 52 49 11)
33: (35 30 19) (28 6) 15 (67 16 11 66) 10 (60 59) (47 8 39) 62 17 (5 65) 41 (48 18 38 49) 4
34: (30 54 29) 67 (51 33) (26 34 62 9 48 11 32 1 42) (27 61 38 64) (14 16 59 13) (58 22 63 56) (24 35 21) (44 40)
35: 14 (17 6) (54 21 64 55 11) 65 (70 24 43 8 9)
36: (56 47 40) (22 19) 51 58 69 7
37: 56 (19 12) 9 (11 34 59 21 48) 52 (63 44 1) 7 25 (41 61) 67
38: (7 39) (3 12) (62 16 17 45) 34 56 (53 21 52) 44 (27 29) (68 61 6 10 57) 51
39: 14
40: 9 15 20 16 (52 55 40 47) (11 35 34 26) (39 66 5 19 70 4 49) 68
41: 28 (10 5) (36 12) (35 3) (27 52) (25 46) 13 (63 51) (8 57) 59 (15 31) (62 9 32) 6 (56 38) 50 21
42: (16 24) (1 42) (54 26 44 63 55 30 21) 27 (7 23 65) (3 28 22 57) 6 (29 11 43 52) 25 (34 19 32) (69 5 4) 56 (14 33) (60 51 64) (45 10 9) (15 18) 8 (36 12) 41 35 (2 49 38) (62 20) (70 39) 17 67 66 50 (61 59 47) 13 (46 40 48 37) 58
43: 38 50
44: (17 41 60) (33 54) (49 65) (18 37 63 1) 52 (66 69) 55 20 (15 10 43 23) (8 22) (70 5 57) (50 4 12 67 58 40 68 19 27 6 9 29) 53 (24 47 28 25) 21 (13 16)
45: (52 27) 34 36
46: (35 39) 60 (40 64 68)
47: (25 67 53 69) 42 (47 17 62) (40 56) (36 20) 51 65
48: (37 36 69 53) (27 70 30 42) (50 44) 13 51 65 (56 18) 21 5 29 (55 38 2 6) 23 (61 26) 14
49: 9 (67 47 49) (57 59 50 30 29 43 66 32) 55 (15 23) (46 6) 4 (19 58) (13 56 70 39 5) (54 35 12 33) 62
50: (40 4 16 60) 37 (24 36) (53 23) 8 (69 42 18) 27 66 (65 25 44 57 54 45 50) (9 11) 3 30 47 (14 6 59 31 20) (29 10 55 33 62 12 39 38 52 64)
51: 13 55 (54 41) 24 (9 35) (69 18) (21 70) 53 (43 38) (31 23 68 64 1) 37 19 49 8 2 (10 30 12 66 59 16 47 11 46) (7 48 58 51 26) 39 (60 34 36 15) (42 65 22 67 28 29 56) (45 20 57) 44 (32 25) 14
52: (35 57 54 60 67 23 5) (31 22 61 34) (68 38) (28 27) 40 (29 17) (4 42) 14 (25 51) 41 52 59 (39 53) (1 66)
53: 70 (21 2 43 67) 53 18 (51 7 47) 45 (14 34 57 37 13 38 52) (32 56) 10 1 (60 8 66) (33 19) 3 59 (12 40 9 64) (62 20) (17 4) (54 30 28 27) 15 24
54: (37 46) (44 15 58 28 12) (53 39 40 27 20 6 70) (34 13) 5 (26 30) (64 10) 54 (45 31 22) (25 29 32) 48 (67 18 66) (8 68 55) 7 36 (60 14) (52 61) 21 38 33 23 11 47 (4 3) (57 63 49)
55: (30 23 5 54 56 24) (70 38) 22 (9 7 60) (35 21 17 18) (32 65 34) (49 59 66) 40 (64 27 50) (57 20 55 10) (45 39 58 69 31 1) 28 (13 41) 12 (52 67) (11 62 2 25 26 15)
56: 25 (65 52 17 51 8 64 43 47 41) 23 (6 62 16 56 57) (61 26) 59 (5 63 40) 12 (22 68 34) (20 27 18 21) (13 24 50 7) 35 (55 58) (3 66)
57: (31 39) (19 38) 58 27 (69 52 47 64 25 63 45 17 2) (60 70 46) (67 62 3 66)
58: (8 33 37 35) 68 13 (42 30 46) 23 (4 41 43 20 39 45) 48 (63 61 28) (29 34 52 64 27 58 15) (40 2) (54 65) (36 32 59 10)
59: 33 (35 12) (67 1) 44 13 (19 38 58 5) (64 52) (59 46) 26
60: (36 70 9 19) 62 (31 68) 6 35 16 48 (47 21) (15 25) 10 8 (63 65 37) (17 33 20) (49 38 64 44 50) (23 57 11 54 59 18 45) (4 7 56) (61 69) 28 (39 55) 1 34 (58 66) (40 42 41) (30 22) 3
61: 49 (42 10 50 31 29) (69 55) 48 (2 18 23) (30 52 64) (38 32 9) (19 25) (17 13 14) 34
62: (55 33 49) 22 (67 58 70) (69 40 26 38 2) 29 (46 42 21 64) (17 1) 15 (62 30 32) (52 3 66) (12 27) 65 13 (6 68) (14 23 37 53) 18 10 (31 45 16) (59 60 51) 41 (4 9) 24 (25 61 43 47) 63 (5 54 44 19 20 11) 48 57
63: (15 39) 16 (68 17 3) 31 (26 35 40) 20 51 (54 13 67) (57 4) (56 44) (12 55) (38 25) (60 42) 49 (46 41) 63 (52 32 58 27 28) 21 (6 5) 1 64 (2 69 7) 37 (50 61 24 18 36 30) (23 9 45 65 19 62 70 53 47 33 48) 66 (8 14 29 43 34 22)
64: 38 31 (60 58) (56 1 15 40 13 59) 2 (68 37 6) (66 9) 8 (29 54 69) (7 27 35 24) 65 (42 5)
65: 20 37 41 17 58 (33 27 59 61) 11 36 51 (19 39) (24 5) (57 13) 29 30
66: 19 (12 41 9) (31 63) (40 46) (42 36) 65 (23 64 4 5) 8 25
67: (59 34 27 51) 32 55 (44 28) 29 46 1 6 (22 17 20 50) (57 64) 45 67 41 (56 19) 14 8 40 7 (52 60) (62 24 37 70 38 48 21 31 68 26 49 66) (42 5 58) (53 30 10 23 15 43 63) 12 39 (36 11 54 2 69 3) 35 (4 25 47 16) (65 9)
68: 49 (32 14) (28 50 9) (31 35) (4 60) 43 (11 5 7 26) 70 (63 69 10) (1 62 34 55) 51 (53 47 8) (16 12) (38 39 21 52 22) (61 24 3 6 58 36) (46 44 48 45 20) (66 64) 25 (27 17) (23 68 13)
69: (22 30) (56 20) (64 63) 52 9 (8 3 69) 21 7 65
70: (2 19) (23 11) (58 27 35) (17 61 56) (24 40) (18 30) (59 14) (37 36 16) (20 12) (5 57) 33 (4 44 55 51)
1: 9 (68 3) (6 8) (22 19 13 27 55 34) 23 63 7 42 62 44 31 67 (30 11 64 37) 51 60 59 (53 52 1)
2: 64 (55 12 27 53) 61 (57 23 58 21) (4 51 48) (67 31 9 63 28 11 70 24) (1 7) (13 62) (42 30) 3
3: (56 63) 41 (25 3) (57 38 22) (19 67 53 14 24 50 23) (15 69) 7 54 (9 42 68 18 62) (60 31)
4: (63 32 22) 13 (40 3 11 5 44 60 9 29) (68 50 49) (18 53) (52 67 58) (23 24 66 70) 16 31 (42 54 62 1) 33
5: 14 (44 63 22 49) (19 13 42 66) (64 48 68 56) (23 15 70 54 11) (40 7 55) (59 24) 52 (8 65 41) 33 17 16 62 (31 67)
6: (54 10) (64 12) (27 42 49 63 41 50 13 48 1 4 35 38 33) (23 7 9) 31 (44 68) (56 20) 3 (62 60 28) (67 11)
7: (36 55 54 63 23) (2 51 27) 9 37 7 (24 20) (69 13 60) (38 22) (67 42) (68 29) 64 53 (28 6) 56 14
8: 16 14 (24 68) (50 29) 11 (35 44) (58 41 31) (60 23 54 69) (64 56 15) 53 (51 22 21) (7 4 67 9 27 63) (42 28 66) (17 13 33)
9: (68 63 31) (1 12 14) (67 50) (4 60 69 13 62) (51 3 61) 44 (16 35 42 23 11 9) 49 (32 37) 53 (64 6) (55 7 34) (41 40) (21 66)
10: (15 58 13 50 68) (51 31 38 44 41) 7 18 29 24 (53 2) (14 10 27 55 42 61 54) 62 (60 6) (1 17) (11 23 67) (22 33)
11: (29 34) (1 35) (40 15 42 32) (4 65 3 24) (31 60 21 7 54 68 55 51) (67 70 37 11) (33 23 9 62) (50 13 6)
12: (14 62) 44 (63 13) (55 68) (54 51 42 38 23 26) (11 15 53 31 59 7 24) (41 70 56) (1 22) (49 67 21 28) (37 50 66) (3 9)
13: (4 56) 55 (41 63) 61 (17 44 68 11) (49 64) (20 59) 32 (51 1 31 54 48 65 16 13 53 23 21) (22 42 27) (9 34 62) 7 (15 58 6)
14: (16 9 22 70) 13 63 50 18 61 (24 53 27) 7 (68 3) (34 48 51 39 62 67) (15 12) 32 54 (35 14 52) (42 11) 23
15: (14 58 60 3) 62 (31 64) (54 63 33) 49 (53 24 67 40) 18 (15 4) 7 (9 51 11 44 1 42) (23 27 41) (10 13 55)
16: (34 63 67 9 38) (33 22 1 23 44) (15 40 60) (51 6 3 70 31) (29 62) (14 56 68) (42 7 2) 18 (50 13)
17: 13 (55 52) (2 70 31 67 47) 16 33 (17 63 42 15) (6 35) (60 53 9 3 32 57 11 24) (65 22) (62 56 44) (7 61) (23 68 38 29)
18: (6 15 53) 26 62 48 (13 10 17 2) (51 31 12 50 23 16 7 60 54 56 11 70 63) 42 44 (33 9) (4 55 61)
19: 23 (15 4 42) (31 24 59 13) 53 11 (37 9 36 61) (57 33) (62 65) (51 63) 1 70 (22 40 49 60 66 67 19 27 29 16) (7 44)
20: (62 44 1 56 19) (58 3 40) (6 55 18) (31 47 68) 7 (70 50 65 22 9) (63 15 13 23 51) (11 53 67) 54 2 (60 42) 27 69
21: (67 62 4 13 14 9 60) (7 44) 34 11 54 (35 53 68 55) 31 24 (32 28 38 51 19 42 48) (23 37) (3 21 1 63 2) 41 (56 69)
22: (56 11) (10 63 52 3 68 69) (24 67 34 42 62) (9 23 13 44 22) 7 (60 6) 31 32 (1 36) (55 51) (14 5) 54 (8 16)
23: (13 51) 55 2 15 52 (67 50 48) (68 44 66) 9 (22 3 14 56) (60 63 17 49 70) (61 54) 11 1 (42 31 23) (58 62)
24: 55 (2 3 31 27) 51 50 (14 62) (34 22 53 35 65 23 10 13) (44 63) 64 (67 32 56 42) 1 (68 15 24) 70 (7 6 16) 19
25: 52 13 (67 24) 22 (66 23 56) (4 37) 18 (61 55 54) (10 47 44 68) (11 42 62) 50 (41 60) 15 (51 31) 63 57
26: (62 1 68 59 63) (40 15) 28 (55 56) (54 51) 6 (7 24 34 13 67) (14 9 11 32) 3 42 (48 16)
27: (41 57) (34 21) 67 (13 38 65) (16 53 44) 54 4 (31 42 55 70) 58 (52 32 24 56 1 10) (22 64) (27 68) (3 50 7) 62 (45 23) (63 48)
28: 55 51 (68 52 44 22 63) (54 67 1) 28 (33 53) 58 (24 31 60 41 11 7) (13 42) 27 (10 9)
29: 9 (49 50) 54 (34 44) (61 67) (23 63 6 42 1 21 51 24) 3 (15 18 16 65) (52 11) (58 17) 62 (64 13) (48 31 7 2) 38 14
30: (34 1 2) (62 9) 55 15 (49 60 42 51 31 70) 33 (11 61 23) 54 (8 22) (3 7) (63 67 65) 69 50 (58 24 48 53) 10
31: 22 (7 3 63 41) (54 15 1 50 23) (14 10) 66 (24 21 19 57 68) (52 62) 9 (31 13 67) (60 64) 51 (55 61)
32: (55 21 34 58) 11 (63 53) (14 61 1) 42 (13 23) (49 2) (68 62 67 54 6 41) (3 9 7 31) (24 15 51)
33: (62 7) (63 31 42) 50 60 (20 16) (11 1 13 53 27 22) (6 9 58 15 65 70 59 34 23) (2 44) (10 54 49 24) 32
34: 20 63 (68 52) 14 (13 54) 42 11 (40 9) (61 45) (67 17) (7 31) (38 53) 34 (37 56) (1 51) 32 (55 23 29 60 4) 58 3
35: 60 (3 4) (67 7 11 33) 55 68 (15 24 34 32) (9 49) (64 52 13 23 41 56 59) (17 31 58) (1 70 63 46) 51 (16 14 40 22 42)
36: 66 (32 70) (51 48) 7 (28 23 68) 50 (45 54 65 2) 6 (1 11 60) (21 42 67 58) (16 63 47 13) (41 31 27)
37: (54 10 1) (13 63) 8 (58 48 23) (9 67 42) 7 50 (62 70 51 60 65 16 44) (53 21 15) (31 64 30 24) 4
38: (15 4 43 33 42 3 48 6) 51 (16 63 41) (31 9 68) (54 29) (67 23 60 50) (1 52 59 14 64) (24 21 62) 28 (57 55 12 61 34 53) (13 7 18)
39: (52 12) 16 (57 58 49) 60 (14 24 21 51 46 23 3 7 55 33 40 11 63) 54 (8 67 50) 31 (1 38) (15 68) (65 4 42 22) 32
40: (62 23) (58 40 3) (16 21 47 18) (29 9) 70 (24 20) (66 42 55 6) (63 50 67 60) 1 56 44 (53 17) 31 (36 4 64 15) (54 46 30) (28 52) 34 7
41: 16 (15 22 13 65) (52 37 32) 58 (56 62) (51 67) (63 23 42) 55 31 (12 17) 33 60 (2 66 7 24 26 3) 44
42: (13 6 62 14) (32 17 2) (22 1 29 47 42) 48 61 (67 66) (58 50 60) 63 51 21 (23 7) (11 3 4) (34 52) (15 64)
43: (42 9) 53 35 (44 31 68 6 56 7 58 18) (17 15 20 3 21) (62 30 24 63) 11 67 51 49
44: 68 (63 51) (13 27 60 9 38) (11 37 32 29) (6 50 48) 62 (31 34 70 3 7) (67 15) (59 2) 14 16 42 54
45: 10 (42 4 1 16) (38 23 58 50 53 54 51 62 7 14) (9 63) 21 (6 68 15) (13 22 60) (55 11 67) (3 26 5 24) 57
46: (13 10) 9 54 (62 16) (15 11 8) 42 18 (41 51 7) (68 49) (66 63 59 5 3) (20 67 58) (31 1) 57
47: (13 16) (33 47 7 32 40) 23 63 11 (44 62) (22 60 10 17) 67 (56 31) (42 19 36) (50 15) (9 6) (54 51) (49 24) 57 (53 4 68)
48: (34 15) 4 (7 11 5 31) 60 (9 19) 63 (62 3) (37 20 42 51) (6 13 54) (23 1 14 58) 16 (68 67 33) (29 61)
49: (33 40 55 13 61 63 67 68) 51 (32 23 17 54 2 42 60) 4 (22 31 7 18 44) (20 24) (49 62 21) 15
50: 42 (63 1 23) (60 13) 22 7 (11 15 48) (68 12) (67 43 55 50) (61 41) (8 24 56 9) 16 (49 31 44 14 3)
51: (52 23 17 53 68 6) (31 63) (38 12 51 42 1 67 16) (70 48) (13 65 41 11) 36 (56 62) (47 21) (10 34)
52: (55 53 13 67 38) (7 62) 68 (50 56 16 44 37 6 45) (57 23) 58 (32 54) (40 52 69) 63 (2 3) (41 17 28) (42 59 61) 31
53: (67 9 11) 24 47 (32 7 44) (50 62 16) (54 13) 31 (63 48 38 22) (2 68) (4 15) (53 51) 10 52
54: (11 67) (32 42 6) 55 (4 18 63 60) 34 (51 31) (13 44) 7 (24 3 1) (49 54 62 58 14 28 21) 52 50 9 35 (53 64 16)
55: (54 48 60) 56 (61 9) 6 (11 68 23 49) (35 44 4 42 63 7 13) (12 19 51 55) (3 70 67 15 40 50) (62 31)
56: (9 64 3) (38 11 53) (36 6) 56 41 (55 34 69) 63 24 14 (60 47 13 48) 70 67 49 51 23 (10 37) (7 42)
57: (10 50 55) 7 (52 41) (49 14 1 65 31) 9 51 63 (54 6 11 53 42 13 28 62 38) (56 27) (70 2) (60 67 4 44)
58: 17 (55 1) 2 58 30 19 5 (21 70 29) 54 (65 51 3 36 9) (59 63) (23 44) (49 60) 62 (57 56 42) 13 (31 14) (68 7 67) 64 (6 34)
59: 62 34 28 70 3 (59 41 56 65) (12 13) (2 64) (60 37 51 6) (42 11 33 31) (1 53) (24 7) (18 23 67 32 55 15 29) (21 52 58) (49 50 9)
60: (7 1) (46 50 9 15) 68 63 52 (54 67) (12 11 2 28) (24 44 13) 4 (23 6 55) (33 62) 51 (14 64 53) (20 3 57) 18 (42 21 31)
61: 58 (14 42 4) (48 15 27 6 13 38 65) (23 34 54 21) 22 (17 62 9 7) (24 60) 2 (12 68) 63 56 (16 31 70) (37 52)
62: (63 3 8) (31 50 18) 67 (7 62 60 53 33 14 23 57 68 16) (6 13 41 1 17 22 21) 9 38 (10 49 55 42 11 47 15) (56 24) 34
63: (57 60 67 34) 7 56 23 (54 8 42) 3 (69 66 44 22 24 62) 28 (41 4) (6 63 68 58 9) 13 37 (29 10 16) 27 15
64: (54 59 62) (1 13 46 14 51 67 53 58 63) (23 55) 19 (21 42) (57 56 60 66 34) (17 32 15 11 20) (50 16 29) (35 10 4) (69 3 7 68 9) (27 61)
65: 47 (15 42) 13 (48 67) 23 64 56 (63 51 6 44) 60 (9 22) (17 3 4) 55 (21 7 29) 58 16 (33 50 35 62) 31 66 69
66: (67 40) (68 49) (42 29) (7 33) (31 12 44 56 18 53 13 3) 23 (50 60 52 51 11 19 64 57 25) (62 4 9 14 63 54) (55 16)
67: 34 (59 4) 63 (22 67) (9 16 21 52 57) (24 37) (62 17 18 23 54) (42 13) 44 (53 5) 49 (55 51 33 47)
68: (46 16 13 67 52 38) (51 60) (62 23 40) 63 (9 15 24 64 28) (7 11) (18 54 44 68 6) (58 56)
69: 57 23 67 (62 61 13) (36 7) 10 11 48 (22 1) (14 9 3) 51 (60 4 19 68 64) 50 63 (47 44 55 42) 15 (32 31) 69
70: (68 35) 14 (60 18 49 22 40 54 15) 31 (42 62) 9 (55 63 10 11 53 57 23) (48 44 67) (51 13)
