70 70
1: (12 59 6 65 17 53 31) 21 (46 26) (10 70 39) 52 (68 2 35) 27 (56 34 3) 55 (40 54 25) 50 (64 13)
2: (18 24) (44 19) (26 49 34 38) (5 20 43) 40 (58 27) 62 15 (10 37) (29 8 35) (4 66 64) 46 (54 51 11 14 68) 57 (31 7 47 45 65) (2 41 1) (28 63 3 70) (13 22) (60 52 12 32) (23 6) (30 17 50 9 67) 39
3: 44 (28 40) (65 43 63 57) (11 10) 58 (59 4 30) 33 (55 16 35 46 39) (51 8) 42 (6 9 60) (12 48 7) (32 70 5 45 22 37) (24 3) 38 54 17 (41 34 62 47) (31 69 64 1 14 29 27 26 52 25 23) 13 21 (56 61 18) 19 2 (50 15) 49 68 67
4: (16 59) 28 (8 55 68 52) (19 30 65 33 9 67 62 53 2) 11 (45 34) (69 35) 63 (64 18 46) 43 44 54 (26 6 47 20 56) 60 32 (40 39 50) (25 24 4 14 29) 22 3 (61 42 17) (1 13 12 21) 38 27 31 (41 37 58)
5: (53 18 10 13 64) 47 (3 29 33) (65 58 61)
6: (50 11 10 70 46) (21 27 64 30) 55 24 (28 14 15 47 49 43 19) 6 (4 29) (57 67)
7: 12 (70 31) (2 50) 24 4 51 17 1 (27 53 52) 38 (49 43 14 36) 48 (39 63 29) (45 69 37) (60 35) (54 67)
8: (64 65) 21 (38 50) (6 1 66) (25 52) (24 29 39 44) (58 10 41) (12 49) (13 36) 35 (55 51) 48 (31 54) (34 37 43 59 60) (3 68) (8 69 57) 18 (33 26 61 53) (28 32) (20 16 9) (62 42 45 14 40 30 47) (15 67 11) 7 22 70
9: 17 (51 12 2) (40 31 26 67) 1 57 29 35 59 (56 3) 38 (19 25) 68 (6 43) (62 32) 22 (47 33 11 21) 66 (60 37 23) (30 61 8) (36 4) (41 20 16 64 49 24 42) (50 63 9 54 13 7 58 55) 65 39 (10 15 53) (5 48) (70 45) (27 69) (34 44 14) (52 28 46)
10: 48 30 15 (1 56 25 62) 20 5 (7 12 64 59) 36 (58 13 49 54 61 70) (44 33 55 8 41 24 22 60 40) 46 (19 17 67) 37 (43 31 2) 38 47 (42 34) 21 11 (3 69 52) 66 32 (27 68 23)
11: 21 23 (68 6 49 19) 54 35 (43 65 55 57) (16 62 39 31 3 44 51 1) 8 20 (25 18) 38 69 40 (53 36 60 33 22) 14 (4 13) (47 61 58 15) (66 64 52) 45 (24 7 59 50) (32 37 28 30)
12: 41 59 (39 44 70 23) 45 34 64 (33 63 48 57) (3 24 1) (62 28 52) (2 11) 35 (60 9 54 56) 19 (53 68 31 5) 50 (8 46 36) (6 22 32 17 58) 27 65 (12 16 37 18 38) 43 (21 29 61 42) (51 55 26 13) (66 25 20 47 67 30 7) 40 (4 69)
13: 59 (16 25 31) (50 40) 10 (14 29 15) (54 57)
14: 69 (67 7 46) (43 9 6) 24 (64 55 34 65 22 49 16 54 37 60) (19 20 8) (17 10 41 62) (2 51) (31 61) 32 4 (12 25 36 57) (1 28 39) (63 29) (47 33) (18 21 14 5)
15: 43 60 6 68 (45 12)
16: (12 57) (32 1) 3 44 28 (15 60)
17: (8 63 38) (43 18 13) (22 16) 15 (34 40 24) 20
18: 1 18 (3 14 60) 43 64 35 (6 32 11 50 61 56 4 7) (55 19 66) (2 36) 68 (63 40 31 24 9) (30 37 8 29 20) (46 10 44) (57 49) (12 21)
19: (40 49) 68 (14 31) 47 (43 8) (39 55) 59 (19 66 42) 25 (11 27 41) 1 (21 46 30 17 51) 4
20: (35 18 3 38 53) 12 7 25 33 (54 22 26) 21 61 (30 63 51 58) (17 67) 24 6 (4 28) 52 8 49 (34 23 48) (40 59) (56 10) (62 1 55 70) (46 31 32 45 19) 15 (2 41 39) (9 27)
21: (26 4) 37 (20 43) (67 59 11) 50 (24 1) 48 17 (64 9) (51 29 65) (19 61 57 16 69) 41 (38 12 10 52) 58 (3 42 6)
22: (69 68 34) 40 8 63 (42 50) (49 12) (47 15 3) 18 25 46 64 (31 60 22 24) (13 67) (35 9 70 58 1) (7 17 20 52) 59 (29 62 23) (45 5) (41 56 43 66 16) 61 (2 36) (48 38 37) (54 44 27) (65 21) (4 28 26 10) (32 39 19)
23: (21 42) (7 22 48 25) 13 (30 27) (8 4 39 54) (47 49 44) (65 9 1 64 58 34 46) (26 55 69 61) 18
24: 41 52 (36 59 47 46 49 5 31 7) (16 11 20) (68 66) (40 33 53) (63 26 17) 58 (62 48) 21 (30 56) (28 69) (12 57 24 55) (44 45 42) 32 (51 2) 15 4 34
25: (50 19 58 34) 18 25 (68 29 11 56) 62 (70 15 53) 63 (41 21) (61 27) (17 55 9) (26 16 22 1) (33 64 10)
26: (32 61 64 27 10 36 42) (34 26 39 49) 59
27: (61 48 47 3) (46 15 43 4 9) 36 (5 58) (70 26) 8 (34 20 50 53 49 11) (42 31 37) 51 (69 44 14 6 66 16 32 22 19 21) 10 (52 18 2 41) (25 33) (13 40) (12 29 45 17) 7 35 65 23 (54 62 28) 57 39 67 30 63 (27 55) (38 64) (24 60)
28: 39 (64 54) 36 27 11 (8 58) (7 60) (5 65 28 67) (43 34 6 42) 13
29: (59 2 22 31 28 9 54) 56 (7 23 64 35 45 39) 3 51 (25 20 10) (50 66) (15 18 14 44 38 36) (61 32) (13 11) 24 46 57 6 68
30: (62 20 37) 45 (1 48) (31 29 40) (19 3 13 17) 46 18 47 (23 22) 14 (16 4) 5 (26 61 67 6 41 33) (9 51 44) (65 15)
31: (52 69 30 17) (57 49) 9 (63 5) (27 24) 43 (21 36 67 50) 33 58 (12 46 31 70) (11 68) 1 (20 13 54) (55 23 19 60 16) (35 47 40) 22 (3 18) 61 (14 4 62 41) (6 8) (39 15) 10 (64 26 29) (28 37 53 48 42 2 65 44)
32: (46 32 22 50) 29
33: 61 (50 13) 8 (1 65) 47 (4 49 39 17 21 24 51 12 6 5) (31 56 58)
34: (43 15 48 13)
35: 26 (47 11) (51 7 15 3) (22 25 60)
36: 34
37: 41 (20 17) 19 2 (3 62 11 27 16) (54 6) 10 (29 64 21 63 23) 8 (25 43) (58 68) (69 39) 13 15 (52 24 53 46 18) 59 49 66 5 (35 9 14) 67 (60 1) 36 (48 70 65 31) (57 22 44)
38: 35 (44 39 19 17) 29 (55 15) 11 (48 1 52) 67 33 (54 51 3) 46 18 (62 63 27 9) (49 50 32) (30 47 25 10 13 31 68 60 42) 64 69 (24 56 70) (21 58 14) 61 (22 34) 43 20 (59 16 57 36) (45 12) (2 53 5 37) 38 23 (65 40 28 26 41)
39: (11 40 54) 35 25 (5 49 52 56 24 68) (18 32 48 22 64) (43 34 39) (12 26 44 7) 28 (62 19 47 51 61 36 50 16 17 69 1 15 45) 6 (66 2 42) (41 8 29) 3 59 33 (57 30 4 38) 9 (10 27 23 63)
40: (30 26 58) (54 56) (64 15 55) 32 36 (4 3) 16 (65 39) (17 45) (33 67) (42 9 2) (52 12 47 34 46 57 48) 62 70 (43 35) 23 (51 5) (29 7) 68 (13 25 61) (63 20 10) (44 53) (60 31 1) 37 (11 41 66 8 59) (38 49) 22 (19 14 24 18 40 27) (21 50)
41: (13 38 42 49 36 41 30) 53 5 (15 60) 19 (69 4 21 2 18) 8 16 (52 51 12) (48 23) (37 9) (1 68) 24 (65 11 46 40 33) (61 29 10 35) 26 25 28 (32 57 27 67 56)
42: 35 (16 63) (18 55) (3 17 32 28) (25 30) 57 (54 52 14)
43: (32 49) (67 8) (29 38) 28 37 (64 50 9 21 52) 68 (36 12 55 59 23) (31 65 54 2) (30 39) 6 (44 42 16) (17 58 69) (45 41 26) (51 20 60 10 47 4 62) (63 13) 57 (3 53) (56 34 35 11 48) 66 (1 24 22 5) (7 40) (46 25 43) 27 (14 33 61 70 19) (18 15)
44: 51 (8 13) 39 (2 19 53 29) 12 (52 58) (61 42 66 7) 56 62 (47 21) (41 69 18) (59 46 48 57 37) 50 9 68 (65 11) 54 (43 3 24 10 55 16) (63 44) (31 1) (67 17 49 28 23 60 14) 15 (6 70 34) (22 64 36) (45 40 33) 35 30 (25 26 20) 32
45: (26 4) (63 9) (53 11) 55 (47 21 20 57) 69 (32 42) (62 43) (45 66) 33 19 (39 18 54 61) 1 36 67 (60 31 30) (46 7 14 23) 41 24 12 16 3 (15 38) (48 13 22) (59 52) 50 (8 68 5 58 37) (6 64 56 10) (34 35 2) 40 (51 44) 29 (25 70 17 49 65)
46: 17 (65 7 61) (43 45 14 26) (56 39 48) 6 (19 46) 33 (63 27) 20 (70 1) 30 22 (8 31 16 57 18) (40 59 50 44) (66 4) 53 25 (47 49 38) (13 10 55) 67 (36 60) (42 62) 12 (15 69 29) 52 (54 2 34 21 23)
47: (33 56 26 7 52 69) (38 64) 15 40 (53 47 43 23 50 44) 57 (24 18) 65 (36 10 39 11 14) 25 (27 12 19 8 41) (32 34) (2 60 5 55) (4 35 67 42) (37 45) 13 (16 62 30)
48: 64 9 62 46 8 49 (16 50 65) (55 3) 52 (40 63) (19 13) 53 (45 23) (14 41)
49: 61 (13 34) (64 10 30) 49 37 28 62 (68 41 42) 48 (66 9 14 63) 57 (35 6 43) (55 47 1 59) (26 51) 56 40 (46 4) (22 18 32) (69 58 7 54) 12 25 (23 39 36) 2 (65 5 60 44 53 20 15) (31 11) (70 67) (33 24 27) (50 38 19)
50: (67 47) 28 (60 66 44) (25 63 5 51) (13 23 52 11 31) (27 35 20 68 12) 50 16 (17 57) (33 49 37 18 62 7) (65 8) 69 (26 53 40 54) (30 24 1 64 4) 46 56 (2 42 10) 19 36 (3 48) 21 29
51: 2 (67 13 41 27 33 47 50) (40 70) 45 3 (23 42 12) (15 30 49) (19 46) 44 (9 24 43 7) 16 48 (61 25 58 5 22) (65 39 37 62) (6 17 51) (52 54 35) (69 59) (8 18 29) (20 53) (66 10) (57 56) (31 14 11 64 63) 68 (32 28)
52: 62 23 (39 14 63 21 6 40) 50 (36 24) (12 51) (35 57 42 47 2 20 5 30) (48 28 29) (1 53 3 32 60 55 11 15 64 41 7) (4 25 16) (37 66) 8 (31 49 70 33) (26 65) 19 (44 22 38) (10 46 43) 54
53: 47 (11 57 43 14 45) (39 33) (54 3) (20 24 36 51 26 18 7 62) 66 37 67 (1 16) 6 (59 30) 25 23 53 (21 9 42 56) (32 29) (13 38) (8 65) (22 28 52 60) (35 63 40 49 58) 50 (31 41 64) 61 55 68 (4 5 48 44 15) (2 12 70 10) 69
54: 62 39 (8 58) (52 34) (4 41) 12 (30 2) (11 64 21)
55: 1 41 24 (30 26) 18 69 (44 51 4) (65 20) 59 (31 67) 66 68 3 (32 70) 16 (12 55 47 21 49 13 25 46 50) 28 33 62 (6 64) (63 34 43 39) (7 54 56) (14 8) 9 35 (40 11 17 23 29 38 53 22 45 27 52) (42 37 2) (15 58 48 36) (60 19)
56: (1 15) (22 39 61 34 40 44 53 11 46 59) (55 68 63 23 14 45) 37 33 (42 32 30) 2 20 (18 57 36) 16 43
57: (2 34 24 26 52 13 46) 61 (36 28 49) (16 53) 15 (65 43 31) (4 33 30 45) (64 48 39 23 14 32 41 42) (8 18 21) (1 70) 40 (5 10) (12 20) 38 27 (69 3) 68
58: (60 32 41 28) (31 62 67) (44 35)
59: (14 2) 40 (64 50 51 58 36 4 16) (49 47 5 30) (59 56 66 61) (57 25 48 34 35 21 44) (54 20)
60: 62 28 (25 48 11) (46 61) (30 29) (67 36) (60 6) (43 9 49) (35 19) 42 (31 14) (7 39) (63 34 52) (20 64 69 58 37 17 15) (47 2 4) 18 (33 27) 55 38 (45 66 32) (44 5) 8 (56 1 10) (57 59) (65 3) (23 40 50 21) 70 54 (51 22) (53 41) (26 68)
61: 17 (46 30 1 42) 8 (29 7 12) 48 (69 23 15) (52 63) 18 11 (26 20 57 22 62 5 59) (40 70 21 66 19 28) 61 (24 65 41) (64 51 58) 2 55 36 56 6 3 60 (43 9) (32 67 27 10 53 33 47) (44 37) (45 13 16 54 35) (38 50) (25 49) (14 31 34 68 4)
62: (43 4 6) 16 27 (68 69) (35 30 24) 66 (63 67) 10 (38 65) (29 49 41) (14 60) 1 (37 17) (19 52 48 25 23) (64 15 53 26 55 56 28 46 50 62 3) (31 59) (51 8) 36 (57 5 9 42 13)
63: 61 (7 28 11 39 29 23 55 40) 33 (35 26 32 34) (63 13 8 62 14 30 42 5 12 56)
64: (24 15) 11 (19 43) 29 (57 32) (1 41 2 66 42) 49 51 (54 45 22 7) 6 (68 63 8) (5 64 28) (23 46 62 37 17 50 65 52 33) (21 14 18 20 26 56) (69 12 58 53 30 27) (36 44 3 35) 31 (40 67 9 61) 59 34 (25 16 55 70 47) 4 (60 48) (38 10)
65: 56 (13 62 35) 51 (5 69 28 1) 41
66: (10 32) (62 54 18) (64 8) (6 4 16 70 68) 3 (49 30 5 31 9 17 14) (42 50)
67: (27 47) 59 (21 1) (19 69) 17 (20 43 5 23) (3 67 32) (51 4 8 14) (2 61) (11 15 42) 52 (56 35) 66 48 (55 62 38 10 50 40) 34 45 (65 39) (25 49 18 37) 57
68: (25 32 55 67) 34 19 (33 52 1 20 31) 46 58 (3 53 16) 26 (63 8 41 54 2 15 40 39) 7
69: 25
70: (32 7) (68 6 21) 38 (24 27 4) (12 17) 8 5 23 61 51 (66 13 57 48) 52 (59 54 33 34 19) 45 37 50 69 (49 60 11) 35 (44 9 14 40 47 58 15 30 64 25) (56 16 70 63 65) (29 22) (20 43 46 62 42 41 55 67 28 2 1) 26 (36 31) (53 10) (18 3) 39
1: 65 (56 30 44 68 3) (53 60 8) (11 50) (57 23 38 46) 70 (4 64 9 41 19) (22 12) 20 31 43 (2 61) 39 (62 14) (67 37) 45 7 (10 16 33 25) 40 (49 21) 55 18 52
2: (12 40) 7 4 1 57 (59 41) 10 (64 43 29 61 20) (60 39 24) (49 52) 31 (50 70) (68 2) (14 53 37) (54 55 3 9 27) (45 22 46 51 38 44 67 56) (47 18)
3: (9 43) (70 57 2) (1 16 39 50) (8 60 27) 55 29 (30 38 68) (3 21 45) 67 35 (5 48 40 52 64 31 37 51) 44 (42 10) (20 22) (4 18 62) (66 53) (61 11) 12
4: 24 (6 31 53 20 66) 55 (19 59 12 27) 70 (23 11 62 30) (45 60 52 22) 7 67 49 41 (3 43) 40 (57 54 46 61) (33 2 21) (18 39) 14 (47 50) (9 64) 4
5: 37 (63 27) (40 39 9) (67 43) 30 47 31 (24 3) (22 62 59 52 33) (38 50 64 2 51 49 61 57) 45 (60 12 70) (14 66) (41 10 53 28) 65
6: (27 31 60 9) 70 21 8 (39 30 62) (14 51) 2 (3 45 37) 66 (1 43 61 11) (28 44 18) (29 12) (52 6) (33 15) 4 (20 53 46 55) 49 64
7: (55 35 63 14 27) 39 (51 12 8 44) 9 28 47 11 (40 43) 2 49 29 (61 18) (50 45 20 10 68) (23 70 24) 46 (53 52) (22 64) (3 60)
8: 70 (31 68 3 53) 22 (11 55 51 18 63 44) (40 60 67) 33 (9 50) 62 64 (66 45 8 14) 39 (10 46) 37 (48 28) (23 54 19 20 17) (43 27 41 2 47 52 61 12 4) 57
9: (3 45) (2 27 55 41 30 22) (51 61 12 38 18) (14 48) 20 29 23 (60 8 4 53) (25 43 49) 70 21 9 (62 31 37 64) 40 44 (39 66)
10: 57 (14 60 1 38) (70 40 20 27 31 29 49 3) (21 8 18) 13 (25 43) 45 (2 6) (41 37 61) (9 53) (22 51 50 47 52) (64 46 62) (5 44 66) (67 39) 26
11: 54 (47 31) 60 (18 37 39 21 19) (44 6 4 50 38) 8 55 64 2 25 (3 29) 43 (52 45 63) 10 (51 61) 56 41 70 49 (53 35 12 27) (24 28) (67 40 9)
12: (49 47 1 27) (43 70) 20 44 (10 18) 16 4 (45 14 52) 64 (41 46) (51 15) 3 54 (61 8) 33 (39 7 50 31) 57 (24 53 55 63) (38 9 40) (21 12) (2 22)
13: (9 51 8 61) (27 44 50 40) (65 1 62) 57 (41 31) (5 47 53) (23 63) 22 (4 17 3 2 30 55 29 48 33) (28 70 46) (37 38) (10 49 11) 45 (43 34 12)
14: (6 55 53 13 63 70 59 37) 30 8 3 (51 29 40) (66 44 9 45) 64 (42 48 27 7 31 18) 2 49 (11 46 38 19) (47 52) (14 56 57 62 43) (67 61 4) 60
15: 61 17 (68 27 55) (25 9) 6 (49 20) (22 53 30 67 46) 34 40 (45 37) (3 47 38 10 52 13 24 57) 62 29 (51 43 16 35 2 44 11) (39 31) (64 60 41 8 70) 56
16: (37 61 46 64) 9 (27 12) 55 59 (42 52 45 4) (22 17 31) (3 24 43) (30 40 62) 51 (57 14) (39 66 13 38 56) (70 8 47) (50 68 41 53) (25 21 44) 11 48
17: (61 60) 30 7 (22 45 10 62 50 64) (37 3) (27 42) 44 25 (14 66 12) (55 20) 4 (1 31 38) 19 (2 21 33 39 24) (51 43) (40 46) 70 (9 67)
18: (44 50 46 41) (3 2) (18 14 67) (39 27) (37 4 43 60 23 56) (38 5) (29 70 55) 20 49 31 11 (51 40 25) (57 53 45 42) 61 66 (30 64) 12 (17 22 47 8)
19: 60 (43 49 38) (51 62 27 20 46) 44 (6 39 70 18 14) (61 40 2 11) 25 (19 47 3) 9 (12 45) (41 55) (50 10) (4 48 37 68 22 31 67 64 52 21) 30
20: (14 43 31 17 38) 45 (55 56 53 8) 2 46 (21 59) 27 (50 67) (9 11 37) 12 (40 61) (70 44 64) 24 49 (29 30 51 10 60) (57 68) (52 4 18 22)
21: (57 3 20 50 12) 60 31 (9 52 41 67) 33 (45 25 1 44) (38 64) (10 37 43) (24 4 18) (6 14 19) (27 40 59 54) 61 (70 11) (55 23) (22 46 53) 8
22: (60 12) (49 38) (14 8) 20 53 3 27 (31 55 2) 45 23 (61 32 10 25 70) (51 52) (43 37 30 22 29 40) 11 (44 64) (9 56 35) (39 17) (4 46)
23: 29 (46 62 20 3) 31 61 12 51 (48 38 41 10) (9 53) 64 (60 52 63 45) (30 70) 40 (55 57 27) 43 44 22 (39 50 47) (37 67 56 49 11 2)
24: (38 11) (27 64 70 45 39 62) 31 20 55 (2 51 4 6 50) 29 (44 18 40) 61 (12 43 47) (41 37) 53 (57 7) (3 10) 24 (17 52 9 49 33 21 22 8 14)
25: (41 60 50) 14 (38 4 10 52) 51 (13 20 3 43 62) 42 40 (70 55 29 37) (69 44) (11 35 19 49 67 8 25) 61 47 (9 59 46 68 1 53 45) 27 23 (64 39 12) 22
26: (9 38 64 70 44 25) (4 23) (46 2) 8 (68 20 21 52 24 61) 47 (3 41 50 30 45) (49 43) (60 35 62) 39 55 (26 1 63 53 31 27 12 40 22) 57
27: (4 26) (47 37) (39 61 55 12) (25 20) 3 23 28 (2 38) (62 49) 1 (60 27 9) (40 67) 57 (64 43 10 50 7 19 46 70 22 51 6 31 41)
28: (52 43) (3 4 55 9 50 58 57) 11 (65 62 51) 70 20 (16 14 2 61 8 27) 24 (39 29 64 6 60) (38 53) (49 44) 31 (41 12 28 63 42) 22
29: 38 (3 9 44 64) (62 40) 39 46 31 6 50 2 (37 7) 63 (21 61) (27 43 60) (52 41 14 12 25) 32 (5 18 51) 70 (30 4 22) (13 45) (55 8) 53
30: 51 70 (45 12) (23 42 57 40 20 11 8) 24 (55 18 47 9) (54 41) (2 53) 56 (46 4) 10 61 (39 44 59 50) (31 62 63) (19 6 27 49) (3 52 66) 38 60 (64 43)
31: (44 14) (66 19 68 46 49) 2 45 22 4 38 (62 57 37 30) (27 52) (10 53 3 50 8 20 43) (55 13) 12 (60 1) (29 40) (18 7 33 9) (64 51 70 11) (58 24 31) 61
32: 16 (70 40 55 66) (61 10 56 11 47) (18 68) (22 42) (9 52) 24 41 (58 49 45) (57 2 39 32 38) 63 (14 67 26) (4 3 29 53 8 43 20 64 44) (60 27 51) 12
33: (5 61 8) 20 (63 46) (38 31 27 57 56) 12 (14 25) (41 60 55 51 43) (70 47 30) (4 24 50) 53 (52 40 11) (45 3) (64 10) (68 39) (49 44) 9
34: (17 23) (70 68) 61 43 44 (45 9 67) (27 4 26 14 40) (60 36) 3 (55 54 8 57 64 56 2 12) 24 10 (22 59 28) (63 39) (25 49) (47 1 20) (38 46)
35: (3 52 41 22 18 61) 9 58 (47 70 7) 50 (43 1) (20 29 53) (4 44 59) 64 (27 42 11 2 12 60) (40 49 55 62 39 38) (31 65 51 45) (37 63) 8 67
36: (60 41 46 45) (38 43) 24 (27 47) 18 (62 59 61) (12 57) 49 14 (29 31 39) 64 (37 9) 7 26 (70 44 28) (52 50) (22 8 56 53 10 40) (55 11)
37: (11 55) (61 31 18) 67 (50 4 52 40 14 22) (9 27 62 12 3 44 56 49 21 10 53 41) (8 60 70) 51 (7 38 43) 64 45 (30 2 47)
38: 38 (45 22 60 27) (10 7) (3 62 49 67 52 40 70) (41 12) 46 57 64 (8 47 9 17 53 2 21 43) (4 29 61) (39 55 20) 11
39: 37 (56 28 3) 19 (22 44) 54 49 (70 52) 51 (57 9 68 40) (47 43 20 39 12 4 63) (60 2 33 53) (1 29) (7 8 26 45 31 11) (38 67 27 14 23 55 46)
40: (13 10) 47 (56 48 12 70 4 64) 31 (11 68 18 38) (60 53 63) 3 61 59 (41 39 19 55) (51 52) (9 49 45 24 30) (67 44 46 40) (57 50) (22 27 20) (43 1) (17 8 2)
41: 49 (4 61 24) 14 (27 30 3 22 60 62 68 37) 44 25 (53 70) (41 12) 47 (64 65 10 57) 52 40 (45 58 9 19) (31 20 43) (21 39 54 8) 48 2 (38 55 51)
42: (40 39) (44 55) (67 63 3) (57 38) 49 4 70 64 23 (12 31) (56 45) (21 28) (9 19) (47 50 52 62 8 10) 24 22 (66 46 41 27 60 51 61) (53 43 26)
43: (14 49 43) 4 6 34 (12 55 28) (57 3) (53 51 62 8 61 64) 18 (40 2) 38 (44 47) 27 9 31 (17 56 10 52) 37 (22 39 67) 11 (7 60 21 15) 45 46 (19 70)
44: (29 24) (55 51 23 18) (30 38) 47 49 (45 39) 58 59 53 9 (37 16) (31 52 4 46) (12 10) (50 70 27 3) 22 61 (2 56) (8 64 11 60) (43 44 40)
45: 29 (2 39) 67 46 15 (12 3 44 27 24 20) 56 22 (30 55 8 40 38 48 47 60) (7 64) (11 51 70 57 61) (45 43 9) (53 4)
46: 14 (31 56 27) (9 22 45) (37 46) (1 49) 18 (29 44 6 50) (32 62) 30 48 (10 3) 23 (51 55 68) (38 61 52 2) 64 70 (60 19 41 24 43) 57 (4 40 12 20)
47: (4 9) 53 45 (11 8 33 39) (12 49 19 3) (64 67) (30 70 31 44 24) (52 55) 51 (27 46) (59 23) (38 40) (14 22 2 60) (5 43) 50 (61 47) (10 35) 6
48: (40 53) 46 43 (24 22 20 23 9 27 31 21) (51 52) 62 (37 34 8) (39 30 67) (10 50 61 7) (41 70) (57 59) 45 64 (49 38) (55 60) 3 12 44
49: 26 (8 23) (52 20 60 18) (37 70) (27 57 45 50) (49 22 64 11) 61 51 (43 48) (14 6 24) (10 9 44 3 2 53) (31 46) 67 (38 41 40 66 62) (59 33 19) (39 7) 55
50: 27 (50 8) 43 (46 45) (13 21 61) (44 67) (31 33 62 55 59) 2 (29 3 48 47) (70 9) (64 25) (18 38) (52 39) (60 12 6) (53 49 40 51 11) (32 1) (4 7 22) 66
51: (52 21 70 43) 50 (51 40 49 9) (64 44) (53 2) (59 27) (20 30) (38 61 29 19) 45 (55 3) 62 14 7 (33 39 65 60) 12 (41 67) 11 (35 24 8)
52: 53 (31 62) (40 3 55 21 43 64 50 47) (24 2 12) (37 54 39 27 45 38 57 48 4 61 42 68 20 60) (41 8 7 46 11 22) (10 1 67 44) 70 (9 51)
53: (55 27) 12 (41 40 57 68 1 56 9) 70 20 37 (62 25 44) 38 (24 5 31) 50 53 47 43 (64 60 7) 45 (48 52 11 4 51 46) (8 61) 49
54: (39 9) (27 29) (20 31 8) 14 (42 11 70 43 68 1 44 49 59) (4 46 2 55 28) 37 53 (10 61 60 50 51) 3 (40 7) (22 64 66 12) (23 13 52) 45 38
55: 52 (9 4) 49 23 8 (62 1) (3 43 42 20 60) (14 6) 53 (27 70 64 18) (45 38 46 61) 19 56 47 10 12 (63 67) (40 55) 25 (31 48 11) 44 24 68
56: 40 (18 4) 9 62 43 (63 59) 44 (39 22 1) (45 3 46) (29 64) (50 70 20 33 12) (24 25 51 47) (53 41) 67 (65 61) 49 38 (60 10 55)
57: (44 51 47 50 60 42 3 12 59) (64 46 67 14 43 27) 24 2 45 (40 53 39 18) 6 41 (49 13) (62 37 52 16) 56 (61 8 70 9 29 21 11) (38 31)
58: 8 (40 23 5) 70 (28 64) (43 68 27) 9 33 (3 11) 53 (31 20 22) (10 49 24) 25 (12 61 38 54) (60 59) (45 37) (44 21 51) (2 4) 55
59: 29 10 (8 44) 9 55 12 (46 64) (22 4 39 60 62 1 56 43 51 24) 61 13 (11 26 53 45 20) (3 40 38) (37 49 19 67) 59 21 70
60: 9 44 (2 47) 55 64 16 (31 12) 37 40 8 45 14 58 (41 49) (62 22 43) 50 (53 46 52) 15 38 (18 61) 11 (10 28) 27 (60 7 70 35) (3 4)
61: (43 26) (41 23) (14 27 45) (53 4) (10 61) (39 51 60) (59 11 30) (22 12 70 5) (8 67) (25 9 18 3) 38 (29 63 56 33 44 31) (57 64 49 40) (21 46) 20
62: (54 61 24) (52 20) (47 66 2) (48 14 3 10 45) (44 40 27 64) 60 12 22 (65 49 37) (58 55 51 43 39 25 30 70) (8 67 11 50 63 38) (46 31 9) 4 (53 62)
63: (7 45 27 52 39) 44 (17 50) (48 12 53 18 20 56 55 4) (43 9 14) (42 46) (62 40 24 22 37) (38 51 49 25 60) (68 64) (3 61 63) (2 31 70)
64: 61 23 26 (52 4) (10 47) (55 14 11) (3 59) (6 25 22) (12 70) 39 27 (48 28) (49 29) (21 31) (51 5) 53 (50 66) (2 8 57) (43 38 44) (1 64 40 37 62 54) (9 18) (45 60)
65: (44 53 37 52) 49 (3 23 21 38) (8 47 57) 51 (62 55 5) 27 (43 4 2 1) (60 50 46 12 48) (64 28) 70 (45 11 30) (33 40) (22 61 14 31) (9 67) 41
66: (62 44 29 61 64 37 8 24 43 40 11) (67 53 22 55 51) (19 59 10) 46 18 (60 39) (27 52 12) (50 9 45 49 70 2)
67: (30 31) (28 53 3) 7 55 (43 60 68) (10 14) 47 (61 62) (20 50) (8 9 37) (46 67 44) (4 41) 64 51 (2 12) (22 49) (27 45 38 58 40 70 6 21)
68: 8 (56 62) (10 49 1) (55 39) (12 18 37 3 64 25) (57 2) (11 4 50) (53 44) 31 24 15 (40 22 29 51 9 43 66 38) (61 41) (70 60 19) 45
69: (46 55 38 67 4 51) (65 8 44) (7 3) (24 22 49) (43 11 31 61 64 21 50) (39 57) (37 10) 27 (9 12 47) 53 (41 45 23 62 60 14) 70
70: 49 (9 1) 44 (46 51) (57 22 8 31 27) (64 3 53 52 6) 2 (38 70 55) (40 20) (61 45 10 43 66 60 12) 25 (37 7)
