70 70
1: (22 3 37) 16 (13 55 29 57 43 53 7 62 1 49 44 56) 68 (65 20)
2: 64 62 19 39 20 66 (46 30) 22 (3 7 52 27) (69 67) (51 16 41 68) 29 (53 44) (24 54 58 47 26 63 8 57 9 33 36 13 32) 50 43 (45 34 18) 17 37 (6 14 55 60 49 2 4 11 23 25) (65 59 35 28) (40 21 31) (5 1 48)
3: 40 (56 61 64 51) (31 57 49 48 68 34 60 66 50 16 14 12 17) 42 (47 33) 24 70 1 62 (37 10 5 29) (13 8) (20 58 30) 46 (6 15 53) (54 28) 55
4: (6 65) 4 (49 52 53) 54 (51 14 20) 45 (17 1) (8 56 11) 31 12 (57 25 27 61) 34 68 (26 33 19) 5
5: 26 (11 68 67 8 69 20 7 3 42 1 28 70 49) (25 63) (13 57 53) (43 52 46 27) (65 2 10 33) 60
6: 49 69 (6 12 44) 13 26 (40 50) 4 (29 22 18 66) (11 56 45 48 57 7 63) 53 33 52 (58 20) (68 59 42) (27 39 41) (3 60 30) (54 9 19 25 2) (28 65 23 61 67) (5 34 15 64 46 55 43 35 1 17 70) 62 (51 38) (16 14 8) (24 31 32 21 37)
7: 26 (22 46 29)
8: 25 29 (45 43 23 13 17 16 50 54 20)
9: 23 (55 2) 31 (44 67 16 22 8 39) 43 (62 27) (69 60 54 19 65 57 70 42) (61 56) (66 3 17 52) (10 6 30 18 45 20 36) (14 1 59 29) (25 5 13 38 26) 41 (46 51 28) 64 (53 33) 47 (49 21 9 37) (24 15 58 68)
10: (53 31) (16 48) (70 18 54) (61 7) 34 (56 42) 20 (25 9 14 55 8 10 33) (26 38 62) (17 64) 11 3 21 13 22 (24 36 27) (51 19 66 37 67) (5 29) (65 44 12 23 28 49) 59 35 (40 68) (47 30) (50 69 60) 6 (57 1 43 39 46 41)
11: (29 36) 53 (22 52) 6 (28 46 45)
12: 46 15 17 (2 56) (63 42 14 39 19) (59 22) 53 (13 45 25) (3 30) (51 7 64 12 4 41 5) (62 35) (6 57 55 65) (29 47) (16 8) 68 (1 49) 58 37 9 31 23 24 (28 43 70) (54 36 21) (52 27) 20
13: (1 15 67 60) (27 25 4) 64 (57 63 51) (39 16) (11 49) (54 44) (13 58 9) 30 33 (29 42 2) (36 26 35)
14: 1 (46 43 52 51 70) (8 33 50 35 54) 53 (66 29) 57 (22 23 45 20) (41 21 40 49 32 11) (2 12 28 36) 47 (26 34) (68 7 13) 59 (55 10) (16 37) (62 48) (15 6 65 39 17 18) 19 44 42 58 (25 3) (64 27 9) 67 (30 69) (14 61 24) (60 56)
15: 29 40 (11 8) 63 (69 53 54 38 12 39) (51 20) 48
16: (45 21) 40 (13 29) 47 67 (52 65 54) (12 11 33 27 24 60 64) (5 59) (34 14 20 68 62 25) (22 58 28) (63 23 43) (3 6 48) (30 51) (61 57 10) 19 (2 56 41 66 49 26) (50 39) 42 (7 69 35 38)
17: 16 (35 52 70) 66 25
18: (31 35 54 59) 69 (37 70) (27 58) (32 64) 6 (39 52 60) (65 5) 20 (14 41 56) (48 61 16) 42 (66 53 47) 68 63 (50 24 44 17) 40 (30 36 11 10) 23 45 43 (55 9) 28 (15 25) 22 67 (12 1 38) 33 (51 62) (2 7 4) (49 8 21) (18 46 29 3 34 57) 19 13
19: (9 47 70 65 3) (46 35 48 24 18 25) 40 (31 32) 2 (19 33 39 20) 11 (6 41 15) 7 (54 43) (4 34 57 5 26 58) 62 (30 64) 50 (53 42) 29 (23 61) (17 59 10) (67 49 13 12 1 21) (55 16) (45 44) (37 56) (69 63 14 8) 27
20: 56 62 31 (35 3) (70 39 48 61 14 55 33) (37 36) (68 45 51 8) (46 2 59) 26 7 19 (6 54 23)
21: 21 34 57 (15 66) (23 54) (60 45 28) 48 42 (61 52 39) (31 55 35 67) (32 3 44 18 56) (11 7) (10 6 36) (4 20 16 69 59 8 29 64) (17 41 47) (63 43) (2 25) (19 40 24 26 50 30) 51 70 (14 49) (9 12 1 27) 58
22: (41 61 4 21) (19 55) (45 5 14) 30 (64 10) 54 (39 17) 66 25 28 (20 57)
23: (67 68 52) 45 (5 35 65 13 2 66 53)
24: (24 19 40 31) (28 12 30) (23 54) 7 36 (27 49 62) 2 (47 63 46 13 35) (53 48 10) (42 25 6 39 56) (50 26 3) 1 17 (65 41) (51 20 33 14 45) (4 60 43) 9 (15 18)
25: 43 (25 7 67) 56 57 (31 54 35) (6 10) (42 29) 41 (37 2)
26: (11 10 69)
27: (18 33 63) (35 17) 8 (27 6) (59 5 22 23 24) (47 40 30 12 51 31 61 2) 10 (58 52 1 39) (4 60) (21 41 9) (43 64 66 3 62) (36 25)
28: 30 (39 48 29 1 57) (37 25 6 14)
29: (2 32) 61
30: (24 47) (60 7) 42 45
31: 16 (40 48) (30 6 34 58) (33 61) (47 59) 50 (22 13) (42 37) (1 10) (9 63 23 27 54) (21 65) (20 28) (15 14) (25 8 19 26 68 24) (45 53 17 39 57 3 18)
32: (2 59) (56 26 68 58 53) (3 36 70 62 25 24) (66 20 39 18 40 17) (64 15 16 31) (45 33 8 43 51 38) (47 11 37 54) (44 63 14 57 28) (42 35 6 7) (12 69) (32 10 4 9 5 46 50) 34 (23 21) 52
33: (23 39 61 24) (25 1 9 49 21 3 34 17) (33 10 20) 66 (52 50 57 64) (14 46) (68 43) (37 13 54 53) (45 12 4) 51 63 (28 26) 47 (48 36) 16 (7 35 30) (59 42 62) 8 (2 58 44) 11
34: 70 (22 36 21) 52 5 (17 19) (4 55) 9 47 45 (60 14 49) (48 57) (69 40) (61 33)
35: (26 23 63 25) 18 (64 59 36 12 19 62 16 5) (56 35)
36: 31 (25 65) 69 37 (9 27 40 28 24) 62 (18 54 12) (60 17 33) 45 (61 68 57 42 15) (16 59)
37: 8 (64 19 70 18) (54 30 33) 58 (48 43) (26 51 47 21) 69 (53 63) 65 (59 45) (7 66) (67 52 39) (10 60 34 13 55) 1 (22 16) 50
38: 20 (4 61 41 16) (37 21 57 44 9 70) 54 65 (34 31) (10 55) (7 56 28) 35 (46 19 25 27) 58 45 (30 24 52 11) (36 22) 15 (23 59 6 5) (60 62) (43 66) (64 13 1) 33 29 (26 68 18 67) 38 (50 53 69 2) (47 51) (32 42) (14 49 63 17) (40 48 8) (12 39)
39: (28 55) (24 38 31) (9 67 56 29) 18 (49 50 1 7 30 21 46 3 60 63) 59 (70 25 13 54 61 33) (14 69) 17 47 (52 39) 42 (16 19) (10 57) (48 32) 44 (66 27 40 12) 51 (62 58 34) (8 11 37) 22 (23 35 64 43) (5 68) (4 53 26 65) (36 41 15) (6 2 20 45)
40: (41 35) 46 (40 60) 47 25 7 69 42 (21 55 64 20 30) 63 44 23 (28 53) (8 45 11) (36 3 9) 34 (66 67 57 19 43 58) (50 39 33 6) 2 (61 10)
41: (53 30 9) (39 69 65 58) 50 (56 66 3 20) 5 (48 67 42) (54 29 25 47) (2 45) 4 19 (14 11 15) (27 12 35) (46 44 31 34 13 55 26 36) (21 60 61 49 16 1) (41 22 24 62) (68 59) (64 17 51 40 7) (70 6 52 43 18 38 63 28 33) (57 23 8) 37
42: (39 18 63) 47 (32 37 42 62 29 27) 21 (11 16 15 34) 19 46 (57 3) (70 13 51 56 68) 33 (8 35 60) (7 26 45 2 25) 4 (1 28 67 31) (5 12) 59 22
43: 26 (66 35) 39 (69 44) (58 46) 41 (27 5 42 19 54) 37 31 16 (50 24) 34 55 10 60 (68 53) (30 63 9 7) 64 (38 70 15 45) (36 59 51) 56 18 14 25 (48 33 22) 3 (6 67 57 2 20) 11 (17 4) (43 49 47 62)
44: (1 24 42 65) (52 51 27 53) (68 61 21 59 46) (3 35 45) (29 67 15 50) 54 32 64
45: (31 51) (42 22 8) (48 57 7) (36 14) 64 (44 69 19 68 47) 13 (4 65) (67 10) (66 26) (58 9 59 30 3 25) (33 2 24 27 60) 38 39
46: (59 5 62) 54 (28 40) (17 38 19 53 52)
47: (49 15 48 70) (10 27) 23 4 22 (38 52) 35 41 (55 45 50 68) (25 12 43 66) (40 1 20 65 63) (36 57) 69 (13 37) 29 (54 34 67) 30 (26 31 14 33 61 21) (47 7) (39 18 2) 42 (28 6 44 56) 32 (16 59) (51 53 8) 60
48: (39 46) (41 29 60 58 19) (23 25) (64 68 1) (49 59) (67 33) (6 53 32 69) (55 45 38) 31 (34 35 18 52 42 10) (5 54) 40 (56 14) (22 30) 28 20 (17 11) 15 (12 57) (13 61 51) 7
49: 28 11 (43 15 55) 25 (17 4) (10 54) 21 (62 63 37) 19 16 (68 42) (36 49 67 1 9 8 33) (59 52) (32 70 12 20 23 61 3 6 40 31)
50: (27 70 6 41) (46 60) (8 16 5 12 61) (1 44 19) 49 (31 56 54 45 48) (63 55 53) (32 38) (62 68) 37 26 (65 21) (34 42) 43 9 (52 64 33) (67 22) 15 (40 24)
51: 32 10 (29 28) (14 63 61 6) 19 (69 70 25 1 3 17) (37 60) (22 42 7 16 68 31) (26 41) (50 65) 24 (57 21) (34 51 39) (15 35) (40 20) (8 38 45) (49 36 55 53 46)
52: 5 35 (17 3 11)
53: (21 42) (38 60 25 46 29 35 45 65) 1 52 54 (8 2 19) (34 7) 10
54: (44 43 51) 9 (12 40 59) (11 63 56 48 66 64 46) (18 54 20 25 61) (65 8 36 28) 1 (35 50 41 27 49 29) (37 38 32 58 21) 13
55: (49 58) (2 12 14 57 34 46) 50 52 (56 70 42 29 36 64 44 65 45 68) (61 26) 18 (9 32 40)
56: (55 40) (20 68 66 6) 42 16 (69 13) 39 18 47 21 43 31 (49 30 58) (57 14 54) (64 37 35)
57: 45 (64 47 46 59) 15 (58 53 62) (44 19 1 16) 60 (38 55 51 8 42) (65 28 12 26 17) (68 41) (49 18) 30 (36 56) (37 4 40) 50 (52 13) (9 63) 33 (61 66 2 29 3) (48 27 5) (25 20 31) 70
58: 34 (69 38 30 8) (16 13 3 68 29) 52 42 58 39 56 (35 26) 6 (15 21 59) (1 25) 33 (62 64 32 37 18 65 54 24 9 44 70) (19 53 48 36 49 20 11) (2 17 40 4) (60 27 67 22) (5 31) (47 45 28 10 50 7)
59: (16 60) (56 39) 26
60: (67 56) (58 32 8 39 10 22) (44 40 17) 64 50 (6 27 16) 15 34 11 3 48 (14 57 26) (49 65 28) (2 18) 23 (43 35) (30 60) 29 33 (4 62) (41 24) (12 55 9) (63 46 53 54 69 5) 31 (1 45) (70 21) 42 52
61: 53 (54 13 40) 17 (36 56) 35
62: (34 62 44 69) 64 (16 59) 3 (7 5 13 11 63) 55 (68 45 2 23) (20 31 47 51 46 42 4) 58 35 (36 24) (33 1) 14 (39 67 70 50 18) (28 40) (60 19) 30 (12 15 65 61) (54 22 43) 29 (56 21 49 41) 32
63: 26 (18 55 64 1) (2 20) (47 28 34 48) 61 (51 65 57) (58 4) 54 39 (17 6 38 16) (40 67 22 63 25) 23 (30 68) 33
64: 70 59 (45 8 7) (49 32) (50 23) 64 (10 61) 3 (34 65) 68 25 (20 16) (18 60) 15 27 (33 9 56 30 51 29 4 17 1) (28 38) (26 55) 12 (13 11 54 66 69) 67 (37 39 19 41)
65: (43 8 47 17 15 51 37) 1 (19 18) (3 53) 54 60 (69 10 65 29 34 66) (21 25) (70 55) (11 23) 14 (63 50) (39 2 30 42) (46 44 27) (62 64) 59 (52 48) 32
66: (39 63 69 33 37 4) (12 8) 58 (32 28) 10 (9 15 41 25 20) (16 66 35) (48 38) (3 29 27)
67: 52 (58 6) (63 21 37) 27 24 26 (20 10) (30 29) (23 56) 44 61 38 (60 32 64) (4 50 3) (57 25 13 65) 51 7 46 14 (40 49 12) 11 9 (48 17 54 55 22 19) (28 39 69 18 59 8 36 68 62)
68: (61 47 53 31 64) 67 24 40 (44 62) 41 16 43 50 (68 20 63 18) (10 65) (70 38) (56 1) (33 6 58 14 2) (5 49) (29 55) 52 26 (69 17 46 12 42 27) (60 23) 30 (22 11 35) 21
69: (44 1 25 54) (43 6 59) (35 13) (4 67) 61 8 40
70: (64 3) 44 (67 55 12) 9 21 1 (50 28) (2 11 30 8) 33 (51 48) 62 (27 42 24 40 58 18) (49 69 31) 19 (60 57 68 38) 7 36 (29 47 53) (14 41) 61 23 (56 52 39 6 4 34 20) (26 66) 59 (43 35) (37 63 65 70) (45 25 16) (15 17 32) 13 10
1: (39 28) (14 21) (65 49 62 63) 41 (69 53 44 42 6) (10 2) (19 24 50 51 9) (31 54 12 3) (27 13 68 60 57) 47 (4 38 1 58 48) (70 33 64 18 5 37)
2: (21 13) (38 57 47 60) 24 18 32 68 58 40 62 (12 70) (42 41) (14 39 16 33 19) 6 (45 65 27) 55 (20 23 9 5) 29 43 (63 2) (25 53)
3: (57 66) 67 39 (2 40 32 52 9 27) 70 44 33 (18 16) (21 14) 43 19 20 60 (49 51) (42 5) (6 64 45 41) 10 (24 65 31) 58 1 12 62
4: 22 (70 19) 60 (64 43 13 49 34) (6 62) 66 38 (69 67) (58 24) 63 (41 32) (18 2) (33 39 4 21) 12 57 (27 42 45 47)
5: (12 57 9) (4 52 60 10 19) (23 22 35 3 68 34) 16 (18 2) (43 6 39) (50 32 27) 58 (42 62) (41 38 46) 48
6: (9 41 24) (51 6) (48 43 50) (63 58 18 11 2 12 19) (38 56 28 70) (40 47) (4 3) (27 69 39) 10 60 (16 20) (25 49) (32 67) 14 21 68 31
7: 53 25 58 18 12 51 42 48 (62 38) (10 47 6 21 67 37 16) 45 (19 24 70 30 14 40 2) 5 (1 43 41) 32 (64 39) (33 20)
8: (37 49) (18 12 27 58 45) 33 (10 2 50 65) 3 21 14 66 69 (15 60 6 47 51 31) 4 (53 70) 39 57 (41 38 64) 19 (42 67 5) (20 32 9) 54 40
9: (45 9 41) (21 58 64 54) (67 2 19) (39 66) 6 55 33 60 (34 38 27 57 36) 10 13 (49 40) (43 12) 18 14 50 32 (24 70 31)
10: (53 48 25) (37 58) 22 (9 68) (45 31) (27 70) (24 60) (67 64 66 19 14 39 5) 26 (51 49 65) (43 32) (3 33 21 18 40 10) (47 16) 38
11: 19 (60 18 62 54 64) 41 14 52 (15 39 65 21) (58 67 4 6) (43 42) (32 13 68 40) 10 (49 33 70) (48 26 2 16 38) 5
12: (54 47) (42 64) (35 62 66 27 38 68 49 36) 60 (15 4 50) (55 32 16) (57 24 48 41) 12 (19 18 6) (10 21 39 14 3) 70 (33 67)
13: 61 (9 57 33) 12 5 64 (1 2 24 48 13 45) 37 (67 70 42 16) (8 19) (54 58 56) 41 (62 18 39) (31 10) (38 47) (6 3) 69 (14 23)
14: 55 41 18 (65 39) (12 47) (21 3 48) 10 38 (60 70 19) (67 43 51) 14 33 9 (28 6) (4 24) (34 45) (68 32 56) 31 20 (16 62 22) 2
15: (47 14 13) (19 24) (60 49 12) (48 50) (64 66 70 43 44 6) 65 51 (18 36 39) (9 62 57) (58 42) 41 (38 3 32) (21 31)
16: (14 8) 63 6 (38 68 58) 31 64 (33 3 1) 43 (21 35) 12 62 17 (66 47 60 9 50) (70 18 37 59) (49 56 41) 19 (42 10 51 57) (2 13) (39 36) 32
17: (19 22) (9 43 36) (61 3 68) (67 60 51 63 21) (14 46 64) (32 31 58 4 70) (24 65) (2 52) (57 8) (27 39 10 33 34 12) (48 49 18) 41 (6 38)
18: 21 48 (62 42) (39 38 68) 9 (18 43 55 35 36 67) (14 58 10 54 27) 2 (65 37) 64 (56 31 24) (19 41 60 32 6 63 70 57) 47
19: 24 19 21 (43 4) 46 (38 57) 65 (9 58) (37 42 10) (31 62 53) (70 20) (67 48 6) 34 (22 64 40) 18 (2 35 16 45) (49 14) (51 39) (50 41 12)
20: 70 41 31 58 (49 54) 66 (2 24 5) (21 51) 64 (48 18) (43 38 14) (8 63 68) 6 (22 32) 67 (12 39 56 47 3 62) 16 (1 40) 4 (57 10 19) (15 9 33)
21: (67 27) (19 6) (44 34 37) (56 39) 12 (54 49 51 47) 10 (65 58 68) (38 41 70 42) 32 18 (31 60 40 16 21 9) (22 33 2 53) 62 (50 14)
22: (12 10) (38 51 47) (67 42 48) 43 16 (37 34 1 63) 9 (68 7 50) 31 45 58 (60 39 11 14 62 18) 6 27 (41 2)
23: (60 31 2 64 65 21 62 10 33 6 8 39 41 12) (24 27 18 48) (49 35 9) (19 47 70) 67 (20 40) (14 38 16 68 32 63)
24: (50 27) (24 44) 31 (32 70) (30 2) (67 38) (58 21 68 16) (45 39 33 51 3 62) 6 (36 14) 12 43 (18 9) 60 (41 19 10)
25: 45 47 (13 49 31 38 63) (32 28 35 17) (24 33 42 41) 27 (43 2 9 18) 21 (14 48) (64 5) 67 (54 16 57 40 8 66 51 4 10 36) 70 (6 22) 19 (53 39 65 58) 25 (69 12)
26: (6 59 33) (64 13 57) (31 21) 60 (41 47 51 68 35) 45 (7 4 67) 63 (16 70 43 58 2 19 39 10) 42 (37 32) 55 (50 9) (5 24 38 14) 20
27: 6 2 54 70 24 (67 38) 65 (68 64 43 13 47 39 4 14 27) (9 58 31) 57 36 66 12 (21 42 5) (41 45 50 10) (16 18 44 19 60)
28: (21 38 48) 51 (18 6) (62 3) 39 5 (42 22) (67 70) 54 2 66 (60 57 10 47 63 31 46 36) (16 58 11 33) (40 14 49) 64 9 (24 12 41 32)
29: (51 28) (14 1 18) (25 12 44 39) 68 62 58 (53 9 13 65 48 41) (47 67 70) 3 (19 6 54 64) 7 (38 11 2) (57 15) (10 42 55) (16 21 8) (66 60)
30: 37 (68 38 6) (31 27 3 21 24 62 39) 40 (22 14 56 16 19) (48 43) (67 2 41 18 28 65 60) 10 (9 45 57) (70 64 58 13 33) 47 (63 12)
31: (32 58 62) 56 (50 4) 9 (48 25 27 36 43) (60 38 49 6) (2 70 18 41 24 3 12 10) 19 (47 68 21) (45 20) (57 51) (39 42)
32: 62 (55 21 67) 66 (60 18 39) (44 19) 64 (48 50 54 38 49) 14 (65 58 6 51 29 32) 2 (70 47 42)
33: 58 (50 40 9 36) 45 34 42 (60 47 48 19) (38 37 49) (20 70 39) 13 32 10 (16 5 66 43 4) 63 (31 6) (33 68 3 64) (27 2 62) 41 (18 57) 14 24
34: 14 (2 6 33 42 62 64 48 43 31 37) (60 38 32 55) 58 (19 16) 4 65 (18 51 39 70 63 50 40 41 3) 53 (47 21 10)
35: (69 17) (68 10 39 23 48) (41 47 40) 32 (66 14) (58 42 43 44 38) (16 33 27 52 70 60) (19 6 61 12 13 51 21 53) (54 18 20) (2 35) (56 24) (25 62)
36: 43 (14 41) (70 67) (34 61 58) (55 57) (54 12 62 27 18 9) (11 40 49) 47 (2 38 24 21) (51 20 39 13) (35 33 10 45 32)
37: 67 (20 54 19) (33 10 56 1) (14 66 64 2 12 57 58 6 36 49 39 3 38 18) 70 (32 47 28 31 41) (51 43 9 42 65) (50 25)
38: (46 48) 67 (45 38 9) (51 6 41 47 16 58) (66 57 10) (18 63) (39 68) 43 70 54 (15 50) (64 53) 32
39: (64 24 16) (48 22) (51 27) 56 (40 20 21 33) 39 10 13 2 (15 19 58) (45 66) (67 42) 6 (37 32 47 12 65 9) (28 60) 31 (18 38 70 43) (63 59) (62 14 41)
40: 6 62 (54 69 48 38) 63 (60 21 56 68 50 16 3) (55 34 14 61) 46 (18 67) (51 27 41 24 10) (47 32 70) (15 36) (40 39) (58 19) 49 (57 31 2)
41: 62 70 (43 60) (12 68) (38 51) (9 66) (41 18) (2 27) 39 40 (10 22 50) 14 (21 24 64 16) (48 57 6 54) 25 19 47
42: (38 30) (18 43 21) (12 57 56) (19 31 44 6) 70 (40 25 53 10 33 16) (41 65 45 32) (24 36 42 49 3 5 60 50 62 47 13) 14 (48 39) 9 (55 58 51 68)
43: 47 (69 38) 1 (16 33) 50 27 (39 6 12 40 68 8) (10 9) 43 (18 62) 41 (60 19) (5 24 2 14 25 54 70 49) (21 65 56 32) 37
44: (55 39 68 60) (2 57) 69 (19 38) (9 67 43) 18 (14 1 33 32 45 41 62 40 6 70 21 58 50 54 10) (65 13) 47
45: (37 41) 44 (58 19 21) (57 34) (47 14 32) (16 2) (40 51) 48 18 (8 30 4 11 31 62) (20 60 70 50 36 23 24 9) (38 53) (64 12 33 6) (55 39 42) (22 43)
46: (2 38) 62 (6 10 43) 18 67 9 (14 33 50 5 51 44 11 41 24 7 32) (19 39) 53 (20 12 55 65 68 48) (60 40) (42 54) 57 3
47: (27 57 63) 47 (70 24 56) (32 2 14 58 43 40 31) 30 (33 10 19) 9 (45 16 18 41 65) 68 3 (21 62) 34 (37 38 42) 12 39
48: (14 15 47 50) 19 (60 45) (43 38 34 54 63) (31 66 37 2 21) (6 20 18) 67 57 (24 41) 28 (10 33 39 58 65 3 70 16)
49: (41 19 57) (21 68 50 47) (54 58 55) 62 18 (12 2) 34 70 (51 48 16) (1 39) (33 60 13) (56 5) 14 (10 64 4 67) (6 3) 24 (49 43) (9 38)
50: 51 33 (40 65) 43 (38 58 2) (54 18) 39 32 31 70 (67 10) (62 19) (3 37) (24 44 21 6 8 16) (68 14 41 57) (47 64 60 55)
51: (24 57 37) (42 62 64 13) 41 (27 32) (63 4 65 38 16) 51 (3 12 14) (18 43) (44 39 47 10 67) (48 2) (20 45) 70 (21 33 6) 15 9 54
52: 5 (2 57 46) 48 (32 67 21 4 58) (53 70) (39 49) (11 33) 60 (65 68) (12 38 55) 18 (37 17 14 23 34 44 6 16 9 47) (27 41) 50
53: 18 47 (5 70 2 39) (58 9 23 65) (32 33 24) (50 6 57 46) 4 (37 41) 12 (68 10 38 40) 3 (31 14 15 19 60 61 1 43 51 48 11 44)
54: (3 49) 36 15 (18 69) 16 22 12 (64 67) 39 50 (60 10) (47 25) 62 (44 37) (46 38 13 6 8 20) (63 32 41 65) 21 24 (19 56 4) 53 54 (61 2 9 33) (48 43 14 58) 31
55: (14 40 9 22 12) 68 21 (19 1) (41 6) (34 39) 10 2 (37 48 49 56) 62 65 70 (18 3 63 64) 60 (57 43) (20 38) (47 50 51) 67
56: 14 35 68 (61 60 16) (10 59 58 18 3 41 39 6 70 1 43 47) 67 (50 25 20 62) 32 48 57 64 24 (12 38) 19 42 (9 54) (4 21) 55
57: (38 28 25 9) (40 36) (2 10) (67 13 18 21 34) 22 19 42 45 5 63 12 56 (31 55 47 48 3 33 1) 39 51 41 (6 4 60 70) (43 16) (32 14)
58: 63 14 56 (48 2 38 12) (57 9) (16 55) (37 58 54) 33 (67 32 62 3 68) 41 (66 45) 27 31 (39 13) 21 70 40 18 6 43 19 60
59: 21 10 20 (16 42 58 65 45) (35 37 2) 43 (67 31 70) (38 57) (12 14 64) (69 49 19 62) (46 39 41) 33 (47 32 36 54 27) 6 9 (18 44) 48
60: (65 21) 34 (39 59 48 57 37 64 6 47 27) 60 (9 38 62) 3 58 18 (67 41 14 13 50) 16 45 (68 30 43 40 51) (24 70) 42 (36 2) (5 53 10)
61: (63 18 48 4 3) (27 19 68) (51 55 47 50 21 40 38 14 49 39 62 67) 34 (44 41) (22 70) (64 33 31) (36 54) 9 57 6 (29 10) (20 16) 69
62: (43 50 12) (18 32) 41 (68 33 6 58 3) (35 36) (39 20) (1 57) (9 16) 19 46 65 27 (10 60 14 38 67 70 2 42 62) 24 49
63: (5 60 15 33 50) 40 42 (66 65) 63 (43 39 18) 37 (2 19 57 35) (24 54 38 70 27 31 49 32 12) (62 67 41 21) (6 13) 68 (51 47 16)
64: (3 48 67 21 45 22) (64 38) (19 27 13 50 55) (9 68 12 57 10 43 2 6) (16 70 65 39 14) (32 33 35 62) (18 63 56 60) (58 54) 40 (41 44 37)
65: (18 45 37 67 23 64 9) (60 55) 6 38 (5 39 4 1 47 14) (53 65 41 2) 36 (44 58 68) 70 (63 62) (19 10) (50 54) 16 (24 57 12) (31 51)
66: (21 22 9 70 40) 3 37 (47 14 23 6 57 16 27 18) (2 43 64) 33 65 (41 38) (56 45 66) (32 17 39 10) 54
67: (43 64 42) (68 40) (60 19 25 37 50) (69 49) (70 16) (58 47) 62 38 (5 21 6 14) (63 45 2 9 41 10) (23 48 39) (44 13 18)
68: 41 56 (14 50) (55 6) (63 43 16 9 44 47 23 18 51) 49 (62 38 10 70) 64 (48 32 42 67) (45 1) (31 68 57) 2 (5 4 36 12) 20 3 (39 58) 33
69: 39 (18 21) (26 15 64) (32 67 37) (16 47) (58 40) (34 9) (14 65) (62 56 38 45 70 48 2 36) 43 (5 66) (68 41 51 60 10 6 19)
70: (37 62 41) (49 32 50) (20 47) (68 60 64) 55 (21 57 51 43 5 19) (42 38 12 70) (10 34) 39 6 17 (58 9) (3 14 65 18)
