70 70
1: (54 68) 26 3 (46 66) (48 51 41 70 60 50 52 15 5) 21 (24 16 65) (30 53) 49 (56 39 27) (1 34 22 69 43 12) (61 35) 44 19 (36 28) 67 14 17 (33 45)
2: (18 5 7) (15 66 54 35) 30 68 33 53 56 (62 42) (38 31) (47 12) (50 14 27 20) 10 37 (19 58 67 1 63) (39 55 9) 46 (59 40 13) 48
3: (53 64 48 6) 66 54 63 (7 55) (33 32 26 62 40) (45 28 44 51 8 59 25)
4: 66 21 7 (6 55 48 40) (4 11) (50 43 62 22) 12 (70 38)
5: 10 12
6: (62 61 31 17) 21 (38 39 59 3) 7 (14 35 43 37 30 66 34) 58 33 (50 54 8 56 13 53) (65 25 26) (60 40 70) 46 (23 57 51 42) 41 (63 68) (44 69) (6 4 64) (22 20) (48 52) (47 5) (28 1 29) 18 16
7: (7 61 48 68) (8 4 36) 59 (18 20 34 13) 56 (60 53) (37 25) (21 23 47 30)
8: (37 12) (3 13 49 40 2 69 29) 59 24 (61 65 68 39 63) 16
9: 60 (21 59) (26 46 63) 17 42 51 (33 58) 2 (35 9 8) 50 36 53 (64 28) (19 12) 47 (43 62) (14 56 41) 25 24 22 (61 7) (48 20 39 44 38) (15 1) (29 45) (55 65 18 37 31 54) 69
10: 43 (7 5) (44 53) (22 32 28 12 38 2 6) 67 (14 29 63) (36 19 39 42) 8 (25 33 61) 31 (35 54) 45 (16 26 48) (27 11)
11: 3 (29 23 68 34 58 25) (15 66) 36 (6 47 48 22 45) 16 (61 14) 13 (63 5) (35 27 59 62 57) (39 28 18 26) 43 (2 41) (40 8) (52 1 51) 46 (37 69) (32 60 4) (65 44 9) 56 (50 11) 12 49 (17 10) 64 (53 31 21) 54 42 (30 20) (33 7) 55
12: (59 13 36 53) (21 55 22 33 32) 5 (4 1 49)
13: (34 59 11)
14: 38 11 67 (35 10 25 26 66) 39 (29 23 58 40) (47 51) (21 45) (4 16 61) 5 24 (15 9) (27 53 41 13 50 33 65 43) (52 54) (31 64 20 42 37) 12 (69 22 30) 63 17 (57 68 8 3) (28 19) (18 6 46 49 44 1 55 48 56) 2
15: (68 34 47 25 13 12 14 58)
16: 18 22 (15 25 60 14 30 66 35) (33 1 39) (37 57)
17: (23 36) 19 (24 62) 3 38 47 (48 2 6) (12 31) (14 60) (69 17 49 28)
18: (28 51 31 10 54 50) (36 64 70 18) (5 9) 57 (41 12 65) 3 15 (42 2) (59 34 23 33 56 69) (8 19 29) 44 (22 24) (40 14 46) (47 55 35 39 48) (11 49) (43 37) 17 (32 62 61) (53 68) (4 7 6 20 63 52) (27 67 25 21) (60 26) (45 16 30) 38 (1 13 58)
19: 25 26
20: 24 (52 65 47 12 57) (32 15) 61 (63 25 49 34 51) (46 39 6 44 10 5 21 40 29) (67 56 66 26 37 18 20 48) (16 62 19) 1 64 54 (53 14 60 31) (30 9 8 41)
21: (36 32) 1 (37 57) (41 60 7 46) 14 5 25 52 (30 65 54) 48 63 21 (42 9) 53 59 (39 69 17 20 10 23 8) (33 12) (15 18 66) (68 19 6) 26 22 61 (47 29 27 31) (38 58 16 62 45 70) 50
22: (33 66 36 10 29 46) (28 65 53) 39 68 56 12 (18 67 26) (16 60 54 6 57) (7 2 51 21 19 20 45) (44 34) 23 (70 58 15)
23: (18 49) (42 69 67 11 32) 44 55 17 (46 6) (65 64 60 43 50 57 35) 52 24 (7 12 51 21 68) (28 29) (10 53) 58 48 (31 30) 34 (25 8 54) 13 (2 45) 26
24: (17 18 38) 22 11 19 65 55 5 (52 43 27 63 61 13 45) (53 58) (51 2 12 24) (14 9 30 37 56 16) 49 31 67 1 (62 70 21) (69 41 64) 36 (3 39 40 28 6 59) (10 32 57 35 29) (34 25 68 8 33 7) (42 60) (54 47 20 26 66 23 46) 4 (15 50 48 44)
25: 52 (16 56 1 8 69 25 15 9 20) 67 (5 30 59 62 3 14) (45 26 44 27 37) 13 28 (49 18 22) (50 24) 33 29 53 (58 35 12 66 11) 55 60 10 54 (47 39) (57 19 42 68 4) (31 70 43) 2 7 63 (17 36 32)
26: (41 50 22 58 49) (60 31 10 43) (38 42) (21 3 13 20 65) (2 28 63 12 5) 26 (61 40 29 30 25 70) (69 17) (18 19 37) (14 24 57 33 9) (6 34) 52 (51 47 46 1 55 54 4 45 62 53) (27 35 59 39 32) 44 (56 66 23 7 48) (16 36)
27: (7 70) (58 26 36 1) (47 68 38 12) 60 (19 10 57) (46 24) 21 (8 15 29 51 11 14 45 39 3) 56 (54 69) 65 37 33 (31 20 63 13 25) (17 9) 4 50 (35 22) 6 41 (59 61) (43 64 55 49 42) (16 66)
28: (33 23 16 7) (19 56 38 64 63 66 4 51) 40 (54 14) (67 48 43 59 57 3) (34 26 30) 37 (29 13 49 62 35 5) (17 27 52 60 6 28 55) 25 (44 24) (11 53 21 36 65 46) (45 41) (8 10) 32 (20 61 18) (12 58) (31 1) 42 (68 9) (15 70 22) 39
29: (23 26) (11 56) 54 (55 4) 38 (40 44 70) (64 6 31) (50 1) (65 34) (33 47) (42 52 36) 5 (2 32) 14 (57 63 51) (67 16 46 24 3)
30: (24 17 43 49) 55 27 66 54 (41 59) (35 60) (3 40) 6 (22 62) (39 14) (46 67) (5 26 50) (64 51 31) (15 42 10 32 2)
31: (6 25 51) (55 43 19) (63 34 67 66) (30 23 5) 24 (68 1) 69 (14 61) (10 12) 16 (3 52 44 46 45 29 33 4 28) (15 39) 65 (40 9 42) 7 62 (60 58 41 26 53) (32 37) (64 22 54) 20 (21 2)
32: (6 13 38) (16 20) (68 3 57 54)
33: 1 11 (42 44)
34: (69 21 2 62) (11 44) 54
35: 65 39 60 (17 25) (18 47 70) 46 54 (63 62) (37 45 38) 55 19 (64 26 34 43 53 2 14 29 23) 36 (22 8) 58 21 12 (15 24) (20 52) (32 56 41 11) 68 (33 28) (16 13) (51 6) (48 3 69 59) 35 9 (40 30 67) (66 5 27 10 57 31 49) 44 (42 1 4)
36: (1 56 38 59 24 21 58) 62 (7 65) 12 30 (2 51 49 54) (53 60 19 40 20) (23 47 34) (32 25 67) (55 46 39) 68 64 13 (69 33) (41 63) (14 35) (26 4 52 36) 22 10 (16 42) 70 6 (57 18 45 29 3 37)
37: (38 52) (35 62 5 53) (8 46 25 15) (24 1) 13 (27 48)
38: (23 5 52 29 53 6) 1 (50 35 21 43)
39: (66 42) (52 53 24) 3 13 27 65 (16 59 39) (51 31 46) (49 40 47 44 34 43) 68 (17 60) 20 50 58 (12 45 63 26 36 14 61) 35 (10 9 15 57 21 23 32) (11 30)
40: 38
41: 41 3 (44 38 16) (53 29 4 59 61 50) 12 (68 18 5) (14 36) 19 (27 43 10) 62 46 (9 67) (54 65) (35 63 24) 55 (11 42) (33 7 39 20 70 52) (22 47) (66 49) (2 17 26 23 48 69 34 13 15 28 6) 45 8 (51 56 60 64 1 32 31) 40 37 25
42: 14 60 50 69 (62 59 46 22) 37 (15 55) 66 (52 1 28 44 9 20 56 68 63 23 51 4 2 29) 54 (47 30) (27 43 40)
43: 29 (28 58 61) 23 (37 32 17 69 57) (44 53) (65 27) 10 (50 35) (3 59 15) (51 20) 66 1 41 42 (52 47 9 16) (49 25 60 30 48) (18 19) (67 21) (70 34) 24 (6 68 11 55) 46 (38 62 36)
44: (14 20 56) 64 (16 63) (45 42 51 47 9 59) (39 69 52 38 13 35) (62 34 18 10) (26 61 11) (70 57) (27 8) 30 (24 12) (32 4) (68 2 49 65) 6 (53 55 66 21 25 58 40) 54 (43 3) (44 36 23) 28 (22 37) 50 (41 31 60 67 29 46 7) 17
45: 32 57 (24 31 56) (63 15) 16 (9 45 23 70) (28 26) (21 68) 46 58 53 (22 43) (55 30 11 17 39) (12 60) (18 29) (34 65)
46: (63 39 12) (62 43 40 42 11 48) 21 70 (3 50) 68 (15 64) 19 (53 2 30 31 51 35 34) (44 28) (49 45 16) (41 8) 55 7 (5 65 61 56 18) (67 36 57 69) (20 33 1 52 13) 9 (58 24 6 46 66) (59 27) (38 14 29 26) 22 32 (10 25 60 54)
47: (9 11) 46 23 (55 69 64 56 51 53 17 7) (60 66 37 6 25 26) 30 (62 54 68 24 27) (4 28 33) (59 21) 29 (12 20) (16 35) (10 63 15) (36 38 5 8 19) 13 39 45 (58 67 22 61) (52 50 44 43 2 47 32) 34
48: (12 5 24 39 35 70) (68 59 58) 13
49: (2 33 45 14 55 31 27) 21 6 (25 68 5)
50: 34 57 (55 52 59 2 44) 63 13 (28 49 6) (65 50) (1 14) (39 21 43) (18 69 29)
51: (40 53 51) (62 29 44) (13 54) 5 17 49 (56 63) (55 22) (33 34) 60 19 8 23 (30 35 67) 21 (14 58) 42 (27 15 7 11 26 50) (28 25 20 18) (64 41) 45 (70 46 36) 1 (39 52 48) (2 31 24 9) (61 16)
52: (7 9 33) (38 6 39 42 30) 16 (67 29) (45 25) (43 60) 58 44 (27 40) (5 21) 61 (34 14 55 23 19 12 8 13 17) (37 70 66 28) 47 49
53: (41 51 40 69 11 8 45) 48 30 (3 13 64) (21 17 33 6 62) (20 9 12 58 29) (1 63 22) 37 (14 2 61) (59 19 36) 68 (44 49) 15 (4 67) (27 34 52 26 53) 47 (39 16 10 25) (24 32 70) 18
54: 28
55: (55 8) (13 33) (62 3 47 60) (12 25) 4 (52 11 20 29) 22 (34 68 43 59)
56: 53 (70 9 39 6) 30 18 12 (27 61 54) 2 4 43 60 29 (23 33) 31 (16 41 56 1) 20 48 21 63 68 38 (57 58 59) (69 42 26) 24 (50 17) (62 65 64) (45 52 36 15 32) (55 40) (34 13 44) 37 5 8 (19 67)
57: 38 (4 3 31 10 7) (43 35 45 66) (21 1) 6 (22 16) 47 (9 14 57 23)
58: (46 38 32 69 1 68) 13 37 (51 24 53 44) 59 27 (3 40) 45 61 (35 18 57) 4 56 55 (15 5 16) (58 30) (63 62 48) (17 31) 25 (67 7)
59: 68 (66 23) (3 1) (15 35 37) (34 10 64 57 48) 38 (65 63) (28 16) 19 6 (61 43)
60: (30 16 50)
61: (17 10 50) 6 39 3
62: 18 (20 54 64 60 9 21 14 50 27 11 13 41)
63: (26 34 37) (28 17) (2 67) 52 66 (64 54 22)
64: 33 1 (55 29) (5 60 46) 58 49 (57 31) (39 35) (50 8 42 66) 69 (20 61) 14 (19 6 62 26 53 2) (16 30) 52 (11 59) (45 21 64 48 23 24)
65: 25 (50 1) (19 26 10) 66 24 (33 57 14 70 27 7) (51 34 45 49) 54 (3 12) (67 23) (28 15) 4 (32 36) 65 (62 46 16) 17 42 60 (43 41 52 40) 44 (59 8) 68 (55 48) 61 (39 2 29 5 64) 69 (56 9) (47 31 37 58 11) (53 63 30 21 35 13)
66: (25 24 59) (14 28) 10 (43 69) (53 26) (60 8) (35 27) (42 22) (64 12) (23 7 65 50) (48 67 9 56 52 33) (1 19 2 62 34 41) 18
67: (28 39 38 14 9 53 58 31 34) (6 11 2 3 46) 19 (40 67 1 30 64 29 51 37) (36 8 15 16) (50 68 44 54) 55 (4 60) (65 49) (20 22) (59 62 52) 21 66 41 27 23 57 56 (13 61) (17 70) (12 47) (18 25) (7 48) 5 (10 24 63 32) 42 (26 45 69) 33 43 35
68: 42 (1 44) 31 2 (68 35 33) 69 (47 37 28) 3 (51 23 21 45 61 25 10)
69: (59 66) (70 48 43) 36 (20 1 13 62 12 6) (37 25 64 46 38 2) (44 53 47 35) (63 49) 50 (57 58 60 28 27) (42 65) 32 (41 61 5 14 68 22) (17 16) 10
70: 40 (18 56 61) (26 54) 28 (19 49 43 60) (20 12 33 24 62 17) 70 69 25 (5 50 47) 38 30 (16 46 53 64 37 13 67) (10 3) (8 39 4)
1: (53 33) (14 46 68 36 20) 11 24 1 (21 6 43 67) (56 42 12) (31 51) 27 (58 59 18 26) (41 69 25) 66 (28 38 29 2 37 65 16 57) (64 9) (35 50)
2: 23 (68 24 49 10) (29 53) 41 22 8 67 (36 65 63) 47 (50 69 9 25 14 26 17) (30 31 44 46 35 34 64 42 51) (11 56 18 66)
3: (24 1) (39 67 43 65 35 53) (44 30) (61 46) (25 11 58 70 31 6 27) (55 17 14 57) (32 18) 41 36 (29 26 28 8) 68 59
4: (58 18) (27 55 53 42 29 36 26 67 14) 70 (7 35) 6 (47 41) 25 28 (56 57) 44 (31 4 65 24 11 12)
5: 28 12 (31 46 24 67 30 38) (56 25) (69 58) 6 37 1 20 (21 10 52 49) (70 64 14 2 51 65 35 11) (29 48 26) (18 41 47)
6: (27 64 3) (30 36) (57 59) (21 43) (6 41 35) (18 49 61) (47 53 10 29) (23 17 4) 22 (38 14 11) 28 52 24 69 (67 32 31) (44 20 26 50 56) 46
7: (10 66) (27 21) 7 (31 28) (41 25 58) 9 (67 24 52 46 65) (18 4 23 36 22 47 11) 6 (3 57 51 26 44 2)
8: (18 55 53 66) 65 (27 25 21 56) 41 14 (24 70) (67 64 23) (10 20 3) (9 51 6 37) (47 52) 46 11 7 35 28 44
9: (18 67 35 11 41) 27 (53 2 44 31 66 57 46 43) 51 62 (9 56) (52 47) 28 45 20 (42 26 21) (65 39 25) 24 14
10: (11 30) (22 23 24 2 44 18) 27 (39 36 70 43 28) 26 35 41 21 (5 57 25 69 53 14) 68 66 (46 67 47) (65 20 61 31) 59
11: (34 44 39 62 47) 27 46 (67 29) (10 53 33 64 51 13) (65 18) 14 (25 35) (45 11 4) 43 55 (24 23) (28 41)
12: 53 10 (14 23 11) (4 9) (20 15 46 18 21 67 48 70 47 41) (55 44) (52 1) (17 28) 27 22 (8 65 24 31) (35 2 26) 5 (39 66 25) (36 69 45 56)
13: (70 48) 6 (35 26 58 2 11) (8 55) 39 (27 37) (24 56 62 65) (44 18 51 69) 46 (50 23) 47 52 (53 32 25 7 67) (14 15) (12 28 41 36)
14: (29 50) 24 39 (64 31 26) (35 62 28) (10 25) (52 20 2 42 41) (21 30) (15 16) (69 11 66) 46 (27 44 9 57) (51 17) (53 67 36) (1 6) (65 49) 18
15: 2 (65 39 24 11) (31 27) (56 59) 46 1 (28 41 21) (35 30 22 37) (43 16) (25 58) (42 18 67) (53 47 9 51) 14 (45 20)
16: (46 43 10 24 27) (8 11 26 67) 21 (14 53 36 1 6 45) (69 25 39) (31 32 58) (35 20 52 65 41 56 59 22) (29 60) 28 64 (57 70 47 18 44 51)
17: (24 67 1 9) (56 6) (39 21 27 30) (14 70) (65 18) (53 63 23 26 25) (45 11 47) (51 43 41 69 61 44 28 17) (35 58 52)
18: (66 26 23) (21 14) (9 43) (56 28 25 24 67 70 46 50 44 7 53) (2 22 41 62 51 20 16 36 11) (18 58 6) 35 45
19: (25 20) (31 43) (36 59) (1 41) 18 (14 27) (46 35 26) (65 10 28) 22 (53 51 66 21 47 9 52) (64 17 24 67) (2 70 56)
20: (55 36) (46 39) (42 9 70 11 62 56 47 22) (6 53 24 35) 7 25 (2 31 43) (69 18 32 26) 21 (41 28 44 64 67 14) 51 27 20
21: (47 49 51 43) 18 12 26 (57 68 28 21 64 11 52) (53 67 23 38 24 9 45) (62 56 35 50 31) 65 (44 27) (4 36 20) (22 1) 14 46 (39 6) 7 34
22: (69 6 67) 12 (53 42 47 28 46 25) 14 (10 36 31 44 51 16 1 11 18 30) (57 66 4) (55 45 21) (41 27 63) (9 24 35) 26
23: (45 67 24 17 29) (14 47 36 68 35) 42 (57 39) (38 28 41 31 43 26 6) (56 18) (65 21 52 66 44 64) 51 11 7 (22 59)
24: 20 53 (44 45 66 65) 64 (67 48 39 27 14) (58 18) (24 51) (56 25 9 23) (35 31 1) 28 (26 37 41 47 8 29) (43 70) 17 36 (30 46)
25: 51 (27 23) (21 65 3 58 35 67) (16 11 44) 19 6 (46 43 25) (70 24) (15 41 28 36) (69 53) 52 (49 18 55 26 7 10 66 20 47) (37 31) (14 9 68)
26: (25 47 19 29) (44 26 36) 11 14 (70 35 24 6 66 64 27 10 39 18) 28 31 23 (3 65) 63 22 (46 53) (56 21) 41 (30 9 67 45 51) (20 1)
27: 39 52 (11 44) (35 69 53) 25 (1 66) (18 24) 49 (47 21 43 67 26 62 30 56) 37 (46 41) (2 28 10) 58 (42 51 14) 65
28: (45 6) 26 50 1 10 (63 66 3 28 52) 14 (68 25 18 24 17) (44 54 51 70 46) 47 42 67 (22 11) (69 41 59) 9 (65 31) 35 23 43
29: (44 11 8 64) (46 14 42 20 21 25) (9 6 65 50 45 36) (67 51 43 27) (38 23) (10 55) 47 22 (28 53 18 35 52) (24 26 31 56) 41
30: (45 24) 6 (46 39 11) (60 31 53 25) 65 (43 16 70) (64 42 2) 58 (47 23 7) 35 (26 56) (52 67) 18 28 44 (20 1 21 14) 36 51
31: 64 (9 30) 28 (56 49 51) (45 11 27 10 24 17) (14 6 39) (58 35) 18 (25 67) 46 (21 29 65 44 20 57 23) 26 2 (41 68)
32: 39 (53 26 23 21) (65 45 11 44 36) 20 12 28 35 (47 24) 30 (41 58) 18 (10 69 31) 67 (25 56 46 29 43) 3
33: (36 65 29) (55 12 64 18 68 10 1 53 6) 35 (14 2 22 28 66 25 67 11 51 26 56) 3 24 (46 31) 52 (9 47 49 70) (41 27 21) 16
34: (55 6 31) (53 50) (39 56) (18 22) 15 (65 59) (35 24 63) (26 28 20) (41 51) 43 (52 66 45) (44 23 1) (7 47 11) (36 13 46 67 29)
35: 46 (41 69) (43 66 39 67 26 24 14) (51 64 27) 48 11 (6 23) 59 2 (16 25 47) 36 (57 68 38 18 1 9 28 30) (44 65 58 37 35 10)
36: 28 (36 35) 18 53 21 (9 17 65 43 22 10) (12 51 39 29 26) (11 7 24) 1 47 56 (27 44 41) (67 69) 25 46
37: (43 18 21 11) (63 44 35 27 36 65 56 52 9 2 20 68) (53 59 58 41) 6 (16 67 7) (28 8) 47 (14 70) 24 (31 25) (69 42) 26
38: (17 44 57 32 43) 52 36 (14 37 40 47 18) 67 24 (28 58 70) (9 2 35 69) (59 21 10 4) (29 26 56 6 27) 41 46
39: 22 (61 36 47) (44 8) 9 (25 39 2 11) (26 10) (28 30 50 27 64 41 51 67) (14 56) (31 48 18 21 46 35 45 1 20) 16 (52 65 24 53) 6 70
40: (56 42 29) 39 8 (6 26) (31 24 28) 18 (3 70) 35 (52 36 46) (11 51 14 58) 2 (67 65 20) (4 53) 41 44 30
41: (14 11 24 6) (26 28 36) (35 43 30) 66 (56 67 27 51) 46 (53 21 44) 20 (41 9 1 18 31) (69 65 62)
42: (44 25 11 9 39 26 10 36) (31 33) (24 67) 29 (69 23 18) (41 28 6 27 21 30 14) (68 52 64 66 56 35 43 51) 46 (65 2)
43: (35 57 4 47 42) (25 27) 44 (39 1) (26 18 30) (50 46) (52 24) 70 (38 10) (56 31 67 65) 9 41 (69 23 11 45) (66 6) 55 28 (14 59)
44: (53 56 68 22) 10 (50 11 31) 35 (18 9 42) (39 24 20 65) (28 29) (52 6) (23 58 1 34 25 51) (33 47) (44 26 67 41) 69 3 (14 46) 43
45: (35 47) (57 24 14) 67 (44 45 11) (21 51 27) (25 18) (1 3) 22 28 36 41 (53 56) 39 46 9 (31 26 10) (49 52 58) (64 23 68 65)
46: (46 11) (70 6) (51 30 64) 29 41 (23 31 22 69 65) (44 28) (27 14) (21 36) (67 24 35 9 42 58) (2 47) (20 1) 26 43 (37 39 18 45)
47: 15 52 9 25 (69 24) (29 43 47) 44 7 41 53 (55 42 39 2 14 57) 27 (11 35) 65 (21 68 20 36 70) 17 (26 18 67) 6
48: (21 4) 56 (46 67 35) (69 7 9) (65 18) 37 (6 10) (2 14) 3 (43 41) 24 (26 23 17 1 53 66 11) 51 (64 20 58 59 28)
49: (27 67 26 39) (20 52 11 53 46) (17 36) 28 (8 41) 24 (64 1) (69 14 18 12 51) 70 (50 44) 65 (25 23 35 30 43)
50: 11 65 (26 25) 41 50 (51 56 69 18 30 9 39 61 4 27) (42 29 43) (21 66 2 38 70 47 44 23 14 1 60) (64 67 24 6) (46 62)
51: 6 31 (42 46) (1 29 11) (43 65 28 67 68) (22 9) 27 (24 58) 41 14 53 23 44 (26 18 3) 35 30 (20 51 47 39 36)
52: (24 14 25) 43 (65 37 53) 56 44 42 67 (23 20) (18 66) (55 41 1) (11 51 46 31) 36 (29 64) 26 39 (38 28 35 6 47 21 50) 63
53: (7 3 56 43 39 41) 2 45 (22 23) 69 14 (64 46 28) 20 26 (44 58 9) 25 (38 70) (21 67) (36 24) (6 51 47 65) (12 1) (10 18 31) 53 11 66 (35 37)
54: 25 (26 62 18) 6 21 (1 14) (24 47) 23 (28 31 10) (20 70 56 3) (2 67 46 51) (32 27) 63 29 41 (42 30 11) 9 (34 35) (44 65 36 22)
55: (64 43) (14 29 47) (49 2 18) (55 23 24 31) (67 50 12) (27 35) 52 (3 46 30) 28 4 (25 56) 58 (9 45) 11 41 (26 44 65 42) 51 36
56: (45 70) 67 (47 35 25 27 41) (51 36) 28 (24 22) (11 7 44) 20 58 56 (1 46) 66 2 (29 26) 14 (42 18 65 6 9)
57: (44 26) (56 35) (57 69) (45 29 67 64) (43 11) (65 25 22 18 14 21 59 58 6 23 27 20) (28 24 50 32 46 39) (16 36)
58: (47 28 2 35 23 26) 64 (21 65) (43 36) (9 27 39) 44 (18 22 51) (25 46) 24 11 58 53 (14 56 52 31) 45 (48 69) (15 67 6)
59: (21 13 39) 43 6 3 (66 64 46 36) (58 8 44 53) (67 24 11) 65 (35 28 69) 48 (18 27 9) (47 56 12 50) 26 (41 25 7 2 30 42 55)
60: 64 (30 66) (35 21 62 26 45 43) (7 44 65 67 41 51) 1 (52 23 22 27 18 42 6 36 46 69) (20 24) 55 28 (17 16 70 9 11) 31 56 (25 39) 47
61: 24 (14 44 26) (21 7 67) 20 (18 1 69 6 41 43) 27 59 (10 9 28 58) (64 51) (11 8) (52 65 39) (56 31) (53 70) 47 46 68
62: (2 3 67 64 26) (9 41) (37 65 28) (46 21 58 25 70) 20 (53 4) 17 35 31 (6 44 18 47 51) (43 24) 11 42 (34 36 69) (30 55 66 56)
63: 51 (42 25 2 44) (3 24) (59 6 9 18 50 8) (21 53 65) 29 (39 11 47 41) 45 (27 36) 26 (20 46 56) (69 67) 10 (31 28 35 14) 58
64: 66 (70 64 65) (6 41 53) (29 24 20) (11 46) 44 35 (63 14) 59 (67 23) (51 62 47 69 18 30 9) 36 (3 28 27 56) 31
65: (29 22) (11 41 9 36) 23 (43 18 1 39 21 59 67 56) (24 20 66 35 46 27 6 28) (8 44 26 65 31 14) 45 69 50
66: 46 27 (2 22) (6 26 41 35) (42 21 43) (39 3) 57 30 (65 52) (25 59 4) 24 (63 28 1) 64 16 (20 69) 14 (44 47) (11 31) 67
67: (58 10 24) 56 (22 14 30) 53 23 (41 51 28 66 44 43 18 1) 31 (65 36) 46 (52 67) 29 25 47 (20 2 70 35 63)
68: (25 6) (49 39) (7 41) 45 (11 36 24 46 27) (67 14) (15 31 1 42 32) (65 28) (35 55) 68 (47 22) (69 59) 53 2 (43 56 21 18 8 23 58 44 48)
69: (68 11) (23 41 70) (46 53 36 56 50 42 9 18 66) (6 27 1 24 8) (17 64 31) (44 58) (25 21 43) (67 14) (34 65 26 35) 47
70: (36 29) (69 26 52) 41 35 (65 1 6 45 18 46 67) 21 53 (43 44 27 22 70 48 28) 56 (24 51 4 25)
