70 70
1: 13 (33 60) 67 (47 4) (39 35 27 40) (6 49) 8 (5 28) (55 45 26) (25 54)
2: 61 66 (51 48 46 49) (20 6) (9 17) (42 32) (65 39 15 8) 50 (31 57 18) (14 54 26 45) (47 41 62) (68 33) (37 56) 27 30 22 25 23 (69 40 2 36) (24 58 35) (4 34 11) (12 43)
3: (47 23) (9 50) 46 6 (45 33 56 53 12 5) (8 31) 49 1 (67 20 30 21 39) (48 3 19 58 14) (41 2 63 13) (35 66 36) (11 57 55) (37 27) (34 68) (61 24) 59 (25 65) 26 43 (69 15 22 40 28 4 18 38) 62 10 60 (32 54 42 44) (29 52) (70 16) 7
4: 27 (63 45) 57 46 52 51 (58 24) 44 29 1 (55 49 6 65) (42 22) (17 4 35) (3 23)
5: 31 (47 42 12) (14 46 11 33 13 37 6) (62 45 34) (48 5 66 8 26) 24 25 (4 1) 9 68 39 (50 20) (35 57 56 53) (51 28) 49 3 30 (55 64 40) (67 7) 27 (22 63)
6: (42 26 50 18 63) (27 21) (54 5) (64 43 10) (58 3) 32 9 (62 35 1) (47 70) (8 36) (20 11) 51 4 44 (69 57 46) 37 (16 38 12)
7: (31 25) 65 (66 62) 67 (55 19 36 14 17 13 57) 20 (41 22) (46 68 12 8) (61 6 18) 9 (32 26 43 64 37) (70 24 58) (1 38 27) (11 23 33 39) 51 (45 52) 50
8: 41 (21 66) (44 10) 65 (14 34 57 51) 17
9: 51 67 (9 28) (63 25 62 61 34 27 60) 52 35 (43 3 58) (26 5 33) (18 8) 54 (14 44) (69 16) (1 65 41 48) (22 13) (64 70 11 57 10 50) 2 29 (23 32) (19 37) 46 36
10: (33 25) (14 44) (42 6 16) (11 53 24)
11: (20 18 26) (38 23) 2 29 35 (24 43 53) (9 30 55 39 64) (70 8 5 6 7) (32 1) (36 47 49 40) 68 15
12: 51 59 (44 34 63 48 66 70 45 24 67 54 52 57 16 35) (6 20 43) 23 (56 5 9 53 38) (58 42) (18 39 28 7 65) 36 4 (12 47 11 3 25 22 68 61) 55 50 (62 29) (17 15) (60 46) (69 26) 30
13: 50 11 48 (5 26 69) 36 8 (68 56 42) (58 67 30 15) (3 25 2 6 17 63 44) (20 60 33 51) (27 46) 35 (41 29 53) (28 49 4 62 21) 45 (57 52) 13 10 38 (16 7 66 12 18 37) (40 34 19) (9 70) 39 (14 64 31) (47 55) (23 24 59 61) (32 22)
14: 20 64 (38 8 25) (26 62 30) 39 (2 3 32) (22 27) (37 53) (51 35) 67 56 12 (24 63) 55 34 (48 1 18 13 49) 14 10 (17 16 54 9 57 66)
15: 64 (39 11 62 34 31 12) (61 5) (33 44 30) (16 14 15) (19 28 8) (23 21 6 9) 55 (68 38 24) (45 20 50) (59 66) 60 (70 2 26) (43 49 65) 25 (32 47) (53 41) (22 27)
16: 54 21 (60 17 41) (57 20 30) (8 40 11 22 49) (14 59 44) 24 (3 29 58 26 6)
17: (11 63) 49 (65 51 6 70 7 41 38 23 18 35 19 16) 26 4 20 (66 30) 15 29 (55 68) 45 25 (48 61 5 32 69) (27 34) (33 12 44 60 58 52) (40 54 50 56 57 2 31 39) (8 36)
18: (22 20) (13 43) (41 47 23 12 39) (45 2 40) (54 31) 34 (17 19 28) 8 (48 4 25) (67 44 36) (61 51 11) (60 9) (68 21 38 66) (58 26) (69 46 53 62) (30 64 10) (33 49) (7 50) (32 3) (24 35 56) 37 5 65
19: (39 67) (30 56) (62 13 22) 10 33 (48 15 68 12 11) (42 29 28)
20: 23 (46 21) 48 (41 65 61) (66 62) 8 (29 37 60 69 42) (6 11) (32 3 47 35 25) 51
21: 10 (70 20) (50 57) 14 (24 28) (63 56 12) 18 52 (3 46 65 37) (13 69 40 42) 36 (54 33 2) (31 29) (43 51) (1 53 41 44 35 62) (38 21) (60 47 11) (68 16 6 15) 67 (7 58)
22: (4 61 48 2 53 19 56 24 20) (58 29)
23: 40 (13 39 44) (24 17 55 19 38) (43 4 68) (42 47 51) (28 69 50)
24: 22 (38 10) (14 45 46 34 11) 62 69 (13 23 50) 5 49 43 15 (21 60 37 6 44) (25 2 27 17 41 53 36) 67 64 47 (1 57 20 66 48) (59 30 33)
25: (41 43) (37 66 21 17 3 58 54) (32 55 48 65 70) 34 40 51 13 26 (63 46) (4 6 44 69) (67 57 62) (61 11) (25 15) (36 33 56) 9 (23 60) (16 49 19 64) (29 8 10 14) (22 20) (18 50) 35 (59 38 1 53) 45 24 (52 68 47 31 39 5 27 7) (28 30 2 42)
26: 5 45 (60 49 51) (48 15 2) (68 69 26 12 42 27 59 34 53 17 52 62 40 43 10 37) (21 35 32 41 57 55 58 36 28) (7 13) (14 63) (11 67 24) (66 25 65 44 50 18) (39 1) (33 38 30 54) 29 (9 46 23 64 56 4 3) (19 6 31)
27: (39 59 4 21 36) (1 64) (24 70)
28: (22 60 65 2 62) (50 68 57) (54 18) (12 40 44 14) (27 16 17) (8 13 59) (3 34 47 19) 1 (64 25 36 32 49 61) (37 4 21) (30 52) (39 48 31)
29: 52 26 (28 19 20 42 47 34 10 18 67) (9 13 35) (31 70) (36 65 49 46) (38 58) 53 (3 1) (56 5 69) 66 39 (8 29 57 54) (11 37 63 6 30) (17 7) (44 64 61 62 60) 23 (45 32 33 4) 48 (40 51 25) (41 27 21 12 43 2 22) 68 (16 24)
30: (59 46) 62 (30 11) (58 61 31 6) (24 55) (22 48) (60 39 68)
31: 48 6 17 (31 26) 24 (45 16 60 69) 63 (47 64) (33 10 18 34 12 56 4 37) (66 68 61) (41 27 13 8 19 20 36) (25 55) 70
32: 34 6 15 41 2 (32 44 54 67) 16 64 (66 65) (38 57 24 45 22 20 13) (48 30 70) 28 10 (1 42 52) 60 (37 25) (3 26) 62 (35 27 58) (9 40) (39 7 53) (63 36) 59
33: (32 30 27 70) (62 23) 37 68 54 (11 6) 50 60 38 4 (55 15)
34: (47 27) (33 66 11) 21 32 18 (58 19) (40 13) (67 65 69) 45
35: (29 53) (51 69 25) 43 44
36: 68 (37 50) (40 55) 19 (7 10 64 49 11) 51 (31 32) (46 30 70 1 8) (35 63) 44 (23 48) (62 17 26 43) 12 (61 34 21) (3 69 24 5 56) 22 57 53 (59 6 58) (36 2) 18 (67 65 45) 20 (9 14) (25 29 15) 4 (47 28) 16
37: (52 29 55) 32 (3 26 53 51 64 9) 11 35
38: (65 19 14) 41 (40 63) (2 34) 42 (60 55 45) (16 70) 29 57 (28 56 21 38) (5 54 11) (20 24) 17 35 (46 43 12 22 67) (53 6 3) (50 37 1) (8 30 51) (49 62) (25 26 44 68) (7 4 47) (31 61 69 18) 58 33 10 9 (39 27) (32 13)
39: (27 46) (67 41) (45 12) (48 1) (10 49 57 23 16 29) (43 59 28 14) 70 (63 7 18 17 34 25 52 2) (44 35 56 62 69 54 51) (19 26) (37 61) (65 40 31 60) (3 55 64) 53 (13 22 38 24 39 33) (5 58) (4 42 20 9) 32 (47 50 68 30) (15 11) 21 (66 8)
40: (36 64) (10 20 41) 7 (32 65) (37 66 43 22 15 16 54 19) (3 56) (63 42 9 69 35 38 17 68) 59 11 (24 60 49 14 23 28 8) (1 5) (44 33 70) (12 51)
41: (30 61) (69 2) (28 50) (6 7) 46 (38 35 45) (12 32)
42: 60 1 (2 7) (26 50 33) (51 32)
43: 51 (63 31) (54 65) (35 49) (64 48 43) (62 57 50 24 32 25) 61 (37 53) (3 56 45 38 36 10) 39 (40 4) (59 70) (30 6) (22 67 13 17) (42 46) 2 (26 41 11) (19 27 21 68) 8 (44 60)
44: (61 70 37 10) (12 42) (31 23) 25 36 47 22 45 49 (6 64 62 32 8 19 29 55 67) (5 15 53) (41 11 60) (28 3) 17
45: (54 43) (70 14) (10 5 22 45 49) (26 50) (46 19 35 38 9 63 33) (11 34) 32 6 65 67
46: (28 27 68 50 19 20) (10 69 2) 16 1 (55 53 24 67 58) (40 22) (31 29 37 54 12) (3 44) 57 (59 43)
47: 19 (52 63 2) (61 55) (32 67) 14 (25 69 49 44 64) (39 66) 29 41 (43 9) (18 50 54) (48 10 53 15 65 26) 22 (47 35 38) 3 (7 57 5) 60 (11 70 31)
48: 20 (68 29) (46 35) 41 (1 8) 23 (25 38) 65 (24 67) (55 22 62 37) (50 34) (54 51 5 69 21) (2 60 16) 57 (48 32) 28 63 (44 40 15 42) 3 (61 11 47) (70 52 31 27) (6 39 4)
49: 34 (29 44) (53 50) (35 40 47 6) (12 7) (69 22) 3 14 54 19 (58 24 15) (52 8 37 33 5) (32 45 46 55) (59 20 18) 21
50: 46 45
51: (50 20) 61 4 1 (41 27) 29 (25 47) 51 21 (12 64) (67 7) 39 (14 70 40 68) (9 19 65 43 55 28 56)
52: (17 35 13) (24 53) (69 48 3 50) 14 64 (20 40) 41 61 (22 46) (45 52) 58 (28 16) (43 8) 44 (68 36 7 42 57 15) (63 2 6) (47 51 67) (26 30 9) (55 62 59 5 56 54 12) 11 (25 4 31) 34
53: 50 (59 61 17 65) 42 (69 52) (15 68) 28 38 (18 5) (35 31 54) (44 29 34) (60 56 11) (3 62) 21 (53 7 45 49) (63 36 23 66) (25 51 43 57) (6 26 20 9 4 70)
54: (32 30) 22 (39 2) (56 18 33) (62 59) (24 14 49 66 68 52) (7 31 70 11) (53 63) 27 (21 37 36) 28 (51 34) 5 (50 38) 54 (9 69) (61 58 26 29 1 25 47 15) (6 12 42)
55: (66 32 38 44) 59 (40 37) (25 52 14) 1 21 41 (67 16 19) 43 (54 23) (68 30 20 62 64) (26 31) (69 18) (42 65 10 58 29 24) (6 39) (8 4) (48 63 51) (12 15 61 34 13 7) (45 22 36 2 3 5 60) (35 27) 53 (56 17) 57 55
56: 44 (43 9 22) 33 29 (16 56) 70 (2 39) (7 54 66 47) 10
57: 69 60 58 (33 65) (28 42 46) (18 14 4 19) (44 13 63 32) 21 (3 25 54) (51 61 22) (52 34) (45 29 67 66)
58: 14 68 (25 58) (18 6 56) (51 19 28 16 12) (66 48) (63 57) (53 40 61)
59: 17 18
60: (3 34) 65 40 (23 13 12 19 69) 43 15 (64 45) (59 38 21 61) (50 49) (30 53) (25 54 68) 28 (16 1 67 48 27) (70 36 46 2 20) 51 11 41 8 (52 39 7) (10 22 6) 26 18 9 60
61: 18 (46 44 21) 61 51 (50 38 48) 19 59 (11 33 14 64 17 2) (7 39 29 1 45 52 54) (43 27 4) (30 53 22 49 12 13 25 58 35 55)
62: (40 43) (52 12 44 56 53) 37 (35 22) 38 (11 59)
63: 58 35 55 19 (36 12) 63 22 (68 33) 21 61 39 57 40 5 (11 10 23) (1 60 34 44) (4 6 59 62 38) (69 8 16) (31 18 43) (2 51 42) (27 9 13)
64: (23 28) (36 60 66)
65: (17 58 11 22) (35 26) 47 (42 8 4 5 56) 13 (6 7) 68 (27 65 41 69 33 46 51 50) (19 20 23 15 36 61 21) (63 62) (32 70) 40 31 29 (48 24) (18 1 45) (2 30 57) (60 12 59) 39 (14 3) 43 (52 64) 10
66: 5 49 (19 67 58 68 65 50) (54 61) 66 (62 44) (59 33) (36 45 63) (21 4) (70 24 40) (28 3 37) 46 39 (42 26 38) (32 41) 47 52 48 13 (25 1 7 56) 43 35 (6 51) (12 15) (31 69) 27 60 10 14 (17 8)
67: 35 (1 29 64 30) 70 (69 13) 8 (39 25 18)
68: (17 48) (46 47 20) (25 59) (57 34) 5 45 (19 52 29 4) 53 61 (22 38 43) (15 63 66) 30 40 (14 3) (32 31) 28 (11 35 65 6) (36 12 69) (33 27 39) 1 49 24 (55 21) (13 7) (16 37) (41 2 18) 67 (9 56) (70 58) 62 (8 10 54 60) 50 51
69: 15 3 42 40 (21 48 11) (65 4 28 66 55 39 36) (22 60 46) (67 47) (64 6 63) (38 41) 20 (51 5 62 34) (37 2 32) (1 23 68 61) 45 (50 33 7) 24 (56 29 58) 54
70: 54 42 (1 35 8) 5 (7 30 58 38) (10 34 59 9) 20 62 (66 55 51 48) (29 45 49) 63 (12 13 4 33 43 11) (40 67 64) 3 (16 2 17) 28 37 21 24 (53 6 50) (57 56) (36 25 19 44) (31 52 15) 39 (14 46 60 69) 32
1: (27 51 63 4) 32 (21 7) 70 (38 48 14 36 55 24) 65 60 (3 61 68 40) 28 (29 39 9) (66 6 5) 26 (69 67) (42 54) 11 46 25
2: (61 41) (21 22 69 11 63 43 36) (55 3 9) 26 (48 42 60 38) (14 29 46) 56 32 (13 47) 18 (68 17 39 52 24 25 65) (15 70 2) (54 28)
3: (21 68 29) (40 52 14 25 32 18 53 39) (66 20 9) (6 57 44 38 26 5) 4 (3 49 46 12 60) 36 (69 48 65) 70 (16 43) 28 (13 55) 47 37
4: 65 43 (66 23 22) (55 53) (3 52) 51 31 6 28 (38 68 36) 57 (25 12 48) (13 27 61 2) 17 (69 4) (1 33 29 18) (63 39 5) 70 26
5: (38 66 25 39) 52 15 12 (5 45) 65 (54 1 36) 6 (68 44 11 53 55 17 63 24) (48 40 9) 3 29 (49 13) (26 18 47 70 69)
6: (66 58) (38 10) (30 20) 2 33 (60 13 49 68) 48 (63 44 26 21 69 17) 55 4 45 (7 11) 52 (41 12 24) 3 (43 65 5 53) 15 (36 54 31 70 1 32 16 29) 25
7: (51 68 52 66) (42 17 21) (47 65) 18 70 (36 11 29 61) 32 (54 41 13 56 49 39 26) 55 (38 40 53 3 60 69 12 5) 25
8: (7 43 66 5) (16 28 1) 3 36 (65 25) (38 68) 55 (20 52) (6 2 11 49) (17 13 40) (29 67 63 14 15) 31 (18 60 48 9 70 44 39)
9: (37 29) (36 15) (13 60) (32 52 63 53 11 12 47) 40 (51 39 9) (45 54) 26 (70 3) 56 38 14 68 2 7 6 (18 25 5)
10: (13 36 25 3 18 38 63 46 44 70) (68 40) 32 66 (9 65) 56 29 8 (6 60 24 31 47 21 39 45 26 19) 55 43 14
11: 6 (68 62 45) (19 16) 9 (2 24 38) (48 5 10 33 53 13 34 30 29) (60 65) (7 21 18 20) 26 (44 15) (39 61 63) (12 47) 40 (54 37 70) 25 (43 3) 36 (69 52 17)
12: (13 19 60) (26 62) (54 61 18) 49 28 (31 51) (21 68 6 46) (36 12 52 14 38 29) 41 58 (65 55 44 7 2) (17 70 3) 5 (15 40) (66 63 39)
13: 70 3 (23 19 67) 31 61 (24 52 14) 32 (66 57) (5 9 18 68) (34 7) 63 (26 28 13 65) (29 25) (1 38 55) 43 (60 21 39)
14: 9 52 (39 61 13 68 14 36) 10 55 5 (49 3) (24 26 40 54) 15 (7 51) (16 70 47) 25 (45 58 2) 65 38 (8 28 66 57) 21
15: 60 66 (12 17 24 21) 32 44 (2 52 15 47) (19 33) 68 70 (3 65) 53 55 (40 49 36 48 26 54 25) 13 (39 69) 11
16: (12 9) (3 6) (31 58 17 10) (15 60 56 36 39 40 46) (29 70 52 14 38) 32 (68 28 25 21 63 55 13) 48
17: (70 28 26 36) 40 (38 13 14 8 18) (61 7 31 16 52 65) (53 43) (25 59 12 2) 4 (44 55) 66 (24 39) (68 29 23)
18: 61 29 (47 38 2 31) (21 36) 53 (11 57) 59 (12 26 9) (58 63 25 54 28) (55 13 3) 49 (6 68 7) 34 (65 14 67) (17 39) 60
19: (18 63 43) (28 34 29 60 26) (31 17 68) (25 65 39 40 51) (23 70 44 55 66 58 49 45 38 61 36 46 3 22) 9 47 (7 15) 57 13
20: (60 68 31 65 17 22 24) (11 6 69 29 15) (36 2 38 40) 18 25 48 49 (32 53) 39 46 (14 7) 3 (12 55 51) (13 52) (16 21 70 5)
21: (29 34) 43 (49 3) (28 26 8 21) (53 15) (24 57) 39 (48 6 18) (65 68 70 20) (36 38 55 25) 63 13 51 (61 69) 66 54 (16 60 27)
22: (18 48 45 44) (15 12 30) (69 19 57) 63 (54 9) 43 36 (3 61) 29 (62 68 38) (49 5 60) (55 56 65 46) (7 28) (16 39) 47 40 4 25 14 (32 24 52) (2 13)
23: 48 55 (63 25) (24 9 4) 12 11 (13 40 36 33 65 26 60 64 7 2 15) (53 69 3 18) (17 39 29 44) 20
24: (5 65 15 39 10) (26 18) 7 (32 29 3 22 14) (38 40 69 27 13 68 21 43 55) (4 31 66) (70 52 30) (12 11 2 36 25) (48 54) 46 (16 49 23)
25: 44 39 67 (1 47) 2 53 (54 29 10 48) 25 (51 20 26 7 12 18 13) (61 9) 14 43 52 (28 3) 66 32 58 (17 38 60) 35 24 (15 57 68 70 36 5) 31 55
26: (2 39) 36 16 (5 25 66 15) 7 38 (60 14 26) (37 47 18 9 3) 12 1 (55 29) (43 32) 53 (45 11 65) 6 (42 54 17) 52 31 13
27: (46 68 48 14) (24 29 7) 51 (34 28) 66 (15 3) 4 (6 26) (39 25 2) (1 5 32) (38 9) (13 17 61 65) (63 33 54 31 60 55 43)
28: 52 38 (23 66) (40 19) (64 32) 3 46 (15 26) (54 70) (5 69) 51 (68 13) 9 25 (29 12 57 53) (39 48) 41 (44 58) (18 21) (1 36) 60
29: 4 (46 21 39) 47 (22 17 51) 57 (44 61 68 67 54) (38 12) (48 29 25) (37 49) (69 53) (20 35) (19 55 70 56 26) (16 65) 11 (3 13) (36 9)
30: 41 (43 28 14) (52 29 65) (24 60) (67 54) (16 12) (39 30) 61 (17 18 68 26) (25 2) (33 15) (36 5 3 55) (19 13) (38 11) (32 70)
31: 54 43 (63 44 38 2 55 15 3 7 31 39 18 21 65 70 46) (5 47) (36 17) (28 25 26 66 52 13 53 30 68) (29 48)
32: (44 39) 43 (7 69 18 45) (25 33) (29 6 36 65 47 40 13 9) 38 (28 20) 34 (55 32 42 68) (70 26 2 37) 41 (57 15) (49 17) 3 (54 48 66) 11 14
33: 1 56 (68 40 34 61 29 5 15 26 3 66 24 2 10 49 70 63 18) 21 (9 38 7 31) (17 25 39) (57 54 65) (69 19 42) (13 45)
34: 48 (39 3 31) 49 (9 53) (70 29 38 63) (54 45 15 28) (18 69) 26 (60 2) 5 (8 32 14 36) (17 52 12 25 57) (68 13) (24 55)
35: (17 2) (20 68 11 67 18 62 43 63) (13 65 39 29 48 5 38 4 66 25 32) (21 55 53) 12 36 6 47 (49 3 1 37) 14 (26 41) 61 (9 40 70 45 52)
36: (70 24 28) 44 (43 6) (63 64 53) (68 36) 55 (60 17) 18 (69 3 12 66) 21 25 (32 27) (65 31 52 2 13 11 26 40) (29 7) (9 54)
37: 66 7 (39 9) (44 21) (29 69 68 28) (3 26 54 20 43 25) (48 32) (38 33 62) 40 (5 49) (36 6) (46 18 13) 24 55 (70 31) (2 14)
38: 48 (66 14 45 61 25 24) 53 (6 47 15 12) (39 7) (43 3 40) 62 54 68 13 (18 21) (60 70) (38 26) 29 32 55 (11 41 17 33 63 69 23)
39: 51 28 (12 60) 15 (67 25 5) 27 (66 17 7 18 26 39 68 1 69) (56 47 48 29 38) (3 23 30 54 63) 14 43 (32 65 70) (13 55) 11 19 (61 2)
40: (32 16) (58 46 62) (29 70) (11 39) (18 28 21 26 1 51) (65 36 68 69 43 48 55 49 60) (63 66) (3 5 34 23 38 2 17) (25 52 13)
41: 55 24 32 (51 3) (47 26) (39 69 16 8) (44 43) (13 38 66) (65 17) 29 20 (25 68 60 48 31) (40 52 18 7 15) 21 2 9
42: (43 10 57) (44 54) (63 19) (65 4) 69 (21 6 26) (52 40 39 70) (5 23) 20 53 (48 66) (12 32 25) (3 29) 38 (13 55 2)
43: (11 40) (38 36) 55 56 62 (61 6) (18 66) (43 70) (68 7) (3 53) (21 26 2) 29 63 (65 45 24) 35 (15 52 23) (60 25 9) 51 (46 39) 47 12
44: 40 15 (61 3 70 13 48 12 46 24) (26 25 9 39 47 28 43 63 55 32 56) 38 49 (4 57 23 8) (10 62 35 53 17 66) (29 18) 36 (16 52) (21 6)
45: (57 69 4 17) (66 13 49) 5 (55 29 26) 44 2 61 (39 41 65 7 43) (50 24 38) (45 25 52) (18 15 31 36) 32 12 60 3 (53 1) 70 (34 68)
46: (30 68 48 65) 69 43 20 (70 26 52 57) (21 5 49 3 12 24 4 9 45) (61 13) (66 29 38) (36 2 25 50) (18 41) (7 39) 6 60
47: (21 1) 56 (18 6 2) (34 38 68) (51 3) (54 36 48) 25 (5 12 31 13) (29 44 24) 20 28 (15 23 49) 66 (11 52 47) (65 39) 69
48: 55 (66 13) (19 18 20 43 28) (39 31 48) (60 52) 68 (2 70 61) 26 69 12 (17 36 58 22) 5 65 9 (32 47 30 3) (14 25) 29 24
49: (29 43 28) (4 40 17) (44 13 16) (2 47) (1 25) 54 3 18 (15 39 26) (14 60 61 36 38 45) 5 66 (11 68) 70 53 24
50: 51 65 (49 28 9 60 53) 41 38 (42 17 24) (36 13) (66 7 3 26 45) (18 43 68 6 70) (52 23 33) 61 5 (69 25 15 48) 54 (39 46) (2 12 21 47)
51: (65 2) (17 8) (54 66 60) (26 42) (55 38 14) 36 69 (43 12 21 40) (58 52 23 18) (7 63 5) 35 (37 20) 25 (48 39) (61 6 53) 4 29 9 13 (68 70) (57 51)
52: 48 12 (3 25 13 65) (61 32) (47 54 68 7 29 57 28 37) 39 (4 70) 55 (66 9) (21 26) (53 17) 60 (62 49 52)
53: (24 18) (61 38) (70 25 44) 60 (62 22) 53 68 (43 15) (54 46 32 37 29 47) 3 49 (58 55 39 26 14 35 11 13 52 21) 36 (12 10 5)
54: (48 32) 2 45 (66 3 53) (47 12) (21 17) (69 68 55 28 52 6) (26 46 16 57 43 56 1 61 54) (39 40 70) (29 18) (9 49) (38 14 25) (33 60)
55: 33 7 (69 63 31 52 37 5 51 36) (39 49) (68 23) (61 25 12 26 17 1 44 30 4) 14 55 (15 46) (48 13 47) (38 11 70) 3
56: (54 29 51) (17 21 40 25 55) 62 (52 3) (5 66 22 39) (2 53 26 68) (12 19) (36 56) (14 70) (69 38 65) (18 31) (13 43 58)
57: (3 53) (6 2 48) 12 7 (55 39) (4 14 47 36) (70 24 29) 46 (13 16 25) (58 21) 43 (32 8 9 65 5 38) (17 63 26 52) (28 68)
58: 29 (49 18 34 9) 36 (61 52 70 38) 26 66 (58 6 22 13 32 63 21 39) (16 65 25 2 12) 30 (4 69 3) (68 7 46) 54 (17 55 57)
59: 55 (27 39) 16 (49 43 25 28 70) 46 24 60 66 (32 63 65 68 13 53 26 3) 12 36 (15 62 52 61) (40 54 30)
60: (13 26 16 70) 44 30 (64 20 31 21 47 33 24) (42 1) 9 53 60 12 15 57 (38 65 18) (25 43) 40 66 (39 55 63 29 68) 32 (48 3 69 28 17)
61: (68 69 12 66) (18 28) (17 55 47) (9 41) (48 7 31 44) (3 20 43) (38 25) 15 (2 65) 54 63 22 30 (58 51) 36 53 29 60 (52 13 57 61 39)
62: (5 7 70) (3 65 38 2 12 54 30) 6 (14 13 68 63) 32 (52 18 9) 44 20 28 33 (15 29 21 48 55 24 53 19) (43 66) (26 39 69) (36 25)
63: 3 14 (70 6) (31 58) (36 9 5) 55 17 (53 12 43 48 69 25 21 39 40) 29 (65 52 4) (38 54 63) (47 45) (32 26 57 68 13 66)
64: 67 (5 32) (55 28) (27 14 24) (52 69) 13 11 (39 29 15 37 61 36 9 7 6 18 43) 65 (60 47 51) 31 26 (44 40 25 70)
65: (68 43) (25 26 38 18) 51 (40 66 34 2 45 21) (20 69 4) 65 (47 48) (32 39) (29 9 55 53 60 57 15 12) (17 28) (3 36 8) 7
66: (5 58) 32 (57 29 31) 8 12 (54 53) 18 17 (66 34) 25 (3 40 2 47 24 7 55 64) (14 13 26 15 70) (20 69 39 68 56)
67: (24 52 70 12 13 19 7) (26 36 51) (44 21 3 9 18 32) (14 38) (43 46 47 48 69 29 25) (55 60 66) 68 (39 1 57) (5 45 34)
68: 48 29 40 (51 31) (21 39 7 63) (65 18) (12 26) 66 (46 53 17 28 2 23 13) (36 60 43 55) (15 3) (54 30) 69 (25 5 33 19 38 52 11 58)
69: (55 53) (31 20) 35 (38 25 24 13 68) (12 21 46 54) 47 9 36 63 (41 18) (67 2 65 26) 57 49 (17 3 29 52 39) 60 (40 23) (66 6 70) 48 34
70: 40 3 (68 38) (53 60 43 25 7) (47 39) (51 6 9) (12 66) 11 (31 13) (48 36 17) (67 65 33 56) 45 (44 32 27 54 21) (29 15)
