70 70
1: 47 (55 38 58 9 59 61 11)
2: (9 23) 25 45 (37 67 69) (49 62) 58 64 (39 65) (44 70) (29 68) 3 (48 36 14 11) (13 28) 5 (47 21 40 50) 27 (1 66) 55 (52 56) (30 35) (43 33 60 6 59 16) 31 (51 4 18 32 22 7) (10 24) (34 63 17 26) 12 15
3: (2 59) (52 54) 68 (38 28) (32 4) 15 (29 10 70) (33 48 44) (22 47 25 40) (13 43 24) (46 53) 12
4: (42 65 43 36 54 63) (51 26 66 11 33 14 40 22 24) 16 (70 34 61 45) (31 4 46 21) (27 8 69) 67 (60 9 17) 29 (48 62 30 64 59 3) (28 44) (5 58 55 56 25) (52 38 7)
5: (25 59) (61 12 39 50 38) (30 66 55) 34 43 51 (5 32 40 19) (23 6) 67 (52 56) (47 64) 46 (68 62 33 65 4 31 7) 44 (53 48) 36 35 1 (27 60) 57 8 (26 29 42) (15 9 37 70) 22 (69 18 16)
6: 48 42 14 7 (27 9) (35 5) (20 64 63 66 13 26 49) 4 (1 22) 33 (51 36 23 54)
7: (42 36) 9 (51 57 52 28) (12 8)
8: (53 13 59 12) 29 16 (66 69 35 46 20 11 24 63) 18 (40 14) (50 3 54) 49
9: (6 24) 39 58
10: (7 57 13) 47 (4 54 38 9 69) 14
11: 7 15 (20 42 62 48)
12: (65 63 8 41 18 9 49) 31 32 56 21 (2 6 7 34) (45 67 43 25) (42 50 13 55 68 29) (23 3) (39 30 27 22) 64 26 47 (70 61) 33 14 (51 53 24) 37 (20 1 44 69 46) 38 (10 12 17 54) 59 (16 48 40 5) 19
13: 55 (32 15) (19 9) (46 26 3 68) 30 (17 69 49 48 62 13 33) (59 12) (66 8 47) (56 67 70) (20 27) 1 (36 40 41 52) 43
14: 62 36 (12 33 4) (11 28) 31 (45 15 22 54 1 7 21 48 5) 24 (64 47) 57 (2 17 39) 69
15: (18 46 39 11) (61 6) (31 70 44 26 10 53 41) (43 59 64) (38 51) (35 49) (22 13 62 56 20) 45 (65 9) (50 23 57)
16: 33 4 64 (57 60) 24
17: (38 45) 35 (24 8) (26 43) (32 46) (53 55) 18 30 (25 22 31 1) (16 10)
18: 23 (5 2 44 35 25) (43 63) 24 (59 36) 54 20 (39 13) (7 32 67) (60 15 21) (12 66 38 3 55 51 14) (40 17 11 4 70 50 52) (16 62 56) 47 (49 37) 8 6 18
19: (55 45 59) 42 22 (68 14 21)
20: (26 65) (20 44 45) 42 47 (31 29 32) (9 21 6) 70 (38 33) (13 63 22 4 69) (46 28 40 12 55 50) (62 7) 35 (37 43) 39 8 (60 34 41 23) (27 24 25) (1 11) (5 14 68) 49 (59 15 48 56 58) (36 18 53 52) (64 30 61) 57 (16 19 51) (10 66 54 3 2)
21: (25 32 70 34 47) (54 67) (11 62 42 46 12 3) 65 35 (41 58 6 31) (44 24) (13 26 14 53) (29 40) (16 18 63 27) (15 57 68 10 52) (36 2 56 19 39) 21 33 (59 30 1 66 55 23) (43 51 17) (28 5) (61 4 45 50) (22 69) 48 60 7 (38 37) (9 20) (64 8 49)
22: 6 (38 23) (57 22 40) (30 42 31 43 44 24) (56 20) (35 2 64) 4 (63 27 55 18) (15 17 49 3 41 69 50 51) (1 70) (28 29) (9 33) (53 13 62 65 8 7) 39 (11 66) (32 46 58 14) (45 47 19) (36 10)
23: (28 14 42) (52 55 19 22)
24: (28 14 42 13 22 23 31 5 6 38) (46 53) 1 (51 21) 35 (26 61 59 62 9 40) (12 25 41) 52 (47 33 17) (60 66 50 2 65 24) (45 63 55 39) (54 8 37 34) (4 18) 15 70 57 20
25: 33 5 (15 7) 2 25 43
26: (20 13 35 27 60 46 28) 54 23 3
27: 17 (46 33) (1 21 28 59) 34 (65 37 67) 2 (14 49 11 38 31) (58 53) (30 6 25) 10 (32 12 51) 70
28: (19 9 35 6) 49 (30 53 57) 13 (28 31 47 51) (39 44) 67 (68 26) (1 41) (10 40 18 58 52 24) 25 (16 34) 36 56 (37 14 50 20) (42 66 3 38 61 5 63 54 43 70) (45 64 55 8 2) 22 (69 23) 48 (7 29 65 33 59 21)
29: (48 38) 32 (18 22 20 54) 62 (1 25) 46 (17 5 31 51) (39 37 63 14) (12 2 60) 59 (11 10) (67 29) (8 44) 47 (40 52) 9 49 24 (66 13) (6 69) (70 68) 28 (16 50) (33 42) 35 23 (57 61) (56 65) 55 15 41 (26 3 43 27) (64 4 21) (53 36 19 7 45 30)
30: (14 6) (19 15 52) (1 43) (23 11 65 62 66) (50 55) (53 57 33 20) 40 (64 38 26) 69 (18 63) (22 70) (42 41) 45 (7 12 5 34 68 8) 32 (16 24 67 59) (13 17 10 39 31 51) 3 28 37 21 (60 4) 2 (56 48)
31: 40 (68 15 63 35) 1 50 9 (33 48) (5 58 47 2 21 62 54) (52 60 49 69) 66 (42 70 12 31 37) (25 8) (59 17 23 13) 4 (19 44 34) (57 18 24 53 32)
32: (28 39) (51 27 45 57 53 63 37 48 7 26 43 36 4) (60 38) (40 15 67) 9
33: (13 3) (40 14 66 6 19) (5 51 21) (11 36 24 17) (42 2) 22 (37 15 26) (8 55) (18 23 20 29 10 25 33 34 1) 67 (41 47 39) (64 30 48 54) (45 46 49) (43 53 27 44) 12 (58 68 16) (63 60 62 65) (50 4 35) 70 31 (61 9) (57 69 7) 28 56
34: 48 (13 39 37 63 60 38 21 32 35) (19 43 52 24) 12 (26 10 34 1) (50 29) (70 6) (66 27) (51 11 42 8) (3 15 31 68) 62 (57 64 17) 18 (46 4) 47 (22 67 23 59 33 69 5) 2
35: 47 (57 70) 68 (18 9 64 6 38) 14 44 2 21 (36 40 15 27 42 61 55) 32 (1 63 8) (20 37) 59 (54 3) 5
36: 59 (65 18 66 27 26) (42 12 51 2) (28 31 45) 29 25 60 1 (70 19 10 53 47 58) (8 20) (68 37 5 14 44) (50 67) (41 62 13 48 56) 35
37: 53 58 (46 56) (65 68 45) (23 5) (63 13) 61 (39 54 35 60 44 10 21 4) 12 2 (49 27 66 17) (55 15) 7 34 3 (37 16) (69 42 26) (67 18 9 1 6 14) 40 (33 47) (20 28) 30 (11 59 19 31) (43 29 24 41 36 8 32 22)
38: (1 6)
39: (59 14 49 11 4 6 53) 33 64 (15 57 40) 34 (2 3) 32 29 23 (48 35) (9 63 56 17 68) (41 50) (12 21) 31 (54 18) (46 52 61 36)
40: (23 46 4) (3 54) 8 55 67 11 69 (29 63) (52 64)
41: 31 52 (60 20) (36 63) (61 11) (19 48) (49 5 50) (46 59 45) (18 68 34) (28 56) 58 10 33 (51 47 8 3 41 23 26 32) 17 (6 65 44 2) (21 39) (66 54 1 53 62) 55 (38 27 16 9 35 30 70) (37 15 67) 42 43 64 69 (57 14) (12 13 4 24 7 25 29) (22 40)
42: 14 32 (23 37 26 42 51) 12 (17 55 22 1 62) 52 (33 6) 8 65 27 (56 34 47) (15 7 67) 4 (53 57) 36 41
43: (6 3 38) (12 36 51 39 5) (46 34 69) (41 24 30) 15 9 (68 55 56 32) (37 59 17) 66 8 (58 35) 19 (49 47 7) (40 14) 45 (1 25 31 53 23 57) 64
44: (54 33) 52 18 64 (47 51) (30 23) 7 2 (56 45 42) (46 24) 5 31 (66 6 16 1 37) 55 (34 22) (21 9 12 61) (38 8) (62 65) (11 60 57 3) (36 17) 26 29 63 (25 43 10) (58 68 39) (48 53 27 13 49) (4 67) 19 50 (44 40 20 28) 14 (32 69 70) 35
45: (37 4 31 3 2 19 42) (59 23 50 22) (1 55 44 62 38) 17 (61 68) (45 34) 20
46: 62 (68 66) (8 61 37) 69 26 39 (18 3 25) (67 9 19) 65 28 47 27 32 (13 10 22 43) (48 24) (59 31) (57 1 14 38) (45 56 12) 5 46 16
47: 9 (12 36) (1 37 25 40 8 34 70 30 50 4 22) 38 (53 3) (60 46 17) (65 23 14 33 54) 42 (13 11 62 64 41 45 6 59 15) 21 (57 16 52) (5 24 58) 61 (28 35)
48: (30 63 17 22 57) (26 24) (7 35) 4 (12 32) (13 27 1 5 6) (29 42 21 54) (70 60 14 46) (3 19 25) 51 (8 43) 53
49: 62 (48 60) 41 10 (5 23 2 8 58) (6 69 38) (25 16)
50: (34 23 16) 63 (21 65 20 36 24) (42 22 5 35) (29 53) 7 (59 11 68 12 39 1 66 28) 15 (9 44 13 50 3) (33 58) (14 47 70 62) (2 51 30) (40 61 45 54 19) (17 60 57)
51: 31 (6 54) 35 61 (41 48 5) (34 33 46) (43 38 39 11) 67 40 (23 8 28 49) 58 22 (60 10) (42 21 29) (45 70) (37 20 36 4) 14 27 (30 52 62) (16 57 25 59 68 32 53 55)
52: (54 63) 66 33 (49 43 52) 68 8 (64 58 23 16 40) 50 (65 1 69) 56 51 39 (14 13 59 4 47 34 10) (55 21 57) 31 (30 32 48 25 12) 15 (37 36)
53: 3 (64 63 23) (48 43) (33 54 14) 70 (52 25 56) 21 (29 59 50) (13 41 60 37 5 69) (38 26) (61 49) 68 (10 47 12) 40 (65 66) (46 34 58) (35 1) 11 51 (18 39 24 28 7 2) 6 19 30 20 (9 15 44 31 32 57 62) 22 16 42 4 45 17 53 8 36 (27 55) 67
54: (19 3 69) 47 4 (50 22) (44 36 45 10 39 60) (24 18) (41 13 48 29 43) (17 28 23 33 68) 16 (67 8 40) (5 7 51 1 21)
55: 43 30 (53 36 27) 38 7 (49 23)
56: (42 67 10 23) 65 (11 53) (51 68) 46 34 (31 38 55) (35 33) 58 43 (12 57) (20 29 15) 40 (28 47) (44 19) 14 (41 32) 61 (13 45 2 30 9 49) 59 60 (18 5) (69 52 17 7 21 54 63 16) (56 62 50) 70 (25 4 37) 66 (64 8) 1 3 (6 22)
57: 69 (47 36 60 22) (21 31) (19 48 33) 27 20 42 (25 54) (18 7 58) (66 10) (3 61) 46 32 (65 9) 63 45 (35 56 6 26 67 68) (2 44 17 70) (28 5) (37 40 55 38 30 4) (59 16) 8 39 11 24 29 1 (41 43)
58: (30 64 14 8 35) (2 19 5 50) (3 65 60 57 10 18) 22 52 54 21 (66 55 26 67 44 9 15) (34 46) (37 7 4 62 28 32) 20 (49 31 63 25 43) (6 48 58) 45 23 (42 11) (41 38 29) (40 56) (68 13)
59: 19 14 (18 22) (59 60 3) 64 (17 66) 48 (21 36)
60: 65 (33 30 69 56) 18 7 (39 66) (48 29 37) (42 16 57 10 38) 9 (28 5 25 13 50) 19 (2 52) 49 8 (12 1 35 62 27 51 67) 21 55 (64 3 54 20 4) 17 (34 32) (63 59) (46 47)
61: (38 32) (60 37 68) 15 (3 61) (14 5 30 1) 22 (23 19 50) 49 (8 10 54 42 2) (11 51 31) 26 (67 16) 48 (59 40 20 33) (27 6 35) 44 65 (53 64) 28 (52 4) (9 46 17 13) (62 25 18 57 43) (66 69 41 29) (7 34 45 58) (47 12) 55 21
62: (39 53 60 49 23) 45 (30 21 65 47 12 50) 41 (68 38 27) (15 6 8 55)
63: 41 40 18 (5 42 6 68 62) (46 67) (11 20 16 29 52 23)
64: (40 11 6 10 13 62 27) 64 (48 69 23) 65 (39 33 5 32 30 37 17 38 60) 66 25 (43 58 44 8 1) (51 42) (16 14) 2 (28 46 59 21 56 61) (4 47 45 52 36 12) (57 7) (49 68 70 53 15 9 55)
65: (64 51 52 14) (63 54) (65 25) (39 17 58 49) 22 (42 68 15) 5 (28 10) (23 24) (19 56 26 67) 36 (48 11 6 32 20 18) 12 35 (1 3) (53 38 8) 2 62 (41 21) 29 (43 66 40) 57 (61 59) (27 30 46 47 69 34) (44 4 37) (70 45 16) 31 (60 55 9)
66: (45 49 42 5 67) 36 (21 32) (34 68) (70 60 24 35 22) 44 58 (14 27 43) (69 38 18) (26 33 31) (39 28) 65 2 (30 6 17 8) 12 (37 1 66) (25 62 47 54 9) 51 (15 46 16 23) (64 59 55 41 7 4 11 53)
67: (27 45) (5 11) 29 (59 34 48) (52 47) 15 10 (37 70 68 4) (66 32) 36 51 21 (16 22 53) 62 (38 54 17 26) 14 30 (60 8 57) (67 20) (50 33 69) (43 6 24 63 9) (61 56 23 25 2) (46 49) (41 18)
68: (39 32 1 23 24) 38 66 27 (17 26 12) (57 48 35 6 30 41) (10 51) (49 50 11 3 2 60 67 59) (64 53) 43 (61 31 4 16) (63 70) 36 (58 28 15) (62 34 55)
69: (58 59 32) (63 45) (38 8) (29 20) (23 53 37) (21 61 34) (36 31) (50 40)
70: 70 (10 36 68 25 63 14 24) (4 1) (26 62 29 28 46) 66 7 50 41 34 21 65 (37 2) 31 (64 38) 30 11 51 (9 20 33)
1: (33 56 45) 2 5 (21 54 24) (50 17 12 34 44) 36 (68 70) (28 27 47 35 30) (22 13 65 52 43 64) (61 38 20 31) (37 46 29 14 48) (66 57 6) (41 53 60) 42
2: 53 (30 24) (39 41) 35 14 60 (22 20 34) 61 (70 28) 68 (66 57) (37 44 45) (49 31 33) 36 (3 67 64 12 18 56 27) 25 (58 29) 65 (21 50)
3: 4 56 57 33 (2 37 12 8) 13 53 43 41 (60 18 39 47 45 22) 20 65 (30 59) 54 44 68 (21 26 61 29) (28 40) 50 58 (34 35 46 48)
4: (53 29) (41 40 44 48) (45 57 10 64) 56 52 (21 33 58) 24 (18 34) 67 (16 22) (30 60) (66 3 61 51 39 68 2 5 32) 31 47 (6 20) (4 54 70 42 14 37 65)
5: 47 (33 37 46 18) (12 58 51 4 28 36 60 54) 14 (43 65 31) (41 64 57 63 50 66 24 20 44 21 49) 6 61 (67 30) 5 34 (56 29) 35 2 (48 53) 25
6: (68 15 33 43) (38 35 48 58) 30 49 61 20 (41 37) 2 29 (22 53 64) 27 62 66 63 (39 51 34 18 57 56 47 5 44) 9 (24 65 12 28 67) (21 42)
7: 44 (60 28) (18 56) (48 50 20 41) (58 12) (11 42 64) 4 (2 61 5) (32 21 66) (25 10 30 70 54) (29 6 57 55 33 43 53 37 22 14)
8: (18 43) (60 67 33 21 65 35 49) (52 64 56) 48 58 47 (24 36 29) (31 69) (28 40 57) 54 37 7 41 (17 30) (5 22) 61 (51 12 20) 44 (42 13) 46 (34 62) 66 4 53
9: (29 6) (4 39) 66 15 (46 12 33 64 53 67 70) 65 10 (2 60 43) (13 32) (21 41) (1 50 5 57 44) 7 22 24 (56 61) (20 35 31 58 28) 37 47
10: (49 56) 53 22 (17 58 41 57 65) 52 (44 21 33) 30 29 (37 68) (12 67) 34 46 51 64 (61 36 28 54 3) 60 (20 70 27 2 15)
11: (15 37) (63 67 41) 8 30 58 (21 66 53) (33 2 51 50 44 34 61) (64 27) (56 4 1) (40 14 29 18 65 20) (22 68) (70 57 47 39)
12: 62 7 42 (33 36 2 12 65) (21 24) (60 47 14 27 56 20 13 3) (18 29) (30 34 5) 48 52 66 (61 44) (46 53 31 37 43 64 39 50) (8 68 41)
13: 64 (6 52 41) 29 (53 48) (47 10) 21 (22 46 20) 54 61 44 30 3 (33 50 15 12 28 31) (2 56 60 58) (8 18 13 24 26) 34 (37 36)
14: (56 42 30 6) 44 (50 61) (47 67 46 33) (35 20 41 23) (53 39 27) (29 51) 12 64 10 (48 66) 58 37 (65 4) (18 24 19 36) (22 52 21) (43 59 8) (28 70 2)
15: (52 30) 56 20 62 (58 31 25) (47 37 18 42) 21 (5 33 34 32) (13 35) 43 (29 41 39 50 14) (53 22 61 67) 64 68 3 (66 2 65) (24 11)
16: 60 (47 18) (61 21 50) 68 64 (30 28) 67 5 (54 57 56) (4 41 8 20) 65 (44 53) (49 12 51) 37 (52 66 17 29 46 63) (2 33)
17: (42 68) (30 53 65) 4 (59 47 66 44 33) 45 48 50 (24 14 18 12) (60 61 21 2 56) (29 22) 39 (34 13) (31 54 64) (67 27 43 57 41 37)
18: (35 5 56) (36 41) (18 20 37 29) (63 21 33 30 15 53) 2 (57 66) (22 17 24 65) 54 (60 46 59 61 12) (8 31 67 39 28 34 58 44)
19: 44 (29 28 30 65) 37 33 (12 23 60) 58 57 46 (36 43 5 45) (21 20 31 61) (22 41 13) (56 53) 59 54 (34 50) 48
20: (50 63 44 8) 60 (53 58) (45 51) 15 (28 37 6 26 20 21) (18 67 22 61 13 29 33 11) 57 (12 69) 41 (36 70) 35 (30 65 24) 56
21: (21 47) (34 4) 61 (24 53 41) 18 66 (50 35 51) (30 37) (44 52) 27 (67 56) (12 65 28) (14 19 69 60) (48 54) (62 70 20 29 64 57 59) (33 31 58) (39 2)
22: 58 (48 2 67 21 46) 34 (66 65 33) 29 56 17 14 15 (12 23 5 22 54 44) 51 (30 20 19) (45 28) (37 6 3 57) (61 50 41 53) (4 47) (42 24 59)
23: (22 65) (62 26) 67 66 56 39 (37 2) (20 15 64 52) (31 30 47 18) (49 45 53 24 41 69 34) 58 5 12 (61 40) (55 21) (29 54) (63 68) (43 6) (50 44 51 33 28 42)
24: (22 12) (66 47) 54 (4 18 8 44) 9 (3 29) 46 31 48 21 (33 2) 28 65 24 (37 30) (20 34 68 70 57 14) (67 17) 53 50 (43 16 41)
25: (52 2 25) 65 48 5 17 (24 41) 28 (4 58) (49 36 61 64) 21 (46 57 67 3) (66 47 56) 33 (53 12) 43 70 (20 31 27 29 51 18 44 60)
26: 65 58 36 13 (41 5 24) (4 17) 70 37 (46 30 48 66) (68 29) (53 44) 61 21 (15 42 67) (33 28 32 6 34) 57 2 (20 12)
27: (22 55) (46 42 60 35 41 51 5) 26 37 (29 48 13) (32 44 21 64 12) (6 67 53 68) (2 36 66 34 20) 62 4 65 61 (33 57)
28: (32 50 4 30 57 70) 24 (46 7 65 3) 66 (41 51) 2 (44 68 58 23) 20 37 (56 64 26 27 54 33 22) 14 29 28 (47 53) (36 60 61 21)
29: (22 50 58) (3 40 63 33) (51 67 4) 2 60 (34 54 48 5) (69 56 20 53 29 57) (70 21) (37 44) (8 65) (28 41) 39 (36 12 61)
30: (41 2) (57 37 67) 64 (22 29) 48 (47 70) (44 5 13) (4 50 62 51) 52 (53 33) 60 28 (55 66 20) (56 12 58) 68 65 27 17 (43 21) 61
31: (36 21) (30 28 46 70 14 61 31) 34 66 (57 17) 5 (68 65 12) (58 4) (2 37 27) 69 (51 22) (39 33 20) 24 15 (29 56 44 45 43) (53 52 41)
32: (22 20) 30 (37 66 5) (53 41) 17 (13 2 48 42 31 51 35 3 57) (60 61 27) (43 18) (69 67 68) 12 39 65 (29 58 34) (56 21) 46 (64 52 44)
33: 24 (60 54) (31 4 41) (3 57 25) (50 64) (14 37) 20 (2 27) (52 21 66) (67 56 70 34) 47 (5 22 42 39) 13 28 (30 12 44 29 51 16 33 61 6) 53
34: (24 51 47) 20 (66 45 43 44 39 70 67 30 58 5 37) 41 21 (52 33 4) (34 61 56) (60 12) (50 31 27) 53 69 42 (28 65) 2 68
35: (5 61) 51 26 (31 53 50 28 58) (56 65 41) 15 6 2 (60 66 68) (24 18 36 29) (8 43 47 20) (37 33) (48 22) 44 39 (17 21) (57 34)
36: (65 22 57 69 41) (18 67 68 6 59) (20 21 35) 14 47 (50 42) (13 66) 39 (5 54 53 29) 28 (44 43 7 32 4 52) (51 70 64) (37 2) (55 33)
37: 36 (37 31 29) (64 41 21) (56 58 53 43) (60 70 32) 12 (35 30) (20 44) (42 47) (61 24 28) 2 (69 67) (66 34 57 33) (51 65) 52 (5 46 18 27 45)
38: 65 (45 5 46 32 3 18 44 10 30) (62 68 60 58) 15 (56 69) (53 27 12 24) 57 28 (1 22) 21 (43 70 34) 49 4 61 (29 17) 64 (51 35 20) (47 41) (67 55 66)
39: (60 20 62) (54 51 46 9 32) 18 68 22 (29 64 37) (28 57 15 34 24 41 21 14 2 65 66 5 53) 43 33 52 (50 44 12 30)
40: (35 29 63 57 56 32 13) (50 21) 33 (2 52 65 12 64) 39 (18 61) (37 53 3) 8 (69 22 58) 44 43 5 47 (4 24 28 41) (31 20 51) (54 30)
41: 68 (58 42 39 67 13) (43 30 62) 28 (21 29 20 54) 57 (49 66) 51 (36 33 63 47 56) 22 (70 41 15 24) 12 (37 65 53 61)
42: (66 57) (21 51 19 44 41) (12 36) (45 24) 63 (28 60 31) 56 4 (64 53) (50 37) 5 11 29 (65 7 22 58) 35 (20 6) (61 30) (34 42) (33 23 48 47)
43: 17 (56 34 55 18 41) 21 32 (4 33 65 46 25 22) (66 61 3 29 15) 67 48 52 (54 30) (5 12 20 58 64) 28 13 (68 37 2 53 44 51 57)
44: 44 (50 28) 58 (37 57 12) (15 29 31) 18 (2 5 41) 22 (56 20) (45 66 61 3) (53 64 21 54 65) (33 4) (35 36)
45: 20 (21 4 56 37 22) (46 65) (15 54) 53 (28 29 69) (66 61) 45 (33 47) (41 44 50 30) (58 17 43 62 51 67 36 2) 19 14 (32 12) 57 64 24
46: (13 27 29 4 48 60) 17 (21 46 56 20) (44 24 65 8 12 53 39) (26 66 15 64) 37 41 57 33 (5 40 47) (67 63 3 34 51) 70 (61 22 43 58)
47: (12 29) 53 3 (56 10) (54 35 14 31) 44 (52 42 62 60 65 20) (64 61 36 2 67 13 43 1 33) 5 34 46 21 (66 50 28 18 37 24 41) (57 22)
48: (65 67 29 36 49) (57 53) 3 (2 32 64 39) 11 5 4 (59 6 68) 14 (28 52 54 34 60 44 58 33) (30 51) (20 13) 41 21 (46 61 12 31)
49: (41 37) (31 61 22 12 64) (52 21 51 2 15 60) (8 13) (39 58 20) (56 43) 28 (62 55) (66 67 33) (6 68) (65 29) (18 53) (44 27)
50: 68 58 70 29 (8 15 28 12 62 33 56 34) (31 20) 39 (47 44 24 60 41 53 36 2 5 22) 50 69 (45 18) (67 54 52) (21 30 61)
51: (52 22 24 60) 33 (50 70 18) (53 41) 4 (20 29 64) 67 (21 28) (30 65 36 15) 66 (2 56 43) (34 42 54 7 32 48 5 12 6 27) 61 (68 44)
52: (34 42 41) 44 31 (52 20) 3 13 (51 53) 18 (21 39 28 4 5) 30 24 (7 58) (2 40 60) (56 29 61 23) (65 64 47 63 67)
53: (41 55) (37 28 50 31) (69 66) (5 24 47) (15 12 36) (65 39) 68 (17 29 44 48 21 64 8) 43 27 (56 32 61 3 51) 42 (33 62) 22 20 (30 67) 53
54: (31 66 65 44 60) 10 50 (21 61) (12 53 37 40 6) (51 67) (29 4 58) (14 33 26) (52 41 47 8 24 35) 3 28 (20 57) (56 48 39 18)
55: (61 5 60) (20 58 17 13 2 41 29 56 23 43) 40 62 52 28 44 45 (30 24 12) (64 42 51 68 35 18 53) (33 66 4 19 21 37 57 65) 22 1
56: 67 (65 41) 43 (36 57 60 52 22 58 33) 28 (44 29 37 46) (20 64 56 21 12) (53 5) (39 15) 42 (18 4) 2 (13 30)
57: 52 (33 48) 42 (41 10 39) (61 16 64 56) 65 31 (47 68 7 34 32) (30 15) (35 28) (22 20) (21 43) (51 58 14 24) 29 44 (60 53) 46 67 (50 5)
58: 51 (47 27) 57 (49 43) (1 68) (37 53) (44 50 4 20) 56 2 (22 58 52) (65 61 9) (36 33) (69 31 64 66) (28 41 21)
59: (3 52) (47 66 12 46) (24 4) 21 41 67 29 (39 68 30 45 1 19 65 56 28) 5 (37 20 2 60 13) (31 8 61 35) (36 69 43) (34 53) (64 15 59) 57 50 (18 51 27)
60: (21 36) (5 34) (16 44 51) 24 61 62 (65 33 37) (2 49) (30 20 4) (32 29 53 48) 26 (68 41 54) 58 (67 59) 18 66 (64 57 56) 47 (31 50)
61: (44 20) 12 41 (15 47) 56 (69 39 53) 68 61 21 (45 37 4 57 24 29) 65 28 35 (50 46 51 33) (1 64 67 5)
62: 47 (4 67) 56 (44 18 31) 5 (20 41) 22 60 (14 21 15 13 64 66 46 70 2 63) (24 68) (45 36 30) 42 (65 50 29 51) 34 (61 33 49) (11 53 58)
63: (60 50 67 32 53 34) 4 31 29 (41 12) (37 22 69 52) 2 6 (57 56 21 8) 20 (33 65) (44 18 48) (35 58) (68 39) (24 30 70 40 28)
64: 40 4 (61 12 21 41) (5 14 22) 34 43 44 65 (59 64 2) (16 28 20 6 66 30) (15 68 47 53) 33 (58 35 60 29) (52 39) 70 56
65: 5 36 (58 66 61 2) 27 12 (29 52 20 41 62 50 21 70 64) 47 57 22 46 (53 37 56 28) 60 (42 24) 30 (44 4) (15 65 33)
66: 31 (36 60 59) (5 8 13 53 30 50 29) (66 20 4) (68 6 44 28 57 61 18) (46 65) (2 34) (64 37 22) (21 56 52 24) (43 67) (70 58) 33 41
67: (67 60 40) (41 61 28) (66 36 56) 2 (12 65 18) 21 27 53 (33 57) 51 (32 4) (29 68 13) (63 34 37) (44 46) 42 (30 5 54 58)
68: (20 33 70) 57 61 2 64 66 (43 51 45 53 35 3 29 5) 37 (67 19) 21 30 (52 56 44 62 34) (50 58) 28 12 (39 63) 54 (31 41 36 13 46 65)
69: 54 4 30 (49 37) (8 40 29) 65 (46 21) (43 31 33) 66 56 (13 14 5 61 28) (41 60 20 2 22) (34 67 10 53) 64 44 (52 12) 57
70: (47 4 20 34) 15 (67 12 53) (18 22 64 41 27 51 35 28 2 21 29 44 48 66) (70 5 36 30 56 31 50 68 33) (24 3) (13 65 57)
