70 70
1: (50 29) 59 (19 61 68 41 56 57 52 37 47) 8 (38 70 4) 49 (7 10) (18 31 5 30 65 54 66 13 39 43) (60 20) 21 (55 24 16 25 23 67 14)
2: (34 59 36 30 2 22) 17 (45 70 66 62 67) 40 56 (33 46 25) (19 43 63 52 11 35) (61 12 16) (20 5 51 18 49) (68 48) (60 54)
3: (60 40) (49 44 34 59 12 15) (64 18) 25 62 (67 16 30 41 32) 56 (19 42 8 2) 65 55 (53 35) 11 (50 4) 1 17 27 14 (29 13 45) (22 33 48 46) (61 28) (54 37 9) (21 3) 23 (26 66 6 36) (5 70)
4: 23 12 60 (30 59) 13 (45 65 52 21 19 32 9 41 15 36) 55 (53 40 29) (66 11) 64 70 (57 54) (4 31 50 37 16 26 49 6) (35 17) (27 18) (34 5) (3 62) (28 58 14 47 56)
5: (22 19 56)
6: 38 (45 19 25)
7: (18 1) (54 7 28 46) 10 (26 67 48) (62 3) 39 (16 25) (59 60) (65 19 41) (21 55 29 57 63 20) 12
8: 69 20 62 (13 41 39) (34 51 11) (8 63 47) 6 (29 43) (53 14 26) 44 (10 46 22) (35 55 70 65) (1 64) (67 7 45 30) 27 (18 16) (59 61) (58 17 23 33 3 40) (50 32 12) (21 60 66 54)
9: 25 6 (34 14 59 19) (16 7 27 56 39 4 67 62 36 51 50 65 55 24) (28 41 5 9 52) (54 29 13 12) (63 10 43 23 66 42 11 35 44) (68 37 45) 8 (1 3) (26 2) 57 (60 21) 32 18 31 (64 48) (46 22) (17 40 58 47) (70 30 20) 38 33 (53 69 49) 61
10: 42 49 46 55 (30 4) (36 10) (51 63 28 3 60) (59 6 31 20 7) (19 50 22) (40 62) 5 (70 25) (66 17) 68 56 (33 38)
11: (66 16 11) 69 25 44 (12 7) 67 17 59 (14 40) (43 30 20 8 54) (5 28 49) (6 27 52) (9 36) (56 18)
12: (16 57) 20 (8 47) (40 55 65) (63 61 24) (62 49) (9 25 18) (38 50) (31 70 66 17 12 7 58) (43 1) (14 51) 42 (19 32 34) 68 26 (29 21 36) 44 (28 13) 11
13: 9
14: 2 9 (18 34 45) (43 51 46 13 66 64 54 61) (55 28 1) 41 (33 20) (3 59) 22 (27 26) (40 44) 12 53 (32 14 35 21 17) (70 29) (6 48) (25 42) 56 (38 4 58) 31 (16 50) (5 68 36 15) (62 19) (52 11 39) (23 60 49) 63 69
15: (33 13 23) (47 25 32) (46 1 21 8 44 43 27) (56 49 22) (41 51 39 29) (52 6 61) (19 58) (2 10) (9 60 59 36) 68 (26 67) (66 5) (69 17 12 50 63 40 38 65 35) 14 (64 53 24 62 7 28)
16: 43 37 (13 53 62) 7 40 (9 65 69 24 12) (19 6 25 38 61) 3 (20 45 47) (58 14 39 5 63 52) 33 54 55 (26 17) 48 (4 10) 28 56 (15 50 64 41 29) 30 (49 44) 51 (59 36 32 11) (67 23 21 8 35 46) (70 34) (2 18 66 1)
17: 30
18: (44 38 19)
19: (33 56 45 63 57) (70 16 65 40) 64 22 (15 60 14 37 55) 61 (42 4 18) (8 35) (20 62 6 17) 48 13 24 (5 32) 34 (29 2) (25 69 58 3 49 53) (38 1) (43 10 30) 52
20: (16 2 10 19) (13 54 43) (67 56 48) (33 42 58) 44
21: (52 42 64 31 65 17 18 22 47 57 13) 30 (8 53) (9 34 25) (43 44 14) 56 (54 7 59) (29 46) 26 63 (61 41 55 62 20 66) (33 5) 38 21 (27 40) 3 32
22: 38 (46 37 62) (66 12) 49 (57 65 4 34 33 64) (19 30 28 45 58 10) (63 36) 25
23: 68 18 (51 67 13 66 3 6) 25
24: (12 70 46 69 14) (4 17) (58 13 9 48 16 10) 53 23 59 (60 27 32) (30 35 43 37 40 7) (36 25) (42 1 2 11 54) (56 51 26 64 15 39) 6 (29 68 38 62 44) (45 34) (55 67) 19 50
25: 3 43 (50 31) 49 (26 52) (25 16) 18
26: 37 (24 11) (5 46 19 7) 38 (2 48 59 62 52) 1 63 16 (22 8) 47 (50 54) (65 9 26 17) 14 (41 21 56 64) 20 12 (23 15) 43 (67 49 35 57 69 45) (3 25 18) (55 30) (33 29 42 13 61 70 40 31) 68 (60 27 28 4) 53 (6 10) 58 66 36
27: (42 33) 65 13
28: 21 60 (18 66 4) (51 42 33 6 58) 40
29: 8 48 (68 30 43) (69 21 55 65 7) (61 39) (41 4) 40 (49 2 70 22 13 16) 66 15 (3 5 46 47) 64 (9 56) (33 25 50) (51 10) 36
30: (66 49) 44 (9 70 35) (43 62 29) (20 40) (36 15 13 4 42 50 68) 23 (39 31 5) (24 25 63 8 33) (28 51 1) (14 27 18 67) (69 53 58) (55 16 30 26 6 47 11) (17 54 3) 56 (21 19 52)
31: (41 43 68 29) (21 23 67) (6 30) (47 59 38 32 2 3 24) (1 48 9 20 52) 12 (5 51) (35 8) (7 65 18 63) (40 39) (66 36 4 13) 25 69 (58 49) 17 (31 64) (44 54) (34 70) (62 56 50) (42 46) (26 10 19) 16 (22 33 60 57)
32: (14 53 51) (25 8 13) (23 42 7) 62 (11 5 30 54 55) (16 66 65 56) (44 69) (41 47) (70 1 48 17 21 39 33 43 3) (37 34 4 12) (57 64) (18 50 31) (59 38) (26 58)
33: (36 34 68) (30 35) (61 44 64) (46 62) 39 (9 49 38 66 59 31 11 51) 1 22 6 48 (18 20) (50 8 29 21 26) 4 69 63 (37 5 25) (52 42 47 41 54) 24 57 (12 10 15 55) (65 3) (58 23 14 7) (43 16) (28 56) 70 60 (27 53) (13 32 45 17)
34: (66 3 50) 2 (7 25 47) (14 19 48) (32 70 12) (22 27 52 46 18 23 5 63)
35: (19 50 15 45) (39 48 14 44 26 29) 43 (41 31 47 38) 34 (51 54 2 17) (68 18 20 58) (3 65 10) (1 60 59 6 5 22 11 36) 62 21 (64 49) (70 46 12 66 28 8 27) (7 24) 25 (23 33 35 67)
36: 56 (18 61) 53 (26 15 68 19) 42 60 (7 69 48 36) 13 (28 49) (9 50 41) 17 27 21 (57 35)
37: (22 70 34) (33 8 50) 48 9 (17 47 67 52) 46 (44 26 2 38 12) 51 (37 28 15) 10 66 (32 55) (35 60 16 45 24) 14 42 (36 11)
38: 20 (63 34 26 25 70) (2 67 23) 39 21 66 41 32 (64 56 42) 49 (19 30 36) 33 (14 29) 47 (54 40) (13 28) (31 43) 5 (65 3) (4 17 11 12 53) (22 46 59 58 27) 60 (50 8 68 37 61 10) 24 (57 7 55 18)
39: (2 43 29 24 41 3) (5 8 53 64) 25 (18 36 22) 52 (31 66 55) (45 65) (54 32) (62 19) 14 39 (13 37 23) (20 4 69)
40: 32 2 (26 65) 28 (12 45) 36 67 (56 41) 49 (60 37 61 57 48 5) (16 29 55) 64 21 (63 24) (38 40 13 6) (51 31 58) (59 52 50)
41: (20 19 50 15 51) 40 (45 27 63 29) 17 (16 14 23) 49 (43 28 67 13 30) 65 (61 48 60) 24 (4 34 3) 47 46 (54 10 57) (70 62 64 42) (56 11 41) 21 66 (52 18 32 58) 59 (35 68) (33 31 37) 36 (39 53) (7 2) 6
42: (29 36 50 43 41 46 51) 26 21 1 (30 31 35 28 38) 62 (19 61 67) (24 17 69) (34 6 60) 48 (33 68 70 53) (4 40 10 16) (59 65 2) (66 18 32)
43: (39 47 1)
44: (8 42) 24 (9 54) (21 57 66 23) 25 (19 49) (48 70) 27 (40 59 53 64) 47 56 (3 52) 30
45: (53 2) (16 26 14 46 39 64 5 43) 34 (55 67) (42 21)
46: (63 16 19) (21 39) (37 57 38) (5 33 58) (20 54 29 69) (36 25 13 26) (59 61 1)
47: (22 62 42) (15 34) 59 (25 18 5 1 2 26 37 63 48 56 69 16) 30 (28 29) 7 17
48: 39 24 (5 63) (10 57) 50 14 (26 55 70) (62 34 60 58 37 3 1 64) 12 17 16 40
49: (14 30 51) 43 (25 40) 64 39 (41 62 45 66 24 20 6 32) (13 50) (5 60 28 70 2 16 65 27 48 15 7 53 59) 52
50: (36 15) 5
51: (4 34 6 39 47) 55 20 27 (31 58) 13 (30 25) (35 69 60) (36 44) (51 46 10) 17 43 (52 15 3 70 57) (50 26 49) 54 (63 12) 68
52: (16 46 66 21) (60 26) (59 70 39 10 69 37 53) 3 33 (35 29 62 22 15 42) (57 25 55 4) (1 45) 48 (44 41) 24 (47 7 63 19 28 11 14 51) (43 20 67 36)
53: (38 26) (22 51 28) (4 46) 53 59 (58 32 62) (23 66 41 24 31) (67 17 14 7) (36 12) (50 70 37 1) (15 8 21) (64 68 6 43 55) (54 5) 63
54: 46 (25 13 15) (39 12) (58 50 33 40 2 7 57) (37 69 11 9 66 38 55) (16 59 26 10 60) 56 (22 30) 47 29 (42 32) (14 18) (53 51) (3 27 63) (34 48 43 19 5 17 49 6 28) 44
55: 27 (28 11) 45 (31 36) 67 46 62 58 (41 25) (30 49 39 57) (23 60 21 24 12)
56: 23 29 6 (33 13 48) (22 58 26 34 12 28 36 37) 49 62 (69 16) (25 40 70 9)
57: (39 11) (12 32 19 46 17) (66 70 21 67 45 2 47) 9 42 44 54 (36 30) 62 (16 25 15 50) 43 35 (55 49) (58 56 24 7) 37 (57 48) (61 20) (18 41 22 34 28 1)
58: 21 4 (25 55 70) 41 (45 62 54 31 22 59 30 24) (67 28 16 34 17 29 44 43) (50 40) 68 (6 51 13 35 11) 20 (42 38) (9 26 15) (39 46) 49 (63 33 52 66 5 64) (14 27 32 65) (58 7 10 60 53) 57 12 1 (36 8 47)
59: 7 55 (56 47) (5 24) 53 17 (44 25 19 61) (11 18 45) (28 48) (29 65 66) 23 3 (35 8 50 4 33)
60: (57 11 65 28) (3 38 62) 22 (67 10) (54 56) (59 18) 25 (14 31 35 68 40 9 16) (36 34 60) (5 2) 52 53 46 (42 4 66) 1 (21 7 23)
61: (30 54) 5 (9 10 7 31 64) (58 42) (29 11 50) (69 25) (48 28 21 61 14) (70 39 6) (49 13) (66 32) 38 (26 47) (27 22 33) (1 63) 43 (19 40 53) 65 56 59 (18 12 36 4 16 20 68 2 15) (41 62) 55 (67 52) (34 37) (35 45 8 60) (24 51 46) (17 57)
62: (38 17 24 33 8 37 65 69 66 20 25 30) (55 68) 19 (40 44 49 53) 51
63: (16 9 34) 69 (70 8 3 20) 12 37 (7 63 58 10) 28 46 67 (56 50 6 31) (44 60) 43 48 52 64 38 (59 29) (49 19 17 68) (41 42 24) (36 26) (65 1 40) (27 47 22 15) (14 45) (35 33 23) 13 18 (61 5 57) 21
64: (8 34) (39 1) 43 (24 51 37) (10 54 5) (60 48 13 29 23) (57 27 45) (40 42) 50 12 (59 55) (66 67 33 58 11 62 44) (4 56 3) (26 21 69) (47 20) 36 (61 28) 25 65 (31 38 7) (41 30 70 16 46) 17 22 63
65: (9 48 22) (14 20 27) 8 32 30 (25 50 49 55 67 59) (1 17 54 31)
66: (32 27) (21 7 11 12) 9 (50 45) (66 57) 56 (2 33) (14 52) 60 (23 36 34) 13 (17 10 8 47 4 3) (29 48 70 55 67 30 62) (58 49) (16 65 59 44) (28 43 15 31 54 20) 41
67: 40 (30 12 16 37 55 33) (1 52) (54 26) (9 27 15 17 28 10 61 22) (44 48 63) (31 70 66) 2 42 18 25 (56 32) (49 57) (59 43 53) (34 8 19 45 11 6) (13 58) 14 (46 3) (51 4 50 20 41) 23 67 24 7 (5 35) (38 62 64 65 21)
68: (19 27 57 70 11 12) 58 (63 30 18 60 66 40 10 8) (44 52) (13 15 25 62 39 50) 28 (14 46 64 26 5) (47 67)
69: 52 56 (55 64 36) (66 70) (33 12 20) 37 (35 58 61 50 41) (39 23) (68 38 60 29) 51 (2 47) (16 10) 67 (11 13) (24 1) (63 65 19 45) (27 5 31 53) (7 54 28 14) 42
70: 58 61 (60 17 18) 54 (41 3) (53 11 8 46) (47 36 38) (67 23) 64 (10 21) (65 35 66 22) (28 44 13 51 16 56) (57 9 40 39 14) (32 62 26 34 59 6) (55 69) 1 (42 30 48 31) (19 52 15 2 33) (50 12)
1: 42 (58 47 8) (46 61 64 7 57) 24 3 (63 67) 32 (52 14 15) 48 (30 16) 12 (70 60 31 43 19) (26 53) (69 65 9 33 35)
2: 49 (34 19) (31 60 70 26 15 14) (57 61 66) 16 69 (37 39 45 54) 40 (42 20 67 38 24 29) (47 41 35 2 3 9)
3: 10 (21 41) (32 66) 33 (25 70 19 35 63) (54 31 44) (4 59 30 14 7 51) 9 38 (48 23 67 16) (26 34 64 8 39 29) 3 (60 52)
4: (58 52 38 32) (31 67 4) 41 (66 26 22 9) (19 33 24) (39 10) (29 61 60 1) (16 64) 14 (53 42 51) 59 (30 28 3)
5: 16 (45 64 69 50 58) 39 63 (1 19 4) (68 40 14 21) (34 59 10 32 35 26) 9 (11 33 46 60) (53 30 2 61) 48 49 (31 67 3) (38 54 29 15) 47
6: (40 28) (49 33) 35 41 (10 11 53 61) 30 (23 26) 42 (58 8 31) (54 24 63 9) (16 15 19 56) (67 51) (3 4 70 14)
7: (26 33 34 54 53) 24 (64 29) (57 38) 16 (10 58 49) (66 35 7 60 52 67) (11 1 12 21) (32 69) (8 41 59 61) (36 63) 47 (9 31) 15
8: (3 59) 70 (53 11 66) (67 35) (65 64 12 26 32 39 58 33 16 30 61) 37 (9 62 1) 63 31 (15 38) 68 (44 8 21) 19 29
9: 61 12 (24 44) 14 (3 58) 65 (31 13) (66 29 54 30 21 33 36 67 70) (4 16 60 56 15) (11 57) 37 (9 26) 63
10: 7 (60 24 31 9 70) (69 63 33 19) (15 64) (41 54) (58 8 22 67 51 37 10 1 26) (38 52 20) (29 66 61 16) 35 (42 48 68)
11: (11 70 2 69 54 57 55 8 67 60) (12 52) (3 59 58) (64 26) (38 32 33 66 4 9) (37 16 68) (35 30 41 61) (14 24)
12: (14 56 51 8 26 15) 4 66 (34 68 40) 54 (70 2 9) (64 7 48) (37 67 63 61 58 3) 11 (32 12 35 57 22 55) (24 53 69) 38 33 (16 31)
13: 3 (26 69 15) 33 38 31 36 64 61 (63 49 30 54) (66 39 16) 67 (56 12) (27 24) (20 19) (14 4) 1 (70 9 29 46) 32 (68 23) 58 21 (40 8 41 51)
14: (19 61) 70 (26 4 21) 34 54 15 (35 69 16) (45 11) 3 (12 63 1 38) (49 14 48) (30 39) (52 24 33) (67 37 65 32) 58 (41 66 9) (53 8) (68 60)
15: (36 4) (54 52) 24 (61 26) 16 29 (19 49 35) (50 66) (30 33 67 3 14 57 51) (41 53) (47 70) (37 63 68) 58
16: (25 66 33 14) (52 11) 64 (29 45 19) (24 48 31 8 4 69 56) (2 40 67 1 54) (60 41) 49 37 46 20 70 9 63 (32 26) (47 3 57 61) (12 7 30) (58 42)
17: 26 (59 31) (8 32 37 4) 48 (30 64 12 24) 57 67 (33 47) 42 (53 19) (61 3 70 9) (10 58 62 54 2) (14 15) (41 11 21) 51 38 (65 35) (16 36 63 66)
18: 42 35 (14 21 26 1) 32 2 (16 11 28 12) (30 54) (67 41 3 38 23 31) (36 9 57 39) 4 (34 61 7 63 19 47) 59 (68 70 60 25) (8 33)
19: (7 67) (20 9 42 46 3 26 59) (68 6) 5 (10 4 38 35) (36 24 16 12 18) 39 (22 70 31 30 63) 14 44 (69 54 2 15) (57 62 1 34 52 61) 41
20: 63 (9 8 19) 39 (38 30) 26 (35 52 61 21) (57 62) 31 (33 51 12 66 1 2 41) 64 69 (10 58 65 46) (49 67 14) 11 (16 7)
21: (15 58 57) (16 1 66 21 70) (3 52 36 38 35 45) (14 40) 30 33 32 (28 29 8 7) 64 41 (53 9 4 61) 31 12 (60 55 63) (26 67 46 42 44)
22: (26 34 3 52 10) 35 37 (21 70) 38 (64 39 60 61 63 54) (9 33 5) (29 8 57 19 47 58) 67 (14 15) (56 53 31 2 65)
23: (1 34 15 9 63 33) 38 (60 44 56 8) (24 31) (39 53) 67 (3 30 70 64 59) 35 (69 41 32) (4 55 66) 16 26 14
24: 26 (55 15 67 40 48) 31 30 (41 39) (12 42) (63 49 38 9) (16 52 19 59 44 61 69) (58 33 57) (62 53) (64 1 37 35)
25: 21 6 (2 34 16) (33 7 47 61 67) 64 (12 30) (46 38) 51 15 35 (55 31 57 49) 25 (56 54) 1 (14 68 58) 29 (39 10 44) (65 62 60) 32 (23 24 52 11 22 9 3 59) 26 19
26: 51 (68 14 46 25) (3 45 36 61) 26 35 (56 30) (9 48) 24 (4 67) (70 37 53 54 8 47) 52 (63 58) 7 (12 33) 15 (16 32 31) (42 38) (21 40 64)
27: 38 (34 30) (41 26 11) 68 (33 3 21 69) (55 51 15 14) (63 67 54 49) (4 61 64 8 66) (36 58 65 35 44 24) 9
28: 56 (53 14) (47 7) 63 (42 11 3) (70 40) (58 35) (4 36) 37 67 22 (30 55) 57 (9 15) 16 (49 68 26 10 64 12 54 61) 59 52 (38 66 33 41) 60 69
29: 14 (66 16 4 3) (30 8 39 41) 58 (42 69) (1 40) (61 12 7 15) (35 24 59) (47 38) 31 56 (46 64 63 9) (33 21) 26 19 (52 54)
30: (17 11) (55 51 54) 29 (30 66 24 26) (67 57) 19 (44 41 22 10 31 8 33 68 3 49 16) 47 (58 61 21 4) (65 9) 42 (32 1 2 64 70 62 38)
31: (12 30) (70 31 67) (66 9 65 60) (14 4) 35 (38 26 10 33 32 42) 53 51 (40 1 39 64) 55 (25 63 61) 58 (41 69) 21
32: (54 16) 65 (61 33 34 3 14 39) (31 24 40 38 66 12) (19 9) 42 53 (21 37 8 58) (67 41) (49 4 15) (70 57)
33: 52 (32 35) (37 29 28) (46 58) (27 30 8 31 10 61 16 54) (69 66 41 59) (19 26) (42 20 63) (70 64 3) (15 38 2) (67 22 14 9 56 21 62)
34: (64 12) (57 32 19 66 24) (54 38 61) 8 16 58 (31 35) 41 (63 4 67 22 14) (51 33) (47 2 3 37) 21 48 70 45 42 (60 9) 56
35: (8 69 31 26) 42 58 (37 33) 15 (9 2 3 52 16) 61 4 (70 14 59 60) (63 36) (30 41 19 35) (24 57 67 51)
36: (56 39 10) (35 30 15) 37 (29 52) 46 (57 38 69 2 16 4 22 61) (41 36 50) 33 60 55 14 51 (31 12 11 53) 42 (9 64 26 58) 3 66 24 (70 63) 40
37: (26 69 1 40 37 53) 24 (41 47 38) (22 46 9 39 16 32 48 3) (33 52 56) 63 57 64 (54 67 62 19) 61 4
38: 33 35 (1 6) 14 (15 9) (64 24) (18 12) 31 61 (69 53) (60 70) (46 40) 19 16 (26 21) (42 32) (58 54 62 10) 63 67 22 37
39: (58 1) 15 52 (8 31) (9 32 49 35 43) (14 57 33) (45 55) (70 51) (30 39) (24 7 41 64) 16 29 68 69 (48 54 46 61) 38
40: (21 12 2 63) 68 19 31 (42 58 9) (44 10 67 60) (8 61 40 41) (11 62) (29 26 48) (64 38 15 14 24) 56 4 (54 30) 3 16 (49 70) 28
41: 64 (14 57 39 55 53 42) (35 1 63 29) (7 70 40 33 58) (16 41) (21 36) 69 9 8 61 4 (15 67 3 26) 52 (31 38 66 32) 49
42: (63 58 54 36) 12 (64 33 21) (37 44) 28 (52 24 3 14 45) (31 70 47 67) (20 32 10) 61 9 (60 19 27 26 69) (38 57 30 41)
43: (11 49 31) 66 (14 29) (20 19 42 53 1 57) (16 38) (52 67) 21 (8 39) (26 51) (9 33 45) 12 (32 24 30 61 63 35 15) 58 2 (54 41 64) 25
44: (52 20) (31 67 70) (54 51) (3 11) 18 (68 21 16) (9 33 24) (62 32 58 57) (30 15 66 14 37 35 12 63 59 8) 64
45: (22 67) 2 (69 40 52) (55 8 64) (49 37 26 41 33 16) (61 14 57) (66 59 19 3) (6 39 35 58) 24 (63 9 4)
46: 42 (31 37 9 41 38 53 54) 61 (33 51 64 45 2 24 29) (57 67 60 34) (63 7) 8 (68 15) 35 16 (58 21 52 10 22 70) (3 26 55) 14
47: (34 59 4 44 70) 15 (33 12) 64 68 (57 29 32 31) 21 (43 26 69 52) (1 63) 37 61 (41 51 35 9) (58 30) (16 54 38 8) 66
48: 33 (40 2) (65 63 56 24) 32 (19 34) (26 47 67) 9 (70 7 16 66) 42 61 (29 54 44) 37 57 (35 14 64) (59 31 49 52 20 41 36 3)
49: (66 62 56) (25 63) (10 36 26 33) (44 3) (54 65) 16 4 15 (57 55) (58 11) (30 19 51) (12 61 2 35 67 29) 14 (1 22 31 41 40) (9 38)
50: 24 12 (69 37) 42 68 25 1 (16 64) (38 40) (65 61) (59 58 33) (31 30 36) 26 (54 34) (57 51 35 9 70 3 15) (66 14) 32 8 49 41 48 (4 63 29) (10 67) 53
51: (41 32 67 10 15) 40 (2 16 54 35 14 58 24 51) (8 49 23 70) 62 (29 37 52 61) (64 33 28 69) (9 42 31 30 53) 12
52: 26 60 (16 21) (40 69) (4 51) (49 25 2) (33 66 39 1) 34 15 31 (9 11 67) (30 14 44 70 61) 37 (68 41 63) 58 19
53: (3 49 8 60 38) 58 (61 69 53 15 21 30) (26 39 42 44 36 16 62) (52 70) (33 59 32 14) 24 (9 4) (41 45 54 19) 67
54: (11 66 16 2) 32 8 (61 38 24) 1 57 64 4 (58 31 30) (9 53 26) (3 7 67) (14 70 21) (44 51) 69 33 (20 41) (39 46) 60 65 35
55: 58 (16 32 29) (59 12 54 7) 70 (61 3) 9 (62 67 37) (57 66 21) (52 39 10) (53 30 64 8) (40 33 24) 26 (1 65 38 14 48 19 4 69) (45 51)
56: (21 38 47 63 67) (69 14 20) (60 41 19) (64 59) 70 31 (3 11 10 4 36) 32 15 9 2 (66 16 57) (40 29 24) 5 (33 44 54 1) (61 26) 30
57: (4 38 55) (44 60 52) (9 51 41 33) 67 63 (12 21 58) (22 54 46 19 68) 40 7 36 66 57 32 (1 61 26 70 48 31 64)
58: 64 54 (63 67) (33 28) 20 (40 8 53) 14 (12 48) (56 4) (68 32 26) (15 19) 46 16 (61 51) (58 38 57 9) (66 70 55 69 31 35 41 24 30) 22
59: 40 (49 1 8 9 44) 15 11 (70 31) (64 35) (52 42 53) (7 63) (26 32 67 4 66 33) 24 54 2 61 (46 60 10) (14 21 41 38 16 3 58) 47 65
60: (36 10 19) (60 3 63 2 55) (70 37 15) (64 69 40 68 42 58) 49 (52 8 35 26 33) 7 28 (48 38 9) (61 41 54 24) 31 (66 1) 4 (14 51)
61: (42 46) (64 16 3) (21 69) (59 29 9 38 70 61 2) 12 (40 19 33) 15 36 26 8 (14 63 1) (57 67) 41
62: 32 22 (60 4) (52 14) (57 3) 41 (9 10 8 26) 47 (19 58 61) (53 16) 7 (12 35) 70 (2 67 31 21 15 68 48) 42 (55 30 39 64 56) 49 66 (24 33)
63: (52 58) (31 64 15) (38 7 8) (9 34 14) 12 (30 63) (67 53 46 54 22 16 19) (69 48) 2 40 (47 41 33) 26 10 (51 68 21) 61
64: 63 (9 67 68 22 53) (29 33) (70 8 38 16) (58 3) (35 32) (69 48 41 24 14 61) (15 31) (45 39) (26 4 40 19) (49 44) 21
65: 15 60 19 9 (3 61) (1 49 70) (31 12 8 32 41) (22 27 29 7) (59 69 42 63 21) 16 (58 67 39 35 38 62) (4 33) (64 66) 26 40
66: 34 (23 68) (67 44) 28 (39 33) (64 31) 32 (59 62 41 3 4) (16 37) 70 (30 29 54 38 9 14 69 60 11 61 49 35) (21 8 58) (10 12) (2 15 53 26 42 1) (22 52 57) 66
67: 20 37 (26 16 31 61 40 66) (2 53 1 70 15) (63 57 69 3) (64 52 8 67 35) 24 (55 11) (7 68 60) 42 58 (41 38) 9 23 (30 45) 65
68: 60 9 29 30 (63 10 12) (38 41 33) (24 58 53) (23 69 35 42 36 1 62 14 2 26 31 15) 51 61
69: 61 15 (62 36 70 46) (31 30) (52 8 39 63 29) (64 56) 16 51 (9 11 33) 42 14 54 (26 47) (32 19 24)
70: (48 32 29 35 34) (67 16 8 26 61) (2 31 41) (53 64 69 33 30) 9 63 14 (57 12 68 24 4 49) (56 19 1 10 38) (52 3) 44 (42 58) 51 (37 66)
