70 70
1: 22 6 4 (59 11) (20 36 50 39 51) (60 1) (65 70) (54 17 14) (2 62 15 53) (45 29 38) (3 48 33) (13 44 46) (25 58 7) (35 37) (19 31 9) (28 69 27 26) (10 57 42 5 41 56)
2: (49 47 40) (55 62 20 6) (63 39) (34 56 19 8 13 57) (41 2 18) 66 11 (70 31) 7 21 (12 65 25) (28 30 50 36 44) 68 (15 54) 3
3: (29 42 30 55 7) (14 52 2 4 58 35) (6 38 23 57 56 21 44 19 25 34) (16 41 59) 5 (26 49) 61 (60 28) 66 (46 32 15 48 67 27 33 39) 36 (31 68 22 43 63) (70 62 40 18) (17 10 64 37 9) 13
4: 51 (7 45 38 64 61 62) 68 (3 5 59 66 30) 47 (12 60 14 40) (43 26 58 63 13) 20
5: 29 (7 6) 35 70 (64 18 32)
6: 31 (28 4 67 1 56) (66 64) (41 30 7 65)
7: 14 (18 5 11) 22 25
8: (47 34 10 5) (62 61 8) (6 43 66)
9: 15 61 (27 6 36) 10 7 (51 29 23 30 68 66 13 14)
10: (56 26 48 51 29 13 41) (50 4) 46 (32 61) (17 43) 14 (7 27 63)
11: (29 59) (40 25 1 70) (2 36) 32 (52 9) 66 (12 46) 10 11 (50 44 26 49) 22 62 (28 14 65) (54 7 48 31 64) (34 13) (17 20) 21 (16 6) (23 24) (56 37) (68 51 58 35 60 30) (4 38) (5 41) (47 69 43) 45 (33 39 57 42) (61 63) (18 8) (3 27)
12: (55 69 30 24) 33 (27 65 16 57) 2
13: 14 (36 23) (69 11 53 8 66 13 22 49) (41 42 70 54 17 6) 10 3 (2 21) 19 (29 58) (12 18) 56 (59 45 60 57 30 46 65) (20 48 63 35) (31 24 44) 15 43 (55 26) 1
14: 1 (61 54) 64 (48 40) (11 37 45 27 44 17) 10 5 (2 15)
15: (58 32) 16 7 43 (68 60 42) 50 (17 21 57 41) (52 20 59 55 67) 26 (37 2 8) 61 (12 45 64 44 49 28 62 47 15) (14 1 48 33 69) (5 18 46 34) 10 (39 25 70 65 11)
16: 9 (6 53) (15 63) (30 70 56) 67 55 (5 16) (22 41 50 40) (7 20) (10 25 51) (46 57) (38 8) 12 (34 13 21 35) (48 64) (36 17 14) (2 4 26 69 59 23 28) 32 (47 19 39) (49 45) (29 65) 37 (33 24) (42 62 18) (66 68 27 58 52 60) (61 31 43)
17: (42 27 14 16 13 56) (58 45) (7 40) (53 25) (66 36 10) (2 55 41 48 24 46 34) 30 (52 4) (47 62 23 38 69 22 60) 11 (15 9 18 37 33 51) (20 54 61) 35 (65 59) 17 50 (70 67) (3 57 31 8) (19 63) (44 26) (49 29 32 43)
18: (17 9 22 54 24 56 36 44 46 43 66 53) 5 60 (45 6 1) (27 8) (70 50) 2 19 29 (31 57) (55 40 34 21 3) (65 7) (15 30 48 39) 59 (51 63 68) 69 (4 18) (32 20 14) (12 35 33 58) (10 37) 67 41 (28 62 23)
19: (1 49 54) 20 (9 57 27) (13 41) 64 (22 52 42 6 29) 39 (60 66 69) (63 58) (17 26 4) 35 (61 44) 3 51 36 5
20: 29 28 (66 43 63 55 46 25) (6 67) 52 69 45 50 (24 4)
21: (14 25) 30 65 62 (26 13 54 17) (16 28 22) (23 12 67 39 66) (59 47 42) (48 41) (32 7 1) (44 19) 27 15 (20 36) 40
22: (30 23) (15 19 67 5 59 18) 34 (3 7 48) 28 (52 14) (66 36) (65 13 22 46) (51 55 37) (35 38 44 57 32) (1 63) (29 62) (54 6) 56 (20 27 70 61 41) 68 (53 8 33 43 26 17 9 11) (64 2 42 69 45)
23: (19 57 6 54 53 69 15 8 29) (24 60) 59 34 (40 17 14 4) (47 50 61 39) (2 1) (13 56) (23 21 10 31 5 68 9 41 25) (20 48 63) (52 66 46 16) (38 33) (18 30) 58 32 42
24: 44 21 34 65 53 (11 17) (25 36 70) 5 (12 19 33 67 50 51 29) 32 (68 7) 64 (15 4) 23 (10 41 56 6 35) (57 45) 69 (27 46 58 60 9 63 2 13 22)
25: (34 26) 24 40 (17 35 43) 70 (68 38 65 25) (37 55) (4 47 42 39 61) (64 32 36 21) (63 51 69) (59 10 33 54 66) (13 28 20) (30 9 6 67) (57 7 14 5 2 60) (15 8) (12 49) (1 45) 56 (46 44 53 29 52) 19 (58 23) (11 48 22 31 41)
26: 45 8 33 (40 30) (12 1 22) 18 55 26 (15 61 44)
27: (1 28 13 53 55 25 12 18) 30 (62 66) (41 9) 33 (58 19 63 31 14) (15 17 47 45 4 21) 6 16 (67 60 10 23 7) 69 38 (29 51 40 3 39)
28: (30 37 35) 65 34 17 12 (54 32 68 45) 28 (10 14) (24 4) 66 (7 18 60 51) (63 15) 20 (26 57 40) 48 31 (1 43 23 6)
29: 3 (55 27 39 35 68 43) 2 (7 65) (53 11) 16 (58 66) (42 4 17) 1 41 37 (15 10) (14 64 19) 25 (22 70) (63 60) (59 46) (48 24 62) (69 28) (8 31) 9 (67 56 6) 49 (21 20 26) 45 5 (23 12) (52 40) (29 32 30) (51 38 18 13)
30: (64 43 29 67) 4 37 56 (47 7 61 17 57 23) (20 22 48 28) (53 38) (36 15) 25 8 13 (65 44 50 9 5) 45 (2 18 54 59) (55 12) 3 40 62 41 (26 58 46)
31: 31 (12 30 23 14 66 8 4) (2 62 19 26) 27 (1 17) (11 37 56) (48 9) (38 70 68 6 41) (40 39) (67 36) 21 (16 58 46 47) (55 53) (15 49) 60 (50 43 7) 24 (65 42)
32: 17 (22 9 33 62 24 63) 5 (54 10) (55 23 65) 38 52 (12 15 66) 4 (20 37) (14 61 3) 2 8 (6 25) (56 16 46 40 60 7 53 32) 27 59 (21 69) (51 50 35 58) (1 43) (30 42 45 47 41 26) 48 34 68 49 29 18
33: (25 49) (11 65) 26 59 2 28 24 22 51 68 (36 48 4 46) (45 32 56 8) (70 14) 44 (5 57) 53 (18 60 66 63 64) (58 42 69 3 16 40) 54 35 (12 31 19) 27 (39 52 61) 43 55 9 17 (20 7 33) (67 30 23 47)
34: (11 53) (69 55 20 68) (14 59) 42 (70 28 50 46) 27 (54 26) 18 40 43 (36 6 56 33 24 19 2) 9 65 1 (3 47) 64 (23 44) 61 62 57 (49 22 5 45) 21 (37 51 31) (30 17) 16 (66 10 7 35 34 60) 32 (63 25) 8
35: (9 32) (14 29) (60 41 48 36) (30 45 21) (22 34 62) (44 15) (11 58 65) (28 57 61) (49 7 16 42 33 46 50 25 35) 56 26 17 (5 10) (66 63) 64
36: (8 26 64)
37: (46 52 58 54) (34 61 8 24) (36 33 31) (47 23) (18 59)
38: (37 17 54) (69 44 5) (21 41 62) 2 (60 27 24)
39: (16 17 60 61) (10 57) (56 29) (39 34 6 20 27) 42 13 (14 68) 1 (24 18 30) 55 15 25 45 (2 31) (50 22 44 54 48 64 63 12)
40: (38 37 23 65 58) 29 (48 32) (24 46) (60 11) (3 59) (22 20) 34 (41 6) (2 36) 4 (28 10 5 21) (39 30) 12 (45 54 56 15) (62 1) (9 50) (57 49 69 7) (14 61) (40 70 42) (26 19) 66 16 (63 35) (27 44) (33 31 25)
41: 68 34 (4 22 67) 32 43 42 21 (45 12 14 25 41 64 37) 65 (39 9 48 35 20 69) (1 60 51 2 61 8) (28 11) 7 (23 57) 10 (16 44) 27 (33 30) (17 40 15) (5 36 55 18 31) 56 3 (29 47) 62 (59 13) (49 38 6 50 19)
42: 18 (44 52) (11 2 12 22 39) (66 60 47) (27 37) 38 (9 20 51) (4 49 69) 56 48 (40 24) (59 53) 46 28 (23 5 31) 13 (65 62) (32 50 29) 19 (33 67 57 1) 63 10
43: 53 (41 28 15 6) (29 55 70 54) 63 (4 24 69) (10 8) 59 (62 45 57 26 19) (49 13)
44: (47 18) 8 (19 60 30) 12 (53 37) 61 (7 24 5 9 66 2 15 68 65 13 11 29) (10 26 55) (31 58) 17 39 67 (20 16 62 50 63) (54 42 69 40 22) 27 34 1 (28 38) 44 3 45 (57 41) (33 4 46) 6 (49 21) (23 64 35 32) (70 59 48 14 52)
45: 43 31 (46 63) 39 (51 36) 65 52 (41 27) (26 49 30) 16 (24 9 37 42 67) (54 69 8 34 7 14)
46: (24 46 44 5 13 47 32 28)
47: 22 (17 44 67 32 24 1) 52 (6 58 39 31) 62 (46 63) 12 55 (25 38) 7 (66 60 49)
48: 55 13 (35 53 31 15 42) (12 49 20) (7 28) (3 26) 46 45 (63 48 19 36 66 59 50) (41 54) (22 24 65) 25 37 (57 5 58 6) 44 (21 17 11 43 62) (29 1 2) (33 69)
49: 50 60 9 54 2 28 (44 65 35 48 1 34) (32 33) (6 17) (4 45) (55 47) (53 59) 12 27
50: (31 45 34 44) (70 55 24) 5 9 65 (59 51) (20 43 6) (14 53) (7 52 57)
51: (24 2 19 10 69) (11 64 43) (3 38 12 40 18 25 27 65 47) 46 16 63 9 21 (15 49 61 8 35) 42 (66 6 60) (20 41) (4 52 51 22 5) (1 62 13) (14 30 68 31 32) (37 33 23) (26 44) (48 7 17 57 50) (56 34) 28 (36 67) (45 39 58 55) (54 70 53 29)
52: 32
53: (50 21 41 23) 12
54: (36 56 17 20) (63 68 46) (11 3 27 4 66) 55 (70 15) 19 (62 28 14 60) (43 7) (52 69) 58 (8 9 31) (34 53) (12 33) 41 45 (35 50 49) 26 (16 30) 61 23 (39 38) (57 37 6) (59 42 54 44) (29 40 5) 24 (47 22 10) 13 (25 1 21 48 65 51) (67 2 64) 32
55: (39 12) 2 43 (66 8 70) (6 33 55 47 35)
56: (4 43) (37 47 28) 19 64 (25 18) (17 53 66) 1 67 40 (57 11 6) 34 (59 50) 9 (69 15) 65 38 (41 30) 70 (49 45 22) (20 63) 60 39 (7 61) (2 31 21 10) (23 32 24) 12 (27 42 58 3) (5 51 33 44) (56 46 14 16 36 13) (26 62 35 48) 54 29
57: (42 43 41 13 1 19) (45 29 51 39) 28 (54 37) (3 47) (30 60 6) 35 (22 57 59)
58: (68 38 46) (12 56) 54 (36 33 35) 31 (63 40 11) (30 17) (24 70 26 45) 44 32 49 (51 47 5)
59: 61 27
60: 3 (30 42 46 65 43 28 67 20) (9 8) (38 47)
61: 67 (1 34 61) (52 5 57) 19 51 (66 3 12 58 16 48) (64 11 27 55) 56 62 47 (46 20 17) (29 32 65 39) (2 50) (25 35)
62: (51 2) (67 5 66 36) 16 (40 57 61) (48 59 9 38 60 26)
63: 16 (1 7 21 10 25 69) (64 53 37) (61 52 27 30 43) (68 55 47) 26 (44 48 4 58 2 8 17 60) 20 (13 70 23) (38 24 9 22)
64: 62 (30 64) (38 45 11) (6 25 2) 21 (61 8 47 59 44) (10 28 34) (13 1 9 36 29 23 63 43) (69 20) (54 22) (66 57) (27 68 12) (58 3 37 41 51) (67 19 14 40) (35 46 50) 33 (39 26) (42 7 16) 32 (49 31) 5 (52 60)
65: 46 62 2 7 50 (11 39) (52 6 14 32) (60 17 45 19)
66: (24 53 61) (2 58 45 20) 31 25 9 (57 70 18 26 21 63) 30 38 (69 51) 52
67: 22 (70 16) (64 1) (39 28 3) (17 68 54 45 60 33) (62 11 26) 25 (37 41 57) (8 27) 24 (49 21) (18 69 59 7 29 42) 63 (35 34) 23 (36 19) (46 13) (44 66) (5 43 30) (47 2) 9 31 32 65 (48 58 56) (52 4 50) (10 38 6)
68: (67 46) (50 23 40 33) 59 56 (6 62 9 51) 42 17 13 12 (16 69) (47 34 41 29 65) 30 2 53
69: (17 33 70) 5 (41 25) 54 (26 24) (14 67 43 37 16) (39 64 35 32 56) 20 (58 40 27) (47 61 59) 30 50 (45 53) (19 23 6 21) (63 28 42 48) (9 8)
70: (19 14) (10 17 70 55) (33 62 48 12) (36 23 24) (61 1 64 18 26 13) 69 (28 31) (66 25) (51 15 40) 53 (43 44 21 54 22) (3 34) (20 46) (27 49) (42 67 2 11 8 68 32 41) (45 6 9) (7 47 50 5)
1: (32 26 22 39 42 63 6 29 61) 40 14 19 (31 47 48) 23 (57 70) 27 (49 11 25 56 1) (15 44 13 51 34) (21 18) (64 54) 28 (67 41)
2: 24 42 (63 13 66 55 56 23) (17 48) 3 12 (32 44 62 39 2 70 14) 31 40 51 1 (25 29 61 11 18) 68 41 16 (65 67) 15 49 (33 22 64 54) 34 30 38
3: 4 (1 56) (70 27 30 17) 2 (44 11) (29 19) (60 51) (67 18 22 57 48 33 41) 34 54 (61 32 13 64 40)
4: (40 63 16) (42 67) 11 (54 17) (20 28 24 27 6 19 23 31) (30 56) (1 41) (33 51) 25 49 (32 10 44 29 43) 18 3
5: 24 (69 44 42 62) 4 50 3 1 (54 29 33 61 32) (7 25 14) (40 18 30 19 64 41) 15 (51 67 34 16 8) 23 (46 38) (48 56 35) 58 (11 22 70)
6: 31 (22 8 65 50) (48 20 3 16) (54 28 70 56 51 39) (32 27) (5 49) (34 18 11 57 2 68) (47 23) 44 64 (1 29 55) 67 19 (25 41) (13 43) (40 24 69) 9
7: (48 17) (41 35) (31 70) (1 44) (32 11 24) 10 9 (16 34) 64 67 (29 5 21 3 47 50 6) (4 22 63) (56 65) (30 45) (33 51) (18 27 25 40 15 28 2 54)
8: 33 (32 29 34 64 60 54 37 41 23) (8 22 63 26) 69 (30 15 44 36) 2 (45 13) (70 17 16 25 67 55) (31 18 51 11 43)
9: (40 64 60) 30 (70 62 45 1 44 54 68 17 3 23 11) 41 (42 50 16 18) (25 32) (67 34) 49 (69 66 35 33) 22 (56 24) (29 51) (31 63 27 19)
10: 14 (39 16) (8 63 56) (11 23 32 35 1 28) (15 41) (43 24) (51 25 3) 44 54 (17 64 9) 29 (42 34 18 67 40 13 27) 70
11: (48 44) 61 15 34 33 (35 31 22 13) (42 14 58) (1 7) 25 65 54 (64 40) (17 41 2 29 24 11 56) 70 (67 51)
12: (16 13 26) (40 51 64 18 44 54 29 49 25 56 39 31 2 42 48) (21 61) (58 24 68 47 4 32 53) 55 30 15 28 (41 70 27) (33 11)
13: (54 64 17) (46 16 42 57 56 70) (27 3 48 19 2) (68 25) 29 (43 23 39) (24 11 67) 9 (22 13) 63 (41 1 51 4) 10 (30 44 21)
14: 45 31 (50 41) 29 (44 4) (22 40 16 7 33 28 21) (70 10 56 25) 51 18 69 3 (13 34) (39 32) 27 (54 1) (23 11 35 64 17) (15 9) 65
15: 39 32 (26 3 17) (54 23) 14 40 (28 16 2 21 9 22 41) (25 15 30) (31 44) 43 (51 27 1) (13 24 18 70 29) (48 35 56)
16: 34 (44 32) (11 61) 12 (41 15 68 35 21) (45 56) (16 63 39) (40 51 17 64 31) 67 23 (27 69 29 33 62) 3 54
17: (11 31 47 65 67 24) (3 51 19) (44 18 30 49 27) 69 23 (25 68 13) (16 58 56) 70 17 (34 61) 35 39 29 14 28 (38 22 15) 21 (1 10) 32 54 48 33 (63 41)
18: 7 (44 27) 30 (3 11 70) (33 39 16 67) (51 26) (41 37 13 28 17) (2 32 29) (34 66) (18 23) (5 22 42) (56 15)
19: (21 29 41 42 61) 56 17 (43 31 57 24 2 1 44 70) 13 67 (40 25 65 22 3) (23 33 16 69 34) 51 54 48 64 18 27
20: (41 4) (28 2) (70 15 64 18) (56 19 61 22 32) 69 (50 60 30 40 66 48) (63 34) (42 39 16 1 21) 54 51 44 (33 23) (13 29 25) 17 11
21: (64 70 48 27 2) (34 63 3) (15 31 24) 56 (16 41 32 11 18) (29 51 38 25) 13 (54 69 40) 23 (35 66) 67 (44 53)
22: (11 29 57 63) (56 42 67) (44 34 35 70 3 7) 54 41 (26 48 1 19) (13 18) 25 (47 22 64 16) (32 21 24 51 40) (33 17 39) 30
23: 70 69 (54 40 41) 31 (67 34) 22 11 (64 37 68 51 18 63) 28 13 (53 30 17) 16 (56 9 21 24 33 44) 23 (3 42) 29 32 25 27
24: 44 (12 42 66 58) 34 67 (31 56 54 33) 38 (11 32) 16 (29 70) (17 28 25 13 45 47) 69 37 (43 18 51) 48 23 39 (20 46) (63 40) 50
25: (41 61 2) 24 (39 56) (23 1 69 30) 40 (64 33) (32 70 20 25 16) (21 63 11 15 47 3 29 7 67 27 48) (66 34 35 17 54 51)
26: (25 10) (19 58 16 36) (32 34) (62 63) (13 48) (28 11 56 69) (70 31 44 1 66 26 30 29 22 67) 33 (51 45 15) (21 43 3) 17 40 (35 54 4) 64
27: (40 18) 31 21 (9 16) 38 (63 67 3) 56 (51 24) 10 42 (61 17) (69 34 41 14 45 59 54 22 32) (1 49) (33 12 29 39) (44 64) (11 19 70)
28: (35 54 43 49) (67 30) (69 6) 64 (57 48 16) (20 41) (15 34 44 46 2 27 70 28) 22 (21 1 51) 25 (42 3) 29 60 (18 56 40 11) 33
29: 42 (11 25 30) (16 56 27 9) 41 64 29 (51 22) 32 (19 23 24 35 54) (10 13 5 3) 67 (1 43) (17 18 39 68) 48 40 (20 44 61 57)
30: (54 40 44 69) 58 (60 27 32) (6 28) 63 (33 57 64 26 45) (12 23 17) (51 2) (3 25 35 16) 13 (41 34 67 56 4 22) (31 21) 29 (18 68 66) (39 11 9)
31: 27 42 (28 37 66) 70 (54 41 11 31 29 2 45 1 6) (58 18) (51 64 17 48) (39 13 56) (40 23 34 3 47 67 44) (16 33 25) 50
32: (58 11 34) 65 (51 17) (24 16) (18 32) (69 15 67) (42 41 28) (29 70 10 54) (25 44) 52 46 (5 61) (56 33) 49 47 (35 21 22) 64 (23 3) 40
33: 70 (56 55 23) 42 40 34 (24 69) (51 11 67) 33 (48 26 22) (44 3 12 1 27) 49 68 54 (32 35 41 64) (58 15 25 16 17 37) 18
34: 28 (67 23) 56 (17 22) 3 45 (44 40 35) (70 18) (41 24) 32 (61 64) (25 37 34 2 50 51 8 11 15 68) (49 39 54) 16
35: (24 40 55 57 64) 48 (3 61 58) (51 29 54 33 22 69) 17 (41 11 32) 34 (13 35 16 67) (5 19) (56 18 25 28 1) (44 49)
36: 37 67 (70 24) 35 (13 33 58 30) (1 54 19) 21 (45 11) (40 2 16) (34 56) (62 3) 64 (41 48) (9 51 22 25 18 31) 17
37: 15 (30 25) 64 (57 67) (28 29 16) (56 34 44 69) (1 45 22 14 38 31) (11 32 48) 41 (51 54 63 3 40 17) (42 18)
38: (42 23) (16 60 4 56 51 64 30) (63 44 62 40 29) 67 (17 58) (32 41) (31 27 47) (11 66 22) 1 (25 54 3)
39: 47 (57 56) (2 67) 11 51 25 (18 16 64) 33 (69 54 65 31 41 3) (61 39 1 40) (19 23) 44 (15 42) 27 (21 29) 45 55
40: 58 70 (21 11) (3 30 64 56 14) 62 (25 34) 69 (42 2 44 51 32 26 16 33) 28 (40 54 68 29) 17 (41 18 4) (27 31 23)
41: 24 (48 16 17) (21 70 23) (64 45 35) (22 13 38 1) 68 25 (57 56 10) (2 41 19 43) (3 69 6) 27 (51 67) (31 40 15) (11 29 32 30 44 18 54) 53
42: (21 17 39 45) 31 (41 32) 64 (67 22) 48 13 15 19 51 (57 29) (40 34) 25 11 (33 44 70) (23 68) 56 (1 3 16) 60 (69 35) 54
43: (48 63 29) 3 (57 13) (51 32) (8 41) (31 55 33 30 70) 54 (15 10 20) 22 18 (17 69 50 67) (34 25) (11 60 45 56) 28 (64 16) 4
44: 22 (64 40) (34 41) 70 (11 1) (2 47 56) 51 (24 58 38 63) 44 54 42 30 (19 14) 25 (3 17 39) (26 49) (50 13 35 18) 21 (33 15 46) 48 67
45: (25 17 34) 69 58 (54 48 70) (30 13) 64 14 (44 49 29 56) (26 16 15 24 11 20) (27 18 22 50 1 32) 35 (51 28) (57 67 43 4 65 41 40) (66 39) 33
46: (18 42 37 54 45 15 51 22) 60 (23 17 11) (67 1 64) 25 (70 20 56) 33 (46 35) (13 24 68 3 47) 58 30 (29 32 16 34 44) 31 10 (65 40) 61 48
47: (44 56 16 51 32) (61 49) (55 57 27) (23 58) (30 68 21) 54 (34 46) (67 31) (15 63 70) (8 17 42 64 41 60) (11 4 25 69) 33 (37 2)
48: (30 42 48 17) 10 (54 63 32 25) 21 (33 16) (13 70 56) 69 (44 11 62) (61 31 1) (51 15) (3 14 28 40 22 18) 39 (49 35 29 67 41 23)
49: (35 17) (58 13 25) (45 31) (16 15) 40 56 (33 29 34 43 32) (41 11) (2 67 19) 51 (54 44) 64 70 3 (42 48) 47
50: (48 41 56 44 20) 39 (51 40 69 30 32 65) (53 1 67) 35 (10 11 15 54) (17 61) (68 2 64 24) (34 42) 70 23 18 (16 49) 31
51: 25 (19 1) 10 (70 9) 22 24 (18 41 68 45) (16 50 11 42) 28 61 62 (66 27 64 29) (51 17) (34 4 57 32) (33 58) (54 56)
52: 51 (19 42) (61 3 17 15) (23 33) (25 64) 50 (16 47) 63 20 (66 67 32 44) (54 11 37 65 29 22) 45
53: (23 22) (68 69) 13 (44 34) (51 18 16 50 25 30 70 1 17 24 32) 42 54 31 (33 48 49) (63 29) 56 (27 43) 66
54: 32 (21 69) 37 38 (45 28) (54 14 30) (70 67) 33 (49 2 17 1 56) (19 18) (64 25) 44 (23 40 57) (58 34 51 22) 43 39 (13 11 48)
55: (26 33 47 44 54 34) (20 43 41 48 22) (16 27) (12 32) 49 (13 61 55) (31 2) (25 15) (50 18) (39 30) (70 51 17 3) 63 29
56: (51 22 35 17) (18 10 68 32 23) (67 29) 3 30 (58 31) (25 16 56) 39 (33 6) 61 11 (54 69) (41 2) 34 (42 1 13) (24 40)
57: 12 17 34 (22 40) 56 39 28 (24 50) 42 41 (48 35 54 51 11 13 33 23) 30 (62 64 43 25 3 67) (15 44) (18 61 16) (57 66 19) 1 2
58: (63 24) 27 15 (51 33 66 54 4 16) (35 32 67 31 61 44 18) 29 (64 17) 11 37 (30 47 48 69 40) 1 25 13 (56 3 19) 23
59: 18 29 23 (42 43 15 41 56 62 50) 54 (11 69) (40 64 3 1 16 25) (37 34) (68 4 49) 32 (44 57) (67 30 33 13) (17 21 22 48)
60: 49 19 (17 42 11 56 63 40) 1 44 28 (35 62 65 24) 64 (39 57 15) (67 25 38) (4 29 27) 47 (3 32 51 33 54 34) (31 13) 23 (16 18 41)
61: (64 16) 32 (61 23 37 19) 26 (15 51 54) 62 (40 25) (22 35) 63 (33 17 34) (66 10 56 70 44) (14 39) 59 41 (30 8 4) (9 3 69) 11
62: (4 41 17 38 8 43 31) 32 (3 61 44 34 16) (70 11 2) (48 67 30 68 15 54 42 27 1 47) (65 64 21 29 18 40 35) 56 51 22
63: 56 (13 19 25 10 4 54 17 39 24) (44 45) (43 3) (29 51) (33 27) (42 32 48 66 20) 34 (58 22 23) 40 18 (11 35 2) (64 28 67 69 16 47)
64: 15 (6 54 39 25) (36 19) (22 41 51 67) (63 56 14 69 44 16) (61 24) (11 3 29) (34 33 5) (35 4 70 64) 30
65: (42 49) (6 34 24 1 17 60) 32 (2 45 50 13 35) (21 67) (30 29) 54 33 18 (68 51) (16 56 25) 41 12 48 44 (22 31 28) (61 11) 15 40
66: 4 (55 31 9 33 34 47 40 28 51 48 29 11 67) (27 42 54 17) 32 (6 20 22) (2 64 35 25 21) 23 (56 8) (18 19) 62 16 (13 70) 44 3 61
67: (47 44) (69 21 51 22) (15 54) 45 60 (41 62) 42 (18 16 68) (31 25 3) 24 (20 6) (33 70 30 64) (29 61) 27 (17 56)
68: 58 31 (33 16) 11 (44 4) 28 (23 29 34) 41 (64 39) 9 (15 67) 32 (25 22 54 2 18 70 63 24) (3 51)
69: 16 29 24 (22 41 33 12) (51 27 44 40) (54 56 23) (67 64 68 70) (18 13 17) (19 43 42) 15 25 34 (11 38 1) (20 66 45 48) (32 63)
70: (44 43) (34 29 16 13) (3 58 40) 31 (25 69 24 5) (17 70 22 67) 63 (51 50 11) 56 18 (15 2) (1 66 54 33 55)
