20 20
1: 8 (4 5) (17 9)
2: (15 8) 19 (4 12 18) (2 9) 14 16 6 (20 3 10 5) 11 (1 13)
3: (10 4) 5 11 (18 15)
4: 12 (1 9) (19 15) (20 4 8)
5: 14 12 15 (3 5 13)
6: 19 (14 9 2) (8 7) (20 18 15) 6 4 11 (5 16) 17 (12 13) 10
7: 11
8: (13 10 3) (1 17) (5 12 2) (14 4) (18 7) (16 19)
9: (8 19) (12 18) (20 9) (7 13) (6 2) (17 15 11) 16 3 4 10 14
10: 20 18 (12 8 10 7) 4
11: (14 4) 15 (10 9)
12: (20 12 11 10 1) (2 14 3 4) (9 18) (6 13) 7 5 19
13: 2 (5 12)
14: (10 1) 13
15: (14 11 15)
16: (7 20 4 16 11 17 5) 15 1 (6 14) 2 13 (19 12) (18 9)
17: (7 18 2 13 10 6 8 20)
18: (18 12 7) 5 (19 20) (2 4 16 11)
19: (9 20) (4 5 11 13 6) 19 12 (3 7 17) 8 (2 16)
20: 19 13 20 (7 18) (16 1)
1: 12 (8 14 4) 2 (16 20)
2: (8 19 13) 9 12 (18 16 2) 6 17
3: (12 2) (8 5 19) 9
4: 1 (6 4 2) (8 3 18) 19 (9 16 11 12) 10
5: 18 (3 13) (19 12) (5 8 16 2 6 1)
6: 12 6 (19 16) (2 9 17)
7: (17 16 19 6 8 20 12 10) (9 18)
8: (2 4) 17 6 (9 1 19 10)
9: (19 12 16) (6 4 9) (11 1 2)
10: (8 14) (3 2 6) 10 (9 11 17 12)
11: 19 12 3 16 (7 9) (6 18 2 15)
12: (8 16) 10 12 (9 18 6) (4 13 5) (19 2)
13: (14 12 2 17) 6 (19 5 16) (8 9) 20
14: 12 15 2 11 (9 6) (16 5 8)
15: 9 (15 6 2 5 4 3 11 16)
16: (2 20 6) (16 18) 8 19 9
17: 8 (9 1 16 6) 19
18: 16 (2 8 9 20) 6 (12 18 3) 17 10
19: (8 9) (18 20 2 19) (12 6 16 4)
20: (2 19) 16 (9 18) (4 17) 10 6 12 20
