20 20
1: 20
2: 17 (6 7) (13 9 10 20) (18 12 19) 16 5 4 14
3: 13 7 15 2 (18 11 16) 8 3 20 19
4: (13 9 1) (3 12) 4 20 2 5 (14 17) 16 (10 8 6)
5: (11 9) (4 3 1 19) 5
6: 16 3 (6 11 5 7 20 17 1 10 8 18) (19 9)
7: (2 16 19 15) 13 (17 11 8 12) 10 (3 20 4 14) (18 9)
8: 18 (1 14 16 4 8) (5 2) 9 6 (15 19 11 17) 10 (7 12) 13
9: (17 3 6 4) (9 1 10 8 12) (7 2)
10: (4 15 7)
11: 16
12: (13 8 9 5) 16 10 (14 11 6)
13: 1 (16 6) (5 7 4 8 12 17) (2 10 14) 18
14: (5 15 20 12 2 7) (8 14 10)
15: 2 17 11 9 (18 15 14 13 7) (6 5 1 10) 8 20 12 3
16: (2 3 14) (7 20 12) (19 16 15 4) 5 1 10 (6 13) 17
17: 20 (3 12 1) (10 2)
18: (6 13 5 14)
19: 2 (7 16) (9 6) (20 3 11 19 15 18) 4 13 1 (5 10) 8 14
20: 16 19 (6 10 12) (17 13) 1 (8 15 2) 20 (7 18) 9
1: (8 19 4) (20 6) (9 5 13 16 15 17)
2: (3 16 7) 19 17 (14 4 8 13 15) (20 9)
3: 3 19 (7 15 6 5 17 4) 16 9
4: 8 (10 16 5 7 19) 13 (9 2) 4
5: 2 8 (13 15 4) (6 14) (19 16) (12 5 18)
6: (9 2 4 13) (8 18 12) (19 6 15 16 20)
7: (15 13 20) (10 2 14 8) 19 (9 16 6 3)
8: 12 (8 13 6 9 7 14 4 19) 3 (15 20)
9: (7 2 9 15 8 20 19 12) 5 4 6
10: (9 17 7 12) 16 2 19 15 (6 8) 4 (13 20 14)
11: (8 6) (15 3) (7 5 19 12)
12: 2 (15 4 17 8) (7 9) (20 16 14) 13
13: (4 8) 12 (19 15 2) (16 7) 18 20 3
14: 13 (7 18 16) (2 12) 4 (19 14) (8 15)
15: 8 (19 20) (3 10) (7 14 16 15)
16: (6 16 11 7 12 4) (19 3) (20 8 2 13)
17: 16 (7 13) 4 (2 15 8 9 20 6)
18: 15 (19 13) (20 7 3 6 2) 8
19: (7 5 3 19 2 16) (6 20) 8
20: 3 (6 17 2) (4 1) (20 19 16) 7 15 14
