20 20
1: 18
2: 12 (16 1) 18 (7 15)
3: (6 15) (10 13 19) 20 (3 5 1 8 14)
4: 13 (4 17) (8 12) 11 (3 19) 7 1 20 15 5
5: (15 12) 14 (18 9 7) (19 5 20) 3 (16 11) 1
6: 16 (14 20) 2 3 5 (17 4) (13 12) 19 (18 7) 11 9
7: 9 10 (4 12) 2 (8 16 3) (19 11 13 17) 14
8: 12 14 18 (5 9) 2 17 13 4
9: (16 5 6 4 13) 20 (9 1) 17 7 (10 2 19)
10: 1 12 (7 4 8) (16 6) 2 17 14 (11 5 15) (3 18) 20 13 10
11: 7 12 (5 4 2) (9 14)
12: (13 10) (20 3) (12 11)
13: 12 13 (11 8 5 10 19)
14: 12 (16 1) (6 17 2) (10 15 13 19 11) 3 8 (18 5 20 7)
15: (2 3)
16: (17 6) (7 1) 10 3 9 (11 18) 14 4 (8 2 20 12)
17: (5 13 15 17 16)
18: 6 (18 19) (7 13) 4 15 14
19: 16 20 (13 12 7 14 15 6) (19 18) 1
20: (12 16 7) 2 9 (13 8) (4 10) (17 3 1) (20 18 14) 11
1: 3 (9 5) (14 10) (4 2 19) 20 16
2: (16 10) 6 20 11 8 (15 7 14) 9
3: 10 (14 7 20 15) (4 6) 3 (5 12 16)
4: (6 7) (8 4) (20 11) (9 16 10 18)
5: (13 9 10 14 5) 17 4 (11 6 8 3)
6: (18 16) (10 14 19 3) 9
7: 19 (4 18 6 10) (16 2 9 5 14 11 20)
8: 4 (20 14 10) 7 16 13 3
9: (9 8) (11 5) 6 7 (16 20)
10: (16 12 7 9) (14 20) (3 13 10)
11: (12 7 6 20 14 13 16) 5 (10 4)
12: (6 4) 20 (2 12 10) (14 8) (13 19) (11 16 5) 7
13: (6 7) 12 (8 9 14 10) (20 4 13 19 17 3) 18
14: (11 10) (18 6) 8 (19 5 20 3 16) 7
15: 19 (18 2 17 14) (5 4) 10 3
16: (19 6 7 9 20 2 10) (5 17 14)
17: (14 16 8 6 7) 4 9 20 10 17
18: 10 (20 6 19) 1 18 (2 8 14 16 5)
19: (14 6 5 3 4) (13 9 7 19 18)
20: 3 6 (4 20 5 10) 19 (12 14) 16 9
