20 20
1: 1 (15 6) 12 14 18 (20 19) (8 2 9)
2: 16 (18 8 1 10 3 9) (14 12) (7 17)
3: 1 (3 9)
4: 20 (12 9) (3 8)
5: (15 12) (4 20) (14 8 6) 13 (1 16) 2 (10 5)
6: (11 1) (20 9 15 3) (18 4) (10 17 6) 5 (16 14 12 2)
7: (3 16 20) (8 19) (4 2 15) (10 11) (13 5) (7 6) 1 17
8: 2 8 17 9 13 (10 20) (3 18) (12 5 19 1 7) 16
9: 20 16 (8 4 15) (18 3 14) 12 (13 17 9 7) (19 10) 1
10: (6 8) (15 18) (20 17) 1 9 19 (13 7 5 4 16)
11: 17
12: 4 10 (19 7 12 8 1 14 16 6 18) (17 5 20 3)
13: 14
14: (2 4 3 8) 11 17 (6 15) 18 (19 16) (20 1) (7 13 12) 14 5 (9 10)
15: 2 (1 14 6)
16: 7 (14 10 18 12) 13 6 1 11 4 17 8
17: 18 (19 4) (16 14 2 9 20 3 1 6) 13 (15 12) 10 17 8 5 11 7
18: (14 2 4 19) (16 8 10 7 15 18 1 17 20) (3 11 6 12)
19: (17 5) 9 14 (10 12 8 7) (3 4)
20: (4 5) (6 1) (7 11)
1: 9 (17 8 10 6 20) (14 3 7) 1 12 (16 15 5 2) 18
2: (14 17 18 1 5 7) (15 6 8)
3: 6 12 (17 2 19) (9 18) 14 8 (7 4) 3
4: (9 12 20) 7 (14 6 19) (5 10 17) 18 16
5: (12 5) 17 (19 7) (14 6 20 8 10)
6: (7 16) 18 (10 14) 17 20 (5 12) (1 6 15)
7: (9 12 19) 2 (14 18 10 20) (17 7) (8 16)
8: (19 1 18 2) (4 14 16 8 9) (7 5 10) 12 17
9: (19 6) 17 (4 8) 2 (3 9 1 14) 10
10: 8 17 12 19 16 5 18 7 (9 2 6 14)
11: 20 (16 18) (14 17 7) 6
12: (14 12 1 5) (9 6 4 18) (17 2) (19 16) 8
13: (16 17) (8 7 5 9) (10 14)
14: 14 (16 9 15) 18 (13 19) 12 (17 6) (2 5 1)
15: (14 5 6) (1 7) (18 9) (10 17)
16: 2 (6 10 14 9) (5 17 18 7 8 12)
17: 12 (8 11 9 10 16 7 14 17 18 19) 6 2
18: (1 17 12) 9 (2 8) (16 10 18) (6 14)
19: (14 12) 1 8 (18 9 10 7 17)
20: 8 (17 12 18) (1 7 10 4) (14 5 9) 6
