20 20
1: (7 12 8 2) (3 13) (15 19 10 20) (9 5)
2: 18 11 (6 12) (7 10 3) 9 (17 19 1 2 5) (15 4 14 13) 8
3: (3 17 7 6)
4: (6 2) (7 15 8) 17 18 14
5: 1 6 (5 4) (7 15 9 8 18)
6: 3 (5 11)
7: (1 2 17 3 20) (13 9 6 4 5 14) (19 15)
8: 11 (19 12 9 13 14 1 20) (15 6) (8 5)
9: 19 (4 9) (10 1 18) 2 14 6 (16 7 13) 11 (15 20) 17 12 8
10: 15 (7 17 10 1)
11: (3 15) 11 (18 10 13)
12: (13 2 4 18 3) (11 6) (10 17 12 16) (7 14) (5 15) (9 8) (19 20)
13: 11 8
14: (7 12 3 14 1) 18
15: 11 (18 20 19 17) 7 14 (2 5 3 13 16 4 9) (8 6) 12 10
16: (9 6) 5 18
17: 1
18: 20 5 (8 16) (19 4)
19: (18 12 10) (5 19 13 14 1 9 3 20 17) (15 7 8 11)
20: (20 5) (19 4) 3
1: (17 8 7 9) 10 (5 19) (2 14)
2: (15 7 4) 9 (12 2 1)
3: (7 3) (1 12 2 14 6) (19 11 15 20)
4: (5 2 7 18) (9 20 15 12)
5: (20 8 19 15 1) (6 5 12 18) (7 16 2)
6: (12 16 2 8 5 3 4 15) (7 9)
7: (19 15 9 4 3 14 2) (12 5 1) 10
8: (12 5 1 8 4) (9 2 19 13 15 18)
9: (8 7) 9 (15 5) (19 16 1) (12 2)
10: (10 15) 12 11 19 9 (2 1)
11: 6 11 (13 2) (19 9) 12 (15 8)
12: (14 15) 8 (1 2 19) 12 9
13: (15 9 2) (19 7 8 11 12 1)
14: (8 15) (19 9 2 4 14 7) 12
15: (4 10 1 2 12 5) (11 19 7) 8 9
16: (9 15 18 12)
17: (15 3 10) (4 19 7 2 9 12)
18: 16 9 19 12 11 (15 4 14 2 5)
19: (7 19 20) 9 15 (12 8 2 18 1)
20: (19 15 18) (12 7 8 1) (20 9)
