20 20
1: (6 8) 14 17 (18 13) 2 9 12 10 (1 4) 16 7 11 20 15 3
2: 2 (15 13 9 17) (1 8) 10 (18 12) 3 (16 14 19 4)
3: (5 8 2 17 15 1) (9 20 10 14) (18 4) (6 19 3) 12 16 13 (11 7)
4: 6 (13 11 7 20) (8 16 1 10)
5: 1 4 17 7 (20 14 6) 11 10 3 13 (5 12) (2 16 9 19)
6: (17 14)
7: 14 2
8: (6 3 14 11 2 13 5)
9: (15 1 6) (13 2 17) (11 9) (18 8) 4 (14 3 16 12)
10: (14 12 8 6 19) (15 13 5) (16 2 7 18) 11 (3 9 20) (17 4)
11: (19 9) 15 11 (7 14) 20 3 (1 12) (6 10) (5 18 17 16)
12: (20 13 16 17 11) 5
13: (8 2) (18 11 9 17 13)
14: (10 3 5 9) (13 2 1) (16 20 12 11 8 19) 6 (7 18 4) 17 (14 15)
15: (5 2) (7 12 19) 6 14 18 1 (11 4 15 20 9 8) (16 3) (17 13)
16: 1 (12 20 11 19) 5 14 (9 10 16)
17: 1 (19 16 6)
18: (12 15 20 5 3 13) 11 (19 8 2 6) 1
19: 9 (8 18) (11 12 17 7 14 19 5 10) (1 6) (15 3 16)
20: 13 (8 11 5) (4 10) 16 (18 19) (15 3)
1: 15 4 5 (16 2) (11 1) 18 (9 3 17 19 14)
2: (15 5) (2 13) (7 1) 8 10 (9 14) 18 3
3: (9 1 18 15 20 19) (2 8) 11 (3 10) (5 14)
4: (5 1) (9 20 3) (14 10 15 2)
5: (10 19) 14 18 15 (12 16 20) (8 3) (11 5)
6: (3 8 19 18 9 11 5 14) (17 1) (15 4 10)
7: (10 15 4 5 11) 14 (3 19 1)
8: 14 20 4 (13 1) (9 3) (10 2 19) (15 18)
9: (1 9) 14 (15 11 13 19 5 10) (3 16) 2
10: 5 4 11 (1 3 14) (2 19 16 20)
11: 11 (20 16) (1 10) (19 8) (9 13) 15 (3 14 4) (18 5) 12
12: (3 19 9) (14 10) (5 2) (1 16 11) (15 18)
13: 15 (4 18 12 13 8 9 1) 5 (2 20 10 3) 14
14: (19 9) (5 2) (7 8) (6 15) (3 16 14 11) (10 1)
15: (3 10 1) (15 19 14 9 18 20 11 2)
16: 3 (15 14 17) (5 19 1) (2 10 4 16) 11 20 (12 9)
17: 6 (3 14) 5 (13 15 10 12 19) 2 (11 1) 9
18: (14 10) (11 3 2 9) (1 15 19 13 20)
19: 18 3 (17 14 15) (10 20 11) (19 16 5) 2
20: (5 10 18 11 1) (3 12 4) 14 (16 15)
