20 20
1: (17 16) 4 12
2: (17 12 6) 20 10 11 (2 13) 4 (16 18 1 3 8)
3: (12 19) 17 (5 1) (10 9)
4: (1 4 7) (19 18 10 20 3) 8 (13 2) 16 (11 12 14) 5 (15 9) 17 6
5: (7 14) 19 9 (6 12 1)
6: (11 6)
7: (12 18 5 14 1 11 6 9 15) (19 10) 3
8: (2 18 17) (13 14) (9 20 8 4) (15 5) (1 6 16 19 7 10) 12 3
9: (20 13 9 1 12)
10: (14 11) (16 4) (7 3 18 9 2 8)
11: (6 9 12) 20 1 (4 3) (19 15 7 18)
12: (20 2 17 19 5 18)
13: (19 6 16 7) 1 (15 9 10) (17 18 8) (3 13 12 20)
14: (18 7 2 14 13 16 4 8 9) 1 (6 17) 5 (19 20 11 3)
15: 2 (18 1 15 8) (12 14) (6 9)
16: 18 3 (20 10 11 6 8 1) (13 5 17 15 9) (12 19 2)
17: (14 4 8 11 17 16)
18: 1 14 6 3
19: 15
20: (14 20)
1: (7 2 9 3 8) (14 5 4 16 13 18 11) 15
2: (8 15) 4 2 14 (10 12 16)
3: (10 7) 16 2 (8 11) 14 4 13 18
4: 11 1 (14 8 17) 2 10 4
5: (8 16 12) (3 7) (4 14)
6: (4 13 16 6) 5 8 15 11 (2 7 18 14)
7: (11 14 10) 8 (4 13 5)
8: (16 13 4) 17 15 (2 14 8) 10
9: 7 (9 11) 14 (15 10 3) (5 8) (13 4) 16
10: 8 (16 13) 3 (7 2 4)
11: (16 4 17 7 14) 10 (2 6)
12: (11 13) (3 7 9) 16 (1 4 2) (8 5 15)
13: 9 (2 14 13 4 8) 16
14: (8 17 5 20 18 15) (4 7) (14 10)
15: (11 13) (4 19) (7 16) (15 8)
16: (14 4 10) 17 (1 13 8 2)
17: (2 17 1) 14 (4 12 8 3 13 16)
18: 15 (8 16) 4 12 10 14 2 11 (13 7)
19: (5 7) 3 12 (14 16) (4 8 11) 13
20: (4 20 14 9) 2 (11 8) 12 (13 16)
