20 20
1: (16 7 2 9 19) (15 4) (1 11 20 5 10) 3 12 18 (13 6 14 17)
2: (5 18)
3: 6 14 (16 12) 11 (13 10) (15 5 18 9) 19 4
4: (9 7 6 2 10 20) (13 3 18 11 4) 15 (17 5) 1 19 (16 8 14)
5: (8 18 10) 5 (12 7) (3 2) 20 13
6: 2 20 12 15 18 19 (1 14 11 5 3 10 13) (9 8)
7: (10 19 16 2 5 9) (15 7) 1 (12 11)
8: 19 7 (5 20)
9: 3 (7 6 10 1 14 19 11 17 9) 16 (8 18 4 15 2 12 20)
10: (19 17 8 14 6 11 7) 16 (12 20) 3
11: (2 12 11) 1 (7 4 13 18 10) 15
12: (14 15) (20 5 16 9 6 17 3) (7 11) 19 (2 12 4 1 10)
13: 13 2
14: (4 8) (9 14 5 7 6) (12 16) 17 (19 15 1)
15: (2 4) 13 (15 1 10 9) 7 (14 3 19 20 17 12 5) 16 18
16: (18 19) 4
17: (15 1 13 20) (7 14 11 12 17) (3 8)
18: (1 20) (3 11 12 10) 8 (7 15 6)
19: 14 12 18
20: (18 7 4) (3 10) (15 9 1 6 2) (13 16) 14 11 17 12
1: 15 18 (11 14 9 17 6) 12 (7 20 4 1)
2: 12 (7 15 1 11) (13 4) 20 6 9 5
3: (15 20 12) (10 9) (1 18 17 5 4 6)
4: (16 20 15 12 9) (4 3 14 11 1)
5: 15 1 (6 12 3 4 8 2) (7 14 5)
6: (4 1) (18 10 14 3 9 12 20)
7: (18 11) 9 12 (5 17) (15 1) (4 20) (14 7) 10 8
8: (17 10) (18 6) 9 4 (14 5)
9: (6 4 9 3) (14 7) (12 1 20) 15
10: (12 11 7 3 20) (18 15 4 9) 6 (5 1)
11: (7 4 18) 6 20 (11 1) (12 17 3 10) 9
12: (17 15) 7 (12 1 11 5 10 9 3) 18 (6 20 14) 19
13: 4 5 13 (1 15 20 6 17 11) 3
14: (3 15 14 4 1 12 10 17 6) 9 (19 20)
15: (11 17 7) (14 15) (6 18) (1 20 12) (4 3 9)
16: 20 (9 4 7 12 10 15) (3 1) 14
17: 1 14 (10 12 20) (4 17 15 9)
18: (5 6 9) (3 19 15 1 2) (11 4 20 16)
19: 16 3 (4 1) (12 15 6) 9 (10 14 7 8)
20: (4 17 10 18) (6 9 12 8 1 15 5)
