20 20
1: 6
2: 7 (9 4 20) 3 (2 18 1) (8 12 13 16) (14 6 11 5 10) (15 17)
3: 3
4: (2 10 11 7 18 1 3) 12
5: 4 (14 7 3 15) 19 8 16
6: 18 2 (14 5 12 1) 6
7: (3 18) (13 10 6) (19 4 12 14)
8: (4 6 19 9) (20 17) 12 (10 3) (16 5)
9: (5 16 18 12)
10: (19 12 3) 18 (17 6 20 8 11 10) 5 (16 14)
11: 9 (2 10 14) (6 13) (5 1 17 11 18) (20 7)
12: (1 13 12 19) 17
13: 19 (3 10 13) 5 (6 9) (15 14 1) 2
14: 14
15: 19 5 3 (8 1)
16: (18 16 3)
17: (4 18) 7 (2 3 16)
18: (10 8 5) 1 3
19: 5
20: (10 15 4 12) (2 8) (19 13 3) (16 7 5 1 11 6)
1: 4 (13 18 2) (15 12) (20 6 11)
2: (4 13 11) 6 (20 17 2)
3: (3 13) (7 16 15 2 18 8) 20 (4 17 10 5)
4: (7 20) 2 17 (5 8)
5: (18 8 2 10 9) 11 (13 15 19) 20 6
6: (7 11) (6 10 13 20) (8 2 1)
7: (2 17) (4 20 11) 5
8: 5 2 (20 15 10) 18
9: (8 2 11 13)
10: (18 7) (20 4 11 2 13) 10 8
11: (10 4 11 20) 2
12: (2 10 6) (9 8) (4 20 12 7)
13: 20 2 13 11 (12 7)
14: 11 13 5 6 (2 14) (7 10)
15: 2 (20 13 5)
16: (8 9) (2 16 5) (20 17) 10
17: 2 (11 8) (12 10)
18: (9 17 7 6 4 10) (2 16) 11
19: (5 7) (12 20 8) (13 10) 15
20: 10 8 11 2
