20 20
1: 8 (14 17 7 11 9 19 18 3 6 12 5 15) (4 2 13 16)
2: (1 3 5 14) (15 10) (2 12 9) (18 20 11 13 19)
3: 16 (17 19) 2 (5 3 15) (7 8 13) (9 12 10 11)
4: (15 3 19) 18 (8 11 16 20) 17 12
5: 14 (5 4) 11 17 (7 18)
6: 4 (2 1) (20 18 10 17) 14 16 9 15 (11 13) (8 6)
7: 8 (11 14) (1 5) 6 (20 16) 19 (12 18 13 7) (2 15) 3 4
8: (5 19 1)
9: (10 3 8 18) 16 (20 19 6) 7 (2 1) (12 11)
10: 13 (7 9 2 17 12 6 10 1) 16 4 15 18 (19 20) 8
11: 16
12: 4 5 (15 13 16) 1 (8 19 3) 18 12 17
13: (7 9) (20 3) (16 2) (10 11 18)
14: (4 7) 17
15: (9 6 4 5) (12 10 20 13 2)
16: (4 7 3 20) 16 (18 9 1 5 8 14) 15 (17 10) (13 19)
17: (6 3 4 10) 13 (7 1)
18: 1 10 (17 11)
19: (1 8) 4
20: 5 (10 15 17)
1: (7 18 19 8 12) 9 (2 6 16 10 17)
2: 13 3 10 2 6 9 7 (1 15)
3: (17 7 9 16 4 13 1 2) (3 12)
4: 6 (15 1) (12 17 14 16) (5 7 19) 10
5: (8 7 16) 1 (3 15 5) (2 20) 12
6: (15 9) 1 (10 17 7 6)
7: (3 17 5) 16 9 1 14 (7 13 10)
8: 7 (6 1 4 12 3 10 19 16 9)
9: (15 10 16 6) 2 13 3 1
10: 15 3 17 (18 20) (10 6) 13 (2 9 16)
11: (1 2 3) 7 13 6 (5 9 4 18)
12: (15 2 7) (12 3) 9 1 10 4
13: (10 12 15 16) 3 (1 7 2 17 6)
14: (16 1 7 2 5 6)
15: (20 4) 3 10 (1 16) (6 12) (7 2)
16: (16 3 7) (11 9) (4 6 10 1 13) 12
17: 16 (10 4 14 6 3 1) (20 18 12 5)
18: 12 (4 7) (1 16 2) 5 13 (10 6) 9
19: 1 (12 4) (3 2 9 7 10 8) 16
20: 6 9 13 (7 10 4 2 15 16)
