20 20
1: (12 10) 9 20 16 (5 19 1 6 17) (11 18)
2: 7 (2 11) 1 15 14
3: 11 2
4: 3 7 10 12 (18 15 1) (5 2) (8 9 13) (11 14) 17
5: 8 (20 4)
6: (6 7 11 10 13 16 2) 9 5 (4 12)
7: (20 8 10 12) (4 7) (17 19) 9 (16 3 13) 18 1
8: 9 7 (1 16) 19 (15 18) 17 (2 13) (3 4) 20 (6 10 8) 5 (11 12 14)
9: 2 11 (1 16) 12 (3 14 9) (15 10 8) 7
10: 3 (7 18 17 6 11) 20 (19 9 14)
11: 3 (4 7) (6 9) (20 5 17) 11 12 (19 18) (1 13) (16 8 10 15 14 2)
12: 12 10 (19 4) 11 (2 20 6 17) 16 3 8
13: 11 (3 10 19 1 12 4 20) (17 2 5)
14: 19 12 8 (6 4) (14 20) 15 (3 10 2)
15: (19 12 11 5 4 8 15 10 17 6) 13
16: (8 13 1 7) 5 16 12 (20 18 2 3) 11 9 (15 10 17 4 14) 6 19
17: 11 14 3 (9 13 6) (12 17 15 8) (5 18 2) 4 (16 19) (10 1) 20
18: (2 14 1 5 6 7 10 18) 12 8 15 (17 19 20) 13
19: 9 19 (3 6 10) 1 (4 8 18 15) 2
20: 7 9 (4 11) 5 3 (20 12 6 14) 2 (19 18 17 16 10 13 1 8)
1: (16 4 2 19) 20 9 13 (8 1) 18 17 11 7
2: (2 3 20 12) 11 (13 8) (19 4 18 6 17 9 16 14)
3: (7 17) (9 20 16 12) (11 14 19 10) 8 (4 13)
4: 5 (13 7) (15 8 19) (12 17 6 11 16 20) 14
5: (17 20) 8 (18 15 11 6 16) 1 (13 4)
6: 6 19 (1 15) 14 8 12 11 10 (16 18) 20 17
7: (9 6) (18 20 16 7) (8 4) 2 (11 10)
8: 14 (4 7) (15 16) 8 9 18 (20 5 17) (12 19 11)
9: (4 1 19 7) (9 20 17) (8 11 16 6 10)
10: (16 8 11) (7 19 15) (17 9 13 14) 4 (18 1 20) 6 12
11: (6 15) 11 (1 2) (3 8 20) 13 (10 16 4) (12 17 9)
12: (18 4 1 14 15 13) 17 (9 16) 11 (6 7) 20 8 12
13: 11 (7 20 4 17) (15 8) 6 18 16
14: (4 20) (10 16) 8 9 (11 17 14 2 18)
15: (9 16 15) 4 (14 19 18) (17 8) (2 11)
16: (11 1) 12 (20 16 6 9 8) 7 17
17: 15 20 (4 12 10) (7 1 18) (17 8 13) (11 16)
18: 7 18 (20 10) (16 1 8 4) (11 17 19)
19: (13 12 20) (7 17) (15 10) 19 (8 11) (16 18 1 14)
20: (1 8) (12 18) (14 10) 7 (13 11) 17 5 16 20
