20 20
1: 20 (6 12 10 9 8 18 19) (5 15 11 7 13)
2: (12 19 1) (17 16 2) 18 (6 9)
3: (11 18) 17 (4 2 5) (6 14) 3 1 (16 7) 20 10 8 (12 9)
4: (8 18) (12 9 15)
5: (17 5) (7 1) (18 20 19) (2 11 16)
6: (16 1)
7: (11 9) (12 8 10) (19 13 3 2 15 7) (17 18) (20 16) 1 4 6
8: 13 (16 9) 12 (4 1 2 11 17 18 15)
9: 13 (5 14) (6 16) (12 17 15 2 1 11 8 9 19 4 7) 20
10: (7 4 9 13 11 5) (10 18) 19
11: (10 4) (2 20 12) 8
12: 1 (5 6) 15 14 (9 2 10) (11 4 20) (13 17 16 7) (3 19 12) (18 8)
13: (2 20) 5 8 18 19 17 14 (13 4) (12 7 1 10 16 9 3) (15 11) 6
14: (19 13 20) (10 14) (7 17 3) 16 8 (4 15) 12
15: (2 14) (9 19 11 18) 1 3 (7 17 6) (10 5 8 12) 4 (20 15) (13 16)
16: 9 (2 1) (5 19 10 16 6 15 8 13 7 20) 11 14
17: 16 15 4 (13 10 5 17 1) 12 11 19 2
18: (15 11 19) (14 13 18) 5 6
19: 11 (12 18) (5 7 3) (8 2) 6 (15 1) (16 17) (9 19) (14 10 20) 4
20: (18 15 7)
1: 6 (8 9 5 12) 19 2 3 16 7 13 17 15
2: (11 9) (12 15) (5 7) 19 16 2 3 (8 17 13)
3: (12 15) (7 14 19 13 3)
4: (19 3 17) (15 9 10) 8 11 (14 12 13) 7
5: 16 (5 18) (9 19 3 12 17) 1 10 15 13
6: 18 9 (16 2 15 12 1 3) 13 (19 7)
7: 9 10 (7 1) (15 16 14 20 19) (13 5) (3 12)
8: (1 7 12 4) (9 16) (3 13 11 14) 15 19
9: 7 (8 9 19 2 10 16) (4 13 12) (1 15 3)
10: (1 16 7) 19 (17 3) (10 15) (11 14) 13 12
11: (16 18 9) (17 13 7) 8 (19 15) (5 3 1 10 12)
12: (11 15) (17 13) (7 14 12 9) 4 2 (8 19 3) 1
13: (9 18) 10 (1 7 12) (17 13 14) (15 16) 8
14: (3 12 18 14 9) 19 16 13 15
15: (15 18 4 17 13 16 12 1 19 14) (9 8 20 7)
16: (12 16) (6 7 2 19 5 15 17 3) 9 (8 14) 13
17: (3 2 17) 13 (14 5 15 7 9) (8 19 12)
18: (18 2 12) (3 4) 1 7 (15 19 8) (20 10) 5 13
19: (7 13) (1 15) 2 (18 9) 12 (14 10) (19 17) 16 5
20: 5 11 14 13 (3 19 7) (16 12 9) (15 1)
