20 20
1: 16 (8 18 6 5) 13
2: (20 15 18) (16 9 2) 17 (5 11) 3 (12 14 19)
3: 3 (17 18 13) 11 (7 2) (1 15 20 16 19 6)
4: 10 1 8 17 (13 2) (12 3) 11 (14 9 20) 16 (15 6 7 18 19 5 4)
5: 4 (19 14) 20
6: (10 3 20 4 14 2 17 6) (19 18) (16 5 7) 11 (13 1)
7: 5 (12 16 9)
8: (6 12) (10 5 20 4 3 17 15 11 13 14 18) 1 (19 2) 16
9: (7 20 6) (16 14) 18 (5 10 3 1)
10: (19 3 8 20)
11: (7 14 3 4 9 17) (13 19) (18 1 15 8) (11 20 6)
12: 12
13: 2 (7 10) 16 (19 12)
14: 12
15: (19 5) (13 6 20) 11 9 10 2 (8 14) (18 16) (1 7 15) 4 17
16: (15 20) 19 4 6 8
17: 7 13 (1 3) 14 18 4 11
18: 6 14 16 (13 5 11)
19: (3 4) 11 (10 17 9) 14 (5 20 12 1) (8 18 7 13) (15 2 6)
20: 10 7 14 (9 18) 11 13
1: (9 11) 19 17 4 (15 3) (8 6)
2: 4 15 (13 2 3 8) (19 6)
3: (10 11) 6 (2 8) 4 (19 9) (17 3)
4: 5 19 (4 16 8 6) 15 17 11
5: 2 19 18 9 15 (8 6 7) (4 1)
6: 11 (18 8) 9 (19 1 16 3) (6 4 15)
7: (19 3 17) (11 20) (15 13) 9 (6 4)
8: 19 1 16 (10 4 11) 15
9: (19 11) (4 2 15) (7 20)
10: (8 4) (6 15) 20 19 9 13
11: (8 17) (4 15 6 18) 19 (2 3 20 11)
12: 13 (14 8) (7 19 4 2 12)
13: (11 19) 4 (20 1 15 6 18) 8 (3 17)
14: (19 9) 2 (4 8) 17 (5 18 15 20 11 6)
15: (11 16) (8 4) 3 (19 2) 15
16: (2 18) 8 (6 1 4) 15 13 (3 7) 9
17: (6 4 11 15) (3 8 19 2)
18: (8 1) (11 20) (6 3) (4 9) (17 2) 15 19
19: (16 6 4 5 10 13 15 11 8) (3 2)
20: (16 10 2) (5 19 3) (4 6) 9 8 11 15
