20 20
1: 11 (7 6 16 20) 15 (9 17)
2: (5 12 3)
3: 14 (12 7 17 19 11 2) 16 (18 9)
4: 3 1 (6 4 16)
5: (15 11 13 8 7 17 5) (9 4) (16 19) (10 2) (12 6 20) 18
6: (16 11 5 3 2 17 9) (8 15 19 12) (20 10 1 13) 14
7: (5 11)
8: 9 14 8 10 19 (3 6) 5 16 (1 17) 4 13 15 18 (7 20 12) 11
9: (8 10 20 16 17 12 4 1 13) (6 9 15)
10: 13 (5 18) 2 6 (12 14 15 4 1 19) 11
11: (15 7 1 18)
12: (1 2 7 20 8 4 6) 14 5 (18 10 9 16) (15 3 17 11 13)
13: 15 (19 4)
14: 8 14 (1 4) 17 (5 10 3 15) (2 19) (20 7 12 13 11)
15: (13 11) (5 9) 10 17 12 (4 19 7 16 1 2 15 18 6 3) 8
16: 14 11 12 (20 16 3) (10 7)
17: (11 1)
18: (19 9)
19: 17 (19 15) (5 12 6) 11 (3 4 16 14 8 9 20)
20: (6 17) (9 14 11 16) 7 (10 13 12)
1: 17 (8 4 6) (14 10) (12 11) (9 15)
2: (12 3) (6 14) 15 10 5
3: 15 (8 19) (16 4 12 2) (14 6)
4: 8 12 (19 9) 14 5 (15 10) (4 13)
5: 8 (5 19 14 10 6) 2 7 (12 15)
6: (20 19) (8 5 15 12 1) 10 9 4
7: 15 (1 12) 11 20 (14 5 16 3 8)
8: 14 (6 5 8) 15 9 19 12
9: 9 (18 6 5 12 8 1 3) 15 (20 19)
10: 6 (15 14) (8 9 20) (5 16) 12
11: (14 16) (8 17 12) 10 6 (19 7 15 5) (1 20 3)
12: (9 14) (19 15 20 3 10 16 8 5 6) 2
13: (15 20) (12 9) 14 (6 8 5) 10
14: 3 (19 14) 8 (12 16 10) 20 6
15: (14 19) (11 9 12) (1 10) (13 15 8 6 5)
16: (4 3 9 20) (19 1 12 8 6) (15 16) 5
17: 6 5 8 (3 19 1) (15 9 14 20 12)
18: (8 15 12 10 5) (3 11)
19: 3 8 (5 6) (14 13) (19 18 10 15)
20: 6 16 (9 1 5) 8 (19 12 14)
