20 20
1: 8 6
2: (1 17 10 15 8 19) 14 3 (16 7) 9 (2 6)
3: 18 1 12 15 (19 7 20 9) 6 13 (8 5)
4: 9
5: (4 3) (5 6) 10 (16 18) (19 1) 8 (17 7 2) 11 (12 20) 14
6: (10 7 15) 9
7: 10 (20 16) (14 9)
8: (7 5 18 19) (2 12 13) 3 4 17 6
9: (8 12 14) (3 10 6) 13
10: (19 20 4 8) (13 16 15 6) (7 2) (18 17)
11: (6 2 1) (12 15) (9 5) (13 20)
12: (2 17) 6 3 (1 4)
13: (20 17 12 10 5 9 7) 18
14: (1 18 9 13 10) (20 7 16 17 2) (19 8 3 4 5)
15: 1 (5 11)
16: (5 8) 10 15 (11 13 12 9 17 18)
17: (7 10 8 19) 9 1 13 6 18 (15 14 16 4 17) (12 5 2) (20 11 3)
18: (5 17 10 8 3 1 16 2 14 12 15) 6 (20 13) (11 4 19 18 9 7)
19: (19 8 12 20)
20: (14 15 1 20) (5 13 17) (9 18 10 3) (4 11) 2 (12 19 7 6 16)
1: (11 18) (2 20 3) (12 17 5) (15 14)
2: 20 (10 8) 14 (12 11 2) (18 17 5)
3: 18 9 (12 8 2) (14 17 20 5)
4: 18 12 (8 14) 17 (10 5 20)
5: (18 3) (15 17) (13 8) (11 20) 14 (5 16)
6: (1 2 3 20 10) 8 (11 12 17 9) (5 18)
7: 18 (3 20 6) 14 10 13 (2 17) (8 5)
8: 19 (10 3 9 5 17 2 14 1 16 18)
9: (18 11 7 16 13) (2 6) (3 17) 14 4 20
10: (7 9 6 16 2 17 5 13 20 18 14)
11: (17 15 16) 5 20 18
12: (13 18) (20 17 5 16) 3 19 9 8 11
13: (8 10) (17 18) (16 9 11) 3 (20 14)
14: (2 7 17 5 9 20) 18
15: 10 (17 3 18 16) 11 6 (20 2)
16: 5 (14 18) (17 2) (20 10 7)
17: (20 2 8 18) (5 14) (16 13 17 10 12)
18: 8 (10 3 14 13 18 5 16) 17 20
19: (17 3 20) (8 10 5) (2 19 18 14)
20: 13 (11 19) (3 7) (5 10 17) (18 20 14)
