20 20
1: 1 2 (19 16) 7 15 (11 5) (12 8 3 17 18 20 13) (4 10) (6 9)
2: (8 3 19) 14 2
3: (5 18) (4 15) (16 10 9 13)
4: (4 15)
5: 14 (16 18 9 6 4) (7 15) 19 (5 11) 10 (3 8 17 13) 2 (20 12)
6: 20 12 (1 19) 7 (4 6 14 13) (9 2) 5 (10 17) 16 (18 15 8) 11
7: (15 14 12 16 7 11) (2 18)
8: 15 17 (3 16) (19 6 1) 10 (11 2 8 14) 18 (7 4 12)
9: (2 1) (8 5 4 7 16 14 18 9 19 6) (13 17 10 3) 15
10: 12 9 (5 17 15 14 16 4 2) (3 19 1 7 10 6 18) (13 8)
11: 15 (10 6) (2 19 9 14) 17 (16 7 12) (5 18 1 4)
12: (11 7)
13: 10 (19 11) (1 6) 12 15 3
14: 3 (2 20) 16 (17 4 12 8) (5 1 13) (11 9) (14 19 18) (7 15)
15: (13 10) 2 (5 17 20) 8 6
16: (14 15) 11 (12 3) (4 1) (5 16 13) 18
17: (7 12) (11 19 3) (4 1) (10 17) 9 14 15
18: (17 6) (1 11 3) 12 (20 18 2)
19: 5 (4 15)
20: 19 5 (6 2 12 13) 14 9 20 3 (17 15 8) (10 1 16 7 18)
1: (17 13 11 6) (1 18) (16 9) (20 14 8 10)
2: (9 1 8) 6 18 (20 5) 15 10 (7 2 11) 14
3: (10 17) (13 9 14 5) (18 20 1) 16 (8 2)
4: 17 (11 8 14 3 5 4) 9 19 16 1 (6 10)
5: (11 10) (9 19 14) (6 3 1 20) 15 16 5
6: (5 10) 20 8 (11 9 18) 1 13 15 6
7: 17 (9 10 5 20 11) (12 8 14 6 7 1)
8: (10 8 14 2 20 5) (9 6) (1 15)
9: (10 6 9 20 11) (17 3) (5 14 1)
10: (8 9) (20 5 6) (17 1 3 13 11 15) 10
11: 17 (13 7 1) (18 5) (12 8 16 14) 6
12: 13 (5 18 7) (16 20 10 11 8) (14 17 1 6)
13: 5 (1 3 16 9 14 20 15 10 6)
14: 6 (14 20 11) 7 (16 8 17) 10 5 (9 2)
15: 9 (4 13 7) 14 11 (8 17 10) 19 (20 6) (16 5 3) 1
16: 9 (14 16) (1 7) (5 11) 6 (3 8) 10 20
17: (1 6) (20 5) (9 8) (17 11) 10 15 (18 14)
18: (3 11 20) 9 7 (14 5) (18 10 6) 8 (16 1)
19: 14 1 (9 10 11 8 2 5) 13 (6 20 17)
20: (1 6 5) 15 14 (18 20)
