20 20
1: 13 (18 19 17) 15 (5 3) (9 2)
2: 19
3: 8 6 (15 12 10) 4 13 (1 11) (3 17) 9 (5 18)
4: 15 (1 9) (2 18) (17 13 19) (5 20 4) 11 14
5: (15 10) 19 (18 5 8)
6: 19 (1 7 14 3) 17 (9 18 2 11 4 5)
7: (18 2 16 17) (9 4 3) (19 8) (6 11) 14 (20 13 5) 12 10
8: 12 8 (16 15) (1 19)
9: 17 8 5 (19 11 7 6) 18 2 (3 13 1) 12 (20 15) 9
10: (17 6) (1 11 12 7 10) (14 8 3 4) (9 18) 19 16 13
11: 18 (10 8 1 20 13) 3 14 11
12: (14 5) (9 15) (19 8)
13: (15 19 3 1 6 17 12) (9 8 14 11 10)
14: 17 11 (18 12 2) (15 9) (8 10)
15: (11 3 8) (18 13) (17 10 19) (12 1) (20 7) (4 9) 2
16: (17 6 12 14) (18 4)
17: 17 10 (12 3) (16 8 4 7) 18 (13 1 6 19 9 11) 15 5
18: (19 7 13)
19: (6 12) 7 19
20: (5 11 14)
1: (9 10 15) (8 3 17) 13 (4 6 11)
2: (15 9) 4 (1 14 6 7)
3: (6 11) (1 3) 9 17 (15 7 10) 13
4: 6 (4 7 16) (3 15 17) 10
5: 1 12 3 (9 4) 6 (5 20 7) 17
6: (9 16 3) (10 19 7) 17 13
7: (15 10 17) (9 19 18) 6
8: (9 17 13 8 3 10) 15 12 7 5 (11 14)
9: 6 15 (10 3 14 13) (4 9) 7 12 (17 1)
10: (7 5) 11 (17 13 15) (10 14 3)
11: 4 13 (20 15) 6 14 7 3 (11 9) 10 17
12: 9 (7 17) (15 8 16 19 13 3 14 10)
13: (10 17 4 11 7 15) (18 1 3 9)
14: 6 (11 13 7 4) 10 20 (16 12)
15: (5 12) (8 3 1 14) 4 (9 17 13)
16: 17 (7 10 8)
17: 9 3 (1 14 6 13 10) (15 17 16 4 7)
18: (10 4 7 1) (9 14 17 15 3 11 5 6 16)
19: 6 9 (15 2 7) (17 13) 10 (1 18) 5 8 (12 19 4)
20: (11 9 4) (15 7)
