20 20
1: (2 4 3 17 16 10 19) (12 18 15) (11 20 6)
2: 6
3: (5 9 13 6 18) (8 11) (16 4) (17 14) (20 15) 3 1 7
4: 15
5: (4 9 14) 16
6: 3 19
7: (20 14 4 10 16) 13 (17 8 3)
8: (11 16 10 4) 14
9: (19 10) (12 7 2 9) (15 20 17 6)
10: (16 3) 18
11: 14 (5 8) (6 11) (3 9 18) 7 13 15 10 17 (4 2 1) (19 12 16) 20
12: 6 (18 7) 14 (10 5 9 15 12 3 13 4 16) 11 (8 2) (19 17 20 1)
13: 11 4 (2 12) 15 (6 10) (3 19 17) 8
14: (7 14 2 13) (5 16 1 3 4) (20 19 18) 15 12 10 8 11
15: 7 (19 12) 8 1 13 (10 4 5) (9 6 17)
16: (5 15) (13 17 16 11) 3 (10 12 4 8 18) (20 7 2) 6 9 14
17: (7 18) 10 (6 13 11 16) 15 17 3 20 (2 1)
18: 17 (3 10 8 7)
19: 14 (11 4) 16 8 (6 20 2) (15 10 13 17 3)
20: (16 19) (18 5 13 20 10 9 14 12 7 2) 3 11 8
1: 17 (3 11) 14 (12 15)
2: (13 16) 17 (14 20) 12 (9 1 11 19)
3: 11 6 (12 16) 17 (3 18 19 7 13) 20 1 (14 10)
4: 15 (8 3 5 19 1 13) (7 11 16) 14 12
5: 20 (16 11) (12 15 14 3)
6: 11 19 (9 12 15 13) (2 3 1 17 16)
7: 16 17 3 18 (12 11) 15 (20 14 9)
8: (14 7 20) 15 16 19 13 3 11 (18 12)
9: (9 16) 20 (3 12) 15 5 11
10: (1 12) (16 18) 11 (19 15 8 7) 17 (14 13 9 20)
11: (3 16) (8 11) (14 17) (20 19) 1 13 12
12: 20 (13 1 14) 16 (15 9) 11 12
13: 14 11 16 (7 20 3) 17 (15 19 12)
14: (19 14 7) 8 (5 11) 3 (20 12) 16
15: 17 19 (9 11 4) 1 (3 16 12 14 13)
16: (1 16 5 11) (19 14 20) 8 12 (17 7) 10 3
17: (17 1) (18 16) 12 13 3 9 (11 19 7 15)
18: 1 (16 20 14 10) (3 11) 17 12
19: (12 20 1) (9 15 14 13 11 6)
20: (7 14) 16 (11 17) (19 1 9) (12 3) 20
