80 80
1: (67 27)
2: 9 41 50 51 (11 56 4) 78 61 (59 45) 44 (62 49) 76
3: 43 (48 65) (23 8 52) (27 75 74 56) (79 5) 49 (33 22 31 61) (16 78)
4: (7 36) (14 68 43 75) 64 (35 29 69) (48 70) 52 8 (34 39 28) (61 37 51 32 31 38) (59 55 62 78 74 53) (45 56) 21 (80 71 18 60 9) 12 (5 26 41 19) 16 20 17 27 (73 30 66 22 10) (46 77 76 40) 57 54 13 (42 25 50 65 72 11 47 58) (4 2) (15 6 44 23)
5: (70 2) 71 (28 42 62 25 54) 47 69 (35 3 13 53 63 18 24) 77 57 (26 27 23) (56 14 32 31 8) (22 64 79 40 16 49) 60 38 (6 20) (80 17 43 29 45) 1 (52 74) (73 10) (30 76 15 75 7) (19 48 33) 66 50 (5 34) 78 (36 4 9 72 44) (21 67 11) (37 41) 58
6: 38 12 (66 26) (41 40 9 49 76) 18 (80 59 79 10) 32 (73 28) 31 (69 8) 29 36 (35 62) 44
7: 22 (45 77 73) 60 (78 6) 10 (17 33 25 50 7) 26 65 (8 70 21 47 4 54) (27 43) 23 (41 29) (38 58) (68 61) (34 1) (39 37) 32 28 (19 18) (11 31) 79 (56 12)
8: (74 47 12) 3 (67 60 62 79 24) 17 (51 49 30) (5 44) 21
9: 38 (76 52 77 3) 13 61 (40 60 19 16 71) 50 (17 39 20 46) (79 66) 42
10: (76 3 65) 46 (59 40) 37 (30 42)
11: (12 11) (51 31 54) (10 50) (77 40 35 67) 26 (48 36 15 34 72 2) (21 44) 24 (63 4) 78 14 (80 19 70 55 38) (41 17) (66 16 43) (18 6)
12: 19 67 51 (6 50 2) 10 (62 11 27) 57 22 18 55 (4 37 46 15 9) (23 30 3)
13: (68 59) (53 46) (4 43 11) 2 38 (7 36) (40 74) (30 13 60) (37 28) (66 29 21) 16
14: (27 24 44 28) (26 10 12 30 33) 70 (16 74 8 38) (39 11) (13 42) (40 19 78) 59 48 (1 58 50) 71 (69 63 43 18) 72 (65 9 66 79 5) 29 (22 54 31 60 17 45 3 4) (41 34 15 73) (76 55 23) 37 (80 25 67) 62 (64 46)
15: 45 (57 79) (10 1 4) 22 51 64 80 38 44 (76 60) (65 53 49 23 36 67)
16: (42 40 67 49 46 35 34 1) (18 28) (20 50) 71 12 2 (52 39 60 41) (64 11) (14 17 7) (30 53 6 75 48 55 61) (73 29) (68 43 9 57) 22 25 (56 51 66) 24 (72 23) (15 13 26 3 80) 58
17: (36 20 15 11) (50 17 45 32) 41 13 65 78 (76 74 77) (70 72) 7 47 30 66 (23 16 18 21) 14 33 (5 27) 10 (71 1) 2 (39 55) 57 73 (75 58 38 12 3) (52 69 80) 48 (6 62 24 49) (54 61) (44 43 59) (51 63) 68
18: 36 (28 31 66 21 9) (29 70 59 65) (10 79 72) 5 42 (2 56 67 12 33) 53 58 19 (24 75) (8 15) (16 40) (61 27 48 62 57) (7 52 64 4) 22 (47 73) 63 (14 23)
19: (31 7 53) (3 38 17 63 72 56 14 65) 49 (15 50 20) (21 46) 32 35 (8 61) (12 70) 26 16 (6 34 43) (58 78) (45 68)
20: (66 45 77) (56 62 24 33) (41 9) 52 21 76 (10 54 6) (59 72 5) (55 1 11) (67 30 34 3 79 28) 53 25 (71 4 31) 65 74 (2 70) (14 63 35 32 78) (36 17) (58 43) 75 (13 46) (18 48 40 49) (60 39 73)
21: (12 39 52 75) 29 (8 56 35 65 46 69) (33 30) (10 60 76) (22 58 38 41 72) (21 66) (67 51 27 63)
22: (35 57 14 15 53) (10 79 42 47 49 17) (67 33) (77 11) (44 3) (50 6) (20 22) (78 1 48 45) (32 21) 59 75 (31 27) 8
23: (47 63 45) 44 (49 11) (6 31 71) 13 (34 15) 75 (32 77) 5 4 (52 74) (66 51 1 35) (23 3) 37 72
24: (40 5 2 18 24 15 45) 67 20 29 7 51
25: (68 30 33 27 24 69) (41 17 49 3 62) (54 7) (38 63 78) (21 9) 14 76 47 (6 70 66 12 37) (80 72 53 74 51) 73 15 (5 56 26) (39 55) (65 64 44 18 59) (11 13 67) (31 61) (75 40)
26: (66 17) (50 58) 51 59 (41 45 16 53 20 3) 19 9 (14 78 80) (79 23) 25 (63 11 39) (46 2 40) (29 4 12) (26 21 36) 5 38 (13 34) (69 35 47 44) 43 57
27: (33 8 67 14 17) (30 18) (29 73 41 10) (53 65 78 79 3 76) (72 61 64) (16 23 12 2) 11 5 (27 52 62 31) 77 (19 60) 40 (7 55) 22 (9 68 47 80) (54 36 35 70) (43 21)
28: 1 (67 29) (30 42) (5 49 76) (8 53 32) 50 33 13 69 (59 63 3 45) (24 62 22 68 47) 57 (31 16) (52 56 15) (79 72 74) 35 6 (23 60 34 70 41) (21 17) (51 77 58 27 75 44 19 73) (65 4 64 71) (39 37) 55 (61 66) 36 (10 14 38) 11 (43 54)
29: (47 69) (29 41) (22 6 72) 73 (48 25 18 38) (8 21 28 9 45) (78 71) (43 15 44 61 31 4 1 27 60) (32 11 3 68 33) 2 53 (7 62) 77 (76 42 16 5 49) (14 13) (17 34) 54 66 (30 36 59) 24 12 51 (20 39 57)
30: 14 40 (69 23 66) 61 80 (42 67 56 55 32 7 77 22) (6 71) 43 47 (16 59) 39 52 (26 4 72) (50 57) 27 (63 44 37 25 18) 65 (2 33) (70 20 46) 51 11 (76 8 15) (10 17 12 38 49 53) 58 (74 9) (31 35 78 19) 21 68
31: (62 47 17)
32: 3 (29 56 16) 10 (23 14 6) (26 49) 12 (31 54 2) 69 (8 50 77) 37 (47 27) (58 30 67) 19 (46 53) (44 9 64) 79 78 (75 17) (48 41) 70 4 25 71 (74 80 1 43 51 20 63 72 36 60 7 24) 35 (68 40) (55 42) 62 (18 28 13 33 22 45 66) 34 (59 65 73 21 61) (11 39 52 5 32 38)
33: (44 68 70) 51 57 (38 78 46) (63 8 67 52 69) (66 1 60 30) (73 2) (65 33) (35 15) (59 62) (18 55 16) (37 48) (80 14 6) 3 (28 20) 7 (10 22 11 21) (36 64) 54 26 (25 17 9 47) 53 (42 43 74 40) 56 (72 29 71) 58 24 (77 45) 27 23
34: 34 (6 28 78 65) (48 43 56 3 50 1) (44 32 69 18 35 72) 49 (37 26 45) 68 (53 60) 2 55 (13 5 8 77 76 25) 20 4 74 7 40 62 (9 58 70 36) (15 21) 10 (42 80 73) (19 33) 51 (64 27 67)
35: 10 2 (55 44 65) 47 (67 73 29) 9 30 (39 40) (46 42) 1 (36 64 43) (35 24 68 69) (14 77 3) (31 11) 16 (52 22 63 49) (74 71 41 4 80)
36: 12 74 44 1 (39 15) 45 (57 48) (77 34 80 76) 66 33 (42 79 61) (11 49) (2 73) (68 5 78) (20 52)
37: 16 19 (60 15 6 4 17) (35 34 40) 56 (53 77 23 2) (41 31 67 18) 22 (71 42) 47 (64 55 3 59) 36 26 69 (65 62 74 46) 12 (11 61 45 9 10 63 75) (54 37 66 73) 58 21 (5 20) 13 27 (28 57 43) (76 14) 24 29
38: (75 80) (39 54) (26 34) 22 (19 72) (11 65 20 3)
39: (67 36 42 79) (25 58 68) (31 38) (29 57 50) 73 (43 74 66 8) 24 72 47 (56 76 51 14 70 5) (60 39) (41 65) 27 (15 23) 48 (54 19) (64 22) 16 49 (77 28 46 34) 6 (35 75 33 40 53 37 71 26 80 55 11) 52 (1 30 17 18 78) 20 (12 45 9) (3 13) (10 69 2 21) (62 63) 32 44 7 61
40: 52 (29 9 5) (19 55) 38 (51 20 15 62 66 64 48 36 74 30) (41 4) 10 (6 80 1 43) (35 56) 44 (42 78 34) (13 14) 68 (77 37) 18 (76 21 25) (39 50) 24 (23 53) (73 31 8) (67 32 45) 12 (28 57) (27 72) (3 79 58) 47 (60 63) (70 59) 33
41: (54 60 75) (31 45) (18 57) (8 79) (48 59) (4 41 76 35 23) (33 43 7 61) 2 (26 27 25 53 1) (12 13) 47 (68 62) 22 20 6 (19 32) 78 (66 56 74) (40 80 50) 11 10 (38 37) 64 (16 42) (72 71) 67 (15 14 73 51 5) (39 77 65 28) (70 36 49 63 9 52) (55 29 69) (24 17)
42: 7 4 43 (31 48) (54 75 29 3) (69 16 60) (5 66 22) (18 6) (70 80) (74 78 30 65 44 64 34 49 39) (33 46 63) 10 (79 59 20 45) (9 38) (21 51)
43: (36 7 43 27) 64 (10 42) 35 (79 5 22) (51 9) (62 50 48 32) (29 6) (37 39 1 17 23) (16 78)
44: (72 68 15 61 65 14 46) (12 36 52) 19 67 55 (79 47 42 74 5) (59 66) (3 60) 49 (20 24) (70 34 62) 7 (38 30) (11 80) (39 35) 41 17 (63 9) (25 28) (26 53 33 4 44 1) (54 75 45 22) (50 16) 18 29
45: (8 29 34 27 52 42 7 10) (78 71) 25 (60 3) (79 66) (44 53 80 30 12 19) (74 57) (28 20 72 70 33) (47 54 9) (39 48) (68 40) 51 (73 62 67 22) 13 (21 49 24 35 26 1) (65 75) (37 2 23) (5 61 63 56)
46: (26 56) (18 24) 3 (12 51 80) (71 20 59) 7 75 46 (29 74) 66
47: (9 58) (59 17 54) (12 78 52) (57 33) (3 75 62 28) (4 46 23) 79 (70 49) 39 (31 63 67) (48 55 71) (36 20) 45 (47 40 74 32 27) 56 (44 60) 24 61 (11 35)
48: 14
49: (46 59 41) (18 71)
50: (75 4) (29 56) 52 (51 23 5) (43 9) (45 19 11) (10 15 7 38) (76 67) (68 16 50) (41 47 35 21) (20 12 80 18 33 44 60 70) (1 22) (53 39 6 55 40 36 61 64 57) 25 (26 65) 8 34 73 78 (27 17 13) (14 66 63 62) 24 (49 31) (71 46)
51: 48 66 (57 12)
52: 35 (70 13 18 43 55 47 28) (16 12 54) (40 68 71 27 67 53 20) (59 1 50)
53: (65 72) (45 36 71 9) (73 62 21 69 52 37) 75 (33 66 42) (6 78) (50 58) 17 4 (14 29 53 20 79) 44 (19 18 7) 74 2 (47 55 64 3 26 1 28) 10 27 76 (59 15 77) 31 30 51 (60 56) (63 24 11) (5 57) (46 80) 48 (61 13 12) (34 68) (41 54 67 70 35) (40 38 32) (49 39)
54: 49 41 (62 8 73) (60 33) (4 78 71 38 19 10) (51 35 77 18) 27 (79 46 55 5 45) 50 36 (47 59 53 75 69 80) (58 43 31) (3 40) (37 44) (11 65) 39 (13 26 72 74 23 15 67 34 12 7) (25 48)
55: (77 18 71 47 46 32 39 50 68) (16 35 41 36 25) (73 76 58) 10 57 (11 72 7 23) 29 (79 54) (80 60 55) (13 63) 8 (43 37) (3 6 65 52 4 40) 64 31 59 20 (28 61 24)
56: 5 (61 35 43 65 54) (62 24 30) 58 39 80 66 (63 41) (38 48) (21 56 20 33 71) (76 18) (72 36 40) 34 47 (53 1 79) (28 2 78) (69 23 57) (68 4 13 44) (15 31 37) (7 74 12 8 14 9) (50 26) (75 16) (3 22) 46 67 52 60 (32 6 10 73) (55 42 77 49 19 25) 17
57: 43 24 (23 4) 65 57 (53 9 15 54 77 49 21) 80 79 (33 6) (60 12) (63 67 52 47) 3 (38 45) 35 (46 20 28 76 13 42 72) 62 (73 58 1 41) 14 32 (17 39 64 30) 40 (10 18) (51 59) (55 25 26) 71 (8 7) 16 56 (5 27 74) 69 (29 44) 66 68 37 70
58: 55 (75 19 20) (78 22 45) (66 26 35) 41 (8 62 80) (42 44) (1 33) (29 53 65) 77 18 (2 49 58) 61 30 (60 11 76 28 67 54) 39 (72 79) (15 9 13 52 63 32 16)
59: (61 62 9) (59 32) (80 16) (47 51 3) (55 11) (72 50) 74 (22 58 36 41 25 18 66 8) (71 56) (78 43 64) (73 31) (28 6) (49 35) (46 77 76) 38 (5 29 23)
60: 13 (40 67) (38 31 36) 55 (62 25) (64 27 37) (80 20 44) (4 58 77) (60 23 57) (32 51) (56 8 71) 49 (47 73 2 53 45) (50 19 74 26) (24 16) 18 30
61: (67 14 15 5) (7 1 47) (6 43) (25 60 36 44)
62: (51 3 32) 47 (7 59) (58 63) 22 29 (10 26 31) (61 35) (74 54) (60 49) (75 36) (43 46) 30 19 73 4 (33 80) (50 25) (1 23 68 13 78) (77 70 57 56 24) (8 40) (34 12) (14 62 41) 69 6 (71 37) (28 38) (67 20 18 45) 42 (76 48 55)
63: (61 18 23 8) 22 34 38 17 (51 50 44) 14 (57 68 52) 59 (31 28) 64 20 (60 13 41 4 7 62) 47 (65 2 9) (25 71 26) (53 39 19) (66 70) (12 67 55 73 46 40 49 54 35 5 33) (80 24 76 42) (27 78 29 11 74 75) (48 16) 32 (10 6) 43 56
64: (7 48) 44 6 (80 61 71) 28 15 36 (27 68) 21 (30 23) 35 (74 31 47) (8 13) (2 11) (26 72 76) (46 24 55 17) 49 (18 54 1 79 62 45 3) (57 34)
65: 32 (47 23) (3 9 14 25 11) 6 (74 67 19 51) 75 (13 15 70 53) (57 36 8) (28 31) (39 22 71 38) 20 (46 33 77) (37 4 34 50 43) (27 42 29) (21 41 79 72 68 35 49 66 73 30 26) (62 56) 16 12 69 (58 80) 44 (59 48 18) (78 64)
66: 62 72 (34 45 57 17 9 32 76) 21 (7 40 77 43) (8 31 66 61 74) (15 80 2) (33 44) (16 29) (26 25) 69 35 6
67: (37 16 4) (33 58) 29 (52 23 67 76) 13 2 72 (62 1) 22 (79 34 11 35 7 19 50 70) 44 (73 3) (47 14 10 59 31) 61
68: 74 78 61 (3 34 2 65) (71 17) (18 19 32 12 50 79) (29 25 54 20 40) (73 41 36 58 67 57) 47 7 (33 4 63 72) (64 46 21) 15 (52 10) 11 (60 39) (28 53 42 35 56 27) (44 13) (80 49 75) (30 26) 14 (45 6 24) (55 66 31)
69: 73 (16 3 23) 76 (32 11 4) 35 (2 74 27 43) 5 (45 54 31 65 79) 64 75 67 (41 78 30) 17 (25 20) (28 47 69) (1 8) (59 21) 71 7 (26 56 34 42) 80 (53 48) 13 (19 68) 6 24 61 (77 39 14 50) (33 60 52) (15 22 58 12) 18 10 9
70: (35 67 32 46) (76 63 59 69 7 65) 11 55 56 41 (24 70 5) 54 22 52 (51 49 71) (40 30) (13 17) 57 36 (19 1) (27 3) (77 2 12 72 31 53 42) (8 66) 20
71: (71 13 55) 76 42 (7 57) (68 1 18) (78 29) 51 17 (49 21) 8 (47 20) (40 9) (37 61) (75 6) (43 12 65 30 36) 35 11 (10 45 54 2) 50 (64 74) 59 (56 41) 38 (63 24 58 52) (28 73) 62 (27 23 25) 26 46 33 5
72: (8 66 21 17) 70 (7 14 75) 38 54 68 28 36 (12 52 15 35) 65 (16 56 20 76) (78 48) (6 67) 79 77 (9 72 45) 39 63 (41 23) (32 49 59) (60 57) (50 24 34 80) 69 (44 62) 51 42
73: 46 (71 80) (25 42) (35 48) 18 (39 57 33) (47 50) 68 34 36 (78 22) (10 69 45) (38 13 16 49) 63 3 (61 58) 17 (51 4) 19 (26 5 43)
74: 78 (56 44) (57 62) (54 59 10) 79 (76 35 23 30 70) (42 22) (33 2) (26 48 6 40 31 34) (20 16 18) 41 5 (8 47) (71 1) 49 29 (27 72)
75: 3 60 44 (70 1 58 14 9) 65 (55 51 18 36 31 13 67) (52 74) (69 34 21 53) (8 54) 4 38 (42 24 17) 35 (49 43 19) (66 20) (72 22 30) 39 (41 78 57) (15 45 28 37) 27 61 (33 71) (62 16) 64 (5 76) (11 26) 59 (80 68) (46 77) 7 (29 73 32 25 79) (2 6) (47 56) 75 12 48
76: (13 8) (10 55 70 33) (58 36 22) (30 12 77) (50 21 45 28 18 5) 64 (35 38) 34 (59 66) (23 39 75 41 3 19 76) (25 32) (27 24) 46
77: (10 26 39) 49 53 (29 56) (58 1) (78 68 41) (5 65) 28 (7 75 46) 30 (34 27 62) (18 45) (11 61 74 52 60 43 73 72 54) (14 24) (69 59 77) (79 16)
78: 46 (76 32 74) (70 34 6 64) 39 7 61 10 (4 38 54 79 55 11 77 71) (43 23 66 60) 33 (56 31 44) 73 19 22 24 (65 25)
79: (66 33) (62 74 70) (36 4) (56 6) (17 80) 9 (44 11) 46 (45 5) (58 54) (8 48) 72 55 (49 59) (51 39) (77 24)
80: 71 3 1 (65 40) (6 44 73) (46 79 80) (36 25) (4 66 76) 12
1: (75 57) (32 62 80) 53 17 (29 22) 74 69 (61 16) 28 (58 70) 50 (56 40) (52 45) (77 71 23) 35 (44 34 14) (39 43) 15 (5 36 67 41 20 7) (64 33)
2: 67 (30 12 60 41 36 53 32 37 34 33) (20 17) (75 69 35) (64 58) (24 74 39 63 11 68) (70 66 5 18 71 56 29 4 26 16 45 13) 27
3: (65 80 23 76) 53 (70 22 33 73 46) 75 (69 44 56) (47 8) (39 32 5 28) 26 (62 17) 12 (68 35 10) (19 27 67) 9 (57 42 37 55 38) (14 59) (20 29 54 16) (34 25) 45 (64 40)
4: 30 67 (5 14 62 41 37 20) (12 26 54 7 29 15) 2 (44 50 80 47 11 56 73) 42 63 69 (68 34 23 18 65) (35 79) 55 (60 78 40 75 53) 4 (57 32) (28 13)
5: (57 29 77 56 73) (20 14 50) 40 32 4 (43 63 3 71 17 18) (59 42) (53 27 26 41) 76 79 (61 23) (24 74 70 34) (69 44) 75 (37 28 36 8 39 5) 54 (45 25)
6: (79 53 37) 71 (29 42) 17 (80 30 11 40) 5 (59 66) (39 25) 68 33 (74 63 75 50) 34 43 65 61 (23 12) (64 16 62 55 19 32 57) (4 69 22 28 72 20 41 78) 7 56
7: (33 25 45) (53 5 57 18 54) (71 24 4 41) (67 13 17 39 27 29) (64 70) 66 34 43 (72 55) 44 46 42 56 (7 69 30) 68 (77 32 63) (16 78 75) (19 62) 61 50
8: 69 22 (6 39 72 70 30 41 28) (5 14) (71 75 3) 33 76 (7 34 58 62 55 59 32 60 40) (57 79) (56 29 64) 19 (63 21 4) 27 (66 18) (65 74 45) (50 54)
9: 39 (65 75 58 32) 47 63 (69 40) (35 27 18 43 12 33 57) 16 45 (56 59) 66 (26 5) (14 44) (20 29 4 2 25) (41 72) (71 79) 37 34 53 (42 50) (30 6)
10: 4 (18 55 6) 30 (78 22 74) (34 76) (11 41 15) (20 56 17) (39 33 27 62) 63 42 (32 77 14) 57 (53 71 50) (28 73 45) (68 5 21) (12 40) (67 69 43) (37 54) (35 7)
11: 78 (4 65) (58 11 12 67 41 28 38 47 35 32 53 64 29 50) (69 7 44) (2 79) 30 68 (63 59 33) (55 13) 14 (77 17 16 23 27) (37 5) 22 36 (20 39) (70 54) 75 (71 26) 25
12: (17 68) (69 56) 26 75 (72 53) (18 80 14) 19 (57 41 36) (21 8 7) (4 62 32 54 6) 11 25 39 (65 50) 44 (16 27 52 29) (76 46) 45 51 47 (70 71 30 37) (63 40)
13: 17 (41 55) 64 67 (58 65 60 53) (37 16 13 28 14) (34 52) 69 70 (62 29 45 25 76 71 23 54 39) (56 50 73 4) (26 57 68 20 40) (32 9) (63 5 75)
14: (75 48 44) (32 37 5) (33 17) (27 40 28 30) 29 (25 69 53) 19 20 39 (72 16) 18 63 (65 68 57 26) 22 (50 61 67 77) (11 41) (62 35) 56 4
15: (11 24) (40 12 4) (25 39 23 17 53) (19 54) 69 (68 28 75) (65 5) (61 57 72 22) 16 (30 36) (58 34 64 18) 37 (66 50) (56 33 44 14 41 29)
16: 75 (14 28) 29 4 (33 57 13 65) (66 32 9 35 26 18 43 27) (44 39) (3 63 5 17) (19 50 42) (11 74) (52 56 69) (72 58 55) (41 37 59 77 30) 60 67 73
17: (4 43) 56 (27 9) 32 (22 41 7 37) 17 (64 75 50) (79 66 68) 39 71 (11 72) (8 63 16 69) 30 (5 73 57) (44 29) 25 28 (53 47 14 19) 33 31 70 (20 26)
18: 71 55 11 59 (69 74 75 27 30 34 63 5 39 77) 32 20 14 (46 17) 49 62 (73 7) 16 (6 60) 24 57 (64 12 42 37 33 40 76 41) (29 56) (58 50) (4 54 65) (25 53) 68 (44 52)
19: (28 37) 44 63 (67 62 18) 32 (4 65 75) (76 54) (41 70 38 34 11 9 26 12 14 60 56) 30 (68 40 45 58) 53 (39 5 73) (27 69) (50 78 7)
20: 58 (69 56 37 41) (22 19) (24 68 9) (63 70) 40 (38 53 33) 16 (62 75 42 46 45 32 5 50 72 71 74 34 29) (52 55) 26 30 39 (57 17 65 47) 60 36 (4 44)
21: 4 (21 19) 11 (17 30) (66 40 56) (64 69) (71 8) 13 (7 28) 25 (34 65) (45 39 18) (29 50) (33 22 27 20 57 68) (5 53) (32 75 26 72 42 37 76)
22: 16 (67 4) 18 3 28 30 (76 22) (33 59 7 5 65) (44 50) (21 45) 58 (78 32 35 73 42 14) 12 (15 43) (70 74 63 37 27 69) (41 29) (62 56) (39 75 38)
23: (62 50 56) 65 7 (17 47 59 41 28) 32 (74 30) (5 67 54) (39 16 45 64 12 55) 60 69 (72 15 4 37) (3 43 78 57) 33 27 (18 40) (26 63 71) (14 76) 23
24: (14 55 37 76) (60 28 25 72 39 57 35) (70 75 63 32) (64 29 62 78) 33 53 (68 20 69 24 41 71 44 50 47 45) (79 77) (46 18 56) (8 40 5 17 16 11)
25: (71 41 63 14) 16 (55 44 76 5) 60 26 (50 4) 39 56 (62 78) 34 (61 32 57) 29 (30 80 66) 69 (75 33 20) (59 54 7 65) (45 40 73) 68
26: (74 77 25) (30 56 57) (11 39 16 7 60) 45 65 41 58 (75 54 46 64 37) 69 (73 44 26) (34 38) 33 (62 63 68) 50 53 (5 32 19 4 6 66 14 71)
27: 21 76 (27 29) (1 74 68) (60 37) (57 77) (70 50) (53 40) (52 33 17 45 4 28) 3 (64 63 30) (18 14) 22 (32 41 54 65) (39 34 7 43 71 69 47) 75 25 12 5
28: 13 (52 56 6 7) (71 55) 29 (16 53) 58 76 (47 5) (37 32 72 62) (59 69 63) (4 68 75) (34 40 77) 14 (57 20 41) 44 39 (33 18 64) (45 65)
29: (14 6 71 57 41 26 50 16 28) 44 21 42 (18 53 4 35) (45 40) 65 5 7 46 (59 43 39) 27 37 (13 66 77) (68 74 32 24 29 58) 62 33 63 (75 67 55)
30: 62 (25 44 71 13) (75 21 39 60 45 10) (68 4 74 40 28 33 57 29) (5 58 12) (27 65) 56 35 76 (8 64 17) (69 32) (53 20 77) (70 16 14 42)
31: (64 20) 62 (78 40) 37 (66 54) 27 (30 60) (25 14) 65 41 (63 22 68 55) (39 53 4 29) 19 3 35 (5 50 47) (28 59) (32 11 70 6) (67 56 69) 74 75 18 (7 23 42)
32: (41 55) (63 53 65) (19 39 5 30 56 57) (34 28) (43 59 32 75 68) 6 72 29 78 4 (20 58 69) (22 17) (7 40) 60 47 (23 62) 76 70 66
33: (20 76) (41 44 30) (29 78 66) 7 67 (68 69 75 50 21) (47 3) 53 (14 39) (45 33 32 57 79 22) 65 (40 18) 56 (36 25 73 34 58) (74 54 71 28 27 62) (63 42 17 5)
34: 11 (20 69) (44 40 16) (50 39) (63 38 56 32 77 5) 37 (62 28) 19 78 (68 64) 45 (76 74 75 73 42) (54 66 72) (53 4 36 26 23 67 65) 34 29 (14 7)
35: (53 54 50 35) 16 (68 44) (69 22) (27 73 37 71) (65 47 11 40 59) 20 (52 32) 19 70 67 4 (62 34 55 56 23 43 28) 72 (30 64) 5 26 (66 58 45) 33 (39 63 76) 74 57 (75 21) 6 41
36: (44 75 41 29) (61 39) (76 65 35 4 15 18) (71 17) (47 53 37 6) (13 62 40 28 5 70 60 54 26 80 11 34 43) (79 73 50 33 59) (55 56 68) (20 72 64 32 27)
37: (13 60 67 57) (56 23) 4 (7 30 12 62 41 34 53) 33 (40 10 32) (25 37 28 54 75) 45 (39 5) 43 55 65 (71 14)
38: (13 63) (39 76 40) 33 (21 59) 29 (73 4) (25 62 19) (42 15) 53 60 (56 32 54 57) 6 41 28 (78 71 75 5) (50 11 72) (9 17 30 7 26 14 65 44)
39: (79 28) 9 (63 58) 42 76 20 69 56 (38 65 54 55 21) (68 36 39 72) 29 (25 41) 43 (32 75) (14 7 35 16) (78 73) 44 50 (40 53 17) 4 (26 77 45) (57 47 30)
40: 70 6 (66 60) 33 (71 62 56) (52 37 30 74 14 53) (16 63) 34 (39 68 11) (41 54 20 9 47 25) (5 10) (13 32 45 55 35) (27 4 18 80 57 50 26 24)
41: (35 74 76) (70 14) 59 (69 41 39 4 26 17) (40 54 72 71 20) (56 53 32 77) (63 27) (11 29) 5 7 58 55 (49 6 21 62 68) 2 (50 37 28 75 25 16) 44 65 57
42: 10 36 5 29 (71 41 69 73 43 16) (44 22 58) (53 28 37 30) (72 57) (56 65) (39 35 75) 4 (63 33 14 18) (70 32) 74 34 68 (9 45 62) 40
43: 28 37 69 (62 34 20 13 14 50 35 54 39 29 73) 57 63 41 42 (33 61) 4 (5 66 30 19 71) (7 26) (55 78 65 75) (59 56) 32 40 43 27 (11 77 3 16 17 52)
44: 36 (8 26 66 42 17 14 2) (63 54) (25 28 75) 34 (30 61) (47 33) (32 72) 65 79 60 (35 78) 11 (50 68) (57 6 64 58) (80 40 53) 39 (22 5 74) (4 29 56) (23 15 45 44) 67
45: 40 (7 54 41) (28 39) (26 33 19) (69 58 34) 47 73 37 (36 79 2) 71 (29 42) 5 (4 68) (72 23) 66 (17 15 50 20 76 77 44 75 32) (57 64 14 53) (22 62) (24 60)
46: 73 50 (76 12) (30 16 39 14 57) 13 32 49 59 (63 46 75 47 53 44) 70 (33 19) (20 78 65 64 26 77) (56 54) (10 42) 62 (9 71 55 4) (68 79 80) 21 37 35
47: (55 22) (75 23) (37 59 30 68 35) 61 39 (5 29 47 28 27 74 64 33 8 50) (7 54) 44 (65 32 25 26) (57 62) (52 67) (56 18 63 40) 45 73 (4 53) (31 41 69 60) (17 71)
48: 11 (79 43 73) (42 75 62 41 4) (34 14 22 3) 39 53 (20 69 56 74 72 51) (45 64 29) (18 63 47 32 65) (17 40) (36 54) (5 33) 16
49: 59 (15 77) 8 45 75 (42 71) (32 68) (2 63 74 16 28) (70 17 22 20 25) (19 60 64 39) (47 35 44 41 34 36 65) (73 6) 30 23 (57 58 53 79) 5 (72 3) (50 54 56 29 62)
50: (12 62) 28 14 (72 63 60) 54 (30 43 11) 39 69 (22 71) 68 (4 76 26 73 9 16 65) (32 59) 67 53 (5 40 55 52 41 7) (19 56 17 50 2) (34 44)
51: (54 30 59 8 16 46 45) (23 29 63 57 75) 71 (25 2) 21 (72 32) (53 41 28) (65 26) (34 12 33 17 73) (11 62 60 79 15 40) 43 39 (42 50 70 4 24)
52: (9 30) (63 53) 36 (20 57) (16 35) 55 (44 18) 45 (41 68) 5 27 40 (75 58) (21 67 71) 69 17 (77 28 56 3) 4 (72 33 50 47 70) (39 23 32)
53: (53 18 63) (28 56 50) 57 45 (75 19 37 27) 25 (29 77 54) (69 58 34 70) (32 40 4 26 30) (65 41) (52 13 16) (5 68 33) (60 22) (20 44 15) 39
54: (55 56) (4 53 62 70) (17 75 38 33 44 78) (63 37 25 64 28 39 47 32) (58 68) 57 (52 5 11) (29 45 20 27 69) 72 (74 7 79 42 41 77) (14 71)
55: (59 25 60 37 56) 11 (79 40) (62 50 52 78 58 75 35 64) 20 53 17 (27 55) (34 33 16 41) 71 (28 32) (47 70 12 76 4 68 57 54 14 39) (44 63 30)
56: (37 74) 50 (62 65) (63 57 79 71 53 30) 77 (60 7 16 32 40 20) (70 69 72 75) (2 34 21 45 3 59) (5 4 56) (25 33) (47 68) (41 46) (78 28) (19 39 18)
57: (30 75) (37 60 36) (50 55) (64 70) 57 40 (65 18 63) 51 (45 39 28) (16 68 62 47) 4 12 (73 74 26) (15 29) (53 22) 5 41 56 72 (17 66) (71 33)
58: (56 5) 75 (20 30 47) (77 53) (65 67 21) (7 37 19 18) 59 (76 28 17 14 32 34 26 73 39 58) 71 (62 60 40 57) 68 79 (69 4) 33 (55 16 54)
59: 28 70 (69 54 25 33) (67 72 40) (52 49) (57 77 32 41 6) 44 (59 37 47 26 42 79) 22 18 (62 75) 63 17 55 (46 4 53) 30 65 (13 29 14 76) (20 10 74 71) 2
60: 72 57 (50 61) 56 (58 9) 13 54 (62 37 27) 4 (42 40) 41 77 21 (34 45 63 68) (14 69) 47 78 75 (15 32 7 39) (44 55) 28 (8 53 16 20) (60 29 33 5)
61: (47 69 36) (71 68 77 16 64) 19 (55 25 4 30 59) (17 2 44 63 75) (66 53 56 41) 37 (9 50 32) (27 67) (3 58) 39 (78 45) 62 (29 28) (18 7 73)
62: (54 60) (39 31 59) 67 (33 27 28 65 41 17 47) (20 58 57) 53 (44 50 2 29 74) (40 43 75 12 63 66 37 32) (5 45 77 71 56) (62 4 18 8 6) 14 (72 79) (34 64 25)
63: 42 44 (71 68 33 26 57 25 73 23 55) (53 17) 62 72 (28 45) (21 18 32 14 50 5) (35 58 40) (37 11) (56 70 20) (41 47 30 39 19)
64: 43 (35 53 57 50) 63 (4 65) 42 (33 69 18 60 76 78 25 41 68 16) 39 59 (75 55) 27 71 (14 37) (28 40 5 34) 32 15
65: (34 25) (7 17) (42 18) (35 37) (56 38) 3 (57 77) (50 68) (30 58 55 28 10 75) (39 78) 45 33 19 (71 32) 41 69 53 (21 70 44 27) (15 20) 72 (54 80 63) (4 14)
66: (30 9 23 16 51 57 42 72 11 78 14 56 29) 66 70 (76 39 17 21 25) (79 41) (40 33 18) 13 32 (44 65) (59 45 4 58 46 37) 63 28 80 (68 36 5 50 26) 53 (6 20 75)
67: (57 16 11) 60 (25 61) 56 (24 1 18) (52 22 32 27) 54 (41 63 15) (62 14 58 40 37 35 75) (12 21 67) 45 (50 70 28 33) (65 34 39) (72 47 30 20 8 44 69 5 53 68)
68: 33 (73 35 63 65 4) 28 57 (62 16) (7 41 77 55 13) 27 (69 44 32 56) (72 75 64 52) (17 39 40 71) 30 (53 29 34) 25 (36 19 50 45)
69: (25 75) 57 32 (37 56 21 69) (30 14 17) (72 26) 73 (41 35) (53 66 33 65 28) (70 6) (42 5 4 39 62) (29 54) 77 34
70: 28 4 (72 41) (19 53) 62 27 (30 11 42 67 79 78) (74 7) (65 34 76 25) (44 57) (32 50) (52 47 75) 17 (33 14) (18 70) 45 40 20 5 (39 63)
71: (50 53 71 63 29) (57 35 46 68 70) 28 (56 9 4) (5 52) (33 59) 37 (78 55) (69 73 14 30) (47 62 75 39 17) (49 74 80) (65 41 45) 60 (16 20) (64 54) 32 23
72: (33 58 25 39 34) (54 23) 41 77 (53 72 66) (65 38) (19 68) (55 20) (70 75) (79 32) 56 30 44 45 11 (74 5) (57 21 14 64) (4 18) 16 (27 17 29) (67 28 59 40)
73: (14 6) 37 33 (56 35) (28 36 75) (55 7) (63 68 39) (5 53 71 41) (27 29 17 4) (80 25 65) (16 77) (45 54 20 78) (67 40 69 32) (59 34) 57 18 50 (62 60)
74: 63 (64 28 8 57 60 77) 36 75 4 (32 44) (46 40) 33 37 (20 65) (35 14 23 56) (17 47) (13 30) 39 34 (3 59) (79 45 66 78) (41 68) (71 69) 53 62 (54 5) (25 42)
75: 65 (45 75 63 17 32) 25 21 4 (69 18) 77 (62 41) (42 38) (44 68 58 22 3) 53 (76 5 72) 47 (46 39 50 28 23 56 71 20 54 16 37)
76: (72 4 56) 37 58 9 53 (76 6 70) (80 40 55) (20 21) 57 (29 5 30) (75 14) (28 17) 74 (59 64) 36 (39 62 78 15) 34 63 (67 10 25 66) (41 69 71 27) (2 50)
77: (34 69) (79 22) (58 11 7 37 56 28 32) (39 27 65) 60 77 (72 55 54) 41 (70 62) 53 (30 29) 23 33 (40 59) (78 4 9 17 76 36) (75 35 5 66) (57 20)
78: 56 (62 68) (4 32 7) (17 2) 77 14 58 75 (71 53) 41 63 (27 26 33) (74 20 43 5 25 69 19) 29 73 (54 40 30 59) (3 11 50) 39 (36 47) 65 (45 34 22) (42 72)
79: 6 8 (56 20 32) (22 41 9) 53 (77 64) (5 39 26) 40 (18 42) 69 (57 67) (7 72) (27 58 68) (36 45 43 78 44 15 74 65 55 28 54 47) 80 (14 75 3)
80: (46 42 44 69) (16 36) (62 59 53 68 25) (57 30) (32 14 58 72 33 4 35) (41 63 75 11) (27 60) (15 38) (17 5) 55 54 (26 56 64) (50 6 79 39) (34 73) (65 40 66 80 45)
