80 80
1: (50 49) 39
2: 4 70 (34 17 74) (6 22) (65 50) (46 64 66 14) (30 72) (31 12 25)
3: 28 (19 56 30 61 48) 66 (15 23 11) 49 71 (22 34) (63 40 16 60) (39 10) (41 64 4 52 42) 73 26 69
4: 54 (48 1) (19 69) 32 24 (41 21) (20 38 44) (79 4) (3 15) 73 (52 70) (12 18) (2 80) (35 33 16 37 59) 27 10 75 (49 50 6 68 28 58 40 51) 57 (71 60 11) 47
5: 79 (60 49 70 65 42 56 34) (48 46 41) (66 62 31 11 29 23) (45 15 69 74) 20 13 16 44 33 3 32 47 (21 54 38 80 10 77) 76
6: 16 52 (1 49 28 68) (21 2 14) 6 (43 65 47 67)
7: 10 50 (71 55 69 48) (21 76) (13 64 14 41)
8: (24 3 74 18 55 77) (33 43 56) (73 54) (28 37)
9: (19 11 40 26) 69 45 (41 66) (79 72) (37 73 50 46) (70 76) 3 (12 21 27 61 10 51 56) (77 28) (78 2) (30 60 36 47) (6 62 31 55 33 48 4 75 22 25 53 63 35 68 80) (24 67) 9 58 (20 38) (15 71 49 52) 5 57 (7 43 17 13) (14 34 29 64)
10: 42 (51 16 35 63 18 77 33) 79 (76 66) (5 30 6 24) (72 68 60) 32 (49 21) (64 75) 34 (61 50 73 25) 71 80 (39 17 14) (56 52) (19 70 58) 44 55 (7 8) (54 74 45 31 2 28 38 1 43) (67 53) 11
11: (31 62) (28 66 19) (13 78) (76 18) (12 22 10) (39 79 74) (46 27) (64 51) 42 (49 38) 15 (29 77) 69 (34 11) (25 16 7 8 24) (48 44 4) (59 21 40) (71 5 23) 80 (67 17) (1 75 45) (57 32 30 6 63)
12: (40 59 35 20 36 10) (13 21 23 12) 3
13: (68 16 33 62 63) (7 47) (46 56) (27 57 75 72) (10 51) (64 15)
14: 1 (62 42 72 52) 61 18 (80 38)
15: (17 50 7) 38 (53 45) 31 43 (8 25) (61 40) 37 (2 54 75 76 51 52 20) (67 32 29 24 14 6) 72 3 (10 80 47 16) 35 36 9 (58 77)
16: (57 71) (50 38) (78 30) (16 42 32 45 17 68) (29 27) (13 37) (2 24) 59 76 4 20 (63 56) (22 69 31) (36 49 80) 46 (3 53 33 47 18) 64 66 41 (60 40) (75 72 14 74) 9 11 (19 15 8 21 23 39 79 34 44) (61 70 26) (35 7 1 51) (67 48) (28 62) (5 73) 52 58 12
17: 6 (1 21 44 25) (53 39 64) (23 76 27) (75 7 4 77 26 30 9 78 66 2 55 57 71 35 5 29) 13 (46 79 17 40 73) (51 58) (18 12 11 15 62 41) (61 31) 48 (69 36) 19 (49 47) (45 8) 16 (3 34 54) (72 67) (65 50 32) (52 10) (43 33 63 60) 70 (14 42) (38 37 59 22 28 68 80)
18: (15 21 61 71 52) 46 67 (41 76 12 24) (13 22 18 2) (26 6) (78 17 72) 4 7 (27 30 77) 55 37 49 5 54 40 3 16 42 (58 60 25) (8 51 43 9 53 75 28)
19: (10 13) 51 (37 75 80 71) (1 26 11 33 56) (68 5 35 45 40 70) (64 43 54 9 58) 77 (78 27 31)
20: (28 47 54) (37 26) 72 (76 46) (78 69) 35 57
21: (79 74 45 51 53) 54 (67 25) 38 (28 35) 10 71 9 58 (6 73 68) (17 76 14) (66 56 64 26 4 11 70) 75 (16 22) (1 23) (44 49 8) (48 19) (20 21 69 50)
22: (79 53 26 22 57) (13 16 51) (14 10) 3 44 1 (24 80) 40 (77 18 76) (56 19 15 28 37) (72 47 5 33) 32 (9 63 50 31) (66 8) (55 35 34 27 23 62 46 48) (60 67) (7 74) 29 73 (6 45) 39 (43 78 71 42) (20 59) (64 52 54 4 12 25 36 68) (58 70) (21 69 2)
23: 68 (18 63 6 53 2 9 30) (19 10 59) 76 (69 23 22 42) (13 70 44) (33 20) (66 55 45) (27 40) (16 65 71) 67 (41 56 46 15) (52 51) 75 4 35 (29 43) 39 (26 34 64) 32 73 24 72 12 (62 58 78) (28 54 80 57 17 3 47) (8 37 7 36 14) 31 25 (60 50 11)
24: (39 66 59 31 11 20) (78 65 10) (77 42) (54 21)
25: (41 34 47) (66 74 13) 64 40 (35 2) (68 27 63 62) 38 (1 44 7 18) 20 61 37 45 (78 3 75) (50 39 24)
26: (67 36) (76 68 23 41 15 8 48) 4 74 24 32 (27 49) 79 (45 26) 12 (47 55 28 29 64 20) 44 (35 77)
27: (58 3 46 62 21) 14 72 (5 57 31) (16 45 4 47 23 48) (60 43 61 19) (42 17 26) 54 (29 75 49) (8 59 53 70) (35 33) (34 78 1) (74 15 69 66 56) (18 9 10) (25 50) (73 41) 6 (44 52) 20 (67 11) (63 27 7 68 77 55) (65 13 71)
28: (64 6 50 45 25) (57 63) 47 31 (79 52) (12 59) (35 44) (55 42 40) (62 7 36 74) 15 (5 20) (65 39) (75 69) 68 11 (43 28) 53 (71 67 54)
29: (44 77) (1 27 19 28 35 18) (69 15 2 60 58 52 37 10) (42 14) 36 (22 39) 68 17 (32 57 26) 25 30 (47 6) 50 24 (34 76) 21 (43 75) (20 54 3 61 45) 62 55 73 8 (71 48 72) (59 29) (74 40) (13 79 5) (46 23 56 67) (65 11) (49 64) (4 9 66) (78 16) 70 (33 31) 51 (53 80) 38
30: 74 (67 44 52 61 72 56 14 28) 18 33 (34 79 57 25 22 26) (20 38 41 50) 66 55 (12 80) (76 70 31) (39 19 32 63) (53 58 40 62 7 73 16 3 64) (8 30 21 69 59 13) 43 (68 27) (35 75 29) (71 24 2)
31: 7 (43 53 11 3 14) (74 27 55) 10 68 (75 63 52 25 40 32 17) (69 29) (80 16) 9 (50 51 15) 60 (49 41) (22 65) 79 13 (58 78 38) 67 30 6 36 70 (24 31 64) 28 8 (2 23 26) 4 72 (34 46 61 71) (21 18 44) (73 33) (57 42) 12 54 19 45
32: (69 36 35 41 62)
33: (28 46) (65 19 37 54 20 51 77) (56 9) (55 80 60) (52 24) 15 (67 32 66) (58 12 33) 16 (26 31 34) (61 1 10) 14 62 42 (63 79 23) 70 22 (3 29) (40 17 64) (27 30 44 8) 76 72 (11 68 59 36) (7 53) (47 38) (78 50 18 41 43 45 39 6) (5 73) (75 48)
34: 9 (14 78) (42 6) 37 (10 53) 29 (67 47 52) (39 50 58 1) (32 73 61 59) 66 (20 27) 33 44 (15 75 69) (41 55 4 70 79) (57 43 77) (74 71 54 11) 45
35: (38 46) (77 70 47 40 69 71 60) (74 21 39) 58 24 (31 1 30 65 12) (28 37 33 14 53) 27 50 76 (80 62 8 18 15 32 55) 25 (19 68 79) 5 75 9 (61 41) 11
36: 79 (12 13) 63 (38 35 60) (64 22) (41 34 21 11) 73 7 (59 57) 71 (5 55) (52 67) 26 37 (51 48 25 43 54) (31 78) 20 (30 14 18 69 29) 46 (72 56 27 33 66) 19 77 (8 3)
37: (65 9 32 66)
38: (54 13 43 22 17 59 1 45 41 5 30) (63 42) (79 18 62 15 61 32) 48 (36 75 20) (50 71) 25 56 44 (47 65 2) 23 (76 3) 28 (9 16) (80 12 7 21 35 60) (66 57) (26 58)
39: 18 (6 33) (25 20) (37 79 60 77) 54 (78 73) 58 47 21 (51 55 45) 23 59 (52 32 68) 36 (76 67 74) (15 34) (3 8 22 12 13) 80 (14 41 29 1 64 30 35 72) 11 16 (19 69 75 27 42 49 40 39) (9 66 26) (43 7 2 44 10) (53 17) (62 61 4) 48
40: (30 47 65 70) 23 34 16 (13 66 52 43 59) 74 (64 6 41) 21 58 56 (3 57 75) (19 11 62 40) (77 35 1) (17 22) (72 32 48 10) (39 69 20)
41: (52 58 26 73) (34 69) (72 16 3 8) (12 71) (63 45 64 30) (39 15 20 56 35) (70 27) (61 41 44)
42: (42 15) (19 75 31) 9 71 (76 56 69) (61 8 17) 55 (53 48 63 35 14) (68 23 62 12 49) 26 54 (72 77 51 2) (20 16) (52 13 45) 37 64 (58 47) (10 18) (50 33 60) 40 (44 41 1) (74 80 46) (67 27 57 21) (78 6) (32 38)
43: (35 13 62) (6 30 68) (4 24) (70 46) (64 11) 17 78 (73 60 36 69 3) 2 (29 75) 61 (25 45) 23 59 (49 31 34) 77 (27 28) (48 8) 14 66 7 47 67 (44 26 32 80 12 1 41) 5 18 (74 79 71 76 51) (54 58 10 9) 38 (15 43 63 72) (20 16)
44: (39 49 30 25 1 74 6) (17 77) (71 56 34 50 41 52 16 66 7 65 44 27 80) 54 (51 2 59) (26 10 24 47 37) 64 21 (13 63) 61 22 18 8 60 (15 68 70 58 9) (76 72 40 31 20 53 79 5 29 57) (69 46)
45: (51 32) (8 63 80 9 74) 17 61 (35 69 18 55) (52 71 75) 36
46: (36 66) 69 (32 30 75 26) 14 52 70 44 48 60 47 (73 72) (50 65) 24
47: (53 58 1) (72 60 76 42) (43 75)
48: (20 78) 10 44 (59 65 6) (34 73 13) (15 18) 47 (37 12 53 70 3 69) (30 16 63 9 23 58 24) (62 43 55 48) (36 31) 25 7 (66 27 21 57 29) 72 52 51 (4 56 1 45 67) 17 (42 14 77 80) (79 11 38) 19
49: 19 39 43 18 59 (45 28) (2 74 5 29) (17 27 22 70 61 42 47) 52 (37 54 72) 75 (15 68) 20 53 (26 33) (69 40) 80 64 (73 8) (6 4 58 12 11) 38 (60 46) 51 (55 9 25 23 49) (65 78) (66 21 77) 7 (63 76) (67 10) 35 13 (48 50) (1 44) (16 41 71 36 57 24 30) (79 3)
50: 20 52 6 1
51: 4
52: 43 46 67 (56 79 72 47 4) 33 (76 19 48) 13 (50 49) (59 45 69) (42 5 65 54 9) (77 75) (23 52 2 80 12) 63 55 (6 62 15 74 37) (36 7 8 25) 70 (22 78) 3 1 16
53: (14 66) (28 39 69 78) 77 (19 57 38 26 49 80 24 52 41 21) 12 (45 18 27 44 2 5 32 11 6) 47 (60 43) (10 16 56 53) 42 (29 7 8) (68 72 74) (54 36 70) (4 62 3) (13 63 64) (67 1 20) (37 51) 79
54: (24 56) (54 40)
55: 15 4 48 (17 39) 42 (51 19 80 36 69) 29 (7 1 33 30 68 27 22 62 13 11) (56 64 75 73) 26 (63 61) 79 31 (60 8) (70 50 10 12 57 55) (74 41) (77 49)
56: 22 (41 48 14 42) (55 59 10) (32 13 20) 31 49 77 (28 26) 58 52 27 61 19 (71 66) 1 (16 43)
57: (72 56) (10 51) (30 77 32)
58: 78 (74 20) (9 7) (69 6) 13 (55 52) 25 73 54 48 (63 50 56 36) (29 76) 68 71 4 (58 67 72) 46 (41 34 33) 61 (28 23 14 10 11 77 22) (2 65) (51 32) (17 38) (43 66 64 80 49) (40 21) 53 (42 8) 16 15 (44 39 18 31 70 60 45 62 12 19) (75 30) 5 35
59: (42 12) 8 (37 35) 62 45 (13 47 65 31 74 64) 14 (76 16 25 71 15 39)
60: 47 58 (61 59) 30 (71 15 10 56 12 22) (52 65 35 55) (34 62) (24 14) (64 31) 67 (13 11) 54 (20 5) 7 (43 57) (8 70 68 60) (4 29 50) 77 (2 69) 75 23 (26 45) (39 37 21 19 72) (40 44) 3 (49 33 6 42) (74 66) (18 36)
61: 18 (37 77 47 1 67) 19 (16 80 34 42 50 74 33) 65 (71 13) 5 2 (14 27) (68 22 39 62) (21 12) (66 4 69 55) (29 8) 10 (57 20) (46 3 53 73) 38 41 (70 35) (72 61) (25 45) (60 64) (78 58 44) (23 76) (54 32 31) (11 30 40) (48 36 51 6 75 52 79) 49
62: 3 (2 59 40) 61 5 (46 27) (31 15 14) (26 78 4 6) 45 (23 37 57) 49 (13 18 72 58) (52 53) 63 54 (25 29 56) (12 76) (11 34 33 67) (22 20) (47 71 24 65 39) 41 (1 10) 28 (21 79) (16 51) (62 17) 70 (66 69 50 38 75) 73 9
63: (55 49) 42 (47 74 41 69) 79 (52 11 6) (63 66) 14 (20 37 70) 22 (51 12) (32 3) (26 1 64) 53 (67 23 25 48 68 7) (18 80 50 39 4 19) (58 36 34 40) (29 21) 9 (62 44) 46 (27 24 38 33) (65 35 5) (2 13) (71 43 75) 72
64: (72 1) (37 48 55) (38 56 62 39 14) (70 33 51) (44 68 61) (78 66 53) (60 67 65 43) 69 20 24 (12 4) (34 26 16) (17 40) (77 80) (52 6) (5 42 41) 46 (35 19) 2 57 74 (63 36 13 3) (73 64 7 54 32 9 25) (29 45 15 71 30 79 18) 75 31 (76 58 59) (8 23 27 28 11) (50 10 47)
65: 27 (20 71) 4 (41 50) 9 (25 32) (68 70 79 66 33 23 77 59) (28 34) 74 2 36 (5 11 80) 45 76 (19 14) (47 53 58 17 7)
66: (15 49) (22 20) (56 59 62) (66 80) (3 52 35) (65 55) 23 (37 40 9) (53 28) (74 34 79 24 41 13 8) 25
67: (73 79) (78 46) (58 64 6) (27 54 39 28 37 35 18 24 60)
68: 71 73 (20 61 23 62) 60 68 (27 41 75) (38 39 78) (67 3) (30 40 43) (2 18 74 13) (33 53) 11 (57 31 1 65) (16 17 25) 80 59 (54 42 29 79) (66 46 55) 12 4 (63 22) (64 72 51 77) (6 9) 70 8 (10 21 49 34 14 45 47) (44 69 7 48 24)
69: (52 3 80) (22 15 37 19) 24 (11 74 65 54) 55 (4 30 10) (14 73) (1 12) (61 56 34) (7 13 62) (50 66) 20 (51 28)
70: 28 (10 32 34) (50 78)
71: 28 (39 50 41 34 58 78) (6 52) (40 21 15 4 27 1 29 3) 14
72: 64 (76 14 38 77) (58 19) (7 71 73) (59 17) 18 (3 34) (39 51) (26 62) (23 44) 21 (13 69)
73: 19 42 (58 50) (55 29) (64 32 66 24 25 54 22 44) (80 27 9) (65 74 48) (40 39) (26 76 62) 17 18 (35 30) 78 60 57 (12 2 71 52) 1 7
74: (68 16 15) 78 (41 24 51) 13
75: 47 66 (51 57 71) 28 7 (75 65 5) 35 77 (43 48 23) (79 37 4 58 63) 15 33 3 (64 40 6 11) 2
76: (35 56 5) (49 45) 59 (1 40 51 79 42 53 30) 72 39 (62 16 23) 11 (65 20 38) (36 71 4 22) 77 (58 50) (64 67) 3 2 26 10 (6 57 74) (8 27) 73 21 (70 15) 17 (76 52 68)
77: (78 53) 26 (44 67 30 48 13 56) (49 32 70) 77 (3 27 24 7 55) 2 (25 21) 52 (39 1 43 41 15 72 12 29 74) 65 35 6 (58 5) (64 42 9)
78: (46 29 53) (55 42 32 8) 58 65 (60 61 69 78) (37 21 12 63) (41 77 73 52) (72 4 48 11 74 34 23) 10 (27 14 36) (54 19) 49 (13 28 26) (39 20) (2 79 24 67 7 3) (9 30 38 18) (56 57) (25 62 35)
79: 46 68 (8 75 62 29 67 70) 34 (42 72) (57 14) 9 (48 77 10 12 22 2) 7 (38 58 80) (43 21 24 18) (79 44 73) 19 20 (51 69) (5 15 64) (3 47) (27 36) 16 (60 49) 56 11 6 (1 4 45) (54 39 65) (78 26 66) (33 76 35 59 37) (30 25 31 63 61) 41 (32 17 52 23) (28 53)
80: 56 29 41 (20 62) (50 61 3 8 53) (45 24) (10 37) (32 66) 60 (47 2) 80 23 (18 68) (75 19 30 5 22) (25 48 33) 67 (1 73 31 51) (78 74 69) (17 46) 42 (58 14 71) (26 52) 54 (6 16 35 27) 70 72 (11 34 21) (4 12 63) 40 76
1: 39 (76 52) 38 (63 56) (34 62) (29 77 69 16) (22 25 48 61) 10 11 19 (43 35 47 17 50 55 80) (42 71 14) (4 40) (21 27 64 68) 73 (33 44) 6 53 (49 79)
2: 68 (23 25) (17 43) (49 58 53) (77 75) 73 29 (42 18 30 31) (63 64) (10 6) (9 44 52 62 22) 78 61 (4 76 79 39 80) (38 16 65 15 60)
3: (27 4) (8 80 39 63 15) (75 9) (60 22) (5 53 64 43 76 30 41 25 48) (12 78 40) (17 62 77 33) (31 68 16 79) (61 52) (69 66) (71 72 49 23 18 36 29 38)
4: 34 (22 75 63 29 11) (2 3) (17 79) (43 49 21) 48 64 51 16 (53 78) (71 18 68) 55 39 (9 61) (65 26) 52 (31 4) 58 (60 69 27 62 23 80 76)
5: (80 28) (63 11) (36 79 35 49 77) 76 (19 44 38) 29 18 9 (10 33) 61 (60 16 52) (22 64 75 53 62 43 17 27 65 58)
6: (15 40) 79 76 67 (18 29) 58 50 (39 21 68) (33 71 53 2 62 34 43 27) (17 31) 44 22 (42 11 80 63) (9 77 6 23 4) 75 28 52 60 (48 10 64 61 49)
7: (44 65 55) (75 38 13 58 25 17 15 79 43) (64 77 31 73) (72 28) (27 39 78 68 22) (60 16 30) (18 52) (48 11 69) 10 23 (63 9) (49 36 53) 33
8: (49 17 52) 58 10 (44 64 53) (39 16 76) 18 (43 60 79 23) (80 11) 35 (21 42 68 78 30 45 36 66 59) 15 26 29 (55 27 61) (31 41 33 22)
9: 64 (78 37) (79 49) 62 (68 35 52 39) (63 19 22 34) (73 15) 23 (21 33) (48 77) 58 29 (65 17) 9 (31 43 38) (18 42 45 44) (16 66) 27
10: (22 5) (55 61) 40 68 (56 70 17 58 23) 33 (42 31) (78 9 3 53 49) 44 39 (13 21 4) (15 24) 7 (69 12 79 64 27 80 57 43) 11 60 (76 19) (48 62) 34 29
11: (29 64 9 48 63 65) (39 43 17 55 10) (35 23) (5 53 16 40 49) 75 78 (11 31) (79 28) (68 33 80) (4 69 62) 21 (76 60 34) (58 24 19 36 61) (27 3)
12: 38 (60 41 31 61 42 2) 35 39 (23 30 48 52) 43 16 64 (11 68 77) (73 59 18 79 63) (33 58) (12 4 22 80) 28 78 69 36 (49 53 62) 26 9 (17 55)
13: (68 49 25) 38 (11 39) (78 62 60 36 61 63 5 56) 7 (59 72 53) 29 (55 19 31 43 69) (58 64 48) 27 (17 12 23 52 74 42) 22 (44 18) (66 9) 16 (30 40 77)
14: (56 15) (6 33) (43 59 80 71) 68 (29 21 16) (22 78 53 39) (27 61 58 64 17) 69 72 60 (48 9) (2 10) 34 36 (42 30 63 65) (79 35 62 46) (23 31 7)
15: 38 (11 4) 42 9 (22 76 39 49) (79 29 52) 41 (23 55 34) 58 74 (35 3) 16 (28 64 31 48 75 27) 17 5 (26 59 43 33) (66 77 60) (18 71 13 44) (69 62)
16: (11 22 61) (53 30 31 29) (79 15 21) 58 (80 49) 38 (39 10 18 59 52 56) 27 33 (42 16 44 5 74 17) (62 68) (4 23 3 6 43) (48 41) 40 (76 13) 64
17: (23 31 33 72) 27 (2 79 48 76 9) (58 45 16 73 42 18) (65 43 44 68 80 64 49) 10 (39 11) 29 15 (62 55 21 38 40 17)
18: (53 14 31 30 72) 25 (73 22 16) 45 (17 61) 38 63 39 8 4 11 10 (18 42) (43 78) (60 44 27 36) (35 67 79 80 68 49 29) (23 62 33) (58 64 48)
19: (31 9) 60 (4 64 78 27 17 33 30 49) 53 3 (80 61 22) 11 (73 69 10) 42 (23 55 65 16) 72 52 (48 56 21 40 35 29) (58 39) 36 (63 79)
20: 49 (29 68) (40 43 58 28 39 4) 30 66 25 69 (78 53) (64 15 61 16) 63 (56 26) (76 12) 33 (36 62) 50 23 9 27 (5 38 80 42) (44 41 79) (22 24) (60 48 34 21) 65
21: 58 (16 11 18 29 6) (27 7 21) 42 (49 40 24) 72 61 4 (76 31) 39 (71 9 17 38) 79 (68 53 22 63 44) (12 35) (80 5) 10 (62 77 48 78 60 36 30)
22: (79 61 23) (66 40 55 58) (38 62) (21 80 30) (29 18) (60 11 22 69 68) 52 (2 3) (76 44) 73 (9 56 39 31) (16 36 63 17) (33 49)
23: (29 62 68) (80 58 52 33) 64 (75 39 5 17) (60 78) 23 (65 11 72 38 49) (76 16) 43 (27 40 21 12) (48 22) (79 66) 63 (3 61 42) (31 26)
24: (48 43 74 25) (80 11) 15 (79 44 73) (23 26 46 77) (4 69) (10 16 64) 49 (67 60 68 53) (8 9 54 18) (30 63) 33 29 35 78 (31 22 62) 66
25: 28 63 64 11 (39 27) 44 (23 52) (78 73) (49 77 36) (68 80 48) (62 22 43) 18 (61 59 17 66 31) 9 10 (65 58) (29 15) 38 (21 79 30) (2 35)
26: (63 39 77) 22 49 (53 60) 21 (16 19) (64 72) 41 79 (17 27 18) (44 9 80 78) (73 3) 33 55 23 (76 31) (46 36 20) (43 30 56 62) 42 (29 38 26)
27: (33 79 73) 36 (23 26) (22 77) (25 31) 30 (43 4) (68 62 16 27 65 42) 63 (49 76 71 29 61) (34 39) (64 56) (35 78 11) 13 (53 19) (9 18) (80 17 67) (55 48 44) 41
28: (53 62) 35 (4 31) (21 78) (18 23) 10 56 (43 17) (79 20 67 65) 75 (6 33 11 69) (49 26) (9 70 58 8) (64 22 28) 29 66 16 (3 30) (38 71)
29: (22 27 68) (62 78) (39 64) (34 9 77 11) (16 73 80) (26 61 55) 29 (63 44) (30 31) (36 58 60 53) (49 23 17 48 43) (79 33) 71 (15 5)
30: (35 41 36 23 17) (78 60 10 31 49 18 38) (79 2 40 46) (57 69 16 64) (61 9) 39 (76 55 11) (30 73 44) (3 29 58) (33 77 80 43) (48 68)
31: 2 (61 60 36 79 10) (80 17) 9 (22 68) (29 42) (62 58 43 24 31 28 35) (15 55 44 33 19) (5 27) (56 64 23 48 59) (30 16 11)
32: 56 (15 33) (4 17) 37 73 (45 23 26 38 63 11 43 40 79 77) (16 65 64 29) 35 (5 30 80) 61 (10 34) 78 57 22 (58 42 39) (31 53 46 70)
33: (61 5 79 49 75 4 34 60 42 39 65 64) (63 33 8 17 23 30) 36 (29 55 68 10 80 62 58 16) 27 35 (52 31) (19 13 9 22)
34: 48 72 (39 5) (9 66 43 44 69) (22 70) (62 33 65 71 29 36 11) 2 (80 61 60) 78 (64 63) 23 27 (58 25 41 79) (68 40 30 10) 16 (31 17 3)
35: (76 64 60 21 38) 79 (75 15 41) (20 27 77 25 23 32 28 66) (63 80) (4 19) 73 (22 78 40 39 30) (17 59) 10 (49 36 42) (58 43) 29 (67 16) (61 9) (45 26 12)
36: 46 38 (43 76 61) (49 52) (53 15 17 78 22 58) 65 (9 33 26 45 64 63 16 79 48) (39 29 60) 12 (28 31) 55 (32 23)
37: 18 (66 8 39) 80 34 (79 33 75 62) (64 25) 20 (52 61 48) (15 17 23) 63 69 (19 42 60 29) 35 (67 53 59) 78 36 44 (16 49 22) 4 9
38: (43 10 79 11 16 49) 35 36 15 33 (25 76 58 17 30 68) (48 61) (14 21 9) (62 64) (78 31) 42 (63 72 5) (4 29 53)
39: 73 (3 71 24 33) (68 28 29) 64 (25 23) 55 (22 72 41 76 10 67 34 11 49 35 39) (59 1 61) (77 16) (78 63) 17 (62 60) (53 79) (44 40 58) 30
40: 64 (75 80) 42 (15 4) (11 76) 31 (68 12) 40 (35 30 63 33 9 61 18) 16 54 (60 71 62 25 17 58 73 29) (28 19 39 3) 44 23 (49 66) 22
41: (41 66) 36 (5 23 33 38 56) (78 7 39) 63 (26 53) (55 4 49 18) 31 (32 61 9) 77 (74 40) (34 16) (3 42 80 43 58) 25 68 30 71 17 44 35 64 (79 27 62) 65
42: (55 80 16 39 29) 56 76 10 58 (3 60) (23 73) 68 (78 31 48 61) 42 (77 52 47 28) 18 49 27 (38 33 59 14 24 63 79 11 64) (5 22) (53 17 34)
43: 68 36 (6 38) (27 18 63 15) (58 19 22) (64 34 79) 77 23 47 (52 60 28) (39 31) (9 40) (8 10 56) (33 30 53) 75 48 (49 43 17) 29
44: (39 16 61 22 53) (38 11 33) (26 49 31 44) (23 43) 72 (48 30) 25 27 (64 41 21) 58 (63 10 68 4 46 42 73 60) (77 17) (5 79 28 34 29)
45: (42 26) (33 17 19 58) 23 (29 34) 39 (22 64 11 31) (21 38 76 15 43 5 49) (9 62 16) (61 52 28) 48 (10 27 80) (41 65 25) (60 53) (59 79 68)
46: (31 2 64 17 36) (23 58) 49 (67 35) (44 20 16) (27 11 79 63) (80 5) (29 13 33 18 43) (62 68 9) (22 78) (42 52 61)
47: 25 23 33 (80 64) 29 53 (48 34 79) 26 (75 20 62 46 59) (6 61) 49 44 (28 38 13 43 63 40 27) (5 42 17 35 15) (4 60 16) (39 9) 65 52 22 68
48: (7 5 78) (49 11) (43 46) 21 (33 4 48 38 9 27 56 63 61 16) (52 73) 22 79 77 3 75 64 (40 55 39 36 17 26 29 68) (80 58) 42
49: (66 17) 9 42 (78 63 4 60 49 21 52 68 58 39 62) (5 77) (56 3) (55 6) (1 11) (61 29 26 16 79 31) 27 (44 76) (10 53) (43 18)
50: (49 42 80 60 38 31 2 1) 33 (16 10 35 29 70 58 64) 55 22 (23 65) 44 (28 17 21 69 9 4 25 76) (15 30 7) 61 (27 63 46) (71 34) 62 73 52
51: 42 (49 58 76) 33 61 (53 23) (69 75 22 72 19) (68 45 21) (48 4) (29 44) 64 (74 62 80 15) (11 16 36) (57 18) (55 39) (31 13 43 63) (10 17 9 79)
52: (77 42 14 56) 15 (49 62) (4 58 79 76) (40 73 45) (63 60 34) (33 28) (64 16 27 9) (41 48 3) (46 10 66 39) (6 17 31) 61 (53 22) (80 50) (18 52 44 30 29) (69 36 78 71) 23
53: (61 68 10 27 31 78 48 21 39) (44 17) (76 63 35 15 9 79) 33 (58 23 53 42) (80 29) (22 28 49 16 18 34 62) (65 64) 66 (47 30 77)
54: 69 (49 73 20) (68 31 80) 34 (19 8) (33 79 64 27 29) 4 (18 22) 38 15 (67 43 42 60 39 61) 5 (23 54 78) (53 21 10 28) (44 52) 24 (36 17 62 58)
55: (7 9) 77 (66 78 28 55) (42 73 64) 52 29 (8 39) (69 34) 49 (36 56 35 27 22 33) 61 31 48 17 (60 63 68 10 45 26) (30 18) (23 58)
56: (36 60 19) 69 (66 42 27 44 77 55) (76 78 62) (48 16) 58 (54 38 80 79) (23 40) (53 52 57 41) (33 9) (21 13 22 5 30) 29 (10 3 64 8)
57: (11 31 68) 27 4 (79 17 22 9) 53 (16 13) (78 48 62 61) (73 34) (38 55 36) 20 (44 75 23 64 42) 30 76 (40 29 49) (28 60)
58: (75 71) (31 78) (10 44 34 23 21 41) (79 49 48 62 29) 17 (60 15 43) (40 33) (35 30 72 76 16 47 18 22 77 19) (67 58) 64 (63 80) 61 (42 9) (65 39) 4 73 (38 27 56)
59: (34 29 64 40 66) 49 (22 76) (72 60) 39 28 11 (48 12 44 52 27 79 17 38) (23 62 30 65 36 16) 33 (24 56 43 4 68)
60: 16 (55 9 18) 27 61 33 68 44 58 43 (5 36) (35 67 39 47 60) 4 73 79 (42 23) (53 46) (22 29 80 10 3 78 17 38 49) (31 64)
61: 35 14 44 49 (69 64) (17 55 38 41) 31 (42 30) (61 68 3 33) (80 56 45 29 9) (79 78) 62 (34 18 16 10 43) (58 25 15 39 60 27)
62: (66 17) (55 43) (11 39 62 40) (80 30) (22 69 52 38 79 58) 59 64 (9 60 35) (78 48) 32 76 53 5 (16 63 29 73 28) 33 (27 13) 72 (68 25 61 14) (42 23)
63: (79 11 36 62 28 10 42) 43 75 16 41 (55 48 27) (58 23 44) 45 (25 80) 52 (13 78) (64 31) 49 (3 68) (17 22) (9 33) 63 (38 30 53)
64: (67 79) (53 77) 28 (42 40) (41 33) (31 49) 9 (58 19 23 16) (22 44) (63 17) 21 (25 29 55 26) 43 75 (76 73) 68 72 (36 11 64) 59 (2 13 61) (7 30) (60 10 39 3)
65: 76 5 28 (69 23) (78 63 35) (29 79) (60 40 68 58 49) (59 73 66) (44 2 6) 46 (31 33 17 75 64 52 24) (77 62 37 27) 61 (38 48)
66: (73 33 29 80 48 43 22) 66 (30 37) 75 (39 79 21) 49 (27 68 44 16 65) (69 63 17 38 10 24) 56 34 11 36 5 (64 53 25) 40 (60 46 62 2 3 23) (9 58 61)
67: 18 (9 49) 30 53 61 (78 52 62) (22 26 64) 33 60 21 (17 6 77 58 39 42) 23 (48 28 68 43 63 15) (16 27 36 80) (10 11) (31 29 79) 34 76
68: 80 23 60 35 10 (28 63 22 31 44 33 49) 26 (4 16) 29 43 (55 79 27 53 76 25 13 74 61 42) (68 21) (6 65) (64 19) (17 9) 30 39 58
69: (43 45 55 29) 11 (64 20 44 34) (72 53) 17 3 (21 40 68 46 36) (48 5) 79 (58 62) (30 23 9 22) 31 (7 28 27) (41 39 60) 80 (16 49) (63 35 61) (42 32 78 52) 4
70: (19 17 52) (46 40 58 5) 10 (33 62 76 9 79 27) (61 60) (30 22) (4 65 64 34) (21 77 31) (68 23) 35 (63 80) (49 43) (41 16 2) (53 55 29) 44 48
71: 27 (58 68) 22 60 (61 42 34 35) (75 29) (19 21) (11 45) 3 (9 80) (28 4 73 31 44 62 72 36) (63 38 49) 30 41 17 (64 76) (7 23 18) 43 (65 59 10) (16 56)
72: 77 (27 53) 39 23 (18 10 42) 31 (41 79 62) (52 17 44 48 15 36) 14 63 (68 57) (58 33 43 9) (13 78 80 60) (22 61 46 64 30 29 20 76 49 16 40) 2 47
73: (29 55) (10 36 80 58 49 78 3) (41 22) (62 67 17 9 64 4 27) 33 (31 79 76 68 23) (61 16) 46 43 8 (21 30) (39 69 34 48 72)
74: 63 (76 64 52) 45 (58 42 39) 65 27 43 78 59 (69 44 26) 49 (21 61) (73 2) (31 11 30 16 22 40 5 80) (34 55 60) (28 35 10) 66 53 (68 29 77 8) 25
75: (47 38) (80 30 52 31) (79 34 4) (35 15 33 61 64) (21 42) (68 9) (46 16) 43 18 11 (27 17 58 39 60) 62 (10 25 55 13 63) 40 (23 45) (29 75 49 28 19)
76: 29 49 76 59 (21 7) 72 62 (47 42) (39 64) 17 (73 65 52) (80 16 61 26) (9 15 58 5 18) (38 30) (44 35 10 20 43) (11 22) (33 23 79)
77: (26 34 18) 35 (19 60) (33 52 65 58) 64 (76 57 78 10 61 48 68) 77 (72 43) (49 55 29 9 17 44) (11 24 40 27 53) 56 (5 42 79 39 36 75 15) (8 22)
78: (39 53 61 18) 73 67 (58 23) 36 (70 43) (16 27 78 52 9 22 11 71) 20 (49 68 25) (62 33 48 17 24 31) 79 19 (80 64) 29 34 77 (74 42)
79: 16 (67 64) (17 21) 78 (9 33) (39 11 75 43 35) (61 22 34) 62 65 55 5 44 (79 76) (68 28 66 49) (4 53 29) (26 30) 48 63 (36 38) (31 52 10)
80: (5 64) (79 14) (65 43 52) (35 38 58 73 30 19 42 10) 68 (48 39 29 11 4 9) (66 55 61 23 53 17 45) 15 (44 69 16 33) 49 22 63 (80 31)
