80 80
1: 15 (35 36 2 61 73 47) (32 37 22 75 71 72) (29 77) (39 59 53 57 58 13) (41 9 34 50) 28 (48 66 11) (24 80) (5 49 74 51 70) 12 52
2: 66 (73 63) (2 65 59 71) (70 19 29) (45 11 52 76) (18 32) (10 22 7 64 35 3) (16 26) (80 69) (53 72) 1 (74 39 40 62 41 27 17) (48 42) 4 (8 21 57) (30 75 68 12) (23 55) (78 37) (15 60 79) 24 58 (9 77 31) (44 14 46 20) 49 50 (61 25 54 67) 43 (36 5) (38 56 34 13 6)
3: (75 43 46) 20 1 (14 13) (71 26 60) (69 45) (23 79) (58 66) (63 32) (57 70 34 38 4 51) (7 48) 21
4: (71 52 66) (24 1 33 10 57) (5 18 49 72) (36 34 59) 9 (76 64 61 45) (43 74) (21 25 40) 13 (8 20 73 42 11 28) (16 17 4) (50 47 19 26 2 65) 75 35
5: (5 29 65 24 80) (3 39 42) 50 (59 54) (58 2 17) (11 16 48 62) (7 32 14 70) (52 12) 28 (64 56 8) (22 33) 44 27 75 (26 51 40 68 43) 15 (19 63) 78 (31 79 18) (9 74 46 20 57 71) 41 55 (61 53 23) (30 47) (60 34 66) (76 6 73 37) (49 36 69 25) (67 10) (13 45 4) (77 35)
6: (17 57 41) 61 (37 26 13) (59 16) 42 (36 44) 31 23 (14 67 49)
7: (3 7) (70 18) 43 (8 33) (13 71) 29 6 (42 64 40 72) (21 52) 60 20 74 (67 68 62 35 79) 23 63 75 48 76 (24 34) 2 5
8: (48 28) (70 3) (51 20 29 8 77 80 63) 46 (53 18) 33 (44 79) (22 24) 26 64 (69 43) 39 (52 7 60 31) 66 (19 21 25 57 74 50 23 30 47 65 2 40 49 16 75 42 35 9 14 56) (76 13 4 11) (10 72 45 17 34 38 67) (37 78) (32 41) 61 62 58
9: 61 (64 63) 26 71 (25 10) 56 (4 57 75) 30 39 80 48 36 27 (31 1) 33 (2 34 72 42 6 46 41 29 13 62 22) 7 (60 74 70) (77 11 58 40 35 14) (79 18 54)
10: 29 52 (35 23 20 6) (37 80 79 74) 53 28 (46 58 27) (18 47 4 13 21 19 7) (54 9 39) 8 24 11 (1 57 48) (73 22) 69 (51 26)
11: 45 73 (7 8 1) (5 6) (71 21)
12: (30 3) (10 53 26 18) (20 74) (63 42 44) 12 (35 38 58 64 7 52) (78 55) 71 (39 17 11) (25 70 61) 51 (32 79 75 77) (57 6 45 33) (31 22) (68 13 24) (28 66) 1
13: (28 50 30 67 75) (10 34 3) (63 8 65 53 39) (66 33 43 37 61 5 38) 52 18 (20 15) (21 54 73) (14 35 57) 44 69 22 (71 59 64) (72 6) 26 (49 29) (60 13 58 31 1 55 19 74) 76 80 (7 11) 2 56 23 42 45 16 (24 32) 79
14: (11 26 40 61 52 27) 8 21 (59 57 4) 54 51 (64 46) 55 (32 44 3) (77 29) 23 66 50 30 (67 25) (43 73 22) (80 7 1) (38 42 47 41 17 48 13 69) (62 36)
15: 76 39 (52 72) (27 12 69) (16 8 79 25) (44 32 10 80) (41 15 56) (38 35 19 77 58 2 40 48 74) (31 54) (47 62 57 33 1) 20 66
16: 55 (15 70) (8 66 59) (45 69 79 74 61 17) 6 (19 78 5 10) (35 73 7 30 53 12) (71 52) 65 (58 16) (27 72 68) 22 (56 28 2 18) 48 23 26 25 (43 4 39 50 21) (75 36 11) 1 37 (63 76) (60 31 44) (80 54 57) (34 29) 33 3
17: (37 3 16 45 44) 47 76 74 (73 2) (75 48 6) (23 33 52 67 1 72 57 17) 43 10 (15 39) 50 36 (66 46 71 41 68) 4 (42 49 29 58 62 21) (22 12) 51
18: 54 (74 71) (24 45) (27 53) (34 31) (26 42) (44 61 6) (4 66 30 23)
19: (54 36) (71 12 45) 52 57 (35 7) (46 56) 24 37 66 (58 5) (17 47 38 78 74 55 20) 60 (69 50 23 9 15 42 26) 44 53
20: 32 71 (34 51 19 62 30 41) 29 13 (56 61) (12 37 5 47) 59 (55 64) 2
21: (18 80 56 6) (22 55 77 29 58) (1 50) (79 24) (41 17) 60 66 (73 7 33 36 62 65) 4 (10 57) (31 42) (59 8) (37 25 15 38 30) (23 16) 78 (11 32) 44
22: 71 (30 73) (61 77 79) (62 11) (47 44 60) (3 13) 26 (32 76 58 33 21 57) (24 48) (59 12 6) (35 25) (38 22 80) 54 (7 15 51 4) (28 43) (49 1 45) (66 37 78 69 34 40 17 52) (53 18 65 31) (20 41 70) (10 74 19) (27 29 72) 23 (63 9) (5 36 39 42 50 55 46) (68 64) 2 (8 16) (56 14) 67
23: (25 27) (35 47) 7 19 6 (64 63) (78 33 55 20 4) (38 8 61 3) 72 31
24: (42 69) 16 (59 65) (40 14) (63 54 24) (66 12 52) (50 39) 46 (10 28 30 44 77 53) (31 36) 56 (47 70 51 5 20 35 19) (25 41 45 22) 78
25: (28 80) (3 73 10 5) 68 (60 19) 54 (1 4 46 69) (52 58) 23 (47 22) (74 8 76 43) (34 14 65) (45 15 78) (66 49) (30 62 56) (18 21) (50 63 26 44 64 35) 7 (20 27) (38 75) 41 (57 6) (12 79 72) (71 59) 53 (17 70) (29 40)
26: 14 (56 46) 19 (25 23 72) (36 15 65 44) 69 2 (74 12 17) (61 18 9 76 53) (79 75 52) (40 70 32 1 30) 33 (20 51 10 22 37 80) (71 62) 55
27: 48 (56 46 76 15 66) 24 75 61 18 (23 67 3) 1 9 70 72 8 (12 30 34 50 53) (7 21) 6 11 (43 68) (35 57) (36 5) (55 41) 27 (19 51 49)
28: (80 27 18) 25 71 (13 7) (68 42)
29: (20 27) (74 77 56 68) 66 (67 61) (3 71 21 80 73) (42 51 36)
30: (46 62) 64 78 37 (51 76 47) 75 (33 9) (4 29) (27 20 79) 25 (61 17 43 68) (42 26 21 5)
31: (30 12 20) (8 79) 37 (40 72 1) 78 73 28 (29 10) (9 5 71 63 51 76 56 16 45 64 18) (24 66 27)
32: 49 (4 53 35 32) (10 75) (64 34 5 67 56) 77 52 (71 23) 2 (61 6 36) (21 33 19) (80 66 28) 13 (26 58) (63 41) (3 31) 8 (22 76) 62 (11 9 37) (59 74 50) 24 60 20 70 16 72 79 38
33: 52 (73 56 49) (27 62) 25 (15 9 55) 78 39 (46 29 3) 63 (80 5 53 37) 22 16 (44 50 43 60 48 23 75) 19 (7 35 2 59 17 13) 26 (1 47 41 36 20 21) (67 64 79 77 70 65) 71 (42 30 61) (32 45 12) 34
34: 66 (72 50) 71 (75 62 16) 40 (6 27) 24 9
35: 53 (54 73 11 52) (38 3 64 40 25 13) (30 76 31 59)
36: (32 11) (23 41 4 12) 30 (29 37) (19 77) (78 2 8 16) (46 54 43) 80 (39 70) (65 68 24 15 25 31 22 49 3) (45 66 75) (20 48 50 13) 28 (71 38 7 5) 61 (73 35 34) (79 55) 62 (56 27) (52 72 40) 58 (53 9) 14 (74 21 76 60) 51 47 42 (64 69) 57
37: (36 39 5 6) (71 41 8 4 49 58 77) (50 52) 59 (22 37 40 80) 3
38: 45 (61 57) (79 34) 72 26 (4 67) (64 60) (28 43) 3 (16 48) 54 (49 33 47) (51 25) 6 (24 12 19) (32 59 18 29 10) (56 31 13) (40 38 58) 36 (9 44 63 27 35) 78 (76 14 75 42) (2 50) 74 68 (1 21) (5 69 73) 7 (70 80 22) 11 (15 20) (37 62) 17 41 (46 77 52 53 55 30 8 65 39)
39: (62 36 57 59 23) (63 6) 13 1 (41 46) 35 80 (12 33)
40: (34 71 56 60 39 78 11 77) (68 52 54 38 5 76) 16 (70 64 62 4 14) (27 37 24) 44 (28 45 32 31 33) (75 73 48) (74 26 18) (42 10)
41: 56 (35 12) (34 20) (45 10 1) (59 19) 16 65 32 (73 30 76) 41 (74 7) (48 4 27 54) (79 8) (61 37 75) 46 26 (68 67 21 23 78 62 69 52 66 14) (49 51 17) (60 9 53 6 5 15) 58 (63 18) (24 42 71 64 25 57 44 72) 22 29 28 77 55 43 (40 80 33 38) (36 2 11) 31 47 (50 39)
42: (57 9 79) (54 60 40) (30 70) (52 31) 5 (28 49) (61 68) (51 43 20) (11 4 2) 13 (1 41) (50 32) 65 (12 7) 29 (18 15 64 27 38 19 16) 33 (48 8) (26 59) (72 3)
43: 17 68 (23 18 32 9) (13 66) 16 (1 3 39 34 26 48 46) (7 75) 72 15 64 (63 24) 57 44 49 (62 10) 35 (14 74 33) (80 69 8 50) (11 38 21 70 73 42 41 5 76) (45 77) (6 28) 30
44: 60 (26 41) 3 (36 67 49 2) (25 30) (68 39) 76 38 (19 58) 80 (48 46) 78 63 16 (70 24 44 37 27) 31 42 (23 15 45 12 73 8 54 52) (32 6) (57 59) 69 (62 55) (79 9 21) (29 47 1 56) 40 34 43 13 (28 77) (71 17) 61 (5 33 35 7) (53 66 20 18) (72 65 75) 14 74 51 10
45: (21 17 6 13 53 32 76 31 2 63 11) (38 69 49) (40 75) (15 80 55 71 57 29 34 36 66 9 3 43 47 26) (1 4 79 45) 20 (60 30) 70 (5 12) (68 8 19) 51 62 35 (18 23)
46: 78 (39 35) 27 66 74 25 42 (80 58 32 61 72) (33 68 2)
47: (56 12) 42 (54 35 29) 15 (65 74 61) (48 30 43) (50 20 45) 66 (25 26 2 60) (41 8) 21 (44 55 69 40) (28 7 9 39 14 24) (46 32) (47 33 76 57) (36 63 23 77 16 22 52)
48: (22 40) (17 24) 13 31 (64 6 65 29) 34 46 (35 41) (68 62 75 15 63 32 26) 3 (76 44 54) (79 9 8) 47 (2 57) (72 38 4 67) (60 33 21) (19 18) (43 12 77 16 52)
49: 51 (47 23 38 22 11) (24 70) (78 50 5 12 67 75 33 77) (31 16) (63 8) 19 (59 44 6) (58 43 48 42 14 26) (13 66 20) 45 (41 71) (1 32) (40 25 74 69 21) (30 9) (39 18 79) (56 72) (61 65 29 60) (27 37 80) (2 53 36 4) 7 (49 68 46 64) (34 35) 76 62
50: 68 (63 57) 3 (73 34) (49 24 80) 11 (15 8) (10 28 44) 14 70 36 (26 4) (41 53) (76 72 55 31 19) 79 (2 27 39 29) 74 (62 50) (75 9) 65 (7 52 20 18 17 42 22 21 23) 25 (67 37 69) (60 56 77) 13 38 (45 12 1 5 61 40 16 78) 59 (47 51 35) (54 64) (32 58)
51: (37 59) (17 31) (69 9 46) (80 23) (27 62) (51 2 11 1) 26 16 57 (13 34 64) 33 (45 63 75 54) 21 40 (68 79) 10 (20 12 77 60 22 38) (49 78) 70 (56 47 73 67 14 3 43) (55 42) 4 6
52: (41 58 79 70 3 54 65 6) (52 9) 25 (38 75 8 17 53 20 59) (10 56 31 57 77) 44 (47 33) (46 61) (48 49) (32 50 71 14 76) (55 12 23) 63 (51 27 34 40 21 43 22 72 67) (16 1 36 68 62 35) (29 78 26) 15 80 5 (37 74 7) (18 69 4 28)
53: (8 48 17 72) 51 (38 33 13) (20 23 69 29) (53 46 47) (28 32 71 14 55 57 10) (54 60) (78 80) (34 9 36) 3 76
54: (38 72 35) 58 (60 33 6 24 41) 55 29 30 64 50 (74 45 63 32) (10 71) 7 (66 40 46) (52 25 61 11) 51 (28 14 73)
55: 59 72 (11 20 35 74 54 24 14 18) (33 6 55) (34 32 43 42 71 50) 13 10 (39 46 38 4) 53 75 (45 1 5) (56 78 51) 15 (26 23) (62 27) 8 (37 48 70 49 19) (25 7 44 3 40 57 16) (58 22 9) (63 17) (79 28 64) 41 (69 2 31) (12 30 47 21) (76 61) (29 73 80) (52 36) (67 65 77)
56: 1 19 80 52 (56 11 51) (38 57) (77 40 10 13) 7 (21 29 65) (4 71) (30 20 12 9) (60 3 53) (39 48) (64 31 5) 43 (33 74)
57: (51 57 12 43 6 78) 35 15 (75 46 48 77) (68 21 55 74)
58: 2 5 (26 10 17) 31 54 34 (13 18) (60 79 50) (27 37) (71 80) (59 45 62 56) (64 29 9 25 4 55 77 43) 49 11 (32 58 46 51) 70 35 1 23 (72 24) (78 47) (75 22 21) (6 30 12) (15 74) 41 (3 44 66 20) (69 53 76 7 36 65 68) (14 48) 39 40
59: (69 17 54) (40 39) 44 33 47 (13 35 20) (68 77 30 5) 31 62
60: (74 18) (17 64) 77
61: 63 23 (68 55 25) (51 65 7) 5 (50 57) (69 33) (19 75 58 17) (3 11 6 4 1) (21 26) (32 45 49 30 71) (37 48) 74
62: (12 42) (49 33 11 1) (47 51 21) (48 44) (55 58) 60 16 70 10 (80 46) 78 40 66 (14 74 43) (23 13) (25 34 18) (56 54 75 29) 41 59 15 (77 64 39 65) 79 (19 63 57 72 2 35) (53 71 38 5 45 20 52)
63: 24 (76 7 40 9 16 27 36) 71 (67 56) 4 (30 35) 51 (70 8) 50 (66 22) (48 59 14 47) (80 77) (2 43 79 25 11) 15 (63 74 12 32) 28 (54 31 65 26) (37 33 73) (60 3 17 62 21 20 38 6 61 5 45 13) (78 58 72 34 46 53) (42 52 75) 49 (68 57 18 64) (1 69 41 55) 29 (44 19) (39 23) 10
64: (66 32 46 52 25 57 64 72) (62 68) (18 67 65 23) (20 2) (36 51 55) (27 43 54 44 49) (33 31) 34 (59 75) (69 41 24 50 61) 10
65: 6 (2 73) (33 43 5 49 80 63) (76 11 25 29) (62 74) (26 54 59 78) (46 48) (41 38 65) 39 (68 37 61 30 8 72 50 10 27 12) (31 69 66) (79 22 34 1) 9 (14 20) 56 28 21 51 19 32 (45 55 40) (4 57) (77 53 70 3) (15 47 23)
66: (32 19 74) (31 20) (58 67 25 54 28 79 61 48 21) (27 11) (51 76) (64 49 42 18 24 35) 40 38 (78 63) (65 6 33 72) 57 (22 75) 4 (68 30 1 14 70) (66 46) 36
67: (66 24 60 79 29 2) 19 69 27 (54 41 18) (39 75 6) (47 59) (77 61 50 78 22) (71 44 68) 30 (48 65) (74 56) 4 (17 38 16 57 26 45 14) 5 67
68: 22 (2 33) 58
69: (30 37) 65 26 (52 63 21 62) 11 19 57 53 (46 47 20) (41 43) (13 36) 48 58 54 (76 80) (61 50 64) (4 70 78 56 14 34)
70: (33 15 21) (65 63 3) 62 (1 73 41 30) (76 12 61 45 14 22) (75 5) (77 29 13) (79 10) (7 17 40) 64 25 (36 66 28 32 47 49 71) (46 8 34 4 68 9 39 74 60 54 37 19 42 20 50) 72 (31 23 58) (38 44 56 6) (70 59) (16 18 78) 35 (26 51 24) 53 52 48 (67 2 80 55) 11 57 (43 69)
71: 54 (28 62 48 65) 18 (52 79) 44 (4 56) (59 78) (64 8) (77 7) 21 (17 20 14)
72: 15 53 33 (3 39) (50 36 28) (13 57 46 5 73) (71 37 80) 8 (24 59) (43 55 22 49 34) 29 (67 42 16) 11 47 (4 63 78 74) (6 66) 68 17 (69 40 23 70 58 31 32 72 52 48 7 54 65 2) (18 14) 10 (35 27) 12 (62 75)
73: (17 4 44) (34 79 23) 29 77 2 55 18 76 41 22 (36 45 60 66 42 78) (63 52 33) 65 6 10 35 (11 72 39 8 28 38) (9 40 15 51 25 67 64 14) 47 (20 49 57 43 61) (3 69) (59 68 31 50 32 75)
74: (70 59) 3 12
75: (13 62) 53 (65 52) (60 19 25 16 56) (48 26 57 10)
76: 19 29 (28 10 62) (24 51) (5 27 46 45) 26 (11 16) 74 (32 25) 76 65 (3 34 49) 38 37 (57 23 68) 69 52 (50 43) (59 7 73 21) 54 (78 47 8) (33 58) 1 75 13 (80 9 79 30 66 2) 35 (77 64 36 41 18) 12 (39 14) 70 6 55 4
77: 55 (43 73 14 65 80) 37 8 (36 34 31) 3 77 11 (7 12 29) (41 63) (32 25) (58 60 54 30 72) (45 4) 28 (61 18) (44 48 2 17 46 53 23) (68 50 57 69 38) (71 39 5 51) 49 (1 20 33 40) (16 21 62 6) 42 47 (78 70 35 66 76 64)
78: (58 40 76 68 72) (43 75) (30 41) (39 74 16 66 80) (5 19) (29 57 55)
79: 20 (34 6 37 78) 24 (59 14 15) (38 12 13 51 27) 3
80: 60 4 (59 38 8 24) (17 35 64) 10 (33 52) 14 37 (9 26 2 21 57) (77 18) (71 50) (47 11 70 68 7 34 41 40 74 65 3) 45 (61 19) (12 25) 29 67 (58 73 16 31) 27 (49 48 55 63) 39 (80 72) (78 22) (79 75 66)
1: 13 9 70 (44 26 66) 43 (3 21) 31 (51 62 17 52) (4 63 38) (12 55 16 61 77 11) (15 56 58 14) (65 25) (49 45) 41 (39 10 27) (76 50 2 33) (22 42)
2: (15 36 32 5 77 47) (1 38 51 42 68 44 7) (41 4 72 55 48 62 17 58 33) (13 16 46 76) (9 73 67 49) 2 (65 22) 8 (45 70) (64 63) 80 (20 26 50)
3: 42 (76 52 70 8) 25 22 44 (73 51) (13 55 50) 23 (45 48) 32 (79 14) (35 43 33) 36 (17 27 7 16 2 29 38 65 12) (53 58 56 63) 72 (77 61 5) (37 80) 74
4: 52 61 (8 76 3) (30 49 66 71 45 65 17 42) 40 (32 67 72) 2 (41 70 5 18) 23 69 22 38 4 (36 56) (9 16) (73 25) (63 77 48 21) 10 (50 55 37) (58 80 14) 51
5: 43 (56 32 24 25) (33 20) 76 52 (5 37) 22 4 (72 78) 44 (19 45 38 27 11 77 13 67 16) 50 (49 62 42) (2 61 30 41 31 40 70) 59 (65 55) (58 7 1 63 36)
6: (48 5 11) (13 22) (43 57) (12 32 45) (38 16) (55 18 9) 10 (54 65) (73 2 39) (21 37) (63 61) 67 66 (49 25) 72 (58 7) 41 (27 17) (79 76 34 77) 44 52 51 23 70
7: 22 47 12 44 (16 56 28) 33 (27 58) 14 (76 50 70) (42 3) 61 (36 19) (9 11 21 71 63 52 23 49 7) 38 (77 2 13) 55 (5 25) (43 54 41 8 80) (10 72)
8: 44 65 (2 53 42) 23 70 (25 72 10 80) (48 27) 47 (21 5 36) (11 55 22 63) (73 4 50 71 45) 38 (43 37 7) (14 76 49 31 52 16) (8 77) (41 13) 15 32
9: (31 49 10) (4 80 70 43 30) 1 (32 22) (33 5 58) 38 (2 42) 41 (48 76 65 27 50 8) 47 (26 56 45 63 36 53) (34 51) (52 73) (19 55 44)
10: (44 54 15 41 56 32) (73 25 4 62 55) (70 24 17) (50 72) (58 65 8 26 51 52) (16 80) (76 75 43 53) 31 (5 13 63 2) (64 12 38 40 21 9 22)
11: (10 42) 5 73 (62 4) (43 50 16 22) 54 1 (35 70) 72 (56 51 8 63) 66 (49 14) (55 27) (80 45) (38 61 32 58) 13 (69 2) 41 (65 9 40 77) (12 36 76 21)
12: (48 62 36) (80 76 56 63) (42 65) (41 51) (17 55 19 50 5) 12 (15 47 25 2 58 38) (33 77) (72 49) 24 31 16 26 (39 79 20 1 70) (27 45) (44 52 22) (74 57)
13: (35 38 4 9 10) (50 72 14 56) (63 49 2 79) 42 8 (43 76 32 36) (7 22 44) (58 39 69) 12 75 (13 28 59) 33 70 (1 3 53) (6 45 55) (51 20 48 62) 5
14: 26 53 (79 63) (72 24) 69 71 44 (38 9 50 54) (65 52 67 13) 41 77 (36 70) 58 (2 25 3) 51 (80 49 76 6 62 5) 73 (8 66 40 47) 43 55 22
15: (15 55) (42 50 57) 73 (41 16 62) (2 52) (22 72 65) 1 (36 13 21 19) 33 (63 47 45 43 58 70) (26 79 38 5) 44 (27 48) 17 25
16: 42 (41 75) (55 32) (76 43) (33 16) 62 70 (48 49 6) (22 21) (44 40 36 47) 2 34 4 (24 52) (80 38) (50 77 67 31) (72 8 13 78 17) (15 51 5) 63
17: 51 (80 73 77) (44 33 63 52 70 48) (25 30) (14 21 5 61 2) (12 58 22 43 53 71 4 50 16 41 59 6 8) (45 72) (67 17 19) (55 38) 26 60
18: (7 42 77) (55 45) 25 38 21 44 62 (50 43 70 52) 76 (41 12) (31 13 9 72 4) (40 67 64 5 27 16) (58 48 71) 10 28 49 8 (73 80 26 63 2 60 66 22)
19: (33 15 25 8 26) 56 42 (10 13) (63 32 24) (45 80 20 75 67) (55 38 22) (16 70 44 48 50) (4 61 76 5) (66 23 41 36 78 49 27) (2 62) (69 65)
20: (42 26) (8 45 31 38 15) 58 64 (47 51) (71 32 73) (65 4) 10 (56 70 59 52) 13 (41 49) (22 5 50) 3 53 79 (36 69 63 62 77 55 23) (19 2 7 12 66 29) (44 33 25) 24 30
21: 63 14 (71 4 33) (58 11) 43 (13 45 25 56 10 50) (66 52 44) (29 22 48 70 61 17 55 8) 77 (47 16 69 30 2 36 62) (49 41) (51 3) (80 32) (38 7 76) 57 (65 27)
22: (72 48) (2 33 41 55 25 47) (22 16) (8 67 32 10) (24 9 36 70) (1 68 65) (38 80) 37 12 (17 51) 52 58 21 (50 49 5 73 13) (63 66) (26 14)
23: 2 (21 26 10 45 5) (32 63) (61 44 3 18 39 73) (41 36) 58 47 (43 33 55 27 70 62) 76 (51 64 14) 19 52 (72 16) 77 (17 8) (6 65 7) 53 (50 49) (13 25 22)
24: 18 13 (49 54) (50 36 47) 32 (22 63 10 80 27 7) 2 67 76 21 (12 48) (70 66) (79 5 72) 31 (1 64) (38 4 34 40 55) 24 8 (19 43) 41 44 58
25: (22 30) 26 (64 63 55 38 33) 77 (76 15 58 41) 66 (8 73) 16 (24 23 2 47) 75 (9 80 44 36) (5 21 62) 12 (49 70 65 35 28 46 4) (54 61) 50 (14 52)
26: (44 19) (51 47 43 25 38 40 52 6 80 9) 69 (42 65) 63 (67 76) 5 8 (12 41) (14 30) (18 2) 55 (33 3) (4 48 45 10) (16 13 32) 75 (49 70 61) (50 58) 22
27: (9 34) 66 (2 50) 40 (76 38 79 28) 31 (36 10 18 80 16 55 27 5) 14 30 (15 72) 42 (25 64) 44 (46 33 23) (51 22 58) 65 63 67 (29 49) (41 52)
28: (4 54) 66 (77 31 71) (55 65 25) (73 63 36 5) (13 38 1 10 70 43 47 53) (12 24 42) (52 41 16) (50 8 22 72) (32 44) (76 40)
29: (53 33 52 73 44) (67 5) (9 38 50 48) 8 16 17 (2 58) (70 22) (21 1) (56 72 78 76 54) (45 30 42 65) 63 (36 47) (25 77 7 41 55) (20 49) 13 62 (14 31) (80 10)
30: (49 54 36) (26 76 9) 21 (16 42) (55 27) (35 66 45) (43 18) (20 12) (41 69) (58 8 63) (31 33 38 77) (59 5 78 24) (22 13 56 47 44 70 2 65 61) (67 14 25)
31: 55 (18 52) (5 64) 15 32 66 (48 72 45 6) 2 (80 59) (22 42 23) (56 36 51 73) (24 70) (44 38) (13 35) 50 (12 49 21) 16 77 63 9 65 8 (40 58 41)
32: (73 2 22) (43 38 15 12 32) (54 21) 5 76 40 (33 55 36 52 20 41) 66 (72 70 65) 61 (26 50 13 3 49) (44 77) (46 53 63) 14 (58 48 42 64) 1 45 (8 47)
33: 68 80 39 (59 54 42 23 66 65 76) 64 46 (47 21 15) (43 30 55 48) (53 72 73 9 12 8 16 26 41) 38 56 (5 70) (77 62) (44 51) (4 61) (63 52) (22 49) (13 40 32) 7 17
34: (58 73) (77 69 5 3 70) 4 (33 1) (22 40 16) (32 18 45 64) (38 8) (63 43 80 41 72) 48 (7 49 44 13) 62 (2 27 50) (9 55 65 51 36 53 79 25 52 76) 20
35: 5 (1 19) (45 12) (80 70 55 16 25 39 62 43) 7 13 59 47 (48 66 8 9 22) 32 (52 36) 57 (44 72) (50 46) (38 76 4 33) 77 2 23 54 (49 15 27 10) (41 24 58) (73 63)
36: (32 38) (66 77 45 63) (22 55 19 2 4 9) (39 29 37 58) 52 (64 24 49 17) (5 72) (6 41) 33 (44 1 69 26 47 14) 27 70 16 53 (50 73 76) 21
37: (20 37) 52 (36 69) (2 38 17) (6 80) (63 72) 1 (31 32) 49 19 51 (44 16) (70 61) (8 13 77) (22 41) 55 30 (65 58) (50 10) 76 (5 33) (26 40 21) 79
38: 67 23 (21 36 35 76) (25 52) (80 45 42 73 40 62) (49 66) (77 38 53 55 12) 14 56 (63 48) (79 43) 41 (22 19 15) (70 2 32) 54 51 (3 44 8) (65 50) 13
39: 12 (37 44 5 16 47) 62 (65 8 78 76) 17 (73 80) (58 59 63 41) (50 70) (13 15) (1 43 55) 38 (24 33 67) (46 9 49 10 56) 40 (2 72 77 36) 22
40: 8 (70 5 42) (50 62 9) (37 41) (44 55) (22 80 59 77) (73 52 2 63) 35 (72 65) (58 78 26) (51 47 38 7 34 31 56) 4 (45 48) (66 15 36 24 14 25) (49 54)
41: 67 76 (2 54 25) (49 73 77 14) (22 80 36 33 24 15 52) 50 1 62 43 48 (8 70 78 63) (65 44 20) (9 5) 58 55 (17 42 38) (41 32 27 69) (37 39 21 47 6) 64
42: (36 46 18) 17 (5 51 8 4) 62 (22 73) 21 66 72 (9 24) (77 30 2) 70 (28 19) 38 (43 50 12 13 7) (63 44) (47 33) 29 (49 6 40 14) (41 55)
43: (78 13) (25 7 70 51 52 65 36) (64 27) 4 72 (77 41) 38 47 (14 5 56) (17 73) 44 (16 69 3 49 45 63) 57 55 (42 22 62 76) (33 30) (2 8 48 58)
44: (16 50 2) (67 22 26 8) 49 (41 62 55 21) (59 33 47) (73 70) 63 (38 15 17) (40 64 48 24 13) (18 44 25 6) (58 5 77 19 52 43 14 12 71)
45: (58 41 33 67) (18 55 62) 25 (80 11) (70 4) 43 65 (77 47 63 76 50 16 49) 22 (36 45 40 24 73 13 38 61 44 19) (54 12) (31 51) (8 5 3) 2 17
46: (9 17) (47 69 5) 64 44 72 (19 14 49) (62 2 30) (10 63 51) 33 (27 66 70 53 76 38 41 54) (43 77 48 3) (22 39 58) 26 8 (57 65) 55 24 (25 36) 52
47: (48 76 22) (58 20) (19 77 38 50 14 72) (65 47) 67 (25 52 45) 62 30 (44 10 8 5) (49 69 51 23 1) 24 (4 36) (63 17) (55 73 53) (80 33 41 59 70) 15
48: 42 9 (22 75) 10 57 (55 61 14 1 17) (41 77 52 27 8 38 53 58) (63 40 71 7) (67 44) (80 33 5 2 47 72 66 15 43 3 62 65 16) (69 49 70 56) 36
49: (62 61 5 2) 72 (80 33 43 77) (52 38) 42 41 (66 22 65) (8 4) (37 73) 6 (27 55 13 49 25) 63 (51 64) (44 1) 36 (70 50 76) (17 45 32 58)
50: 43 (55 41 69 52 64) 25 (47 2 67) (80 4 76 19 73 16 34 27 37 32) 21 (61 33) 22 70 (8 36 5 58) (49 14) 54 (17 63) (50 72 77) (38 1) (42 24 65 13)
51: 36 (3 62 76 66 52) 38 26 (65 22) (50 30) 42 (73 56) (54 24) (12 51) (5 27) 20 (64 58 53 41 63 79) (70 57) (44 8) 14 31 (77 29) 61 (55 45 49) (10 17) 1
52: (38 75) 47 76 (80 50 35) (19 72 54) 36 (13 10 1 70 56) (41 26 4) (69 42 25) (8 64 15) 14 (48 33 17 52 32) (12 71 44) (5 40 73 63 2 24 62 22 37 55 7 16)
53: 35 (41 69) (62 58 22) 18 26 (16 63 24) 52 (2 65 1 8 55 38) (70 32 77) (45 49) (10 33 36 19 56 25) 13 (75 5) (53 12 44) (72 27) 50
54: (55 64 69 71 50) (13 18 2 65 9) 51 48 5 (66 22) (42 47 44) (25 36) (62 72) (53 52 38 70 35) (19 10 24) 77 (58 67 59) (14 40 63) (76 16) 41 15
55: (36 45 20) (65 55) 21 61 62 54 (23 70 22 44) 47 26 (2 57) 52 76 41 33 19 13 16 80 (78 53 50) 64 (12 27 73 58 14) (38 51 77 72) (5 63)
56: (41 21 26 19) (71 15 58) (22 38) (75 55 70) (8 44 25 24) (9 31 20 49 51) (29 16) (13 40) 36 (27 67) 33 50 (32 65 69 5) 62 (2 47 56 52 63)
57: (70 66 17 3 16 19) (1 57) (4 52) (73 41) (36 51 42) (6 14) (50 77 2) (5 75 78 65 48 72) (61 53 64 80 12 56 8 47 55) (69 67 76 43) (15 63 62) (10 13 25 22) (9 27 38) (21 45 39 44)
58: 12 32 46 (2 70 49 38 61 10 37 21 1 19 54 13 78 9) 69 68 8 25 62 55 (3 17) 22 (41 16 76) (66 72 80) (63 15 52) 77 58 (36 44 50 5)
59: (16 2) (72 32 67 20) (70 33) (64 76) (14 80 55 52) (65 37 58) (39 38) (44 41 4 42 21) (79 6 71 5 1) (35 50 73 74) 13 (25 49) 24 (51 62 22) 63
60: (21 13 62 25 67 2 75 40) (63 58 7 50) (36 16 5 32 44 3) (48 33) (8 22) 80 (47 19 73 45 41 38 49 42) (54 70) (77 56 51 53) 9
61: 8 (22 32) (63 9 13 4 36 23 52) 49 (80 1 38 5 70 47) (44 73 54) (16 6 69 66 2) (29 41 18) (14 26) 20 12 (67 33) 64 (30 50) (46 27 42) 77 65 55
62: (34 8 38 20 5 22 33) 17 52 (2 76 77 7 25 9 63 58) (41 14 51) (50 26) (71 75) 45 (64 21) (59 36 44 69 40 39 49 72 32 30) (15 70 55) 65 (43 48)
63: (55 2) (8 61 13 7 32 62) (70 63) (52 23 80 24) (9 45) (66 38) (39 77 16 48 65 5) (43 73 25) (49 44 33 69 54 22 41 12) 3 47 (31 50 72) 51
64: (12 36) 38 (51 43 30 25 62 66) 5 56 (60 9 14 31) (40 71) (54 2 35) (77 49 73 41 32 22 23 50 69) 80 (64 48 20) (63 8 42 55 76) 33 (7 13 58) (4 70)
65: (67 62 58) (55 77) (25 24 47 2 33) 71 (50 80 5 64 38 70) 63 (52 61) (4 36 22 73 72) (56 8 44 21 16 66 49) (48 41) 75 (13 69 76 65) (26 42)
66: (32 54 2) 72 46 (1 34 41) (4 21) (43 27 3 67) 19 (29 12 18 14) (24 49 22 78) (77 31) 44 64 65 (16 36 25 45) (66 70 15) (47 58 63 8 5) (73 80 17) (62 13 76)
67: (33 32 27) (52 72) 17 73 (63 67) 38 49 66 (29 41 55 64 50) (6 80) 14 51 (48 5) (44 22) (7 8 2 13 70)
68: (65 22 63 7) 50 (76 70 38 30) (16 78 42) 29 (77 12 36) (73 44) (5 49 41 52) (51 43 61 45 46 2 17 64 57) 48 (80 28) 59 25 40 (58 66 27) (67 72)
69: 50 (63 3 22) 47 (41 73 67 14) (44 16 36 64) (53 43 65 24 55 52) (76 10) 26 72 59 (77 5 61) (38 58 2) (25 51 19 49 13 15 70 45) 8
70: (51 25) (77 24 50) (80 76 26 44 5 16) (62 58) (70 55) (52 12 49) (66 2) (32 72 38 45) 7 (69 8) (33 63 36 27 22 1 43 9 74 3 42) (40 65)
71: 12 4 62 (70 61) (11 67) 3 31 (29 77) (26 2 49 28 33 7) 54 (45 17) 36 34 (72 9 53) 5 (56 55) (41 16) (13 80 37 58 1) 22 (18 63 52) 44 (19 40 25) (32 20)
72: (31 78 41 26) 52 (32 2 58 25 9) (44 23 48) 8 7 64 (42 53 34) 50 (16 15 13 62 63 43 55 77) (66 70) (17 54) 36 (73 65) 1 22 (38 80 4) (49 46 72) 27
73: 13 1 65 (4 54 31) (43 80 72 70) (41 36 25 17) (76 2 77 63 55 22 29) 50 44 (14 38) (51 33) 10 (16 35) 11 (40 5 21)
74: (61 38 43) (50 54) (17 49 70 72 16 80 65 44 63) (12 4 29 5) (67 19 41 40 15 10 57) (26 8) 58 55 (1 36 56) (78 47 7 52) (62 76 2 18 46) 22 32 (9 60 13 66) 25
75: (80 33) (40 48 78) 58 62 (8 67 34) (12 52 41 73) 64 3 (61 26 16) 32 (9 49) 2 (50 25 17) (72 63 44 51 5) (7 55) 76 (27 1) 4 (66 38 43) 45 (30 70) (57 36 13)
76: (49 63) (30 78 40 22) (27 41 66 47 48) (38 15 58 70 8) 16 (5 31 7 17) (13 35 76) 55 (77 26 32 53) 45 69 36 (52 2 73) 44 4 (65 25 50) 43
77: 21 (55 63) (43 47 22 76) (77 1) (49 24 60) 48 (70 41) (8 14) 62 (9 37) 56 (58 59 51 5 80 33 15 65) (71 40) 38 50 (36 67) (32 2 52) (29 12 44 57) 73
78: 16 (73 31) (49 22) 36 (55 67 24 41 51 12) 50 (70 19 79 58 65 80 25 46) (76 44 71) (72 30 77) (40 5 8 21 33 53 69 38 66 57 63) 52 62 (2 23)
79: (63 76 8) 71 (5 65 55 3 33 41) (12 67 48) (25 15 42) (7 16) (30 13) (9 26) 73 49 21 (50 44 51 31 36) (45 62 32) (58 10 2 22) (52 66 80) (38 70)
80: 65 (53 22) (5 80) (72 28 37) (58 9) 21 (50 56) 46 (70 16 63 33 26) (29 52 69) 44 (15 38 78 14 13) (55 39 1 36) 8 (45 62) 43 (32 25 2) 51 (49 41) (77 10) 76
