80 80
1: (23 53 74) 77 (67 47 43 46 14 76 21 75 41 32 62)
2: 63 10 (79 45) (1 64) (4 53 31 7) 16 (3 43 5) (55 56 49 62 40 35 33 8 13 59 28 73 21) (19 9) 17 (69 80 30 24) (32 44 34 54) (50 15 57 65 71 66) 25 (68 36) (29 51) 39 (47 72 6 75 23 26) 76 (14 58 38 74) (67 18 27) 61 37
3: (32 3 49 66) (16 61) 24 (50 28 31) (33 12) (59 62) (45 11 14) (54 71 37 44 19 53) 17 (7 80) (22 1 75 76) 29 (48 30 38 52 46)
4: (23 62 69 14) (48 65 49) (45 75 4) (42 77 8 15) 38 1 56 (57 71) (2 66) (64 21 29 32 7 55 5) (53 76 6 46 37) (35 73 68) (43 19) (25 67 27 70) 30 (12 17 79) (50 40) (60 24 10 20 9) (28 3) (39 31) 36 26 (11 78) 22 (63 72) (61 33) 13 (47 18) (34 16 74) 59
5: 17 (50 15 1) (53 41) 9 (40 31) (32 61 5) (19 46) (4 69 44) (58 10 54) 45 14 48 51 38 74 (63 79 22 77 43) (68 47 35 70 52) 7 (6 21 80 26 12 33 75 76) (18 34) (25 56 11 59 30 2 73 64 23) 60
6: (59 36) 34 (56 61 19) 48 (20 18 31 5) (49 52 68 33 78 70) (2 76) 15 67 (74 35) (28 12) (22 14 32) 30 (9 43) 38 4 (69 25 37 77) (24 58)
7: (2 30 64 79 50) 14 (62 65 44 63 26 72 78 69) 41 49 (52 56 48 21) 42 54
8: 45 7 (36 53 23 22 19 14 42 63) 31 (3 35 18) 38 57 72 51 (5 37 66 76 17 16 55) (24 77 33) (4 29) 9 (27 21 52) 34 30 39 (61 59 6 78 41 26 56) (60 43 74) 32 (2 13) 25 (46 28) 70 (79 62 8 69) (47 54 73 80) (50 48) (58 68) 10 15 65 67 40 75
9: 13 (63 57) (11 31 36 74) 80 (15 40) 47 (10 28) 9 (41 39 49 8 30) (70 79 69 42) (12 29 54 33 66) (3 56 76 2) (65 50) 55 (77 73 52 46) (24 72 7) (16 44 64 53 25 17) (27 45 38 6 68) (35 19)
10: 4 (73 29) (79 69) 1 (6 11) 75 (17 50 27 31) (14 55) 39 19 (8 45) (21 70 18 61 49 47) (30 13 33 67 20 46 62 53 48) (2 76 57 25 40 35) 37 (15 74) 58 (56 43 24) 63
11: (22 11 12 66 49) (29 63) (53 20 64) (71 5 45) (18 56) 48 30 (23 78 54 31 17) (59 32) (43 58) 15 10 (75 4) (24 74 25) (77 9) 55
12: (58 31 34) (69 74) (36 72 61) 42 (65 24 16) (15 28 64 6 29 27 40 32 60) 70 9 35 (68 56) (51 11) 8 75 22 (78 46 63 50) 80 14 30 43 55 (23 73 45 2 57 3) (19 41 44 26) 76 (13 25 4 20)
13: (9 73 35) 49 (7 19 23) (56 78) 10 (21 66) (26 39) (46 5) 65 22 (67 63 55 1 60) (27 69) (20 11 17 51 33 15 32) 2 80 40 52 (29 68) (59 77 45 53 42 3) (34 50 38) 43 75 (74 24 12 41 62 58 48) 31 (28 44) (36 54) 18 (61 72 47 25) (37 13 70 76 64 79 71 16) 14 8
14: 12 (71 52 8) 78 69 (22 20) 21 (24 27 63) 40 (50 11 47 75) (1 15 65) 66 (41 64) (45 72 33 57) (30 55 70 54 14 56) (38 42 3 67) (19 10 28 77)
15: 17 24 (67 55) (75 59) 21 34 31 47 (4 43) (66 46 12) 74 (38 6 36) 18 (33 72 69 58 57 44 80 61 27 71) (19 35 54 68 30 3 65 49) 79 (45 29 60) (70 73 39) (22 26 64) 1 53 (50 51) 10 (76 2) (56 5 13 11 14) (42 78) (37 40 23 16 15 28) 20 (48 7)
16: 63 36 37 (19 29 20 67 71 45) (34 59) 24 (66 11 26) (2 53 50 27 44) (72 9) (31 57 40 21) 46 (65 13) (22 49 3 7) 1 14 17 (51 56 38 8 75 16) (64 23 25 4) 39 (32 41) (15 76) 79 (28 43 33 30 74 5 42) (60 73 69) 10 (78 18) 12 68
17: (71 51 5 8 67) (55 37) (80 27) (17 58 47 79) 69 (34 41) (33 28) (10 48 61) (9 46 3 20) (32 35 2) 73 (59 40) (31 22 53 38 21 49 70 1 18) (16 57) 25 39 (54 36 42 26) 15 (14 44 56) (66 19) 62 (65 23 63 11 68 75) (50 24 60 45 13) 43 (64 72 12) (52 6) (76 4 7 30 29)
18: 20 (54 79) 77 (70 7 17 31) (61 75) (35 48 64 56 38) (36 12) (1 45 52 65 39 55 18) (23 49 40) (68 4) (74 59) 32 (58 6 46) (73 60 26 67 80) 72 (29 2 16 78) (22 51 44 19 3 41 34 9 42 30) 25 (5 28 8 71 47 15 43 53) (62 76 27 24 11 69) 21 14 66 (33 13) (57 37 50) (10 63)
19: 32 (54 27) (20 42) (16 69 15) (7 71 76 40 31 57) 67 (18 25 17) (77 73 14 70 11) (51 78) 24 (60 58 65) (23 9 47) 79 80 (75 12) (39 28 22 6) 1 (13 29 68)
20: (16 59 24 41 8 29 1 23) (67 63) (6 72 36) 9 (71 56 66 77 10 68 47) (37 55 11 49) (13 22 57 69) 35 (80 54) (75 20 74 21 62 44 7) 18 (31 40 61 3 45) 65 34 58 (38 64 76 78) (12 28 17) 26 (51 43 52 42) (48 2) (5 73 70) (32 25 50 19) 30
21: 63 60 (62 36)
22: (47 72 70 11 61) (1 21 49 56 50 69) 18 (26 8 76 71 30 10) 22 (57 54 5 52 51) 75 (3 19) (32 80) (15 9 58 28) 20 (43 16) (55 53) (45 67) (60 63) 35 24
23: 67 (40 74 21) (31 76 63) 15 57 41 (71 37 25 49 28 7) 44 2 20 17 73 34 12 18 (39 11 42 32) (70 58) (16 33) 50 77 62 (55 64)
24: (73 38) (61 12 14) (59 80)
25: 68 31 (73 76 42 33) 53 (63 75 34 66 39 21 61) (56 40 9 41 7) 14 (19 44) 23 (30 25 74) 70 (36 2) (79 32) (1 49) 27 20 (16 5 62) (51 60) 13 (59 64 48) 6 (69 37) 29
26: 57 (61 26 18 33 35) 2 (68 46 29) (71 31) (20 24 22 67) 21 65 28 36 (52 12 41) 73 (6 9) 70
27: 76 (14 67) 78 (10 13) 29 (21 50 5 26 40 33 7 43) (19 79 15 22 9 1 66 58 73) (20 12 60) (80 31 75 74 71) (54 77 72 23 56 41) (51 24)
28: (24 76)
29: 7 68 (19 43 69) (34 12) (3 53 51) (52 41) (30 72) (70 45) 2 76 (4 1 71 26 8 25 16 46 48) (15 62 61) (55 17 18) 58 (9 32 23) (78 80 6 39 13) 20 75 42 21 77 (47 14) (29 59)
30: 17 45 (42 13) 19 (47 57 75) 40 39 (22 46) (24 27 21 5) (26 67) 15 (11 66) (79 31 8 28 49 60) (38 51 36 7 73 43 29 16 77 48 23) 80
31: (11 7) (9 4 69 26) 53 (47 78 64) (36 30 65 12 29 58) (33 72 21) (19 40) (32 14 57 15 73 62 34 31 25 46 48 5) 61 60 (42 41 59 51 74) 76 (8 3 80 43 49) (17 18 16) (70 2 55) (1 77 23 44 39) 24
32: (38 14 49) (56 13) 26 77 (21 76 57) 18 (39 59 27 67) (54 80) 23 25 (22 65)
33: (46 16) (54 71 59 9 41) (2 76) 6 43 74 44 (61 39) 42 (13 14 22) 35 62 (27 52 31) 32 (28 64)
34: (55 54 51 17) 50 (79 22 42 53) 8 44 (72 10) (59 61 45 41) 58 21 (57 75 29 18) 23 19 28 40 (78 64 5 34) 66 (60 20 27 39) 37 (62 36) 76 (16 12 25) 74
35: 70 9 (16 29 15) (45 20 72) (35 36 52 6) (49 68) (23 54) (31 38) 17 (41 74 58 24) (19 79 40) (44 65) (8 1 2) 27
36: 51 59 12 69 (34 77 47 40) (67 73) 23 (76 19 15) (22 52 62 9) 75 65 (29 38 55) 5 71 (57 50 48) 1 (58 2) (35 42) (25 13 79) 37 (33 39 16 26 45) (31 49 14 24 10 8) (80 78 3 21 6 44 46)
37: 60 (80 76 33 48 13)
38: 30 60 (62 45 75) 52 58 40 48 (16 72) (15 70) (78 49 74 59) (22 44 32 9) (80 51 28) (8 19) (25 53)
39: 40 5 43 (77 39 60) (38 36 68) (41 19 9 28) (8 11)
40: 39 10 37 (50 20) (23 43 18) 66 17 65
41: (22 69) (54 43 76 50 45 48) 58 (53 29) 31 (40 10 63 12) 60 (27 42 56) (24 20 64) (70 38) (32 68) (7 18 71 4) (25 6 73) 59 (74 19) (51 14) (66 11 78) (34 2 23 47 61) 80 41 (3 5) 52 (37 13) 49 (15 1 57 36)
42: (62 47 6 58) (56 54) 5 (43 1 77 50 79) 32 13 (19 68 51 11) (66 73 60 20 67 21 55 34 71 25) 72 (29 35 63) (64 39 2 30 22 10 80) (40 45 42 27 12 44) 37 24 (9 69) (28 16) 57 (76 49 33 48) (74 17) (38 75 78 65 7 18 8) 4 59 (41 3 14 31 70) 36
43: (31 15) 59 (64 45) (27 57 7) 71 (5 35) (30 52 37 6 39 69 53 23) 61 (63 4 47) (17 65) (46 9) 42 56 (74 73 14 22 60 54) 80 2 24 (16 18 66 43) 41 (38 75 68 76) 78 72 (13 36 50 62 49) 51 48
44: (66 80 11 78) (68 79 67) 70 (42 75) (61 10) (47 36 34 5) 4 (30 52 28 74 2 59) 33 (1 53) 38 (32 72 22 62 8) 76 39 49 (65 7 58 41 73 20 15 25 55 50 77) (35 24) (46 27) (26 6 60) 3 (31 51 43 37 29 71 56 63 57) (19 18) 45 12 13 40 (54 9 21 48 64 14)
45: (29 35 67 72) (79 22 34 2 63 3 51 45 61 74) 60 27 (26 25) (64 69)
46: 46 (4 36 47 40 14) 69 (44 59) 30 (33 65 80)
47: 17 76 34 (50 61) (78 7) (23 68) 53 41 (80 31 6) (77 72) 8 (55 37) 45 (25 54 73 38 71 40) 58 (39 10) 51 (30 49) 64 (35 67) (5 12 66 2 11 60) 46 (28 33 3 18) (42 47 75 14 43) (20 15) (70 44 62) 65 (26 27 74 9 48 36) 56 (52 21 32) (69 79) (19 29) (1 4 57 24 63 16)
48: 75 (26 13) (64 12 71 43 36) (55 54 30) (16 59 10 29 73) (49 7 31) 21 (18 22) 47 (4 66) 65 (77 35 58) (40 41 42 48 80 56) (57 74) (24 69 46 63 25 3) 61 (8 11) 72 19 39 (60 37) 32 (14 9) (62 15) 51 68 50 70 (6 20) 52 (76 1 45) 34 33 38 2 (44 67 28 79 5 17) 23 53
49: (4 50 19 34 24 17) 14 (66 60) 80 (73 7) 46 37 (69 18) (45 32 53 79 30) (29 10) (8 55 41 49) 13 11 77 71 (47 67 57 59 64 68) (36 33 16) (31 22 61 38 70) (35 42 5) (54 28) 74 (72 58 63) (15 78 21 51) 75 (3 2 65) 62 6 44 (76 27 56) 20 25 48 (12 43) (40 52) (26 23) (1 39 9)
50: (31 11 59 12 76 51) (71 23 22) (9 30) (69 41 29 77 4) (50 44) 24 55 (25 13 15) 65 (72 64 1 67) (68 60) (7 57 73 10) (26 40) 66 63 (79 39 16) 8 (21 27) (54 18 42 48 53 6 20) 38 (17 43) (61 70 47) 58 52 74
51: (6 63) (24 23) (74 52 5) (75 8) (66 72 77) (21 48 30) (44 4) (29 51 16 80 11 50) (26 34 65 2 54) 69
52: (29 61 41 4 17) (72 74 27 8) (23 36 53) 10 (20 47) 73 64 6 15 77 (80 58 11) (70 30) (35 22 2) (48 79) 37 65 19 67 (7 3 32) (78 42 66 51 14 13 60) 9 (63 24) (5 75 59 31 54 39) (28 46) 45 71 (25 76 18)
53: (37 79) (39 38 75)
54: 27 (8 46 41 53) (19 37) 34 29 12 67 (21 66) 33 (75 25 79 17) (1 35 54 23) (55 2 63) (20 52) (49 44 48 62) (45 73) 77 (18 9) 11 (15 3 13 80 71 30) (6 36) (32 26) (65 10) (68 58 43 78) (14 60)
55: 58 (50 15) (1 7) (3 56 8) 32 (54 46 20) 60 (63 57) 39 (51 23) (52 14 66) (19 40 9 71 21 43 79 59 18 37) (55 70) (74 67) (27 73 44 68) (61 77) (48 16) 76 (41 28 38 4) 69 (2 33) 22 45 36 65 (30 13 75 72 10) (29 49) (12 17) 42 (35 25 31) 80
56: (38 60) 23 39 (14 9 65 25 63 7 37 8 24 18) (11 26 54 28) 31 72 21 (50 58) (57 56) 47 13 12 62 (68 33) 42 73 5 22 (48 4 6 79 71 74 77) (59 3 61 36 43 70 69 66) 34 (44 16) (55 10 32 49 52 20) (67 35) 53 (46 17) (29 15) (19 78 51 64 41) 75 1 (45 27) 2
57: (16 2 45 42 4) (40 72 59) (22 34) (55 68 74 57 11) (76 17 41 67)
58: 43 4 (10 54 20 31) 9 73 (7 59) (47 33 18) (75 11 39) 2 21 28 53 63 (36 70) (25 38) (57 45) (80 52) 32
59: (22 7) (65 17 1 10) (19 61) 56 11 (31 34 77 23) (16 76) 43 (78 60 18) 12 33 36 40 (72 8 41 63 24) 42 (75 51) 47 73 (28 80) 68 59 64 (35 26) (20 46 13) 48 (29 69 2) 50 (21 79 55) 74 (39 45) (53 71 6 44) 25 37 (4 3 62 54 38)
60: 18 66 (44 36 23 16 26) (65 59 8) 68 (49 57) (21 41 71) 61 (34 43 79 2) (25 28) (51 62 60) 19 (75 77 45 56) (78 29) (31 30 13 76 50) (69 80 14 1) (38 4 64 53 54 55 39 35) (48 7) (63 46 11) 72 (6 67 9) 5 17 (70 42) (22 33)
61: 12 (17 32) 48 62 (5 61 21 13 63 71) (52 16 56 55) (10 20) (58 72 39 18) (74 59 68 1 57 50 28 4)
62: 73 48 56 (38 47) (29 72 4 2) (25 11) (14 74 43 41 62 79 3) (31 59 17 77 7) 71 69 (30 64 42 1)
63: (46 72 60) (50 63) 24 9 (75 55 12 8 76) (48 62 29 64) (32 26 77 56) 45 6 (39 7 53 41) (17 15) (40 14) 38 3 (52 78) (23 20 73) 61 33 (35 1) 11 70 36 (42 44 59 57)
64: (73 44) 42 (17 1) 65 32 (3 75 66) 55 6 (21 8) (69 67) 58 62 54 (22 68 20) 29 (7 5 43) (14 47) 33 (26 77 2) (13 51 27) (74 63 28) 45 15 (57 41 70) (71 39) 78 80 10 16 48 (59 56 46 12) 64 (35 37 11 52) (76 50) (40 53 9) 31
65: 18 (57 35 25 48 78) (45 61) (1 3) (22 75)
66: 38 2 (56 24) 39 27 (65 33) 71 25 48 (49 8 4)
67: (51 73) (34 33 79 61 59) 43 (2 55) 52 48
68: (15 8) (65 29 73) 47 (22 13) (11 63 12) 24 (68 49 43) (9 58 48 17) 7 (18 39) (28 56 80) (37 71 6 21) (53 70 78) (54 79 64) 3 45 (69 30 1 32 41) 57 (66 75) 74 (4 35)
69: (44 55) 4 (18 80 25) (14 57 24) 7 (1 3) 76 (70 64 73) 79 (26 20 39) 36
70: (43 27) (10 69) (72 71 38 29 32) (31 63) (56 54) 51 (14 7) 74 (52 39 26 60) 23 (9 44 1) 33 (20 12) 13 (18 57 41 40 73) (53 5 34 70 4) 59 21 (77 15 80) 17 49 (76 47) 62 (37 68 66) 46
71: (36 72 7) (27 76) 16 (19 70 44) 23 18 47 73 31 (63 48 17 53 80 21 10 2) 35 (25 58 8 67) (24 55 64) (59 13 28 38 3) 46 (68 42) (61 9) (32 62 26) (45 60) (5 74 33) (65 54) 77 69 71 (50 14 29) (43 49 39) (20 4) (75 12)
72: (22 77) (63 39 38 14 17 44 50 20 6 28) 34 (35 61 45) 11 (80 55 49 67) (30 40) 57 (19 79) (25 54) (70 59 8 13)
73: (20 63 34) 69 (68 8 3 13) 46 (9 16 65 39 50 11) (74 66) 62 (6 41) (29 77 14) (23 54) (32 67) (4 28 36 47 22 61 52 75 48) 57 (19 55 79) (17 49) 26 (18 33) (45 30 72)
74: (6 12) (63 5) 50 (75 34) (73 44) 35 (21 26) (45 31 3 56) 19 (69 7 8 58) (29 72 77 64) (49 39) (80 79 52 68 46) (66 23) (28 14 76 20) 22 (15 65) (18 10 42 67 61) 16 (27 78) (24 71 9) (36 48 57 70) (2 32) (54 60) 55 1 (11 51 59) 40 (37 17) (43 47)
75: 2 (63 64) (43 66 56) 76 (55 65 48) (40 14) (30 33 4) (49 13 36) 29 37 28 (52 12) 8
76: (4 69 46) (61 57 42) (12 54 70) 43 (71 66) (16 44 30) 1 79 22 51 (32 8) (62 23 34 63) (45 35) 77 (5 3 74 10)
77: (44 71) 22 (7 61) (46 17) (65 43) 29 (68 3 79 33) (49 12 74) 24
78: 51 9 (30 40 1) 24 (64 15 49 68 42 4) 46 79 (28 73) (32 77 16) (69 71 66 27 21 54 55) 36 7 45 (47 10) (59 11 6 56) 58 (48 76 62 41) (70 12 8) (34 22 13)
79: (77 70 30 28) 58 25 (45 9) 75 (71 74 56) 79 (72 1 65 54) (51 26) 60 (19 20) (16 29 15) 17 38 63 (46 78)
80: 14 74 (26 73 37 43 79) (60 55 5) (29 48) (17 34 59) (32 57 4 58 16) 25 (7 41) (64 50 13) (12 49 53 69 27) 66 21 78 28 (80 61 62) (76 40) 8
1: (62 13 42) 29 14 (56 49 76) (4 20) (68 64 63 44 59 16 48 74) 35 (79 78) (19 15 25) (17 31) (54 65) (50 55 69 18 61 47 70 5) (36 10) (41 22 2 3 60 27)
2: (45 35) (47 49 51) 64 (55 62 36 54) 67 18 (8 17 56 13 66 59) (43 12) 58 5 (31 75) 23 (4 6) 44 48 9 (29 26) 42 (15 71) 74 41 (33 57) 60 (16 52 10 7) (25 20)
3: (69 22 12 48 62) 42 (14 74) 73 (64 29 52) (77 56 44 76 9 3) (20 45 71) (47 54 36) (16 4 63) (55 15) (59 41 17) (68 2) (13 8 65 49) 18 31
4: 18 (62 51 56) 47 (76 8) (11 10) (43 68 80) 70 (66 78) (16 55 44 46 2 61 4) (15 73 6) 60 (31 58) (17 57) (5 29) 49 (71 50) (48 42) 41 (52 59 12 69 75)
5: (31 61 22) 80 (5 42 16 18 51 27 44) 52 47 (4 34 8) 39 6 71 (74 49) 60 (15 11 25 36 2) (70 56 64) (30 41 43 17 48 76) (13 20)
6: 72 (18 54 73 15 19 10) (5 4 50) (25 78 9) 64 (36 20 35 59 8) (44 49 12 17 51 52 41 60 26 47) (2 74) (68 42 33 56) (43 63 48 29)
7: 58 (69 78) 23 59 (70 18 42 56) (49 5 60) 63 (3 13 50) (16 31 62 71 48) (19 64 52 74 2 55 43) (30 25 41 20) (17 15 29) 27 (77 68) 44 (4 8) (9 80) 47
8: 71 (16 35 80) (63 49) (29 78 17) 47 (12 39) (36 42 50 55 10) 52 (44 4 56) (22 13 76) (68 2 18) (14 59) (20 31 72 60) (73 66 75 74 8 48 38) 34 (9 64 30 54 51)
9: (35 49 60 2 13) 17 (22 63 73) (74 33 42 25) 47 44 (78 54 6) (36 26 20 4) (55 71 48) (38 43) (52 68 64 58 29 16) (8 19 5) 9 (50 39) 12 31 (70 27 11) 18 (56 79)
10: 42 (64 41) (27 56 44) 9 71 (22 55 59 17 78 11 54) (50 8 18 4) (48 47 52 2) 74 49 40 15 (14 36) 13 (61 70 16) (76 58 5 34 20)
11: (73 42 16 30) (72 15) (4 74) 58 54 10 (18 5) (22 19 13) 49 (47 62) (12 52 56 44) 63 (57 78) (31 20) (68 60 11 41) (17 23) 50 (14 64 59 39 48 3) 51 9
12: 14 (19 77) (5 9 16) (44 78 42 26 3 20 56) (59 48) (6 15 49 71) 61 (55 34) 80 (31 76 23 24 64) (54 29 50 4 68) 18 41 (27 63 74) (11 47) (75 13 17) 70 36
13: (75 80 70 19) (25 8 54) 71 (33 73 17 68) 12 61 30 (55 2 50 32) 78 (59 18 48) (29 56) 13 (37 16 36) (42 44) 60 49 41 4 27 15 (10 64 52) 9 (72 43 20)
14: 6 56 80 (70 4) 48 (17 74 69 52) (16 14 54 18 7) (33 1 44 60) (3 31) (8 25 2 42) (36 24) (10 63 41 64) 5 32 (62 55 12 73 43 75 29) (49 27 19 13) (46 47) (72 15) 71
15: 4 10 (78 5 52) (36 55 41) 56 (47 54 15 79) 48 (44 14) (2 74 64) (68 17 19 23 27 18 38) (35 30) 9 (6 49) (63 16 43 31) 8 (50 70) 12 29 13 (11 22)
16: 19 (47 61) (15 80) 57 3 (73 59) 56 31 50 (22 60 2 71) 49 (36 16) (64 38 18) (51 9) 43 (17 78 34) (33 76 4) (25 48) 29 35 (8 23 79 55 20 42 12 13 30 74)
17: 71 (13 30) 79 10 (40 4 43 23 20 5) (9 17 72 57 74 29 54) (47 77) 16 (61 60 50 35) (48 59) (52 73) (31 34 56 18) 42 (3 19) (64 49 8) (11 15 68) (70 55 63 62 80) 2
18: 47 73 (65 40 17 56 58 8 32) (49 15 69) (48 2) (55 74 29 6 52) 19 20 (22 4) 44 (68 60 18 50 13 61) (54 26 41 34) (31 71 23) (59 5) (11 42) 10 (43 16) 70
19: 13 (49 27) 4 (15 2 71 30) 48 (41 12 29 17 14) 56 (74 38) 59 47 55 35 (10 36 16 34 42 8) (22 60 73 31 52) (54 39 44 6) 79 (5 20) 25 18 (72 3 9)
20: 14 (54 50 16 70) 27 (69 71) 41 (48 10) 44 (56 42 47 17 74 49 20) 13 52 (40 61 12 35 26) (15 58 79) 34 64 18 (55 25 22 23) (6 4 59 72 19) (73 11 63) 29
21: (31 59 55 29) (17 16) (80 60 5 14 47 25) (32 74) (13 30) 68 (7 71 8 54) 20 34 48 (64 44 58 61) (18 10 27 50 78) (15 4 49) (2 36 1) 70 26 (42 56) (22 23 51)
22: (34 3 16) (74 65 49) (60 32 76) (48 26) 4 (73 15 22 56 41 27 18) (55 20 6 44 57 52 13 78 59 43 38 50 64 14) 72 (36 8) (77 42 11) 19 68 (45 33 5 12) (30 17)
23: (56 2 25) 54 (18 52) (41 74 16 35 34 60 73) (15 70) (13 55 17 63 40 1 27) 12 29 (48 4) 50 43 51 (36 47) (20 11) (49 71 76) 32 (5 31 8 30 59) 19
24: (19 4 74 30) 10 (35 44) 31 28 (16 14) 42 (71 22) (50 26) (20 69) (63 9 6) (52 41 51) (12 56) (11 68 48) 8 43 (2 36 78) (3 59 13 47) (66 18 27) 77 49 (15 17)
25: (41 47) 19 (16 66) 54 36 45 (11 48 72 38 34 12) 49 44 (13 79 50) (9 6 52) 29 58 (55 23 17 2) 69 59 (60 32) 42 (5 65 25 18) (80 31 8 20) (10 62 71 56) 4
26: 17 (20 59 51 5 56) (8 45) (30 4 48 7 69) (54 15) 29 (44 12 13 60 47 31) (49 74 16 70 27 2 36 73) 32 18 (50 22 71 64 63 26 79 80)
27: 55 15 (78 52 70) (32 12 66) 33 42 41 9 (56 47 74 34 16 71 43 64) (44 18) (4 49 25) (35 54 10 8 19) (45 13) 30 (14 80) (50 17) 2
28: 13 (42 38 80) (23 2) (47 14 56 9 15 20 8) (44 72 39) (19 78 3) 33 (12 34) (16 73) (74 55 18 6 71) 48 (68 17 4 58 59 64 26 22) (49 30 60) (61 75 79 52)
29: (52 44) (64 26) (70 75 80 17 12 68) 79 (45 27) (48 25 54) (19 4 29 55 47) (50 74) (15 71 62 20 10) (3 63 8 13) (18 11 31) (59 16 35 34) (60 73 2) (56 49 42 30 41 36 9 51 77)
30: (47 76 42) 10 17 48 (14 12 46) (50 60) (43 55) 44 (16 49) (18 25 79) (29 4) (54 31) (7 75 20 72) (78 15 11) (22 5) (8 52 2) (38 68) (62 3 9 6 73) 51
31: 18 26 (36 4 25) (23 8 50) 48 47 (64 15 33) 27 (60 52 44 12) 19 (31 3) (13 55) (17 58 9 62 41 59 10) (42 71) (70 2 11) 5 16 56 49 (30 43 6) 35 (74 20)
32: (38 44) 55 (49 47) (68 3 1 13) 29 19 (8 63 12 4 41 76) (5 70 61 23 78 2 22) (16 74) 54 (31 6 17 64) 25 80 (20 58 52) 73 48 (33 56 18 71) (11 42)
33: 73 10 (25 26 75 63 44 49) (8 58 36 16 46 48) (67 15) (66 70) (5 71 6 77) (47 4) (14 37) (27 23) 2 (54 59 9 55 60 64 13 42 17 18) (3 56 31)
34: (49 56 44 18 41) (15 47 8 20) (23 76 4) (67 59 25) (29 45 34) (57 73) (48 6 2 70 12 74) 51 54 (13 17 42) 80 78 16 (5 72) (60 31) 36
35: (13 59 22 49 43) 9 33 (10 18 65 64) 17 (72 4 63 15) 55 (48 42) (71 76 20 60 44 8 6 56 74 47) (26 2 52 35 54 68) (12 5 45 36)
36: (26 41 52) (55 39 17 34) 2 (44 69) 54 71 30 (58 49) (15 73) 46 6 (25 35 20) 9 42 (47 48 16 75) (63 12 18) 74 (8 31) 56 (13 60 43 4 21 78 59)
37: 53 (10 2) 70 (43 17) (41 44) 15 23 6 (36 75 55) 13 18 8 54 (59 48) (16 25) (47 68) 34 (74 40 64 52) (3 56 4) 20 80 (49 42)
38: 3 (79 43 56) (20 59 30) (18 47) 58 15 (8 63 24 35) (42 4 71) (6 16) (9 5) (39 14 72) (70 66 55 49 2) 50 (36 62) (41 17) 44 53 60 (32 48) 13
39: (2 43 73) (30 17 66) (71 10 44 23) (15 25 19) (68 29 8) (32 33 64 61) (72 13) 59 49 (55 36 52 74) 9 40 (16 47) 42 (56 53 70) (69 4 50 63 48 31) 39 (60 34 58 18)
40: (2 47) (80 50) (70 10 74) 34 (12 8 55 48 27 63 42) 36 20 (13 49 39) 5 (38 17 16 31 46 72) 19 (35 30 78 75 18) (23 14) 15 25 44 59 64 4 (9 41 57)
41: 34 44 (68 62 63) 7 55 (64 52 1) (23 20) 35 (17 59) 41 42 (43 73) (27 26) (54 18 48 14) (60 39 80 33 25 49 47 5) (8 78 12 29 13) 56 (70 9 31 50 57) 16
42: (9 16 14 62) 7 (60 55) 52 (12 15 18 19 41) 17 (74 59 43) 13 (57 30) (56 44 42) (33 49 8 29 20 23 31) (64 4) (36 78) (48 50 47 76 71) (34 63) 25
43: (64 39 30) (5 11 4 27) 56 (20 15 2 12 22) 49 (77 48 41) 68 (18 71 80 62) (47 54 40 70 59) (60 43 44) 76 (42 29 50 58 6 10 8 74 13 67 16 1) (75 55 17) (33 31)
44: 60 (64 55) 51 (74 2 33 77 47) (16 42) (76 3) (35 63 38 70) (20 48) (71 56) (5 15 50 13) 31 (7 36 12 72) (23 17) 34 (69 18 54 9 25) (49 59 46)
45: (2 54) 65 29 43 (9 48) (47 34 60 30 41) (38 8) 71 (15 11) 10 72 (14 56) (20 35) 18 (63 4 68 57) 16 44 (3 58) 55 (74 52 17 45 64) 22 (73 5 49) (12 59) 78 42 (76 36) (79 13)
46: 36 70 (18 77 63 73) (17 10) 49 (16 8 60 3 9 76 78) (55 1) (54 15 43 13) (52 48 33) 71 (30 64) (29 56 47 59 44) (79 26 5) 12 46 (4 31 74)
47: (15 59 31) (78 50) (47 46 43 13 17 74 20) (9 2 42 8 48 22 70) 14 29 44 52 (41 18) 19 71 (64 5 4 10) 49 (56 36) 30 68 58 73 62 1
48: (36 18 63) (68 44 54 50 56 75) (4 3 47) (31 15) 60 (51 38 52 29) (7 59 78) 43 61 67 (73 65 8) 5 13 (66 74) 41 37 (11 80) (10 25) 30 49 55 (64 71 6 48 17) (62 42) 20
49: 20 (32 78 41) (71 48 66) (22 74) (17 6) (43 55) (70 31 13 75) (2 23) (56 9 25 72 16) (18 49 44) (68 77) 38 (10 47) (4 73) (54 3) (42 11 80 7 35 36) (15 30 60)
50: (60 15) 2 (3 73) (64 23) 61 7 (5 14 44 13 63) (34 80 18) 59 (48 10 9) (8 41 43 72 17) (47 16) 22 (71 51 74 55 12 20) (27 40) (42 4) 56 (36 50) 49
51: 42 (27 36 38 17 30 2 5 52) (44 29) 22 (76 48) 74 (64 25 59 55) (60 31) (78 8 41) (49 16 13 50) (15 70) (56 67 51 18 34 19 43) (47 20 12) 45 79
52: 63 (13 44 55) 47 (7 29 56 9 36) (74 75) 14 41 (5 54 70 3) (22 64 17 73) (20 61 26 35) 38 (8 43 48 6 18 67 51) (58 50 33) 49
53: 47 3 (80 34) (56 41 13) 10 (25 58 64 15 5 17) (59 52) (44 70 4) 11 (29 8 50 43 38) (22 16 54) (9 60 31) 18 (71 63 68 2) 48 49 1
54: (42 47) (76 78 55 56 34 2) (68 44) 22 14 (51 27 9 5 7) 79 (60 64) 58 (17 59 54) (13 3 41) (18 33 8 20 15 74) (48 19 32) (70 73) (52 71 35 43) (72 50 11) 49
55: (59 50) 48 61 (36 23 57) (69 44 20) (31 8 64) (22 78) (80 49 73) (9 54) 60 (47 11) 15 (75 34 10 55) 14 (12 17 2) 67 56 (13 18 71) 42 (72 63) (74 29 4)
56: (41 6) 22 55 (74 70 64 66) (59 61 56) 12 7 (49 32 4) 10 (20 60 42 48 13) 14 (16 8 44 17 63) 15 (68 62) (79 78 25 27) (18 11 2 75 47) (5 43 9)
57: 80 (50 70 19) (57 32 48 61) (31 16) (10 14) (49 68) (65 22) (72 47 58 15 56) (18 9 26) 12 69 44 34 (8 41) 4 2 (42 73 63) 17 (64 76 60) (74 23) (55 20 36) 43 30
58: 50 (2 27) (23 54) 6 (56 22 79 11 19 74) 41 49 (68 52 5 80) (18 44 64 55 78 36) 20 (31 35 61 38 48) 71 8 17 (29 47 34 15 42 12 13 10)
59: (25 58 56 61 38 3 24) (57 34 20) (64 4) 44 50 (67 46) (63 5 60) 70 (6 80) (71 11 78 41 52) (16 17) (33 29 49) (32 55 8 43 18) (15 42) (62 2 13 48) (72 74 36) (31 59)
60: 12 37 (31 79 5) 59 (80 45) 74 34 55 (41 18 44) (50 52 63 16) (22 70 27 17 19) (60 49) (47 30) 15 39 (42 13) (71 56 38) 48 25 (43 54) 21 8 4
61: 67 (15 10 43 18 60 50 49 45 22 13 80 3) 31 (25 5 8 33 12) 77 (52 41 61 44 48) (26 2 20 55) (76 71) (29 63 34) (59 4 24 47 6) 72 73 56 17 (74 65)
62: 59 (60 10) (34 56) 2 36 (44 42 76) 80 (47 70 4 13) 61 (20 33 25) (29 18 64) (71 49 78 3) (43 73) (8 17 54) (63 23) (7 21) 31 (1 62) (48 38)
63: 44 (50 9) (51 10) (76 21 68) 23 (16 13 8 47 64) 18 (54 41 52 70 14 11) (59 56 55) 2 49 (58 73 4 79) (61 48) (12 45) (63 72 60 71) (7 42 43 5 20) 75 (22 17 25 74)
64: 18 (75 16) (31 47 15 49) 74 (52 59) (25 5) (34 63 2 43) (9 68) 69 42 45 (71 80 20 13) 50 (23 62 11) (41 14 7 17 44) 60 33 (64 48) (78 4 56 12)
65: (32 42 66 44) (15 77 60 4) (56 59 48 26) (79 19 18 51 64) 14 12 (71 50) (31 47) (74 49 20 35) (9 73 2 52) 68 36 8 (17 54 43 55) (7 46 16 75 40) 13
66: (80 48 9 49) (27 43) 78 34 (42 68 76 54) (18 47) (60 2 25) (4 50 55 40 44 30 3 75) 17 14 (64 8) 51 (56 41 16) 11 (20 52 15 73 74 13 70)
67: (27 19) 57 (30 8) 4 52 74 2 (73 64) (71 44) 55 (16 20 13 54 32) (42 1) (56 17) 18 15 (10 22) 72 (49 45 14 48 26 6 47 50 36 23 60)
68: 78 (25 48 4 60 50 59) (19 70 77 26 16 41 61 39 9 12 47 15 35 55 74) (73 2 44) 13 49 29 (57 64 8 6 56 20 42 17) 68 5 (71 43 54 18)
69: 2 (12 64) (17 51 71 74 45 8 68) (78 70) (14 15) (25 76) (6 19) 59 (48 80 73) (43 55) (18 5) (47 7 4) 29 62 (56 36) 50 22 (9 41 10) (46 16) (60 31 49 42 20) 13
70: (17 26 49) (35 38) (6 18) (47 50 12 8) (55 79) (64 76 44 68) (71 29 25) (42 23 72) 9 (10 52 20) (56 74 5 41 22 69 14 15) (58 31 4 70 48 78) (13 60 19) 63
71: (43 77 61 78) 47 13 26 29 15 (42 14) (71 79 56) 16 60 (4 36) 22 (44 62) (59 3 68 49) (70 20 50 55 19 66 48) (23 2) (27 17) 41 (54 52) (64 76 33 11) 18 74
72: 7 (70 13 34) (60 47 29 42) (71 15 43) (48 18 55) (49 8 27) (4 59) 31 (61 74) (45 50 35 73) (44 51) (9 20 12 2 56 57 79 16) (52 62) (38 17 14 22) 63
73: (8 64 56 55) (41 12) (30 68) (13 23 69) (31 74) (17 43 63) 25 (52 58 62) 18 42 59 (67 48 54 47) (4 50) (71 78) 80 (24 15 70 49 26) 44 16 10 (20 9) (5 27 2) 36 19
74: (42 41) (38 50 71 31 77 16 10 35 62) (56 57) 12 (1 64) 2 (8 47) 18 (52 34 49) 68 (45 9 43 23) 70 (6 27 33) 5 (20 76 11 4 15 25) (80 13 61 55 48 51 59) (79 73) 44
75: (19 71 58) (34 8) 79 (56 73) 43 52 (63 29) (65 3) 18 60 2 (16 51 44) (48 5 12 38) (1 54 27 74) (10 11 17 49) 53 (15 55 13) 22 36 (4 42 64 47 68 30) (14 59 25 20)
76: (41 13 4 23 33) 71 (20 55 64) 28 (10 29 32) (22 6 12 8 44 36 47 18 15 31 57) (2 70) 52 50 49 34 (43 9 5 17) (74 48) 16 75 69 3 27 (60 37 78) 63 (19 25 59) 42 (1 80)
77: (63 42) 79 (6 74) 23 48 (32 14 20 55 49) 71 (5 19 51) 27 (64 50 73 4 78) (59 13 70 29 9) 11 (44 18) 60 (62 52 39) 76 (47 8) (72 56) 36 (1 31 30 54)
78: (20 63) (80 64 19) (27 49 16 36 41 31 6 29 47) 13 (7 15 60) 79 68 (38 54) (4 18) (59 74) 65 34 (12 44) (56 52 42 11 43 8 14)
79: (50 48 54) (17 45 72 55) (16 74) (8 34 19) 25 (13 76 44 52) 79 62 (36 60 15) (42 73 4 59) (2 56 53 77 69 5) 47 27 68 (9 30) 78 80 18 (67 7) (49 35 10)
80: (38 43 20) 72 (37 24 9 27 74) 71 29 (3 12 22 2 52 15) 44 (68 42) (59 18 17 19) (31 64 32 47 36 46 69 51 49 13) (5 70) (80 55 8) (54 58 41 60 48 30)
