80 80
1: (21 63 11 78 46 14 58) (34 16) 27 59 (2 42 43 13 44 57) 41 (17 80) (30 77 71 64 35) (62 48) 29 1 26 66 15 (7 76) 50 (52 36) (47 38 72) (25 18) (23 10)
2: 64 (57 13 16) 61 (59 54) (79 37) (11 44 48) (21 23 50) (41 18 47 68) 33 (9 3 27 74 34 29) (10 66) (25 42 60 69) (4 12) (72 7 43 40) 32 (52 22) (71 2 26 65 80 67 5 39) 53 58 17 (14 24 49) (51 56) (75 45) (77 8) 6
3: (71 36) 12 21 (54 26) 31 74 52 (35 56 34 1 28 79 15) (6 32) 33 14 (38 29 53) (58 57 61 68 8) 7 (50 25 67 78 43 41) (77 62 48) (46 16) (2 42) 22 55 (19 10 40 49 24 3 23 60) (69 65 80 27 72) 76
4: (36 49 79) (17 30) 3 (12 27) 6 59 70 10 (8 16 41) (14 32 68 20) (69 42) (77 54 40 78 31) 34 66 11 (22 9) 63 (33 46 53) 58
5: (21 33 51 78) 80 59 (77 66) (25 63 74) (47 46 12) (28 7 69) (23 35 38) 5 (53 44) (64 39 32 40 15) (55 19) (9 72)
6: (20 11 1 5 58) 32 68 73 (17 74 62 60)
7: 61 (15 36) 39 (49 78 74) 77 67 16 (62 71 68 60 35) 48 (24 40 64 53 72) (3 14 11 51 59 28 80) 27 (45 54 32 63 43) (41 9 6 25 66 10) (7 33) 79 (23 70 47 76)
8: (4 36) (1 56 5 12) 51 (58 32 80) (26 68 15 40) (50 65 44 38 52) (46 25 75 35 20 64 29 69 27 43) 62 (77 17) (2 53) 21 24 (57 19) 79 (72 34) (23 49) 60 (73 3) (13 55) (59 41 14)
9: (70 59 2 52 42 43) (78 25) 31 (28 55 35 17 54) (61 11 30) 44 (7 18 16) (12 24 71 46 21 67) (56 37 49) (50 10 1 8 38 32) 73 (13 45) 27
10: (62 16) (56 7) (41 13 52 72 4) (29 27) (44 67) (65 38 64) (14 47 25) (28 30 19 53 26) 79 (71 68) 33 57 (18 50 69 3 59 31 39 22 76) (43 45 78) (24 55 11) 51 37 (46 60 9) (8 75) 80 (1 77)
11: (55 72) (49 11 70) 74 (10 43) 28 (23 64) (27 48) (6 21) (13 22 54) (68 7) 75 42 (45 62 58) (39 46 63 80) 71
12: (55 26) 66 (72 33)
13: (47 73) (54 13) 25 (74 14 50) 53 22 68 62 (34 33) 9 79 (71 35 69 19 51 30) (65 31 24 52 10 40) (80 32 66)
14: (30 79 71 54 10) (26 21 61) (59 20 78 66) (9 31 67) (60 55 28) 77 65 (22 34 36) 16 (3 58) (41 50) (25 74) (45 57 17) 14 47 5
15: (3 43 77 70) 69 (52 64 47 20 75) (28 12) 36 63 (10 42 40 78) 25 (30 13 32 74) 44 59 72 76 (79 17) 39 (46 51 35 65) 8 (48 6) 18 1 (45 55) (23 54 49 68) (9 38) (56 11 16) 53 (27 26 62) 15 (24 41) 73
16: 28 30 (23 37) (10 7 62) (61 2 18 53 72) (33 74 19 26) (71 45 73) (41 79 29 9) (68 56 46) 35 (69 43) (63 50) 11 (6 27) (57 51 59 75 78) 31 (15 36 8 25 80 5) 66 24 (64 40 13) 48 4 67 3
17: (76 71 14 57) (64 23 53 49 6) (69 66) 29 20 31 27 (74 34)
18: 80 (45 43 20) (72 39) (5 6 50 32 53 34 78 65 18 71) (66 62) (12 54 1) (67 56) 30 (47 57 31) 59 (26 11 60) (79 58) (4 15) 68 21 49 28 (36 22 7) 35 (46 27) (55 40 10) 14 38 (37 52) (3 73 77 61 2 70 41 74) (8 44)
19: 69 (11 44 58) 18 (61 20) (73 26 27) (70 25) 1 (37 79 40) (60 16)
20: 59 55 (24 44 8) (60 45) 7 58 21 (40 67 56 32) (2 43 78) (72 10) (41 36) 42
21: (16 75) (3 46) (20 2 39 71 73 12) (1 72 70 8 13 69 37) 28 (14 4) 17
22: 54
23: (53 29 33) 55 (41 10 54 69) 71 3 34 (37 49) (66 46) (63 58 72 62 4) 5 52 (40 19) (68 25 73) (17 14 20) (35 7 15) (65 64) (27 77) (9 31) 11 42 (59 28 30) 45 (38 51 50) (23 1 74) 75 (26 8 2 60 56) (22 24) (70 32) (13 48 76) (6 61) (80 16) (44 43) (67 39 57) (12 18)
24: 30 34 (13 72 11) (31 59 5) (50 73 10 54 58) (38 23 37) (32 19 4 28 42 22) (79 9 74 27 67 52 7 60 65) 15 (61 8) 46
25: 45 (77 35 27 9 62) 19 59 69 (24 57) (46 79 3 56)
26: (14 12 2) 50 (45 31 75 73 37 71) (49 65 53 43) (79 47) (60 32 33 52 29 72) 30 77 18 10 (66 25 80 17) (8 11 1 4 48) 36 (64 46 59) 23 (57 3 24) (22 15 74 40) (6 61 76 20) 78
27: 23 79 (36 53 55) 28 56 (69 31) (8 3 47) 37 (73 72 58) (52 38 49 77) (11 66 39) (26 63) (13 29 2) (34 30) 70 (40 24 57 67) (71 41 21 48 46 4 43) (75 19 9 64) (20 27)
28: (9 13 5 42) (51 74 2) (43 24 76 16) 70 (50 77) (35 40) 57 (36 45)
29: (80 24 21 42 79 20 39) 2 (65 73 50 76) 41 (37 49) (77 64) 46 30 (8 17 56) (59 67 45) (62 13 63) 61
30: 37 22 (66 27 70 59) 64 (30 9 68 13 10 62) (17 45) (8 18) 69 (26 39 2 4) 48 (50 47 12 42 16) (65 23) 73 34 41 (31 67 25 29) 20 (1 14 55 5 38 28 53 7 79) (54 46) 76 57
31: 25 (2 21) 24 74 (45 22 4 40) 1 (44 33 52 5 18 58) (15 20) 55 14 (63 8 46) 56 (72 38) 69 (17 9 79 29 36 73) 70 6 23 (32 75) (35 50 78) (31 43 28) 10 (54 37) (64 80 39 68) (77 65) 7 (27 66) (30 59)
32: (3 57) (12 52) (25 58 55) (56 33 50) (76 24 8) (69 74 2) (6 66) (4 23 49) (16 19 26) 38 (70 1) 67 36 (71 73 63 75 15 78 41) 80 (37 5) 13 (54 72) (65 35 29) (18 34) 43 (20 39 45 21) (30 79)
33: 59 17 74 (33 2 24) (80 53 62) (9 46 5 39 41) (6 55 77) (68 29)
34: 44 77 (18 68 69) 52 41 10 (36 48 43) 54 25 (12 71) 14 (21 38) (2 22 7 76 47 66 53 45 49) 15 (35 19 59 24 50) (51 17 20) (56 78 37 4 74 30 55) (73 64) (67 62 28) 39 (5 8 57 40 11) 42 (29 31)
35: (13 68 64 40 72 67 56) (4 61) (79 70) 16 55 36 22 46 21 11 (51 66 24 80 1) (45 59 19 58 35) 17 (8 38) (25 41) (69 2 33 37 78) (48 71 42 39 49 77 26) (15 30) 62 (14 43 23 73) (44 31 20) 60 (74 50) (76 10) (52 7 63 29) 53 6 (65 9 27)
36: 54 (24 50 10 56 69 12 35) (57 73 1 5) 62 (28 75 63) 55 (70 25 68 21 79) (51 74 34 19 66 4 17 26 15) 44 80 8 (22 20 30 31) (41 53 37) (6 32 77 14)
37: (52 69 36 53 29) (62 70 6 19) (16 51) (63 61) 34 4 60 72 26 42 (45 33 68 38) 11 77 (48 66) 47 (40 14 43) 32 (55 1) 17 (39 57 35) (15 23)
38: (50 6 70) (11 67 37)
39: (37 47 76) (27 14 78) 43 (32 74 64) (24 62) 57 42 (8 55 67) (26 71 2 38) (72 6 56 22) (49 69 80) (61 30 15 44 9 34) (63 58 18) (25 48) 31 53 (19 73 68 45 29)
40: 13 (15 63) (5 78) (71 3 66 59 52) (68 2 79 11 40 36) 6 (9 7 57 27) (20 17 47) (25 41 48 19) 42 (51 4 44 61) (22 74 1 53 10 75 8 70) (35 23 39 54 38 77 32 62 26) (18 49 69 43 50 56 55 67 14 16 12 33) (21 76 60) 30 (58 34)
41: 2 72 (47 11 4 75) (71 57) 21 (77 7 65 78) 46 54 (39 68 66 6 24) (73 61) (59 10 36) (26 32) 5 (3 69) (63 74) 67 (58 38) 44 79 76 27
42: 45 16 (37 32) (28 29 60) (62 79 1) (41 26)
43: (40 21 47) 71 23 (26 57 66 41)
44: (35 29 62 9 59 69) (20 66 76) (6 47 18) (7 23 1 33) 56 14 24 65 77 (75 26 80) (13 36 37 48 21) (2 5 32 52 16 43 54) (51 27) 57 (53 74) 71 41 (72 10) (34 68) 19 (70 40 58) (78 46 79 17 67) (39 61 31 38 12)
45: (66 12) (9 14) 28 10 (69 67)
46: 65 80 12 (63 78) (2 43 36 24 55) (42 69 49) (32 15) (22 21) 28 (11 47 9 54 19 13) 8 (68 38) (60 29 73 70) 41 (71 58 76 61 79) (20 40)
47: 55 63 (22 67) 77 (2 40 52 24 59 70 11) 54 46 21 43 (45 72 37 62 39) (50 28 60) (3 75 57) 15 71 68 76 (35 4 66 5) 34 (18 33) (65 10 48) (78 30 16) (27 19) (74 31)
48: (42 5 78) (33 22) (49 45 37) (36 62 14 3 39) 12 56 79 (25 10 19) (75 58 64 72 16 24 21 40) 35 (61 70 34 18) (57 27) 6
49: 74 66 (38 53 52)
50: (77 46) (15 28 19 34 12 14 38 32 45 59) 57 (74 47) 62 (53 64 17 31 80) (60 23 24) 11 (2 67 43 40) 48 6 16
51: (7 60) (67 63 45) 6 (30 68) 55 (27 47 48 28) (72 32 59) 58 (78 1) 16 (24 2 43 25 31 69) 29 (61 56 26 41 62 65 54 40 14 70 64) (51 53)
52: 50 41 (10 7) (13 16 18 40 46 6 12 79 74 23 47) (51 75 52) 55 (76 25 64) (36 14 73 61) 35 (69 32 58 15 8) 22 29 (60 24) (62 49 3) (21 53) 65 (77 43) (54 63 70) (33 19)
53: (12 19) (22 6) 23 (39 60 16) 18 (76 52 54) 63 (43 79 62 33) (49 5) (20 11 10 46) 47 75 35 (48 2 9 74 26) (13 15) (17 29) (4 31 53 73) 69 (21 41) 34 65 (56 28 61 71 42)
54: (45 69) (27 36) (24 77 15) 34 14 (79 10) 25 (33 60 48 17 7 23 1 50) (39 49 57 26) 16 42 (22 28) 52 (63 13 55) (40 62) (11 56 31 71 12 66 70)
55: (20 2 25 63 14) (33 6 26) (34 31 8 67 78) 69 9 (73 65 22 50 23) (47 16 76 41) (27 1 68) 11 80 (29 45) (35 28) (24 38) (36 59 32 7 13 72 62) (30 60 64) 43 (18 15) 48 42 (44 56) (49 37 71) 39 (77 17 10) (61 52) 57 (54 51 58 21 19 5 55 74) (70 4)
56: (78 30) (13 61 59 72) (12 66) (46 80 36) 22 40 38 75 69 (58 48 44) 63 (1 57 51) (77 79) (33 45) (19 62) 53 (52 50 41 23 29 14) 25 (56 8 60)
57: 80 12 (71 26 3) 43 45 (38 53 4 72) (44 15 19 48 27 17)
58: (20 60 9) 35 70 14 (30 76 4 41) 1 10 (6 77 7) (38 25 36) (18 52) 65 (31 50 73 66) (79 34) (12 80 24 40) 59 71 (54 46) (33 23 11) (39 63 47) 28 8 (78 13 75 27 55) 48 (19 53) (17 49 15 3 62 58) 16 (69 32) 61 (42 64) 29 (22 51) (45 21) 2 (43 37 67)
59: 59 17
60: (56 58) (75 33 27) (16 60 68) (43 74 79 55 2 26 24) (65 25 38 15) (76 51 4) 1 (42 34) (50 12 47 18 66 8 40 13) (71 41 67) (20 10 48) (62 49) (53 23 7) 39 17 14
61: (44 42 27 68 43) (18 46 32) 55 (80 31 74 58 25 13 64 75) 47 79 (40 71) (15 52 16) 1 (59 8) (37 21) 22 (63 39 26 23) 7 6 12 (56 61 34 48) (35 77)
62: 3 21 (46 49) 48 (55 1) 45 (60 77) (36 80) (34 35 25) (22 19 67) (42 64) 70 (71 50 37 65 31) 57 15 (4 76) (28 8 73) (69 23 39 79) (52 68 75 38) 30 (41 66) (16 20 14 54 78) 6 (61 58) (56 47 53 32 59 17) (26 10 2 72) 44 (13 74 27 9) 33 (29 51)
63: 71 (13 2 51 70 31 49) 69 5 (43 79 40 38) (4 65 6 44 74 33) 26 (22 8) (7 77 63) 53 60 (68 75 50) 42 (18 54 11 28 61 66 30 12) 36 34 (47 58 57 48 3 1 52 72 21 64 29 67 35 15 9) (62 76) 17 80 (23 25 59 10) (73 27 78)
64: 37 (18 62 78 53 29) (79 31 73 2 21 16)
65: (76 23) (75 69) 70 (58 54) (50 13) (32 63 37 44) (71 41 46) (80 29) (57 53 2 45) 49 26 (55 15 3) 38 (17 9) 60 74 1 (78 28) 68 12 30 77 (61 24 19 5) (56 42 59) (40 34) 4 7 72 (10 25) 51 (35 18 65 39) (36 48 11) (33 22 8 43 73 79 6 64 16 14) 47 67 20 (21 66) (62 27 31) 52
66: (77 13) (10 37) 4
67: (79 59) 71 (25 65) (8 66) (43 74)
68: (64 31 41 5 75 4 34) (59 38 12) (80 61 51 50 24 16 6) 52 (56 7) 11 (79 67 73 25) (36 40 60 58) (42 37 14 30) 15 (57 26 45 1) (10 44 33 28 55) 48 (71 27 77) (65 76) 29
69: (45 29) (30 53 9 46) 80 76 77 13 79 (52 16 15) 73 48 22 42 (47 18 32 1) (35 51 49 55) 71 (2 20 72 61 40 57) (6 23 19 12 28 66 43 14) 54 69 64 17 (25 26) (75 62)
70: 33 (78 5 29) (15 69 42) (48 47) (67 26) (10 72) (46 80 63 34) (11 12) (52 20 62) (8 7 49) (65 54) (58 30 57) (3 32 45) (18 35) 37 64
71: (70 78 59 44) (25 77 12 18 7 2) 41 26 (10 62) (29 49 56 19) (13 48) (60 1 37) (64 8 17) (57 71 15 72 9 21 54 61 36 50 76 27 53 68 47 80) (35 45) (65 75 28 52 58) (42 51 43)
72: 3 (8 63) (44 62) (33 47 6 51 38 4) 5 (50 11 77 35 45) (12 36 48 1 10 9 19 72) (61 57 37 71 20 7) 49 56 (75 79 58 24 43 74 73 69 65) 2 (80 13) (54 14) (78 23)
73: 16 (29 22 28) (51 17) (66 7) (56 38 50 4) (59 47) 26 (76 62) 21 (25 79 53 39 3 57) (44 45) (27 20 78 19 9 23) (65 11 67 12) (80 63 14 75) 35 (8 46) 15 31 (60 32) 41 36 (10 43 58 69) (49 72)
74: (21 7 36 71 6) (31 69 33 46) (34 67 35 37 30 51 3) 24 (48 10 68) (28 29 18 55) (43 80) 66 (17 58) 23 (25 53 39) (2 42 40 11) (27 8 54) 70 (74 61 1 15 52 5 65 38 4 26) (41 78) 13 (56 19) (73 47) 63 (57 60 79 59) (62 72 14 50) 16 76 49
75: 26 (23 42 64) (66 1) 28 (8 43 14) (15 21)
76: (49 71) 72 (6 36) (73 64 66 23 27 62 2 42) (37 69 78 5 75) 25 43 18 (26 8 44) (40 19 3) (80 22 68) 9 (11 29 39 7 12) (4 52 79 10 77 32) 31 45 60 (34 53 67 17) (1 51 28) 41
77: (80 17 73 79 57 10 76 44)
78: 62 (69 74) 73 (38 65 10) 42 23 (55 45) 43 (22 20 50) (57 32) (70 63) 14
79: (52 23 36 51) (78 75) 65 43 (15 12 22) 28 69 56 (34 45) (38 37 1 74 48 33 80 60 57) 39
80: (63 78) (35 29) (51 76) (75 46 31 62) (44 36) (54 43) 21 (79 34 38 41 8 69 4 45 39) (13 47 20 72 23 70 58 64) 77 (50 7) (71 53) 18
1: (63 8) 76 (54 79) (9 32 71) 23 (74 21 15 62 42) 40 72 36 (55 61 6) 30 (75 60 65) 3 (26 10 18 1 37) (68 51) 58 56 69 (35 44 31 19)
2: (41 39) 29 (16 72) (32 20 60) 30 (76 69 26 55) (40 50 71 9 1) (74 18) (23 63 21) (27 64 51) (65 47) 53 46 44 (31 62 3 33 34 8 58 2 35 28)
3: (76 62) 2 (10 52) 21 4 72 14 15 73 27 65 (7 3 18) 57 23 (48 63 16 58) 25 (41 26 32 70 74) (47 40 8)
4: (65 35 40) (53 8 58 24) (18 47 37 62 32 34 36) (68 41 55) (21 76 16 2) (31 66 60) (57 30) (73 80) (10 72 27 74 63) (26 23)
5: (36 53 30) (14 6) 72 (74 31 23) 47 (55 18) (33 40 34 2 44 28 63 68) (16 41 70 76 8 48 32 65 24 5)
6: 16 33 (41 69) (4 18) (65 48 35 11 62 7 44) (50 74) (15 61 26 2 51 58 36 32 38 23 52) 55 (40 31 63 53) (17 68 39 37 3 76 72)
7: 16 (9 80 34 30 18 10 55 1 7) (61 11 73 24) (54 52 40) (68 65 60 3 70) 51 (2 35) 58 (31 74 63 20 41 23 44) 5 (76 71 72)
8: 32 (9 62 15 80 67) (23 58) 55 (2 75 3 40 71) 27 (31 4 36 30) (56 70) (46 29) (60 61) 34 16 72 18 35 20 (10 63 21 73) 65 (24 26 39 76 52 74)
9: 14 (28 44 13 73 53) (62 71 31 55) (2 27 63 33) (69 15) (76 24) 35 (5 58 65 40 4 72 39) 23 (25 30) (16 45) 7 10 46
10: 18 (70 11 66 35) 40 (52 68) (26 48 31) (55 71 65) (15 78 47) (7 58 36) 72 (73 62 53 20) 4 (24 1 60) 54 (34 74) (3 13) (76 9 16) 44 30 2 23 (63 41 77 14 45)
11: (37 53 76) (55 73 41 47 70) (38 74) (46 9) 35 26 (40 58 11 10) (6 24 68) (2 65) (7 23 18 15) (54 1 4 16 19 27) 50 63 (72 34)
12: (63 52 23 9 61) (54 44) 56 (73 30) 48 (40 36 53 71) (21 34 26) 79 57 (46 18 15 5 32 50) (4 76) (2 68 69 60 8 3) (72 45 70 65) 58
13: (27 71) (23 55 60) 53 (10 62 69 56 35) (40 52) (30 66 2) (61 65 63) (44 74 32 29) 16 (11 54) (9 13) (72 1 80 46 15 24 58 8) (21 28)
14: 52 10 (14 39 30) (73 37 51) 17 50 68 31 (58 56 60) (18 54 35) 8 (3 23 74) 75 (34 55 21 45) 48 (13 65 40) 4 (44 26 72) (7 62 36 78 69 2 1)
15: (62 7 1) (55 23) 71 18 37 (34 52 65) (47 24 35 57) (32 3 39) (69 40 73 68) 5 74 (16 79 61 75 60 46 31) (50 36) 63 26 8 (70 53 58) (15 54)
16: (60 37) (23 61) (64 52) (35 54 51) (47 2) (55 42) 68 (73 32 28 30 44 21 69 3 4) 62 (74 19 9 10) (40 1 48 53) 7 50 (58 14) 15 65
17: (62 69) (14 40) 57 (54 77) (44 4 55 73 63) 29 (36 35) (37 59 23 15) 60 (74 2) (6 65 33) (34 71 76) (53 26 1) 31 58 8 21 (50 9 30)
18: 48 65 (34 64) (30 69 74 16) (44 40 23 26) (10 39) (80 19) (71 76) (32 9) 58 (47 53 52 1) (63 2 60) (55 61 18) (70 31) 15
19: (53 27) (55 24) 57 (74 56) 16 72 40 65 (44 34 3 39) (23 35) (48 71 69 36 76 13 50 5) (58 32 46 62) (8 52 73 37) 10 47 25
20: 80 (55 17 36 6 19 69 14) 35 8 (15 73 46) 78 (58 32) (60 4) (65 34) (29 72) 40 53 (70 23 62) (18 27) (21 26) 30 (31 44)
21: (31 32) 58 27 35 (41 1 46 14 5 65) 55 11 (34 75) (52 18 80 36 29) (73 44) 53 (40 20) 74 (47 64) 43 (8 61) (48 71 62 2) 3 (9 63)
22: (73 36) (35 48 31 54 63) (3 14 58 55 56 47 34 30 62) (18 13 10) (76 26 61) 53 (2 52 69) (4 23 46 24 39) (40 65) (11 79) 78
23: (61 5 17 58 11 31) 79 (24 75 43 7 60) (30 56) (62 26 2) 15 (72 73 76) 16 (53 52) 44 40 (35 80 23 50 69) 37 (63 54) (78 8) (55 27 3) 74 (1 32 65)
24: 23 74 25 32 (39 50) (31 36 48 15 47 3 52 27 13 16 51) (2 55 60 65 46) (10 58) 41 (72 8 26 44 9) (35 28) (7 34 68) 33 (54 20 29)
25: (55 9 23) (52 51 14 65) (16 54) (2 13 60) (31 30 56) (39 63) (36 15) (74 71) (61 35) 58 (8 10) (19 68) (69 48 7 32) (40 3 26 62 1 67) 5 34 (73 76)
26: (8 23 18) (39 37 71 43) (40 61 19) (54 51 42 1) 65 (53 14) 27 (76 44) (55 2 41) 70 (69 57 15 16) (10 63 62) 36 (3 60) 74 (73 32) 35 (30 12) (68 75)
27: (3 61) 23 (8 19 48) (15 58) (40 63) (73 10) (2 11) (68 7) (17 31 1 30 74 62) (35 18) 71 60 (4 16 39 24) (57 41) (51 65) (9 55 25) (44 54) (27 47) 76
28: 65 (62 58) (9 45) (63 73 50) (18 71 10) (5 76 21 42 16 7 15) 74 (55 14) 36 34 75 3 51 24 (30 11) (69 68) (47 79 27) (23 31) (54 53) 46
29: 39 52 1 (2 35 69 71 37 27) 42 (65 8 26 30 70) 33 (80 56 74) 53 58 (64 51) (46 62 23 63) 76 (34 3 32) 16 44 (55 73) (17 31 10 68)
30: (31 4 14) (63 40 55 36 56 68) 26 69 (62 16 30) (74 32) (15 27) 70 34 (51 13 18 35 23) (47 65) (39 9 1 24 10 58 29)
31: 68 (18 9) 3 13 23 (14 17 64 55) (39 47) (16 24) (50 31 30) (34 62 54) 74 44 (76 73 10 51) (36 35 26) (80 27 65 63 53 61 4) 58
32: 24 (39 51 6) (70 23 3 73 41 65) (69 9 2) (44 61 40) 31 (37 52 4) 36 15 50 5 55 (46 62 7 8) (20 58 18 13) (76 42 78 26)
33: (40 12 2) (44 33 52 54 53 48) (55 58) (79 32) (68 70) (10 63) 26 (37 23 31 72 65 13 60 47) (56 4 16 7) (35 62 5) (74 3)
34: 53 (36 74 55) 60 (70 3) 65 62 (50 44) (23 79 68) (76 4 39 48 24 30) (58 18) (61 17) 37 (8 1 40 47) (80 13) 63 32 27 2 14 54
35: (44 70) (69 74 25 5 65) (36 13 47) (37 63 80) 58 34 55 (40 28 62 71 32 16 72) 8 (48 53) 18 (52 61 31 15 9) 35 (73 7) (1 23 3)
36: (72 20) 80 58 (1 71) (68 52) (37 79 73 34) (7 44) 3 (15 74 76 62 32 18 65) (55 4 48 40 28 14) (26 41 8 63 54 56) (35 16 31 46 27)
37: (32 31) (64 44) 55 (39 42) (34 38 19 35 29 18) 65 (30 26 48) (66 10) (16 47 74 24) 2 (72 58) (70 23 68) (76 21) 71 (36 61) (27 62 9 79)
38: 79 (9 39 15) (32 41 49) 62 18 (65 58 10 74 27) (1 5 44) 56 35 68 (3 34) 80 8 (63 46 78 60) 73 37 57 50 31 (55 72) 30 (24 23 40)
39: 5 (48 73) (32 76) 21 (47 30 58 18 55 62 40 65) 80 29 (79 27 54 44) (33 34 7 74) (35 11) (23 31) (53 2) (60 10 37) 41 (15 61)
40: (54 58 50 40) (63 68 35) (8 69 56 44) (2 43 5 7) 37 3 13 (60 76) (4 26 15 52) (31 46) 48 16 (28 47) (74 61) 65 51 23 19 (34 27 18 20)
41: (68 27 80 30) 51 (73 74 71) 23 43 (53 20 42) (18 10) (1 52) (3 46 16 58) (40 44) (76 32 62 56 8 4 7 36) (14 65) (34 33) (60 2 15) 35 (29 55)
42: 40 (30 58 65 3) (63 61 35) (34 55) 37 (4 20 24) (2 15 62) (23 29 74 75 71 11 48 1) (70 9 54) (76 78 69 53 60 68) (39 46 28)
43: (46 34 16 57 79 40) 27 31 (35 58 63) (52 78 50) 10 67 7 9 72 (75 39 55) (44 71) (18 73 76) (8 51 60 80 74) (53 1) 2 (3 28 11 69 20) (26 32) (37 47 15 61) (23 65)
44: (36 40 61 71) 73 (1 80) (72 57 68 41 56) (15 8) (77 34 35 23 76) (18 39) 55 (9 63 20 19 62) (65 10) (2 5 31)
45: 69 76 71 50 (39 16) 20 32 35 48 (23 80 55) 26 (34 54 79 51 9) 62 (25 30) (47 37) 72 (18 7 56 42 31) (2 65 68 78) 15 11 (58 10 28 14 57 73 29 70)
46: 4 (1 61 29 3 5 15 50 53 18 47) 35 (8 58 23 62 52) 73 (26 69) (21 30) (9 41 80 11 24) (44 70) (25 10 33 31 16) (56 65 74 27)
47: 15 (65 18) 70 73 (58 71 63 41 61 55 10) 50 (7 26 44) (2 5 80) (60 14) (30 46) (37 53) 69 13 (74 1) 27 (43 34 51) (72 40 62 52 39)
48: (51 37) (65 61) 16 (62 56 3 58) (7 26) 11 (27 39) 53 79 (23 71) (2 47 15) 57 69 (74 40 34 60 63 55 70 35 68 54) 1 (72 44) (50 30)
49: (46 52) (7 73) 40 (27 70) 62 4 15 54 34 (39 18 74 76 58 3 26) (8 48) (2 72 23 63) (60 17) 32 71 (69 11 53 55) 35 (65 9) 29
50: (65 18 32) (14 56 34) (38 13 2) 26 (80 29 3 36 71) 24 (74 54 9) (23 60 58) (72 31 68) (30 47 10 73) 35 (78 52) (28 62 40 1) (16 63) (8 55)
51: (76 69 80 8) (63 5 36) (34 7 2 68) (35 51) (73 13 10 16 58 74 55) (52 65) (56 79) (62 15 44) 60 72 (71 37) 40 (23 28)
52: (74 44 63) 1 79 (49 8) (55 13 24) 23 26 (35 71 3 76 31) (69 58 54 47) (68 37) (2 65) 32 53 62 18 56 70 52 (10 61) (40 9) 15 34 27
53: (44 64 33) 73 (65 50 52) (5 15 57 53) 27 (49 17) (76 36) (71 4 30 10) 34 39 (56 35 26 51 23) 3 (2 69 8) (62 13) (18 80 60) (37 7) (16 58 40 63) 74
54: (65 11 30 71) (34 52 41 69) (15 53 32 3) (46 36) (31 9) (44 58) (62 14 80) (13 55) (23 63 2) (22 51) 24 (70 7 72 74 4 40) (47 18)
55: 32 47 (8 35 27) (58 46 74 12 65 23) (34 39 18 33) 31 (20 54 14) (5 30) 52 (15 78) (55 9 69 68 3) 60 (40 36 62) (11 37 51 10) 61
56: 40 9 74 27 54 20 51 16 (62 36) (8 29 60 18) (55 71) 2 (53 25 61) (35 68 34 23) (32 79) 48 (56 15 31) (3 73 72 39 44 65) 10
57: 74 69 (14 41) (25 48 40 17 44 72 3) (70 73 1 55) 39 (77 16 71) (8 2 47 34) 79 56 68 (10 65 23 43 18 78) 54 (27 50 36 62) 28 30 (26 32) (37 63)
58: 24 (56 11 3) (80 27 1) (41 46) 58 (20 19 55 2) 23 (31 68 44 72 39) 6 14 (35 4) 61 (32 62 52 60) (48 18 65) 51 70 (74 73) (63 71) (8 40)
59: (18 14 4 24) (40 68) (61 44) 15 (74 73) 1 33 5 (9 35) (56 71 31 50) 23 (10 59 30 51) (34 65) (25 29 8) 58 (62 63 67 55) (20 7) 16 (26 2 47 41)
60: (3 40 6) (50 51) (24 65) 23 (47 60 71) 20 53 37 (79 46) 35 56 (14 54 19 42 7) (55 58 63) (74 62 18) (52 76 8 10 26 73 68) 2
61: 23 63 (37 3) (41 62) 56 (48 74) 14 19 40 (55 71 72 61 69 26) 7 (68 2 58) (65 29) (16 24) (53 46) (52 39 35 9) (44 18 51)
62: 15 63 (50 11) (60 78) (18 47 6 71 44) 55 39 70 (56 23 7 73) 37 54 30 (42 40) 76 (36 65 74) (51 13 34) 64 (35 3) (58 72) 33 (10 8 16 1 48) (25 69 53 52 29 80)
63: 47 (72 16) 37 41 (1 61 7 39 27) (58 4 31 36) (53 32 40 54) (52 78 46 15) 11 (65 80 56 5 55) (51 29 70 74) 63 73 23 35
64: (27 75) (55 31) 16 (7 29) 23 (76 26 62 35 2 30 34 61) (5 63) (80 69) 48 68 (10 70 71 51 50 58) 65 8 (15 11 1 52) 39 17
65: (79 13 18 47 10 31 30 46 23 65 41 71 60 2) 32 3 (63 73) (15 62 74) (24 35) (58 8) (67 55) 52 (26 53 14) (72 70 29 78 44) 68 51
66: (36 4) (34 7 47 56 16) 44 (31 62) (17 18 41) (2 13 73) (58 1) (5 27 75 32 49 65 76) 23 (40 74 45 54) (67 63) 43 14 37 69 60 30 (35 26 12)
67: (58 9 24) (76 34) 10 (30 74 44 27) (50 68) 40 (51 18) 3 39 (45 14 55 60 29) 16 62 (2 23) (47 7 20 35 65) 38 (32 63) (41 70) 73
68: 65 16 (11 55 37) (3 2) (33 60 30) (71 47 36) (4 63 46 44) (35 7 13 39) (34 18) 40 (62 23 41) (61 6 31) (8 10) (15 51 74 76)
69: 56 (78 21 76) (51 54) 17 8 27 (15 80) (16 32 10) (40 5) (63 62 69) (30 4 58) (72 73 19 41 34 13) (65 39 35 46 23 36) 44 (25 79 2 55) (70 37 74 53 3 31 52 45)
70: (54 7 55 15) (44 47 62) (37 63) (48 21) (18 23) (51 74 78 52) (9 36) (30 71) (32 28 19 35 4 11) (65 46 40 27) 58 38 (31 80)
71: 43 (47 55 10 68 16) 2 (62 13 40) (32 76) (21 72 27) 63 (74 18) 35 (71 57) (53 11) (17 3 9 69 67 60) 46 (65 58 80 41) (44 26) (39 1 54 14) 34 (61 23 7)
72: (21 73 55) (44 24) (16 10 1 5) 56 39 20 (11 63) (26 69 35) (31 80 15 32) 76 (62 12) (70 65 51 41 57) (18 8 7) 23 (3 2 37 71) 27 (47 74 72 48)
73: 53 (39 36 8 30 9) (29 74 52) 16 18 (77 69) (35 78 13 6) (26 63 27 15 21) (58 62 65) (76 19 46) (24 32 41) (68 72) (23 34) (31 64 55)
74: 18 17 49 (67 53) 33 (47 11 13 35 74) (41 26) (28 61) 52 44 (36 72) (62 23) 39 65 (3 50 60 7 40) 2 (32 5) (34 6 63 15) 14 (16 78) 31 (24 79 55)
75: 40 (65 26) 53 52 32 (56 71 48 31 2 15 27) 72 (21 63) 23 47 (8 69) 73 (76 41 36 16) 68 61 (58 80 10 44 79 60) 11 62
76: 34 (52 28) (44 65 7 15) 30 (41 73 53 74 10 1) (35 62 17 3 39) 80 (77 68 55) 69 (32 26 23) 60 58 47 71 63 (29 40) 46
77: (33 15 41) (14 44 27) (37 71) (34 50 72 58 7 35) (10 3 1 8 47 54) (2 55) (80 62 69 18) (31 29 23 5 68 61 40) (4 52) 65 (76 36 63) 26 56 28 66 25
78: 41 64 (56 31 14 51) (63 48) 26 (72 76 10) (55 62) 9 70 5 (32 20 16) 35 39 73 7 (46 18 71 47 34) (15 44 80 58 4) 40 (79 74) (3 1) 65
79: (42 10 24) 13 69 80 (60 65 8 62) (31 26 41) 35 63 (4 74) (44 29) (46 54) (72 53) 27 (56 73 36) 3 (77 48 19 61 76) (25 64 32) 2 (58 52 7 30 14 40 67 18) 16 68 15
80: (72 44) (29 31 68 57) (8 77 32) (79 55 13) (46 11 62 16 58 65) (50 56) 71 (61 36) (18 26) 33 (69 76 7 5) (23 10 70 3 2 63 39 73) 1 35 74
