80 80
1: 49 (16 50 76 5 1) (57 38 7 74 58) (19 36 51 67 71 25) 8 (30 44 12 62) 33 9 (3 70 11) 59 (20 78) 41 37 (63 4 18) 22 26 23 (68 46 43 80 61 28 65) 53 73 (75 52 27 35 48 13) (32 42 56) (64 15 77 45 55 34) (31 14 79) (47 40)
2: (50 44 18) (77 35 32) 41 (74 23) (26 19 12 39) (73 9 17) (49 60) (68 6 34) (70 29 38 47 27 55 67 53 80 79 56) 28 71 (3 58) (25 24 4) (52 33) 11 (13 42 14 22) (76 59) 75 (72 21) 48 10 45 (65 15) (5 69) 37 (78 63) (40 36) 54 43 (46 31 51 2) 57 (16 20) (61 1) 7
3: (34 12 71 63 78) 5 (36 42 3 73 74) (16 2 61) 26 1 33 (24 51 21 30) 39 (66 38) 23 9 27
4: 2 (1 33) (46 38 19 29) 31 9 20 (10 42 49) (36 43 56 30 50 15) 7 (45 59 27 3 13 61) (34 55) (69 40 72)
5: 79 49 7 (57 34 68 28) (71 47) (3 40 73 22 18) (48 2 37 6 80 15 66 56) (51 55 17 59 39 32 46 45 52 53 60) 54 43 (14 58 44) (77 63) 25 21 (69 33 72 67 20 61 19) (76 5 11 1 36 24 78 64) 10 26
6: (26 8) (44 42 11 1 54) (52 63 72) (17 21 31 77 10 68 40 48 14 22 69 61) 64 (29 51) 24 (46 6 20) (32 39 28 30 43 73 70) 45 23 78 (41 58) (56 34 13) (57 2) (7 71) 75 (53 76 38 74 19 27 50) (37 79 9 16 5 36) 18
7: 11 (73 50 63) 18 (70 35 9) (27 79) 75 (4 77 49 42 12) 40 55 22 58 (78 32) (33 36) (29 28 31 1 5) 25 30 (61 45 3 59)
8: 27 (36 39) (37 33 75 43 13 22 56) (8 78 44) (40 17 74 54 80 4) 3 (59 62 24 1 77 66 31 25 51 60 35) (16 67) (5 57 19 38) 58 41 (11 45) (50 30) 47 (23 76) 32 (55 15 71 10 14) (9 21 12 52) 61 (2 79) (70 34) 26 (7 68 28 18 64 69 72 20)
9: (29 56) 78 24 (77 5 37 69) 16 (33 60 7 42 23) 68 (15 66) 76 (74 43) (22 14 67 28 62) (51 75 58 26) 46 (54 72 1 63) 55 38 71 (6 18 10) 32 (13 11 12) 4 (30 40) (64 57 53 80)
10: (37 72) (19 27) 76 (5 74) (80 52 73 13 55 8 67) (60 34 42 39) 15 45 (56 70 65 3) (33 2) (47 11 28) (4 26) 9 38 (17 35 75 20 58 6) (43 48 31 50) 18 78 (57 24) (30 79 21 77) (14 46) 64 (12 69 41) (32 68 51 71) 23 (40 22) 29 16 (62 49 63)
11: (70 22 62) (49 59 16 64) (13 58 26 61 30 24 71) (4 5) 29 69 1
12: 49 (31 51 21) (26 8) 28 (17 74) 45 78 25 15 (70 58) (46 36) (4 62 54) (41 16 24) (29 53 43 7 71 35 79 3 61) (67 57 77 55 13) 65 (39 19) 64 47 34 (73 22) 32 (33 38 6 11) (56 52) (5 40 9 69) 66 23 (30 10) 75
13: (40 42 10 60)
14: 32 (40 60) 41 62 (74 25 42) (51 48 64) (9 29) 16 (5 17 28 61) 79 78 6 57 35 (31 20 39) 8 36 75 (68 52 22 72) (45 50) (47 54) 59 (43 67 80) 65 71 11 30 77 (56 69 33 4 55) (63 49) 3
15: (48 55 14) 61 17 (52 34) (69 26) (63 74 73) 18 72 (10 6) (1 24 60 71 13 28 23) (45 35 11)
16: 80 (54 76 34 39 9 46) (55 73 14 62 19 1 33) (13 71) 35 18 (45 15 60 49) (17 21 42 25 3 24 10 52) (23 72 58) 32 (51 59 8) 68 (27 36 26) 69 63 (64 37) (78 22 53) (11 40 28 20) 74
17: 67 (58 24 26) (23 16 61 48 59 1 63) 7 (21 43) (30 77 39 37 49 29 65) (4 56) (11 55 73) (62 64 45) (70 35 75) 36 6 (68 13 53 74 32 40 44 72 3 79 52) (50 46) (12 27) 2 54 (33 20 76 14) 66 (10 31) (41 47) (15 60 17 8)
18: (69 45 61) 71 (75 44) (6 58 65 40) (15 33 53) 8 (62 77 79 29 70 43) 11 1 (9 74 49) 80 (13 41 36 54) (28 38) 55
19: (66 16 41) 60 78 (39 45 35) (38 58) (3 59) (5 24 34 79 7 56 42 63) 46 (23 54 28) 4 (14 61 62 11 49 53 40 57 1 68 55) 73 (18 50 65) (77 80) 33 64 (8 51) 21 70 74 (27 17)
20: (44 75 18 66 20 36 17) (79 77 61) (58 64 78) (16 74) (48 40) (2 3 63 35 26) 12 31 73 (1 71 45 19 42 27 22) 53 (52 69 24) (11 33) 70 10 (80 39 37 59 30) (29 46 28 67 43 23 49 55 9 6) (62 72) 13 14 56 (32 57 76) (47 25 68) 65 (8 4 15) (60 5) 41 (7 50 34) (38 21 51)
21: (27 12 4) (75 25 74) 23 (24 26) (36 41 46 21) (56 17 10) 62 (28 45 79 60 18 11) (2 38 68 73 29) 47 58 50 (61 69 53 80 31 34 16) 59 (6 51) (44 64 3 42 52) (19 22 20) 54 77 (35 65) (76 37) (33 72 71 15 66) 1 67 (48 70) (40 30 13)
22: (51 38) (37 26 71) (5 3 41) 8 32 (11 70 23 73) 68 (43 31) 45 29
23: (17 76 72) 75 (79 67 57 30 73 46 38) 13 78 (3 58 22 32) (80 74 4 42) (11 29 27) (54 16 55 23) 56 (34 40) (7 60) 49 (65 10) (25 26) 50 (2 41 33) (12 1 43 45) (61 59 28) (77 71) (31 6 24 64) 69
24: 44 (47 38) (35 32)
25: (49 29) 60 (5 80 46) 78 52 22 (19 43) (75 72 21) (2 31 12 4 27) 45 (65 73) 54 (62 57) (16 36) 50 (79 24 77) (20 17 63 68 30) (3 76) 42 (39 38 33 35) 59 (10 61 53) 48 (32 13 28) (34 40) 9 (11 8 15 69) (14 1) (64 41 25 51) 66 (23 56 6)
26: 56 (28 64 26 77 34 72) 41 (9 45 57 35) (25 69 19) (24 59 32 78 47 65 8) (70 76) (73 4)
27: (40 41 69 32 78 33) (22 58 61 67 20 48 37 19 15 64 11) (45 27 21 57 80) (68 17) (7 59) 55 (74 71 60 62 23 56 4 79) (77 6 12 3) 70 (31 63 53) (30 8 26 1 66) (13 34 73) 72 46 43
28: 3 58 (9 26) (73 50 14) 75 (66 61 16) (11 72 68 18 43) (70 8) (51 80 69) 17 (74 6)
29: (76 24) 46 (57 75 16) (44 12 64) 1 (50 79 17 69 27 18)
30: 34 (42 12 78 64 9 37) (73 3 60 10 55 63 45 69 59) 4 (65 7) 28 (40 48 21 8 30) (79 51 11 1) (23 75) (6 77 33 61) (16 54) (17 52) 72 41 (29 80) (14 71)
31: 35 6 (1 77 67 49) (19 59) (47 80) 28 (75 71) 64 (62 41) 25 (68 24 54 39) 20 40
32: 39 65 24 16 66 74 (35 1 77)
33: 53 (33 37 21 22 35 50 32) (7 25) (15 52) (1 69) (44 55 47 60 73) (38 43) 30 2 (9 4) (75 68) (72 17 54) (3 48 74) 67 (41 27 36 11) (46 40 8 51) (45 10) (42 63) 65 (29 19) (18 76 13) 5 (31 57 28) (59 14 39) 61 56 (77 16)
34: 13 (22 20 77) 29 (71 23) (9 78) (12 27) 31 72 (2 53) 48 65 (61 5 21 33 7 40 57 44) (62 16 43) 60 (35 36) (64 18 32) 49 (50 37 45) (28 26 14) (10 70 58) 75 (73 8) 47 (34 56) (63 69 39) 68 (46 3) 54 19 38 (41 4 74 59 30) (76 51 11) 66 24 15
35: 7 29 (65 59 26) (11 47 3 17) (31 75 51 73 5) (61 46) (25 27) (10 40 70 12) (35 80 8) (63 21 2) 4 76 (50 64 55) 74 23 (1 66 79) (42 34)
36: 13 41 (24 55 44 32 66) 79 (38 7) 35 31 3 37 74 11 (54 20 21) (46 65 57 58 68 1 40) (50 52) (64 45) (61 19) (16 17) (75 9) (10 48 33) (23 70) (56 72 78 43 73 8 51 49 2) 14 36 29 (26 59) (6 5 42 67) 34 (53 63 77 25 76 60 18 30) (39 12 27)
37: 76 77 35 (43 10) (9 51 23) (33 58) 16 52 (72 1 8)
38: (14 9 16) 2 (34 32 60) 27 (46 74 72) (15 31 52 59) (13 75 45 71 43)
39: (3 80 52 33 66 20) (31 19) (47 18 26 67 23) (2 56) (42 39 60 32 8) (58 12 75) (4 59) 27 (55 6 69 13 10 57) 14 (16 51) 43 (36 53 77 11 40 45 79) (7 22) (35 62 64 9 73) (15 72 17 54 28 34 61 48) 25 76 (71 30) 70 74 (21 78 41 29)
40: 56 46 (3 22 9 12 79 23 2 61 40 77) (52 31) (7 62) (80 50) (19 47) (34 53) (21 14)
41: (73 70 11 49 80) 1 14 (39 3) (52 37 33 21) 20 (60 16 9 76 74) 46 (77 4 65 31 41 25) (6 43) 47 (23 7) (13 63) (55 8) 59 (24 51)
42: 14 8 (1 38 68 37) 39 (79 9 45) (29 12) (33 7) (28 35 69 11 73) (41 78 58 2) (21 77 26 80 30) (4 57) (13 64 5 6) (42 61) (47 62) (17 25 36 75 72 19 66) (67 53) 34 (32 63 43 60 56) (74 54) (27 55 44 40) (46 15) 22 (59 3 71 20) (10 52 65 70)
43: (48 79) 77 42 (14 76 47) 54 64 (58 46 53 71 20 65 67 66) 19 (38 33) (7 49) 17 28 34 10 (21 50 12 52) (56 27) (72 18 5 78) (29 39 62 60 70) 55 2 (1 43 25 6 45) (74 80) 35
44: (42 11) 29 (49 23 72) (27 54 10 2) (30 33) (56 73) (28 31) (17 63) 3 58 (45 66) (50 74 62 21 6) (55 67 53 32) (34 24 80) (40 41) 68 14 71 (61 46) (25 20 15 7 48) (37 4 1 78) 65 22 (35 19) (38 44) 47 (43 18 36) (16 60 26 79) (70 57) (77 9) (5 8) 69 (51 59 64 39) 52 76
45: (75 13 28 9 12 78) 33 46 25 62 (55 32) (40 23) (41 63 8 27 14) (10 20 54 72) 51 49 (45 43 22) (30 58) (77 34) (11 59) (26 67)
46: (50 51 16) (10 77) (54 17) 40 19 (11 76) (13 9) (4 49) 42 (75 37 74) 58 (5 65 29 64) 20 (33 44 62 66 46) (73 71 35) (8 38) 70 34 1 3 (69 55 47) (52 80) (12 36) 68 57 67 22 (56 60 28 7 30)
47: (40 59) (2 13) (39 58 56) (63 23 69 12 79) (36 49 18) (77 6 66) (3 27) (34 42) (30 22) 48
48: (26 73 60 1) 7 (24 2) (37 38) 25 (80 22) (75 42) 13 19 (59 63 67 49 64 20 46) 9 4 31 (45 41 66 23 54 53 76) (34 6 15) 50 (16 18 55 30 68)
49: 30 (12 74) (27 32 15 8 44) (53 55 52) (61 9 39 6) (10 23) (57 56 45) 70 14 49 (13 17 16) 19 7 40 28 35
50: 78 (26 42 80 35 57) (69 70 59 15 18) 55 (63 10 20) (33 67 65) (14 25) (53 46) 74 (79 36 27 66 75 6 21) (64 61 48 16) (44 23 60) (1 50) (73 45) (19 47) 29 9 (52 71 30 34) (62 31) 76 4 32 2 (54 43) (5 37) 77 (40 8) 24 (22 3 49) 41 (39 17 72)
51: (49 21 12 23) 53 (19 50 62 33) (65 8) (55 13 74) 77 18 (52 76 41) (35 78) (44 16 80 17 1 24 5 79) (22 30) 2 58 57 73 (68 9) (61 3) (10 45 72 71) (63 4 54 15 11 67) (56 70 51 14 37) 40 7 (60 39 34 31) 66 25 (20 42) (29 69) (26 28 47 6 75 36) 59 32
52: 72 (25 31) 44 28 (68 49 26 51 7 40 74 65 60 77) 13 (5 19) 23 48 (21 67 69 17 10 63 33 6 34 66 62 54) 79 (50 46 29) 47 58
53: 43 17 (72 67) (69 57) 15 20 (36 70) (18 49) 6 (54 27) 2 8 (24 75 23) 14 21 46 (26 48 13 40) 59 (34 78) (80 41 5) (11 66) (35 56) 30 (65 45 19) 71 (76 7 44) 4 (64 62)
54: (67 40 75 23 2 69 30) (34 47 5) (36 65) (46 49) (25 31 55) 51 43 (73 20) (22 80 7 17) (8 41 16 3 56 72 9 62) (32 28 71) 52 59 26 78 42 10 1 (50 66 35 11 14) 4 18 (57 76) (61 39) (54 27 64 24) (58 60)
55: (28 48 79 41 44 52 14) (7 77)
56: (7 67 76 18) (62 77 30 59 70 19 79) 10 6 (71 48 8 49 2 13 43) 63 (27 80) (17 55 57 73) (36 47) (34 33 44 38 39 32) (64 72 9 65) (68 58 21 40) 3
57: (16 58) (15 46)
58: 24 17 60 (65 31) (67 27 34) 41 (25 32) (13 42 28 33 53 39 56) (11 69 1 78 15 55 47 44) (21 2 58) 63 (12 50) (37 79 9 75 80) 30 (66 71 7 46) (59 70) 4 38 72
59: (57 40 27 2) (72 16 75 31 71 80) (7 35 58)
60: 67 (34 48) 57 (35 28 33) 79 32 61 (46 20) 8 14 72 78 (70 11) (12 26 18) (5 38 9) 59 (66 68 80 43) (51 69 60) (64 55) (62 15) 50 3 (16 21) (1 30) 7 (58 10) (47 52 54) 31 (63 49) 2 (19 77) (4 42 56) (40 23 44) (39 27) (29 71 45 75 41) (6 73 74 37) 25 (13 24 76) 36 65 22 17 53
61: 58 (29 28) (64 5 74 8 70 76 24) 78 35 77 33 (55 15 79 39 14 6) 32 (23 3) (48 65 75) 52 63 (73 30) 51 (54 16 40 68 69 7)
62: (73 19 36) 13 51 (38 16) 5 61 (41 37 66) (67 75) (45 58) 40 72 (42 14 71) 63 24 (10 53) (20 54 29 47) 74 2 18 3 (62 80) 44 (15 76 8 33 39)
63: 75 (41 69 24 15 26) 19 10 (46 58 70 47 49 68 20 9 7 80 43 78) 60 (66 40 33 54) (56 77) 14 (28 1) 65 (32 27) (51 61 8 55 73 48) (31 35) (64 42 50 11 5 79) 63 (38 4 36 22) (57 52) 76 (59 2 39 71)
64: 7 (61 22 68 10 62 24) (72 36 25 1) (48 3) (16 32 35) 73 (4 45) 21
65: 74 (32 36) (11 63 2 18 9 8) 33 47 42 28 (15 3 24 53 73) 55
66: 69 (47 43 14 18 40 17 53 15 33 7 50 21 24 19 65 11) (13 44 76 35) (22 30 5 70 72) (38 25) (51 59) 36 78 41 48 (62 31) (28 55 3) 68 10 58 (54 32) 6 (1 46)
67: (79 80 31) (13 6 8) 15 5 (34 47 69 30 29 27) 71 (24 65 63) (25 39 49 76) 73 (16 4 20 72 50 58 21) 2
68: (66 80 5 17 35 50 72 45 56 68) 10 (30 51 78 49) 1 (77 47 55 64) 39 71 (36 59) (63 70) (48 9 2 58) 32 75 21 (13 26 38 57) (6 3) (79 41) 73
69: (19 70) 46 (11 62) (36 6 58) 32 (39 65) (68 37 15 38 54 23 66 72 63) 31 (76 1 2) (42 7 21) (28 44 52 45)
70: 70 (49 40 24 21 29) (11 73) 77
71: 57 15 (61 25 18) 45 (33 16 47 54 48 36) (19 22) (11 13) (63 51 7 53) (68 64) (69 5) 28 43 (62 41) (42 14 8) (4 21) 46 3 20
72: (17 57) (31 27) 53 58 (71 78 45 28 15) (33 39 9) (5 64 74) (75 26 34 50 42) (25 68 4 76 46 32 52 13) (38 49) (69 40 24 63 73)
73: (58 5) 38 27 (17 26 3 71 44 77) (56 32 50) (41 29 21) 79 (75 10 35 59) 4 55 68 (72 66) (46 52) (64 18 47 23 8 24 42) 48 (20 54) (63 40) 2 74 (9 51) (69 28) (76 53 61) 70 78
74: 55 (56 42 32 69) (8 44 51) (38 2 30) (76 67) (6 18) 33 (34 47) (7 36) (25 9 16 19 58 29 26) (28 60 1 70 41) (68 65) (49 66) (23 12 13 31) (53 14 52) (43 46) (50 17) 75 (80 39)
75: (79 54) 34 (44 66) 5 (1 23 15 57) 2 65 (39 3 18 73 33) (4 32 8 59) (6 21) 48 36 (13 42) (31 47) (74 12 14 35) 55 16 (67 22 38 60) (68 7 46 64 50 9 20 52) 72 (45 78 24 51 56) (25 63)
76: (10 33 35 73 72)
77: 49 (65 70) 60 24 (32 33 63) 38 (9 12 51 18 48 75) (26 72) (67 80) (4 58) (77 79 10 16 53 76) 44 (37 74 29) 40 (8 2) 43 (31 69 47) 15 (19 39) (25 45) 35 27 1 22 62 (20 55) (54 64 5 46) 57 (3 50 73) 36
78: 32 (44 31 23) 4 (55 58) 27 (20 43) (42 37 59 17 8 54 47) (38 50 41 80 34) 52 5 53 (60 30) (45 77 46 48 66) 28 (51 75) (61 14) (56 24) 19 (9 65) 63 15 79
79: (49 8 25 70 28 66 68) (4 47) (18 60 55 43) 24 65 (62 58) (38 77 53) (57 33) (63 2) 13
80: (36 58) (21 10) (33 38) (50 80) 28 69 52 (75 53) (49 37 32 56) 23 (48 67 1 34) (20 71) (59 22 5 68 13 78) 62
1: 42 (8 2 36 74 68 4 75) 66 (69 58) (7 41 64 46 48 30 80 37 27 63) (60 6) (20 29 23 1 5) (21 17) (11 15 25) (32 44 3 31) 43 33 (51 18) (35 77 54) (9 19) (16 50)
2: (47 2 69 35) 74 67 (42 40) (17 36) (10 33 23 79 34 68 4) (48 77) 51 (8 43 59) 53 39 5 (44 25 65) 56 (54 60) 75 (50 58 63 62 6 20) 21 (73 38) 3
3: (2 17 27) (10 36 68 5 33 40 60) 30 23 (66 51 20 28) 61 35 54 1 (73 34) (7 75 56 71 50) (4 39) (65 42) 77 12 (21 62) (3 46 47 22) (44 25 19 8 14) 41 64 16
4: 33 (75 54) 2 19 (79 78 7 34 30 77) (71 51 41 46) 9 (53 25) (27 14) (67 58 44) 21 (17 42 12) (73 26 72 10 60 11) (48 23) (1 39 50) (35 8 63) (20 64)
5: 22 (46 72 71) 14 (73 53 1 6 7 44 80) 10 5 35 8 (36 34 66 19 42) (61 52 75) 67 51 (60 54 2 12) (62 43) (3 77 68) (78 20) (63 9 25 33) 50 11
6: (27 14 17 31 30) 36 42 (50 47) 61 (44 28) 9 (52 51 49 39 74 18 68 48 23 10) (43 56 12 69 5) 53 66 (25 60) 21 15 (41 75 67 20) 6 2
7: (48 8 46 39 53 36 56 52) 27 (59 2 54) (66 6 34) (71 5) (23 33 44 58) 17 (4 42 69) 40 (35 1 12 20 75 74) 60 51 63 (55 49) (9 41 19) (61 30 43) 64
8: 17 78 6 (75 33 44 73) (36 19 79) 1 (46 35 16 50 30 42) 37 39 (10 26) (22 14) (27 25) (49 60 56 45 53) 41 (51 71 12) 62 (20 77 18 65 67 8) (34 61) 28 63 (74 54)
9: 51 48 (73 12 54 38 36 63 7 33 75 28 1 72 20 26 74 45 25) (18 77) 78 (46 58 41 68 42 14) (34 65) (49 39 4) (16 10) (2 8) (56 3 30 37) (50 6 44) 40 60
10: 9 (25 66 54 73 36 49 12 30) (21 6 4) 63 35 (42 23 43 37 64) (52 13 60 50) (62 15) (76 2) (44 80) 45 39 (20 68) (34 33) 51 (77 8 16) 5 (46 56 17)
11: 70 (10 5) (17 19 41) (45 71 18 20) (58 36 27) (53 12 66) (9 6 2 25 35 16 65 21) (30 1 8 33) 44 (46 14 69 60 63 15 28 54 51) (22 7 42 34) (39 23)
12: (49 47) (10 46) 43 29 (2 51) (60 1) (7 25 34 42) 36 (9 21 30) (77 35 74 8 20) (45 75) 3 40 (23 27 39 17 58)
13: (17 33 49 1 56 18 52 20) 67 16 (47 58) (80 11) (8 62 10 4 68 75) (41 9 74 42) (25 79) 45 (2 27) (71 51 48 12) 72 (36 34 21 23 53 60 6 15 39 66 38) 46
14: 61 (66 10 63) (49 30) (51 1 34 15 60) (50 25 33 8 36 75) 39 43 (55 41 17 19 44) 54 (42 2 45) (20 28) (38 71 5) (6 78 16) (74 62) 40 (53 9)
15: 44 69 20 (78 18) 58 (4 71 67) 65 (27 62 2) (38 51) 49 12 (61 63 77 34) (50 75) (8 9) 48 42 (16 60 33) (25 53) 10 (21 39) (72 5 17 66 1 57)
16: 38 75 1 (3 60 77) (41 6 19) (8 36) (30 57 21 64) (50 9) 71 (11 33) (48 23) 20 (10 25) (37 44) (28 51) 14 39 (49 12) 34 (32 29 74 61 54) (62 67) (59 46 2) 17
17: (8 51 78 33) 6 29 15 73 (14 28 27 42 74 66) (16 25 20 54) (49 56 58) (68 36 5 21 19 50) (35 30) (10 72) 60 46 (43 12 23 17) 52 44 53 2 39
18: (20 19 60 29) 34 (10 5 28 77 73) 39 (65 2) 48 (74 79) 51 (1 43 7 36 75 47 16 8 44) (21 66 33 62) (50 6 15) (54 71) 53 (9 56)
19: 40 (69 1 2) (36 51 71) (21 62) 6 (53 60 56) (63 77 4) 49 (8 78 66 31 34 27 33 48 46) 43 (44 12) (74 25) (5 26 39 16) 50 (20 10) (42 52)
20: (63 27 41) 77 16 (80 44) 25 54 50 (71 78 43 14 5) (36 73 1 10 67 2 51 48) (8 46 34) (17 60 53) (62 6) 75 (4 21) (20 39 42 45 31)
21: (51 17) 80 (41 36) (40 12 53) 6 (70 64 34 44) (42 35 73 43 16 5) 2 (56 19 27) (69 8 67 25 58) 71 (75 30) (68 3 20 52 39) (33 10) (60 50 21) 66
22: 25 10 (2 75 7 11) (50 16 47 46 66) (12 48 34) 27 (40 21 54) (60 45) (39 44 8) (77 80 14 1 5) (33 51 64 63 6 23) (9 20 42 71)
23: (54 10) (50 34) (53 9) (73 48 16 17 20) (44 2 40) 52 47 (25 35) 30 (49 51 36 12 27 41 6) 37 (69 8 75) 15 3 39 74 (21 22) (19 80 45 78 60) (1 61 23)
24: (66 17) (29 16 5 64 48) 3 (26 67) (63 36 25) (19 34) (11 58 23) 73 (10 61) (15 31) 32 9 (50 65 62 2 41 51 44) (12 60 78 79 21 75 77 70 6) (53 8 20 72) 54
25: (20 72 12 51) 74 (52 41 25) 35 (14 36 75) (2 26) (33 54) (60 71 8 67 39 79) (42 1) 58 77 23 43 66 (31 16 48 5 64) (44 7) 21 50 45
26: 73 (2 17 16 26 63) (50 23 35) (28 11 5 34) (52 68 9) (36 54 21) (60 27 39) (3 42) 48 12 (72 77) (22 8 1) (6 51 15) (45 44) 20 (74 53 10)
27: (53 43) (33 38) (35 42 27) 4 6 (39 56 7 72) 67 19 3 36 (50 34 16) (2 23) (17 77 29 58) (63 1 60 59) 10 (49 20 21) (8 45) (44 78) (47 54 73) 25
28: 42 12 (10 79) (44 8 63 51) (23 43 21 45 66) (5 30) (55 65 9) (6 54) (71 25) 61 (46 78 60 14) 33 (74 20 72) (19 15) (18 49 26) (7 73) (1 2 34) (16 52 80) 31 (39 69 58)
29: (46 30) 77 (20 74 73) 44 (18 52 33 35) 9 (17 62) (21 60 2) 11 (14 50 70) (42 10) (39 34) 23 (61 7 4 67 25 43 51) (12 22 6 36)
30: (60 47 44 50) (49 27) (48 23) (54 1 68) (67 8 46 25 42) 66 (36 9) (53 20 4 21) 39 (30 10 56 3 14) (45 78) (34 33 17 61 58) (7 6 51) (11 74 12)
31: (6 74 44 34 38 4 69 63) (17 20) (22 1 52 48 36) 7 12 (66 77) (14 72 39) (78 10 40 21 58 67 23) (60 8) (50 51) 54 (41 35 59 27) 33 (75 2) 25
32: (6 12) 24 (78 25 9) (69 22 61) (27 39) (45 26 2 23 73 56 77 60 36) (42 17 72 38 44) (7 54 65 74 34 10) 51 (14 80 33) 16 (5 68 49 75) 1 20 (50 63 64 66 58 8)
33: (21 18) 72 (16 20 39) 77 9 (12 66 79) 17 43 (71 80 45 34) (10 65) (74 36 4) (46 50 5 37) (23 44 58 30 75 27 62) 19 (76 7 51) 42 1 60 52 41 3 (25 2) 61 8 (63 14 33) 56
34: 39 (44 45) 21 (34 80) 4 51 78 47 (67 38 40 23) 2 16 (50 6 27 19 74 3 60 52) 20 42 (43 1 53 58 75 30 36 35 26) 48 56 (12 8) 46 (72 5) (54 25 10 15)
35: (44 17 14 60 39 10) 16 34 (63 31 19 15 12 8) 37 73 24 (51 1 49) (33 21) (76 43 42 7) 77 (46 64 35) (75 2 26 32) (20 68 66) (50 61) (54 25) 36 (53 59)
36: (66 1) (77 4) 16 6 63 (74 53 25 34 17) (8 51) (46 5) (7 14) (42 18) (68 69 56) (60 64) (80 65 3 21) 50 36 (33 44 20) (75 47) (2 54) (39 62 71) 12
37: 77 (8 5) 21 78 (1 33) (6 51) 58 44 (69 34) (20 50) (42 60 22 80) 27 (36 30) (9 62 16) 46 (10 17) (2 41 48)
38: (74 72 43 73 56 8) 2 (36 4 1 44 10 19) (78 12 6 66) (24 33 3 20 22 18 48 23 21) 58 (34 79 42 75) (62 63 80 46 77) (25 9) (60 69 68)
39: (47 6) (63 2) (5 32) 25 (44 14 3 56) (60 75) (10 31 8) 42 (51 77) 12 17 (16 20) 36 (34 74 62) 69 (33 19 61 41) (49 43) (39 54 50) (58 68) 72 67
40: (34 36) (14 46 72 1 19 9 2 49 59) (44 6 31 20) 60 (70 66) 21 (13 27) 63 73 (16 54 56 52 50 45) 7 17 (77 53 30 39 35) 40 (25 33) (12 8 62) 61 51 (23 18) 4 (5 42 47) 10
41: (53 55 66) (19 21 48) (39 14 36 31) (42 25 51) (26 1 54 78) (58 45) (63 68 6 60 62) (74 34 8 17) (12 27 30 2 50) (71 33) (10 20 73 44 41 23 22 18)
42: (35 7 75 46 51 2 3) (13 69 25 60 71 48) 1 (4 58) 23 65 (74 43) (78 39 36) 62 (19 44) 47 (6 54 9 16 50 42) (63 33 10) 73 21 (72 20 30) 14
43: 54 (25 20 27 17) (39 34) (5 79 6) (14 36 44 4 78) (42 63) 50 (74 66) (71 43) 38 (2 77 12) (22 8 41 37) 60 (9 10 18) (23 56 1) (33 28) (53 45)
44: (8 33 49) 52 50 (6 62 74) 21 (60 78) 51 (55 58 18 20) 77 (34 24 66 2 69 42 17) (44 36 53 5 29 46) (1 73) (75 56)
45: (64 71) (21 78 68 30 19) 45 77 72 15 (50 44) 34 8 38 39 (2 14) (42 27) 51 49 (10 5 36 7 20 43 33 6 26 25 16 12) 75 23 (17 48 69 1 22) (18 62 4 60 53)
46: (50 27 72 33) (63 43 41) 6 21 (48 52 20) (42 10) (58 77 71) (75 54 45 57 35 5 69 66 23 12 29) 9 2 (44 16 73) 1 60 (40 25) 34 78 (36 19) 4 74 (46 17) 38 53
47: 62 67 (2 20 39 78 26 33 5 12) 17 (50 63 42 54 44 66 51 65) (58 35 77 43 24) (79 71 14 34) 21 (46 40 8) (31 56) 41 (52 60) (10 68 75 1) (74 73)
48: (15 77 30) (66 44) (39 33) 36 25 61 (56 20 34 75) (60 21) (64 71 73) (6 5 14 52 43) (17 10 78) 50 (68 2 63) (55 27) 53 (80 47 1)
49: (2 12 63 56 10) (52 11) (20 5) 46 (47 50) 45 (19 41 18) (7 70 36) 1 (25 80 17 60 43) (72 79 14 54 77 49 51) 44 (74 68 4) (53 67 23 48 16 31) 34
50: (63 29) (58 54) (80 51 78 46) 10 (75 4 36 6 72 1 2 25 7) (35 73 14 68) (40 52 74 66 21) (8 17 23) (50 20 19 33) 60 44 43 (28 67) 77 48 34
51: (61 1 6 28) (74 51) (41 8 63) (16 39 22) (35 44) (71 30 54) (62 45 75) (77 21 19 33) 12 9 (66 37 78 68) 52 (60 2 34) (20 3 36 73) 14 (46 10 5 25)
52: 39 (16 15 36) 8 42 (21 30) 50 44 (25 38) 14 10 (37 75 72) 51 (43 17) (69 6 63 5) 74 (20 73) 33 78 12 41 54 (2 61 40) (80 46 49 60 1 55)
53: (79 71) 9 49 (62 18) (25 20 60) (73 80) (21 17 2 74 65 42) (12 66) 36 1 (39 58 16) (77 43 51 34 5) 33 (78 44 40 27 48) 72 (6 19) 50
54: (39 31) (52 60) (16 42) (69 25 54 53) (34 66) 19 71 (63 48 44) (73 17) 75 14 (33 8) (2 61) 6 (51 77) 78 21 30 23 (12 45 18 50) (62 46 9 5 43 36)
55: (19 65) (17 27 42) (14 48) 75 (41 50) (44 58 35) (49 15 23 63) (10 73) (18 5) (2 56) (46 20 1 12 60) 79 66 74 30 (7 54) (45 9 61) (39 33 4) 78 16 68 (77 8 36) 43 51
56: (1 63 54 34 10 42 27 80) 40 (17 44 5 19 58) (47 4 2) (33 51 23 49 78) (20 8) 75 (39 53 12 25 36 26) (43 21) 14 (68 74) 60 46 (6 73 9)
57: (46 33) 44 (68 63 72 77 51) (71 42 5) 54 (34 14) (9 29 1 56) (8 26 59) 12 20 49 36 10 39 50 25 (75 60 27 6 53 79 19 2) 23
58: (34 27) 57 44 (66 46 58 51 9) 39 (20 17 18 56) (73 28 12) 7 (36 61 19 72) (1 59) (21 23 67 69 8) 77 (42 78) (6 5) 54 47 (2 43) (80 45 74 62 11 68) 16 60 (79 10 52 37 63)
59: (26 35) (27 36 56 51 1 23 73) (63 16) (30 2) 45 17 78 (44 75) 42 (41 14 60 11) 8 (25 54 39 4) 19 (58 66) 68 38 47 (5 50 21 33) (48 80 31 53 7 34 20)
60: 75 (48 79 33) (38 44) (25 34) 17 (27 8 60 63 54) 50 (46 77 20 16) 36 (5 74 52) (21 42) (10 30 13 78) 51 (39 23 19) 15 (58 2) (9 14 41 43)
61: (34 2) 17 60 (44 8 25 36) (63 21) 28 (1 33 4 6 7) (62 14 71) 15 (42 39 49) (78 18 27 50) (12 5 51) (11 54) (23 73 19) (20 35 40 3) 30 64
62: (39 60) 77 79 (46 42 53 64 43) (66 44 80 51) 16 9 (19 69 25 31 56 10 40 20 17 18) (1 52) (12 8 11) (62 54 45) 14 21 27 71 34 50
63: (33 71 79) 27 (34 73 3 36 47) (35 72 25 20 78) (77 16 9 10 42) 2 (75 17 63) 51 50 (6 62) (1 56 65 52 30) (58 61 45) (14 41) (19 44 60 68 67 69 5 48 15 7)
64: 29 (68 43) (14 6 26 42) (9 25 73 46) (12 34) 8 (61 54 23 48) 27 (1 21) (5 39 72 35 71) 10 56 (36 77) 17 (75 31) (63 16 50 19 53 30 20 60 44) 11
65: (26 32) 23 (33 21 34) (19 1 58) 53 (36 17 10 12 50 25) (75 66 43) 78 63 (69 35 20 52 60 51 42 54) (30 79) (2 18 46 14 67) (56 41 44 61 77) 74
66: (34 43) 48 (8 12) (39 17) 74 (44 47) (78 28 52 3 79 63 50) (62 73 5) 75 42 9 (19 53) 21 (68 51) 25 (27 46 60 32) 58 20 (69 35 36 54)
67: 48 42 (77 27) (17 39) 62 (31 23) (45 1) (36 21) 20 74 33 43 (58 75) (2 51 50 5 10 52 8) (80 44) (14 56 9 54 46) (53 60 12)
68: 42 66 (46 72 79) 14 (31 25 1) (33 10) (60 56) (19 52) (74 64 21 2) 5 73 (9 34) (69 51 8 71 28 61 36 27 68) 17 (22 6) (63 48) (16 75 44) 20 80
69: 29 (67 53 33) 25 44 80 (42 26) 4 (52 2 71) (18 5 20 47 6 63 12 66 54 50) 10 58 (51 9 39 15 16) (73 77 14 28) (30 74) (23 27 60) 11 (61 34 46) (21 72) 8
70: 56 58 39 (19 50) (79 51) (69 1 17 7 11) 70 (21 8 46) (49 36 53 18 68) (34 77) (42 41) (60 27 73 22 12 61 35) (10 44) (66 26 43) (2 63) 20 (74 6 28)
71: (20 1) 2 (63 80) 21 (30 12) (42 8) 43 (67 58 53) (9 59) 27 11 10 34 5 16 51 14 (56 73) 39 44 (60 15) 68 54 50 (22 38 46) (62 23 3) (6 31 18 72)
72: (60 77 23) 69 52 (5 28) 68 (76 26) 16 73 2 34 39 (33 53 37) (43 25 17 21 30 14 36 64 27) (8 15 44 67) (50 9 75 59) 51 62 (58 45) (20 66 4) (38 6 10) (54 42 56)
73: 22 (76 48) (39 25) 75 (56 42) (54 21 28 41 3) (34 51 67 46) (1 61 26 5) 64 20 (33 70 36 44) 30 (72 27 7 68 77) (62 2 17) 35 (19 15 10 63 50) (12 65) 16 (60 23 6)
74: 35 41 46 42 33 15 (62 44 27 8 1 19 14 61) (12 28) 17 49 (73 77) (20 65 50 51) (60 34 18 6) (10 21) 72 (32 38 23 9) 52 43 (39 75 3 16 2) 36
75: (6 62) 77 (34 72 59) (25 42 10) (38 12) (58 31) (23 36 63 7 20 2 8 30 46 18 33) 73 (80 60 51 61) (54 29) (9 17 14 74) (35 48) (45 78) 53 (50 21 68) (28 1) 39
76: 20 (66 6 77 35) (33 5) 72 (34 1 69) 53 60 (63 10 43) 41 (8 26 74 54) 62 (39 73) (67 2 21 56) 51 (61 44 36 25 29 9 48 46 17 37 16 23 50)
77: (52 39 27 37 60) (77 73) (20 21) 17 (41 34 61 1 7) 40 (31 55 44) (36 50) 14 (68 42) (19 47) (25 45) 63 46 (8 26 79 43 6 12 51) (32 23 33 18) (5 56 10) 70 (9 30 2) 78
78: (34 63 25) (50 42) (45 73 60) (51 36 72 9 27 1 30 80 61) 26 39 58 6 43 (53 23) (10 14) (5 75 3 19 54 66 16 2) 7 (44 68 8) (20 12)
79: 44 27 21 (78 14 63 10) 42 (35 23) 58 (29 60) 5 20 30 (75 7) (43 47 25 36 6) 77 39 (19 1 50 12) (55 73 61) 40 (17 2 18) (51 56) (67 8 52 68)
80: 51 50 (78 80) (59 5) (44 48 54) 1 (14 18) 27 (46 77 28) 23 43 (74 39) (42 67) (60 53 56 10) (35 8 63) 58 (2 21 41 68 16 25 40) (9 30 62) 19 (31 20)
