80 80
1: (52 78) 64 79 61 (6 72 34 14 11 51) 71 (66 5 45) 24 (33 54 16 17 18 68) (59 67 50 44 4 3 21 76 7 13 48 39 73 75) (69 74 77) (30 70 10 41 35) 47 (38 22) (37 60 36 40) 9 (28 43) 49 (58 63 23 2) 27 26 (25 32) (15 57 29)
2: (53 64) 30 (70 6) 54 (48 40 28 73) (52 33 56 69 58 34 71 22) 60 9 27 31 25 (7 26 67) (38 3) 51 (59 42) 13 57 (49 65 80 72) 11 18 (76 36 29 20) (35 21 14 2) 39 (77 17) (50 4 46) (75 78 74 5 8) 63 10 32 23 (66 16 45 61) (79 24) 19 (47 62 55)
3: (23 41) (9 3) (4 79 42) 54 75 80 7
4: 7 8 58 (51 11 21) 61 (10 74) (20 62)
5: 48 (5 12) (69 18) (35 26) (28 17) (61 39) (56 25) 2 37 (73 52 8 64 68 27) 49 47 15 30 (62 65 13 77) 32 (71 59 40 44)
6: (71 23) (13 70) (53 16) (46 34 27) (25 72) (36 21 48) (20 24) (56 47) (76 79) (1 39 31) (18 35 68) 57 (65 77 50 4) (15 78) (42 49) (26 55) (17 73 64) 5 41 33
7: 69 (22 76) (60 42 72 44 38 2 20 51 21 7) 36 (3 24 63) 49 (43 75 45 61 65 80) (33 70) 13 (1 18 56) (52 14 5 58 12) 78 (4 31) 66 (74 68) 15 (47 53 77) (29 25 73 6) (32 8 30 40) (71 17 50) 35 (64 57 79 34) (37 59 16) 41 (26 46) 23 (62 9) (54 39 10 28) 48 (67 55 27) 19
8: 22 (62 42)
9: (38 10) (69 21 43) (40 7 61) (79 41 9) 64 62 (32 12) 6 (50 51 58) 45 (57 4) (27 60 77 72 29) (34 42 46 13 28 23 49) (54 39 44) 26 47 (63 8 68) 65 (5 48) (74 16 80 36 70) 76 (53 19 71) (35 22 78 52)
10: (64 14 36) 17 11 (20 59 16 19 68) (79 40) (26 50) 57 (33 70 22 46 7 76 75 45 60 48) 5 (24 65 32 55 44 6 28) (37 66 35 77 38) (52 61 62 29) 74 (56 71) (23 18) (10 78 54 73 34) 51 1 (80 47 8 13) (4 49 15 67 41) 31 12 (9 21) 27
11: (42 9) (70 56 45) (40 72 19) (74 25) 79 (34 51) (46 65 61) (75 80) (12 67 27) 36 30 (2 73) 31 (59 37) (20 66) (16 35) (71 26)
12: 7 14 29 (55 26 36 16) (50 65 49 32 34 68) 23 (24 79 9 44 64) (12 71 77 47) (18 4 62 58 19 37 28) (2 10 6 66 53 13) 67 (69 63) (61 60 73 11 1) 39 40 56
13: (36 57) 75 5 (23 40 30) (34 78) 80 61 (49 51 13 64) 45 (53 38) 60 14 (8 20 18) (22 50 31) (44 39 9 77) (27 3) (7 79 21 17 54 29 68 2)
14: (28 5) (14 53 1) 68 8 (67 10 2 16 7 63) 69 (71 25 48) 46 19 (64 26) 36 (3 27) 51 (49 22) (32 44) (35 34 6) 23 33 (40 72) 58 13 (80 38 50) 21 (56 79)
15: (51 71 13) 17 (80 35 29) (77 64 40 44 76 61 27 3 16) (15 14) 67 19 (9 53 5 68) 11 (58 46 24 65) (55 30 69 31) 33 26 56 23 (18 59) 72 22 (47 62 75 4) 12 6 37 49 21 78 (10 34)
16: 28 (76 11 60) (4 43 15 37 26 66 31 20 68) 9 (23 72 10 7 35) 70 (55 32 21 41 45) 69 59 (39 74) (67 16) (30 73 19 2 25 44 49 53 22 27) (36 57 1) 18 (5 33 13 40) (6 71) 8 (34 65 50) (51 61 58) 78 (77 54 80)
17: 60 22
18: (33 53 15 37 73 23 55 43 77 42 52 44) (70 6 13 65 47)
19: 51 61 (23 7 42 52) (76 75 39) 40 (46 31 8 24) 5 (32 63) 77 (79 30 13) (10 44) (62 78) 50 (45 47) (27 69 15 64) 6 55 (53 48) 3 33 28 (41 2 22) (54 65 1 36 18) 17 (66 26 74) (80 12 58) 25 (59 56) (57 67) 19
20: (64 52 3 30 41 14 44 6 38) (56 66 4) 55 (74 79 67) 33 28 (53 54) (12 9) 20 39 31 (73 7 45 1) 29 (75 40 35 70) (36 68 26) 23 (5 46 34 58) 62 (57 63 69 47 60 43 77) (59 19 18 21 49 8) 16 61
21: (56 24) (6 48 36 52 15) 51 (43 11) 31 (68 64 78) 2 58 25 (45 54 77 33) (66 13 55) 14 (17 3) (72 80 1) 44 63 (5 39 19 41) (50 9) 59 (27 22) 42 (30 23 74 18) (20 65 60) (75 37) (28 61) 12 8 (71 73) (7 16 21 46)
22: 68 (60 42) (16 38) (5 74) 8 (51 67) (80 53) (35 23 1) (52 70 54 43 65 2 44 37) 61 (79 77 18) 71 32 (48 7 25)
23: (12 16) 63 50 (74 77 73) (67 52) 35 (3 79 72 39 45 14 61 49 20 33 76 43) 68 42 29 (7 22 48 38 28) (60 34) 25 (41 70 40) (64 1) (47 31) (56 15) (24 59) (8 54 37 69) (71 26) (23 9 62) (13 58) (46 6 32) (27 65) (75 18) 66 (55 30 21 17)
24: (1 24) (39 76 47 6 57 30 29 43) (69 33 51) (25 77) (15 12) 70 9 (28 64 34 16 23 14) (42 62 79 49)
25: (5 78 6) 11 69 (45 76 31 63 59 54) 8 (48 3 14) 7 (13 49) 35 (56 62 20) (58 74) (41 38 18) 29 (26 16 71 36) (65 47) 60 (37 44) 22 (15 61) (24 73 25 19) 53 21 28
26: 20 (62 34 25) 33
27: 70 74 55 (3 76 14) (65 71 6 7 68 45) (12 18) 80 (48 11 10 50 63 79 53) 27 (49 73) (69 77) 16 (38 25 17 37 15 29 41) (59 13 4) (44 43) 35 (60 34 42 26 36) (46 33 21) (30 52) (75 54 64 61 32) (39 56 20) (23 51 24 66 72 57 2 5 67 58 31) (78 40 47 1 28)
28: 54 25 (21 3) 57 (52 68 60) (45 37 40 65 9 6) 70 30 78 (39 69) (5 2 67 14 53) 27 (10 56 49 66 1 33 32) (20 11) 41 (55 75 58 59 38 19 34 35) (17 43) 28 (31 36 50 8) 23 (74 7) (22 15 63 80 16) (64 13) (24 44) 72
29: (12 28 77) (48 58) (11 26) 30 (62 60) 1 56 (72 25 43 39 80 32) 51 71 (52 46 63) (38 54) (4 23 75 44) (10 49) (9 73) (33 70 57 45 35 78 50) (66 31 37 47 41 21 55) 76 34 (59 8) 2 (79 61 67 3) 17
30: (26 68 44) (74 20 43) 37 23 (41 52) 2 (66 72) 7 34 (13 29 53 17 61) 30 22 77 (58 50 36 47) 1 (5 21) 63 (38 8) (28 48 3) 60 69 (62 11 40) 32
31: (37 46 5)
32: (79 13)
33: (54 72) 19 24 (66 58 65 10 16 27) (18 60) (77 28 2) (62 15 38 37 7 68) (80 50 34 17 12) (6 5 31) (57 46 79 56 33 71 32 23 42) (74 64) 1 (76 26 43) 9 21 51 (41 13) (61 8) 22 67 (35 29) 49 (78 39) 40 36 70 3 25 (73 30) (14 69 4 47 44 20 75) (52 63) (53 55 48 11) 59
34: (12 43) 69 (19 58 18 26 50 21 20 65 34 49) (80 25 9) 48 (59 16 41 53 6) (30 24 76 55) (77 51 52 57 72) (35 45 29 67 13) (63 74 11 75) 1 (8 71 40 7 23 3) 70 (17 28 42) (15 27) 60 (33 54 62) (79 10 44) 73 (66 68 32 64) (2 39 61) 14 4 (47 37 31) (56 78) (22 36 5) (38 46)
35: (54 78 65 50 30 5 26) 28 (4 12 49) (27 16 13) (53 68 25 72)
36: (13 69 8) (72 18) (39 7 9) (46 41 64 60) (29 34 38) (49 78 42) (76 22) (57 11 65) 43 (62 33 44) 21 (50 16) 71 6 77 (28 12) (19 45 24 52) (54 31 17 26 63) (61 53 23 73 56) 74 (58 15 48 14) (67 10 30) 79
37: (29 54 34) (77 21 43 14) 61 (67 11 46) (64 10 71) (59 53 37 20 75) 12 (22 26 51 52) 49 (80 58 3 8) 65 55 (5 6 1 31) (2 42 57) (47 7 56) (48 62 69 4 60 13 68) 33 (27 9) (18 79 74 30 39) 17 41 76
38: (74 33 75 46) (30 17 50 12) (52 25) (4 54) 45 (58 6 8) 2
39: (74 36 37) (39 57 38 34) 44 (77 9 13) (24 14) (65 58) 35 11 (32 30 67) (15 6)
40: 19 74 56 (6 8 2) (76 80 30) (68 65) (35 55) 10 (7 17) 15 (26 41) 79 (53 22) 46 29 14 (70 18 58 64) (77 73) 61 57 54 42 (11 16 78) 62 24 (63 37) 66 (27 20 60) (4 67) 23 (75 39 38 72) (69 51) (47 52) (9 40 45 49) (3 1 31 12 28 25 36 50 44 71 21 32 5) 34
41: (65 66) 63 26 (14 72 56 28 50 29) 4 53 16 (44 80) (27 13 8) (23 35 20 79 11) 61 (55 43 41 76 33) (49 18 19) (78 75) (47 32 58) 39 10 7 64
42: (74 26 17) (60 14) (52 72 58 41 7 35 2 68) (24 47) 1 (10 30 6) (21 53 54 31)
43: (42 39 17) (8 33 75) (49 13 79 18) (20 9) (61 22 37 36) (44 24 59) 2 (67 1) 29
44: 23 53 (47 1) (18 60 10 50 33 76 56) 58 (41 43 19)
45: (49 57 74 25) (30 2) 50 61 (66 64) (70 71 55 7 32) (46 24 75 73 45 21) 6 (10 76 43) (78 29 13) (47 28) (33 31) 12 65
46: (80 12 66 42) 74 (1 6 25) 28 (40 37) (79 68 51 30 65 34 31) (76 32) (48 61) (23 19 27 54 70 43) (78 24) (64 75) 49 (46 77 45 17 35 50 73 9) (10 56 38)
47: 22 18 44 (79 67 70 42 63 60 16) 4 (73 7 8 34 40 69 48) 32 (68 76 24) (61 12) 19 (30 15 49) 6 (50 9 14 37) 58 78 (45 29 65 66) (52 27 43) 31 74 39 28 62 (21 36) (72 80) (1 3)
48: (55 5) (77 40) (31 30) 10 (29 34 6 53) (12 39) (26 48 62 79) (21 1 69 22) 23 (46 71) 3 (8 76 66) 28 (27 4 60 80 33 50) 54 42 9 38 (36 37 44) 49 (43 64 41 24 17 18 68) (16 32 45 51) (63 7) (58 61) (2 35 73 74 59 11 25 13) (57 56 47 67) (19 65 70) 75
49: 45 8 (15 14) (59 18) 78 75 (31 64 53 38) (10 68 35 46 56) 25 (13 33) (76 20 16 29 52 54 50) (22 40 70) (11 62 65 63 43) 5 (9 26) (6 19) 39 (79 73 60 44) (12 77 4 1 36 27 24) 34 (74 58 61 66 67) (51 42) (28 30) (72 80) (3 21) (23 71 69 7) (57 55) 2 (47 41) (49 32) 17
50: (34 68 71) 18 32 44 10 (47 5 1 37 76) 73 (8 22 4 43) 23 80 (70 74 50 6 30 9 79 54) (2 24) 33 19 (21 52) (38 12 61 75) 46 (31 14 55) 57 (29 66 11 49 45 25 13 36 65 17 62 41 72 7) (20 27 63 26) (15 59 64 48 77 3)
51: (34 67) (13 80 30 51 2 59 11 32 68 8) 76 (33 72) (47 53) (9 63) 14 (70 35) (55 22) 50 18 77 (45 37) (21 38 64) 57 (46 62 1 78) 7 (54 44 15 6) 73 (52 61) (71 20 56) (65 28 3) (39 19 23) 48 60 25 (4 40 31) 24 58 79 (26 12) (10 49 29) 27 (69 41) (74 75) (16 5 42) 17
52: (61 1 62 70 16 34 77) 67 (14 66) (57 80 74 49 5) (53 19 64 20) (22 42) (50 12 68) (9 73) 76 (37 78) (32 69 65) 39 (23 45) 33 (41 52 18 51) (28 58 3) 48 (71 31 46 15 17 26 7 27 13) (43 36)
53: (59 79 41 76 67) (73 46 54)
54: (46 53) (6 54) (51 16) (80 38 40) 66 36 34 10 (19 22 44 20 13 25) (42 37 8) (77 26 41 71) 68 73 28 3 (4 57) (79 72) (49 47) 67 (35 63) 52 76 9
55: (16 5 62 19 34) (55 26 30) 72 (2 32) 50 77 (9 18) (25 41 73 20 61 48) 66 29 22 56 (78 27) (40 51 49 10) (17 24 38) (14 64 35)
56: (52 9) (3 63 70 72) 1 73 (71 78 26 53 48) 12 (5 50) (59 36) (21 56) 19 (61 24) (23 67 11 39 34) (14 31 35 40) 42 (75 15 55) (77 2) (64 44) (66 13 69 74) (43 37 79) 10 (8 16 46) (62 68) 51 (38 27) (33 7) 65 (22 20 76) (45 32) (18 28 49 58 54 41) 25 (47 80) 17 30
57: 46 (42 67 29 14) (23 43) (27 80) (78 11) (20 10 8 41 30 69) 63
58: (28 50) (48 76 57) (74 63 45) (29 69) (23 15) (37 71 60) 38 (7 49 22)
59: 46 43 51 (18 29) (66 69)
60: (28 33 43)
61: 6 (14 59) 62 (70 38 2 69 54) 47 12 (10 48) 30 (42 50) (36 20) (76 74 25) (35 32) 53 23 28 (33 71 58 7) (34 31) (57 43)
62: 46 33 29 14 25 67 (30 27) (38 52 16) 4 (78 1 64) (72 28 77) (74 48) (13 17 69) (18 21 40 62 6 45 42 43 56) (54 76) 44 (41 61)
63: (4 46) 21
64: (27 50 5 13) (79 4) (45 40) 56 (60 64 17 8 58) (31 19 76) 28 26 (18 36) 78 48 47 (42 61) (63 65) (3 62) (68 14 15) 41 (30 54 44 52) (2 7 39) (16 70) (33 67 38) 12 51 (1 55) (32 24)
65: (3 36)
66: (53 43 36 12) (16 70 19 78 29 5 72 55 80) (52 40 44 50 8 34 58 62) (39 57 14 65)
67: (9 7 21 5 24 14 47 45 51) (1 3) 20 (35 6 71 55) 17 29 63 (33 44 76) 65 62 72 (68 2 66) (39 40 79) (73 64) (70 52) 22 41 (56 30 58 38 16) (77 54 18)
68: (5 8) (1 53 62 24 4 65) (43 39) (55 70 69 54 72 40 41 29) (27 51 75) (22 78 36) (63 31 28 44) 60 (18 35 13) (73 12)
69: (8 49) 2 (22 24 11 61 44) (59 48 18 3) (14 35 78 79 71 69 80 40 5 26 27) (42 51 63) 30 (28 25) 76 70 (54 36) (16 39 43) 67 66 57 (50 7 37 55) (53 19) (62 72) (56 6 47) (1 77 45) (4 38 52 75 68 73)
70: (20 50) (3 42 12) (46 56) (80 24) (64 47) (11 35 55) 66 28 (78 13 37 4 7 79) 10 49 (53 72 15 5 9 74 21) 76 (23 41) (60 17 69 70) 26 40 71 77 (63 61 6 62 27 51 67) (65 59 75) 16 19 (68 25)
71: 19 (75 12) 2 (10 6 20 51) 36 (52 44) (71 31) 4 72 7 (69 29) 56 (27 70) 45 (63 53 24) (57 66 39 61) 78 (79 22 50 55) 26 64 (77 13 67 16) (5 23 25 8 73) (47 37 42 11) (33 1 21 41) (17 65) (48 49 34 62 46 35 9) 60 76 28 (80 58 59 3 68)
72: (37 57) (78 70 66 75) (13 41 26 24 49 25) (39 62 35) 11 (44 71 74 43) (33 5 15) (34 32)
73: 26 51 (67 30) (14 60 34 24 48 5 40)
74: 38 (48 50 69 16 23 76) 60 (77 40) 15 35 (47 55) 74 68 49 (31 39 7 19) (27 28) (52 33) 36 (53 51 71) 14 4 (18 41) (22 34 20) (64 29) 24 (80 62 5 25) (72 6 67) (63 70 26 59) (13 8 66 30) 79 56 (1 42) 65 12 (73 37 54) 17 (58 11 57) 9 (45 21 10 78 43 3) (2 61 32) (44 46)
75: (57 29 9) (6 72 54 62) 41 (52 49 69) (34 59 32 18 1 20 53 46 45) 55 (63 65) (26 51) 23
76: (17 46 1) (49 4 40 52 13)
77: (80 51 15 67 54 10) 48 (47 21) 45 13 17 (24 40 44) 29 (34 33) 43 59
78: 66 10 53 40 55 (26 42) (35 54 33 58 68 61 1) (74 2) 23 79 (70 6 39 25 4 15 30 29 13 65) (21 76) 36 (50 63 17) 49 (32 22 5) 12 (78 51 47) 67 18 (64 44) 48 80 8 (56 24 19) 62 (9 14) (69 46 31 20) (73 11) (16 37) (34 38 71 77 3 45 57) (41 7 52)
79: 20 (79 37) (51 71 58) 80 64 54 46 63 15 (24 73 65) 57 (32 72) 75 (62 1) (2 44 68) (69 78) (47 4 21) 43 (27 33) (70 19) (42 38 56) (41 7 76) (30 36) (13 18 53) (67 45 5) (35 17 50 29 39) (8 16 25)
80: 47 62 (48 36 31 74 75 40 53 37 14) 64 (9 13 55 41 6) 22 32
1: 44 (50 24 49 28) (10 19) 33 (6 40 48 47 23) (42 43 30 52 22 34 67 71 21 27 51) 56 16 (14 69 74) 68 (29 7) (79 37 76 12 46) 62 (75 78 20 64)
2: 56 42 (48 78) (40 29 7 13 50) 11 (33 19 28 14 16 69) (74 27) (55 64 1) 2 (38 45) (34 51 37) 71 (5 49 79 61 30 67) 21 (12 22) 43
3: (51 19) 64 (27 48) 13 (2 33) 34 47 (15 50 65) 70 (54 74 29 67 69) 37 20 23 (40 25) (3 7) (78 28 56 52 14 21 71 1 49 30)
4: (35 79) (70 50) (1 74) 33 29 54 (9 76 20 3 38 7 2) (71 63 51 47 68) 12 (6 41 64) (69 37 15 40 27 48 62 10 34) (16 78 49)
5: (50 74 70 55 21) (27 66 64 16 19 48 14 34) (31 79) 2 73 (13 5 51 67 22) (33 10) 15 (52 35) (6 78) (71 20) (9 30 25) (68 37 56 72) (28 40 7 1) 49 69
6: (18 70 7 14 34) 67 (12 74 33) 28 (54 42 24) 80 38 (39 19 78) 48 (50 49 16 45 40 27 20) 46 9 (15 37 21) (47 10) (61 23 51 36 2 69) (62 71 75) (1 25)
7: 30 (4 37 20 67 56) 33 14 (71 1 79 74) (51 7 27) (42 19 69 41 23) (50 28 64) (52 48) (47 16 25 22) 9 (13 49 45) 78 (70 61 40) 12 (2 36 34 58 3 10 21)
8: 69 (50 49 38) (48 47) (28 74 79 54) 41 (4 66 30) (9 21 57) (43 34) (33 23 7 71) 56 (16 5) (68 64 13 78) (19 51 37 22 10) (40 20 14) 36 (2 25 29)
9: 20 (47 56 24) (52 54) (71 36 15) 7 (23 75 49) 33 (11 16 21 78 34 37 48) 10 (12 39 2) 50 1 (46 13 29 51 9 3 28 80 74 67 43 70 40) 55
10: (7 42 15 56 19 70 4 9 49) (27 41 34 33) (55 46 74 40) (77 44 29 54 1) 78 (50 14 16) (2 57 61) 37 48 12 (71 45 10) 28 (51 36)
11: (34 21) 48 (37 30) 71 (72 10 41 74) (27 57) (2 25 1) 70 56 4 (40 78) 28 (16 50) (33 51) (36 12) 39 29 15 (49 69)
12: (11 71 74) (29 36) 48 15 (45 61 9) (7 10) 35 (52 23 56 20) (34 12) 24 (37 49) (40 64 33) (38 19 27) (5 68) (50 66 46 21) (78 70 51 47)
13: (51 48 6) (34 62 50) (68 80 23) (77 37) (64 5 52 9 18) 39 (71 70 54 13 10) 49 (28 16 15 76 1 79) (14 36 32 33 41) 78 (35 25) (2 74 7 45) (56 72) (19 12 27 30 43) 21
14: 28 73 (14 40 37) 52 (66 51 1) 2 39 (33 7) (47 69 24 27 64 23 21 10 41) 42 (25 62 74) (20 13 56) 61 (50 15 12 78 34) (49 80 55 57) (36 67)
15: 52 34 (70 47 25 78 36 21) (33 24 23) (49 77 5 56 39) 40 (6 58 15) (16 50 18 28 1) 10 (7 27) (74 72 79 51) (19 64)
16: 79 56 (6 40 20) (54 35 15 23) 10 70 (47 64) 49 (1 14) (21 2 74 67 25 71) 33 (9 12) (22 66) (7 16 28 48 34) 62 36 (51 24 78 69 52 27 41 55 11)
17: 13 (5 50 56) 46 6 43 (36 79) (2 37 48 27) (1 42 62 38 78) (30 64 51 71 19 70 23) (67 52 10) (21 40 29 74 7 55) (34 33) (15 77 28) 76 49
18: (37 23) (64 75 67 2 25) 47 (59 21) (19 50) 16 44 7 52 12 (74 43 10) 22 41 69 (68 56 36 33 48 15 78 49) (5 79) 13 (62 27 55) 20 (51 34) (40 6) 1
19: 16 9 33 (48 34 2 49 50) (46 69 20 14 54 12 52 28 21) (71 41) (15 25 44 19 47) 55 79 (51 7 36) 10 (11 78) 56 (40 74) 66 64 70
20: (6 51) 79 13 34 (74 50 11 30) (67 23) (70 49 2) (75 52 40 55 16 27 25 57 28 41 78 33 56 43) 21 (71 20 4 7 37 26) (54 61 10)
21: 34 50 (71 79) 13 (14 6) 16 9 (51 74 67) 29 7 (36 4 77) 27 (48 1 42 37 33) 10 40 70 (2 47) 15 (49 30) (78 21 62 56 63) 28 45 (20 23 25)
22: 34 (2 28) 25 40 78 (15 23 47 16 80 54 49 50 56 52 21) (1 13) 68 51 43 69 (14 37 71 19) (67 48) (30 17) (9 33 36 10 55 7 58 8) 74
23: 23 40 (51 44 13 46 36 29 3 1 50 49) 34 (7 58 57 10) (16 18 15 52) 19 (75 22) (78 2 56 61) 9 (6 48 28 70 71) (12 14) (27 20 30 24 21) 33 (41 74)
24: (15 47 36) (79 67 33 39 72 78 68 49 28) 27 (69 19 2 46 77 25 55 56 24 64 34 6 42 50 40) 7 (74 51) (48 71 23 1 73 21 43 70) (10 12 45)
25: 54 (28 26 79 23 78 71 22) 35 (45 69) 24 (2 72 5 51 34 6) (38 62) (25 27 1) (33 11 74) (16 7) (14 55 56 61 49 46 29 70) (21 50 19 48) 40
26: 33 36 23 (27 64 35 52) (51 50) (49 9 20) (42 54) (11 6) (56 74 72) (16 70 34) 1 (30 78 2 19) (75 48) (5 40) (69 41 7 25 71 55) 15 (37 12 73) (14 10) 29
27: (51 48 2) (46 13 68) (74 23 57 5) 56 34 62 (64 40 7) 14 79 10 69 55 19 37 (15 33 1) 28 (6 41) 49 (70 27 47 21 35 11 50 16 71) 9 52
28: 29 (21 41 52 62 28) (40 19 1) 33 (71 24) 64 14 (34 27 60) (47 9) 36 (48 20 16 56 68 2) (58 35 7 61) (69 70) (51 46 23) (45 10 74 54 25 12 49) (5 30)
29: (57 27 43) (2 67 58 23 12 68 66) (47 24 71 30) 41 10 37 (36 15 13) (34 40) 79 (51 62) (9 25 45 20 50) (59 33 74) 75 (77 1) (7 78 49) (48 55)
30: 21 73 79 (50 40 2 29 11) (24 64 42 34 5 28 15) 51 30 46 (57 23 39 37 7) 38 (35 27 67) (19 55) (33 13 45) 62 (74 36 78 20 1) (61 69) 49 47 (48 16 56)
31: 16 19 52 74 42 (40 50 15 51) (27 13 6 25 71) (10 29 20 28) (78 34) (21 7 33 68 46) 61 47 56 36 (11 48) 80 (64 2 37 45) 49 23
32: 52 (14 72 27 74 40) (1 46 64) (2 61) (28 78) 19 45 (75 5 22) 9 7 (29 41 23 80) (16 48 55) (51 34) 12 79 56 47 (50 30 39 10 49 33)
33: 78 (21 51 45) (74 14 56 41 26 1 62 28) (49 52) (27 64 34 77 61 6 48) 24 (44 43 67 50 2) 7 10 (29 79 16 19 20 72 18) (33 71 38 36 23 15) 37 60
34: 33 26 (52 37 78 7 12 30) (13 34 56 10 49 71 11) 40 48 (15 16 50) (54 2 61 1 72 29 47 23 28) 46 24 51 20 (14 74) (55 66) (73 77 6) (9 36 75) (27 39)
35: 15 (68 22 34) 42 (70 6 54 46 71 5 11 27 29 48 40 25) (33 67) 16 (2 56) (20 78) 41 (49 14 28 74) 72 (1 61 69 23 7 39) (9 55 10 79 51)
36: 34 (64 19 7 78 27 71) (74 33 68 43) (2 61) (39 80 12 20 52 47 9 54 13 30 65 21 11 10) 49 (40 25) (28 16 66) (1 50 56 48) (6 79) (14 69)
37: (78 29 70) 28 (48 80 72 25 56 69) (30 15 71) (23 33 43) (5 74) (50 11 22) (1 7 46) (16 31 37) (51 40 18 34) 47 27 58 (21 12) 52 79 54 10 39
38: 28 58 39 (25 9) (48 34 67) (51 13) 62 (30 78) (74 27 22 69) 61 33 56 (55 36) 49 (2 14 20 46 29 79 7) (64 40 50) (54 10 23 1)
39: (28 29 27 7 12 33 36 43 72) 71 66 (16 69 5 2) (34 79) (21 51) (49 1 19 41) (24 74) (37 47) (23 56) (9 40) (67 20 6) (48 68 64 39 13 78 52)
40: 70 (33 40) (34 73) (5 16) (10 74 49) (27 20 64 1) (47 14 30) (76 62) 13 (67 51 66 9) (68 77 69 19 56 7) (55 54) (80 46 2 78 28 48) (23 11 12) 15
41: 1 (79 10) (74 21) (27 49 7) (53 33 68 41) (52 30) (64 62) 80 48 (9 16 34) 42 (23 20) 28 56 71 (78 6) (50 3) (29 57) 19 70 (54 75 36) (25 44 51 37) (40 72 55 67)
42: 37 51 (79 33) (43 24 2 71 3 54 56) (36 48) (34 8) (9 46) (19 70 27 7 74 64 78 61) 6 49 57 (52 18) 69 23 (47 22 40) 62 (21 11)
43: (52 46 34 56 44 36 77 68 69 49 20) 59 (60 47) 33 7 (9 28 22 16 62) (21 24 79 1) 41 (37 74 18) 48 (66 23) (27 29 45 50 61 57 72 30)
44: 14 (56 78 68) 79 54 (74 34) (30 36) (72 15) 22 (40 29 71) 5 (41 67 47 19) (39 25) (13 64 20) 43 51 48 66 62 (10 50) (18 69) (77 28) 12 49 (1 27 16 33) (21 9) 7
45: 29 (10 16 77 51) (20 28 48 38 75 23 2 34) (79 19 56 40) (11 45) (1 47) (74 36 64) (50 78 25) 27 62 (71 49) (21 67 58 52 9 69) (46 13) 7
46: (31 2) (7 79) 23 (75 78) 52 (48 51 50 37) (6 29) (27 38) (59 15 76) 11 (21 34 45 9 74) (46 53 19) 62 57 (54 70 40 49 10 33) (56 14 71) (20 63 36)
47: (67 48 44 15 2 80 5) (20 37) (7 64 29) (9 30 49 56) 51 (19 18) 41 (78 23 50) (71 77 42 54) 79 74 27 (12 1) (40 34 70 6 25 24 69 61) 33 (45 10)
48: 6 (7 23) 9 2 27 (50 29 56 74) 14 (34 30) 36 33 (25 21 5 71) (46 78 22) (52 58 61 62) (51 73 37) 10 (47 64 19) 1 48 (69 77) 80 55
49: 41 9 (37 58) 55 (54 45 23 70 51) (74 47 75 43 29) 5 (36 20 78 24) (33 6) 13 27 35 (28 12 2) (14 52 69 25 56) 49 (48 50 72 16 15 10 76) (71 46 34) 1 (40 7)
50: (36 1) (33 44) (13 49) (55 52) (45 41) 38 (29 46 47) 71 (64 6) 50 (27 2 79) (7 28 48 74) 9 (12 21 23) 51 (30 66 40 69) (61 58 19 78 56 70) 16 14 (34 35 10)
51: (52 74 55) 10 79 7 (13 48) 2 37 67 70 (24 27) (77 73 46 1 78 11) (4 54) (51 33 22 40) (29 71) (21 15) (69 59) (9 75 19) (16 56) 64 (14 34 49 68)
52: (33 23 7 52 67 34) (51 29 64 71 30) (28 18 40) (38 49) (42 66 9) 62 (54 69 5 27 36 1) (2 37 21) (75 76) 50 (74 10) (78 56 47 19 20) 22
53: (7 15 54 22) 40 (14 12 51) (41 16 34 52) 74 (25 69 36 13) (70 66 68) (56 42) (9 18 80) (33 75) 20 (28 44 61 48 49) (30 71 35) 79 (37 6 19 27 2 78)
54: (74 33) 1 34 (64 10 51 53 23) (75 35 67) 69 (3 42 21 38 9) (13 36 79 40 27) (50 62 48 37 7) 28 (68 77 22 29 56 2) (19 78 46 20) (49 61 54) (16 25)
55: 70 (45 67) 12 (71 20) (16 19 78 27) (50 37) 34 (49 66 33) (55 40) 10 (7 51 18 75) (68 2) 15 (69 29 80 21 64 23 6 56) (48 28 41) 74
56: (79 19 70) 51 27 (48 15) 37 11 (25 10) 33 (20 7) 5 12 34 (55 49 62) (56 6 46) 14 (21 78 74 69 36) (67 29 64 2 23 44) 28 40 (71 41)
57: (34 72 78 61 27 37 28 52 16 13) 40 (50 69) 29 58 9 (20 75) (6 33) 1 (7 66 71 45 74 10) (51 2 54) 79 (19 24 49 36) (39 48)
58: 23 (42 51 67 52 25) (79 20 16 61) 37 (66 64 12 48) 7 (34 2) (36 21) (78 41 33 27 29 1 30 38 4) (39 56 15 44 71 14 9) 74 (28 19 40) 47 49
59: (19 56) 71 (10 53) (69 11) 50 (16 21) 48 75 (61 15 29 23) (25 5 49 1 37) (33 51 77 27) (2 43 74 28) 7 34 70 20
60: (70 34 42) (20 23) (74 27 16) (12 73 10 22 29) (7 64) 51 37 (30 44) 17 (25 2 71 40 28 21) (36 47 58 48 13) (49 33) (9 68 1)
61: (27 7 15) (48 78 70 4) 29 (43 34) (40 55 10 41) (5 64 62 37) (47 71 16) 23 25 (74 49 2) 9 33 (20 21 50 56) (51 19 36 46 30) 1 69 (45 22) 52 (11 13 12)
62: (4 36) 72 68 55 10 12 (66 69 52 49) (9 30 47) (70 24) (29 20 8) (67 15 48 40 79) 78 (23 61 50) 56 5 33 (37 64) (34 51) (74 19) 71 26 25 (62 2 7) 80 75
63: 69 (28 14 25 12 36) (19 23 64 78 47 33) (56 9 68) 34 (1 30 71 48) (67 7) 74 (57 29 21 41) 70 54 (51 20 49 79 50 27 75 2) (58 40)
64: (51 23 79 13) (64 74 48 80) 36 (20 12 67 37) 41 (34 28) 33 71 (40 27 49 15) (9 56) (24 5) (21 62) (45 52) (46 70) (55 1 6 10) (50 14 2) (19 78 7)
65: (2 40 23) (49 33) (22 36 15 66) 64 (25 28) 75 (16 6) (19 11) 67 37 78 45 (68 56) (7 51 47) 35 5 27 46 (18 52) 10 21 70 (74 79) (41 12 39 34 48 9 50) 71
66: 70 (1 30) (47 71 20) 49 69 (74 56 55) (7 23 41) 72 78 28 (12 10 2 48 29) 50 (40 27 67 52 11 19 21) 54 33 34 (46 16 45 59)
67: 56 (74 62 57) (20 33 71 29 52 36 51 16 48 79 78 40 77 15) (34 53 49 64 12 19 70) (43 27 22) (28 7) 69 54 (39 14 2 23 1 47 37 10) (11 73)
68: (27 33 23 78) (51 56 16) 69 40 6 (7 34) 20 (28 1 37) 79 (70 15 52 13) 54 46 (42 14) 30 (35 5 22) (48 9) 64 67 (71 49 47 50 74 21 12 10)
69: (57 20) (16 52 58) (62 51 2 49) (33 56 9 68) (5 7 71 14 74 19 25) (69 12 24 28) (70 37 78) (30 48) 15 (36 34 79 1 23) 59 40 (61 47) 75 27
70: (72 22 51) (27 46 20 45 18 49 71 23) (11 56 16 52 1 68 47 48 78 29 69 9) (33 40 6 2) (67 10) 24 (50 79) 28 61 74 64 7 66 (34 70)
71: (79 1 48 49) (54 37) (69 56 71 12 11 9) (58 22 36) (61 50) 14 51 (6 16 25 34) (45 7 23) (52 74) (29 72) (70 33 5 15 2 21 10) (67 27) 78 40
72: 6 (42 41 79) (36 35) 27 (9 55 29) (49 40) 51 54 (28 50 69) 67 (33 2) (11 68 56 75 70 71) (23 7) 62 16 14 74 (1 15 21) 66 (34 47 30)
73: 27 (55 21) 49 48 (40 1) (51 29 67) 25 (78 54 56 33 34) 71 23 (20 74 12) (6 10 68 2 79) 7 (5 47 69 52) (36 46 50) 11 (18 45 16 53)
74: (72 25 49) 37 (52 16 42 39) (74 56) 36 58 78 (20 11) 19 27 21 48 (2 47) (30 23 50 51) 45 (33 28 61) 4 (10 1 70 62) (34 46 80 22) (38 9 7 40)
75: 20 (69 1 46 11 13 50 38 27 40) (28 45 72) 56 7 (79 51 71) 41 (33 10) 34 (68 19 80) 23 (29 3 2) (15 21) (49 70 43 48 37)
76: 49 (46 48) 34 (78 62 41 74) (50 10 23 47 16 9 51 45) (54 2) (15 70 53 79 56 25 27) (24 64 29) 19 (71 69) (61 6) (58 52 67) (37 33) (44 1) 36 (7 40)
77: 51 (37 52 40 6 56) (2 71) 15 (46 5) (49 33) (23 21) 22 10 (69 12 20 74 62 78 9 70 29) (48 1 34 50 27 54 39 24) (18 30 13 7) (16 55) (36 19) 67
78: 72 (36 29) (6 19 7) 41 (79 49 78 33 71) (40 28 66 25) (62 10 46 45) 35 1 74 (13 34 70) 16 (9 21 47 56 57 68) (27 51 15 55) (64 2 52) 69
79: (22 48) 56 (12 20 27 46) 32 41 33 1 51 (29 24) 47 (19 3) (78 11 37 54 64) 69 36 14 (53 50) (2 9 40) 71 34 (49 7 10 43) (79 74) (13 67) (23 70) 6
80: 28 (71 41 74 2) (29 69 50 11 19) 3 27 (49 15 52 51) (46 21 13 10 37 47 40) 56 (57 16 70 22 33 48 7) (77 9 14 66) (79 54 34 78)
