80 80
1: (16 19 6) 9 33 (26 24 61 44 79 49 25 63 45 71 32) (4 20 50 31) (80 30 39 58) 10 37 (74 43 75) (70 73) (77 23) (5 7 55) (18 2 34) 40 (28 76) 46 15 27 (11 14 35 8 56)
2: 66 26 59 (40 69) (8 1) (14 19 49 29) (32 24 37 2 48 17) (68 18 36 58 71) (54 34 35) (31 76 33 78 56 55 10 20) 4 28 (64 38 72 74 16 63 3 65) 80 (21 25 39 67 15 43 9 52) 75 (7 27) (70 30) (47 51 41) (77 73) (6 50) (46 12) (22 53) (61 79 11 13 62 57 60 5) 42
3: (18 51) (55 31 58) (23 21 61 35)
4: 65 (77 53 23 58 62 79 9 43) 70 (7 51 22 61) (68 14 45 27 64 4 18) 1 (55 6) 34 76 (69 46 56) (72 33) 41 3 (78 21 42) (31 20) (8 29 71) (10 28 35) 32 (26 63 39) (25 37 24 47 75 13 66 49) (57 11) 50
5: (76 54) 56 (69 60 23) (65 40 13 61 25) (58 10) 50 (42 51) 3 66 57 24 (73 34) 80 (77 78 67 72) (45 44 68 43 37 6) (75 38) (35 17 7 59) (64 36) 27 (46 48 2 31 29 63) (22 5 79) (52 49 20 4 47 16) (74 21 71) (9 14 28) (12 15) 8 (30 33 11 18 70 53)
6: (79 20) (59 34 70) (5 17 50 74 41 30 6) (58 71 22 53 39 1 27 56) (25 35) 9 (13 24 36 16 31) (10 63) 38 7 (26 32) (80 78 46) 68 (72 21 61) (57 51 42 54) 62 (67 75) 45 76 (49 77) 18 (37 69 43) (15 3 28) (65 33 73 14 66)
7: (17 45 62) (31 75) (55 25 56 47) 71 (9 28 43) (52 35 48) (32 10)
8: 23 54 (17 39 80 28 59 58 55 14) (12 40 44 77 20 11 6) (57 35) 43 (3 8) 72 (32 22) (78 27) (74 46 24) (10 68 61 34) (48 19) 64 (33 18) (16 25) (9 65) (42 76) 56 (26 66 71)
9: (48 72 18 32) (58 24 14 7) 4 50 1 (69 5) 65 11 55 (42 45 16) 15 20 26 (21 66 23 2 47 10) 13 (70 60 37) (22 6 17 34) (57 27) (19 53) 40 41 59 (67 61 36 8) (62 31 30 39 28 64 54) (80 68) (76 25) 78
10: 10 (3 72) (59 48) (21 7 40 52 23) 45 (71 66 19 60) 80 (37 18) (30 49) 73 (14 22) 53 (54 2 4 57 76) (64 35) 31 8 (32 42 61) (12 51) (33 24 63 27) (62 74 79 68) (69 41 39 65 28 38 25) (50 6 20 36) 77 (55 46 9 70 58 13 78) (17 44 11 16 47 26) (29 1)
11: 75 (30 35) 43
12: (70 46 20) 77 (25 31 16 73 12) 65 (18 76 13 68 42 50) (36 75) (35 33) (69 61) (14 64) (30 28 78 6) (67 49 59 39 17 44) (63 74) (60 29 71 9 32 41) 23 22 (40 26 27 15) 11 52 1 38 10 72 45 (53 37) 24 54 (5 56) (19 3) 7 57 34 55 58 43 (80 2)
13: 40 (23 11 44 42) 41 (53 29 7 65 20 24) 13
14: 8 (53 76) (77 72) (21 15 60) (59 3 4 63) (71 16 2 9 13 73 38)
15: 49 (70 1 36 20 23) 6 (14 69) 80 (50 7) 27 (78 43 30 68 28 46) (4 79 12 66 41 35 2) 18 (39 19 75) 8 (51 52 32 44) 56 37 62 (59 55) (17 64 13 60) 3 45 53 21 (74 42 10 26) (31 33) (58 57) (67 15 29 9 47 34 63 73) 11 (24 25) 16
16: 59 13 (75 73 39)
17: 53 24 43 29 (64 27) (66 41) (74 69 25 48 40 59) 37 (22 57) 77 (14 39 65) 34 (20 12) 28 (9 56 21 70 30) (60 63)
18: (19 20 33 54 48 6 14) 4 (25 26) (17 12)
19: (33 34 17 39) (67 7 5) (27 68) (10 55) (59 66) 42 (62 78 18 11 63) (38 45 35 75 3)
20: (73 28 23) 59 5 (62 76 29) 47 (56 52 12 34 40 51 9) (1 71 53 64)
21: (35 11 61 16 39 34) (79 72) 42 (52 12 47 57) 36 (29 25 13) 56 69 58 (48 76 24 27 66) (62 67 75 71 9 20 77 78) (37 26 33 74 41 70 10 44 54 31 80 22 1 23) 60 (8 64 21 19) (45 17 15 55 63 50 30) 49 (32 59 65) 5 2
22: (46 25) (60 32 58) (53 20 19 44) (2 62) 1 7 77 21 (78 75 80) (34 45 11 49 8 72 74) (29 76 23 3) (65 68 79) (41 9 38 59 39 70 57) 56 12 36 64 24 (52 61) 50 26 48 13 16 14 (67 69) (31 40 33)
23: (41 49 64) 74 (2 30 20) (73 56) 53 62 (37 39 12 32 78 28) (48 51 14) 61 (58 21 7 3 77) (79 9) (38 42)
24: (48 79) 63 (9 4 3) 61 67 (8 41 13 20 57)
25: (10 35) 44 8 (7 39)
26: 5 (55 49 28 39 53) (78 73) (62 33 70) (15 23 6 1 38) (52 8 50 17 34 16 47 68) (3 20) (11 75 77) 24 (45 69 43) (18 35 48 26 32) (74 30) 4 41 (67 64 10 80 14 61) 27 9 (79 37 29) (66 71 60 2) 51 (31 25 36) (57 40 21 65 58 12 59) (56 72 7) (44 22)
27: 16 (25 51 64) (18 70) 63 52 (57 32 41 48) (27 79 73) 23 (19 13) (50 60) (56 6 43 30) (20 59 10 15 76) 37 40 (26 47) 4 (44 29) 65 (5 1) 74 (72 9) 36 31 (54 33 22 78) (14 35 58 12)
28: 66 (72 45 20 41 37 11) (40 51 31 71 28) 2 29 6 (52 36) 15 68
29: (32 45 64 33 59 56 39) (26 28) 52 15 (62 10 5) (20 25) (57 61 73) (60 63 24 51 35 18 13) (19 7 43 71 16 75) 48 (72 6) 42 (30 55)
30: 42 56 47 38 34 76 45 27
31: (10 50) (62 1 11) 22 19 (70 56 36) (30 59) (73 57) 34 (3 38) 49 (47 54) (78 4) (31 27 14 16) (43 79 2) (71 5 75 39 21) 6 8 (77 32) (55 7 76 69) (18 37 64 63) (15 68 24 17 51) (29 67) (42 44) 33 (45 40) (23 58 9 72 52 41) 60 (26 48 53 74) (25 46 35 61)
32: 51 72 (14 12 1) 26 8 30 27 (49 35) 10 42 80 (32 65 56) 46 20 (62 73 6) (78 28 16 69 76) 29 47 (41 79 43 48) 34 58 (52 66 11 24 9 2) 18 (36 59 13 25 57) (45 23 54) (44 67) (55 33 22 61 38 31 15) (39 5 37 70) 75 7
33: 76 62 (32 41 38 56 12 3) (30 51 17 53) (28 60 42)
34: (59 51) 62
35: (1 20) 69 (78 29 24) (3 80 42) 66 (18 4 67 11 7) 43 (6 37 23) 34 (39 77 40 36) 8 21 (5 54) 9 (60 55 50 12 65 16) 48 (73 30) (26 19 71) 51 52
36: 72 66 39 (78 61 11) 3 (80 49) (58 55 35 75 14) 56 (64 42 79 6) (32 53 68) 33 (16 48) 31 43 (38 70) (26 22 12) 69 (23 5) (52 19 54) (21 71 62) (37 45 9 30) (59 7 50) (10 46) (63 4) (47 41 67) (17 29) (25 20 57 15) 18 65
37: (16 75 2) 74 3
38: (59 80 43 35 4 67) 26 (3 50 24) 17 71 (38 78 36) (39 27 79) (54 2 51 46 14) (30 61) 47 (31 6) (10 60 52) (29 75 15) (37 1) (12 73 20 13) (64 77 49 25) (63 22) 70 40 (32 28 56 7 21 23 34) 11 72 44 (76 48 8) 68 19 58 (57 42 53) 16 33
39: 46 (62 32) (22 75 58 47 8 79 39) (55 20 66 59 64 71) (45 29 54) (16 9 6) (43 33 7) (69 24 27 61 2 1 18 34 73 76) 26 68 (40 4) (78 30 63) 48 72 (23 49 52) (10 51 36 13) 70
40: 30 9 (74 50 67) (68 11 44 7) (46 70 72 23) (69 1 75 12) (65 29) (43 77) (49 58 54) 79 73 (2 57) (80 48) (10 76 45 27 66 35) (60 24 34 42 22 28) (13 61 4) (39 18 56 41) 51 63 53
41: 19 75 (56 18) 23 (10 20) 46 34 33 (6 67 45 21 13) (26 29 79 36) (5 74 14) (54 30) 57 (31 59 70) 73 (53 35) (43 51 8) 32 15 2 44 (55 72) 3 (62 17) (22 61) (25 12 11 28 41 66) (50 38) 27 78 52 (60 48)
42: (52 57 38 46) 7 (31 5 69) (36 56) 73 50 48 (60 63 4 51 19 74 33 68 75 47) (17 53 58) 2 (76 37 77) 70 30 13 (25 24) (43 26 14) 11 49 45 (55 35 10) 54 (18 23 3) 40 (20 21 41 72) (27 64) (12 78 28) (80 1 15 62) 59 (9 29 79)
43: (8 67 36 38) (54 45 47) 57 (56 14 7 73) (61 40) (78 33 28 9) 72 39 12 (58 2 10 17) (29 3 50 46 53) (65 26 19 31) 55 66 (71 16 20 49) 41
44: (68 32) (47 43 27) (55 16 51 31 18 37 11)
45: 34 (40 67) 45 27 23 9 (66 1) 16 (56 47) (46 80 12 64 75) 42 62 35 (63 14) (49 15 57 52 6 37) (28 19 25 8) (53 26 51 71 17 54) 72 (65 36 39) (58 69 55 2 41 43 68 31 60 29) (73 21 13) (4 11) (70 24 79) (18 3) (59 48) (20 78 30) (50 76 38 77 33) 61 (22 74) 44 (7 10 32) 5
46: 67 (11 4 63 20 39 24 73 41 64 36) 47 (76 17) (60 51 14 55 49 30 72 12) (26 44 5) 68 (21 74) (32 58) 33 79 (52 31) (13 15 43) (10 61 1 16 54) (34 75 8 62) 40 (35 59) (37 6 3 23) (53 77) 80
47: (47 76 68) (41 78 4 56 29) (66 16) (22 71 72) 18 (58 9) 34 (73 65) (8 50 35) (6 52 7 45) 3 51 (79 30 27) (44 5) (21 64) 57 12 (15 33 10 26) (19 14 38) 43 77 (69 36 25) (24 39 54 61 17 55 70 48 2 75 53 42) (28 20)
48: (62 6) (32 35 39) (56 31 18 53) (9 51) 77 74 (24 71 43) 25 (49 59) (61 3) 23
49: (43 19 37 30 34) 69 (65 49 20 59) 60 33 (2 74 6) (57 27) (9 18 73 64) (76 63 22 23 70) (55 5 50 4 67 54 62 40 52 8 25) 28 75
50: 46 8 (4 70) (61 53 25) (31 33) (66 80 57) (2 32 45) (43 68 42) (28 73 39 15 1 54 37 38 52 51)
51: (26 68 53) (19 2 35 29) (14 13 15 69 55 21) (39 77) (24 3 66) (76 28) (48 47) (59 34 79) 42 44 54 16 (64 56) 50 (62 6) 5 71 61 (60 18) (52 80) 36 65 (33 22) (45 72 25 57) (4 1) (31 20 7) 40 73 (49 10) (8 11 12 9)
52: (50 66 57 20) 72 (73 4 52) (36 61 37 44 80) 77 18 (74 25 32 42 58 49) (43 53 39) (12 70) 35 6 (31 8 62 11 30 67 13 3 27 23 59 76 26) 16 (65 10 48 9) 19 (60 78 56) (45 79 68 38 17 47 33)
53: (6 49 10 52) (25 27) 17 78 42 58 (57 4 35 59 71 3 30 19 56 68) 67 (51 5 60 66) (63 28) 14 (61 80) 24 1 33 (48 46 39) (9 22) (65 41 18)
54: (31 23 59 18) (78 77 7 68) (1 74 49 10) (69 66 34 27 54 30) (25 3) 29 (9 22 6) (46 61 35) 8 (43 73) (41 28) 21 (80 56) (47 33 13 14 38) 52 45 (40 26) 55
55: (34 65 29 6) 35 (53 49 42 79 62 22) 44 68 (56 67) (33 5 1) (36 39 77 13) (80 7 9 11) 61 (30 40 63 12 18) (14 57 16 60) (72 2 45 19) (47 28) (46 17 41 71) (48 25 73)
56: (56 80) 65 (78 47) 75 (13 62 24) 72 (51 9) 10 (25 11 64) 50 (16 12) 14 (46 18) (74 27) 23 (1 4 76) (17 49) (54 37) 69 (63 68 44 2 28 61 48) 41 (42 26 29 35 59 19 36) 6 (67 3) 5 (53 31) (7 58 77) (34 43 33 45 22)
57: (31 54 13 43) 35 23 16 (33 37 12 9 41 27) (60 39 38 1) 7
58: (1 35) (47 36 22 41) 19 68 (45 14 77) (8 57 32 25 58 78) (37 40 46 52 31 12 48) 73 54 44 (39 51 24) 63 (62 67 3 75 7 64 42 15 16)
59: 35 (40 33) (10 39 75) 79 47 54 12 (20 34 65) (78 31) (55 68 60) (15 7) (32 46 58 36) 30 (51 42) 26 62 (17 71 1 24) (45 61 22 13 23 69 52) 64 (76 19 70 25 49) 53 37 2 77 (74 6 41 38 27) (9 29) 3 63
60: (21 68) (11 52 61 78 63 31) (57 13 53 30 51) 41 5 (62 47) (71 60 20 32 33 56 9) 79 80 69 (14 16 64) 76 3 2 (46 67 77 22 40) 7 (72 70) (24 37 6) (12 49) 74 54 35 36 (42 29) (17 4) 25 (44 66 38 75 1 19) (8 73 50) 27
61: 75 17 (49 5 8) (64 70) (30 31 77 47 15 73 46) (34 9 68) (23 51) 74 (66 25) (80 38 57 62)
62: (36 46 80 30 31 63 54) 69 42 (17 70 27) (59 45 22 55 23 53 9) (3 49) 47 25 51 (10 8 64) 26 (14 65 67 60) (29 62 66 57 40 1 21 77) (78 71 74)
63: 75 (12 1 74) (17 48 27 20) (60 68 37 51 2 4) 14 10 (15 19) (72 36) (58 34) 23 38 (6 21) (31 64 59 65) 69 (55 44) (28 79 9 35 30 61 3 24) (25 67) 43 (29 5 40 71 11 50) 49 70 54 22
64: (15 55 79) (59 60 71 1 75) (74 52 25 43 29) (80 46 37 20)
65: 59 46 (38 39 42 53 75 51 5 79 80 68) (55 2) 67 (73 77 3) (26 4) (35 58) 44 31 (45 29 72 74 57) (8 62 28) (12 33) 49 41 (78 13 27 61) 37 (63 19) (1 11 64) (54 15) (60 48 43)
66: (43 72 23) (70 14 34) 19 (9 78 24 5 25 18 52) 73 45 (55 44 22 79 13 29) 49
67: (25 5 80 18 74 59 35 69 54 34 76 28 75) (1 4) (32 71) 73 15 22 33 (44 40) (10 65 58 62 39) (3 67 13) 56 (42 70 29 11) 68 (20 77 6 23) (26 49 17 66 52 47 36 48 57 50 63 7) 51 (38 12 79) 46 (43 31 21) (41 37 2 45) 24 (72 30 14) (60 16) 55
68: 34 79 (59 70) 30 74 (38 40) 64 (47 72) (1 32) (18 29 57 46 24 50) (52 28) 22
69: (71 7 33 30 59 44) (39 76) 67 26 14 37 (22 4) (27 77 49 69) 2 29 62
70: 27 (10 48 49) 40 (47 30) (9 62) (73 51 12) 53 (68 74 29 75 14 41) (32 24) 50 58 65 (71 7 63) 31 33 80 (21 4) 3 16 (60 38 43) 2 (11 5 79 13 39) (66 44) 6 76
71: 22 (21 52) (69 28) (13 66) (39 46 36) 14 29 (11 63) (7 1 8 4 6 23) (27 79) 73 (67 30 71 26) (57 33) (68 45 60 59) (3 50 2) 76 (42 51) (34 5 41) (32 64 54 75 55 74) (53 48 40) 10
72: (49 9) (23 35) (40 33) (31 47 11) (68 22 64) (17 77 76) 18 (2 5 65 57) (26 53 30 55 60) (66 1 37) 74 (80 32 54 46 29 19) 73 50 (12 72) (8 67 10 36) 38 (16 4 25) 41 (61 56 58 39) 48 (79 34) (63 78) (71 42 27 21) 7 59 44 28 (45 15 6 75 51)
73: (47 48) (72 37 20 62) 15 (44 7) (76 24) 79 16 17 5 54 (71 33 61 49) (55 67 40 65) (58 10) 26 (41 28) 36 (78 45) (4 64 35 39) 73 (46 51) (68 3 56) 25 80 (12 8 66 27 34 60) 59
74: 8 49 (17 3 71 50) 37 13 (51 45 72 41) 42 10 (6 74 27 2 54 9) 12 38 (46 15) 26 18 (5 53 43 40 21 22) (80 61 36) (64 55) 34 11 (19 23 20 79) (35 28) (25 31) 58 57 (44 77 56 60 73) 68 (48 66) 30 (70 69 47 63 29)
75: (65 14) 23 32 80 30 (56 45 4 43 78 29 40 17) 16 (70 57) (49 67 54) (41 37) 34 (9 2 61 24) (64 60 48) 3 44 (5 58) 36 (66 62 76) (19 63 73 28 53) (27 79 10) (46 42) (69 26 55 72 15 12 39 13) (22 7 21 8) 18 (25 59 1) 74 71 (20 38) 6 68 (47 11) 35 31 (77 75) (52 51) 33
76: 58
77: (17 37) (41 32 74 7) (55 66 77) 8 59 16 (54 31) (27 49) (26 15 14) 22 (73 51 47 61 68 57) 4 (29 53 50 6) (48 18 21 25 19 45)
78: 32 (1 34) 6 (3 64) (18 30) (7 47) 56 (57 29) (60 79 80 78 71) (17 70 27 40) (2 75 67 48 50 52) 39 (53 72 62 12 14) (63 33 24) (45 43) (58 44 65 28 36 49 37) 68 (38 69 31) 73 (76 42 59 25 4 77 20) 9 (61 16 55 5) 8 22
79: 73 (39 10) 54
80: (77 11) (57 65) (45 16) 54 71 26 (72 67) (68 32) (35 61) 9 (22 64) 14 24 (33 10 2 55) (42 6 47) (5 17 36 19 63 48) (39 56) 46 (69 37) (73 30 59 76 53 40) 78 (79 62) 23 44 50 (75 13 27 1 70 41) 29 34 (58 38 7) 3 (28 49 20 51) (4 25 21 43)
1: (50 53) (65 6) (60 31) (57 72) 54 71 (42 59 39 26) (55 15) 2 35 (20 21) (32 10) 27 (62 64 75 46 56 51 63) 80 4 (22 40) (45 58 9 12 67) (68 38 78)
2: (56 39 22 9) (37 23) (41 55) (78 67) (50 10 21) 42 15 (28 2 59) 14 (74 49) 65 (45 47) 31 38 69 63 (72 40 60 1 71 26 75 70) 5 (12 43) (51 80) 32
3: 71 (46 52 15) (26 36 14 24 31 59) (51 73) (42 38 58 60 47 48) (63 5) (35 56 67 53 74) (33 78 12) (19 4) (41 10) (37 65 45) 2 (6 75) (70 43) (62 54 8 23 22 80)
4: (39 10 50) (47 26 63) (46 70) (49 78 80) 2 65 (56 15) (36 60 77) 38 (52 35 40 73 4 27 67) (24 42) (71 75) (69 9 31) (51 18) 72 (45 14 5) (1 53)
5: 73 72 80 65 (12 61 56 60) 66 78 (55 20) 41 (63 42 19) (71 9) (70 21 47 27) (29 49 5 31 26) 36 (74 75) 6 2 (32 46) (45 51 53 35 1 67)
6: 63 (60 55) 59 77 (74 52) (15 41 78) (4 1 80 48) (49 51) 27 72 (12 29 36) (6 8 67 9 39 38 26) 54 (32 2 70) (46 47) (45 56 18) (71 75 28) (5 35 10) (53 31)
7: (69 22 23) 35 (72 5) (9 39) 55 54 67 (12 56 2 60) (13 43 71 29 32) 42 (15 36 31 80 78 77 26 58) (47 70) (38 6 10) 45 4 (57 59 75 1) 40 (51 25 73) 19
8: (60 31 1 2 45) (26 8 73 15) (72 25 32 54) (52 14 22) 47 10 38 (65 35 46) (77 51 78 62) (58 21 41) 50 61 4 (43 24) (74 75 9 39 71 49) 5
9: (35 12) (53 48 56) 26 (49 42) (32 75) 43 31 (66 7) (10 4 5) 8 51 57 (54 21 1) (55 70 52 24) 61 6 22 (36 47 14 27) (60 45) (17 62) 23 15 (39 59 72 74 80) (40 20 63) (78 2)
10: (25 70) 51 (46 21 62) (79 80 26 12 40 27) (52 32) 10 54 (6 41 42) (29 8) 72 (45 47) 56 71 59 (36 1 75) (73 38 63 4) 39 2 15 (5 74 9) 67 (7 43) (31 19) 53
11: 13 55 (5 71 41 4) 9 (80 45 42 65) (2 74 56) 26 (8 38 67) (46 35) (22 15) (60 19) (21 32 12 51 63 40 44) (52 28 70 10 31) (75 72 1 36)
12: (42 20 18) 33 (17 32 65) 2 38 (5 40) 22 (56 55 78) (43 26 51 10 21 59 15 41) 12 (36 46) (52 74 27) (58 63 47) 72 73 (57 70) (23 67 60 45 35 75) 8
13: (66 80 22 39 21 15 75 59) 4 71 67 (24 13) (41 65 27 6 14 40) (12 29) (57 45 74 9 42) (56 55 38 10 52) 54 46 (5 2) (51 32 70 60 16)
14: 47 (42 80) (2 71 53 31 23 58) 5 (36 69) (70 45) (12 9) (67 54 41 4 51 15 17 38 27 1) (32 43) 56 (78 10) (63 46) (6 22 26) (18 66) 62 (77 55 75) 8 60
15: 72 (9 63 42 12) 75 29 28 14 58 47 (32 31) 21 (74 2 26) (15 61) (51 36 27 41) (64 77) 45 (5 6) 38 (50 65 73 1) 59 (67 46)
16: 67 (27 37 8) (57 75) 52 9 (70 55 56 21 29 6 51 1 22 39 32 2 80 5) 14 (43 72 58) (26 77) (45 31 78 38) (46 73 60) (15 36) (44 12 47 35 10)
17: 60 (38 52 43) 5 (62 63) (7 31 9 61 8) 67 (73 12) (72 10 59) 21 55 42 (77 36) (78 2 18 15 41 53) (56 46) 26 (45 80) 47 6 (33 74 75 19)
18: 47 (56 45 41 40 42) (49 74 10 54 32 6 4 77 44 68) (19 5) (3 51 15 53) (66 27) 39 (9 35 72 78) (8 12 55) (31 1) (52 48) (29 36 26 67 2) 75
19: 43 (12 35 2 63 41 21) (9 27 45) (10 56 51 58) (18 60 75) 59 29 (1 38) 8 74 (42 15 77) 66 49 (55 52) 53 (31 36 47) 65 (22 72 80)
20: 17 22 49 63 5 51 64 (78 29 10 45 28) (4 26) 12 32 (9 8 75 42 47 46 35) 80 24 41 (39 59 15) (74 38) (43 6) (21 2) (27 67) (36 1 52) (18 23) (60 73) 13
21: (80 6 15) (74 41 51) 63 (42 23) (75 38 67) (36 26) (9 4) (21 17) (47 22) (46 60) 62 (77 72 31) 54 3 35 10 (14 71) (5 70 2 45)
22: (71 78) 9 (60 5 63 55 6 51 66) (17 49 38) (75 77 53 21 62) (10 40 36 4 45 72) 69 (56 68) 59 (80 47) 41 12 (26 31) (54 39 32) (8 58 67 2 74) 27
23: 35 9 (3 52) (8 67 22) 41 48 (4 5 75 21 62 26 80 63) (40 46) 42 (74 38 71 31 54 27 20 66 10) 32 (39 12 1 45 13 61) 56 36 57 (15 49) 59 72
24: 80 (40 60 66) 63 (70 32 26) (4 51) 45 31 1 9 (35 10) (67 22) 17 (38 78 46 53) 73 (48 68 56 42 75) (15 6 12 59 5) (21 47 8 2) (39 58) (29 13)
25: (54 59 50) 78 29 (62 56) (32 73 75) 2 (17 74) (77 36 58) (51 4 47 26 6 7 63 21 8) (66 5) (42 53 15 48) (61 55 9) (10 1 41 60 38 45) 18 (80 52) 49 22 27 64 (31 12) 72 67
26: (46 35 2) (6 71 45) 26 (59 38) (42 73 36 29) (43 54) (15 47) 51 (4 56) (21 1 31 41 65 62 22) 39 (10 69) 52 (12 18) 80 9 (75 8 72 67 74 27 77 32)
27: 30 (73 26) 4 (74 45) (71 31) (47 65) (38 6) (54 9 8 57 21) (56 1 2 40 53) 72 27 62 52 17 42 77 (63 15) (69 80) (19 78 59) 32 70 41 44 (60 10 39) (12 5 75 49)
28: (51 72 80) 2 (26 74 28 15 6) 9 17 (73 71) 49 67 (10 43 45) (1 42 23 41 50 56) (8 65) 68 (20 40) 4 78 75 (38 33 32) (47 53) 55 (63 29) (12 54) 5 7
29: 72 (59 22 75 15 63) (42 68 31) (36 39) (27 62) (56 78) (55 43 26 47 17 5) (69 51) (38 70) (2 13 65 74) (35 45) (12 67 28 40) 54 41 (32 80 71) 4 (60 66) (20 21) 64 (10 77)
30: (74 17) 36 (38 29 9) 26 (52 61 67 6) 11 5 (75 70) 1 (15 2) (63 40) 12 (53 68) 45 80 (46 27) (32 55 41 35) 60 (39 49) (54 62) 71 (72 47 42) (33 69) (78 10) 31 21 (23 59)
31: 2 (1 58 43 52 15 65 42 61) (70 77 27 50 9) 7 (57 46) 26 (36 10) (38 41 75 67) 72 (21 45) (32 28) 51 (12 5 56 4) 78 (62 3 22) (48 31 60 54 74) (59 63 44 6)
32: (4 9) (1 59 68 29 75 7) (44 77) (41 23) (80 15) (78 10 58 2) (8 48 27 45 71 67 21 22 39) (36 26 33 70 6) 12 (72 60) 32 (52 50) 38 31 46
33: (22 75) 2 50 (49 80 4 60) 57 (41 46 8) (15 53) (29 18) (43 70 12 73 1) (38 51) 72 (59 52 56) 32 (6 27 47 19 67 54 5 10 65 42 36) 55 (26 69 21) 45 (39 31) (71 78)
34: (4 56 9) (6 51 49) 61 (54 66 73) 47 (12 55) (71 15 67) (46 38 19 26 35) (72 63) 74 (59 5 30) 41 (45 31 8) (20 32 21) 80 22 (17 40 2 1) 75 78 (39 68)
35: 60 73 (57 5 80) 19 (12 58 26 63 4 54 47) 55 (48 25 52 29) (32 10) (41 36 65 56 8) (59 31 21 3) (2 40 42 46 51) 45 1 (27 7 67 15 75 74) (38 11 53) 72 6
36: 26 (72 51) (2 35) 80 (42 59) 43 73 56 74 52 67 (78 71 63 47) 6 62 (38 46 28) (41 55) (22 39 12 9 15 58 60 21 45 10) 27 (5 31) (75 32)
37: (72 75 31 9 6 32 57) (23 46) 44 (49 2 5) (38 27 1 63 58 36) 80 (60 78 28 67) (10 77) (35 59) (42 52 17) (4 65 12 26 45 73) (64 74 69 50 21 56 15)
38: (33 6 14 5) (36 75 43 63) (52 2) 26 65 67 31 23 (54 47) (57 45 38) (30 42 60 59 74) 68 (41 61) (32 80 78 50 12) (10 22) 70 (72 19)
39: 32 78 (80 71 58 46 31) (39 40) 51 (72 55 75) (50 70) (57 43 22) (23 48 1) (21 12 15 53) (36 6 35 16 26 8) (25 67) 9 (19 10) 73 (69 2 29 79) (52 65 47) 45 (17 4 38) 59
40: 12 (71 72 2 31 68 8 9 10) (59 5 58 43 13 78 80) (63 51 54) (75 67 26 20 55) (22 62) (27 73 38) (35 28) (74 39 70) (45 1) 46 (42 60) 17 49
41: (54 13 60) (9 21) (24 80 33 31) 10 36 40 58 (67 53) (4 27) 42 (43 56) (73 41 22 15) (65 57 77) (6 2) (12 70 45 71 59 23 74) (17 46) 72 32 (28 47) (75 26 55)
42: 6 (55 35 21) 52 (80 58 12) 5 51 (53 74) 75 (71 10) (13 36) 15 (50 32) 31 8 (67 78) 65 (19 23) 2 (45 33 72) (56 60) (30 59 38) (62 40) (9 4 29 47)
43: 67 (46 1 75) 36 (66 45) 54 (47 64 40) (31 38 29 42 41) 74 15 27 7 70 (57 35 2) (26 4 11 48 12) 5 63 (56 32 6) (44 52 78) (80 8) 50 (49 65) 39 17
44: (56 74 13) 67 (63 31) 41 78 (80 73 60 10 72 52 25 66 27 75) (40 45) (5 38 8) (21 22 51) (32 1 46 12 69) 26 (58 70 15 65 47 55)
45: (32 58 72 52 62) 10 (56 45 42 51) (31 74 21) 19 (7 5) (59 9 43 26 1 54) 4 66 (12 73 28 78) 55 (75 39 36 80 67) (6 71 40 50 30 22 41 15 47) (77 65 29)
46: (5 32 42 80 55) (65 45) (59 54 1) 40 31 (10 64 74 62 38 72 50 71) (53 15 68 22) (8 61) (43 39) 6 58 41 (4 56) (67 12 60 75) (36 73 2)
47: (47 61 9 77 70 38) 42 (59 21) 7 (5 39 20 15) (78 30) (26 31) (46 45 52) (43 58 27 67 68 32 60) 54 (72 62 73 55 44) 56 (4 80 36) (10 75 51 74) 2
48: 40 2 74 (7 52 9 78) (27 71) 51 22 (38 47 65) 80 (63 70 26) 42 (77 31 67) 5 (29 39) (73 45 35 10 32) 72 (23 18) 53 17 (41 8) 56 (21 36) (58 75 24 55)
49: (73 53) (48 10 22 21 4 32 52 63 54 1 45) (31 5 23) (70 39 77) 38 40 (62 69) 66 (72 42) (60 43 59) 46 74 (55 75) (61 2 65) 36 78 (15 26 6 80 49) (56 51) 12 67
50: 26 (77 41) 47 (1 6 49) (72 60 43 9 40 31 4 12 2) (51 15) 78 (35 36 52) 71 (56 70) 10 (45 5 68 80 27) 42 67 21 (38 63 74 22)
51: (70 47) (20 42) (56 72 2) (23 5 59 28 60 34 75 15 58) 67 62 38 31 (45 33 48 63 10 4) 77 (61 32) (44 53 39) 27 (46 26) (3 35 80 6 73 65 71) 74 (41 50) (29 40)
52: (22 27 10) (46 53 15 47 52) (75 7) (66 60) 36 5 41 (78 20) (31 38 39) (49 67) (58 26 68 21 50 12) (64 32 2) (28 45 35 54 59 29 42) (51 71)
53: (71 17 77 33 4 80 72 48 15) (78 12 47 26 70 10 6 31) 23 60 62 9 75 (20 36) (22 40) (55 41) (56 5 43 45 50 46 42) (74 65 2) (13 51) 38 (52 14) 59
54: (31 72 63) (21 71 32) 77 (62 8) (50 60 36 43 54) (59 80 79 10 38) 42 (35 67 45) (46 73 2 5 18 39) 56 65 9 (27 74 47) 12 (41 49) (6 51 75 57 58 40)
55: (21 7) (26 43) (64 4 62 65 45 51) 10 (31 49 66 12) (78 77 44 39) (54 29 47) (71 19 80) 41 (35 63 9) 3 75 2 (1 46) 59 73 (67 8 36) 74 32 (72 42) 15
56: (40 41) (54 29 26) (48 12) (60 47 22 31) 42 (74 32) 17 (2 73) 56 (45 21) 67 1 53 (23 80 75 5) (72 27) (38 36 7 51 15 4 55 20 33) 43 (30 52) (8 78 6)
57: 77 72 (78 31) (60 15 4 58 38 12) 52 (55 49) (65 42 26 24 40 67 2) (29 50 45) (47 32) (80 43 10) (61 8 68) (9 62 74 22 6) 51 (36 17 53) (27 75) 21 71 (41 5)
58: (59 52 45) 38 53 (40 12) (56 9 4 46 1) 65 (72 32 21) (42 73 2 63) 78 10 (43 47 3 6 74 36) (76 26) (22 8) 70 (31 75 67) (23 15 27 80) 58 (5 39)
59: 63 14 (19 16 8) 45 78 (38 39 21) 41 72 73 17 (5 69 51 36 12 42 49 48) 65 (10 9) 71 (54 27) 77 (20 31 29 6 53 67 80 32) 22 (46 15) 68 (62 75 2 56 64 52 34 26)
60: 51 (41 52) (53 21) (27 14) 46 (78 22) 63 74 70 (38 17 26 49 2) 71 75 (5 64) (72 62 29) (15 59) (35 42 10 45 40) (67 73 31 12) (55 33 60 57) 9 65
61: 54 (59 52) 31 (55 40) (36 39 75) (77 73 56) (3 46 24 6) 9 12 22 (38 29 78 74 63) 21 (65 32) 26 (45 8 1) (50 72 51 5 10 48) (23 80) (2 41 4 60 47 53 43)
62: (55 9 19) 29 (69 48) (15 70 34 41) (2 62 26 20) 36 46 (73 22) 4 (80 78) (45 33 52) 75 (56 61) (31 60 32 58 21) (42 49 67 59) (7 39 65) 10 23 (51 6)
63: (5 59 71) (40 65 31) (27 24) (6 62) (74 80 67) 39 (21 78 29) (2 56 36 58 17 70 14 15 60) (4 10 49) (1 38 55) (42 12) (75 46) (19 45 53) 72
64: 9 65 (63 60) (42 61 12) (2 8) (17 71) (58 62 56 51 22 74 29) (20 10) (23 27) 72 (59 75) (5 80) (4 26 73) 39 (49 45 68) (78 15) (36 38 47) (21 46) 31
65: 5 (52 17 75) 78 (67 56 51) 6 (8 53 40) (43 13 12 73 21 49 63 22 45) 32 (35 59) (62 47 80 26 72 4 36 27 70) (55 9 2 10)
66: 6 62 (28 5 4 19 36) 53 (73 9 77) (45 50 10) (72 40) 17 60 71 32 52 75 (67 74) 47 35 70 (54 2) 26 (39 43) 15 (51 8 41 61 21)
67: (6 43) (36 2) 78 9 (52 80) (69 40 60) (67 26 72) (62 41 24 71) (75 73 63 55 32) (35 22 46 19) 12 (38 65) (56 58 45) 53 (15 5 21) (31 49)
68: (63 19 45) (36 72) (53 77 8 67) (50 38 47 42 60) (59 44) 61 (51 2 46) (40 55 56) 9 54 (73 75 58 6 28 71 15) (4 12) 10 78 (5 74 80) (31 70) 22 (26 52 65) 39
69: (35 69 26 45 39 47) 71 36 60 5 2 74 49 (22 54 67 56) 32 (17 42) 15 (9 4 12) (63 10 62 59) 78 31 6 (21 75) 80 (51 40)
70: (80 67) 50 6 12 49 (10 60) (22 4 62 41 45) 26 5 (31 32 66) (9 61 59) 38 (40 68 52 47 27 75 63 2 74 42 36) 78 1 (15 39 17 21)
71: 39 10 14 69 75 67 (72 71 78 51 12 80) 62 6 26 43 (4 5 36 29 74 59) (2 20 38 64 47 63 73) (45 28 60) (70 55 53 35) 8 7 31 (48 1 21)
72: (8 72 9 40 74 28 45 2) (51 47 73) (5 39) (46 31) (67 4 60) (38 66) 29 (41 56) (80 27 21) (14 26 55 42 10 12) 32 (78 52 68 63) 75 6 36 43 (65 22)
73: (71 78 80) (29 31 10 1 60 66) 79 39 70 42 (54 27 23 16 51 15 5) 52 58 26 (49 74) (45 41 6 47) (61 40 72 38) (67 55 65) (73 75 20) 46 (77 2 32 14) (43 50) (12 35)
74: 49 17 48 (10 77 65 23 45 68) (71 46 2) 42 72 31 15 (8 64 40 56 22) (26 37) 75 62 (67 74) 1 70 (21 63 61) (6 60 59 27 54 5) 41 (52 12)
75: (70 38) (2 31) (61 46 41 39) 32 (75 47 6) (21 45 16) (64 5) (40 36) (67 63 65) (22 19 7 56 49 58 11 78) 12 4 (15 42) (71 80 37 60) (26 59) (72 1 29)
76: (80 67) 59 (42 39) 14 (6 8) 10 38 12 (70 72 33) (2 45) (32 75 31) (4 60) (30 22 56) 47 27 (9 5) (69 21) (40 46 49) (78 20) 52 73 (51 1 71)
77: (21 61 5 58 10 51 26) (35 67) (74 4) (77 45 42) (22 1 69 59) (72 17) (54 23 75 80) (2 31 12 46) (38 6) (78 8 65 48 60 56) 40 (47 52 14) 55 62
78: (35 22 32 66) (80 53) 45 56 (65 2 47) 6 (23 21) (58 31 5) (73 15 38 4 52 62) (43 19) (26 10 8 42) 27 (59 39 36 9) (75 78) 54 (41 72 60 12)
79: (55 22 80 60) (32 23) 74 27 65 (66 47 70 6) 75 63 (45 10 68 67) 38 (36 72) 40 71 (52 24) 64 4 (42 41 5 51) (26 1 78 2) (31 39 73 59) (21 15 46)
80: 62 (10 51) (8 36 73) 26 5 (61 54) 60 (53 50) (2 55) (6 22 46) 52 32 (78 65) (1 72) 15 (56 67 42) 74 40 (45 75 12 35) (70 38) 21 (9 64)
