80 80
1: (54 70) 44 (55 78 18) (3 68) 53 (56 65 79) (6 80) 66 57 (67 8 62) 21 23
2: (79 51)
3: (66 33 15) (37 63 3 54 42 30 72 26 5 75 48 58 55) 49 (52 46) (44 2) (60 39) 74
4: 69 (27 40) (73 60) (56 15 52 61 18) (38 78 74) (42 44 23) 80 72 (51 8 30 75) (46 25 64 10) (20 6) (13 39) (65 43 31) 9 (29 3) 59 (76 36 2 58 68) 70 (24 77) 4 62 (49 11) (45 55) (35 28 22)
5: 27 (2 40 31) (22 78) (76 41 53 39) 19 (71 42 80 25) 3 24 (30 1 49 61 67) (60 52) 70 75 77 (66 69) (36 38) (28 10 47 43) (20 35 18) (34 51) (73 79) 12 33 (32 16) 50 4 68 21 (57 26 9 13 23 74) 37 63 (11 59) 7 (45 5 15 55) 14 (58 17 8 54 72) (65 62) 46 (56 48 29)
6: (45 73) (75 61 15) 72 (7 53 70) 36 3 (28 41 34 40 47) (68 44 67) 35 (14 54 58 24 57 32) (2 56) 50 (42 49 74 79) 52 63 69 22 6 80 (4 19) (65 38 39 76 8 5) (1 62) 46 51 (13 12) (17 78 16) 31 64 33 (21 29 23 26) (9 37) 25 (10 71) (48 20) 30 (59 66) (18 27 11) 55
7: 28 (5 19) (1 32 40) (16 67 25) 31 (15 45) 54 (8 60) (39 29 3 2 72) 34 10 71 26 58 (64 61) (43 66 13 52)
8: (29 25 8 51) (63 69) (27 12 56 41 57) (52 32) (71 11 58 48) (22 10 60 50) (28 1 67 54 73 23 17) 55 31 72 53 (21 4 6) (62 46 19 64) 79 47 (68 40 5) (18 33 36) (65 3 70 34 76 14) 61 16 59 (78 30) (77 49 42 39 9 66 74) 15 43 (24 2 37 7) 80 13 (45 35 38) 44 (26 20 75)
9: (63 49 60) (3 68 2 66) (15 11 52 25) 24 23 (28 43) (72 48) 22 (69 58) (47 19) (14 31 61) 4 5 (70 36 16) (62 7) (57 34) 18 9 (51 26)
10: (27 62 50 52) (37 56 40) (70 12 20 57 39 16) (26 25 29) (61 54 66 71 9 79 68 6 24 28) 35 (76 14 34 55 49) 73 (51 3) 72 (47 60)
11: (45 72 78 31 33 75 50) (65 32 60 18 1 16) 11 (67 25) (10 19) 4 (36 63) 30 (17 6 74) (44 48 52 15) (37 26)
12: (38 3 59 25 73) (9 10 62 33 15 17 7 2 40 55 30) (75 74) 67 (77 63) (29 6) 46 (32 48 51) (27 49) (12 52 21 22 14) 41 (11 70) 61 (4 76 35) (43 8 36) (47 79) 44 (53 80) (66 71 31) (16 39 45) (13 54 58) 37 (34 60) 42 (23 65) 20 24 18 (68 1) (26 69) 78 5 (57 72 50) 19
13: (38 13 55) (22 2 29 24 33 4 23) (42 71) 70 (75 59 25 57 1 66) (41 16 18 10 65 17 74 19 69) (53 31 39 47) 7 (62 78) (14 50) (21 63 28 15) (68 8 37 12) 49 (30 3 40 52) (58 56 46 32) (36 51 67 34) (60 11 5 54 44 79) 72
14: 54 (2 71 33 7) 14 79 38 21 8 (45 44 63 69) 80 (48 27 19) 4 (78 20 35 75 66) 23 (47 56) 72 (13 17)
15: 6 2 (23 32 5 69 7) (78 64 31) 4 37 13 (18 71) (54 65)
16: (29 35 41 60 14 45) (39 3 5 10 1) (30 36 49) (37 74 78) (9 79 34 64 53 21 51 6 75 24) 13 11 (55 17 48 33) (4 7) (18 46 67 43) (38 2 42) (50 44 19 23)
17: 18 23 (8 33 32 59 67 76) 6 (71 57 80) (63 58) 5 4 51 35 (1 48 28 34) 40 38 36 (17 26 24 21 56) (54 55 72 3) 39 14 (74 30 11 52 68) 46 (44 27 62 78 25) (37 73) (20 19 29) (12 49 22) (66 69) (45 75 77 61 15 10 9 47 16) 2 43 70 31 7 (41 50)
18: 29 73 42 4 80 (10 26) 49 74 (53 9 31 14) 58 46 (8 77 57) 32 39 (43 27) 15 61 (2 48 3 17 75) (45 34) (64 7) 13 (5 72 66) 12 (68 21 54) (19 37 50 55 6 63) 51 (24 69) (25 36 47) 60 76 33 67 (79 38 62) 30 (40 11 23 59 52) (41 16) 44 (70 78) 28 22 20 (1 18)
19: (79 63 34 15) 50 (49 43) 77 56 40 (41 80 51 60 30 29) (27 42 11) 8 (64 71 69 5) 57 (62 23 37) (53 58 74) (24 46 45) 67 (36 31 59 16 65) 68 (10 19 12 33 61) 4 (14 76 22) 13 (75 38 32 78) 26 (66 20 44 54) (48 70) (17 9 1)
20: (53 42 66)
21: (58 61) (65 42) 27 4 54 (37 67) 30 (66 23 14 73 76 34 46 40) (35 19 36) (79 78) 77 (43 28) (45 15 3) 24 (31 69) 50 (80 13 72 33 56) 75 (60 55 57) (1 29 52) (49 59 11) (47 20) (22 63 71 9 10 39) 53 (62 16 44 8 21) (51 26 17 32 6 5 70) (18 41 2) 38
22: 70 23 (9 79 60) (64 29) (43 51 1) (38 13 31) (47 50 20 49 69) (62 5) 80 (57 68 74 59 39) 15 (76 41) (67 63 54)
23: 51 74 4 64 (47 79 7) (75 19 56 6 63 39 50 48) (30 18 27 43 66) (24 60) 35 (17 33) (8 55 13 40 76 16) 78 (28 29) (23 37) 42 (31 46) 70 (12 36 72) 59 (9 15 53) (34 80 44) 1 (57 69 2 73 38 3 77 45 67 61) 20 (32 49) 21 (52 68 11 25 5) (26 71 58 54 10 65) (22 14)
24: 11 (66 59 23 76 61 15 58) (35 28) (33 50) 2 (80 46 14) 44 (43 30 21) (67 12 18) 47 (31 9 48 60) 16 54 63 32 (38 1) 5 53 51 62 (20 24 36) (56 26 40) (64 17) 27 74 (42 10 45 49 13 70 8 22) (6 57) 68 29
25: (78 45 65) 52 (72 35)
26: 34 64
27: (12 60 56 71) (63 68 74) (59 35)
28: 3 63 (62 35 67 18 14 64 39) (8 59) (6 79) (33 31) (78 16) 4 (44 80 29) 30 (48 15 68 66) 60 (71 21 28 24) 45 (19 32) 51 41 53 70 42 75 27 (40 36 43) (11 56 47) 72 46 69 (38 13 73 65) 76
29: (76 18 9 38 70) (73 40 4) 77 58 2 (26 29) 24 (56 1) (39 33 65 48 64 79 31 22) (41 43)
30: 72 10 24 (6 48 63) (44 74 33 37 36 43 78 9 34 67 25) 73 (13 35 21 40 4 31 54 26 76 53) (50 58)
31: 34 (58 11 28 40) (7 43 72) (56 24) 77 50 62 63 (14 70) 51 (49 1 12 48) (35 69) (25 2) 53 (21 65 17) (57 15) (42 37 61 47) 73 (39 8 76) 9 75 (36 54 52 68) (45 5 59 55) 22 41 (27 64 79 74 23) (66 71) (30 16) (20 78) 29 18 (6 33 26 67 46 38 44) (13 31) (19 60)
32: 12 (22 28 31 11 43 66) (4 48 45 5 77 33) (59 41 49 80 57) (29 44 74) 26 58 (69 54) (47 19) (1 38) 72 37 71 39 (64 61 20 36 62 42 17) 3 9 (63 13 40) 60 46 (18 75) (52 27) (65 56 16) 7 (2 34 32) (30 25) (8 6) 15 (21 14) (55 70 68 79 78 51 23) 10 (24 50 67)
33: (35 61 39 68) 28 56 36 (69 16)
34: 19 (12 50) (66 56) (61 7) 67 (74 25) (64 8) (39 15) (65 18 58) 75 (53 24) (34 38 70) (30 68 16 20) (2 17) (76 41 49 54 36)
35: (57 49 66 19) (17 65) (8 20) (7 30) 3 11 (59 51) (27 62 55) 50 (35 31 18 63) (16 10 71) (36 69 72 73) (21 13) 47 (80 37 25 32)
36: 69 52 (33 73) 49 (1 32 76 62 44 43) 5 (19 64 37 70) (77 10 16 74) 41 6 55 (30 40) 80 46
37: (75 70) (9 3 24 1) (29 6 53 34 5) 56 (66 48 52 25 44 7 40 50 15 78 10) (36 74) (60 79) (47 51 14 57 76) (64 77 69 2) (73 65) 71 45 46 (19 8 43 55 62 23 80) (49 28) (26 38) (12 59) (11 58 21 68 41 39) 67 33 (20 18) 54 13 (72 27 4 37 17)
38: (47 39 49) (5 17 12 72 53) 13 48 (76 24 9) 74 (10 78 50 66) (26 63 2) (64 36 71) 27 (46 68 34) (37 32 19) 61 (70 56) 3 (31 16) (38 1) (69 23)
39: (36 39 44) (75 33 28 6 14 38 57 27 4 43 55) (17 13 29 2 63) 60 30 (78 31 16) 53 (19 40 66 37) (34 61) 3 (62 59 50 25 11 12 67) (76 23 9 72) (56 26 70 7)
40: (53 75 69 65 27 20 15 71) 19 (3 49) (59 11) (35 21 63 72 61) (10 47) (55 2) 12 70 (42 52 8 29 54 16) 34 (40 33 44 17 50) 18 (45 23) 43 (60 68 30 6) (41 13) (62 5)
41: 32 (73 25 40 15) (28 60 58) 4 (52 24 50 29) (80 7 44 68 70 63) (46 23 66) (21 67 2) (34 75 16) 78 (79 20) (62 64) (9 76 36 1 38) 27 (51 39 47)
42: (47 40) (44 67) (33 9) (55 38 17 3 15 7) 68 (60 10 5 29) 78 4 (66 56 27 79) (42 32) (61 39 64) 24 (73 51 34) 41 18 (20 30 36 35) 75 63 (14 11) (1 49 45 26 8 23 80) (13 48 46) 52 53
43: 23 (34 29) 67 55 32 33 22 6 (10 75 76 15 80 56 21 7 45 44) 61 13 (53 52) (27 43 57 54) (42 59) (62 58) 47 (25 48) 39 40 (77 24 65 4) (30 5 70 26 72) (69 12 16 9) (41 1 50 17 37 31 68 36 28 11 73) 79 (18 74 78 49)
44: (10 28) 47 (8 38) (5 26) 40 (21 36 27 37) (7 71 58 4) (32 64 6) (12 53) (54 25 77) (50 63 66 16 24 42 59 73 65) 15
45: (50 39) (70 37 48) 60 4 54 (43 24 67) (2 51 68) (21 35 80 58) (62 76 79) 36
46: 59 (64 55) 18 (63 69) (41 37 30) (20 78) (25 74) 65 68 32 (17 4 38 47 80 51) 8 6 (33 27 35) 19 29 (7 10 2 31) 45 (21 28) (43 39 11) (46 66 5 76 48)
47: (2 22) 49 37 5 (66 42 71 48) (33 40 23 73 17) (68 6 16 57 35 69) 36 (7 56) 79 (43 59 18 4 13 25) (46 30) (10 70 78) (51 80 26 8 9 38 54) 72 (34 63) 39 (55 62) 45 52 (61 14) (76 28 29) (24 12) 19 (31 32 20) (60 15) (1 77 21 11) (50 74) (3 44) 64 53 75 (47 27) 41 (67 65 58)
48: (59 54) 26 41 79 (7 16) (29 28 77 1) 53 (80 52 31) (69 61) (4 38) (67 9 37 44 63 12) 33 (70 68 18) (50 24) (60 48 20) (43 8 66) 55 46 (6 10 76 71 13 74 42 45) (23 57) (19 22) (5 72 36) (65 78 27) (35 47) (15 64) 2 (34 17) (49 58 3) 21
49: (41 51 72 32 66) (16 73 11 49 64 17 6) 78 (13 46 74 52) (15 19 34) (50 25) (31 33 59 40 62) (3 79 4 26) (7 56) (28 35 48) (12 71 53 65 10 27) (39 29 63 61 68 2 45 70) 5 (23 18 77 37 24 42 75 67 55 36 47 9 60)
50: 70 79 77 (74 10 32) (80 49) 59 58 44 (39 40 13) 69 52
51: (18 8 1 62 54) 76 (69 72 73) 77 (63 39) (4 25 56 64) 75 42 22 (65 80 26 12 16 21) 32 70 (47 6 58 19) (7 43 2) 45 (67 66 33) (40 29) 46 57 (52 68 71 13 49) 41 (38 59 23 35) (31 78) (50 44) (37 5) (51 53 14) (30 11) (15 17) 36
52: (5 56 44) (8 16) 72 (80 45 19) 40 (61 55) (43 50 27 63) 41 (25 13 23 73 29)
53: 7 70 77 (80 9) (12 33) (40 37) (69 41 29 79 10 75) (14 3 67 11 78 74 48 34) 63 (22 42) (45 38 5) 65
54: 67 (65 29 26 6)
55: (36 24 46) (26 55 69 40 63) 65 (15 42) 4 (58 35 80 68) 19 27 10 (71 49 20) (75 9 39) (28 76 52) (33 8 47 6 57) 51 (17 14) (53 64 56 50) 16 (79 45) (34 37 48 11 54 43) 25 (13 41 78 67 32 3) 5 (44 59) (21 38 77 29 72 60 1)
56: (12 60) 13 (49 78 62) 1 (29 42 55 75 19 76 30 18) (53 68 16) (33 31) 35 (6 10 38) (4 72)
57: 28 (74 66 62 77 36) 78 4 67 46 (17 63) (79 23 37 57 56 49 43) (47 30) (69 39 25 32 5 50 52 18)
58: (64 67 79 52) (44 60 40 72 4 1 68 71 75) (19 41 7 5 56 42) 73 (35 23) (25 28 77) (59 14) (53 8 16 37 54) 32 39 (74 24)
59: (34 30 12 48)
60: (47 13 42) 52 (12 31 58 51 37) (34 79 40 70 33 43 4 75 72 44 20) (11 78 50) 10 3 (24 27) (45 32 19) (66 69) (53 14) 76 (36 28 7 38 74 46 67 5) (6 21) 65 39 49 (29 80) 64 (22 8) 25 (48 62) (35 18) (1 41 9 61 17 15 73) 30 26 16 57 2 (68 54) 59 63
61: (27 4) (56 41) (72 20) 44 (70 23) (51 76 29) (40 48) 38 (17 9 34) (5 10) 53 (24 57 8) (36 46 59 26) (42 78) 71 (54 69 25) (68 73) (28 63 11) 55 (37 30) (62 19 3 12 58) (15 35 65) 22 (16 60 21 18) (6 52 77) (31 47 80 74)
62: (20 64 38) (43 58 4 26) 21 (32 29) 59 74 35 (30 40 3 25) 14 (78 66) (62 15 71 2 19) (16 24) (34 53 9 46) (5 31 47 73 79) 10 (65 42 11) (77 45) 67 (13 48 57 12 70 37) 44 (23 50) (7 63 51 27 18) (22 54 68 76 75 33) 1 (36 28 17) (6 39)
63: 39 (22 71) (73 77 18 74) (58 29 67 38 34) (44 64 8) (16 4) (61 12 13 1) (10 35) (40 6 2 59) (33 15 79) 69 21 3 7 54 (62 48) (28 27 11) (45 63 76 78 51 49 25 32) 68 50 (53 75) 42 30 57 72 (66 46 55 56 43 23 60) (80 9) (5 70) 52 (47 26 24 37 20 36) 14 19 31
64: (39 26) (50 46) (9 30) 22 57 3 (61 74 5 38) (80 40)
65: (2 14) (57 48) (70 25 1) (18 17 61) 7 (23 32) 74 (64 26 50)
66: 56 (78 58 74) (54 38) 67 (69 24 76) (4 64 14 65) 34 (13 30 35) (57 20) (68 61) 53
67: 39 37 (31 75) (5 40 28) (41 13) (18 72 77) 55 (16 8) 38 67 69 (64 20 7 34) 43 66 45 (50 23 36 59 17) (70 60 56 19 79) (22 61 71 52 14 24) (76 29) (46 63) 53 (49 3) (9 25 6 42 35 2 58 26 57) 15 32
68: (71 1) (63 68) (28 30)
69: (60 22) 33 50 49 55 36 (59 63 27) (76 3) (40 54 74 4) 51 72
70: (10 38) 27 (77 29 11 40) 46 7 (23 61 1) 34 63 (21 17 65 18 47 3 62 72 56 41 68 15) 28 (43 49) 25 (59 39 35 75 31) 44 12 (79 66 33) 71 70 (80 30 73) (2 78) (53 22 26) (60 74) (51 55) 37 6 (20 24) (48 19) 36
71: 77 (48 42 10 70) 65 (57 20 25) (74 22 23 28)
72: (32 77 4 68) 35 (75 54 73 23 6 58 63) 41 (45 28) (43 5) (7 71) 65 26 (2 67) 53 (64 61) 57 39 (70 51 25 56) (50 33 20 76 69 30 48 49) (46 12 66) 19 (44 3) 55 31 37 (78 36 59 47 10) (34 62 74 60 40)
73: (40 20 45 6) (37 24) (18 22 59) (47 5 49 4) 2 (1 77 30 58 53) (41 72 66)
74: (6 42 1 33 48) 77
75: 19 (60 34) 24 (53 16 5 37 73 54) 56 (52 32) 57 9 40 42 (4 12 38 70 11 72 79 2 44 41) 50 66 (13 65 6 22 43 75 36) (78 62 69 64 67 47)
76: 44 (30 53) 56 (42 76) 58 67 (8 24 33 50) (16 3) (73 12) (46 69) 49 (36 37) (45 74 72 17) 10
77: 57 (14 3) (61 10 55 74) (67 45 65 28 23) 2 (22 75 29 62 56) (40 18 17) 16 73 42 (38 35) (19 41 7 4 1 64 54 12) (8 60 59 44 33 31) 72 (21 49 80) (58 63 46 50 11 36) 24 70 (5 43) 13 (76 32 37) (51 78 15 77 79 9) (39 26 69 27) (6 48) (20 71) 68 (52 30) (53 66)
78: (30 10 14) (13 2 28 73) (70 74) (71 35) 58 15 (59 20 44 52 64) (48 41) (57 68 24) 6 (50 46) (72 22 8 49 31) (26 77) (9 62 27)
79: (10 37 31) 54 75 30 (20 35) 28 25 32 (48 61) (44 11) (66 5 4) 21 59 49 (40 80 8 12 33 43) (57 27 19 15) 77 (46 1) 52 (51 41 56) (17 6) 50 (13 55) (65 26) (16 53) 38 63 (73 70 62) (47 23) 14 (24 69 9 42 79) 64
80: 63 (23 36 68) 2 (6 60 17 4) (31 71) (79 47) (24 46 11)
1: (21 37) (17 24 62) (12 60 70 51) (74 18 13 16) 79 (38 55 32 48 65 6) (8 29 43) (36 7) (23 73 63 41 47) (11 22) 31 (5 19 56 42 77 68) 58
2: 65 (32 77 5) 14 23 (17 48 18 73) 29 45 24 70 13 (4 49 38 41) (72 16 67 37) 31 60 (21 8) 75 3 (6 46 34) (62 39) (7 47 9 78) 12 51 (15 40) (63 80)
3: (63 48 7 70 37) (47 5 9 38 62) 76 16 21 (39 61 23 4) 1 42 (49 67 77 53 60) (12 3 6) (32 64) (10 55 18 35 40) 69 (17 13 8) 72 28
4: (48 9 12 63 14) (32 41) (28 6 69 47) 66 23 (58 8) (39 43 19 46 72) 29 (4 21 79 37) (56 73 44 61 77) 60 45 (75 5) (62 18 49) (13 57 15) (16 30) (55 42 80) 51 (11 17)
5: (15 75 49 12 24 42) 64 23 (77 46 18 32 44 55) 37 (48 3) (6 17 58) 53 73 (7 47 72) 16 (60 9 51 43 67) (36 22 61) (40 5) (19 21 57 31 13) (79 62) 8 (52 38 63)
6: (62 55 31) 36 (46 70 40) (10 1 32 17) (47 37 56) 63 (49 67 78 24 21) 54 (72 60 8) 48 73 (18 11 16 23) (30 80) 75 (15 79 4) (74 6 51 77) (39 61 12) (43 28 44)
7: (62 46 12 60) 17 (13 14) 8 58 49 (34 51 41 77) 53 (65 70 42 35) (31 5) 63 (15 72 67 18) 32 (6 23) 39 (43 37 44 47 48 9 16)
8: (77 42 12 8 14 52) 78 44 (76 28 5) 19 55 (61 67) 6 35 18 (13 58 32 34) 48 (4 51 1) (37 21 46 31 23 24 60) 47 63 7 (17 40) 79
9: 16 (39 38 60 12 30 10) 62 (31 17 23 63) (61 22 29) (21 49 8) 19 6 (37 5 24 64 75) (42 47 18 79 43) 4 9 (67 48 41) 55 78 53 77 32
10: 56 (7 5 49) (40 8 77 63) (43 61) 62 (60 38 12) (55 21) 30 6 17 (71 16 50 44 32 72) 76 (53 70 19 35 36 47 4 46 11 79 23) (42 13 37 78 48 18) 24
11: (17 13 23) (77 28) 70 (37 24 51) (79 63 53) (8 4) 75 62 61 (32 43 80 49 39) (9 19 5 31 12) (16 60 18) 42 47 (46 55 11) (6 35) (21 40)
12: (75 6) (48 51 59) (27 38 24) (18 61 43) 10 23 (13 77) 44 (17 72 8 49 56 5) 39 (12 37) (79 53 62 63) (19 34 32 76 60) (31 47) (70 40)
13: (37 31) (52 28 4 49) (63 40) (42 23 66 48 39 7) (60 6 56 19 78 22) 62 (55 32 79) 47 67 38 (14 5 77) (12 18 21) (15 35 30) 8 51 43 24 50 (75 16) 13
14: 10 (17 9 12 5) (62 78) 13 (55 65 63) (28 58 60) (77 67) 53 14 (42 19 66 51 21 47 16 39) (6 23 37 79 8 18) 32 (31 24)
15: 51 (21 40 13 28) (49 7) (63 70) (32 79 60) 23 44 (62 77 3) 5 8 (9 61) 43 (78 6 12 67) 18 4 (31 42) 22 (19 48 41 11 24) (47 37 55 34 17)
16: 48 38 13 (11 79 21 49 51 36 24 40) (8 76) 56 55 (75 61 39 67 32 23 35 77 12 9) (7 28 33 44 34 41 18) (10 47) (31 62 63 58 17 60) 5 (52 6) (19 43)
17: (40 65) (79 19) 60 (76 35 39 18) 12 21 (42 51 5) (37 11 77) (70 61 34) (14 47) (8 55) (13 24) (38 62) (32 17) (57 23 16 46 43 49) (6 48 80 67) 31
18: (24 57) 40 35 73 60 13 61 21 (23 9 42) (6 29 56 8) (51 34) 32 62 (65 11 48) (31 63 70 43) 1 (49 5 47) (46 77 16 37 12 28) 67 (15 4) (18 17)
19: (55 18) 28 (5 7 62) 77 70 (11 23 49) 51 (72 9) 60 8 (39 37 34 35) (47 16) 6 12 (38 40 58) (48 61 52 31 79) 19 36 (63 17) 46 75 (13 32 56 67 21) 14
20: 41 22 71 (6 12) (60 34 48 62 77 63) 46 (31 10 72) (42 17 67) 66 24 (21 8 14 35 5) (32 4) 79 37 47 (73 40 61) 55 23 70 (19 18 78)
21: (55 70 18 46) 23 1 60 24 13 79 41 (35 17 77) (44 43 40 28) 12 47 (8 5) (6 61 30 48 32 31 37) (14 63 51) 16 (62 21 45)
22: (8 69 9 23 73 48 4 43 24 13) 78 70 (47 29) 6 (32 51 71) (61 62 17 64 77) 63 (19 31 12) 18 (5 67 21 53 75) 60
23: 37 (61 42 39) 58 32 5 15 65 38 9 (12 49 40) (19 31 8 16) (23 17 14 70) 6 (52 18) 77 (51 71) 62 63 (67 4 72 79) (43 48 21 22) (13 57 41) 47 1 24 80
24: (70 17) (75 61) (21 79 9 24 44) (34 13 43) 32 (38 48 63 73) 42 4 (16 31) 67 (19 12 49 8) (80 18) (28 76 58 30 23 37) (77 60 10 78 47) (62 29 45 41 66) (5 55) 6
25: (44 4) (62 32 30) 10 (46 37) (79 11 43 51 55 60) 52 34 (35 17) (31 39) (65 41) 23 (7 9 49) (61 8) 18 (71 63 12) 47 (72 67 5 70) 58 (57 13 6)
26: (19 7) (67 42) 3 54 79 (6 43 37) 44 (31 65 62 8 24 49 48 55 61 72) (9 30) (10 32) (77 18) (51 60 70 63 39 5) (21 64) 17 78 (47 12 11 38 23 29)
27: (28 70) (35 44 23 5 39) 10 (55 79) (19 48 17) (47 6 24) 21 12 (43 37 61) 46 14 18 (49 62 38 78 8 31 40 60) (69 42) (77 63) (52 4) (41 32)
28: 46 (10 23 32 57) (24 49 5 8) (17 44 77) (28 9 6) 18 72 33 (60 48) (4 62) 58 (41 63 43 37 71) 31 (39 21 70 7 55 68 13) (61 79) (67 47) 78
29: (56 32) (63 10) (62 51) 47 22 (18 21) (48 52) (16 19 29) 55 (60 46) (43 23) 42 53 (77 4) 7 31 12 (13 41 5) (40 37 28) (49 39 6 8 67) 61 (24 54) (17 70)
30: (3 28 21) (11 56 72) (68 46 59 23 66) 35 (79 42 19 43 78 5) 40 8 (73 57 47) (31 24) 39 62 (77 36 18 61 64) (17 70 13) (4 6 34 16 60 76 63) (51 12) 32
31: 23 (67 49) (17 61 8 29 72 48) 78 (28 63) (60 9 6 5) (70 30 19 22 35 47 32 12) (56 43) (46 18 80 21) (38 24) (7 39) 62 (13 31 4) 15 (51 77 11 79)
32: (23 65 32 5 36) 17 (43 67) 24 (49 12 19) (75 18 42 11) (38 35 79 21 77) (28 13 41 50) 57 51 47 (44 15) 63 55 8 (46 60 72) (6 58 62 7)
33: (21 47 79 39 60 14 46) 6 51 5 3 48 (74 23 55 53 62) (76 40) (18 70 72 24 8 42 32 12) 17 (56 37) (36 11 77 49) (29 43 30 19 28 31) (69 16) (13 63)
34: (13 31 70) 53 5 63 21 (9 7 39) (61 16) 75 (47 41 49) 40 32 (42 62 12) 43 (10 6 66) (60 59) (37 48 55) 34 (19 23 8) (18 72) (30 38) 26 17 67
35: (56 14) (47 45 46 31) (48 30 42 67) (58 21 78) 63 (10 8 51) (16 25 5 4) (28 62 72 60) (12 33 55 23 61 70) (35 24 40) 79 27 6 (66 17 77 49)
36: 11 (33 18 5 47 43) (19 44 21 60 32 41 34) 4 13 62 69 28 35 (31 75) (30 70 24 42 67 9) (17 37 80) 45 (16 38 48) 57 (76 77 55) (51 12 8 72 61 6 23) (49 63) 39
37: (17 57) (8 30) 44 (67 58 70) 49 (19 63 11 43 72) 55 (15 76) (12 6) 3 46 39 45 (21 77) (53 32 61 31 35 10) (38 37 51 47) (62 79 13 23) 73 (18 75) 36 5 48 60 16
38: 60 8 (79 44) (23 42 16) (77 38 4 34) 61 (37 28) (24 56) (41 13 46 5) 21 51 19 70 (75 32 14) (29 31 47) 48 (66 63 6 53 12 39) (22 62) (67 55 18) (64 17)
39: 60 67 33 (57 23) 38 (3 28 12) (63 70 55) (18 47) (51 58 13 29) 32 (45 39 16 46 8 50) 21 31 (6 22) 17 (37 5 43 62 10) 77 (72 4) 7 (64 41 42 34) 49
40: 67 (79 72 41) (49 24) 50 70 (39 44) (19 55) 40 12 (30 10) (60 47 43 7) 6 8 (42 69 31 29 58 13) 5 (53 63 77 51 32 28 75 37) 21 (4 62 23 36 73) (18 64 17 61 52)
41: (73 79) (5 77) (16 47 36 61 42) (43 78 22 34 8 37) (52 60 72 31) (51 13 75) (29 12 40 58) 70 (32 49 67) (17 28 6 55 46 19) 48 (53 21 18)
42: 61 74 53 (55 18) 24 (16 63) 77 79 47 (4 60 76) 42 19 20 (49 44) 67 23 43 (28 6 32 12 13) 48 (5 58 56) (71 75 40 8 3 62) 31 (21 51)
43: (46 47 29) (51 62 28) (5 24 21) 23 40 (19 9 36) 17 (75 30 77 39) (37 72 32) 4 (45 7 31 70) (18 16 22) (67 57 79) (12 48 8 52 43 60 63) 55
44: (51 75 50 63) (11 61) 19 (30 24 17 14 16 36) 1 (39 52 48 79 23) (31 47 8) (32 18 4 21) 43 3 6 (58 28) (42 70 40) (72 13) (77 62) 78 (76 41 55 37 60 12)
45: (8 46 5) 7 (4 40 14) (12 48 53 32) (25 6 63 31) (77 28) (16 18 47) 17 (42 19 11 23) (37 51) 43 52 62 (72 76 67) (21 24 55 73) 49 60
46: (3 64) 8 37 57 (72 4) 28 60 (46 12 31) (61 63 41 42 5) (55 77) (38 17 36 79 16 6) 48 (70 78) (23 19 47 32) 24 (49 18 51 67) 76 (80 21 62 13)
47: 73 35 40 (21 32) (49 9 31 41 60) (51 79 12 10 37) 5 6 (48 47) (23 44) (70 72 18) 24 (63 57 55 13 61 43 80 62) 8 (75 28 22) 14 (38 17 46 42)
48: (43 49) (71 70 55 46) (3 24) 59 (61 8 23) (74 45) 17 (28 31) (37 6 60 5 62) (47 9 16 72 32) 12 48 (77 11 63) (78 14 30) (19 18) (29 53) 65 (79 42 38)
49: 47 (63 37 34 69) 60 31 42 (55 35 32 38 21) (17 77 9 6 10) (70 36) (67 79 78) 73 24 12 56 57 (43 22 16) (72 40 18 5) 23 (8 50) 76 (19 3 49 13 48 51 4)
50: 64 18 (40 10) 12 (43 49 65 41 60) 30 (77 63 11 22 17) 47 (13 62) 67 (37 21) (76 31) 72 (38 48 69 79) (55 23) (39 34) 45 (32 57 35) 8 (5 6 78 19 44) 52 75 (24 16 51)
51: 21 (35 5 63 18) (72 12 23 37) (13 45) (60 70 61) 41 (19 62 8 79 31 49) 4 (17 6) (42 55 28) 16 47 (22 77) (32 9) (10 51) (24 2 46 69)
52: (67 51) 12 (58 48 13 50) 78 (40 57) (60 61 11) (79 41 23 17 77) (63 49 10 21) 25 (6 36 37 55 8) (9 3 31) 4 18 (43 32 42 75 5) (7 47)
53: (19 66 12 18 63 43 28 24 42) (73 21 30 16 56) 58 76 (39 6 34 61) 67 5 49 (23 38 79) (40 77 44) (20 1) (51 70 72 37 75) (31 47 55 62) (13 48 60 8)
54: 3 (61 47) (19 7 77 1) 62 43 (13 18 14 17 23 24 79 21 58 32 34 69 75 30) (63 60 55) (12 37) (48 51 31 44) 10 40 (15 72) (8 22 66 5) 6 45
55: 16 (32 12) (3 69) (70 55 48) (63 35) (52 40) 56 (5 6 37 21 18) 31 (79 4) 67 (13 42 10) 17 (36 23) (61 1) 39 (47 49 72 77 46) (43 8)
56: (13 23 1 37 10 47 14 75) 38 (27 77) (55 5) (79 58) 24 (8 4 43) (29 63 31 6) (61 57) 70 (42 34 66) 21 (32 51) 52 72 49 (17 67 33) 39 76 (28 19)
57: (22 66 37) (75 67 62) (8 64 31) 71 (12 72) (63 55 10 5 60 18) (32 24 21 35) (79 1 13 43) (65 39 57 17 51 6 48 19 9) (47 78 23 61 77)
58: (60 8) 48 (12 72) 55 (51 31 21 37) (61 67 19 17 77 5) (43 13) 41 (62 78 24 73 47 44 3 45) (29 6) 18 (34 9 30) 63 (4 32 7) (23 50) (66 76)
59: (61 46 21) (32 55) (51 13 43) (73 5 35 69) 77 (40 50) (44 37 31 63 58) (27 60 78) 67 (49 18 48 19 23) (17 28 72 22 70) 47 (6 39) (12 24 62) (4 8 79)
60: 72 (63 8 40) (39 55) (42 70 80) 13 (24 9 4) (41 75 23 16 37) (31 47) (28 56 69 12) (21 49 61) 11 (22 7 58 19 32) 10 (27 3) (77 18 45 5) 48 67
61: (77 17 79 4 12) 6 (60 47) 67 (8 48 7) (31 9 34) (66 18 19 63 40 38 64 70 23) (43 42 72 32) (65 21 52) 10 (49 5) (24 33) 39
62: 61 (63 12 32) (51 8 49 13) (70 62) (36 28) (9 18 19 21 5 72) (17 4 31 75) (35 22) (57 6 60 24 10 78) (37 41 47 43) 77 56 (45 40 39 79) 1
63: (13 11) (18 31) 32 (27 68) (3 62) (35 28 53) (19 63 24 49 6) (52 46 9 72) (79 42 14 41 12 70 55) (47 67) (30 38 51 23) (80 21 40) 48 (69 22 8 17) (5 61) (77 57) 44 (60 39)
64: 41 (49 6 78 34 24) (65 46) (31 15 60 44 47 67) 63 18 (77 62 23) (38 42 58 28 48 7 4 19 29 32 16 37) (36 79) 26 55 72 (66 22 75 51 8)
65: 23 19 44 (40 60) (55 8 46 5) (37 62 6) (11 12 72) 13 (28 47) 71 (53 32) (70 35 51) (29 31) 66 (48 61) 43 21 49 (79 1) (34 54) (4 75 77) 15 25
66: (48 14) (79 7 13 39 31 63) (20 42 75 12 41 35) (57 34 70) 10 (9 1 46) (77 6 72 21) 19 37 (47 17) (51 3 49) (67 38 60 73 8 32) (5 24) 23 (44 28 18) 62
67: 76 24 (45 51 12 41 7 55 22 75) (18 1 43 13) (16 32 47) 8 (62 37 34 58 77 30 6 39) 49 (63 42) 21 (11 23 17 53 60 48 66 54) (67 19) (57 28 72 31) 5
68: 37 23 48 (18 10 6 13) (27 24) (47 42 49 62) (78 32) 41 (72 80) (51 55 40 12 58 22 46) (4 1 70) 9 (34 66 63) 19 38 28 (60 31 77 8 33 17 45) 68 (61 43) 5 56
69: (9 55 23 14 46 13 43) 63 6 28 (33 61 32 47) 79 (5 72) (22 53 48 76 21 12) 36 (37 60 66 40) (38 17 18 51) (31 19 50) (67 75 57 77) (4 35 8) 15
70: (28 37) (47 32 43) (31 41 1 71) (50 34) (62 72) 13 17 12 (51 9) 53 (22 60 77 23) 49 (65 4 38 29 75 39 78) (63 40) (61 6 10 36 5 79) 18 (45 19) (48 21) 67 (8 24 70)
71: 23 55 37 (77 35 13 47) (68 6 78 67) (51 48) 63 12 (14 19 10) (70 38) (21 15) 17 28 (32 44) (40 8 58) (31 49 7) (62 61 27 5 80 72)
72: (4 43 77) 9 (38 49) (47 63 12 28) (67 13 78 48 58 56 39) (35 6) (18 32 75 17) (55 14 3 70) 21 11 7 40 25 37 61 10 69 31 (5 23) (51 8) (52 60 30) 76 73
73: (8 31) (61 10) (41 12) (6 51) (63 4) 21 30 75 (52 77) (72 47) 29 (42 17) 28 60 (36 62 43 37) (5 18) (49 58 79) 70 (78 76 35) (44 23)
74: 18 62 (31 71 34) (49 22) (5 64 60) (23 16) 58 76 (32 27) (24 12) (69 46) (6 50) (63 47 78 4 72 65 37 43 11) (30 66 70 36) (3 19 77 53) 57 38 (17 8) 13 (48 61)
75: (13 21 79) (14 55) (58 41 39 43) 40 (19 17 6) (75 62 8) (34 51) (23 28) (53 11 47 77) 32 (42 63 49 67) (31 5) 60 (56 4) 16 72 (18 12 37) 70 3
76: (31 63) 34 21 12 (37 17) (56 4 43 8 55) (66 22 60 36) (39 18) (24 47 67 51 23 69) (6 45 48 38) 19 (10 46 5) 29 (30 72) 28 (62 76) (41 61 77)
77: (43 70) 18 (32 61 58 12 71 79) 63 49 (67 23 72 78) 31 (55 21) 17 29 (50 53 51 74) (19 5) 47 (8 37 73) (77 57) (62 48 4) 44 36
78: (30 62) (4 66 77) 57 60 (15 39 56 42 55 12 5) (21 19 11 16) (37 18 49 23 46 17) (1 53 72 38 48 13 63) (32 70 61) (31 6) (75 14 47 25 28) (41 8) 51 43
79: (6 45) 32 (67 41) 60 (58 79 13) (63 28) 18 (80 1 55) 23 (48 2) (14 47 49) (50 22 12) (42 29) (77 70) (16 62 5) 43 (57 8) 37 31 10 19 75 (21 53)
80: (37 17) (22 36 12 51) (50 23) 1 77 47 (14 28) 35 (70 60) (21 52 6) (64 19 41) (45 46) 42 32 (4 43 5) (63 18) (8 53 55) (24 48 79 61)
