80 80
1: 28 73 (77 59) (16 33) (53 30 44 60) 9 (42 20) 31 (50 78 68) 12 (80 76 5 39) (75 52 23 55) (1 17) 14
2: 48 (52 10) 31 (5 23) (43 59) (7 39 26) (3 49 71 8 19) (30 66) (67 60 9) (54 68) (62 55 77) (76 44) (11 40 58) (41 51) (45 75) 42 (73 79 15 65 38) (37 21 25) 47 (29 63) 64 12 (46 4 33 70) 6 61 (22 57) (32 69) 1 (80 50 53) 20 24 16 (18 34 72) 74 14 (2 28)
3: (33 64 74) (26 24 42 5 21 51) 14
4: (69 53 3) 21 (31 19 47 77) 40 12 46 (60 42 45) 68 (50 13 72) (9 63 52) (17 51 73) (67 38 36) (16 20 80 61 27 55 11) (70 33)
5: (41 2) 39 (23 72 45) (4 56 68) 76 29 (18 44 60) 71 (50 70 9 33) 61 (77 27) 15 (12 49 63 8 28 1 66 10 37) 75 79 (7 67 42) (16 14) 55 (58 19) 52 (80 74 73 48 31 30 35 5) 22 64 (53 47 25 43) (11 24) 26 21 (13 46) (38 65) (78 59 32) (20 62 40 69 6) (36 51 57 17)
6: 13 49 (72 58 48) 22 5 66 32 51 54 37 36 (63 65) 19 46 60 56 (21 29 9) (33 74) (50 15 34 35) (41 31 7 52 8) (14 23) (20 26) (77 55 80 47 43) (44 59) 40 (70 68 27 6 28) 30 (12 61) (45 71) (75 76) (1 16) (25 24 10 42 11) (38 18) 73
7: (24 9) (53 17) (74 52 26 42 54 44) (61 39) (63 66 20 46 40 15) (35 58) 72 (38 37 30 12 45) (33 19 80) 79 47 (27 31) 13 36 68 (50 2) 16 (48 55) (69 22 34) (11 10 64) 5 (1 25) (29 60 73)
8: 21 (79 70) 50 (43 15) 7 45 4 44 (42 46 40 27) 34 (1 78) (49 20) 41 (13 38 75 32) (68 63 19) (11 22) (26 73) (62 52) (60 72 37 53 47 59) 5 80 (66 77 14 39 12) (16 64 54) 61 18 (65 10 6 30) 31 69 2
9: 69 (37 48 35) 33 22 (73 55 14) 51 (6 28 8 44 75) (70 29 11 80) (36 9 24) 32 (79 26 67) 16 10 (53 76) 18 (49 27) (21 12) (34 25) 54 (52 46) (3 17 38) (72 59 63)
10: (38 21 32 64 69 30) 10 (27 15 16 1 75 56 31 7) 67 (77 19 42 25 18) (72 73) 37 (48 47)
11: (32 42 23) 48 7 (21 30) 38 (74 16 64 3) 15 (51 34) 65 66 (37 46 26) 9 (39 53 40) (24 43 75 71) 45 (11 14) 33 22 (57 76 56) 70 (73 59) (63 19) (79 69) (2 55) 10 (18 1) (12 29) 54 (52 50 5) (25 28 58 4 67)
12: 52 (45 60 20 22 72 10 68 18 6) (55 37) (16 78) (49 67) (7 42 39) (40 21 66 13 26 57 44 30 62 27) (1 34 75 33 56) (65 59) 64 73 (63 14 70 9) 24 (80 50 36) (32 38) 28 46 (61 19) (76 48 4 58 23 71) (53 5 29 47 17 54) 15 2
13: 23 (24 49) (58 50) 78 60 (53 30) 8 (31 68 79) (33 4 15 65 47) (32 77 57 48 10 12 1) 11 28 38 41 70 36 (5 66) 17 51 (27 62) (6 44) (21 61 37) 18 (74 67) (13 9) 64 25 20 71 (26 56) 80
14: 65
15: (73 21 17) 37 6 (33 15) 25 (35 8)
16: (29 45 30)
17: (46 80 14 42 67) (47 45 34) 6 63 73 70 77 (27 39 30 18 52) 74 (64 22 44) 58 (56 31) (69 8) (24 50)
18: (35 11 80 33) (79 39 53 56) 71 (38 70 6) (9 54 25 2 29 60) (72 10) (68 65) 36 (15 8 46 44 41) 22 (30 64) 16 (21 34) 76 (49 47 59 62 12 51 73 27 37 58 7 61 77 45 55) (66 24 57) 28 (50 52) (19 13 26 20)
19: 33 (10 36 38) 42 37 (39 22) 32 65 6 (18 12)
20: (67 75 5 71 22 31) 17 (27 55 26 46 57 18 6 23) (66 21) 78 (54 24 13 74) 62
21: (54 23 60) (29 17 52 48 72 27) (73 19) 12 (50 58 66) 21 37 (35 10 6 40) 51 (78 64 70) 18 (46 44 5)
22: (43 31 35 41 50 14 10) (47 25 39 75) (60 49 37 45) (38 15 3) (70 48) (80 24) (55 5 63 17) (2 67 27 64 53 76) (22 44 69 59 65 34 12 61 32) (57 1) (68 29 66 23 11 30 7) 74 (28 54) 42 (71 6 52)
23: 14 74 21 (24 62 50) (44 63) (53 48 72) (45 51) (61 54 40) (58 43)
24: (37 33 79 19 35) 78 (18 47 52 26) 68 (56 4 28 31 17 80 39) (62 30) 70 23 (6 63) (20 48 40) (21 67 11) (10 75) (43 55 16 58 50 53 32 61) (8 72) (14 76 54) 2 (44 22 65) (12 9) 73 45 57 64 (59 5) 24 1 (38 25 74) 69 (51 46 42 29 71 36 7 13 41) 27 (77 60) 3 49
25: 58 (70 25) 32 (59 2) (3 44 43) (80 19)
26: (10 25) (4 32) (17 47 78 37) 44 (12 62 22 80) (45 2) (67 68 64 59 9 61 56) (43 18) (13 50 63) 74 30 (27 8) (66 40 52)
27: (80 28 38 17) (24 66 39 10 53) (46 73 21 40) (2 56) 7 (47 11 14 1 12 18) 34 69 27 (23 19) (60 16 43 75 58 25 26 20 77 44 51) 48 (65 15) 29 (32 55) 42 13 70 30 79 (54 9 4 62) (49 74) (35 63) (41 3 72) 68 (64 50 22) (76 36 5 71 67 33 78) 52 57
28: (74 66 9 47 6 21) 62 (4 25 19) 1 23 (32 5 16 18 11) (71 31 54 51 77) (49 42) (8 12 64) 75 (72 46 17 7 79 15) (80 52) (76 30) 27 (68 58) (43 13 14 69 28 65 39)
29: (36 8 6) (71 31) (5 52 13 70 73) (24 59 48 30) 43 (2 61 34 17 66) (62 14 68) (26 54) 1 (46 20 7 58) 79 (63 33) 16 64 74 19 (23 49 39) (29 38) 41 (40 3 42 10) (22 76 37) 56 (18 44) (50 11 80) (57 60) (15 12 47 9)
30: (25 4 51 16 65 27) (39 67 53) 35 69 10 (78 38) (6 43 75 3) (44 73 7 32 20) (40 29 60 77 74) (2 62) 61 (57 19) (22 30 64) 59 (66 1 45 34 12) 31 (80 63 14 5 8) (42 79) 56 (55 36 70 48)
31: (55 53) (40 74 39) 73 56 63 (48 54 72) (34 23 10 45) (61 77 28) (70 37) (21 24) 80 (30 71 5) 15 (57 13) 20 33 (2 76 17) 16 66 (36 4) 25 11 14 (60 78 47) (52 65) (19 64 29 7 27 1 69 62) 22 (67 41) 26
32: (76 13 19 39 6 50 79) (23 59 25 31) (60 24) (21 49) (20 52) (66 53 32 14 61 54) (65 2 33) (63 18 17 3) 56 (58 10 62 16 36 26 74 51 4 68)
33: (66 56 33 40 11) 36 63 (22 4) 39 38 (1 59 49 68 13 45 30) 42 16 (44 64) 48 8 75 67 55 (78 41) 12
34: 34 38 17 40 (18 39) 28 48 71 (11 13) (72 32) 56 (2 78 53 14) 22 (47 69 64) (20 7) 4 (49 23 9 26) (6 30 66 12) (42 3 31) 79 8 70 (67 51 1) (61 25 65 68 57) 80 (36 73)
35: (68 20) (43 47 46 67) 12 (59 23 62) (39 55 9 76 42 41 27 72) (14 4 3) 52 26 (69 16) 77 (5 33 73 51 66 54) (31 7) (28 21 58 57 48) (35 10) (40 65) (17 74) 18 (44 49 30 63) 32 64 15 70 (8 34) 6 1 (50 36)
36: 7 56 33 (79 30 8 26) 54 68 78 (62 80) 3 (46 74 63)
37: 42 (59 77 36 29) 5 8 (16 34 54 43 2) (76 58 9 71) (33 55) (39 13 12) (49 37 46) 14 (69 32) 52 17 (20 4) 75 (40 47) 48 (53 22 61 44 3) (31 51 74 21) (68 79 50 62 72 65) 41
38: 5 42 39 (29 58) (55 9) 10 (60 4 25 35) (20 80 1 68) (76 6 3 16 33 8) 47 43 75 (79 78) (48 50 63 34 38 22 11 74) (28 73 54) (23 41) 57 46
39: (72 74) (67 14 25 58 50 77 28) (38 52) (36 54) (16 8) (33 31 6 79) 55 71 46 (68 19 11) (2 24 69) (57 12 23) (49 35)
40: (9 6) (63 56) 25 78 (7 31 73 14 70) (15 49 58 21 53 66 29 39) (79 27 45 37 54) (48 23 51) (28 32 33 34 8 44) (59 24 1 74 76) 16 (80 52) (11 2) (3 61) (55 67) 75
41: 63 1 (31 46 65) 9 (74 80 55 24 16 18 72) 49 (43 50) (21 15) (28 48 27) (23 38) (40 58) (17 71)
42: (27 65 76 78 70 13 45) 39 (4 20 79 51 26) (69 55) (17 9 14 33) (30 18) 80 50 (77 42) 25
43: 11 (30 71 51) (31 72) (68 4 48 1 74) 39 (54 21) (78 13) 66 63 (57 52 9) (16 36) 40 27 (2 45 80 8) (42 7) 47 (55 23) 17 3 64 (67 10 65) 41 70 (58 75) (77 18 61 29 53) 37 (38 6 22 49 50 59) 46 (26 35 28 19 60 44 73 33) (62 24 5) (69 15 79) (76 20 25 56 34 43)
44: (48 56) (73 5) (32 49 23) 74 (76 15 79 38) 12 (36 67 7 20 75) 51 (22 37) 19 (13 11 52 62) (9 68) (8 16 57 80) 53 47 24 (55 46) (26 71) (3 78 39) 14 50 (69 58) (30 28 4) 10 (54 25 59) (60 1 61) 21 (43 31) (34 29) 63
45: 79 (47 8 48 50 65 60) (46 32) 30 58 27 52
46: 70 (75 73 60 65 7 28 8) (1 4 55) 78 61 (47 35) (67 33 77) (2 53 10 50 43) (54 48) 51 41 (16 12) (32 6) (46 57) (31 29) (25 34 21) (9 68)
47: (14 45 8 75) (20 46 68) (51 2 26 1 61 72) (70 48 21) (38 80) 15 (10 35 50 74 60 31) (36 62) 13 (28 5 25 58 55) (76 12) 11 69 39 27 (59 56 17 41) 79 (32 65) 43 54 (78 77 29) 34 52
48: 10 (72 45 51 41) 26 33 (23 77 65 19) 4 (73 14)
49: 63 (71 4 70 35) 19 (40 21) (74 60 37) (66 77) 32 (65 79 7) (43 38) (31 64) (5 39 68) 55 51 54 (53 75 80 3 22) (9 23 20 50 62) (61 78) (25 41 42 33) (10 73 49) 59 36 24 2 76 15 46
50: 59 44 29 62 77 (80 22) (18 68 14) 74
51: (23 35 33 57) 67 (5 21) (8 68) (24 6) 44 (47 55 9) (45 11) 59 (4 16 46) 27 54
52: (45 24 56 79 38) 23 33 (63 21) (39 29 1) (26 7) (72 61) 37 (64 62 60 74) (71 48 46 11) 12 31 6 68 (70 44) (41 16 67) (49 43 22)
53: (66 58 16) 50 14 (53 77) (13 43 49 27 52 63) (21 1 35) 3 (46 7 42 41 80) 48 (56 64 57 6) 28 54 (73 69) (61 9 22 55) (24 17) 29 75 (45 4 51) (36 23 76) (18 11 33 59 38) (67 44 70 2 37) 12 (72 74 60 10 71) (5 62 34) (78 79 40) 32 31
54: 62 22 35
55: (37 9) 21 (60 65 44 24)
56: (80 45)
57: (1 72 74 9) (77 64 69) (6 65 60) 71 (51 8) 17 (67 11 21) 24 (55 40 80 30) 32 (31 41 5 54) (12 56) (13 76 46) (39 49) (38 29) (66 10) (42 22 44 16 50) 35 (53 63) 7 (58 20 75 62 79) (78 70) 34 (68 45) 18 59 3 52 (57 28) (23 19) (36 37) (14 27 15) 4 61 (26 2) (48 73) (25 47) 43
58: (15 4 56 48) 13 (2 55) (69 51) 16 41 67 28 (66 12 71 40) (53 72 27 42 21) (14 74 34 32) 18 8 (43 17 75) (9 50 58) 44 70 6 39 (5 31) (52 29 64 79) 25 62 63 (23 73) (24 47) (11 49 59) (35 68 45) (77 3 78 60 80) (46 1 10 37) 20 (38 36 22)
59: (14 38) (79 34 60 2) 45 16 46 (10 29) 33 8 4 (63 44) (7 64 42 1 75 26) 67 (30 61 68) (23 65 40 12) 50 (53 6 71) 77 (5 48 76) 62 (31 17 21 22 47 28) (18 3) 54 (36 37) 32 39 (19 41) 9 (27 73 74 78 56 55 52) (24 13 69) 15
60: (56 1) (75 7 61) 2 40 (26 11) (57 72) (38 63 53 59) 73 (49 47 20)
61: (3 31) (43 33 57 27 5 41 40 35 51) 69 58 55 (62 47 11) (70 12 42 29) (60 1 25 32) 21 52 (68 67 74 36 44) 71 7 (16 38 63) (78 79 49 18) 24 (65 30 59) (73 45 9) (4 80 48 72 34 22) (19 17) 20 (77 6) 13 56 50 (23 76) (75 28 26) (15 10) 64 (8 66 14) 46
62: (10 2 34 36) (65 21 51) (37 59) 14 (27 56 38) (26 75) (73 15) (19 31) 40 (52 77 67 3 76 72) 45 12 66 50 (39 18 69) 58
63: (55 40 3) (78 19) (59 47 41) 22 (30 10 36 57 76) 35 (11 2 80) (16 69 56 17) 61 13 (38 7) (18 63) (45 50) (33 58 77 71 37) (75 46 25 54) 70 (51 21 34 1) 53 15 (44 6) 4 (73 28 49 5) 23 27 (42 20 72 9) 26
64: (26 45 11 48) 68 (59 34 67) (6 50 51) (36 15) 5 (28 38 70 13 61) 57 1 (46 30 4 75 63) (72 22) (55 17 25 19 78 62) (56 65 54) 35 23 (77 32 10 24) (31 74) 42 39 73 (20 66) (33 8) 49 52
65: 58 69 3 57 23 5 33 (25 75 46 61) (50 38 64) 48 (63 76 40 22) 12 (80 77 18) 35 (26 7) (8 20 13) (24 72 44 4 2) (53 73 42) 11 1 (16 28 79 56) (34 19) 59 65 67 21
66: (71 37 12 69) (36 75 32 40 66 7 26 1) 50 58 (45 13) 42 4 44 (65 67 41 28) (63 79 33) 31 (10 5) (78 38 27 61) 2 35 39 (14 25 73 77 80) (24 76) (52 51 54 22) 19 11 62 74 (43 49) (9 56 46 20 57) (3 68 8) (72 18) 23 (70 17) 48 (16 15 21 34 47 60) 6
67: (3 58) (21 42)
68: (39 4) (26 12 33) (44 19) (45 8 63) (61 22 70 1 59) (28 24) 11 2 49 (42 21) 37 15 (9 77) 53 (71 72 10 64 58 46) (79 17 51 75 13 62 73 55 57)
69: 43 13 (41 74) (77 57 22 5 61 25 54 3) (55 52 27 12 9 60 50 7 47 65 42 78) 14 (67 16 28 24) (29 23 35) (38 26) 79 (4 80 58) (1 18) 51 62 73 (71 45 49 66 15 40 19) 36 (8 64) 37 46 (70 11 10 2 30 31 72 32 53 56 21) 48 (59 17) (34 33 44 39 69 68) (63 76 75) 20 6
70: 63 67 (55 71) (9 36 50 62 39) 20 (25 49 33) 58 37 (1 42) 26
71: (11 20) (30 77) (78 25) (79 50 8) 69 (35 13 12 34 16) 27 (66 4) (1 5 58 63) 59 (45 18) (68 57) (70 21 6 19 36 9 31)
72: 10 43 (73 3 14 36) (9 47) (18 1) (67 72 16 22 50) 28 (6 40 37 45) 32 (79 34) (33 25 31 48) (59 24 26 35 61) 74 (54 17 75) (12 76 66) (23 78 30) (77 13) (70 21) (39 38 19) 58 57 49
73: 64 67 76 (79 1 66 11) (73 19) 65 74 28 39 61 54 (51 46 20 6) (40 27 7 33) (29 71) 9 24 (41 69) (62 22 57) (15 80 72) 53
74: 79 48 (17 34 46 4) 37
75: (1 70 11 6 69) (61 39) 24 5 31 (50 42 37 29 40) 76
76: (6 36 2 5 30 26) (41 21) 60 (14 7 51 72) 43 (77 47) (39 78 3 62 27) 8 (16 22) 52 32 (42 9) 56 48 (49 61 79) (12 65) (25 4) 23 (29 74) 58 11 46 (28 70) (53 67 31) 54 (40 76) 13 44 80 69 (19 18 55 64) (57 66) (45 33 71 10) 24 (68 73) (63 35 34) 15 38 (59 20 37) 1
77: 73 11 9 52 (79 41) (80 25 2 53 72) (62 69 64 6) 67 66 61 4 (46 43) 1 19 (77 56 34) 22 44 33 (14 71 7 27 45)
78: (43 27) (1 51 30) 58 21 59 (66 55 15 16) (9 45 38) (73 67)
79: 25 76 12 (49 34 44 79 71 45 38) (40 20 46 54 68 35) 69 53 (13 60 77 16 62 55 29 6 63 48 5 28) 66 (3 56 33 52 65) (21 67 78) (42 36 72 74 57 18 61 43) 39 (10 58) (24 31 9) (59 64 8 73 7)
80: 62 60 (58 45 56) (13 74)
1: 76 (73 38 34) 44 (66 2 60 58 27) (31 53 29) 57 30 (40 47) (33 24 59) 43 (11 12) (10 68 41 1 71) 69 13 63 77 (46 7 65 72 75) (8 5 28) (64 61) (52 70 6 35) 22 78
2: 5 12 47 77 (32 69) (29 22) (62 11) 76 (65 58) (25 39) (40 59) (60 63 31) (37 8) (24 66 43) (49 57) (34 18) (30 7) (46 26) (2 27 53) 68
3: 67 24 57 (53 62) 30 29 (11 44) (4 35) (72 37 27) (22 66) (63 59 38) (61 43 49 9 25) (76 2 58 34 36 40) 65 (79 32 69)
4: 74 (38 31) (61 26) 11 8 27 35 (48 42) 51 32 (77 24 5 64) 58 (13 57) (46 34) (69 63) (68 12 53 37) 76 66 (33 65) 59 (44 71 43 28) (49 2 30)
5: (6 37) (43 44) (75 63 35) 47 (57 69) 3 28 (30 1) (49 66) 79 (71 27 8) (5 12) (38 13 22) (31 64 59) (7 58) 2 (51 76) 65 (61 21 24 29 20) (11 53)
6: 75 (76 8 24 53 77) (18 72 28) 15 5 43 (2 63 57 79) (71 29) 17 (20 69) (51 22 61 52) (35 64) 6 (40 34 38 59 13) (46 73 19 9) (21 58 32) (12 30) (39 66)
7: 66 (34 53) 60 (36 2) (49 5 43 59 18) 31 24 (22 30) 28 44 (73 27 46 57 10 63 69 77 40 61 11 52 29 8 65) (79 6 76 35) 12
8: (64 39 18) (30 58 57 71 43 5 47 66) 61 36 (24 45 2 35 26) (34 69) (9 6 46 68) (13 79) (33 38 28 76 37) 17 44 15 51 (59 40) (65 29)
9: (71 35) (26 43 59) (42 44 49) 24 (58 72 70) (76 1 51 41) (9 18 7 6) 73 68 (79 28 5) 11 2 (69 61 53 55) (78 57) 12 (37 13 27) 77 (40 38) (46 4) (34 66 63 29)
10: (9 43) (21 46) (58 66) (64 18 26 47) (38 30) 12 (79 48) (10 62) (61 27) (44 5 11 8) (72 6 53) (22 29 19 31 49) (76 57 59) (2 13) (32 35 24 7 63 68) 69
11: (58 52) (76 18 44) (24 63) (33 38 43) 9 (6 27 71 29 64 69 11 75 65 60) 77 73 (31 8) 34 (57 47) (7 13 4) 61 2 66 (53 39 22 40 51) (28 5) 68
12: 34 (65 13) 44 52 58 (47 26 66) (72 18 39) 57 (61 35 22 79 5) (46 69 8 21) 6 (19 11 76) (2 71 62 4 1) (68 28 29) (9 53 59) (33 30 27) (24 37 7)
13: (44 31 32 63 6) 33 (71 12 5) (58 61) (57 4) (65 29) (8 66 42) (47 28) (68 37) 26 27 (20 76) 53 (18 64) 34 (79 13 69) 59 24 72 7 80 43
14: 62 (5 69 53) (61 66 37 77 47) 6 (42 17 48) (31 1 11 57 9) (27 59 8) 28 (39 22 12 35 3 34 23 58) 44 (76 29 24) (32 40 30 2) 50 72
15: (57 11) (15 44) (29 47) (58 62 5 61 10 12 41 28 27 63) 43 (7 49 18 31 68 73 6 59 66 40) 22 69 64 (8 2 35) 13 (78 76)
16: (57 12) 51 (53 7) (63 65 29 58) (72 37 1) (27 78 5) (41 71 18) (2 46) (40 35) 66 32 59 (33 9 69 61 39 4 79 10 44) (76 28 11) (8 43 38 31 24 30) 52 6
17: (61 43) (66 47 15) (21 20 35 58) (26 42) 57 (41 64) 27 9 (63 32 59 69 13) (31 28) (53 24 37) (29 34) (5 72 12 1) 22 68 (4 7) 74
18: (6 12) (41 59 34 8 5) 76 (79 24 72 42 9 35) 32 (66 21) (61 62 29) (10 43 53 19) (65 57) 69 50 (27 71 13 20) (2 17 26 58) 11 63 28
19: (6 65 66 10 27 63) (44 77 73 2 24 61) (29 25 5 12 7) 62 (71 4) (18 57 64 48) 11 30 (32 68 39 59) (21 43 31 76 72 8) (69 49 28)
20: (66 8 71) (73 65) (32 42) 24 7 (58 43 34) (37 30 5) (29 57) (18 38 61) 13 (63 44) 27 (6 49) 2 (31 76) (47 70) 4 64 (60 79 69 35 1 12)
21: (13 63) (43 2 31) 9 (24 44) 4 27 (35 47) 10 71 (40 46 8) (66 28 53) (67 49) 15 (79 41) (18 3) (51 72 61) (52 65 12 69 37 59) (32 21 5 62) 55 (57 68) 20 (58 6) 23 76 (11 78)
22: (20 19 68) (77 52 30 64) (9 76 66 53 44 18) (2 27 38 8 5 57) 12 (73 43 63) (69 49) 31 (50 11 37 7 6) (54 17) (61 72 22) (59 34 26) (58 29) (24 65 33)
23: 66 (53 41 69 27) 11 (61 44 52 49 1) 32 (48 58 12 59 34 6 72) (5 76) 65 (24 64) 38 2 28 21 (13 22) 29 (31 35) 63 (39 51) 20 57 (40 43)
24: 55 57 59 23 52 (44 79 61 29) 39 53 (20 5 64 9) (32 43 22 31 72 76 24) 11 58 (17 40) 12 (66 49) 73 (7 13 51 68 18) (3 69 65) (2 75 6 41) 27
25: (31 49) 40 (70 71) 24 (47 64) 18 (27 38 2 44 9) (30 22 46 39 69) 42 25 (5 32) (58 65 79 43) 15 13 57 28 66 11 76 6 (77 26 7 61 34 10) (63 72)
26: (60 35) (9 18 24) 70 (6 11 31 76 5) 34 (63 69 43) (29 48) (52 36 7 64) (8 61) 65 (62 44) (42 20 2) 59 66 (12 27 3 47) (13 72 32 68) 57
27: (71 40) 66 59 (18 76 41) (42 45) (8 30 73 31) 6 69 (27 4 21 78 63 58 53 22) (47 61 9 26 35 28) 57 (12 51 24 43 10 17) 7 5 (62 77) (13 20)
28: (64 57) (66 34) 6 (53 18 47) (11 43 72 27) (44 28) (46 41 31 76) (9 12) 5 79 (39 68 24) 2 59 38 73 (61 63) 22 (13 69 65 40 1 58 35)
29: (76 75) (18 29) (52 69 9 61) 79 37 16 (7 57) 40 (58 24 5 53 50 44) 43 (47 6 73 27) (59 38 11) 30 (22 31) (46 21 2 12)
30: 33 (69 27) 18 42 (30 2 12 64 59) 44 5 26 (43 24) (57 72 63 17) (71 76 61 13 6 1) (10 35 28) (7 34 31) (29 45) (22 11 16) (8 36) 78
31: 7 (44 40) (39 5) (37 32 47) (8 71) (10 6) (64 4 58) 17 1 2 (46 75) (24 52) 57 29 (72 34) 62 (76 35) 20 (28 79 69 41 59 66 22 43) (53 30 61 49 13)
32: (26 59 5 12) (61 37 22 32 6 64) 25 (10 9) (28 47 13 53) (69 44 46) (24 27 57 72 58) 76 (30 35) (11 8) 49 45 (40 66) 19 (2 34)
33: 38 (35 11) 61 (29 2 79 65) (3 13 46 24 37 48 68) 1 5 (59 32 15 18 36) (52 53 43) 40 49 (76 12 4) 6 77 64 (63 51 73 19 31 39) 72 (7 69 66 70) (42 9 33 27)
34: (72 35 79 17) (69 61 59) (47 74 66 27 6 9) 53 22 64 65 (37 62) (31 30 71 76 29 34) (57 7) (58 2) (63 11 40) (77 44 46) (8 18) 12 43 38
35: (65 38 43) 5 (15 27 18 35) (57 61 24 64 51) 46 7 (47 22) 76 63 (71 49) (21 53) (9 79 69 72) 39 (66 58) 6 (54 30)
36: 53 (27 64 24) 31 61 (5 58 63) (66 7) (39 18 57 37) (32 35 79) (19 47 6) (59 13) 4 (30 76 62) (44 9) (69 33 71) (12 29) (43 34 72 49 70)
37: (62 18 40 11 5) (22 69 12) (59 19 72 58) (49 44) 10 55 (9 52) (43 66 76) (31 26 21 8 37 57) (13 6) (7 63) (2 24) (74 53) 15 70 68 75 29
38: 22 38 (52 39) 60 49 44 (43 30 24) 47 (2 12 78 13) 10 61 (6 72 65) 34 8 (64 59 7 62) (5 53) (4 9 66 19 57) (63 18 79 76) 58 11 (29 41 69) 33 27
39: (58 38) (34 7 22 29) (1 32 69) 33 (68 28 43 19) 17 (73 59 31) 5 (75 35) 18 (79 72) 70 (62 24 49 27 44) 64 47 (12 30 40 11 37 76 52 2 66 42 8 57)
40: 2 66 12 26 (73 57 21) (61 58 63 34) (60 72 5) 4 75 62 (59 35 27 69) 53 29 (37 76) (79 33 24 11 7) (49 41) 65 (23 8 43) 6 (30 31)
41: 43 (66 2 46 61 35 76 63) 38 (48 27) 77 69 (13 52) (29 5) (6 33) (31 8) 73 (18 57 47) (59 22) (58 24 37) 53 49
42: (63 22 43 79 57) 5 (66 53) 69 (28 70) 12 (38 30) 17 (10 3 64) (37 35 29) (19 75) (42 76 59 24 61 11 7 27 33) 49 (1 67 34 65) 8 4 (6 68) (58 2)
43: (57 47 79 38) (69 49) (25 44 46 26 77 23 27 29) 2 (52 6) (61 66 72) 43 (76 28) (24 53 11 78 58 5 8) (41 37 22 30 35)
44: 53 29 (21 43 23) (25 40 52 6) (26 50) 51 13 17 (5 63 9 35) (57 22 65 66 7) (8 58 30) 79 33 18 12 (69 55 2) (76 77 37) 59 (27 68 24 1 61)
45: 26 (51 78 71) (63 58) 16 (72 79 53 47) (31 23 69) (30 18) 56 4 52 66 (48 42) (64 61 33 43 7) 80 (6 11 5) (76 62 8 68 24 12 40 2 17 22 57 59) 77
46: (35 79) (11 47 63 29) (8 77) 27 73 65 17 (21 52 37 6) (36 76 5 38 2 28 61 20) 64 45 (46 39) 9 (4 66 53) (51 44) 43 41 (7 49) (58 24 69 18 57 68) (74 59 12)
47: 43 63 (4 12 69 31 10) (60 2 6) (18 76 5 35 28) (72 38 8) 22 (58 13 34 66 29) 59 (27 45 26 57) (61 17 46 44 7) 37 51 24
48: (74 37) (29 12 11 52 21 46) (31 13 5) 27 (34 35 40 22) (2 57 41) (61 10) (69 76) (7 58 23) (9 47 59 44 53) (72 79 43 24) (65 33 38) 6 (30 64) (45 66)
49: (39 24) (9 32) 28 (69 33) 13 (58 8 60 41 70 63 37) 12 (18 64 49 34) 2 79 (27 5) (35 43 6 68 76) (61 29 40 53 22 44 66 52 72) 57
50: (39 24 43) (59 32 26) (64 8 41) (6 62) (44 72) (61 57) 45 1 29 (69 37 42) (7 18 17) (12 21) (75 71) 66 (53 2) (65 13 11) 5 (27 22 58) 63 (47 4 49 23 35 46 70 38)
51: (68 35 28 44 42 58 30 69) 27 66 46 21 (13 57 37) (61 47 49 64) 63 23 53 48 (62 43 4 5) 32 (2 34 18) (3 6) (76 9) (40 24 11 73 78)
52: 28 24 (57 76) 53 64 62 (40 58 21 66) 44 5 26 12 (45 11) 39 7 27 (43 6) 47 (31 77) (18 79) (35 22) 59 29 (9 17 4) 32 69 (61 2 37 1) 8
53: 59 30 (57 79 49 46) (58 37) (13 24 32 18) 43 53 (5 40) (34 60 12 65 22 23 27) (7 1) 77 (2 63) 69 68 (9 44) (31 4) (73 11 76 8)
54: 2 (44 73 64) (12 9 8) (72 28) 66 (37 43) (31 69 23 63) (27 29 22 51) (38 40 7 32 59) 57 (49 18) 76 (6 35 21) 20 (53 11 36) (46 47 39 24 79)
55: 44 (41 68 42 35) 12 (31 37 49 30) 78 (57 9 38) (4 5) 40 (43 58) (61 1 64) (33 46) (11 18 24 59 79 63) (76 51) (27 47 53 69 6 7 22 70 2 20) 39
56: 58 (43 57) 44 12 (11 5) 26 (80 36 79) 59 (76 29) 52 (32 33 40) 53 13 77 69 18 (6 27) (47 10 62) (34 31 60) 61 (63 66 30 65 17 64) 24
57: (79 60) (68 61 24 65 73 31) (63 72 53) 35 (66 22 11 30 57) (46 64 13 44 43 18) (2 27) (29 5) (12 20 71) 38 (51 69 76) 34 39
58: 70 (5 67 80 47) 27 (63 12 69 17 53 11 58) (76 57) (72 18) (62 65) 68 29 71 (21 41 25 79) 43 28 (61 7) (13 38) (39 44 66) (32 37) (6 24) 45 40 (35 23) 2 78
59: (78 12 11 64) (47 71 50) (22 63 44 62 37 61 79 6 9) (8 60 58 35) (72 25 18 76) (5 26) (2 49) (51 33 24) (40 57) (65 1 32) 53 43 (30 68) (69 29)
60: (58 57) (5 13 24 4 18 8 6) 27 (12 7 38 47 80 45 1 2) (69 76) 29 (31 61 66) 43 30 (49 53 44 59) (32 46 22 21 79 55) 52
61: (77 32) (4 73 57 60) (30 37 26 6 43) 66 (49 76 46 44) (75 59) 72 5 (22 69 13 8 12) 34 (63 24 68 65 47 64 29 40 2) 53 (52 18 31 23 79) 7
62: 66 76 (37 8 28) 79 (2 59) (30 5 50 24 64 47 77 49 29 58 69 12 54 35) (18 36 31) (52 73 26) (27 80) 68 57 (44 13 20) (32 70 23) (61 53 43)
63: 64 57 (17 40) 27 6 11 (30 43) 66 (70 38) (29 36) (60 2 58) 32 (41 53 71 65) (49 63 69) (4 24 5 52) 68 12 (59 76 35) (8 33 44 22 7) (61 9 26 79) (23 31)
64: (43 35 17) 2 12 79 (76 30) (11 49 5 3 58) 18 (26 29 52) 68 28 (13 34 27 69 31 73 53 22 57 24 77) (59 8) (33 65) 7 (61 10 21)
65: (73 76 79) (45 2 18 41 5) 24 49 11 (47 28) (37 14) 65 (43 12 66) (62 22) 48 (64 13 46 34 59) (35 57 19) 8 55 (61 27 6) (32 31) 42 69 30
66: 61 30 (43 71 7) (78 32 13 11) 12 (27 66) (5 69) 33 57 (49 72 79 20) (77 58 18) (53 8 31 34 28) 29 62 (64 6) (22 21) (40 26 35 76 2) 73
67: (24 57) 13 (73 20) (11 31 33 30 46 53) (39 5 69) (4 17 64 43) (78 27 65 44) 35 12 9 66 62 59 70 61 (72 76) (52 2 26 51) 10 22 77 (79 58 40 34)
68: (64 46) 28 (39 50 22 47 18 6 13) 1 (57 52 34 27 12) (38 61) 35 76 49 43 24 (79 5 58 32) 51 (33 44) (2 59 69) 4 (26 66) 7 36 (8 71) (37 29)
69: (8 2) 17 34 (61 31 69 4 9) (7 35 73 59 24 62 79) (53 28) (39 44) 66 (71 63 47 77 75 58) (30 5 37 43 42 57) 65 76 27 10 (11 22)
70: 43 (17 9) (31 49 25 5 6) (58 61) (72 47 8 64 53 24 42 71 46) (18 35) 11 (66 27) 13 (76 2) (63 68) (34 75 57 22 52 21 29 69) (40 30 12 4)
71: (28 53 39) 68 77 (69 73 52) (29 6) (41 58 20 11 22) 13 (27 12) (24 34) (44 31 18 79 59) (70 57 49 66 5) (2 37) 63 (43 76 61)
72: 9 63 (39 53) 35 (24 69 47 61) (21 43) 72 76 23 77 (58 37 27) 41 79 (7 28) 6 (10 34 52 5) 48 12 (66 65) 4 (31 18 8 73 2 60) 68 57 (62 64)
73: (63 76) 1 (62 5 15 68 69) (60 27 73 65 4) (8 7 40) (44 6 48 59) (24 64 18 66) (49 46) (57 79) 78 (77 11) (17 43) 29 (61 35 21 34 72) (31 38) 9 (53 10 30 58) (2 12)
74: 58 28 29 (80 44 57 3 64) 17 (73 37 32 5 31) 59 (39 41) (24 38 50) (23 66 22 40) (69 61) 2 (26 47 20 43) (13 36) 7 72 (76 35 79) (53 11 27 52 30) (6 49)
75: (28 43) (63 57) (62 9 38 72) (11 12 47) 66 (8 40) 60 (64 69) (6 53 46) (30 1 59 24) 58 (33 22) (61 5 44) (65 49) 2 (10 68) (37 27 20)
76: (61 66 35) (75 42) (29 32 62 2 38 43 49) (79 1) (5 27 12 28 57 9) (6 11 37 40 24 18 72) 69 59 (31 65) (63 44 47 73 53) (76 22)
77: 76 (71 27 1) (72 66 28 63 10 49) (58 48 61 59 46) 77 2 (68 42 5) 31 37 69 (13 57 24 17 8) (30 79) 47 (35 64 62) (6 43) (65 50) (53 4 39) 18
78: (27 79 33 76 34 59 49 5) (24 46 53 61) (72 63) (8 44 30 12 36 38) 47 (71 1) (64 43 21 42) 26 66 (31 69) 20 (58 13) 40 57
79: (65 53 59 28) (72 40 2) (18 69) (42 52 58 13) 39 (43 61 34 24) 74 (32 57 47 27) (29 66 76 45 77) (9 73) (5 68 7) 37 (79 36) 38 8 30 (11 44 49 71)
80: (69 47 53) (43 57) (1 44) (27 13 49) (38 22 18 42) (58 2 6 17 29 26 5 8) (30 41) 76 7 66 (56 61 36) 77 34 9 65 (25 63) (12 73 4 40 31) 50 (28 24)
