80 80
1: (44 15) (5 35 75 38) (58 60) 56 (55 62) (33 78) 52 (2 77 70 26 14) 49 20 (43 41 29 65) (68 8 24 13 17 4) (19 63) (51 48 76 28 34) (46 53 74) (18 27 61) (67 23 40) 39 21 (10 16 42) (66 59) (3 30) 1 (7 45 69 36)
2: 16 57 26 68 76 (74 49 67) 11 70 (41 10)
3: (15 30) 27 (43 62 19) 59 (69 7)
4: (25 47) (76 64) (21 67) (59 55) (33 61 68 46 41)
5: (67 38 39 5 18) 60 64 (63 51 11 72) 24 (35 26) 2 55 80 76 6 (56 41 75) (7 45 78 34 9 3) (79 22) 53 (70 42) 1 (48 15 77) (49 66 61 12 36 30 47 32 37) 54 50 14 (19 68 74) (20 73) 33 21 (29 28 17) (69 40) 8 (71 4 43 44 46) 59 (27 16) 31 25
6: (68 77 52 64 30) 69 9 34 54 4 (55 50) (72 39 56) (57 15 60) 63 (31 65 59) (29 7) 73 (40 47 17) 71 23 (12 37 22) 28 26 41 (27 78 16 25)
7: (50 68) 44 49 2 (13 59 43 74) (34 56 55) 25 (21 40) 45 10 51 6 38 57 53 37 (78 18 46 24) 19 (62 75 22) (42 35 39) (3 41) (36 31 71) 73 76 (23 72 1 30 79 11)
8: (36 42) (51 22 21) (71 10 37) (65 2 77) (33 5) 30 16 (57 64 3) (26 20 4 38) (17 56) (62 58 73) 9 (13 31) (45 47 24) 7 (78 69) (53 72 44 1) 59 (15 12) (50 70 48) (34 29 32 18 67) (11 60 25) 23 (41 68 79) 28 (43 52) (14 54 19) 46 75 (63 49 8)
9: (7 5) (33 13 15) 58 (16 74) 11 64 79 28 (72 10 45) 9 26 51 21 (20 36) 24 (73 77) (55 76) 42 (41 47 27) 61 49 (70 25 34 60 63 38)
10: (42 13 74) (78 30) 76 (57 67) (51 63 80 5) (1 71) 10 59 29 47 37 (22 19) 9 33 (17 38 77 21)
11: 1 (70 27) 26 (51 25 55 75 58) (73 36 29 12) (49 74 6 69) (45 38 8 18 60 43 11 19 62) (78 17) 10 (77 9 22 68 24) (34 59 2) (15 30) (79 3 28 64) 63 53
12: (66 65) 43 (26 54) (41 12 33 3) (46 21) (74 34) (40 78 53) (31 76) (29 7 50) 14 9 (4 24 47 18) (42 23) 13 (44 79) 49 (80 67) (22 55 68) (2 75) (36 1 11 51) (39 5 70 73)
13: (35 10 2 27) (45 52 19) (14 18) 13 (73 29 32 48) 62 (22 8 11 17) 15 (61 4 65 38) (80 77 37 28 39 72 44) (34 66) (56 60 59) 43 (71 41) 6 3 (78 42 58 5 49) (64 24) 46 (33 25 69 36) 20 57 (21 26) (47 67 63) (30 75 12) 53 74 (70 40) (50 68) (55 31 7) (76 16 23 51) 9
14: (28 59 50 23) (43 35 57 21) (77 52 74) (62 8 51) (2 58 34 68)
15: (13 7 78 30 17) (52 35 22) (24 43 3) 14 (49 16) (79 41 39 5 58) (15 65 12 50 40 47) 18 70 21 (9 19) 8 27 59 (33 64) (45 42) (77 29 53) 28 61 31 74 20 55 36 (2 25 80 23) 71 (66 32 69) (51 38) (68 34) (48 56) (11 26 76 4 10)
16: (24 74 7 30 26) (35 75 18 39) (36 65 2 42 43) 78 (80 64 22 48) 29 17 (15 9) 13 (46 66 72 57) 77 14 (21 11) (6 73 50) (69 4) 61 (45 44 53 58 16) 27 (10 55 41) (34 67)
17: (77 63 10 53 57 35 26 5) (49 1 59)
18: 66 (51 1 65) (61 34 55) (75 60 45) 54
19: (25 21) 36 (48 23) 57 62 67 68 (35 75) (11 65 17 54 14 59) 71 6 (49 18 60) (52 37 26) (53 5 64) (15 7 44) (61 24 56) 29 12 13 (30 70) 38 (63 80 55 20) (72 76 58) (22 77 66 51) 42 (41 73) (34 45 40) (2 43) 79 16
20: (31 2) (73 52 35 76) 71 (3 70 30 66 65 21 22)
21: 6 (58 2) 24 61 52 15 (48 20) (16 17 72 22 46 47 12) (53 63 74 73 70 55 68) 41 51 32 (67 26) (19 66) (31 30 33 37) (9 54 71 10 18) (43 5) (36 75 76) 42 (69 45) 25 21 (50 60) 28 44
22: 53 (51 29) 47 (7 60 69 37) 26 (80 58 70 5 50 34 6 32) (63 44) (52 21 15 46 36 42 11 61) (10 16) (17 2) (33 19 48 75 64 66 1) (38 45 13 76 72 24) (43 79 49 54 62) (77 25 57 9 8 59 39 56) (35 23)
23: 25 (71 15) (44 14 59) (70 79 35 10) (11 75) (56 65 54 28 34) (77 7)
24: 55 (29 62 53) (78 5) (8 18 19) 56 (31 22 42 57) 80 (46 9) (50 63 43 23) 65 33 73 1 (2 12 45 13 68 79)
25: (5 36) (63 12 72 1 9 47 18) (70 56 39 69) 66 (44 6) (33 60 35) (25 27 38) 74 (75 41 11) (24 71 17 40 4 51 30 73 52 57 26 20) 19 (53 80 37) 15 (79 14) 3 (2 54 42 43 76) (13 50) 28 45 22
26: (51 55) 38 67 26
27: (80 18 60 77 76) (33 57 53 6 54) (17 14) (39 27 55 30 15 74) (73 66) 46 5 (71 64 47 78 72) (13 56 22 67) 19 26 40 (32 41) (9 23 75 63 28 48 65 3) (45 50 36 37 59) 38 (51 29 79 69 11 61) (8 62 2 49 10) 70 (52 58) (20 12) (42 43) 24 (4 25 35)
28: (1 16) 11 57 61 59 5 (10 47 46) (67 8 7) 41 (12 50 26 45 3 75) 62 30 (22 70) (80 14) 64 40 (44 35) (43 54 78) (4 49) (29 79) (66 6)
29: 30 (21 5 55) (35 63 33) 10 37 27 (80 11) (74 65 62 69 17 41) 9 38 (7 32 78)
30: (51 68) (29 42 31 52 73) (70 32)
31: (55 64) 63 (45 51) (34 57) 41 10 (68 61 47) 6 36 30 67 56 8 (76 66 12 74 53 29 43 59 2 7) (4 19 11) 35 75 (44 24 21) (20 17) 23 70 52 (33 54) (13 16) (78 50 42 40 38 28 73 9 31 49 1) (58 65 71 60) (80 32) 22 (69 5) 72
32: (71 63) (21 62 66 30 14 11) (39 7 34 52 70 79 36 24 75 46) (67 77) 56 (73 60) (6 9 49) 29 (54 5 65 3 72 55) (12 32 53 19) 26 (33 47) 64
33: (37 1 55 72) 17 46 (42 35 79) (61 47) (24 62 66 60) 67 (19 12 54 22 53) 5 (39 40 6 15 41 43 13 14) 36 80 (57 9 16 11 73 44 52 71 20 50 28) 74 (29 63 10) 77 (33 3 69) 48 8 (27 21 65 32 64) 18 68 (78 59 51) 26 76 (30 7 45) 4 38 56 (25 2) (58 23)
34: (32 62 53 43) (10 15 74 71 21) 68 69 (35 40 34) 2 (76 52 64 28) (3 50 19 4 38 57) (48 8 33 61 30 54 9 79 72 44 31 24) 37 51 (70 75 29 26 78) (42 46 65 13) 20 (14 63 11) 47 (55 49 18) 66 (23 12) 36 16 60 45 (77 7 58 6 41) 59 (25 5 56 22 73) (17 27)
35: 1 (11 14 8) (63 12) (67 53) 38 49 65 25 (23 70 48) 32 71 37 (10 7 29 13 56 79) (35 27 15 3 52) 24 4 39 (68 55) (64 31 16 57 34 61 47 2 42 77) 33 (36 76) 19 5 28 (78 50) 20 75 43 6 18
36: (73 72 38 76 61 29) 18 (57 16) (40 71) (52 15 1 78) (13 34 66 69 63 26 20 2) (28 65 42 39) (37 80) 53 (17 31 8) (56 36 12 62) (11 68) (19 64) (74 50) 35 10 (6 67 32) (43 25 77)
37: (26 65 19 56 24 3 44 69 4) 34 6 50 (60 43 33 25) 64 (54 28 46) (8 30) (72 66) (80 1) (7 39 11 14) (10 68 38 55 48) (49 23 37 78 17) 47 9 52 (36 53)
38: 44 9 (8 56 10 50 79 29) (41 63 18 64 39 14) (40 35) (46 13 43 31 58) 28 (52 33 2) (69 62) 54 (26 72) (73 66) (23 45) (37 27 53 78 24 68) (1 60) 15 (3 36 55 48) (61 77 75 4 76) 65 (19 16) (59 80 6) 71 74 70 (5 49 38 17)
39: (14 47 61 30) 17 (25 62 32) 29 (19 9 68 26) 79 6 (70 36) (80 67 63 12 66 10 73) (49 55 76 20) (72 35 59)
40: (66 37 20 4) (35 59 38 48 57) (60 80) 42 (10 36 65) (71 18 33 79 49 19) 69 (16 55) 31 78 1 13 (34 11) (27 62 25) (32 6 30 17 70 64) 77 29 26 (40 50 76 63 23 45 52) 22 41 (67 3 7) (15 54)
41: (75 19) 41 (80 77 6 52 10 50) 34 (51 67 25) (30 16)
42: (59 76 44) (9 27 21 48) (34 62 11 15 31 52 42 37) (66 47 38) (53 36 3 8 56 78 23) (51 1) 39 63 (55 4) (43 71 28) 41 (24 25) (22 14 7 57 32) (50 64) 80 (2 74) (70 40 16 49 67 33 10 65 77 6 5 75) (18 69 35 30 29 17 60 79) (13 54 72 68 20 46 19 61 12)
43: (55 60 29) (12 38 8 37 18) (3 48) (41 61) (69 39 58) (63 19) (34 25) (17 70 44) 54 52 45 (40 23) (7 10) 21 (76 75 66 71) (36 47) 79 6 (14 24 15) 27 13 32 (20 64 46) (77 57 2 35 28 49 68 78 31)
44: 20 18 56 36 76 (25 80) 63 (17 73 69) (13 72 40 58 51 53) (12 23 52) 44 (14 57) (41 8 60 54) 5 (22 48 79 1) (2 75) (70 16 66) (28 67) 68 (77 29 55 7 27 46 71) 9 35 (78 19 4 32) (61 65 30) 47 (43 33 21) 42 45 (6 31 3) (59 10 62 38) (49 26) 39 (11 37 74 34 24 50 15)
45: (15 22 2 7) (58 23 13 8 25 75) 49 (72 18) 55 (38 68 50 54) (5 36 78) (48 63 12 61) 14 31 9 28 (70 46 16 3) (34 52 66) (40 43)
46: (20 56 19 15) (23 33) 29 57 (76 50 6) 36 71 2 (7 65) (79 62) (46 52 60 58 77 39 21 61 24 3) (31 11)
47: (25 26 70 1 48) 68 (39 8) 9 (56 46 76 19 79)
48: 30 61 (13 41 59) 63 (47 22) (4 62 17 74 21) (54 58) (46 44) (18 36 5) 37 48 (9 66) (56 75 68 51 27) (43 49 50)
49: 1 51 (5 8) (2 10) (41 43 69 45 19) 3 37 20 (33 22 24 7 72) (57 27) 70 (60 18) (75 30 77 63 40 12) (15 9) (66 31) 28 (25 38 16 54) (65 71 46 23 48 53) (67 17)
50: 61 29 (48 9 22) (13 52 18) (76 46) (69 5 17) 75 47 6 (70 26 59 40) (34 73) 3 (78 49 44) (62 71)
51: 63 47 (9 68 77 1) 28 (40 43) (57 46 44 16 26 67 45 35 39 31 2) 73 (4 29 37 65) (66 5) (22 51 48) (75 3 42) (14 10) 20 (71 38) (24 19 11 25 18) (17 70 23 50 72) 34 21 (27 69 52 54) 33 59 (32 30 64 8 49) (56 15 60 74) (78 80 76) 55 7
52: (39 69 77) (2 75) 54 (76 13) 59 (30 72) (56 22) (28 35 5 27 55 15 65) 1 (25 66 16 21) 34 (23 32) (74 78 63 71 53) (50 48 8 62 60) (79 26 36 57 11) 64 41 (24 40 47 9 51) (31 49 10 4 37) (33 52) 20 38 (18 58) (67 46) (14 68 7 3 73) 70 (80 12) (44 42)
53: (44 37 17) 32 63 29 49 (65 43 8 33) (40 7 53 70 21) (41 75) 68 30 (28 31 62) 80 60 (35 6 16) 13 (56 1 58 71) 78 (4 12 57 27) 55 59 (48 9 22) (61 46) (42 15 20)
54: 44 61 (71 62) (55 33 39) (42 47 41 53 69 68 18 25 52 32 36 22) 38 (29 23 8) (5 56 31 24) 75 (64 7 58) (9 28 19) (57 3 34) 51 (16 54) (78 12)
55: 76 (28 35 60) 70 (5 12 20 67 7 47) (42 66) 50 68 (25 15 59 80) (56 38 62) (75 1) 16 (51 22 44) 30 77 (71 3 72 17 63 41 24 13 43) (53 26) (52 29) (19 4 32 6 69) 31
56: (30 5 56) (58 3 49) (12 53) 25 4 57 63 (21 2) 1 (80 40) 22
57: 70 (7 50 72) 64 (68 19 48 30 73) (16 63) 52 (14 10) (47 77 18 44 15) (43 39 80 54 51 29 34 9) (66 22 21 33)
58: (56 6 30 75) (10 69) 43
59: 1 (23 12) 4 48 (53 68) (52 76) (69 55) (62 74 27) 16 (49 59 22) 13 (15 66) 79 (6 40) (29 46 64 63)
60: (1 68 18 20) (24 17 31) (4 65) 75 (74 54 44 66 58 63 21 59 27 42 53 29 6 22) (13 37) 11 30 (62 67) (47 38 46 55 12 70) (40 2) (43 60) (26 52 76 35) (64 9 61 56 51 34 7 41) 45 (49 8 28) (50 23) 25 78 3 77 (73 80 36 48) 69 (10 19 15) 39 (72 33 32 79) 71 14 57 (16 5)
61: (78 68 10 66) 59 (11 62 70 58) (6 4 79 73) (34 21 42 16 22) (28 15 63) (76 40 26 27 51 14) 67 (44 2 8 46 69) 75 (20 57) (24 37) 17 30 13 (5 9 32) (72 35 43) 12 60 (54 61) (39 18 38 56 48) (74 71 45 80 53) 41 (36 29) 49 (77 55 23 19) (25 52) 47 1 3 (64 7) (33 65 31)
62: (50 58 52 74 22 37 79 42 76) 53 (35 65 19) (9 39) (30 7 44) (11 31) (20 62) (14 60 28 27 6) (2 57) 34 (59 24) 18 (55 49 41 46 17) 10 15
63: (4 27 76 39 68 52 79 50 48) 10 36 1 (43 8 28 30) (23 55 2 60 15) 70 (73 78 56) (6 26)
64: 20 (70 8) (27 72 62) 74 26 79 (48 33 34) (38 77 25) 23 (4 7 47 43 45) (58 30 51) (29 73 44 3 6) (76 10) 55 37 (69 21) 36 (56 75 2 9 66 57) 64 (11 16 63) (78 5) 14 (31 32) 15 (53 39 40) (80 13 41) 17 (42 46 68)
65: (40 61 22 50 20 32 24 23 63) (66 69) (76 53 44) 19 (60 30 41)
66: (46 40) (34 67) (26 70 49) (12 50) (15 21) (65 41) (54 55 61) (39 53 44) 72 (6 8 18) (37 48 24 60) (36 76 31 47) (66 45) 71 (33 7) (27 28 17 42 35) 73 (1 64) 20 43 (23 74) (59 56) 78 11 4 (25 19) 63 13 2 (52 3 30 38 32) 77 (75 29 22) (69 79 14 5 10 62 16) (80 51) 57
67: 38 74 (64 30 79 6 25 40) 70 (19 61) 63 13 (53 33) (37 58 75 76 23) (80 27 20 15 48 3 21) (5 68 49 34 10 24) 67 (43 71) 62 (28 31) (22 9 57 65 26 18) (12 16 14 73) (55 69) (8 39 42) 51 (1 50) (35 17 29) 56 (36 7) (11 47) (46 2 59 60 41 72 52 66)
68: (10 16) (21 6 65 50) (55 74) 79 (8 51) (67 59) (29 25 19 76 39) (52 71) 48
69: 17 (6 41 14 39) 62
70: (27 61) 54 (4 72 76 79) 66 (50 48 33 42 12) (35 21) (19 11) (59 26) 15 (8 58 29 24 30 16 10 63) (43 44 31) (57 60) (47 77 13) (45 23 34 7) (36 64 62) (14 28 74 71 73) 1 (2 25) (18 78 3 56)
71: (33 26) 16 (48 38 7) (20 10 30) (54 14 5 77 57 66 70 60 71) 34 (52 56 80 23 78 15) (42 29 17) 41 (11 36 62 75 68) (9 35 43) 73 (18 28 47) (3 74) (1 31 53) 4 55 25 19 (44 76 22 64 32 21) (40 24) (12 2) 37 (63 69 72 27 46 58 49) 79 (13 39 61 50 67 65)
72: (77 63 56) (34 35 45 31 78) (55 32 72) (38 3 47 71 20) 7 (60 22 8 59) 2 (54 36) (21 27 57) 6 (28 33 52) (75 23 48 5 41) 68 70
73: 34 (49 33) 29 51 32 16 75 (28 10) (63 13 6) 17 18 37 70 67 (2 39 3) (48 57 11 46 9 53) (1 27 8 35 19) (23 66) (62 5) (64 30 50) 31 (69 20 25 74)
74: (68 63) (36 70) 57 (3 60 72 53) 31 (29 22) (4 13 10 65 48) (26 1 62) 51 (32 77 79 34) 20 43 (24 59) 75 41 67 15 (37 6 73 8) 54 (50 12 71) (76 56 39) (19 33)
75: 35 (70 79 78 17 65) (32 51 12) 3 (40 14 55) (62 43 22) (20 24)
76: 47 12 (33 43 67) (19 26) (68 16 22) 37 20 23 (24 52) (56 8) 3 (72 39) 63 (71 57 17 28 61) 55 5 (51 65 35) 18 (30 21 2) 38 (49 44) 60 (6 73 50) (13 9 45 80) 1 (10 14 69)
77: 76 57 (56 64 29 42) (50 44 51) 46 (19 33 26 1) (75 63 23 15) (36 45 52 65 24) 79 27 (74 31 70 37) (41 53 40 71 54 17 18) (47 20) 9 (67 8 43) (72 35 38) 77 (58 32 55 10 34 68 5 13 62 30)
78: 63 (47 44 54 43 27 75)
79: (35 45) (29 7 61) 72 54 59 (52 18) (70 16) (34 71 69 47 13) 5 73 26
80: (21 65 23 44 71) 45 (31 80 6) (52 24 79 1) (38 22) (49 68 48 63) (59 78 64) (39 53) 2 16 (73 57) (41 10 13 58 11 20) 62
1: 63 52 38 (76 35) (36 61 18) (51 49 40 7 11) 53 (25 8) 80 (22 56 33) (12 5 55 77) (47 44) 10 66 (37 24) (74 60 73 17 31) 1 (71 70 28) 59 67 42
2: (20 11) 44 56 (72 5) (38 42) 46 25 (36 34 27 16) 66 (15 33) (7 12 80) (71 76 1 67 45) 43 35 (64 49 70) 73 19 (13 60) 51 (14 8) 62 (52 61) (63 24) (21 31) 22
3: 73 (72 55 37) 54 (60 52 8 40 35 38) (43 32 11) (33 50) (5 45) 13 (75 67 7) 61 (34 56 46 25 64 42) (70 27) 66 (71 44) (51 49 1 20) (74 12 76 28 15)
4: (13 59 64 40 63) (12 16 53) 37 8 56 (1 35) (42 66 51 28 27 60 52) (31 6) (33 15) (5 34 38 25) 71 (55 70 74 61 48 44)
5: (17 48 71) 79 72 52 (33 5) 54 31 (22 38 55 60 64) (12 61 73 56 34 49) (19 67) 50 32 (76 42 15 10) 44 25 27 (66 13) (29 45 35 1 28) (77 9) (21 24 51) 8
6: (37 63) (34 64 40 66) (22 59 61 60) (36 62 46 21 44 11 31) (33 58) 41 (39 50) (13 67 32 76 80) (43 74) (68 42 53 16 38) (7 25 27 73) 72 (5 55 28 19) (69 35)
7: (45 32 44) 34 (57 5) (54 49 53 13 12) 35 3 (6 46 23 51 67 40) (70 9 62 19) (8 71) 37 52 (22 72 60) (33 29 15) 42 55 (79 66) 31 28 1 43 (64 61) 16
8: (35 70) (76 11) (61 54) (22 42 67 43 14 38 73) 5 (64 13 72 77 8) (37 31 45 52 51) 63 (33 53 74 44 28) 24 68 (15 49 60) (36 1) 27 47 (34 66)
9: (52 60) (33 67) (22 31) 8 (51 16 10) 39 (24 44) (54 27 5 45) 62 (29 25 37) 71 38 (53 12 73 64 21 50 11 49 32) (15 6 57 34) 13 (47 48) 76 (77 9 61) 42
10: 22 (7 63 44 43 76) 60 (62 35 71) 70 16 (23 10 8) (1 80) (64 74) 51 (77 31 61 67 33) (21 52 57 73 15) (66 17 58 37 34) (29 68) (41 49 36 40) (13 42) 9 (11 39 27 38 2) 28
11: 27 9 (2 16) (25 23) 46 (32 13 42 62 12 11 52 5) (31 33 29 19 40 28) (80 66 64 70) (36 71 61 37) (15 7) (60 44) (8 22 35 51) 34 (73 67)
12: (52 33 35 45) 39 (32 43 56 59) 11 21 54 (70 13 49 60) (36 6) 75 19 (66 12) (61 34 76 8 55 28 15 53) (27 24) (5 71 44) 25 (67 42 31 74)
13: 10 13 12 (36 70) 55 (33 16 50 59 64 79 45) 31 (24 27) (52 22 42 60 9 35) (7 67 73 19 43) (74 1 25 34) (76 77 40 44 48 66) (80 15) (8 53) (71 61 38)
14: 32 5 69 60 (13 64 8 37) (1 23) (33 39) (75 43) (38 35 70) 15 (62 45 51 19 71 42 61 44 16 57) 34 (27 25) (66 67 52 12 76 28)
15: 25 5 49 51 (8 36 23) 43 (71 22) (77 40 67 70 19) (55 33) (42 52) 11 34 (15 27) 61 (6 59 60 1) (44 3 13 16) 62 35 57 64 (74 53) 21 38 9 (66 46) (45 63)
16: 22 53 (19 31 73) (45 51 15 66 68) 70 (21 33 52 42) (2 16 41 8) 80 (49 67 57 9 36) (59 64 55) 60 (28 79) (76 6 1 13) (71 34) (61 44) (38 54 35) (40 5)
17: (25 62) (39 33) 27 (37 69) (53 16) (42 31 44 67) (66 73 8 13 60 61) (38 11 1 22 71 64 29 21 49 75) (51 76) 5 77 10 (50 40) (19 36 34 43) (55 48) (6 15)
18: 66 (21 40 44 51 45 73) (8 61 33 15 54) (79 43 24 5) (27 50 25 67) 13 (76 71) (12 11) (42 70 57) 62 35 (52 19 60 1) 36 77 (49 38 16 7 34 48)
19: 8 (22 21) 47 (15 54 65 13 44) 43 (77 7 61 41) 74 60 42 (33 10 55 37 1) 67 (51 25 24) (5 71 49 66 36 31 35 40) 3 (11 34) (39 62 46 27 57 38 68 73 70 32 76)
20: 74 52 (15 71 1 80 39) 25 (27 55) 19 75 21 73 60 76 61 53 (8 40 62) (9 35) 44 51 (67 64 36) 31 5 (72 13 42 77) (66 33) 34 (49 65) (43 46)
21: (14 21 61 66) (34 56 10 33 4) 64 29 (43 1) (22 16 51 68 53) (44 48) (42 70 72 60 7 57 20) 46 (8 5 76 52 13) 12 80 (31 9) 32 (67 19 15 71)
22: (34 55 15) (8 67 48 57 49 54) (28 19) (20 5 52 16 21) 13 (45 31 10) (60 6) (76 40 61 24 25 62) (56 42) (66 74 80 71 53) (12 11 50 72 59) (51 33 7 65) (75 44 27)
23: 61 19 (37 33) (31 59 67) 35 (7 80 72 42 6 38) (66 73) (1 63 49 12 65) (14 60 77) (34 64 40 51 27 22) 43 76 (52 44) 8 (70 46) 54 15 (24 13) 71 45
24: (31 5 43 35) 16 70 8 (32 66 22 34 54) (46 76) (33 61 25 60 55) 65 (38 1) (11 12 13 62) 67 71 (9 27 21 19) 44 (75 15) 7 (74 52 77 51 42) (80 37 49)
25: (9 56) 4 (19 27 67 73 41 36 7 49 23) (52 66) (34 54 70 21) (35 22 51 55 13 47) (42 43 64 5 25) (60 40 71 11) 6 33 (15 37 61 39) (44 68 45) 8
26: (1 15) 28 (39 76 11 60 51 55) (8 13 25 36 64) 47 26 2 (32 71) (9 74 70) (61 5 40 27) 17 (38 34 16 12) 33 (50 67) 77 37 52 63 (66 6 21) (79 22 44) 19
27: (38 60 77 40 70 6 42 52) 15 34 44 62 (27 71 9) (1 67 11) (51 3) (5 63 25 48 53 49 35 73) (29 72 13) 33 (78 43 16 66) (59 64 61)
28: 13 1 (70 43 60) (76 67) (49 9 36 11 54 25) (15 51 63 38 5 62 44 23 31) (73 52 53) (45 6 42) (35 37 66 27 21 8 71) (34 33) (61 14 72 55)
29: 36 (54 66 27) (11 8) (59 44 28 42) 40 77 32 43 55 (38 15) (60 5 1 57 67 12 53 33) 10 (16 79 31) (6 50) (39 61 34 19) (74 68 46) (71 64 13) 70 24 (73 51 30 22 35)
30: 64 (16 51 58 61 28 6 3) (71 5 7 60 49 21) (76 66 34) (42 53 41 48 70 37) (19 52) (32 31 15) (40 33 27 56 63) 8 (57 11 55) (44 73 29 39 62) (10 13 1 65) 20 77 (25 67)
31: (74 45) 72 (21 61 46 42) (52 30) (60 54) 36 40 64 31 53 (35 6 62 67) (12 15) (66 55 24 43 13 38 80 51 73) (44 5) (49 20 34 71 8) (70 77) 7
32: (43 8 51) (5 64 15 40 39) (27 32 30 52 13 22 21 74 55 36) (33 75) (77 71) (72 34 73 42 44) 35 (29 60 66) (61 31 54 53) 65
33: 29 67 (53 73) 8 (38 46 12 13 5) (9 64 72) (25 66 4 21 76) (49 74 22) 1 (31 60 51 24 27 15 54) 42 (52 34 70) (32 37) (35 71 10 77 61 57 40 33 44)
34: 19 79 (64 43) (16 71) 42 (37 67) 72 50 (54 14 31) (73 62) 44 (40 66) (9 34) 7 61 1 (32 74) 13 41 8 36 (52 6 45 5) (11 60 35 77 12 51 70 18) (15 22 23) 57
35: 44 62 (27 43) (20 71 75 40 66) 39 (35 70) (76 33 52 61 19 55 28 72 42 13) (15 36) (14 22 16 7) (31 60 34 53 25 73 17) 79 38 (51 23 1 5 29 67 77)
36: (32 36 70 64 60 48 42 25 13 63) 12 (43 19) 71 (46 7) (27 22 66) (39 8 15) (1 16 54 74 9 67 45) 77 11 44 33 37 (5 31 61 40 21 38) (35 52 34 72)
37: (29 25 61) 40 (36 8) 44 6 35 43 7 (21 51) (60 66) (77 48 62 73 19 52 13 27) (76 38 37) 42 (74 34) 5 (49 33) (53 64) 22 71 (10 67)
38: 64 7 (8 9 51) 11 (71 34) 13 80 38 (60 76 29 49 67 1 33 5 77 15) (40 35) 10 37 72 (45 52 25) 42 27 26 (19 54) (44 61 22 55) (66 43) (36 31)
39: (33 35 62) 37 (46 22) (5 32 44) (42 15 67 76 63) 25 12 (73 27 47 1 74 36 68) (71 80 13) 69 (54 64 61) 66 57 7 60 16 (6 52 43) 38 51
40: (65 43 19 34) 31 12 (15 28 75) (56 7) 1 33 59 (36 44 40 6 45 61 77) 5 27 (60 67) 13 (42 53) (51 50 66 49 25 52) (71 38) 64
41: (48 1) 55 (8 69 27 12) (40 66 64 41) 5 (13 49 52) (54 42 33 53 65 72) 19 (67 6 21 31 28 44) 62 (38 25) 16 (77 74) 80 (43 4) (71 15 34) 61 2 (60 7) 29 9
42: 16 24 (12 66 31 52) 19 (42 40) 9 77 (7 25 21 44 1) (53 34 61 62) (67 5) (60 70) 22 (35 8 71 36) 54 (27 15) 33 51 (10 64 55 13 30)
43: (63 35) (57 21) 53 36 7 (70 67) 8 (34 15 28 51 14) (31 77) 37 (11 33 45 24 58) 61 (75 48) (25 5) 19 (22 38) 64 (13 76 55) 60 (3 78 49 71 74 1) (16 12) (66 27) 44 42
44: 70 (23 53 61 44 1 7 57 54 48) 8 43 52 65 (19 78 16 33 37 13) 31 (76 28) (77 50) (71 66) (64 80) (34 12 62 55) 60 (21 25 22 42 51 5 38)
45: 15 76 (43 64 8) (49 70) (16 13 61 77) (19 60) (11 5) (44 40 51 7) 28 (24 34) (25 22 18) (31 9 21) (66 33) 79 (27 80 72) (38 1)
46: (43 24 13 5 61) 64 (34 16) 44 1 28 (33 32) (22 50 47 60) (48 51 42) 46 73 (38 7 66) (77 8) (27 71 37 49) (21 67) 62 12 (59 52 45 53 4)
47: 6 (4 60 33 64 57 25 12) 71 (22 5 70 28) 78 54 (44 39 50) 77 (9 51 61) (79 13 34 48 31 27 67) 10 21 76 (8 72) (66 52) 15 42 (35 43) 37 (55 32)
48: 40 37 (33 13) (21 64 27 47) (66 80 43) 34 (22 72 52) (5 49 48 71 74) 1 (57 8) 16 (61 42 70 51 60 38 73 53 19 59 45) 15 (44 67 63) (68 50 35)
49: (73 27) (1 44 50 7 2) (43 5) (39 11 42) 31 (45 48 59 40 19 61 28) 62 12 (52 66 34) (17 60) 53 (67 9 15) 32 (37 13 22 56) (8 35 51 71 76 38) 80
50: 6 (31 36) (57 27 8 15 45 34 65) (41 63 37) 70 33 22 (52 55 24 44 73 77 28 48) (40 14) 68 (38 67) (13 16 66 76) (7 71 46 5 74 35) 42 (12 62 25 51) (60 21)
51: 11 (22 27) (8 31 13 75) 49 10 30 15 33 5 (52 14 61 60) 73 77 51 44 41 68 (18 76) 9 19 57 55 (7 48) (74 25) 42 (1 12 34 64 26 67) (66 54 21)
52: (68 27 32 54) 62 59 60 (35 61 42 57 40 72) (50 76 6) 45 77 (34 52 71) (51 31 14 13 46 44 37 8 15) 36 63 (33 21) 19 (30 67 38 41) 22 55 1 (66 25 79 20) 43 80
53: (65 7) (19 80 55) (12 25) (16 62) (11 38) 32 27 (73 35) (36 24 37 74 22 61 15) (64 56 34 5 8 44) 33 1 (52 77 67 42 54) (71 13 59 21) (31 49) 66 (17 53 60)
54: 8 42 (28 34 32) (25 52) (45 48 61) 44 (51 78) 27 (74 12 40) (31 5 6 79) (37 18) 38 43 60 49 21 (33 22) (77 72) (66 57 71) (70 19) 54 23
55: (61 4 19 45) 1 29 40 (24 64 11) (63 16) (66 52 77 37 33) (62 54 32 59 27) 71 (68 13 53 39) (72 7 6) (9 35) 60 (44 31 34) (42 18) (67 15 26 76) 38 (5 21 75) 43 (12 51)
56: (1 23 38 42 74) 8 44 (76 66) 46 (52 61 56 13) 36 (58 35 47) (33 19 55 60 53 64 71 24 27 32 15) (48 37) (77 5) 6 (22 7 54 51 63 25 67) 31 70 (34 72)
57: (2 66 6) (74 60 19 64) 67 (56 28) (52 40 70 71 35) (77 53 16) (49 25) 33 (54 46) (80 17 44 61 73 42) (24 34) 51 (10 62 27 31) 8 43 (76 36) (7 22 13 72 14)
58: 48 1 (31 67) (43 22) 54 (60 19) 13 (21 11) (27 71) 16 (44 61) (62 14 80 15 45 38 64 70) (33 9) 46 (77 53 34 56 8 52)
59: 53 (7 6 80 39) (70 42) (28 8) 1 51 79 23 38 (15 40 48 60) 68 (5 31) (22 11) (44 4 13) 33 (67 59) (17 66 50) (10 52) (55 27) (19 62) 14 74 (61 72 34 3)
60: 33 34 (66 65) 55 (19 11 46 70 63) (25 31 43 72) 53 21 71 (37 22 1) 52 8 (67 49 18 51 42) (27 74 38 5 60 13) (6 40) 9 61 (62 32) (76 44)
61: 39 (22 50 28 5 35) 60 (33 70 67 79 38 4) (27 54) 21 (48 16) (31 66) (42 45 34 76 13) 19 53 46 44 65 18 71 (15 43 61) (36 9) 1
62: (80 70 66 55) (44 7) (53 39 36) (60 1) (75 27) 33 (24 22) (48 54) (19 29) 67 (50 14) (74 69 52 34) 32 71 (59 42 28 77) (11 40) 3 61 13 62 8 (73 46 64) 38
63: 13 (57 10) (5 64) (76 43 32 8 56 21 29) (53 61 72 65) 70 (9 38 51) (27 24 59) (19 66 49) (31 33 48) (44 22 40) (74 77 35 52) (80 25) (45 34 60 39 55 78) 71 17 (1 11) 36 67 (73 42 6)
64: 8 37 (59 60 31 13) (22 4 38) (57 35) 80 (73 33 67 66) 5 (19 28) (11 42) 9 (54 71 40) (77 51 52) (16 43 36 70) 15 (6 34) (61 27 32) 64
65: 75 77 (44 24) (13 60 23) (6 19 29 68) 74 34 (49 32 42 53 67 18 52 15) (46 27 16 61) 31 (66 76) (1 80 36 40 35) (33 71 62) (12 51 38 37) 20 8
66: (65 20 25) (55 42 70 13 19 31 36 67 43 1 48) (60 44) (21 40) (61 12) 34 64 (71 27 73 32) (18 37 16 38 45 33 5 52) (22 39 57) 49 (59 15 66 28 51)
67: 67 (55 16) 66 39 (5 52 12 21) 33 60 28 1 (4 61) (8 44 27 26 42) 2 (40 74 73 71) (68 51) (32 10 77) 19 (76 41 31) (35 36 13 49)
68: (57 51 24 52 43) (5 55 12 54) (44 67) (15 76 6) 14 21 (7 63 37) (74 45) (42 33 1 2 36 48 34) 47 (30 8 60 53) (19 61 39 13 71) (35 11 4 80) 72 (64 77) 38 31 59
69: (27 52 59 40 60 61) 44 36 (51 43 50) 58 (54 3) 5 (73 1 11 13) (22 16 67 79) (6 66) (64 49 42 37 25 55 34 15 65 8) (21 38 31 76 33) (71 29)
70: (43 25) 35 (8 40) (57 64 52) (31 42 34 28 60 1 11) 63 (13 15) (44 71 51 45) (12 9 77) 75 2 (39 72) 19 (20 38 67) (66 73 74) 49 (5 30 55 23 32 53 79 27 22 61) (47 50) 21
71: (36 67) 20 32 (27 80 34 19 25) 60 (50 71 70 72) 51 61 49 74 (23 15 46 66 43 21) (8 5 40) (42 38 13 68) (55 76 35 52) 7 6 (77 53 79) (31 33 54 44 10)
72: 79 9 (5 13 22) (49 8) (64 33 6 25 60 7) 38 31 (45 36 66 42 32) (77 71) 72 55 (51 76 27 37 52) (70 67 39 16 21 61) (19 44 57) (34 74)
73: (79 25 52) 70 (57 16) (34 39 61 6) 21 (5 71 50) (38 31) (32 67) (80 8 30 64 13) (7 11 51 20 60) (36 76) 66 (74 63 33) (12 27 19 24 44 9)
74: 51 (71 38 29 66 73 21 11 62) (27 12 10 60) 1 (64 15) (7 44 25 36 67) (16 31 77 13 61) 14 (9 5 48) (70 33 59) 34 42 (68 2 52)
75: 52 51 (34 61) (58 55) (64 35) (1 16 44 77 38 78 71 41 5) (11 73 18) (66 43 25 27) (50 28) (12 22 74 19) 8 (42 54 32) 31 (7 53 21) 60 (45 23) 48 (72 49 67 13)
76: (27 15) 10 74 20 70 (51 50) (4 64 1 68 63 55 38 61) 12 (7 71) (39 44) (66 25) 40 (33 62 42) (65 13 52) (22 9 43 36 77 31 60 21) 2 (47 59 34 46) 67 (35 19 5)
77: (33 51) 34 16 42 17 (10 74) 77 (71 23) (14 64 44) 49 (43 5) (55 46) (40 9 52) 27 (6 35) (19 1 32 38 22) (60 41) 11 36 13 15 (66 72) (61 8 70 57)
78: 35 51 71 (64 28) (38 12) (34 33) 80 (1 8) (43 10 37 15 7 40 5 27) 13 60 (53 6 45 16 52) (36 29 72 61 42 63 31) 70 (54 75 50 44 24) (11 66)
79: (64 39) (52 5 66) 62 (70 27) 9 (22 59 28 77) 68 (12 38 44 25) 43 (80 35) 60 67 11 (7 47 40 32 71 46 61) 23 42 (63 24) (19 33 8) 15 75 34 74
80: 37 (10 60 22 16) (57 66 19) 13 27 (29 61 36 64 39 67) (12 25) (52 24) 40 (55 15 71 41 31) (76 51) (5 56 53 33 42) (80 44 38 28)
