80 80
1: 45
2: (3 47) 41 (74 77 69 15) (78 23 2 29) 31 11 39 58 38 (24 65) 36 (8 7 73 12 79 53 80) (4 5) 18 34 (68 27 28) (21 13 1) (56 14 33 45) 44 (67 43 62) (70 57 22 26) 40 30 32 72 9 (42 61 63) 76 (55 64) 25 48 (51 16) 60 (10 19 75) (66 59) (49 50 17)
3: (34 10 21 57) 15 75 7 12 (63 6) (39 25)
4: (55 43) 60 46 (48 44 1) 35 (38 39 67) (22 28) 80 (10 47 72 6 57) (4 58 62) (17 13 12 77 5 7) (9 69 61 63) 59 (56 53 40) (16 27) (15 41 11) 49 (33 70 8) 71 (54 29 79) 50 (18 24) (21 75) (64 65) (26 20) (52 3 76) (42 68 32) (31 19) 37 (23 45) (78 30 51) (25 14 34 36 73 2)
5: (64 78 79 51 14 10) 15 2 (37 19) (43 33 50 11 48 24) 5 (41 65 42) 61 (75 34)
6: 24 76 31 75 (13 47 41 10) 38 34 (54 51) (64 33 71 17) 49 (42 4 78) (77 48) (16 52 36) 70 62 (3 6) (72 67 23) (60 14 74 68 35 61 8 40 69 21 56 53 19 46) (59 55) 25 15 50 2
7: (46 74 72 11 31 4 62 50) (10 68) (22 9 70 16) 73 (54 14) 77 (27 52) 61 (15 33 55) (63 80 71) 57 (6 79 47 59 20 36) 65 23 75 13
8: (34 39 77 7 35) (43 31 15 75) (5 68 33 61 9) (73 19 27 56 29) (14 26 20 24 16 38) (40 12 80 6 55 28 76 45) 67 (48 78 49 71) 1 (41 65 3) 36 53 (66 63 60) 4 (22 32) (44 74) (10 13 42) 46 54 (18 30 59 8 70 62 11) (2 21 69) (47 58 72 50 52 37) 79 64
9: (42 30) 53 (10 69 62 49 18 31 17 51 15 14 44 73) 79 12 (65 6 19) (80 63 41 52) (48 26 74) 1 55 76 (50 3 60) (37 54 45) 75 (56 39 64) (25 35) 28 (38 21 7 20) 46 (27 59 77 68 32) (67 34 47 58) 33 (40 11 13) (4 78 8 72 70 23) (16 43 2) 36 57 9
10: 23 41 (5 2) 62 (51 76 27 19 60 53) (21 7 25) (36 24) 10 (16 52) (61 57) 6 37 (47 71 73) (13 49) (77 4) 48 (79 20 44 31 38) (69 45) 58 32 (18 59 40 34) 14
11: (79 25 77) 72
12: 70 (31 25 8) (72 18) 11 (12 69 45 23 80) (78 63) (7 64 54) (20 36) (51 67 58 2 35 55 47) 3 73 74 (79 44 66 6 14 34 75) (65 1) (56 57 10 39) 21 (37 49) 9 (27 38) 24 (26 22) (13 61) (41 32) 4 19 (62 42) 16 33 (30 59) 77 (43 46) (53 71)
13: (22 75 71) (19 48 76) (38 77 35) 42 34 (7 67) (51 4 45) (6 25) (72 28 18 15 49) (47 56 55 1 59)
14: (29 45 42 57 52 62 48 61) (12 65 34 64) (14 66 1) 46 (24 59) 56 36 63 (76 22) (8 33)
15: 62 (75 69) (59 35 49 37) (28 39 79 77 48 55 2 1 46 42 68 45 33 63) 20 72 (9 65 32 14 38 74 66) 31 (70 18 41) (6 7) (76 10 5 53) (17 3 52) (40 47 43 12 34)
16: (18 51) (54 3 53) (58 44 24) 28 73 40 (39 25 57) (75 70) (47 52 30 12 68 67 5 2) (29 7 14 17) (6 37) 66 (36 16) (20 48 72) 71 (59 61) (60 32 55 50 45) (79 27 11) 76 (56 31 74 13 77) (8 35)
17: (5 54 57 66) 58 (72 2 10) 4 (51 31) 53 (78 73) (13 7 37) (71 55 79 61 9 63) 38 (18 44 14 24 11) 33 28 (56 70) (49 15 8 36 17 30 65 46 27) 64 (75 32 6) 68 (20 16 19 1) (41 23) 74 76 (40 21 50) 42 (39 25 34 12 3 77 60 69 26) (43 62 29 22 45 35) 59 (67 80 48) 47
18: 25 19 (2 35 43 66 71) 65 8 41 24 62 47 60 50 (5 38 21) (51 63 73 18 39) 40 76 (77 20 14 74) (44 17 32 57 48) 1 (30 67 56 68 78 61 49) (46 28 22 75 27 12 11) (9 58 3 4 79 16 6 37 55 59 54 29) (72 13 33 34 69) 80 (64 10 53) 15 23 (42 7 36 70 31)
19: (60 20) 36 44 73 11 (47 52) 51 (76 4 43) (30 79 55) (71 23) (16 34 27 17 49) (25 39 65) (38 10 3) (64 56 69 13) 62 (26 80 21 35 8) 46 (9 50) (48 2 63 41 57 29) 75 42 (70 72) 22 40 (61 45) 28
20: 20 10 71 (15 12 4) (56 19 62) 42 39 (26 17) (61 70) 69 58 (80 28)
21: 49 (72 56) (66 48) (2 50 28) 74
22: 75 (15 79 72 38 39 12 47 76) 41 65 28 (18 11 63 60) (73 29 68) (51 52 20 36 42 30 80 74 53 2 26 44 25 43) 16 69 (33 21 50 64) 9 55 54 (46 40) 49 (27 22 45) 31 (4 61 17 14) 58 (34 8 59 56 32) (7 6)
23: 23 (34 14 8) (71 58 77) (59 55) (57 73 44 65 17 33) 15 (53 80 29 7 41 13) 26 76 (36 30 79 11) (9 51 48 74 4) (67 38 3 25 12 40 49 6 50 10 45 61 52 2 22) (75 46 5) (37 64) (69 60 39 32) (28 72) 42 (19 56 16) 66 31 (63 20 68 21) 24 (78 47 70 43 27) (18 54) 35
24: (43 28 45 17 26) (8 50) 78 12 7 (24 33 73) (58 2) (77 55 20 14 69 67 36 10) (4 29) 79 (54 52 57 75 21) (64 68) (42 59 32 6) 80 71 13 (25 62 47 1 48 5 3 23 70 51 31) 39 65 35 (11 46) (34 44 16) (30 15) 76 74 37 9 18 (19 53 40 22 27) (61 38) (49 41) 72
25: (62 35 4 39) 68 75 (42 14 12) (61 1 57) 24 74 (37 67 70 17 51 50) (21 72) (32 26) 19 63 (15 36) (77 66) 40 (52 78) (25 5 10) 3 (33 13) 11 (22 71) 46 (65 2) (18 44 23 58 79 53)
26: 37 (47 48 13) (58 22 19 61 3) (16 5 75 69 31 18) 70 (46 60 39)
27: 43 (58 57 24) 12 (49 9) (37 54 65 26 34 66 4 63) (47 15 36 2 21) (18 31 6) (17 13 8 62 14 25 19) (46 20 80) (69 27) 67 (70 35 42 3 72 5 77 16 52) (30 55 79) (32 59 71 40) 60 (29 10 64 22 56) (45 28) (73 76)
28: (4 73 59 15 56 47) 57 (21 45) 66 (39 61) 12 (27 14 78 68 37 42 26 38 44 80 13 43) 64
29: (31 73 7) (52 76) 50 (49 26) 9 (21 46 39) (65 33) (78 29 47 3) (6 53 67 12) (77 35 56 5)
30: (63 54) (29 39) (72 56 38) (3 52 22) (53 76) 12 18 (37 2) 55 (50 77) (80 7) 45 (75 60 79 41 33 74 44) 35
31: 25 (44 3) (77 8) (68 33 49 43 2 51) (48 56 52) 41 26 (21 20 67 36) 73 30 (15 59 74) (46 9) 76 28 (80 17) (11 38 79 78) 19 (58 7 1 69 62)
32: (15 75 32) (79 55 44 42) (26 33 36 39 70 21) (13 6 10) (11 23) (7 1 46) (50 67) (30 78) (66 59) (62 14) (64 4) (74 76 53) (38 51) (69 37 34 12 41 72 19 5 57) (17 80) (25 24 73 63 45) (52 27 58) 31 8 (71 47)
33: 50 68 39 72 44 61 47 58 64 62 (14 80 43 49 40) (77 1 63) 4
34: 35 (56 8) (38 32 13 75 2) (79 4 77) 59 (61 7 72) 65 41 (62 44) (43 24 23 50) (20 21 1 48) (76 63)
35: 4 80 40 41 43 (55 57 47 32 14 46) 34 37 (33 74 22) (49 24) 17 53 (60 56 66)
36: 3 (16 46 32) 20 (9 12) 31 56 (30 58) (13 41 74) (18 38 15) (75 45 4 8 26 17 40) 72 80 52 (24 51 35 59 73 36 7 37 27 61 29) 10 71 55 (63 67) (6 60) (66 1 44) (48 23 57) (70 2 5) (79 11) 68 (19 42) 64 (21 49) (14 43) 28 50 62
37: (36 31 22) (56 42 10 15) 23 21 (79 6 8 72 75 71) 3 (20 68 16 24 69 63 29 35) (80 51) (7 5 11 32 76 26 60)
38: (72 25 33 51 41 69) 2 (39 16) (64 6) (19 71) (1 8) 5
39: (63 44 12) 25 (17 36 80 77 45) 28 (55 33 15 46 79 37) (60 10 42) 4 16 (78 39) 43 (76 6 19 32) 7 26 (52 29) (35 65 13) 34 8 20 (14 71) 70 (41 73 24 64 62 68 31 61) 59
40: 21 (76 67 63 14) (57 78) 62 55 13 (58 38) (80 53 54) 41 (18 25 75) 69 (30 40 65 22) 17 72 (59 48 64 2 74 42 43) (70 1) (60 35) 29 45 (9 15) (4 66)
41: (47 7) (8 13) 48 (15 1) (78 32 40 70) 58 (2 31) (71 17) 4 33 (67 38 72) (34 52)
42: (61 22) (31 37) 76 (59 52 12 1 50 29 4 2 16 20) 14 39 19 (79 10 46) 21 (30 57) 58 23
43: (5 59) 10 37 (41 80) (32 27 9 11 79) 74 45 (31 75 15 68) 54 (69 72 51) (42 30 73 43) (53 28) (6 50) (19 55 76 35 23 71) 18 47 46 33 58 21 70 (66 1) 16 (44 77 29 25) 78 63 (22 48) 38 3 (62 60 64 65 7) (49 39 34) (12 61) 40
44: (45 8 58 63) (38 66 61) 60 65 (25 64 56) (62 12 35 7 29 4) 67 (15 47) (20 3) (77 32) 33 (6 74 57) (22 27 19 42) (40 2 1 24 46) (18 71) (31 13 9) 78 44
45: 74 (44 1 46) (20 77) (47 73 32 4 21 72 33 51) (15 31 54) (67 17) (13 50) 76 (14 19 52 2 42 62)
46: 69
47: (13 80 16 66) (23 17 35) (19 54) (47 67 2 3 9) (22 14 55 24) (8 36 20 7) 64 (29 11 42 78 15 77 57 60) (48 38 62) 21 (44 18 4) 75 30 (27 12) 53 (50 58) 76 74 (49 46) (34 32 70 61 33) 59 (79 69 56 71) (37 1 45) (28 41) (39 43 6 73 25 10) 65
48: 3 (64 8) (4 2 23) (1 60 58 76) (20 74 57) (46 18) (55 28 75) (36 56 7 77 65 24 13)
49: (16 40 66 38 28) 30 (44 41 25 15 68 50 26) (64 57 59 32 13) (54 22) 14 (65 10) (48 46 17 27 35) (61 29 47) 19 (55 37 34) (71 53 73 42 69)
50: 49 53 20 65 7 (71 74) 69 26 (39 55 16 58 22) (15 47) 1 62 (23 54 35) (60 80 76 2 51) 25 (8 24 45) 28 46 73 (77 12 21 9 41) (66 32 61) 59 57 64 3 (19 31 10 63 79 37) (14 52 43 44) (6 38) (33 68 4 40 13 11 56)
51: (74 49) 8 (6 37 40) 14 (76 2 4 5 75) (52 48) 35 (50 51 60 47 31 78 39)
52: (63 26) 55 32 (36 16 61) (4 69) 3 (19 10) (41 12 24) 40 (8 52) (9 64) 11 7 (72 71) (56 48) (65 73 49) 78 79 (46 25 77 59) (6 60 37 42) 70
53: (22 1 25 30) (47 14) (44 55) 64 32 (29 36 28) (12 4 57) 45 (31 21 79 11 20) (27 7 53) 74 16 (50 40 76 52) (67 48) (60 77 59 71)
54: (13 67) (9 24) (27 26 30) (28 56 23 41 42) (69 59) 10
55: (15 29 33 30) (26 31 11 9 24 78 2 28 10 8) (68 65) (17 63) (53 70 38 39) (43 77 19) 48 56 (58 74 21 75 73 69) (34 36) 3 (20 1) 49 (41 52) (6 76) (25 12 45) 55 62 (42 54 7) (46 5 40) (64 50 22 59) (79 32 44) (67 4 35) (23 16 18) (47 71) 80 (27 72) (60 14 51) 13 (61 66)
56: (38 9 34) (21 46 63 5 60) (30 59 51) (36 29 43 79) (74 53) 62
57: 19 (55 32 37) (34 33) 74 (13 21 64 58) 63 (54 43 28 20 38 27 44 50) (51 24 52) 71 68 8 (77 22 36 40) 66 17 75 (76 6) 65 (45 72) (9 14) 7 61 41 (15 80 69) 47 5 18 (56 42 57) (62 53 31 25 73) (3 70 12 23 35) 29 4 (46 26 16 10) (59 2 11) 30 78 79 39
58: 14 (58 15 79 19) 34 4 72 (1 55) (35 36 67 44) (8 73 6 13 3 42) 5 18 26 (10 80) 63 64 60 (11 62) 48 41 (9 23) 70 (77 29 2 47) (33 7) 46 50 75 (69 52 57 27 53) (76 17) 40 43 (22 61 74) 71 65 56 (49 28)
59: 65 (36 74) (24 16) 3 (12 26) 62 (72 31) (29 57) (56 63) (51 52) 59 38 (21 79 20 44) (41 53 64) (69 70) (23 30) 35 (1 80 7 4) (34 68 32 28 18 14)
60: (59 21 7 44 73 22 62 42) (12 67 23 58 11 20 13) (4 14) (52 63 28) (75 45)
61: 51 (47 2) 12 (33 50) (44 3 67 49 56 41 45 31) 16 75 (71 53) 39 (70 68) (46 55) (9 20) (5 4) 78 (8 28) 14 64 (48 76) 32 43 72 (58 23) (57 22 19 26 63 18 69 30) 34 73 (38 42 27 52 21 77) 37 (17 62 54 40 35 59) (11 66 29) 15 61
62: 59 55 (78 44 8) (57 35 71 14) 26 74 (50 58 33 48 15) 24 36 34 (40 19) 9 (64 66) (20 65 32) (4 68 70) (6 63 12 62) (53 52) (77 43) (45 56 54 11 60) (46 25 2 28 61 7 73 47) (31 67 29 30)
63: 31 (44 28 12 65) (76 69 58 19) (73 29) (43 47 52) 17 33 10 (72 1 75 21) (74 77) 53 (66 46 37) (45 41 16) 24 14 5 78 (60 63 54)
64: 38 78 (60 12 26) (61 13 20) (30 63) (46 3 1 50 33 49) 42
65: (15 79) (61 60 20 63) (6 22) 78 (30 3 39 62 48) (68 47 77 70 7 5 33) 25 (43 49 73) (55 26 76 41 75 74 51) (8 31 4) 24 (59 57) (1 18) 52 (69 56 23 67 66) (32 71)
66: (74 37) (72 19 73) (38 23 55) 70 (78 63) (15 39 5) (79 10 14 4) (24 51) (41 61) 46 (34 21) 66 (8 26 65 52 35 56) 17 (71 27) 6 (77 3) 2 (60 13 69 33 48 12 42 43) (16 22 32 64 11 1 20 36) 59 (45 9 18 67 7) (80 68 53)
67: (72 8) (24 36 50 7 15 37 61 49) (21 11 5 33) 34 (58 6 59) (27 32) 26 (69 31) (51 80) (9 44 63 30 70 78 41 10)
68: (79 3 23) (30 67) (33 65 40) (1 37 4) (5 57) (69 44 78 27) (62 71 49) (41 47) (39 68) 46 6 56
69: (52 40 75 41 14 70) 26 (71 29 43 63 76 16) (74 30 1) (20 2 12) (8 61 60 28) 48 39 6 (64 36 21) (19 38) 37 (53 66 25 57 67 13 23 31 5 55 22 77 32) 46 (35 49 3 27 45 34 44 17 73) (24 68) 78 11 42 (7 58 79 33) 10 (47 50 59 51 9) (4 65 80 18 72 54 69 62) 56
70: 40 63 30 51 (66 17) 15 (76 10 60) (61 7) 36 74 (4 32) 11 5 (47 80 18 59 69) (21 24 33) (64 38) (39 48) (9 22 16 6) (1 2 43 12 29 70 75 62) (31 20) (23 44 52 49 73) (58 27 41 79 57 19 3 14 72 54) 56 (35 77 65 8) 53
71: 14 34 (60 32 21) 48 49 (26 75 5) 17 (9 3 44) (73 12 70) 80 18 (72 51 43) (22 63) (25 47 69 71 6) 58 (1 41) (7 27) (59 68 38) 37
72: (69 38 62) (18 43) 72 36 (57 54 28 66) (61 51 39) 37 (67 26) (40 19 13 71 70) 73 29 (25 50 34 63 53)
73: 11 (22 52) 74 (36 78) 43 (51 16 35) (67 37) 25 79 (46 69 28 56 6) (10 9) (48 19 75 15 2) (39 18) 62 68 (53 5 70) 77 (30 27) (72 7 3)
74: (15 65) 43 (67 30 11) (78 7 34) (74 57 62 51) 20 (53 44 55)
75: (56 47) (78 31) 32 (42 64) (60 71 80) 53 (10 24 9 30) (22 73) (4 69) (3 33 41 55) 67 (37 29 79) (17 57) 25 (12 5) 6 (66 44 77) (61 21 62 36 19 72) 14 (54 26) 20 51 (18 48 75 13 49 76) 2 (70 23) 65
76: 11 70 (41 56 71 40 34 24 19 61) (69 65 3 33 49) (8 77 2 30 53 66) 1 43 (5 6) 14 (15 17 7 22 78 46 72) (68 32)
77: (42 71 68 25 74) 12 (33 50 75) (58 36) 16 72 (53 2) 17 39 (4 45) 9 30 (41 64) (52 18) 28 73 (8 24) 35 (15 20) (60 11 79 38 40 67 61 62 44 47 7 66) 6 (48 23 37 57 3) 70
78: (74 33) (53 55) 34 (58 28 41) 35 (52 10 70) (59 68) (20 45 39 18) (11 76 24 51 15) 25 6 (32 47) 1 27 14 61 (80 43) (79 48 73) 62 (8 66 22) (5 38 17 36 30 29 65) 54
79: (50 26) (64 10) (75 22) 17 (66 72) (28 16) 80 (57 44) 29 (36 25 46 62 27 30) (51 15 38 78 21 3) 79 63 18 (6 73) (24 41 52 74 31) 23 (54 7) 76
80: 16 10 79 (3 57 45) (32 55 46) (61 35 51) (15 38 41 33) (49 6) 17 (65 1 5) (75 23) 12 (39 53) 34 58 77 (4 52) 26 11 76 (63 44 68 47 60 72 19 71 20 56) 18 21 8 (73 69) (64 50 67 30 48 59 28) (37 40 7 54) 9 (22 13 36) (70 31)
1: 58 (18 45 64 34 76 66 32) 47 (24 80 12 17 78) (63 8 42 38) (48 71) (25 43 69) 65 (55 2 4 36 9 15 33 70) (31 40) (59 13 53 41 50 14 44) 68
2: (77 61) (30 27) (10 48) (58 70 12) (18 17 5) 47 (44 50) 55 62 45 (19 23) (76 2 25 21) 66 51 8 (15 6 75 34 57) 4 69 41 (38 42 40 73 36 24 22) 16 9 31
3: (12 80) (26 6 44) (27 79 25 31) (29 37) (76 68 8 24 43 2) (23 71 77) (4 55 58) (73 57 16) (30 50 64 17 61) (15 66 19 48 47) 75 (59 18) (65 70) (69 52 9) 36
4: (62 34 32 2) (75 66 22 69) (52 18) (42 33) 25 27 60 (48 65 19 13 39 77) (50 59) (53 47 57 58) 40 (44 35 23 9) (12 17) (28 80 20 55 4 6 68 41 10 45 36 51 7 70) 8 24 61
5: 63 (15 24 8 61 80 32 70) (56 68) (55 4) (16 27 73 65 38 23) (75 18 26 51) 29 10 25 36 67 (58 66 78) (37 43 71 57 17 2) (76 69 5)
6: (7 24 43) (71 79) (47 22 13 70 4 57 65) (23 44) (15 9 16) 3 75 17 18 (39 68) (50 67) 69 62 51 (32 66 78) (10 38 76 6) 52 (77 27 36 73) 8 58 (37 29 55 80) 12
7: (67 16 12 36) 18 (22 50 77 44) (43 3 70 8 10) (73 13) (69 24) 55 (31 48) 9 60 (59 57) (39 4 76) (30 62 79 17) (65 58 66 41) (23 74) 15 (53 37) 47 (52 34) 32 2 29 80 71
8: 6 (51 57 32 66) (50 36) (34 39) 70 19 (37 62) (47 2) (4 78 14 18) (41 8) 17 (69 65) 9 (52 58) (80 67 16) (44 55 27) (76 24 48) 38 (12 61 31 77) 22 23
9: 9 62 71 (27 61) 31 (36 12 80) (2 73 4 77) (7 66 75 22 52) 57 67 (54 70 23) (17 19 18 50 24) 8 58 (44 29 15 56 69) (43 40) (47 55)
10: 47 (78 42 6 57 18 20) 15 (66 39) 50 19 (55 10 8) 69 (75 49 37) (80 27) 54 (3 23 4 67 52 32) 12 7 70 (24 5 25 79) (73 36) 58 (9 17 2 43 63)
11: 67 (18 12 73 4 5 47) (31 60 7) (16 78 70 53) 74 (2 80 69 8) (9 77 76) (17 23 58 36 24) (43 61) (37 66) (32 57) (62 22 19 25 52 55 50)
12: (64 3 23) (8 60 15 47) 55 (22 36 18 66 70) 27 (4 77 59 43) 61 (53 75 2) (39 32 62 80 14 52) (42 29 24) (30 63 25 44) (50 16) (57 20 9) (71 28 17 69) 12
13: (25 18) (47 80 69 27 4 54) 48 44 (72 39 55) (57 23 19 50) (9 17 2 8 36) (75 16 58) (45 32 49 60 64) (41 28 7) (12 66 24) 6 10 26 40 34
14: (8 7 62) (60 22) (27 32 23) (18 51) 70 (12 10 59 63) 14 (24 71 6 61) 58 (25 49) 45 17 75 (66 53) 16 36 (39 9 33) (76 2 15 57) 47 40 (69 5 42 78 35 50 28) (55 4)
15: (5 55 8 28) 57 (79 20) (47 50 9 17 18 41) (49 61 40 76 3 80) (36 44 66) (4 23 13 65) (45 67) (78 22 6 24) (70 27 77) (73 37) 25 (58 32 74) (39 43 31 62 7) 2
16: 10 (2 18 52 38) 53 (43 61) 24 37 (42 79) (19 9 57 39 59 26) (49 36) 80 (70 47) (66 73 27) 4 6 (7 50 16) (69 22 63 17 55 8) (12 77 23)
17: (45 39 78 27) 15 6 18 22 41 (20 77) 71 (9 47 75) 32 (31 57 79) (70 25) (80 61) (58 2 40 4 24 16) (66 35) (36 76 49 55 23 69) (17 63 19)
18: 4 (13 58 23 55) (44 17) (73 9 72) 71 (57 79 77 43 65 69 12 25 40) (30 78) 66 (70 48) (18 75) (59 47) (36 24 2) (22 80) (26 61 8) 10 (27 16 15)
19: 57 31 (47 6) 49 (72 69) 75 (55 62 26 5) (17 42 20 63) (32 76 73) 2 (66 12 23) (50 36) (44 61 10 18) (43 4) 24 39 (9 38 58) (70 13) 52 80 (8 27) (45 25)
20: (48 23 12) 64 70 (15 8 10 27 53 74 59) (78 44 9 55) 60 22 19 (42 39 50 62) 69 4 (57 16 45 18) 7 (31 65) (61 47) 24 (66 20 77) (37 80) 17 (75 36 34)
21: (69 4) (2 70) (8 36 25 42 56) (75 17) 3 (10 47) (24 61) (79 29 45) (50 32 12) 19 (23 63) 22 28 (31 55) 27 (43 71 40 6) (67 34 59 60) (37 66 18) (9 53 80 57)
22: (17 76 69) 2 (61 12 50 7 49 23 19 75) (80 25) (14 24) (43 22 4) 65 (57 40 47 13) 70 (79 73) (27 35 53 8 26) (60 55 66 71 44 42 58) 37 (18 78) 30
23: 57 37 4 54 42 (23 7) (48 47 80 19) 43 (17 10 55 59 25 61 6) (65 2) (32 9 70 75 18 60 36) 66 (77 68 79 12 24 58 50 69) 34
24: 47 18 (17 75 57) 52 (36 79) 65 59 (35 6 12 78 63 54 67) 48 25 (27 50) (77 23) 44 (37 70) 55 (24 8) (16 62) (10 32) 2 4 39 (14 66 76) 69 34 5
25: (32 11 44 22 78 65 24 40 43) (19 50 6) 55 17 27 (49 12 31) (38 73) 18 (4 16 10 47 69) 39 53 2 72 3 (79 25) 75 13 52 23 57 62 (9 77 71)
26: 22 62 (71 19 20 52) (28 9 17) 55 (36 58 8 29) 24 64 (39 49 79 80) (66 2) 25 23 (75 67 37) (57 12 4) (65 72 32 27) 69 (54 59 50 31 61)
27: (67 73) (44 49 27) (9 53 78) (23 68 22 58) (2 54) (16 7) 28 18 (69 12 8 17 71 43) (24 66) 47 19 (36 4) (32 79) 57 55 61 70 10
28: (73 63 13) (58 54) 22 (2 20) (24 27 8 48) 80 47 (19 16 9 50) 17 (55 61) 43 (18 72 77) 15 78 (31 79 57) (59 49) (36 23 21 4) (53 60 39) (62 69)
29: (36 30 8 58 2 47) (70 59) (56 18 39) (42 78) (4 17) 37 23 55 (29 63 72 40 62) (24 53) 69 (19 22) 16 49 (14 79) (61 44 57 75 43 27)
30: 68 (59 64) 65 (18 74 75) (22 78 4 32 36 24 47) 73 (55 27 77) (40 19) 61 (17 9 42 53 56 16 8) (70 67) (69 49) (54 43) 62 79 (80 12) (31 76) 23 (2 57)
31: (16 80 24) 36 9 (2 26 15 62 37) (75 59) (4 50) 6 (44 53 17 43 10) (67 55) (69 39) 8 27 (41 18) (51 57) (7 42) 70 (65 12 61 29) 63 (79 45) (23 32 22)
32: 80 (37 62) 24 17 (70 67 71 55 4) (47 52) 2 (18 27 57) 65 (36 34) (39 16) 22 (12 35 25 53 15 50) 61 (23 69) 59 76 (49 41 45 78 9) 8 10 (32 44 75 66 43)
33: 38 (80 14 31 61) 68 (65 4) (69 7 77 47 2 17 57 22 12 24) (29 78) 62 32 63 18 50 (8 23) 75 (9 39) 55 (43 76 15 70) 5 64 (30 41) 35 44 6 (67 58) (45 66) 25
34: (23 5) 27 (59 8) (9 49) (47 80 43) 67 17 15 13 (18 55 22 69) (14 3 41 58) 76 (32 72) (24 57 62 12 4 56 6 66 39) 61 71 (2 74) 19 (78 10 35)
35: 27 59 (19 57) 55 (73 37 80 13) 62 24 34 12 8 50 (39 6 51 16 17) (58 77 49) 36 30 (69 78) (15 40) 18 (4 61 29 66 44 25 47 9 43 70 23)
36: 4 (37 72 23 27) (22 66 14) (24 36 57 70 25 69 47) (80 58 18) 79 59 (6 39 77) 78 19 62 12 16 (55 48 10) 32 73 (52 9 53) (8 17 56 75) 31 67 (7 2)
37: 67 72 (43 36 75) (26 35) (8 32) 68 (25 69 27) 10 30 (61 50 52) (5 15 23 57) 73 (47 63 28 4 18 9 77 42 51) (24 16 66 12 80 71 17) (49 39)
38: (77 70) 28 (66 13 34 71 47 32) (79 40 30) (10 2 22 61 69 78) (17 24 44 43) (19 18) 80 (49 31) (55 15 56 72) (57 9) 4 (6 36 12) (64 50) (23 41 8) 59
39: (50 23 80) (69 70 32 16 19) (17 22) 57 55 (38 61) (9 15) 26 (78 12 25) (8 4 72 2 30 68) 65 (24 28 47 20) 29 3 (18 66) 73 33 (77 51) (39 43 42)
40: 27 (50 22) 2 9 (43 77 6 36 49 52) 72 40 (33 53) 24 (62 80) (4 35) 57 (44 41 19) (17 70 68 58 61 10 69 8 55 25 16 18 76 23 15 51)
41: (76 38) 54 (6 39 65) 50 2 (61 8 68 70) (79 5) 49 10 18 (23 58 40 12) (75 17 32) (63 52 9 36) 80 19 (47 69) (43 34 59 31 57) 66 (35 22 67 24 15 4 30) (77 71) (78 55)
42: (69 36) (8 45 9) (27 61 12 18) (66 55 77 2) (25 49) (23 24 13) (47 64 57) 39 (20 4) 75 (28 22 6 43) (37 52 44 19 5) 15 (54 32) (40 58) (60 14) 17
43: (57 55 23) 28 (18 50 47) 71 (70 78 40) (66 58 31 62 56) 27 (61 5 9 15 8 35 73) 34 (4 63 76 43) (36 19 74 17 24) (12 39 33) 22 2 (69 72) 65
44: (70 61 49 25) 8 (47 58 55) (32 9) (63 17 39) (34 69) 53 60 12 (23 71 62 59) (67 79 44) (22 33) 80 2 (16 19 57) 75 (77 30) (31 43 50 24) (68 45 74 36) (28 10 4) 18
45: (13 57 39 10) 77 66 9 (16 78 19 36 27 62) 50 (14 30 8) (80 61 15 69 22 55) 23 (60 24) 32 (47 1 53) (12 40) (4 44 2) (43 17 28 63)
46: (63 61 56 17 62) (69 76 6) (57 43) (68 12) 35 (45 58) (14 50 48 29 25) 73 26 (39 80) 24 (44 31) (47 22 27 7 32 49 66 23 9 18) 19 (64 42 36 15 79 55 52) 4 8
47: (45 6) (49 61 63 35) (7 16) (71 55) 70 4 (47 78) (18 32) (15 26 19) (13 80 10 50 44 27 23 58) (28 41 68) 53 8 17 77 24 65 (69 22) (29 57) 9 (62 43 75) 51 33 (12 2)
48: 61 13 31 (5 43 17) 26 (21 16 6 19) 55 (15 10 58) 36 2 51 8 (78 18 75) 73 (52 49) (41 77) 62 66 (34 70 53 71) (80 4) (9 65) 69 (14 24 40 23) 47
49: 2 (15 35 75 55) (58 43 12) (21 31) 50 52 65 (68 80) 6 4 76 (23 10 22 27 9) (19 51 70) 8 24 (33 13) (18 36) 47 (64 69 61 67) (71 29 17)
50: (36 47) (32 45 24 58 69 51) 22 62 (2 25 80 42) 34 43 (77 7 72 53) (29 64 23 30 67) 57 61 (9 18) (8 16 79) 19 (21 55 17) (49 6 4) 33 5
51: 65 18 (69 50) (78 23) (59 13 12 16) (2 32 43 36) 9 38 75 (71 74 80 66 37 45) 73 (5 25) (17 6) (67 79) (57 31) 70 22 (19 10 51 72) 24 (55 4 61 56)
52: 8 (22 6) (15 50) (63 66) 70 (73 41 69 65 23) 25 14 (10 7) (30 36) (53 61 32 60 80 52 31 57 79) (39 4) (29 59 51) (27 19) (78 62 77) 58 42 (45 16 24 55 9)
53: 49 61 (25 76 6) 40 77 (73 8 63 22) (4 69 78 70 18 32 75 55 2) 24 (35 50 17) 74 (12 9 16 47 10 56 58) (66 80 23 43 15 29 53 72) (30 59 62 57)
54: (30 43 78 57 61 63) (75 16) 47 49 (22 17 9 69) (80 27 55) 6 (23 18 40 62) 4 72 45 (70 12) (8 24 50) 7 79
55: (8 23) 49 (13 2) (61 55) (66 6 17) 57 (80 30) (22 32 15) (19 74 48) 16 53 58 (69 24 36 18 47 9) (40 78 39 4 65 52) 50 62 12 43 (75 27 35) 7
56: (48 6) 29 (2 44) 37 (75 57 16) 8 (76 65 36 30 61) 50 (27 22) (58 55) 31 (21 68 13 20) 59 (69 19 9 18) (4 12 14) 62 (73 34 35) (66 80) (23 17) (28 70) 54 (52 47)
57: (44 62 65 27) (49 28 50 77) (35 32) (23 24) (36 70 58) (3 25 2 79) 59 40 80 (72 12 14) (69 48 19 47 68) (61 17) 7 (10 75) 74 (57 4) 9 (18 42) (16 53)
58: 17 31 16 (41 9 10 4 40 42 12) (69 33 48 57) 20 (70 71 80 61 22 58 67 60) (55 47) (78 43 50) 63 26 8 (36 23 24) 77 32 18 25 (44 62) (27 2)
59: 6 (32 28 36) (43 10 8) (47 22) (40 13) (61 49) (67 39 53 31) 52 (4 54 12 2 27) 62 17 (16 14 70 7 50 56) (80 34 15 69) 42 (18 66 9) 59 (78 65) (60 55) (71 23 57 24)
60: (9 63 27) (39 47 43) 48 (44 4) 36 (58 10 65) (2 50) (62 55 75 18 56 64) (19 52 35 51 80) 40 (16 53 71 69 23 17 66) 8 (30 70 77) (22 26 37) 6
61: (12 4) 2 25 17 8 (14 16 57 58 72 22 49 26) (64 20 50) (44 78) (69 80) 61 47 62 24 (33 65 6 10 34 7 76 23 42) (66 67 70) (75 19) (18 52 5) 39 (28 77 36 55 43)
62: 78 4 (32 15 73) (24 25) 56 (34 55 69 57 27) (14 12 59 70) 6 (45 72 40 39 31 20 50 17) (18 7 47) (58 62 68 65 79 44 19 10 75 61 33) 2 (43 77) (36 9) 60 (8 74)
63: (52 36 61) 32 18 23 (66 43 59 40 2) 70 (25 9 4) 50 (69 80 19 22 55 60 72) 17 (30 58 3) 39 71 27 (15 8) 79 (56 34 37) 12 (33 65) 64 (7 63 57) (14 44) 62 67
64: (39 79 40 12 62) 19 80 38 (69 50 32 66 48 23 55 5) (57 2 33) (52 8 43) (77 22 24) (36 9) (53 6) (44 4 49 28) 17 75 61 (14 27 70 59 47 58) 18
65: (29 44) (55 63 2) (27 4 47 62 50 48) (70 25) (24 78) (52 19) (7 14 22) 49 (74 69) 15 66 80 39 (76 12) (5 8 9) (59 57 75) 34 (17 18 58 43) 40 (68 23)
66: 72 (18 76 75) 27 55 (65 69) 28 (36 25 40 2 49 12) (66 17 63 57 78) 32 (23 62 15 21 61 43) (79 44 50 70 8) 35 (14 77 47 16)
67: 54 (73 12 4) (24 65) 77 (13 18 17) 58 (16 31 44 62) 74 (66 60) (47 72 6 9 41 8) 29 (36 68 27) (53 80 61 23 55 45) 25 (69 32 40) (2 75)
68: (17 59) (69 28) (37 50 8) 68 80 (76 31) 18 6 (65 57 77 43 33 55 9 66 7 2 25 49 78) (15 24 62 71 61) (22 23) (16 36 73 39) 4
69: 9 75 17 (58 23 71 43 2) 12 (55 76) 26 (40 46 24) (73 22 4 37 49 69) (80 8 61) 47 19 (18 63) (38 70) (66 20) (6 52 10) 65 27 (67 72) 57 15 32 68 (59 54) 31 50
70: (78 70 52 15) (6 9 23 2) (62 26 40) (59 24 25 72 47) (18 71) 17 (61 65) (32 55 73 19 4) (67 66) (7 80) (69 27 75 58 39 8 57) 12 (36 77) 20 16 76 (43 41)
71: (75 25 80) 32 (44 69 39 50 72 76 57) (71 41) (19 62) 52 65 16 36 (43 17) (55 27 68 12) 4 (38 77) 66 49 53 24 58 (37 6) (13 23 10) (18 7 8 20) (47 61)
72: (58 12 27 40 24 11) (23 73 52 21 70) (17 8 33) (63 79) 37 (19 61 30 72) (69 18) (34 57 71 43 15 66) 36 (4 16 25) (76 55 67 13 80 45 32) 75 (22 2 77 59 7 38) (41 6) 9
73: (19 18 22) (65 2) (66 78 17 36 80 58 62) (32 63 45 39) 27 28 70 4 60 (8 43 29 10) (55 24 7) (31 23 50 72) (49 77) 52 (16 75 12 69 47 61) (71 9) 79 57
74: (17 7) (35 77) (50 9 56) (30 55 18 16) 65 (69 66 73 6 40) (74 31 59) (43 78 23) (62 32 21) (47 63) (2 8 51 79) (58 22 24 70) 25 15 45 44 57 (53 36 48 12)
75: 4 (13 80) 19 (65 40) (24 34 30) (3 17) (15 43) 77 (48 51 23 79 47 61 18) (2 57 71) (6 8 60 63 55 12) 75 58 9 (69 7) (32 73) 70 (37 36 26 22 5) (25 16)
76: (13 63 8) (61 51 79) (15 6 53 43) 40 69 (23 4 17 48 14) 70 (10 37 39 32) (27 42) (31 47 75) 65 34 (45 29 22 30 19) (58 57) 24 (2 16 18 9 78 50) (55 80)
77: 62 (27 52 16) (31 15) (76 2 55 23 24 53 17 39 33 18 10) (58 43 73 13 34 29) 66 (6 12 65) 44 (80 47 63) (25 30 48 9) (45 75 11 50 57 8) (7 70) 69 61 4
78: (79 25) (68 8 63 61 65) 24 29 23 (69 5 31) 18 (41 2 55 9 6) (74 52) 43 64 (17 28 75 66 57) (62 73 39) 4 76 (51 40 44 12 47 67) 32
79: 25 (10 65) (27 19) 55 78 (58 32) (9 2) (80 43 53 50 68 23 79) (5 16 37) (15 22 75 12) 39 (18 66 47) (52 73 42 17 24 36) 4 (31 57 69 8 77 7 30 34) 11 (70 56 59)
80: (8 18) 70 (66 33) (69 79) 20 58 2 28 (71 24 27 35 40) (39 59) (67 9 37) 31 7 (75 55 30 43 47) (22 32) 78 17 50 19 (23 12 36 57) 4
