80 80
1: 22
2: 64 (66 2 23 15) 77 (35 34 20 16) 58 (52 19 79 7 43 24 47 48 36) (54 44 49) 41 (73 6 27 21) (62 78 80) 70 69 61 (25 33 55) 14 28 (3 53 74) 38 30 46 63 (60 59 56) (4 8) (18 50 11 32 9 31 65)
3: 71 (47 33) 56 (70 74) (51 22 75 32 46)
4: 57 5 (49 32 28 78) 13 (20 58 74) 14 (22 37 12 71 45) (10 77 1) (31 54 59 65 50) (34 6) 72 (79 39 80) 61 (40 15) (17 73 27 46) 68 (25 16) 42
5: 37 (69 20 61 43 42 77 38 7 60 5) (23 49) 54 (26 53) (31 18) 74 (9 32 78) (22 10) (39 24) 79 40 (3 41) 57 14 (25 13) (17 16 55 29 75) (11 8 71 51) (19 4) (12 64) (65 73) 68 (67 52) 76
6: 10 (8 58) 50 24 26 (43 75 46 78 74) (31 12 45) 27 25 (23 65) (34 48 68 21) (80 33 71) (1 52 41) 18
7: (4 37 35 15 30 51) (19 47) 20 (10 76) 14 (69 28) (63 72 59 73 11) (54 67 44) 50 21 70 (71 56 48) (8 41 6 40 7) (49 17 1 2) (13 42 32 53 68 58 24) (74 9) 38 78 65 (61 16) 33 64 25 (62 18) (36 57 34) 26 (45 60)
8: (73 19 75 33 20) 41 (63 64) (7 45 67 17) 26 23 36 (58 21) (71 54 4 46 62 78 30 49 37 3 52 10 65 18 22 50 38 60) 35 (28 24 68 14 55 70 8 66 48 12 57 77 39 80 69) (43 34) (5 61 51 56 16 32) 53 (40 72) 42 (11 6)
9: 63 (58 18 12 17 41 40 61) 59 42 (52 27) 44 51 (55 76 78 77) 8 39 33 23 7 (79 74) (11 37) (25 35) (32 31) 4 2 28 (62 38) (80 26 54) 36 71 1 56
10: 80 28 (27 66 14) 65 (26 22 4 23) 46 (55 73) (44 72 76) (51 69 37 40 18 36) (52 60 41 5 3) (45 77) (29 1 7) 35 (6 42 57 24) (21 33) 67 56 (10 50) 20 54 (31 79 15 39) (9 71) 47 25 (59 68 75) (48 53 17 8 19) (2 63 74) 13 49
11: (56 38) 48 (18 62) (37 72 59) 10 (46 64 54 67) 43 (63 70 77 13 47 3 73 52) (32 61 79 50 1 31 20) (2 23 57 28 66 15 24) (44 6 41) 12 71 (55 4 76) 16 26 (29 49) (11 30) 68 (74 78) (39 9 33) (58 80) (36 60 21) 69 (14 35)
12: (50 45) (31 5 17) 40 (28 10) (9 74 26) 49 73 (76 42) (44 19) (80 24 78 38 27 54) 58 66 (33 48 51) (59 56) 47 8
13: 80 15 (53 21 61) 70 (38 78 37 5 41) (23 28 68 2) 19 67 (46 56 32) (60 27) (44 8 36) 42 34 (13 65 45) (55 62 20) 71 3 (6 35) 76 47 14
14: (34 64) 28 (61 22) 45 (75 25 17) 12 38 (4 8)
15: 54 (66 30 40 7 57 46 19 47 4) (11 75 17 68 25) (80 42) 45 (43 65 73) 36 70 (50 27) (56 38 29) (1 31) 6 23 (78 5 62) (51 28) (55 41) 34 9 (59 20 61) (35 63) (15 13) (8 60 69) 49 (48 3) 37 (72 32)
16: 34 (48 41 24 8 13) (55 39) (76 5) (36 18 54) (12 15 64) (30 23 38) 74 (69 22) 43 (52 21) 61 (32 29 3 46 7 62 17)
17: 27 (39 73) (12 26) (63 15) (36 4 37 31) (67 2) (78 47 80 24 57 14) (28 53 60) (7 20) 62 (74 70) (71 44) (10 5 64) 23 (51 22) 46 (77 55 30 48 59 9) 13 (75 35) 49 (72 65 76 58) 40 56 (54 6 11 50 43 66) (1 38 42 19) 33 34 8 45 16 69
18: (28 79) 37 48 (58 42) (60 70 49) (19 23) (12 18 74) 64 (47 11) 24 38 (34 6 36 77 25 8 1 14) (43 32 56) (30 59 41) 4 (45 72 76 73 22 3) (55 9 15 50) 52 (33 54) 16 44 (40 69) (75 80 27 39 35 61 67) (51 21 66 71)
19: (4 35) (49 28) 40 (67 8) (22 39) 24 (56 13 1 60 41 75) (50 26 79 58 47) (48 11) (44 30 2 9) 63 (29 62) 57 6 (12 36 10 21 78) 18 (61 27) 14 43 51
20: (72 36 54) 32 (78 70) (76 60) 59 (2 52) (12 26 53) (73 5 39 61 50) (6 46 1) 3 55 (65 21) 68 75 (80 18 13 7) 63 66 40 (51 71) 74 20 (42 8 30) 25 56 (11 19 41) (57 69) (17 38) (15 67 79) (64 16 27 48 45) 24 (47 31 49 43) 4
21: (34 19 46 28 52 57) (65 23) 77 (64 59 41 10 24) 1 (44 42 78 71) (25 14 21 13) (60 80 6) (75 26 20 7) (67 15 40 29) 8
22: (52 67) 27 4 76 (61 62) (14 68 18 12 15 23) (79 34) (9 77) 48 (43 5 36 21 58) (47 44) (63 65 19 24 33) (55 50 16) 73 (60 30 42 17 26 71 1 10) (6 64 31 41) (80 35) (38 66) 49 (2 57 28) (51 70 40 45 59) 25 74 (32 53 37)
23: (60 59 65 49 38 54) (15 23 75 10) 11 72 (80 55 79 71 3)
24: (80 2 65) (4 63 26) 16 (34 33 68 58) (74 51 46 38) (28 54 17) (55 77) 57 (44 60 18) (39 50 27 42) 32 (30 6 29 52 14) (59 41 36 35 8 10 62 23) (69 22 79)
25: (35 41 38 3 29) (23 73 14 11) 70 (64 40 34) 4 55 (68 8) (74 46 45 69) (6 30 18) 12 15 (39 52) (65 2) (7 42 48 19) (54 60) (21 47) 1 (16 24) (66 80) 27 (36 51 58 75) (28 78 62 32) (63 25) 5 (10 53 31 59 9 22 43)
26: (22 59 53 14 36 41 78 44) (54 58) 71 (4 13 42 67) (45 11 66 37 52 48) (31 77 17 79 15 24) 63 (68 38) 46 (65 20) (28 47) (1 7 51 12 26 6 35 19) (21 60 72 16) 34 (49 33) 9 (23 57) 56 2 3 (25 80) (73 18 30 32 61)
27: 9 14 (6 24) 69 37 (65 28 26 72 25) (50 35) 11 (78 5 10) (2 4) (67 71 20) (74 54 36 30 66 68) 61 (42 34 49) (59 23 63 57 60) (39 1 70) 41 27
28: 56 37 (19 32 72 61 80 41 69) 68 (38 54) 51 27 (31 20 2 26) (74 21 67) (24 13 71 30 64 9 55 11) (7 49 79) 53 (60 65 73) 62 (43 25) 14 44 75 15 59 (8 45 34 50) (23 63) (1 18 47) 42 (6 66 46 76) (29 28) (78 36)
29: 55 (75 28 64 45 3) (21 27)
30: 12 (37 13 54) 69 11 46 56 (33 53 48) 65 (30 68) (19 78 66 22 55 57) 45 (28 24 74 21 25) 6
31: (75 11) (78 66 5 59) (23 45) (27 25 72) (40 46 29 65 2 43 48 44) (74 64 39 68 49 4 77 17 60) (58 21 16) (10 42) (13 35 15) (32 20 3)
32: 32 (54 23 12 35 39) (25 9 33) (20 37) (67 55 48 17 18 77 16) (28 59 47) (34 2 26 72) 65
33: 25 (24 49) (69 76 20) (16 71 77) (67 27 44) 37 (42 28) (50 4) 21 72 (47 73 17) (38 78) (6 13) 58 (1 14) 59 (11 23 61 46 41) (64 34 12) 22 3 66 (51 48 30 9) (65 74 75) (54 18 29) (68 15 43) (39 62) 45 (79 7) (80 19 60 8 26 2 32) (35 31) (56 5 40 52 55 63 36) 57
34: (57 26) (4 54 16 8) (59 15) (47 25) (10 72 44) (14 30 22) (20 12 63) 53 (51 27 23) (29 62 34 74 33 49 55) 19 24 (43 28) 67 (17 52) (76 6 60) (21 31 5 79) (18 66 1 75) (65 71) 48 45 (9 3) 7 36 (80 68) 46 32 (42 78 64) (56 13 73 40) (69 35 39)
35: (45 66) (46 80 68 3 11) (26 24) (35 76) 25 (30 53) (17 69 15) (37 6 75) 28 22 (64 62 9 31) (65 20 27 79 47 60 1 32 57 19 44 12) 40 (49 38)
36: 71 (64 33 17) (39 40) 58 (63 7 72) (2 15) (49 67 78 14 60) (50 73 21 75 18) 29 (54 65 32 3) (70 36 56 12) 47 51 (62 76 55 11 42) (61 57 8 74) (37 69 1 44 46 59) (52 28) (41 20 6) (24 22) (38 43 25 53 80 10 31) 66 30 4 5 77 (19 13 27 23 35 9) (26 16 45)
37: (5 56 50 42 63) (3 74) (26 53 79)
38: (68 72 46 31 52 25 80) (64 27 58 6 77 30) 33 (76 56 50) (44 4 29 34) 78 51 (59 24 20) 60 (49 69) (10 22) (41 55 53) (42 2) 37 (36 21 40 62 32 66) (11 35 70) 16 (12 48) 19 (15 39) 75 (67 9) (74 28)
39: (77 73 47 9 26) 4 70
40: (54 53) 5 (45 62 33) 79 58 (14 1) (66 73) (65 49 68 60 30 63 38) (24 11 32) (34 71) 16 (18 21)
41: 47 (73 19 20) (30 57) (52 16) (43 67 51 32) (71 7) 72 (68 60 56 79) (35 5 54 3) (38 37 22) (9 11) 49 (45 77 64)
42: (25 36) 32 (57 39) 48 75 61 (78 15 73 17 13 74) 67 (70 80) 7 19 11 (34 30)
43: (55 52 14 7 35) 63 80 (33 48 12) (40 49 2 54) (36 45) 3 8 (5 66 28) (24 61) (6 13 19) (74 34) 11 (10 41) (46 67) (70 68 71) (53 59) (29 22 60 47 50) 75 (43 62 15) 76 (56 27) 44 25 (31 16) (32 72) 77 4 1 (18 79 9) 39 (21 64) (42 37) (78 73 17) (23 69) 30 (38 58) 57 (20 51) (26 65)
44: (25 55) 49 (1 65 44) 32 (39 4 56 16 67 34) (22 46 31) (6 30) (19 51 63 50 58 18) 57 79
45: 18 16 (74 4 13 42) (72 24) 38 (49 20) 1 (19 62 33) 71 (6 67 54 51 3 63) (55 44) (37 76) (29 66 61 36) 57 75 (58 31) 10 12 (53 39 26) 43 69 (34 47 28) (79 35) 68 (70 59 15 21) 65 48 7 (2 56) 5 (77 73 64 32) 80 14 (11 9) 78 8 (60 25 40 27) 30 (23 17)
46: (43 42 2) (44 17) (62 37 29) (71 1) (47 72 10) (70 27 78) (13 64 46) (75 79) (14 60 48 22 36 15 55 57 66 20 38 23) (51 11) 41 (9 76) (67 33 74) 73 (40 63 18) (56 25 31)
47: (64 16 71) 32 12 25 (29 65 18 62) 80 (70 8 4) 24 59 46 (56 7 37 63 66 50 15 79) 78
48: 69 (47 11) 52 (75 7 39 79 67 64 31 54 76 12 32) (65 68) (36 46) (38 21 22 55) 61 (6 43) (70 77) (28 42) 19 (9 49) 62 2 (16 57 41 13) 17 63 (44 60) (4 80) 74 37 72 33 73 (53 20) (23 14 30) (51 18 24)
49: 1 (70 51 46 45 15 21) (22 8) 54 (57 7) (79 5 26 14) (61 48 73) (58 72) 3 4 (50 64 76 59 67 25 33 49) 10 27 69
50: (76 73 43) 36 (23 50 66 12 38 57) (27 7) (60 16) 74 (69 62) (19 26) 22 (77 31 52) 35 6 1 (56 58) (40 18 20) (25 44) (21 10) (34 8 42) 61 54 (55 68 15) (63 46 33 47) 3
51: (57 19 62 9) 41 (1 65) 40 29 (6 36) (7 78 63) 59 (13 64 75 54) (70 33 26) 24 80 (72 66 58 44 27 34 55 16) 8 17 52 (14 31) (67 60 50 69 68 18 51 22 47) 25 (49 10 43 4 74) 76
52: (9 28 63) (36 33 49) 75 (57 10) (70 12 6) (78 41 71) 43 (45 39) 26 38 15 (22 30) 66 62
53: (45 12) (29 51 30) (15 47) (69 71 60 19) 39 (46 23) (63 66 5 8) 61 (18 59) 74 14 (1 28 62 67 68 41 10 13 77) (31 78 7) (26 27 11 16) (20 25 52) (70 2 79 43 32 75 3 36) 53 (44 65 4 17) (9 35) (56 54) (33 72) 40 42 (24 22 73)
54: 74 (72 57) 52 56 71 (6 17 79) 9
55: 12 5 10 (78 66 53 37 51 38 41 22 16 55 56) (1 39) 27 60 40 68 58 13 (80 15 49 79) 75
56: (52 72) (56 15 1) (30 32) (36 26 61) 80 (12 13 57) (31 5) (73 10 67) 42 (25 14 49 55) 41 (2 64 58) 17 (71 28 47) 50 11 53 (3 27) (40 8 38 22 60 63 45) 18
57: (1 4 15 37 33 35 79 18) (22 80 42 67 64) 14 (13 78 17) 29 (65 27) 10 (48 8 16) 60 (62 68) 9 (36 34) 76
58: 23 (10 33) 64 (6 27 35 62 3) 46 53 (13 67 71) 65 (63 80) (5 21 16 24) 1 (15 78) 30 (54 48 4) (41 34) (61 39 66) 69 37 (42 31 79) (51 55 75 45)
59: (58 29 79 70) 59 (63 80 38 2) 9 22 (77 24) (73 65) (5 23 11 67 40 51 10 56) 72 27 (69 30 53 68)
60: 18 (57 58 62) 1 13 (63 61 16) (47 56 50 9) (68 80) 70 (77 41 52 60) (29 37 17 54 28) 27 (40 10) 32 (35 46 26 8) 34 (23 5)
61: 52 (73 55) 7 57 (36 6 4) (8 11 77 67 69 20) (72 66 54) 59 (47 48 76 65 46 41) 37 42 35 23 49 (13 26 40) 30 21 (32 44) (34 16 9 31 71 10 75 43) (79 58) 78 (61 2) 62 (22 1 15)
62: (7 56) (71 12 20 39) (16 44) (52 59 50) 38 (66 37) (53 69) 40 (63 6 79 3) (48 5 61) (74 70) 14 (28 13 47 8 46) (64 77) 4 (1 9 11 34) (26 17 60 23 21) (15 45) (62 49) 30 31 (65 78) (42 67 80 35) (58 55) 2
63: 47 (60 64 68) 7 (70 14) (52 77 72) 18 (19 13) (48 24 3) 34 37 (29 11) 26 2 (9 58) 71
64: (14 53 69) 51 (13 79 74) (67 68) (4 50) (73 33 59) (43 11 34) 66 49 (8 42 5 10) 29 (65 20) (54 18) 12 2 (36 46 70) 41 47 21 (30 77 61 6) (45 24) 78 (26 9) 60 (63 55) 38
65: (46 23 65 47 19 36 17) (29 74) 57 53 (78 41 76 56) (12 60 80) (70 20 48) 1
66: (23 49) (3 61 32 20) 50 (54 4 37) (24 14) 16 (11 59 55) 41 (53 30) 8
67: 34 (29 6 72 67) 59 (63 61) 65 (52 62) (3 46) (14 75 2 4 70 71 60 68) 73 (24 40) (56 76) 66 51 64 (47 16 79 78) 32 28 (11 39 19 80) (45 25 37 8 18) (23 10 15 48 44 31) 35 53 26 55 (69 43) (57 41 74)
68: 18 (9 37) (20 40 35 10) (59 33 43 24 62 76) 2 (53 60 41) (6 55 22 46 48 45) (49 7) 26
69: (51 14 27 32) 79 76 (62 37 24) (64 5) (45 42 69 53 16 43) 41 54 (19 8 7) (56 1) (21 13 36 59 71 68) (33 15) 75 (20 50 6 26 49) (74 28 3) (67 23 46) 57 (78 2 58 48 63 55 40 70) (4 25) 22
70: 53 23 72 (14 37 1 9 41 3 18 39) (51 58 26) 10 (60 55) 73 (19 63 36) (74 13 31 35) (44 57 40 7 22 47 21 48) (24 28) 77 (20 16) 8 (33 70) 68 (65 15) 67 30 (64 52) 38 (49 69 32) (2 56 46 75 78) 5 (12 11 25 34) (4 62 42 50 17) 6 43 45 (76 66 54 79) 80 59 27
71: (32 6 64 62)
72: 46 80 (60 43) 40 18 (31 3) 36 (73 64 32 14) 13
73: 51 (64 24 21) (80 55) 41 (39 57 40) (50 48 53 27) (45 44) (38 75) 70 76 (3 71 2 58)
74: 72 18 70 (79 9 43) (76 28 36) (56 44) 73 2 (39 25 61 74 71) (23 60) (58 62 54) (49 11) (30 63) 15 3 (38 47) (33 41 52) (46 77) (31 68) 24 (59 17 4) (19 64) (13 22) 35 53 (32 1 78 20) (42 16 50 55 57 34 8 75 69 6) (29 7 80 45 5 65) 40 (26 12 37) (27 48 66) (21 10 14)
75: (75 62) (54 12) 35 (73 79 5 33) (58 50 53 70) (61 31) (17 36) (66 60 11 77 8 3) (26 52) 64 (65 80) (32 40 22 20 13 21) 29 25 9 (56 34 74) 28 (4 72) 48 49 39 (68 30) (6 76)
76: 64 67 35 44 (61 36 12) (46 3 9) (79 31 48 57) 49 43 66 14 (65 73) (7 17) 63 70 54 45 (37 20) (11 40 1) (29 55 42 5 80 58 13)
77: 38 5 20 (10 53 23) 56 (66 12 61 30) 1 (63 59 8 28 29 36 33) 21 26 (9 2) (16 22 55 78 47 40)
78: 58 (46 80 65 18) (30 7) 32 21
79: 74 38 (36 78) 22 61 (70 60 50 28) (45 24 3) 17 (46 58) 25 (67 1 41 19 27 63 13 9) (48 52 14 12 18 54 31 47) (75 23 80 59) 32 (42 7 49) 37 (64 29) (15 40) (4 72 34) 77 (55 71 5) (30 79 6 43 39) (57 68 56 20 69 10 8 2 66) (51 33) 35
80: (7 62 33) 26 70 (66 61 60) (13 68) (58 48) 38 (32 2 74) (49 57 23 6) (53 37 3 54) 17 (8 77) (47 30) 35 (36 76 64) (73 42 14 12 39 28) (75 69) 25 (41 65 45) (19 78 5 24) (34 16 20) (44 59) 56 (11 1 10 50) (51 31) 67 43 (22 71) 15 (63 46 52) (40 18) (21 79 72)
1: 43 21 (79 6) (65 27) (36 69 18 50) (80 44) 60 (25 9 58) (33 34 74 46 61) (26 7 57) 55 11 (28 20) (76 62 17) (40 45) (77 10) 22 51 (15 19 70) 4 (56 35) (53 49)
2: (64 48) (7 59 17) 80 (53 77) (32 36 27 24 9 79) 10 (73 67 61 56) (43 74) (68 28 69) 63 (13 25 70 31) (33 46) (45 62) (22 38 19) (2 20) (11 26)
3: (18 41 76) 34 (75 66) (11 15 53 45 67 5) (13 25) (16 8 69) (79 74 29 70 50 23 37 58) 2 (26 31) 62 (33 36) (73 80 49 35) (63 56) (20 43 72 10)
4: (53 38 69) (26 9) 11 57 31 62 (19 51) 33 (24 66 7) (15 22) (47 43 58) 2 14 64 36 (17 34 74 79 67) 8 (44 49) 10 (25 20 45 61 27 70) 39 (18 5) (48 75)
5: 43 17 (4 5) 41 (53 62 77 76 13 8) 80 34 (36 69) (15 33) (55 25 79 10) 58 16 (31 74 70) (20 37 60 56 45) (22 49 64 59) (27 40) 75 12
6: 67 (45 25 74 34 27) (36 22 50) (15 71 52 13) 69 11 (17 70 18) (7 58 48) (68 75) 62 (44 28 8) 54 64 (19 51 33 4 80 61 20) (43 26) (30 2 79) 21 (35 24) 10 38
7: 42 (33 80 41) (9 26 5 21 16 74) (62 68) (47 45 51 17 10 69 53) (25 61 2) 7 (48 50 8 70) 43 (76 79 78 28) (20 15 63 34 49) 36
8: (43 17 61) (10 67 49) 56 (66 14 36 53 19 33) 28 (47 50 34) 2 9 (51 5 79) (8 21) (60 15 57 12) (64 75 18 69 13) 25 (74 70) (6 77 24) (45 80 7) (62 16 20)
9: 45 17 7 59 (62 70 38) (36 53 26 34 18 15 32) (75 48) 46 (68 51 52 74) (60 25) (33 11 39 5) (41 54 35) 63 64 (79 43 19 57) 76 12 (2 22 10) 28 27 (77 61)
10: (43 70) 49 (34 57 27) 50 (5 74) (59 23 79 53 8) 38 (67 21 31 60 80) 22 61 (45 7) (64 46 24) 17 58 4 (6 52) (68 77 11) (36 56 10) (25 51) (12 19 55)
11: 11 (56 41 7) 8 2 (62 19) (33 67) 59 (74 70 36 23 48 76 38) (35 27) (63 42 28 66) 20 (25 26 30 80 18 31) (40 64) (9 5) 61 (46 15 75 53 17) (45 43)
12: 14 35 47 (16 55) (74 9 62 45) 43 65 (79 52) (34 64 18 36 32 30 48 75) 70 (76 11) 56 (33 38) 53 (17 80) (20 4) (22 5 77) (25 8 26 50) 19 6
13: 51 4 26 19 76 11 31 28 80 (63 72) (62 43) (79 48 15 17 34) 46 (57 70) (61 45 33 30) 53 69 (56 60 7) (13 16) 5 20 (58 74 10) 42 (55 21) (64 75) 36
14: 57 (13 80 66 40) 4 43 17 79 51 67 (36 69 11) (76 70 62) (56 34) 46 74 19 (25 2 5 53) (72 49 64) (10 26) (45 21) (33 28) 24 (27 48 63) (8 22 18) 7
15: (33 74 57 52) (49 70) (69 2) (42 15) (53 21 62) 38 (10 23 17) 7 (50 28) 16 55 (34 36 43 18) 31 (4 67 79 20 56 26 80) (46 13 22 47 58) (35 61 45 11) 25
16: 8 (38 43) (34 36 4 77 58 22 25) (26 61 7) (48 53) (40 31) (32 18 45) (47 44) (70 60 5 66 11) (62 74) (24 20) 67 69 (50 33) (2 17) 51 80 41 55 57
17: (65 7 46) (48 60 26) (8 16) 51 70 33 (24 35 9) (79 5 45) 20 (31 32 36 54 4 10 22 53 56) 57 14 (34 15) 76 (75 80) 42 (12 43 62) 74
18: (44 67 45 47) (46 43 36) (16 5) (8 32) (9 2 22) 18 57 10 (7 79 24 50) 11 (48 26 19) 68 78 (56 33) (53 74) (25 60) 34 80 (51 63 64 28 72 6) 40 (70 20)
19: (53 44 10) 51 (18 15) 79 (21 22) (50 28 26 17 42 65) 80 (70 36 43 67) 30 25 (7 63 34 69) (48 20 12) (33 8) 41 (2 45) (5 13 38 35 74)
20: (79 61) 13 (36 17 70) (80 41) (15 2) 4 (38 27 11 31 33 35 75 28) 5 (21 64 77) (62 48 10) (69 53 76) (65 46 8) (45 66) 20 (34 7) (43 50 26) 74 32 68
21: (13 50) 31 (30 43 19) 69 (38 21 26) (18 6 33) (61 8) (36 10 58 34) (77 75) 80 28 (49 29) (74 40) 73 (11 2 20) 45 62 (48 70) 78 (64 25 16 7 22)
22: 18 (35 19) (69 48 52 80) (51 33 10) 56 34 68 24 (3 61) (57 4) 17 (43 44) (5 8 16 14 26 36 25) (77 79 41 74 70 46 53 38 30 75 50 55 59 49 1)
23: 27 (34 69 53) 67 43 8 16 (33 58 46) (21 61 66) 17 23 59 5 31 9 60 48 (79 45 80) (50 15 74) (62 65 22 25 10 13 2 18 36 6 11) 28 77 70 (24 26 32)
24: 73 (74 12) (2 34) (18 26 80 25 38) (33 21) (22 28 68 35) 36 45 (40 16 19 63 30 79) (7 47) (59 53) 69 (17 67 11 20 27 43) (5 8 48 64 58) 51 (70 6 10) 66
25: 45 (4 18 20) 80 2 53 (34 56 22 70) (25 26 42 46 30) 15 (51 43) (74 6 9) 21 (28 44 49 27 10 7) (32 31 5 69) (79 50) 35 (75 36 47) (33 38 67 14)
26: 21 (37 77) (45 52 12) 8 (17 24 36 62 10 28) (64 34) (49 6 27 43 51 70 61 11) (68 19 60 35 5 9) (69 39) 75 26 (74 56 53 63 22) (80 33 50 67) 7 (20 32)
27: (58 25) (69 57) (56 70 29) 60 (28 13 55) 10 (59 34 50 12 6) (35 15) (49 2) 17 19 (38 51) 31 53 36 (22 9) (73 27 43) (33 45 74 46 18 24) 20 (79 4)
28: 62 (14 56) (79 21 24) (10 30) 12 (18 9 17 29 60) (2 75) (8 19) (32 53) (77 67 45) 52 7 (11 38 15 36) (4 34) (35 22 28 25 13 26) (70 27) (33 69) (74 48 80) 43
29: (25 10 5 64) (65 34) (19 79 57 43) (77 36) 24 (67 21) (46 33 31 76 51 60 59) 63 15 38 (11 47) (16 74) 53 (45 75 28)
30: (22 61) 74 (7 52 42 30 58) (17 19 66) 38 75 (35 34 20) (44 43 25 77 79 16 36 18 40 33) (48 64) (78 80 15 45) (56 41 70 28) (8 24 62 27 59) 11 (2 26 53)
31: 75 5 (67 56) 22 28 (11 9 33 51) (74 53) 50 58 4 (12 48 6) 26 (79 61 76) (46 44) (25 17) (80 43 38) 70 (2 35) (10 36) 15 45 62 (20 34) 72
32: 67 (35 78) (38 26 28) (44 16 8 53 33) (45 43 80) (71 79 24 48 32) (41 69) (74 7) (15 18 61) (3 40 47) (36 11) 22 31 (2 72) 60 (13 5) (25 42 34) 70 (56 20) 9 75 (66 4)
33: (68 11 69) 12 (74 38 52 46) (17 48 45 70) 8 51 (40 32) (18 9) (57 10 43 3 50 80 22 36) (49 26) 6 (64 7 24 34) 77 (58 79) (2 75 53) 30
34: (63 25) (21 61) (45 57 18) 79 (2 24 15) 70 13 58 64 38 14 43 (33 74 60 27 80) (44 8) (17 40) (7 62 50) (34 16 51) (32 75 26 4 22) (42 67 6) 28
35: (67 11) 31 (79 19 57 36 33) (41 74 15) (8 35 22 7 27 10) 62 (32 53) (38 50) (68 80 24 34 58 75 70 2 45) 18 (26 76 61 43 17) (25 60 13 9)
36: 64 36 70 (17 24 26 79) (51 53) (11 25 74) (61 57) (50 43) (76 38) (52 34 46) (33 48) 2 19 (8 65) 18 (77 80 7) 27 (69 22) 28 (13 45 75) 20 (56 10) (15 9 42) (16 72)
37: 48 (18 41 36 80 35 7 46 13 60) 43 (27 69 63 74) (58 33 68) (70 79 30 10 17 47) 4 61 (22 5) (32 62 38 8) 26 45 (66 28) 76 (67 9) (55 15 11 57)
38: (59 23 79 11 16) 48 70 (25 62 55 80) 7 (77 18 45 13 26) (41 2 28) (15 43) 20 64 (46 73) 8 74 24 17 56 50 52 12 9 (33 5) (40 35 36 22 14)
39: 62 (45 48 33 43) 55 (16 18 38 44 53) (73 58 17 70) (52 10 25 80) 8 (32 27 36) (24 79) 4 (74 5 31 20 9) 19 (75 11 67 34 42)
40: 22 17 (21 12 18 73 25 74) (51 4 68) (35 10) (70 7 36) (56 69) (72 53 46 38 31 50) 67 15 (60 61 8) (9 33 59) (19 55) 20 79 (77 75 76) (5 45 62 43) 34 80
41: 16 (67 15 74) (13 22) (61 65) (66 64 43 10 46) (79 51) 7 (33 52 70 55 11) 21 (24 26 68) (73 27) (25 19) 28 2 36 60 (8 53) 6 18 (38 80 56 9) 69 (5 58 48 20)
42: 24 10 (12 45 5 22 36) (48 26 74) (64 20) (4 70) 58 34 (13 69 15) (53 43 18 46 7 8 31 57 37 21 28 62 9 79 50 80 25 27 76 17 33 38 61 56)
43: (68 46 2 79 52) (8 80) 48 5 (34 61 25 20) 76 43 (50 33 45 70) (6 64 74) 67 31 51 28 (53 11 18 16) 15 (17 22 19 69 36) (72 41)
44: (34 7 12) (45 43 48 19) 35 53 44 (21 73 36 13) 50 (76 28 24) 38 (2 9) 46 22 (17 62 33) (70 51 18) 80 (61 31) (26 74) (10 11) 67
45: 67 (30 68 34) (12 73 58 56 69) 53 (33 22) (79 36) (4 10) (28 18) (52 74 25 17 20) 41 (14 64) 80 40 6 (76 13) 7 70 (15 31 26 29 43 35 49 62 8)
46: 13 (28 49) 61 43 50 38 (80 69 20 8) 30 78 (46 76 64 11 3 53 36 17) 6 (24 31 4 67) (2 79) 35 74 (58 15) (16 33 65 70) (26 72) (25 62) 68 (21 60) (48 44 34 10 47)
47: 63 39 77 (2 26 53 20 18) (33 48) (60 45 51 7 56 64 79 17) 62 (50 80 3) 35 13 (43 70 61 15) 36 11 (10 34 22) 74 (32 12 41) (65 28 46 25) 67 19
48: (58 22 75) (6 10 69 8) (80 18 73 30 43) 76 (70 42 11 61 15) (26 46 74 19 2 65 79 62) (34 57 49 12) 25 (68 45 33 31 16 38) (67 32) (63 7) (20 17)
49: (34 51) (10 11 75 48) 80 (26 17 20) (68 44) 49 (35 41) 27 (28 66) (76 23) (12 52 55) 19 15 33 (38 69 61 70) (31 5 74 36 56) (4 7) (2 22 8) (40 64 79 18 45 43 62)
50: 20 (2 44 66) 17 (33 22 15) 80 (7 12) (18 74 37 38) 24 60 27 (73 8 28 47) 19 (75 43) 62 50 (51 56 36) 70 (49 6 11 10 79 64) 69 4
51: 45 18 (12 24) (22 17) (9 25 19 80) 38 (46 15) 67 (26 5 33) (43 34 64) (69 59 36) 10 (58 79 44 51) 70 (41 8) 20 (3 28 53) (49 7) (73 55 48)
52: (54 61 33 62) 48 (70 38) 56 21 (10 79) (41 26) (60 2) 74 67 (8 24 34) (36 43) 16 53 (50 63 51) 6 (80 11 20) 25 75 (18 22) 9 5
53: 20 (2 43 5) (30 55 80 38) (36 40) 22 (8 53 64) 56 58 (7 48) 77 (66 13 59 74) 26 (37 62 70) 75 67 (25 10) (17 35) 73 (28 68) 65 (45 69 34)
54: 32 70 (25 4 34) 2 (27 24 12 80 17 5 66) (69 41 9 51 33 79 7 16 30) (36 8) (23 49 61 45 11) 50 75 (74 43 58 40) (53 26 15 60) (18 64) (10 20) (28 76 48)
55: (48 22 46 34 20 25 11) (10 77) 32 (44 17) (15 30 55 56 5 33 38 9) (28 66) (36 45 61 58 74 43 64 73 68 16) 70 (24 2 79) 18 50 (8 13 23 29 67) (51 69 76 62)
56: (28 55 50) 10 (53 38 34) (33 41 56 36 77) (54 9) (46 26) 3 44 47 37 15 (13 12) 67 (43 80) 59 11 7 (19 2 60 69 70 74 8 20 62 75 79 18 65 17) (30 45)
57: 69 20 24 (48 52) (36 76 5 7) (8 54) (42 44 10) 70 (33 61 67 17 79 19) 45 (49 35 50 80) 4 (43 27) (73 60 56 46) (34 15) (51 74 26 41 22 21 30) 65 11
58: (63 43) (9 50) (80 40) (60 75) (76 24 78 2) (61 8) (6 12 44 11) 62 51 (45 74 22) (70 4 69 17 26 36 38 7 73 59 31 55 18) (19 33 49 79) (25 56)
59: 22 (69 38 23 53) (10 7) (2 28 49 36 20 74 32 12 61) (31 18) (47 17) 43 (79 66 59 15 64 9) (77 24 33 25 51 68 27) 62 (80 11) 45 34 (21 70 4 67 26)
60: (11 38) 35 72 (56 24 36 21 8 63) (41 51 27) (13 18) (7 19) (25 34 43 55) (57 75) (33 31) (46 53) (65 15 28) (67 26) 10 40 (64 62 17) (70 60) (2 45 48) (80 22 74 79 23 20) (68 5 50)
61: (26 13 62) 64 (8 19 53 43) (74 67 14 48 61 36 5 16 2) (9 79 77 4) (7 56 76 75) (22 42) (28 18 58 80 49 45 20 66 50) 11 (60 15 27 33)
62: (8 17 40) (38 71) (57 35) (58 36 67) (68 46 15) (69 75 62 48 70 52 60) (33 45) 16 (50 25 19) (24 2 47 9 80 28) 11 (61 43 34 74) 53 7 (51 22 13)
63: 44 (20 33) (69 24 80 48 46) 45 (79 74 51) (43 7 70 8 59 15 25 10) (36 17) (11 26 62 40 77 76) 47 (52 56 28) 22 9 34 (64 53 37 67 19) 58 (60 27) (50 2)
64: 70 18 (38 58 33 20 11 2 69 8) 16 (28 71 72 63 29) 79 (51 76 45) (48 21) 43 36 46 67 47 (80 35 22 14 49) (57 62 5) (31 41 17 74 7 25) (56 75) (34 73)
65: 35 15 31 (7 40 62 75) (45 23) (78 58 17) (4 48) 2 36 32 (13 53 24) 57 34 (70 8) (25 21 65 47 27 30 43 6 74) (67 44) (80 28 22 64) (5 20) 10 (61 59 26) 76 (51 33)
66: 26 (34 53 22 20) 62 55 67 (50 12) (70 77 36 51) (76 64) (80 46 28 17) (45 11 58 8 30 47) (43 33) (10 79 2 35) (25 74 75 18) (40 61 52 15 27) (31 38)
67: (69 18 57) (76 22 19) 8 (32 41 48) (5 34) 11 (70 80 62) (10 56) (61 53 46 42 44 45) (26 17 49 36 43 13) (7 59) 64 (38 58 51) 33 (20 21) 67 28 (79 27)
68: 25 38 (67 8 41 7) (20 22 48) 75 (69 10 35 60 27 13 4 51 40 80) (43 31) (63 33 11 24 50 26) 15 30 (59 70 34) (53 28 5) (79 57 6) (55 74) 45 64
69: 51 49 (61 24) (2 43) (74 62) (28 69) 8 (7 15) (36 5) (16 50) (18 10) (53 33 80) (27 38) 48 (35 20) (30 34) (58 25 64) 67 (17 70 11) (59 79 45)
70: (51 13 25 73) (45 20) 15 17 (47 27) (11 43 62) 2 70 (46 42 7) (8 60) (48 76) 69 (38 53 39 59 79 65) (49 22 36) 67 (52 64) (75 80 74 63 3) 18
71: 45 (23 6) (52 62 80) (54 33 53 41) 18 (28 22) (79 17) 43 34 9 (61 7 4) (56 13) 5 (20 46) 73 (69 58) (40 63 3 27) 36 (74 26) (47 8 67 10) (21 11)
72: (75 61) (27 26 70) 59 (23 10 7 28) (32 74 38 33) (63 54 45 51) (34 53 11) (20 48 41) (31 49 46 15) 8 (18 43 67 79 17) 36 (80 56) 4
73: 72 17 (61 42) (56 39 80 49 11 34 4 48 70 50 22 26) 36 (45 33 25 20) (74 40 2) (53 46) (7 59 64 18 10 15) 75 67 8 (43 76 41 28) 12 5
74: 34 (51 2 10 17 69) (43 65) (36 11) 6 (53 28 18) 80 (20 38) 16 70 74 3 46 (42 37 30) (79 54 75 22 24 64) (50 5 9 31 4) 33 (25 62 45 27 7) (12 48) 67
75: (51 42 69) (58 20) (75 73) (70 18) 31 (74 48 17 10) (15 55 5) (80 79) 46 (61 53) (19 29 34 67 38) (3 23 21) 33 (25 45) 43 (14 52 35 28 8) (6 36)
76: 36 65 17 (38 16) (73 51) 20 12 (35 48) (70 13) 69 11 (50 28 7) (80 5) 18 (34 45) 43 (46 22 33 61 75 74 10) 67 (49 57 9) 68
77: (64 48 11) (59 10) 2 (43 8) (41 17 33) (70 26 36) 50 74 60 (61 75 62 24) (32 22 21 9) (38 53) 80 (4 79 39) (5 45) (63 18 31)
78: (67 55 33) (42 46 69) (8 47 13 80) (15 70 36 57 21 43 17 65) (26 9 28 79 52 51) 61 53 6 38 (30 7 12) 64 27 (45 77 58) (4 2) (11 62 5 20 34 74) 31 19 25
79: (49 44 75 5 74) (2 45 33 35 43 80 37) (70 20) 57 (4 34 26) 67 9 69 41 55 (24 22 23) 47 10 (46 79) 28 (54 18 76 19 59) 11 (58 62) (64 53) (48 40) 61
80: 72 43 (25 56 13 74 15) 23 (20 36 58 4) 24 6 8 57 (22 45) (28 18 35) 12 (47 59 34 9 10) 38 65 42 (51 67 79) (75 70 60) (76 48) (17 55 73 33 11) (62 26) (78 2) 21
