50 50
1: 39 32 6 40 15
2: 22 18 43 30 6 23 49 42 48 45 7 24 38 46 31 21 14 4 16 1 29 8 11 47 35 34 32 41 5 9
3: 20 17 22 34 3 40 26 27 23 15 41 7 43 29 1 44 38 10 33 37 8 45 4
4: 1 48 35 42 9 3 33 16 11 47 10 30 43 5 4 40 8 12 28 46 20 38 50 34 27 41 29 17 44 31 18 22 7 37 19 45 36 13 21 2 39 25 14 15 23 6 26 49 32 24
5: 32 37 20 2 26 36 50 7 4 44 22 30 34 1 35 14
6: 34 24 26 3 46 16 39 6 36 19 15 32 43 1 14 9 23 49 41 21 20 44 48
7: 39 49 17 7 36 4 48 23 33 25 30 40 34 8 35 47 2 19 50 10 12 16 5 11
8: 20 46 44 3 38 5 17 19
9: 12 49 3 28 37 18 4 45 5 25 50 13 16 30 2 38 26 40 33 44 29 21 22 9 42 10 7 46 19 24 14 43
10: 27 17 15 37 9 39 16 33 10 31 36 47 28 3 8 21 6 42 46 12 22 30 50 40 14 4 29 48 49 19 41
11: 8 16 23 19 7 44 45 21 40 37 29 43 35
12: 4 9 11 34 40 28 17 43 25 23 31 6 36 33 3 12 13 5 46 14 16 41 29 49 20 45 35 10 44 15 38 30 7 2 1 24 50 48 8 42
13: 1 15 13 22 40 36 45 11 39 42 21 33 41 35 27 6 16 23 10 25 49 32 46 17 3 26 30 38 29 43 8 2 44 18 37 50 7 4 14 34 12 9 47
14: 9 14 1 23 12 48 22 32 24 37 41 36 38 11 3 43 42 47 44 5 4 34 29 18 26 8 27 49 6 17 39 20 35 21
15: 6 19 35 9 5 21 29 50 2 11 16 10 14 31 15 3 13
16: 19 7 28 10 13 25 22 4 43 39 38 16 32 17 50
17: 50 49 1 7 38 9 44 32 11 16 46 47 34 36 10 8 27 39 3 26 20 21 31 25 37 30 43 42
18: 20 11 19 26 18 14 28 37 40 29 33 21 43 10 44 36 12 8 48 4 50 25 31 1 39
19: 34 4 14 11 41 45 19 42 22 38 25 24 16 21 43 5 36 47 12 31 27 26 1 17 6 49 48 35 28 18 10
20: 3 9 42 31 30 37 2 40 8 28 27 35 36 18 32 33 48 16 50 7 49 10 45 22 46 5 39 14 38 44 29
21: 9 30 50 22 31 16 47 44 38 25 4 24 1 36 17 10 15 42 2 6 11 7 8 27 29 5 23
22: 17 7 50 48 46 9 1 40 14 35 36 29 27 16 11 3 39
23: 25 34 9 44 35 6 47 40 46 49 24 2 26 8 32 3 16 11 36 21 50 10 7 12 19 22 37 18 48 39 29 14 5 4 42 15 33 38 1
24: 11 24 5 13 49 48 50 10 7 35 2 12 45 39 8 29 21 43 44 47 23 18 41 37 14 42 9 27 22 33 15 17 28 6 4 26 34 38 30 19 32 31 36 16
25: 19 27 11
26: 6 31 47 20 21
27: 26 8 24 48 12 23 34 14 16 4 1 15 47 3 39 7 19 35 43 45 5 38 30 11 44 40 9 22 42 46 18
28: 38 49 15 44 9 18 25 45 13 29 16 35 46 20 33 3 11 14 36 47 37 40 28 30 43 32 31 23 50 12 22 1 27 6
29: 7 13 24 18 20 17 5 50 41 12 28 9 44 30 23 43 48 21 27 29 47 46 1 35 22 4 15 33 6 32 8 42 16 37 39 40 36
30: 32 9 25 15 6 44 41 39 10 8 21 26 40 3 18 48 4 17 24 30 2 31 35 45 33 37 11 50 23 28 34 38 47 16 46 42 27 7 19 1
31: 40 39 42 44 37 4 18 25 8 29
32: 41 38 40 47 39 31 28 29 1 37 20 26 19 8 18 44
33: 41 32 40 8 31 33 16 11 17 45 20 34 15 4 24 50
34: 47 42
35: 33 46 39 29 13 28 6 20 34 21 12
36: 5 9 43 34 25 3 18 4 44 17 8 21 1 6 16 32 19 37 30 13 15 33 14 50
37: 35 13 39 17 31 21 28 32 49 25 38 20 12 37 9 4 23 1 42 24 33 29 8 18 46 44 40 19 14 11 50 26 47 16 6 3 43 34 22 48 7 36 30 41 15 2 5 10
38: 44 14 25 34 23 21 26 19 16 5 1
39: 9 12 33 2 4 49 46 7 3 11 36 35 6 41 50 24 39 8 48 1 42 19 44 27 13 22 10 37 31 30 5 38 43 18 23 15 28 14 34 16 26 25 32 40 20 47 45
40: 26 34 31 39 45 35 14 29 21
41: 38 16 1 13 48 31 46 44 23 22 7 28 29 11 19 39 9 43 33 35 17 27 30 34 4 20 8 18 25 40 2 50 37 24 42 47 21 14 5 45 32 10 6
42: 39 17 22 50 29 18 43 47 36 11 38 13 3 44 23 40 10 35 14 30 33 49
43: 2 28 45 4
44: 32 48 14 49 2 19 6 8 37 24 47 27 22 3 39 41 29 1 50 20 45 43 30 25 11 7 33 17 28 36 42 44 46 4 15 21 26 16 31 5 18 23
45: 42 38 14
46: 38 36 33 44 26 31 42 22 6 15 45 28 3 25 39 27 35 8 49 48 32 2 10 30 41 14 40 11 1 16 34 19 7 37 13 17 4 21 50 23 5
47: 39 29 38 50 2 27 24 40 7 46 15 10 11 30 18 31 4 20
48: 20
49: 38 5 30 35 2 6 39 14 12 22 34 15 42 18 3 25 43 47 48 8 17 49 23 40 37 1 32 19 20 31 21 9 16 26 33 50 7 44 11 46
50: 46 22 34 10 36 19 24 47 28 31 45 2 25 38 35 42 29 7 3 32 50 27 48 15 5 30 8 44 20 33 4 13 43 39 17 9 16 23 11 49 40
1: 30 32 22 44 (23 37) 13 17 46 12 (4 19) 14 27 29 18 (21 36) 39 49 28 3 2 6 5 38 41
2: 24 44 15 47 49 5 46 (39 43 12) 20 (30 9) 4 41 21 (37 7) 13 50 23
3: 8 28 30 22 37 10 50 36 39 42 14 44 49 15 20 13 27 23 46 3 6 (12 17) (4 9)
4: 31 37 16 19 (39 24 29) 18 3 (9 7) 27 14 33 4 (47 50) (5 43) 36 44 21 12 2 23 30 13 10 46 41
5: 24 (50 46) 36 7 37 38 29 (12 20 9) 23 (27 8 21) 41 4 14 44 15 19 49 39 2
6: 37 19 14 29 10 23 28 46 15 44 4 (1 39) 21 13 6 12 35 (41 26) 49 30 24 36 2
7: 37 (47 21 9) (13 3 22 50) 5 (17 44) (41 24 30) 49 12 23 29 20 2 11 27 39 4 46 7 16
8: 36 23 (21 41) 2 11 44 3 46 27 30 49 10 29 (20 33 7) (31 4) 14 (24 12) 17 13 32 37 50 39 18
9: 21 22 2 (23 50 36) (28 12) 30 27 49 (24 17 6) 39 41 14 10 9 4 20 37 13 29 15
10: 16 10 (9 24 47) 4 42 12 19 13 (18 46) 7 (21 20) 17 3 30 41 (23 50 37) 39 15
11: (24 49) 33 28 (7 17) 39 (44 18) 21 (37 23) 12 15 2 50 (41 27) (47 46) 30 42 (25 19) 4 14 13 22
12: 37 24 (14 28) 39 19 (23 18 10 9) (4 13) 12 27 35 49 7 29
13: 13 24 42 29 (9 50 12) (39 37 35) 46 28 41 15 16 36 4
14: 28 37 4 (2 24 15) 44 18 (38 9) (45 36) (40 22) (19 27) 14 (5 39) 49 (41 20) 13 (42 6) 12 46 10 23
15: (24 36 12) 3 4 6 37 50 21 13 46 29 47 (30 15) 27 49 44 33 10 (39 1 23) 28
16: (6 11) 28 (27 12) 33 39 37 16 29 36 24 (49 15 41) 46 13 10 (19 22) (7 4) 23 50 44 9 30 38 2 20 17 21
17: (50 19) 8 36 29 (22 3) 42 7 37 44 21 33 12 46 14 4 16 13 10 49 (41 30) 24
18: 18 37 32 29 (14 4) 31 39 24 19 (36 28 13) 9 2 47 27 (20 30) 44 49 42 (23 41)
19: 18 25 (37 30) 38 10 39 (7 9) 15 32 49 6 19 11 50 24 23 16 46 27 8 4 44 36 41
20: (3 14 47) (35 37) 50 6 28 48 39 5 (49 41 8) 44 4 32 26 17 (12 33) 18 29
21: (35 44) (40 9) 29 46 37 30 (15 36) (23 38) 18 11 (13 10) 49 41 6 24 2 17 26 4 (19 14)
22: 16 5 14 41 (4 37) 13 10 21 27 19 24 23 (39 9) 49 (46 29) 44 (28 20) 50 3 2 42
23: (49 4) 6 (30 39 2) 12 37 (11 14) 28 13 (41 50 29) 21 (46 44) (42 27 3) 24 38 7
24: 24 27 44 6 30 2 23 41 19 14 29 37 33 39 12 (21 47) (50 4) 9
25: (38 16) (18 4 50) 21 12 41 37 (36 9 7) 31 (13 23) 39 (49 30 28) (44 19) 17 46
26: 13 9 (44 49) (23 14) (17 32 39) 19 6 (37 46) 27 18 4 (38 40) 5 3 24 30
27: 10 (44 41) 29 22 3 4 (30 25) 19 50 39 (28 17 46) 20 13 14 21 47 24
28: 32 4 44 39 46 10 43 41 9 30 29 20 50 24 12 35 18 16 28 19 37
29: (35 50) 10 15 (37 28) (20 23) (24 41) 12 4 47 (13 29) 31 32 (2 40) 21 9 44 42 18 3 14 22 11
30: 27 44 5 7 9 24 (2 49) 20 29 12 36 (37 46) (13 39) 30 50 41 (28 10 47 42) 17 21 4
31: (18 39) 37 10 (50 44 19) (40 28 24) 12 46 15 4 2 47 26 17 32 41 21 (20 49 33) 30
32: 13 (39 24) 2 36 (23 6) (37 28) 4 33 41 46 (16 49) 14 30 1 (29 44) 20 5 (50 17)
33: (20 41 35) 42 30 18 49 23 4 33 44 36 37 (46 10 29) 39 12 9 3 7 24 (13 28) 50
34: 38 41 6 23 36 4 39 49 2 30 37 12 27 (13 17) 50 19 35 33 5 (24 3) (7 14) 46 40
35: 29 13 30 (49 19) (50 11 20 40) 39 28 4 14 (46 5) 24 42 (7 12) 37 15 27 2 23 22 41
36: 5 42 17 12 4 21 7 28 10 18 (44 23) 37 24 14 39 20 (13 22) 19 46 6 29 50
37: 32 (28 11) 20 23 36 13 29 41 37 17 30 3 (4 5) 9 18 46 39 (24 10) 14 44 49 31
38: (20 21 3) 50 42 37 (28 32) 14 30 4 (12 9) 47 45 (23 24) 17 (19 27 13) 41 2 8 46 39 16 49
39: 37 13 39 29 18 (23 47) 46 32 42 30 6 (14 22) (35 44) 41 (31 40) 27 7 17 49 50 20 4 (10 24) 16 1
40: (46 42) 1 29 3 50 37 13 22 11 39 33 41 (18 49 31) 30 (32 10) 9 12 23 20 47 (27 7) 28 4
41: 44 (33 30) 4 (19 6) (13 24) 46 3 (14 32 10) 2 12 37 29 39
42: 19 20 9 34 2 29 24 12 30 46 37 41 14 13 50 44 (49 39) (17 27) 10 (45 23 4) 31 21
43: 17 11 4 (3 12) 18 50 6 37 (44 2) 13 29 49 16 41 (24 27 42) 19 9 36 14 28 39
44: 21 (31 46) 6 17 13 32 38 30 (50 20) 24 5 (4 12) 8 14 9 (11 27) (39 18) (44 41) 36 3 37 23 (49 28) 29 42
45: 44 (39 19) 40 27 11 30 2 9 (24 4 20) 46 33 13 3 (50 43) 28 (12 41)
46: 41 (9 30) 39 (49 10) 13 4 27 37 2 8 35 (17 28) (20 6) 23 47 44 12 29 50 22
47: 4 (28 2) 27 41 (26 50) 42 24 21 19 39 37 (32 14 7) 13 23 (44 49) 30 17 34 29 10
48: 27 50 46 12 30 10 (29 2) 14 49 6 20 39 4 7 (41 22) 23 24 (37 18 44) 19
49: 13 42 17 37 28 20 (46 10) 24 50 19 12 (44 6) 9 49 4 14 2 23 39 7
50: (12 33) 50 (37 44) 42 28 23 7 5 36 17 46 30 21 13 41 47 15 49 16 20 22 24 9 10 39 29 4 18
