50 50
1: 11 31 9 49 24 17 40 12 23 42 35 47 26 15 2 21 20 10 25 27 41 13 36 7 4 48 1 46 19 45 18 8 43 16 29 38 3 33 5 32 22 37 14
2: 33 43 17 35 10 16 9 24 49 41 2 38 21 8 3 6 27 12 22 40
3: 3 4 40 47 46 26 36 7 39 2 41 45 35 20 29 30 6 17 1 49 34 10 16 43 32 31 9 27 11 22 25 12 33 42 38 14 15 13 37 19 5 24 28 50 18 23 21 8 44
4: 10 17 29 43 11 5 45 13 46 42 25 48 2 28 27 31 34 30 21 8 7 24 18 1 4 9 41 26 49 3 32
5: 40 26 22 32 2 10 21 15 4 47 17 24 8 35 5 11 1 12 29 18 19 34 6 3 43 37 28 7 9 50 13 16 45
6: 1 12 43 4 38 44 7 45 35 41 8 17 50 20 48 21 6 16 5 30 25 46 3 49 23 15 31 39 42 33 9 32 26 10 22 13 37 47 34 40 29 28 27 18 2 14 24 36 11 19
7: 4 29 16 27 18 40 15 31 43 30 37 17 25 24 10 44 1 13 32 33 3 8 34 39 48 2 50 23 12 46 42 6 14 38 47 20 49 22 21 26 35 11 19 41 5
8: 39 21 8 15 23 24 27 47 33 42 16 29 35 36 5 12 49
9: 8 47 36 21 34 29 26 15 39 48 9 13 35 1 18 46 28 11 12 17 50 24 41 14 16 2 25 30 49
10: 20 2 32 40 47 11 41 15 4 26 5 43 1 17 50 14 25 19 45 36 24 8 13 35 49 27 9 38 23 3 39 16 29 7 10
11: 7 45 33 34 11 9 40 30 49 6 28 14 26 42 3 13 18 2 12 32 19 36 31 10 38 20 27 47 16 46 35 39 29 48 43 37 1 41 17 23 15 44 50 24 4 21 22 8
12: 44 39 47 23 30 31 27 11 43 12 1 16 45 9 18 28 4 40 29 14 50 34
13: 43 4 45 6 5 14 22 2 9 25 18 3 21 46 1 49 37 8 35 36 28 12 44 33 15 13 38 42 16 31 48 11 40 50 34 32 27 24 10 17 39 30 23
14: 5 14 34 1 7 39 37 21 42 49 19 9 15 6 50 48 45 22 46 31 16 11 10 41 36 23 26 33 24 38 17 44 3 35 29 40
15: 15 50 42 10 39 20 13 40 47
16: 24 43 32 20 30 45 50 10 19 29 6 38 46 2 7 39 44
17: 2 25 35 31 30 16 43 13 14 29 36 17 28 34 48 40 38 37 21 7 5 42 9 3 33 39 12 22 24 18 19 26 50 10 20 49 23 27 41 47 11 8 46 4 1 45 6 15
18: 2 31 20 38 47 15 26 22 44 17 32 13 24 49 43 48 35 42 19 5 39 12 23 10 3 29 4 25 21 6 33 34 37 16 36
19: 36 4 1 18 47 11 40 31 27 44 29 46 38
20: 18 44 2 8 12 1 37 43 11 10 33
21: 10 31 39 34 9 49 17 6 13 43 11 38 19 47 24 28 27 41 32 42 44 4 29 1 25 40 33 37 50 22
22: 46 26 24 34
23: 14 45 2 48 3 32 50 43 12 36 30 11 16 7 17 25 21 47
24: 39 15 29 41 6 10 23 7 12 45 35 38 21 16 24 31 46 1 22 48
25: 6 7 43 42 37 48 25 16 30 11 12 28 3 5 24 17 4 32 2 20 13 8 33 49 21 1 41 14 50 22 18 9 44
26: 12 47 8 35 48 14 19 18
27: 26 41 4 32 28 14 6 23 7 45 11 9 50 13 31 21 33 24 18 48 15 44 49 36 22 40 16 19 37 27 29 47 5 43 25 17 38 1 34 10 8 2 12 3 35 20 39 46 42 30
28: 13 5 50 29 8 49 43 34 40
29: 16 9 25
30: 15 36 11 19 16 47 28 44 21 46 9
31: 14 32 45 43 42 16 41 33 25
32: 46 21 47 1
33: 37 27 19 29 30 43 33 46 24 34 10 31 7 11 35 48 36 2 8 28 21 26 25 20 12 41 18 32 1 47 40 3 39 16 13 4 15 44 6 42 22 50 5 45 38
34: 28 7 16 19 23 32 41 10 38 27 3 31 22 29 12 46 43 24 5 18 20 47 6 37 8 30
35: 18 4 27 26 49 22 20 3 32 30 34 13 47 46 43 15 44 28 25 29 24 16 10 1 38 42 36 19 12
36: 50 35 30 42 28 31 7 24 11
37: 14 17 18 20 27
38: 3 42 44 21 39 50 28 45 48 24 43 12 32 19 34 2 33 31 8 4 35 38 6 30 11 17 22 10 9 18 40 5 41 1 23 7 47 36 37 26 14 13 16 15
39: 42 24 25 46 29 18 48 7 28 14 23 5 17 9 20 3 19 10 16 39 6 21 13 36 8 41 4 26 22 15 50 31 11
40: 43 25 35 50 41 29 37 32 19 27 44 13 45 15 26 48 12 10 31 38 40 17 9 8 1 14 30 11 4 46 49 21 6 5 28 47 42 7 3 23 34
41: 24 43 12 44 47 3 19 20 42 17 9 34 49 13 41 18 1 27 21 14 5 50 30 48 32 4 6 7 40 26 36 15 38 39 35 10 45 2 37 33 11 25 31
42: 28 18 25 49 37 11 34 22 2 13 19 44 26 15 17 29
43: 23 12 3 8 5 21 28 22 38 46 2 34 20 44 25 40 50 29 1 42 33 18 36 15 13 37 10 14 9 35 6 32 43 39 17 31 4 24 7 26 19 30 27 47
44: 26 43 32
45: 14 13 32 33 46 30 1 48 7 41 10 16 37 17 39 45 47 2 3 9 50 34 38 28 19 15 40 18 5 4 43 23 27
46: 21 36 14 16 44 11 17 23 33 49 27 19 40 28 37 9 22 1 20 34 15 43 30 7 3 31 25 6 5 2 13 50 18 35 46 12 24 47 39 10 41 45
47: 37 3 21 12 19
48: 32 39 42 44 9 33 26 37 41 43 22 29 16 23 1
49: 17 34 36
50: 42 48 6 2 17 3 46 18 50 44 39 33 32 15 8 14 23 5 28 21 30 43 40 13 7
1: 25 17 19 6 (1 9) 5 (13 48) 14 11 33 (21 43) 32 (38 40) 41 20 27 35 12 10 7 45 46 4 3 24
2: 9 3 46 38 43 33 4 (17 6) 1 (50 42) 2 7 20 11 16 27 18 45 13 10 (41 5) 23 25
3: 33 34 38 47 41 45 50 10 3 (13 40) 6 23 7 (17 39) 18 35 11 (4 46) 27 2 (25 43) 14 (5 1)
4: 21 45 4 13 (41 3) 1 40 43 5 25 (11 17) 6 (18 10 7) 38 (33 39) 27 12 19 35
5: (28 25 5 50 46) 1 17 13 4 14 8 6 38 43 10 (3 18) 34 40 7 33 39 27 45 41
6: 50 34 (27 7) 17 2 25 3 (46 16 33) 24 5 43 41 (21 39) 38 40 (14 6) 18 13 11
7: 5 43 34 33 3 25 (41 4 16 14) 40 46 (6 1) 38 (11 45) 27 50 17 24 36 23 10 39
8: (13 5) 10 11 (34 7) 33 1 26 43 (38 40) 39 27 (50 8) 28 2 (20 17 25) (4 3) (6 9)
9: 29 43 12 (13 9) 38 30 (17 21) 10 (41 1) 5 4 27 45 3 25 6 48 2 (14 11) 46 (39 40)
10: 3 43 24 (7 4) 27 2 5 41 10 45 21 15 38 14 20 11 40 18 13 17 6 1 33 (39 16) 46 35 34
11: 5 46 (12 11) 17 40 19 (33 27 25) 41 1 3 36 20 (14 38) 6 13 (10 7) 23 9 4 (39 21) 42 30
12: 9 7 (46 38) 24 20 5 11 2 41 33 1 34 40 8 3 17 47 35 26 12 (25 13) 27 6 18 43 23
13: 11 43 5 46 4 7 (50 45) 10 9 38 (25 18) 28 6 15 (41 21) 40 13 33 (39 1) (27 17 42) 3 35
14: 46 39 40 31 (14 11) (25 13 12) 7 (41 1) 6 10 3 50 9 38 43 27 45 17 26 37 23
15: 14 39 9 5 15 42 3 18 (7 17) 10 41 35 (27 11 30) 24 45 33 13 40 50 (6 46) 43 (1 38) 8
16: 30 (14 1) (10 35) 31 45 (13 9) 33 46 (27 3 17) 12 (2 18) 6 7 11 5 (48 39) (29 24) 25 23 38 8 34
17: 4 5 (13 7) 6 25 38 3 (41 27) (43 2) 50 1 37 21 17 (49 18) 39 (40 9) 14 23 46 (42 10) (11 45)
18: 20 9 35 11 (38 25) 17 42 12 34 45 7 43 (41 13) 33 50 37 26 3 (5 27) (6 39) (4 1 19) 46
19: 33 43 (1 38) (26 40 34) 16 17 (35 10) 11 39 3 45 27 (47 21) 30 42 (6 14) 46 5 18 (7 41)
20: 33 (6 25) 37 (39 46) 27 7 17 (35 18) (11 16) 10 (34 1) 15 (43 3) 41
21: (43 30) 47 33 2 11 38 7 5 (25 17) 46 39 18 41 14 40 27 6 4 9 (8 13) (3 23) 32 50 1 24
22: 21 3 (48 46) 39 (35 13) 17 (6 1) 33 42 18 43 7 14 11 5 27 38 34 24 25 2
23: 43 40 7 45 34 24 14 10 48 27 12 13 (50 39) 46 (1 11) (17 38) 8 3 6 18
24: 27 14 34 4 6 43 46 (13 10) 1 2 3 (38 36) 9 18 39 11 24 21 35 22 (41 5) 16 (8 33) 17 7 25
25: 25 27 4 (3 42) 13 40 (17 18) (29 10) 6 7 35 33 (41 1) 21 9 31 23 43 46 39
26: 40 (22 10) 42 1 43 (7 39 9) 41 38 35 11 (33 6) 4 48 3 44 27 5 14 18 17
27: 21 (33 10 46) (41 1) (45 8 3) 2 4 19 (27 7) 43 (11 6) 37 40 13 12 35 34 17
28: 36 13 39 42 38 (6 12) (11 50) (43 17) 3 4 35 (30 25) (21 5 9) 34 33 40 46 (27 45)
29: 5 39 4 21 6 (17 42 16) 34 8 (9 1) 48 33 (35 14 12) 24 40 (7 43) 19 3 28 10 18 27 11
30: 13 6 50 (25 41) 36 4 (46 40) 35 27 33 (23 17) 3 12 16 (7 45) 43 38 34 9 11
31: 12 13 19 17 1 38 (4 21) 18 43 (33 40) (27 6) (3 11) 14 (41 36) 39 (46 24 34) 7
32: 13 31 11 6 35 (23 27) 50 48 45 43 10 21 25 44 1 (5 33) 40 18 34 3 16 38 7 (41 4)
33: 38 21 50 2 45 41 (11 25) 17 (48 20 27) 33 18 8 13 31 46 1 6 43 14 3 7
34: 5 33 35 14 28 45 40 18 9 38 42 (3 21) (43 22) 4 27 (11 17) (41 6) 13 (49 7) 12 46
35: 38 7 40 18 13 6 (36 2 5) 27 (3 10) (26 43) 24 33 (11 14 17 9) 1 41 8 46
36: 33 9 13 17 (43 14 8 46) 39 (38 30) 6 (49 10) 35 19 41 (18 1) (23 3) 27 11
37: (42 21) 40 48 7 18 5 (47 1) 6 38 13 17 (41 34 25) 43 33 3 45 20 46 14 11 27
38: 17 10 41 (6 45) (16 11) 18 14 19 2 24 38 13 1 35 21 40 34 27 33 43 3 7
39: 15 10 7 14 13 (48 45) 9 12 (3 39 11) (17 50) 46 8 33 21 41 27 (43 24) 18 (6 38) 16
40: 40 11 43 13 45 33 12 41 38 10 28 7 21 (3 17) 1 19 (6 50) 5 2 (15 27 46) 14
41: (14 41) (27 45) 25 (46 17 40) (39 21) 24 3 31 38 2 11 6 10 7 4 34 48 1 33 9
42: (40 11 33) 8 1 15 4 48 (35 41) (39 13) (7 36 3) 31 14 (38 27) 17 18 43 (6 21) (25 50)
43: (38 40) (48 13) 27 45 12 34 10 18 41 (6 4) 1 (50 28) 7 16 33 17 5 2 43 3 44 (25 46) 20 21 (23 11) 35 31
44: 18 19 41 16 (20 14) 40 13 27 (3 43) 35 50 42 46 (30 7) 25 38 48 11 12 33 21 6
45: 5 38 41 14 (17 3) 40 4 (1 12) 11 33 46 23 13 6 31 (45 10) (16 27) 24
46: 39 7 (40 1) 34 50 4 9 (17 27) (43 16) 22 6 (45 14 11) (32 19) 3 46 35 (33 30) 13 24
47: 38 34 30 7 (17 45) 46 18 8 15 5 35 23 6 10 32 11 12 27 33 (41 40) 19 9 3 1 43 (21 26)
48: 26 13 (14 25) 4 24 (9 39) (6 7) 45 27 50 40 (18 41 17) 33 11 38 23 1
49: (28 14) 21 2 17 42 9 6 41 1 4 35 (25 40) 8 (11 46 7 3) (10 18) 27 13
50: (16 45) 33 41 25 7 (6 5 21) 12 13 10 9 23 38 (50 14) 39 3 43 (17 40) 15 27 (11 36) 28 46
