50 50
1: 47 39 23 21 6 48 49 18
2: 12 20 11 44 47 28
3: 15 37 16 3 13 31 12 26 42 22 47
4: 49 14 2 41 43 33 38 50 29 37 48 19 32 3 39 4 11 7 27 34 30 12 35 5 18 1 31 8 26
5: 20 7 22 45 50 4 23 46 3 38 8 15 36 47 34 27 10 19 30 43 35 9 5 2 44 48 49 37 13 11 39 1 21 31 29 41 17 12 6 14 40 25 24 18
6: 34 33 31 8 7 40 10 1 35 9 14 6 3 29 50 16 42 26 21 20 44 5 43 24 19 12 25 17 18 49 4 2 22 45 41 39 36 11 38 37 48 27
7: 19 24 16 26 14 37 30
8: 3 22 19 48 14 18 21 37 20 4 40 24 46 33 47 11 43
9: 26 15 12 32 41 18 24 38 23 30 2 45 34 48 20 1 5
10: 37 30 1 8 27 48
11: 8 49 4 29 7 28
12: 22 25 49 32 50 33 16 6 36 1 14 9 30
13: 14 3 23 19 47 21 37 9 5 11 49 28 31 13 18 50 45 42 20 24 43 10 6 1 4 38 41 44 39 7 26 32 36
14: 38 30 40 37 31 4 17 14 2 8 41 16 22 12 10 11 1 5 24 20 28 32 45 36 13 9 6 3 43 46 29 21 42 49 19 35 34 44 23 15 27
15: 34
16: 48 35 42 25 6 30 5 13 27 47 50 17 31 12 3 1 33
17: 33 14 11 41 31 1 34 49 6 47 30 36 45 28 2 24 29 50 22 32 43 21 38 35 15 8 4 39 20 7 23
18: 23 46 31 16 32 26 39 17 7 43 6 38 5 15 20 50 12 24 11 33 2 35 9 37 41 3 10 19 21 25 45
19: 45 19 7 16 37 27 4 12 8 21 39 49 40 2 10 38 34 31 9 5 25
20: 45 22 7 38 18 25 20 8 13 50 33 44 24 19 10 47 37 26 36 15 14 5 46 1 11 48 17 29 21 12 3 28 34
21: 25 31 13 15 42 2 32 47 19 27 48 10 3 14 33 1 8 28 6 20 9 4 7 35 22 11 17 21 5 29 46 38 49 50 34 44 41 45 40 26 24 18 43 12 39
22: 18 17 49 14
23: 19 44 47 39 12 2 4 23 45 22 38 9 37 29 14 48 30 10
24: 27 37 9 46 3 50 39 45 44 24 20 35 10 42 7 15 43 38 19 26 32 1 33 29 8 41 30
25: 1 21 50 5 25 24 47 12 16 14 34 39 3 45 48 4 10 40 27 6 22 41 35 11 44 33 9 20 13 17 43 28 26 15 19 36 7 2 49 29 46 18 30 42 8 31 37
26: 4 47 15 20 27 34 14 44 23 38 43 7 21 36 11 2 35 37 19 31 10 24 40 48 13 22 29 25 8 30 26 5 28 41 12 46 3 16 1 9 18 49
27: 38 33 47 29 43 8 18 5 35 39 19 2 11 3 30
28: 47 33 30 2 13 19 46 10 40 27 23 31 29 7 17
29: 12
30: 2 26 12 40 48 8 4 27 15 41 10 45 6 39 47 44 38 11 33 24 29 46 25 1 30 14 50 32 36 35 23 49 7 28 37 20 9 22 18 16
31: 14 22 48 10 23 18 7 24 35 43 42 4 28 44 13 49 21 25 40
32: 43 7 17 36 8 13 30 49 9 47 35 46 5 41 15 39 29 12 22 14 50 37
33: 50 29 49 47 8 11 26 45 19 39 37 48 21 44 25 43 1 46 17 20 24
34: 26 18 39 28
35: 29 39 3 17 27 34 46 20 40 44 43 15 2 5 6 19 25 33 47 31 42 16 23 28 50 14 8 48 24 18 38 21 7 49 32 11 9 13 36 12 30 41 10 37 26 35 1 4 45 22
36: 7 8 21 25 4 19 10
37: 45 40 36 26 11 13 50 6 38 25 3 33 46 22 8 4 1 23 12 44 17 18 2 16 41 24 49 42 5 31 9 30 37 29
38: 38 49 35 8 48 44 2 23 19 22 25 10 9 17 6 26 39 18 3 5 1 12 31 21 33 42 28 43 36 40 47 30 15 50 46 13 34 14 27 29 11 24 32 41 37
39: 24 29
40: 21 42 14 6 27 39 10 12 4 48 49 25 13 7 1 2 29 3 37 24 30 36 44 34 38 19 33 8 41 16 31 35 45 18 26
41: 13 15 42 21 39 14 16 37 44 19 22 48 24 7 45 29 23 47 46 2 12
42: 19 22 24 3 7 40 4 41 28 1 13 15 45 44 33 2 31 21 47 43 48 27 9 49 39 12 10
43: 49 18 4 13 47 22 45 25 38 34 48 29 19 33 10 27 15 30 5 28 35 46 21 37 6 43 41 39 44 31 7 24 12 42 11 40 8 26 3
44: 33 38 20 50
45: 11 6 15 24 8 19 17 34 30 40 32 22 3 27 28 4 46 9 44 16 37 49 13 33 39 1 25 41 21 29 20 26 35 14 36 31 12 23 47 43
46: 22 8 18 34 36 14 46 32 13 7 43 42 9 4 50 25 39 21 1 26 28 20
47: 20 16 15 1 19 38 24 39 47 33 30 34 10 46 17 6 41 8 37 25 26 7 18 5 36 49 29 45 14 43 31 13 22 21 27 48 35 9 42 2 40 32 12 11 23 50
48: 6 2 31 34 23 25 13 28 17
49: 12 4 31 27 10 36 37 38 9 21 24 26 17 6 33 49 22 34 7 44 47 19 13 30 48 3 41 23 2 32 50 14
50: 6 12 31 11 13 36 42 33 25 47 44 26 5 49 22 8 37 1 30 38 9 43 24 16 39
1: 16 38 47 30 (24 5) 35 (42 45) 25 (21 14) 20 6 12 9 (46 33) 13 10 37 50 40 (4 17) 26
2: 21 41 4 42 (28 38) (18 49 19) 26 (5 37) 30 48 23 (25 9) 14 40 17 27 6 47 35
3: (42 25) (45 20) 26 (21 49) 16 (14 27) 18 35 3 6 24 8 13 4 (5 43) (38 40) 37
4: (5 42) 35 46 37 14 13 (40 45 23 4) 30 11 19 (26 36) (25 6 8) 43 17 21 49 31
5: 13 50 (6 19) 38 47 37 27 25 16 5 (4 9) 20 43 21 (18 32) (35 14 26)
6: 50 5 30 6 21 16 1 45 48 12 18 (14 37) (38 40) 47 25 35 13 49 17 43
7: 32 (31 47) 41 49 13 30 18 19 28 (43 24) 35 4 21 46 (6 17) 42 11 (20 5) 36 (26 25) 40
8: 21 45 (11 5) 36 (40 24 17) 27 6 (4 14 32 35) 20 33 47 26 43 25 19 10 30 46 38 50 37
9: 42 49 45 30 13 23 5 (32 19) 26 6 (12 37) (24 35 14 21) 18 (38 25 50) 46 47
10: 31 6 18 49 24 38 43 (20 19) 21 42 26 40 25 36 5 14 23 13 35 30 47 28
11: (26 8) 35 17 (38 5) 20 (14 21) 47 (33 18 2) (4 25 45) 6 27 30 43 13 (37 50)
12: (26 3) 40 19 32 5 37 (30 35) 9 6 41 (50 4) 20 23 47 42 2 45 (16 18) 25 14 43 21 38 49 29
13: 35 25 14 32 47 37 20 43 48 (42 50 41) 40 5 (16 3 49) 21 28 31 45 46 (38 13) 26
14: 35 7 21 (5 47) (49 12) 26 23 (45 30) 4 6 17 13 22 32 40 14 25 8 46 20 (31 38) 41
15: 26 47 30 35 25 24 9 45 42 5 43 (14 20) 17 32 21 38 41 18 3
16: 7 12 40 25 30 6 18 41 19 14 50 37 45 3 35 (26 47)
17: 6 37 (16 33) (49 18 35 14) (48 45) (21 32) (22 25) 5 38 47 20 28
18: 21 (25 30) 6 40 46 35 (34 9 22) 1 38 13 (31 4) (5 47) 8 26 (43 20 27) 37
19: 5 (6 36) (14 19) 27 (43 40) (21 26) 18 28 42 8 45 (25 24) 35 38 33 (41 23) 20 13 49 (7 47 4)
20: 20 30 (8 33) 5 (17 26) 35 2 14 6 13 9 45 18 24 25 21 47 46 44
21: 18 35 41 26 17 47 31 6 (25 40) 1 8 45 43 13 46 (49 42) (14 38) 21 19 36 5 20 33
22: (47 50) 3 25 46 (30 38) 42 12 37 32 45 35 21 26 31 14 49 8 6 17 41 20 5 43 23
23: (1 17) 14 (48 38) 47 9 13 (49 41) 31 (26 23) 37 35 28 45 30 5 18
24: 26 21 (49 8) 18 45 17 42 7 (47 35) 14 40 20 41 5 37 31 9 33 (13 39 50 43) (6 38) 25 24 30
25: 50 35 6 31 26 12 33 (48 40) (5 19) (36 21) 37 (38 45) 43 20 25 16 30 (46 18) 47
26: (18 30) 24 7 6 13 26 43 (21 20 3) 37 4 25 45 33 (38 49) 9 50 (35 47) 46 34 40
27: 35 24 43 16 (49 10) 21 (38 4) 28 6 5 47 45 40 19 26 14 25 30 42
28: 25 21 13 2 (46 42) 11 20 38 35 (17 34) 30 (43 45) (48 14) 26 31
29: 21 6 37 45 33 24 32 38 28 14 26 40 (17 35) 47 (20 23) 39 25 43 5 (41 4) 27 30 11
30: 40 7 26 5 16 50 10 (12 43) 23 14 (30 47) 38 (35 28 25) (32 17) 4 27 (37 45) 49 (24 9)
31: (47 45) 42 28 43 (3 37) 26 (38 18) 50 (40 14) 6 16 17 13 (4 49 48 25) (19 35) 5 21
32: (30 17) 35 38 45 24 47 4 (12 21) 49 (13 18 9 46 14)
33: 37 40 (4 16) 50 30 (6 49) 25 8 38 44 42 45 (27 43) 35 (18 47) 12 24 17 21 28 20
34: 9 5 (43 19) 14 40 (35 4) (49 26) 45 (38 6) 17 20 46 (15 25 47 21) 48
35: 24 (32 43) 18 (6 30) 45 47 (17 31) (16 25 5) 14 (4 40) 35 (21 38) 27 26
36: 45 (35 49) 17 32 5 (40 14) 30 25 (6 12) 46 13 38 37 26 (47 50) 20
37: 5 (4 40) 20 7 35 3 38 30 43 26 (32 24) 33 49 6 47 25 23 19 8 (13 41 14) 10 50 45 18 37
38: 37 9 49 17 23 26 19 50 47 (43 14) (4 27) 18 35 24 6 (30 40 44) 21 13 5 (38 20)
39: 50 43 (4 5) 17 1 21 18 33 27 41 42 24 (25 34) (40 35) (30 46 47) 32 (13 6) 38 23 45 19
40: 26 30 (35 8) 25 43 37 28 14 (47 19) (5 38) (6 21) 45 42 31
41: 25 4 32 5 18 24 43 40 49 38 42 (26 13) (47 9) 21 (45 14) 37 35 17 (30 6)
42: 24 16 50 35 (41 37 14) 40 6 47 38 46 13 31 (43 25) 21 3
43: (43 26 25) 5 6 42 47 8 46 35 31 14 24 21 17 32 (18 4) 13 45 (33 38) 50 27
44: 23 38 14 30 21 33 (24 42) 5 26 40 41 (37 25) 31 43 13 (45 50) 49 2 6 35 20
45: 23 21 18 (47 5) (17 9) (14 25 20) 35 37 (42 24) 41 13 6 40 19 30 33 43
46: 32 25 35 26 14 24 46 47 45 30 18 (28 21) 8 5 (41 43 38) 20 37 33
47: 50 2 41 13 16 43 5 38 (32 27) 47 42 25 33 21 45 3 17 23 49 20 26 35 8 30 28 1
48: (49 26) 5 (42 25) 31 (10 4) 16 40 30 21 23 35 47 33 38 41 9 8 (20 43) 6 1
49: (12 45) 19 50 22 40 49 1 33 (5 13 26) 17 43 42 31 37 25 11 14 32 47 38 35 21 30 4 6
50: (38 46 6) (18 30) 12 16 33 47 44 21 24 25 37 (35 5) (4 49) 32 17 20 13
