50 50
1: 50 29 33 12 35 16 24 19 45 40 9 36 4 23 31 37 28 1 32 27 48 43 18 47 42 44 7 10 20 15 11 6 21 30 22 26 17 25 5 46 14 38 3 13
2: 44 13 19 2 4 35 21 22 40 36 24 6 9 45 33 31 12 11 26 32
3: 37 22 27 41 49 39 18 38 42 25 21 6 20 44 48 28 36 12 46 4 45 24 14 1 16 32 13 26 2 23 17 29 3 31 19
4: 6 48 45 40 47 37 23 7 43 14 30 39 3 17 9 21 26 28 12 25 31 1 46 49 11 20 42 8 5 13 38 27 44 16 10 36 24 32 18
5: 19 39 23 33 31 38 34 4 29 7 22 12 46 18 30 41 6 49 32 43 35 42
6: 33 35 3 29 30 14 4 1 27 31 39 32 43 18 44 7 34 5 10 15 22 20 12 13 24 36 40 19 11 38 2 25 48 49 16 37 6 45 21 46 23 8 47 28 17 41 9 42
7: 30 13 2 1 35 40 7 49 8 10 48 24 42 11 47 29
8: 22 46 25 10 5 3 2 15 37 19 41 18 30 6 35 24 44 36 12 1 26 49 4 7 11 8 20 13 17 40 21 27 34 32 39 43 38
9: 25 9 16 15 10 39 42 31 27 48 5 1 30 41 45 6 44 32
10: 48 29 43 19 49 33 41 26 3 10 35 7 40 46 16 20 28 17 12 1
11: 39 3 43 2 32 42 41 8 22 47 49 23 5 50 7
12: 22 46 42 49 44 50 32 8 41 24 21 9 36 16 7 3 18 43 27 34 12 48 15 19 25 30 13 6 33 31 4 38 28 2 10
13: 22 34 14 49 9 29 27 32 15 47 25 1 40 50 20 10 37 11 7 45 33 38 23
14: 32 36 48
15: 9 21 41 35 38 14 19
16: 21 47 34 42 38 14 23 32 49 28 13 30 37 1 43 3 24 45 8 36 27 41 35 33 15 12 50 17 29 6 39 22 46 10 11 44
17: 1 5 33 6 18 24 7 10 21 31 27 29 3 17 4 12 39 25 43 2 23 42 35 44 36 30 13 19 49 14 34 11 28 20 38 8 9 32 16 37 26 40
18: 13 10 30 8 5 41 46
19: 38 15 32 41 25 5 14 27 13 8 2 30 19 6 3 46 45 9 26 42 49 21 17 10
20: 12 18 40 3 30
21: 6 21 3 37 31 50 24 7 41 9 45 4
22: 49 34 43 50 11 33 17 41 31 21 12 42 6 19 25 9 40 23 46 7 38 13 1 24 2 37 28 30 39 10 29 20 8
23: 24 10 50 30 43 9 16 8 44 18 25 5 40 39 20 22 12 34 29 19 48 35 2 6 33 32 1 11 14 13 4 49 36 37 28 47 15 31 26 41 27 21 45 38 46 3 42 7 17 23
24: 46 3 26 32 28 18 17 14 22 5 30 43 27 12 36 40 23 11 8 13 21 50 45 19 7 39 16 4 15 44 49 42 25 47 10 41 1 9 35 34 48 6 24 29 33 2 20 38
25: 45 42
26: 40 3 6 28 9 1 22 15 30 2 7 13 25 37 47 16 19 48 10 21 5 35 27 38 50 4 24 26 43 49 33 45 41 14 36 20 46 39 23 8 31 44 12 32 42 34 18 17 11 29
27: 48 24 20
28: 24
29: 22 32 49 41 7 27 47 28 6 48 26 45 46 31 37 1 36 43 17 3 15 8 4 11 29 13 23 14 18 5 38 9 34 39 30 19 42 12 24 25 20 2 10 16 44 21
30: 26 9 13 14 37 16 44 29 22 15 23 11 36 50 12 18 5
31: 47 1 14 24 48 29 12 30 13 10 28 31 43 2 32 26 34 37 44 11 8 16 15 49 33 23
32: 43 46 40 37 28 36 49 4 25 41 42 2 11 20 14 35 34 47 29 27 48 31 12 38 45 9 1 30 18 19 26 16 13 15 44 17 10 22 21 33 39 50 5 24 8 6 7 32 23 3
33: 44 35 48 24 42 25 39 32 40 34 10 6 14 41 46 47
34: 44 12 42 36 46 34 5 29 22 11 28 40 6 15 14 49
35: 24
36: 48 28 10 49 6 17 13 34 23 18 32 3 44 7 39 36 47 19 5 38 25 15 35 45 43 27 50
37: 22 39 5 7
38: 28 14 30 44 24 6 40 11 4 23 26 33 39 16 1 17 41 5 38 19 3 45 2 36
39: 14 8 5 30 27 23 34 4 40 38 18 11 26 29 37 2 32 48 36 12 45
40: 42 41 14 48 1 35 5 12 2 25 20 22 6 36 38 16 17 10 28 13 31 43 4 21 23 40 7 44 47 34 49 29 26 27 33 32 50 18 46 39 3 37 19 45 30 8
41: 20 34 15 26
42: 21 9 10 8 32 45 29 3 5 20 14 18 1 49 30 44 47 16 17 37 23 35 36 39 48 43 12 4 27 40 22 19 46 42 38 50 24 15 13 6 34 25 11 7 26 41 31 2
43: 3 4 10 9 11 23 37 31 17 49 22 15 27 30 19 34 33 8 7 47 48 16 2 29 28 46 13 26 45 36 40 25 12 18 44 14
44: 19 5 48 23 13 4 47 25
45: 7 14 2 40 23 34 47 24 36 48 46 35 12 49 15 5 4
46: 34 24 12 17 20 30 47 3 26 4 1 37 18 29 38 7 19 42 28 9
47: 8 13 18 22 44 27 29 9 48 19 38 33 47 43 49 16 42 40 46 11 7 15 12 1 37 14 45 34 20 28 26 3 21 4 2
48: 41 42 44 7 4 45 32 25 10 17 27 1 39 3 2 23 48 35 43 18 19 16
49: 34 16 20 8 9 50 7 36 30 37 44 43 28 45 41 12 29 31 27 4 33 39 2 26 13 40 32 24 48 17 10 1 3
50: 37 39 28 22 5 29 45 38 1 40 9 12 26 14 32 6 2 35 31 34 16 42 49 20 21 41 46 7 48 4 50 36 47 25 27 13 10 17 24 43 33 19 23 8 11
1: 42 9 8 38 (3 16 47 40) 31 46 32 48 17 4 24 10 13 29 (26 7) 23 50 6 49 1 22
2: 11 12 (50 38) 32 40 (3 39 8 26) 43 17 45 2 29 42 7 31 (23 48) (49 47) 22 6 24 19
3: 48 (1 36) 8 43 23 11 19 (20 21) 24 40 47 4 29 26 10 (12 3) (16 49) 17 (42 6) 46 (38 32)
4: (26 6) (43 44) (23 32) 12 38 (29 5) 21 (17 49) 50 3 (42 47) (48 1) 24 (40 2) 39 46 (45 8)
5: 45 6 29 30 32 36 23 11 38 (17 18) 42 1 39 50 8 19 9 26 44 4 24 (34 37) 40
6: 16 2 5 26 (6 1) (36 24) 33 38 22 50 9 17 34 3 19 12 4 42 8 29 (32 21) 23 40
7: (29 24) 43 21 10 (13 7) 4 47 6 (8 17 37) (45 23) 50 (11 1) 22 5 32 36 48 26 49 12 46 40 42
8: 12 17 29 (23 49) 31 50 4 8 (32 39) 43 7 22 19 47 24 11 16 6 42 18 26 40
9: (6 23) 15 50 (22 43) 4 26 17 30 1 49 12 19 29 9 42 (2 46) 13 32 21 24 47
10: 18 23 33 7 29 24 26 4 9 13 (1 10) 32 (43 16) 31 19 17 49 36 (22 48 50) 12 6 40 8 42
11: 31 (43 30) (6 38) 4 1 7 47 (29 39) 42 50 24 17 (16 34) 2 26 8 23 32 22 13
12: 32 (46 22) 47 (8 39) (12 23) 45 43 50 10 30 5 49 20 24 1 40 26 (2 16) 6 4 34 29 17 (31 42) 3
13: 2 40 (1 47) 23 29 24 50 17 44 43 16 49 3 (30 32 12) 19 7 (4 42 8) (31 18 36) 6 22 26
14: 3 42 (33 1) 47 13 (43 16) 40 (6 34) 32 26 31 15 (17 29) 38 23 39 4 50 (45 19) 24 30
15: 31 34 12 (47 42) 1 9 19 6 29 (36 24) 8 45 13 30 32 23 43 (26 16) 41
16: 38 9 40 43 29 32 50 47 1 30 42 3 26 49 (12 10 31) 48 6 24 23 4 17
17: 23 49 43 (46 17) 24 4 (22 1) (42 29) 3 (26 8 48 32) 6 19 16 36 38 10 (50 40)
18: (8 4) 6 (17 36) 47 46 39 (12 43) 1 42 29 24 3 (32 40 30) 23 20 5 48 26
19: 29 (1 24) 43 40 (36 3 32) (42 15) 10 (47 6 38 17) 8 22 26 5 19 44 50 23 2 48 46 12
20: 41 13 17 50 22 27 (40 3) 10 (6 1) 24 (29 32) (26 4 47 42) (23 49) (8 46)
21: 23 3 32 (24 8) 29 4 16 1 15 6 50 21 22 (17 47) 42 26 19 (40 12) 2
22: 8 32 (23 3) 37 29 5 40 34 (43 50) 11 24 47 (26 30) 12 42 6 2 (16 13) 1
23: 43 38 (39 24) 30 23 50 (29 13 45) (44 36) 40 (48 4) 11 1 (5 31) 17 22 (16 42 6) 3 26 32
24: 27 26 38 7 6 31 33 21 29 45 (3 35) 22 12 (8 2) 50 (24 23) 32 (49 46) (1 16) 17 (4 42 28)
25: 9 19 13 4 1 6 8 36 23 (42 48) 17 33 3 22 26 (50 12 44) (24 32) (43 40) 29
26: 39 26 24 46 (23 41) 43 19 3 32 49 10 29 2 17 42 40 8 4 38 50 47 1 31 30
27: 39 (26 3 29 9) 4 49 36 (23 42) (16 40) 12 47 8 13 50 (43 1) 6 17 32 24 48 19
28: 49 36 (10 16) 47 38 3 22 26 40 34 (4 32) 23 46 6 31 50 43 17 (12 1) 24 29
29: 16 29 32 (46 3 13) 7 22 47 17 (24 5) (40 30) 6 (49 31) (50 39) 10 23 26 34 42 1 43
30: (17 40 8) 12 49 5 39 (24 20) 43 (31 42) (9 1) 26 46 19 38 (32 22) 23 6 16 (7 18 4) 29
31: 21 1 (42 9 3) 22 43 6 (5 23) 12 (40 17 26) 49 31 4 50 29 (2 32)
32: 42 31 13 19 40 4 39 48 14 36 3 49 (24 32 1) 50 29 12 2 26 5 (11 6 16) 8 (23 33) 17 9
33: 17 50 38 16 22 (31 26) (13 12 47) 40 2 10 1 (24 32) 6 49 23 43 5
34: 42 (13 45) 16 32 47 (43 33) 46 5 22 26 (50 39) 49 31 (12 8) 24 23 36 6 40 34 17 (29 41)
35: (7 26) 2 45 16 15 32 1 24 50 5 33 6 36 8 23 42 17 40 48 10
36: 36 23 42 (38 4) 29 8 (12 40 17) 43 3 49 32 34 6 26 (50 2) (16 39) 45 30 1 14 24
37: 39 8 13 49 23 40 29 17 1 31 50 47 32 (43 42 3 21) (46 6) (22 26) 16 4 30
38: 36 (46 39) 47 3 19 (42 24) (15 4) (6 17) 13 16 40 29 12 23 8 32 50 22 26 38 (5 1)
39: 5 29 26 (23 8) 22 (16 33) 36 50 24 (17 48) 49 3 9 (38 4) 40 37 42 (11 6) 32
40: (24 10) 38 (8 22) 2 26 47 13 4 (39 33) 23 (7 50) (43 40) 49 17 20 34 6 45 32 1 42
41: 26 48 (29 22) 6 (38 16) 8 23 10 11 21 33 9 15 (12 5 32) 24 40 3 (42 19) 50 49 18
42: 40 9 3 24 16 (34 42) 17 23 5 19 25 32 48 (22 7) 50 12 47 46 26 4 (33 29) 6 11 1
43: 5 11 (6 17) 49 (31 36) 16 48 40 8 32 42 24 23 1 26 22 29 12 4 50 10 47
44: 30 40 49 2 47 23 29 34 4 (3 31) 12 24 16 1 6 42 32 36 9 43 38 17 33 (8 26) 48
45: 16 13 26 1 43 32 3 6 25 (42 48) 21 24 40 4 39 2 19 49 29 47 (38 9) 23 36 50
46: (12 32) (26 50) 33 45 34 22 42 43 24 5 18 (40 23) 10 6 8 47 19 4 16 1 29 3
47: 36 47 26 23 4 50 40 46 (24 43 1) (31 42 32) (13 45) 16 6 11 33 7 44 29
48: 32 4 36 31 43 24 1 27 9 26 47 6 42 44 23 7 (33 14) 50 48 49 (45 29) 12 40 (10 3) 39
49: 50 (11 19) 16 45 42 (40 23) (12 3) 6 22 10 8 (26 4 34) (7 5) 36 31 24 29 13 17 43 47 32
50: 11 (24 49) 12 26 1 40 50 13 (32 21) 42 23 36 16 22 30
