50 50
1: 2 8 40 50 14 15 12 49 24 16 10 9 38 5 46 36 1 22 30 26 31 33 37 42 43 44 13 41 28 3 17 11 34 4 21 35 19 48 47 18 6 27 29 20 39
2: 10 26 17 32 44 6 43 36 30 4 45 46 34 18 33 24 19 11 40 48 14 12 47 5 15 7 8 2 25 16 23 38 42 22 50 31 37 35 21 29 41 28 20 49
3: 47 26 22 45 37 39 36 20 34 1 31 19 13 15 8 10 6 49 29 27 44 17 7 38 5 33 21 11 18 23 48 9 30 28 3 14 50 4 41 12
4: 34 36 44 26 20 40 29 14 7 15 35 33 5 41
5: 11 23 32 40 21 24 16 49 43 13 17 38 15
6: 8 11 3 20 23 45 25 35 21 27 46 29 33 43 18 19 12 30 26 47 36 31 16 41 10 48 50 5 1 2 40 22 13 7 34 24
7: 20 37 39 26 50 45 42 41 46 17 24 7 16 22 33 47 19 11 13 8 14 6 38 48 32 49 10 4 25 28 35 1 18 2 30 15 27 43 3 21 36 31 44 34 23 40 29
8: 50 31 29 46 48 43 21 49 33 34 44 18 19 2 38 5 4 22 16 17 42 30 7 26 13 11 6 9
9: 30 27 28 33 40 39 14 6 22 5 48 24 15 34 38 32 35 2 47 29 19
10: 5 18 23 29 47 6 21 22 26 45 15 24 42
11: 15 26 41 37 47 33 36 3 9 11 30 32 25 13 10 50 20 38 42 18 39 35
12: 10 48 40 19 38 20 34 13 47 11 39 44 8 5 15 36 2 41 18 12 49 16 42 1 32 22 6
13: 17 25 44 24 21 16 38 9 8 6 49 12 7 10 19 1 14 3 2 11 42 18 23 20 47 48 30 46 45 31
14: 45 42 2 41 12 28
15: 5 19 16 18 21 37 39 35 20 31 23 33 12 47 2 29 28 6 48 41
16: 36 1 43 9 3 12 42 41 13 21 24 20 25 11 26 29 48 16 37 17 31 47 15 50 49 45 30 22 10 7 46 28 8 39 6 34 33 23 2 35 19 27
17: 41 26 18 12 45 39 25 15 2 47 16 49 6 11 43 23 24 3 36 19 40 22 30 7
18: 40 36 41 50 16 46 49 47 32 26 24 37 27 18 2 48 39 9 33 38 8 11
19: 3 9 16 48 28 18 37 49 5 31 44 15 14 20 30 6 34 27 8 43 17 46 40 19 2 36 11 45 4 22 26 41 12 24 42 1 10 21 25 47 35 50
20: 30 45 16 11 44 38 9 24 12 49 13 20 39 19 10 34 28 2 42 47 32 31 40 15 21 50 1 35 4 17 18 33 41 25 5 27 37 46 6 14 43 48 26 29 7 23
21: 38 40 30 42 27 19 8 24 36 2 35 9 25 21 41 7 45
22: 3 22 50 16 38 2 17 20 18 27 24 29 49 15 43 13 33 12 11 23 32 25
23: 19 37 2 46 11 24 26 27 39 12 8 50 47 40 14 33 31 28 10 4 6 45 20 42 44 22 18 49 30
24: 24 40 7 32 25 17 1 4 27 22 20 45 18 38 9 31 34 41 47 13 39 42 49 28 2 43 16 10 30 8 6 15 50 11
25: 37 44 3 39 9 41 49 26 11 45 50 12 46 29 23 42 14 17 25 38 8 7 47 20 4 33 24 35 30 28 27 22 16
26: 4 43 40 1 19 38 10 17 3 5 49 29 35 22 45 31 39 7 34 32 24 16 14 37 20 23 26
27: 9 6 23 13 14 35 26 29 48 15 1 7 10
28: 12 5 42 3 45 30 38 19 32 31 26 11 8 7 43
29: 11 24 28 3 8 36 19 15 20 12 30 35 4 26 10 50 43 9 25 13 18 31 14 44 6 39 40 21 37 5 49 22 1 38 42 46 27
30: 30 5 32 12 15 40
31: 2 28 20 48 43 18 15 41 19 46 39 7 42 22 37 1 47 24 21 40 38 44 32 3 9 6
32: 18 12 19 40 25 34 9 31 33 37 30 32 42 14 35
33: 45 33 22 37 10 49 8 27 31
34: 24 22 42 11 37 36
35: 9 32
36: 33 40 6 4 20 12 3 16 41 24
37: 15 50 31 3 22 44 34 17 14 30 40 35 27 10 43 9 45
38: 36 28 34 4 7 48 38 41 31 15 39 23 49 40 2 44 45 16 24 32 42 46 14 13 21 20 1 10 27 25 8 33 11 37 12 19 5 18 3 29 47 35 50 9 30 43 6 17 26
39: 35 30 18 26 17 29 12 47 6 50 42 23 15 19 10 41 11 2 14 20 34 33 3 5 32 39 44 28 27 37 48 38 4
40: 16 37 15 3 11 47 13 35
41: 26 24 44 6 1 32 11 12 35 47 8 39 31 18 34 49 40 36 15 2 17 16 10 41 7 25 38 27
42: 42 36 34 45 40 10 19 24 39 11 29 32 35 3 49 21 16 23 46 44 37 13 50 26 30 22 7 17 27 1 33 14 28 8 38 20 18
43: 47 38 15 34
44: 19 46 18 10
45: 35 27 6 12 10 4 14 26 1 9 31 21 7 13 28 16 22 33 18 5 42
46: 9 36 44 24 21 40 37 48 4 46 34 42 8 41 3 16 26 2 49 38 10 15 11 7 45 5 1 29 23 30 31 32 22 39 19 33 20 50 27 13 43 14
47: 7 24 45 3 6 32 16 5 22
48: 44 7 41 21 36 5 3 26 32 40 4 45 50 15 10 8 16 33 43 34 12 19 37 25 2 38 49 6 27 14 13 47
49: 40 23 39 2 34 49 13 6 50 19 4
50: 49 20 11 24 39 1 41 23 10 37 22 3 13 42 6 46 7 9 43 30 21 12 33 17
1: 12 (42 20 31) 26 (24 29) (13 50 46 16 1) (19 6) 38 (7 41) (27 45 3)
2: (24 13) (14 41 15 1 20 6) 7 (17 38 8) 39 (46 49 23 22 9) (48 12) (21 16) 19 (18 31 2)
3: 50 29 (31 16) (42 3) (7 39 47) (26 38) (19 13 17) (11 6 46) (40 22 1) (48 28 36 37 25)
4: (36 2 49) 46 (39 7) (45 48 24 19 23 3 20) (25 1) (26 29) (8 38)
5: (45 47 1) 10 9 (15 20 26 30 19 46) 6 (4 48 2 8) (39 28) 3 (12 29 38)
6: (1 47) (27 13) 48 (16 39) (17 41 9 2 3 36 24) 45 (50 7 38 12) (15 49) (8 31) (23 29 20 19 10)
7: 4 (47 26 31) 27 (6 16) (20 42 13) (8 3) 17 28 (2 24) (45 38 41 50 46 48 21 7 25)
8: (48 12 21) 6 (42 25 38 7 33 23) (29 1 19 46) (28 18 24 13) 16 (2 41 3)
9: (13 29 31) (18 46) (3 11 1 8) 50 21 38 (37 20) 19 (24 45 27) (16 35 25) 32
10: 23 19 41 (12 50) 3 42 (45 7) 33 (24 46) (11 1) 39 20 (38 26 16 37 29) (13 44 27 48 2 6)
11: 46 29 (28 25 42) (11 18 23) (16 50 2 39 40) (1 6) (3 34) 5 (20 17 22 13) (8 38) (41 24 19) (12 7)
12: (1 30) (16 14) 17 15 (2 32) 12 (39 45) 28 (48 29) (19 38 3 13) 36 6 41 22 23 50 (20 25)
13: 6 42 (45 3) (27 12 48) (46 29) 50 (24 7) 22 (11 5) (20 40) (8 1) (16 49) 38
14: (4 46 37 23 1) (19 26 20) (48 9 29 32 39) (13 38) 3 (45 2) 25 7 (27 42)
15: (48 9) 30 20 29 19 (27 11) (7 24) 22 (39 2 40 38 41 37 4) (1 16 46 43 31 3) 12 (5 17 10)
16: (13 45 15 42) (40 26 46 18 8 6) 48 17 (12 41 25 7 38 47 20) (16 19 1 24) 22 (2 36 5)
17: (7 3 41 2 16) 26 (19 24 13 39 42) 20 (8 22) (25 5 38) (37 1 50)
18: 7 8 (38 15 19) (32 18 42) (13 12 10) 44 (20 23 39 22) 1 24 (3 31 41 11) (45 29) (2 17 6)
19: (7 12 39 31) 17 21 19 6 44 (26 20 42 28 15 32 29 38 3) (49 8 1) (13 2 48) (16 9) (46 23)
20: (15 4 50 1 29 24 7 42 39 23 36 31) 20 13 (25 16) 46 12 22 2 (11 6 26) (19 3 38)
21: 42 (48 45 5 21) (1 50 20 16 31 19 3 46 10 29) 8 (6 15 38 7) 13 2
22: 24 (50 16) (26 3 33 46 31 12 29) 7 17 8 (34 6 23 9 2 42) (1 47 25) (22 19 45) 10 37
23: 22 49 (38 39 16 5 10 13 42 20 6 26) (17 46) 15 (3 50 25 2) 7 27
24: (36 24) 2 (34 18) (50 29 23) (5 22) 16 (20 41) 31 (10 9 47 19) (7 26) 17 (13 46 25 38) 1 21 6 42
25: 24 29 (19 16) (7 21) (20 6) (48 32 17) 2 (25 22 13 41 38) 11
26: 46 (17 19 39 6) (45 20) 7 (3 1 25 16 42 38 23) (27 8 48 10) 26 4 18 (29 2) (11 41 28)
27: (3 21 6 16) (39 7 41) (46 42 9 29) 19 24 (20 37) (23 1) (33 18 25 22) (45 48 38)
28: 29 (25 1 15) (3 24) (45 39 16) 38 (2 23 14 20 42) 31 (19 9 7)
29: (27 22) (15 16 25) 6 9 42 39 26 (20 10) (8 3) (2 1 46) (38 7) 4
30: (8 23 42) (3 19) 6 (46 13 32 21 25 2) (16 11 50 20 30) (17 28) (29 7 24 37 1) 39 38 9
31: (24 33 6 16 7 23 13 45 28 38 2 37 32) 3 (20 46 8 29) (26 15 19 41 1)
32: (41 7 12) 48 20 (30 38 5 9 2) (46 18 39) (28 31 42 22 32) 11 35 26 (24 47)
33: (16 46) (39 7 18 9) (42 33) 23 50 (25 11 48 15) (20 1) 8 (22 2 4 38) (36 3) (6 32) 45
34: 37 (24 38 7 43) (16 2 49) 42 19 (12 3) (9 26) (46 1 20 32 41) 39 8 (48 4 6)
35: 45 32 (7 11) 2 (42 15 9) 16 (29 21 25 41 19 39 37) 1 20 4 (27 40) (38 6) 26
36: (48 6 19) (21 2) 34 12 (16 17 46) (42 7 4 29 38 3 18) (41 1 11)
37: 26 25 42 50 40 (39 20 23 18) (11 3) 19 (16 48 1 46) 38 (32 29 15) 33 (2 31 34 7)
38: 41 (20 13 26) 31 (12 38 3) (22 21 24 18) (11 43 42) (48 7 5) 39 (25 2 9) (29 46) (1 28) 8
39: (18 23) (24 7 29) (15 16 26 9 25 31) (42 39 12 49 50) (1 38) (41 20 17 3) (46 11)
40: 49 23 17 (30 20 29 26 46 7) 4 (12 32 6) (5 9 19 38) 24 1 (31 21) (42 18 41 2) 36 37 48
41: (4 25 1 16 21 2 15 31) 18 (46 39) (12 11) (6 17 38 19) (3 7 14 48) (36 20) (41 24 50)
42: 1 (19 8) 20 (2 28) (25 23 21 7 11 24 38 50) (16 13) (31 10 29) (34 46 42 32 12) (45 39 14)
43: (50 29) 31 (20 48) 37 1 (26 38 7 46) 22 (17 16) (24 8 19) 6 2 (28 5)
44: (39 20 13 1) (19 38) (2 31) (25 42) (7 29 41) (3 48 12 4 8) (23 37) 46
45: 33 (2 46) 48 (21 16) 37 (38 10 13 25) (19 14 23 26 42) 6 47 (7 17) 28 (20 3) 24
46: 6 44 23 42 (18 2) 25 29 (1 20 16 50 8) 13 (31 38) (19 46 7)
47: 31 (39 41 17) (18 16) 13 (20 6) 3 (1 40 48) 2 10 (19 7 38) (25 11) 12 (43 15 23) (9 24)
48: 3 19 (18 12) 2 16 (38 7 15) 31 (13 6) (1 9 39) 8 (20 27) 46
49: 25 24 3 (22 38 42 8 12) (13 48) 26 (2 18 1 33) (41 23 5) (49 29) (20 19 16 17) (50 46 7)
50: (8 11 16) 46 (20 2) (37 49) 1 (48 23 25) (22 19 29 24 38 39) (7 3 6 18) 42
