50 50
1: 36 3 43 34 22
2: 20 16 18 47 40 46 13 28 11 15 24 44 19
3: 7 4 18 5 26 36 32
4: 24 48 20 29 8 37 17 5 27 40 50 34 39 3 42 33 31 19 21 30 26 28 9 13 12 22 15 41 45 7 25 1 14 11 35 4 49 2 32 10 47 6 43 16 46 18
5: 20 11 3 5 7 49 41 48 44 42 13 29 14 16 2 30 6 23 22 32 36 37 18 50 47 45 43 35 33 25 21 24 39 38
6: 39 6 30 33 4 50 26 43 5 37 24 3 25 48 47 27 2 44 49 20
7: 26 16 44 45 43 48 41
8: 49 10 15 27 13 38 9 20 26 18 1 34 11 43 6 35 21 30 32 45
9: 36 28 37 18 9 41 48 50 42 5
10: 20 48 33 15 13 42 7 27 45 1 2 14 5 31 21 18 36 19 26 22 29 3 17 10
11: 48 28 9
12: 41 36 2 45 4 38 43 9 35 20 44
13: 21 17 12 34 4 30 29 8 18 25
14: 37 22 5 48 2 1 32 43 34 27 18 17 19 42 6 14 46 44 12 30 13 33 29 3 25 28
15: 19 9 11 49 50 13 48 17 35 30 27 38 15 37 41 18 1 36 6 12 3 39 10 44 4
16: 8 46 10 24 17 4 25 38 31 50 37 11 15 2 9 41 32 42 19 23 40 47 12 34 3 49 20 6 27 36 45 35 13 16 7 28 1 26 5 43 18 44 21
17: 34 16 1 39 37 48 30 44 10 8 14 47 49 50 32 19 26 11 21 17 25 2 24 45 13 36 6 23 9 18 42 3 40 46 33 15 27 5 35 41 20 7 22 31 28 4 29 43 38
18: 29 41 49 13 1 46 25 44 23 42 8 30 14 9 32 12
19: 20 23 14 30 36 24 16 11 28 44 39 8 41 35 37 49
20: 25
21: 45 1 50 2 9 11 7 28 16 31 25 41 38 33 47 3 34 46 17 20 22 49 32 5 35 14 13 19 27 10 26 40 42 39 21 8 48
22: 2 3 20 18 6 49 31 32 1 14 37 27 17 41 39 4 19 11
23: 50 18 8 36 3 47 35 15 20 45 32 10 34 1 26 28 40 13 37 31 49 14 29 2 4 22 42 19 16 25 43 30 46 24 33 17 9 23 5 21 27 7 48 41 39 11 12 38 44
24: 35 20 49 7 44 29 21 34 26 25 36 45 42 18 8 40 27 23 1 38 13 19 4 3
25: 32 34 22 4 16 18 24 2 37 1
26: 34 45 23 36 10 39 38 3 25
27: 16 7 9 42 34 10 8 23 36 35 6 3 48 14 30 11 4 20 27 17 38 1 32 40 24 33 43 22 19 39 29 45 46 18 44 13 31 2 49 5 21 47 37 28 15 26 50 25 41 12
28: 7 45 19 43 34 24 33 49 37 26 22 42 44 12 9 20 18 47 23 16 30 48 3 27 40 46 50 13 1 5 11 17
29: 20 16 39 49 4 10 33
30: 50 33 41 24 37 1 34 18 42 3 43 22 25 16 12 38 11 14 44 30 29 20 28 49 26 36 21 8 45
31: 26 37 22 16 45 19 40 14 15 9 35 12 46 4 3 30 43 5 6 23 20 38 29 31 21 13 1 32 28 25 49 41 24 50 7 11 10 34 17 33 48 2 18
32: 22 17 21 36 49 48 4 44 12 10 13 30 19 27 34 45 25 39 35 28 9 40 31 2 46 8 29 5 16 26 42 20 14 3 6 41 15 1 18 37 23 11 24 50 32 38 43
33: 44 46 29 20 25 15 37 35 26 42 17 7 18 12 22
34: 30 6 37 25 19 10 12 21 49 42 27 32 8 22 34 31 43 24 15 18 39 26 40 13 45 50 5 36 23 3 28 9 33 41 38 35 7
35: 23 41 24 33 42 30 38 43 22 44 35 34 13 16 31 50 7
36: 15 40 21 47 34 39 4 14 28 2 7 44 29
37: 39 31 7 5 40 15 30 10 36 28 1 47 37 45 46 27 6 9 20 48 43 22 32 42 33 8 34 3 17 13 16 23 38 21 12 14 19 24 41 49
38: 28 6 17 39 19 31 21 16 26 35 14 43 45 40 46 27 8 4 48 41 3 13 30 20 11 23 10 25 24 33 18 42 47 9 1 50 12 22 36 5 34 7 15
39: 20 41 30 39 46 48 32 42 36 24 18 8 10 1 45 16 33 13 17 11
40: 7 14 12 4 24 27 2 11 1 15 35 10 50 26 3 20 40 32 21 25 34 16 5 41 36 33 22 23 29 18 30 46 13 19 44 6 38
41: 47 10 44 45 3 41 33 34 9 14 8 24 23 19 26 42 37 50 48 1 6 39 25
42: 27 29 34 21 35 40 41 5 31 32 28 19
43: 13 10 11 32 45 17 20 1 19 21 29 41 24 50 18 38 40 49 26 34 12 47 27 43 16 33 6 28 7 25 23 15 46 42 5 48 44 8 3 22 37
44: 33 23 44 14 3 39 11 15 49 42 41 1 12 32 38
45: 25 13 11 9 29 45 36 47 23 18 43 5 49 17 20 12 46 26 8 32 37 38 4 2 3 16 30 31 44 7 48 21 28 35 40 27 42 1 19 39 41 50 15 33 10 14 6 24
46: 22 41 4 18 2 42 33 38 26 46 48 12 50 9 45 36 19 40 16 35 17 44 43 11 25 10 21 15 30 1 47 14 5 32 34 20 24 49 31 39 37 7
47: 38 49 46 41 28 29 24 44 15 9 36 18 47 50 1 20 14 39 26 42 5 22 3 43 45
48: 28 24 10 38 33 3 2 20 43 11 49 31 37 34 4 23 6 29 32 8 40 35 17 48 46 18 47 42 9 1 13 14 15 19 26
49: 7 4 19 43 40 45 46 34 15 10 8 36 27 9 44 37 42 18 41 25 29 26 24
50: 3 21 26 19 1 18 33 23 48 14 30 41 11 27 29 28 4 20 5 45 25 16 13 31 2 7 37 39 43 40 35 8 34 47 17 32
1: (43 18 15 24 17 21) (47 10 38) (32 14 37 27 48 39 4 22) (44 23 30 45 41) 31 (8 25 40 28) (46 50 16)
2: (23 40 27 50) (6 10 32 17) (21 25 48 5 22 36 16 46 4 14 12 31 45)
3: (31 44 5) (10 34 1 15 22 14) (43 21 28 32) (38 37) 50 (23 48 4) (16 17 27) 24 (41 26 47) 45 40 30 6
4: (36 27 25 23 24) 38 (17 12) (49 4) (16 13 40 48) (22 32) 29 (50 3) (46 6) 45 (15 31)
5: (43 31) 21 (47 23 14) 50 (40 28) 38 (34 4 6 27 10) 5 (17 46 42 3 45 16 32) 37 9
6: (31 4) 38 (15 22) 27 (37 6 45) (14 32 40 34 48) 17 (8 43) (41 16 5)
7: 35 17 (4 27) 49 (23 10 16) (38 40 31 46 37) 33 24 28 34 (36 45) (21 3 43 50 5)
8: (16 45) (39 48) (13 41 21 32 27) (43 17 49 23 38 19 30 34) 4 18 (37 50) 24
9: (23 16) 34 (45 11) (12 9 37) (17 49 32 18) 27 28 (47 41 48 4) (8 15) (31 21 38 46)
10: 8 (43 29 40) 32 (38 16) (46 31) (34 49 23) 10 45 (26 27) 39 41 21 (37 17 15 48 4)
11: (39 43 19) (46 50 8) (21 16) (32 15 27 23) 4 (40 48 2) 44 (17 22 28) (31 45 30 38) 5
12: 18 28 (23 13) (37 4 43 33 16) (15 46 27) (44 14 38) 30 (34 32) (40 45 31)
13: (50 39) (15 24 40 35 38 45) (21 43 8 14) (32 31) (34 48 5) (18 4 23 28) (16 17 27) (10 37 2)
14: (17 31 50 44 10 41) (18 46) (30 5) 36 (37 22) (4 47) 27 32 (38 19) (48 40 45) (23 14) 21
15: (34 4 48 43 36 16 49) 38 27 (15 17 44) (23 31 46 47) (8 40 33 32 10 37 45 2)
16: (7 50 5) (37 29 16 2 31) (25 35 27 45 39 19) (38 46 43 23 21) 40 (32 17) (4 28 30)
17: (38 21) (39 31 28) (33 43 4 27 23) 13 (16 45 17) (48 22 46 50 14) 32 (15 10 37)
18: 8 23 (3 25) (46 50) (4 22) (28 16) 47 32 (39 49 10) (45 48 30 17) 27 (40 33 15) (14 31) (38 9 34 5 43) 24 (13 2)
19: (15 46 17 48 42 23) (21 14 43 31) (16 4 32) (10 34 49) (45 50) (41 2) (40 24) (27 38) 37 22 28
20: 33 (17 12 29 27 48) (37 22 10) 5 45 47 28 2 39 32 21 (31 50) 4 (43 16 40) 38 (24 46 23) (8 30) 19 6
21: (43 16 17) (37 21) (5 24) 45 (36 8 4) 10 34 (38 50 13 40) 42 (27 23) (31 32 46 30)
22: (37 23) (34 32) (46 43 17) 40 5 28 (31 33) 1 (38 14 10 30) (21 25 4 35) (47 27)
23: 16 (18 23) (45 50 38 17 24 34) (37 43 48 40 41) (27 5 32 26 31 44 35) (28 19)
24: (45 30 35 49) (39 48 31 27 17 4 2 23 19) (40 25) (37 34) 47 6 41 (5 28) (32 46) (16 43) 38
25: 45 (34 13 26 16 24 38 43) (18 17 21 23 27) 40 5 (14 31) (50 32) 41 (4 30) (20 6) (49 33) 46
26: 33 (47 27) (34 40 50) 4 (32 6 28 31 45) 41 (17 3) (49 8 7) (43 21) 24 (30 38 10 16 46) (23 48)
27: (8 17) (23 37 10 16) 38 45 (14 15 43 24 21 6 32 28 27 49 22) (40 4) (42 50 34)
28: (23 47 32 48 37 9) (27 36) 11 (38 4 31 14 34 30) 21 45 17 (2 42 43 50 19 16)
29: 5 13 (32 17) 23 43 (31 47 27 24) 10 50 36 14 42 (48 4 30 45 18) (33 49) 40
30: (40 18 35 23) (19 15 13 38 45 39 17 37) (14 50 34) (30 27) (4 28 32) (6 31 5 8 46)
31: (37 32) 48 (4 27 17) (42 10) 38 (46 50) (35 45 21 23) (22 34 16 31)
32: (21 4 40 37) 8 (27 16) 39 (34 18) 45 14 32 (50 46 43 5) (3 42 48 23 25 22 17 44) 31
33: (41 39) (6 50 27) (38 37 4) 21 (44 31 45 29 43 30) 35 (46 10 48 28) 34 (14 17) (5 23 40)
34: (31 50 13) 38 21 (25 28) 41 (37 26 40 8) 35 (4 14 17 36) 48 (30 49 43 42 34) 32 27 24 23 1 16 46
35: 17 40 (23 32 21 34) (4 24) (38 15 46) (12 35 50) 19 (27 48) (31 16 42) (33 45 5 8)
36: 26 40 (15 5 30 16) (9 23 17) (1 27 10 3 45 19 12 37) 34 (47 32) (24 38) 46 (39 49)
37: 30 (5 14 16) (9 17 43 48) 15 (23 45) (34 4 6 41) (31 50) 33 (27 32) (49 28) (37 19 25) (46 22)
38: (45 8 24 30 37 32) (31 46 16) (34 12 26) (43 48) (23 40) (15 35) (17 5) (47 27 44) 21
39: (44 15 38) (29 21) (41 46) (36 22) 37 (4 34) (5 26) 39 (45 27 23 17) 6 50 32 47 19
40: 27 (36 45 34) (50 24) (23 42 49) 17 (21 37 16 31 28) (43 32) 38 (4 46) (2 48) 40
41: 39 (50 7 27 19) (12 42) (21 9 5) (40 15) 41 (49 30) (43 17 37 23 38) (32 45) (16 34) 22 (44 47 35) 46 4 (31 18)
42: 5 43 24 17 27 16 (21 30) (35 9) (37 34 48) 32 49 (41 39 18 45 47) (14 28 38) (33 46 4) 10 23 44
43: (5 4 17) (8 49) (38 45 14 43) (16 6 47 30) (23 31) (32 7 35 1 12 37 50 48 46) (28 27 34)
44: 49 (18 40 36) (27 2 28 45 17) 14 (35 47 33 16) (5 19 6 32) (23 7 12 44 41) (15 46) (24 30 43)
45: 30 (27 21 5) (46 34 16) (50 47 24) (31 28 37) (7 32) 38 (8 43) (12 23) (4 26) 45 39 (41 49 10 17)
46: 32 39 28 43 45 48 (27 21 14 49) (33 4 17 16) 2 (37 40 23) 18 (31 46 38 47)
47: 48 (37 5 6 46) (4 43) (36 27) 16 (38 28 21 47) (45 17 50 23) (2 41)
48: 6 50 (17 28) 5 (31 4 39 9 14) 32 27 48 37 (23 11) 46 (38 43 7 21 10 15 41) 45
49: (43 28) (6 18 46) (31 8 27 23 16 29 5 30 45 22 17) (4 37 32) (24 15) (44 19 47 34) (21 48)
50: 4 (16 31 38) (43 28) 40 (41 32) (15 21) (27 6) (30 5 47 35) (17 34 45 46 9 23)
