50 50
1: 6 36 50 33 3 39 40 11 16 45 28 25 26 48 31 27 43 21 2 47 38 23 9 42 30 24 13 15
2: 48 18 28 26 20 30 23 12 38 29 45 42 7 27 3 21 25 4 19 8 33 16 17 47 9 44 35 10 39 37 5 11
3: 45 22 18 2 6 8 29 3 33 43 14 32 25 47 5 23 19 37 46 11 13 16 36 7 9 34 26 39 12 41 48 38 28 50 24 1 10 17 30 21 20 35
4: 34 19 8 35 33 16 23 2 42 36 7 49 5 39 31 9 11
5: 13 7 12 21 43 20 35 45 41 36 42 33 37 3 25 4
6: 4 17 30 9 3 1 43 45 40 10 47 7 14 8 38 32 15 2
7: 19 5 6 7 38 32 47 27 3 18 50 36 14 12 26 24 16 17 20 4 23 1 31 41
8: 21 24 43 7 6 42 50 30 33 37 12 41 27 38 9 39 46 49 23 2 5 25 22 8 17 32 48 20 47 13 36 15 40 29 45 34 14 35 10
9: 23 43 34 14 16 21 8 38 1 28 5 48 6 31 35 37 22 2 33 44 24 32 39 9 49 41 7 27
10: 43 37 21 19 24 5 13 20 49 34 30 11 39 18 23 1 41 9 38 29 47 16 6 50 35 46 45 31
11: 32 27 30 17 42 5 35 12 38 31 29 39 50 44 18 15 3 48 47 36 33 9 26 34 23 11 37 1 16 49 14 21 4 7 41 6 43 28 45 24 10
12: 20 9 37 40 36 10 24 28 7 32 34 22 43 48 8 49 18 45 23 21
13: 30 37 42 32 1 26 7 41 40 24 3 15 13 39 44 6 49 19 21 14 33 25 10 4 23 43 47 5 11 34 50 20 22 46 36 9 18
14: 36 29 40 20 44 25 47 22 16 35 7 24 30 41 14 2 45 38 32 8 46 5 18 17 21 34 4 33 37 28 1 31 39 48
15: 46 6 33 45 24 36 31 26 7 39 11 21
16: 29 8 35 37 43 11
17: 44 47 8 33 19 21 34 41 37 31 13 9 28 20 2 14 5 18 22 32 46 40 38 48 23 16 15 10 30 50 24 6 25 29 43 35 11 42 7 26 12 49 39 36 17
18: 10 7
19: 49 28 34 38 26 42 13 12 5 43 15 6 22 30 11 14 41 47 35 25
20: 11 12 38 27 34 29 21 46 20 16 6 1 37 25 31 15 48 19 43 10 39 30 36 18 4 14 3 7 32 40 23 9 33 35 5 2
21: 50 15 9 39 8 49 36 7 34 5 6 44 48 25 26 11 17 33 43 20 2 10 23 37 29 3 41 19 38 13 16 22 21 24 31 28 1 30 18 32 14 42 45 40 35 46 4 47 12
22: 6 35 9 17 36 32 19 22 18 31 47 48 11 34 16 37 23 14 8 46 25 10 38 44 45 33 42 5 1 50 24 40 26 7 15 29 27 3 49 28 30 41 12 21 39 20 43 4
23: 47 36 2 13 16 15
24: 33 25 4 12 22 43 2 13 3 24 6 36
25: 36 45 4
26: 44 29 25 15 45 6 28 3 33 27 14 24 21 32 19 16 11 49 43 30 23 40 47 7 10 5 34 9 46 20 18 38 41 4 2 1 22 26 50 39 13 31 8 37 17
27: 21 30 4 6 1 28 37 25 7 15 8 38 33 27 22 43 40 20 10 16 2 9 14 3 5 46 36 19
28: 45 27 35 13 26 7 20 10 3 42 48 23 33 19 41 9 22 11 46 24 17 2 49 37 47 12 6 28 36
29: 2 5 48 37 3 28 8 24 12 45 38 31 39 46 44 25 9 41 27 32 47 34 16 20 4 40 50
30: 4 20 37 31 28 34 47 43 18 38 46 42 14 50 40 22 10 33 5 36
31: 1 3 46 43
32: 11 20 5 35 24 39 32 46 8 40 33 3 17 45 27 50
33: 16
34: 7 49 20 50 25 11 4 35 41 37 46 23 33 14 18 16 6 28 40 45 26 27 36 2 32 30 21 17 44 15
35: 48 7 16 34 5 28 45 31 38 44 13 21 47 18 33 9 46 40 36 17 27 15 35 19 39 4 6 8 37 49 12 22 30 14 1 24 3 25 23 2 50 20 26 11 41 10
36: 46 44 24 41 9 33 1 40 45 23 16 13 2 8 43 39 49 18 4 29 21 12 6 37 10 50 22 15 35 25 26 31 38 36 5 19 20 34 28 30 27 7
37: 35 17 41 46
38: 48 31 45 30 28 27 5 17 41 36 18 11 34 21 8 46 19 25 44 4
39: 21 23 45 9 47 29 2 15 48 41 20 35 38 13 32 10 49 7 46 25 1 40 30 22 6 11 3 12 34 14 28 33 16 18 37 5 8 24 50
40: 37 48 30 1 5 3 6
41: 9 22 5 49 12 6 11 27 16 39 37 26 19 28 35 13 25 46 29 2 3 30 23 1 20 8 38 44 50 31 40 36 32 41 10 14 7 47 33 24 34 18 48 21 17 45 4 15 43 42
42: 50 35 49 36 9 43 45 7 15 27 39 12 6 19 17 23 40 24 32 2 16 21 38 26 8 34 18 29 14 28 47 13
43: 27 5 32 44 25 36 9 46 3 26 30 40 11 12 35 23 16 34 17 33 49 21 20 7 47 13 31 14 8 29 39 4 22 15 41 43 10 2 18 48 50 42
44: 28 19 13 43 42 46 36 10 49 2 32 44 35 50 14 37 41 39 25 15 12 5 34 45 9 1 31
45: 27 2 47 38 8 14 19 30 31 48 33 11 17 28 46 42 26 4 12 10 5 7 6 40 45 9 25 43 22 34 16 13
46: 9 33 17 28 49 13 41 10 1 16 38 3 20 32 22 44 18 23 40 36 30 46 37 29 34 19
47: 13 39 6 42 30 40 36 20 8 45 12 7 32 31 5 10 21 24 48 50 17 47 29 2 26 19 35 14 18 46 16
48: 30 24 11 4
49: 8 37 29 25 34 47 14 3 5 48 32 33 2 12 24 43 22 16 4 39 49 41 44 26 6 45 30 38 15 10 19 1 35 50 21 36 11
50: 42 20 25 6 34 17 50 12 1 30 38 14 37 21 27 41 3 8 48 16 31 13 5 23 35 29 18 32 33 7 26 9 44 11 10 15 43 45 4 2 49 19 36 28 47 40 24 22 46
1: (21 11) 13 (6 3 22 50 35) 9 49 10 7 (41 36 31) (46 14) 26 (20 44) 40 (27 39)
2: 3 (23 1) (42 35 29 6) 45 (9 14) 44 (28 26 34 8 27) (47 41) (39 43 21 50 49) 17 36 24 4 20
3: (24 40 46 7 28) 11 20 21 32 (43 39) (31 13 2 22 3 27 35 49 6 26 1) 41 29 (50 5)
4: (13 50) 30 48 27 (43 22 26) (6 35 29 49 20 21 5 45 11 34 38 24 41 2 25 14 36) 7
5: 36 27 (3 32 29) 40 (22 14) (35 21 38 17) (11 7) 2 43 (26 44 39) (4 10 8 45 49) (30 20) (19 41 9) (13 50) 47
6: (1 8 36 10 35 9) 11 (41 47 49) 45 (28 26 21 19) (27 20) (22 13 40 17 50 15 34 3 7 24) 42 39
7: (42 21 3 28 14) 43 47 11 50 22 (2 8 15) (7 39) 41 (4 13 36 12) (5 17) (34 26 9) 35 20 (6 27) (18 45)
8: (16 42) 35 (14 22 50) (43 41 47 39) 32 (2 17 26 3) 21 (29 9 12) 36 (45 8 27 38 49 4) 6
9: 45 10 9 39 42 (17 1) 22 (41 35 27 43) 21 44 (28 3) (12 29 46) 26 (8 50 6 20) (11 2 13 4 36)
10: (27 30 35 6) (2 20 26 17 12) (41 13 8 3 28) 47 (18 36) 39 (22 50 44 46) 49 43 11 (45 21)
11: (35 26) (20 49 11 15) 17 (38 48 4) (43 45 21) (22 41 3) (13 19) 16 10 28 (2 50 34 1) 39 32
12: 17 (2 21) 3 (39 5 24) (19 8) (28 22) (11 42) 47 44 (7 45 43 20) 29 (41 36) (50 49) 35
13: 41 (1 43 23 44) 21 (24 39) (50 42) 8 13 (46 26 10) (5 45 19 35 3 36 17 28 47)
14: (42 22) (34 17) 27 47 (26 19 49) (6 21) (50 3) (20 7) 43 (39 35 13) 41 9 (11 30 8 14) (45 44)
15: 39 (49 35) 11 (34 27 26) (13 21 8 17 36 22 44 20) (19 41 50 23) 43 42 1 6
16: (17 20 23 1) (27 46 36) 29 (3 11 21 50 10) 35 47 41 4 (14 34) (2 7 33) (26 39 49 45) (42 9 43) 22
17: (11 50) (42 6) (34 45 14 46 28 37 35) (3 32) (43 38 47 21 41) 17 (26 8 7 22 2)
18: (7 39 46 47) 3 12 10 (36 11 17) (13 20) (22 21 43 26) (35 14 42 50) 2 38 (41 30) 34
19: 38 (3 35 27) 13 46 21 42 (26 41) (2 7 28 50 36 10) (20 22 44 45 47 17 49 4)
20: 20 26 (29 7) (12 10 35 3) 14 43 (28 32 30 34 46) (17 8 13 27 21 47) 39 50 (41 36 5) (22 2)
21: (1 49 20 22 12) (3 26) (35 2) 9 (8 39 43 36 15) 17 42 27 38 (21 10) (11 5 13) 50 (34 41) 14 47
22: 21 (12 43 13 50) (3 45) (9 39) (30 24 27) 22 (46 36 26) 35 41 19 (28 49 8 14 17)
23: (7 35 12) (22 50 46 2) 3 (42 4) 13 (1 10 39) (17 8) (11 36) (34 21) 20 (26 9 41 28 43)
24: (50 12) 7 (49 21) 29 (14 10) (36 26 11) (28 15 41) 17 39 (24 13 32 35) (22 1 3) (48 47 8 42 9)
25: (39 19) 29 (8 20) (26 45) 50 (41 24) (14 43 2 49 34 13) 22 (44 36) 1 21 38 (3 17) (27 5 35)
26: 15 (11 13) 22 19 (35 49) 42 34 (43 28 36 45) 26 (7 2 1) (41 21) (17 3) 50 47
27: 45 (34 38 7 28 42 43) (35 20 11 1 29) (50 27 41 9 2 32) (26 22) 8 36
28: 30 (34 3 50 27 29 46) (17 22) (28 9) 42 (39 14 36) (2 38 12) (21 11 41) 19 (44 26 45 35) 1
29: 16 46 (41 50 36) 43 3 (10 26 22) (39 20 8) 11 47 17 (21 14 2) 49 42
30: 41 21 (50 43 20 19 2) (49 48 38 6) (34 3 17 36 1 8) 10 (46 27 35) (22 11 40 26 13 47 39 45 14)
31: (10 35 38) 30 36 (11 1 45 21 14) (17 9 50) (7 26) (22 20 41 47 4 44) (29 43 15)
32: (7 43) (47 26 9 13) 29 (44 46 12) 11 6 (17 42 39 8 14) (41 50) 32 (3 22 49 21) 20 34
33: (15 45) (39 11 5) (28 35) (22 34 49 21) (43 26 30) 2 1 3 50 (41 27 32 9) (17 36) 20 (14 46 13) (8 24) 4
34: 42 (30 29 14) (22 11 4) 49 21 44 (36 12) 50 (9 45) (43 39 35 3 46) (38 10) (19 17 13 26) 20 8 41
35: (19 3 35) 20 34 47 (11 36) 2 (14 22 5) 49 (4 43) 28 (32 21 44) (8 37 50) 16 9 17 10 (39 41 42)
36: 5 (13 34) 35 (11 49 4 17) (47 38 25 24 27) 7 15 (1 12 22) 44 28 14 23 (20 36) (41 21) 8 (42 3) 46 (50 43 30)
37: (10 2 22 3 40) (34 16 44 5) (17 12 30 35) 29 (20 46 14 13) (11 9) 27 (28 41 26 50 8) (21 36 49) 39
38: 22 1 (9 36) (42 46 27) (14 50 7) (10 35) (49 26) (39 8) 41 (30 17) 21 (20 29 3 2 6 11 45) 19
39: (10 14) 3 (9 49) 36 11 (42 17 47) (20 22 32 43 41 44 21 4 2 35 8 13) (26 29 1 15)
40: 50 (20 39 34) 43 (42 12 27 8 22 1 13 30) 36 17 45 (46 14) (35 21) (29 32) (47 26) (41 6)
41: 3 (22 43) 13 36 28 50 34 10 (39 46 19 7 11 21 17 9 44 5 49 38) (41 26) (14 29) (8 37 35)
42: 44 (19 1 50) (45 21) 13 (22 17 41 43) (2 5) 8 4 28 (47 30) 11
43: 5 (42 3 24 19 36) 10 20 44 (11 8) 21 (45 30) (26 50 27 1 43 22 49 6) 31 9 (41 13 16) 12 17
44: (35 46) 29 (34 50 9 43 17) 14 13 36 49 (22 38 44 11 26 41 21 2)
45: (14 36 11) (29 22 35) 38 (47 28 6 34 25 26) (41 45) 50 (5 1 3) (44 49 10) (12 21) (15 2 42 39) (32 8)
46: (37 26) 27 (39 28 45) 17 43 29 10 14 34 (30 32) (47 41) (36 38 13 15) 35 8 (50 21) (3 46 31 20 22) 44
47: (30 13) 43 3 (8 22 23 50 14 41) (29 1 19 21) 42 (26 49 6 47 39 45) 17 10 (28 2 35) 11 7
48: 14 (38 29 50) (49 45) (3 28) (35 9) 43 (1 39) (8 40 2 20 21 11) (41 17 47 22) 12
49: 10 26 (39 49 21 50 34 46 41) 19 43 (13 9) (36 4 22) (11 8) (28 35) (12 17) (44 42)
50: (39 11) (30 43 26) (35 36 1) 44 (29 8 50) (41 7 32 49 34 17 21 42 3 10 47 22 13)
