50 50
1: 15 18 35 28 25 24 4 38 43 17 31 27 3 26 19 29 8 7 40 39 49 37 30 42 48 50 2 23 34 6 47 11 22 46
2: 48
3: 25 2 12 19 6 11 22 23 35 1 33 17 36 30 21 46 40 41 4 48 45 50 49 43 28 47 37 42 31 34 18 26 8 39 16 3 5 10 20 9 29 13 15 7 27
4: 22 18 30 15 3 16 34 12 37 36 24 28 39 20 13 8 17 48 10 2 46 27 9 31 1 32 42 44 43 25 26 14 49 47 38 4 7 5 11 50 35 45 29 19 6 40 33 23 41
5: 14 24 21
6: 4 31 21 8 39 41 29 48 32 5 35 19 14 28 30 17 3 22 15 43 16 10 45 37 40 12 44 24 2 1 9 27 13 42 11 49 36 46
7: 34 45 30 32 14 21 33 22 37
8: 11 17 27 29 28 50 35 3 2 32 5 40 47 7 39 15 33 4 38 46 12 20 41 18 1 24 42
9: 5 1 31 23 24 10 47 43 22 38 45 27 49 39 21 18 46 9 30 32 40 41 8 42 25 2
10: 16 48 47 12
11: 22 3 25 23 42 49 1 17 44 32 30 15 18 37 50 6 10 9 26 46 31 40 39 14 4 21 45 24 48 34 41 11 5 35 47 16 19 20 12 7 36 43 2 28 38 13 8 33 27 29
12: 4 26 13
13: 7 26 49 27 45 43 6
14: 31 5 21 29 39 9 49 27 50 33 16 18 15 23 44 32 26 30 42 24 17 22 37 4 41 35 25 2 3 12 43 10 34 36 1 28 47 38 45 14 40 6 20 13 7 8 46 48
15: 27 23 10 20 49 30 38 14 15 18 39 3 5 25 11 16 48 45 29 12
16: 27 6 8 4 7 15 2 29 11 34 38 40 20 22 30
17: 47 46 22 21 31 3 18 19 24 26 1 5 11 35 34 17 49 20 25 43 2 45 7 40
18: 39 5 13 4 3 50 14 40 47 30 35 43 45 8 38 36 21 37 41 16 44 1 25 6 2 29 46 26 22 42 24 10 32 49 9 7 33 19 17
19: 42 6 35 37 22 44 46 49 30 32 24 17 16 7 47 3 26 33 15 48 10 19
20: 3 7 2 32 14
21: 4 11 42 37 50 9 46 10 47 25 21 14
22: 49
23: 27 32 33
24: 39 1 47 18 26 27 12 24 4 16 34 50 8 45 5 49
25: 2 29 30 49 25 12 19 36 20 13 37 16 42 17 21 22 8 23 18 14 3 33 24 46 44 1 26 45 9 4 10 7 15 43 39 48 6 31 32 41 34 50 35 40
26: 29 42 41 22 27 19 4 49 30 33 28 14 40 3 17 26 46 36 48 44 1 13 47 10 35 20 25 31
27: 1 12 32 4 46 20 15 21 22 10 45 17 33 13 44 28 35 5 3 11 39 30 16 41 2 37 38 42 47
28: 15
29: 44 50 7 1 42 37 25 10 4 31 17 20 26 5 21 40 11 24 30 29 38 8 18 33 36 3 49 48 39 34 32 47 45 6 19 35 15 46
30: 21 33 36 42 13 17 12 40 29 37 24 16 50 41 47 22 32 9 27 7 10 11 26 19 38 34 45 1 44 3 28 30 35 31 6 43 39 5 48 14 8 18 2 49
31: 41 5 12 4 19 48 47 22 11 30 28 44 14 3 50 43 27 38 13 37 49 20 36
32: 3 44 2 22 33 16 5 10 14 43 48 17
33: 37 20 19 17 6 28 15 39 1 48 31 7 47 32 36 35 30 5 33 27 42 49 10 14 8 24 41 40 9 50 23 44 34 45 3 11 18 38 29 16 2 26 12
34: 27 22 46 21 10 8 1 15 18 33 16 5 24 28 2 50 37 44 9 34 35 14 25 45 29 38 47 7 40 39 36 32
35: 26 17 4 46 37 35 38 24 29 21 40 42 14 7 15
36: 38 12 46 1 50 18 11 48 17 21 35 40 6 33 24 29 44 23 39 8
37: 19 50 48
38: 25 22 15 44 37
39: 46 3 38 7 39 4 6 36 12 19 34 8 31 15 21 1 27 42 22 43 2 41 28 40 25 44 24 50 32 48 16 26 20 23 11 18 33 9 17 30 47 29 5 13 14 10 37
40: 36 2 40 8 44 35 19 45 46 42 1 6 4 17 15 34 37 28 49 16 31 22 9 13 14 10 27 29 39 20 18 47 43 48 5 3 30 21 12 38 25
41: 48 25 39 30 42 33 46 7 22 18 28 27 13 50 26 21 49 31 2 44 19 17 35 29 6 14 47 45 12 3 38 9 41 10 1 43
42: 31 37 44 8 41 14 21 6 48 38 20 50 12 10 1 11 25 17 36 18 40 46 7 30 29 19 39 5
43: 33 25 5 22 13 12 40 4 45 14 26 27 18 1 28 39 29 38 35 19 6 49 10 42 32 47 17 7 46 8 21 44
44: 1 45 42 7 15 16 22 41 3 27 21 23 9 43 14 48 13 20 47 30 5 36 8 49 4 31 6 26 40 10 25 37 34 11 46 12 28 50 18 35 2 33
45: 46 16 41 36 49 13 24 22 11 7 12 17 34 29 42 33 19 10 44 48 15 3 20 25 45 28 47 35 30 4 9
46: 20 15 32 50 22 9 19 14 29 42 6 23 5 44 21 30 18 47 16 31 10 38 25 17 35 45 40 24 43 1 41 36 4 3
47: 26 43 28 25 1 49 5 11 7 17 22 19 32 48 36 30 10 47 4 40 31 6 20 13 8 33 21 12 44 41
48: 39 37 19 11 49 17 12 30 45 16 24 35 7 26 31 43 9 1 25 40 41 8 23 44 48 33 4 13 46 5 50 27 29 6 2 36 14 15 18 21 28 42 3
49: 38 2 35 20 34 50 44 37 48
50: 2 36 14 3 11 10 43 29 49 23 15 24 46 38 41 1 48 6 32
1: 33 47 18 (14 42 29 3) 8 24 34 (11 46 36 43) (48 26 6 27) (39 30) (25 50 41 44 40 4 17 9)
2: (3 8) (16 18) (27 1) (48 20 49 17 14 41) (25 6 11 32 33 9 40) (50 39 34) (4 30) 44
3: (46 48) (18 4 15 44 26 25) (27 31 8) (45 41) (3 50 11 17) 6 (32 40) 20 (19 14 30) (33 39 1 29)
4: (39 48) (16 35) (4 27 40 6 43 31 8 14 26 47) (18 25 29 12) (11 21 24 45 1) (44 3 46)
5: 40 39 27 (29 8 34 43) 17 (48 6 4 9) (32 11 3 15 31 42) 14 47 (33 24 30) (18 44 46)
6: 11 (43 30) 36 (33 18) (29 39 4) (42 47 13 41) 46 (25 44 40 19) (14 48) 50 16 (3 1)
7: (44 20) (18 47 19) (48 14) (3 17 34) (42 13 35) 4 (8 25 29) (1 30 33) 45 43 (41 39 16 11)
8: (48 44 1) 9 (36 24) 34 (14 47 29 30) (43 3 6) (11 18) (42 25 33) (39 40) (4 16)
9: 30 (11 40) (33 6 34) 39 (9 3) (44 45 25 18) (21 14) (46 48 4 41)
10: 27 42 32 (6 15 25 43 50 44) (34 9 14 39) (41 18) (46 30) (19 4 3) 47 29 (33 40 45 11 21) 26
11: (33 4) 16 (39 50) (17 45 31 30) (44 15) (27 3) 36 (48 11 29) 6 (8 42 1) 21 47
12: (31 44 45 41) (11 14 47 27) (8 33 48 36) (40 42 30) (15 3 24 43) (4 10) (39 6 25)
13: 40 45 (43 39 41 30 48) 3 (44 14 25) (26 31) (18 4) 11 (47 27) 6 12
14: 31 (33 4) (14 35 39 42 50) (25 44) (5 18) (15 32 46 40) 30 43 (48 6) (20 7 34 11) (26 41 21)
15: (27 48 33 14) (46 50) (16 8 34) 28 25 (19 11) (38 45 39) (15 44) 35 40 (29 3 1 6) 4
16: (45 6 33) 40 48 (18 24) 30 (4 44 11 15) (34 14) 3 19 27 25 10 (39 32 46)
17: (27 32) 40 46 3 (30 4) (35 1 25) 36 47 14 42 (19 11) (33 29 6 8) (18 26 41) 48 (17 43) (39 45)
18: (30 42 24) 41 (1 3 25 14 39 8 15) (9 33 48) (36 44) (11 40 4 34) 43 17 29 46
19: (42 31) 19 (30 48) (1 37 25) (17 40 46) (11 29) (43 4 41 6 18 3 26) (45 39) (33 47)
20: 17 16 33 25 46 42 15 (11 27 4 8 45) (31 39 47 49 29 14 44) 3 (26 40)
21: 11 34 14 6 41 (43 47) 44 (17 35 7 39) (9 40 27) 42 3 29 (25 36) 21 30 (5 46 18) 48
22: (14 32 26 40) (38 27) (31 44) (30 45 41 3) 47 34 4 (19 9) 18 16 (6 39 17) 43 11 1 (46 7) 25
23: (15 44) (11 25) 50 46 33 (1 9 4 14) (3 39 36 48)
24: (30 24 18) 35 (4 45) (29 48 46) 11 (39 5 34 33) 50 36 17 (25 14 1 9) (19 6 8)
25: (46 15 44) 42 17 (41 29 47 43) 18 26 (4 48 38) 9 45 (39 14 21 3 25 34) (1 40) 11
26: (43 30) (19 12) 3 18 39 17 (47 44 24 41 1 14) 4 (25 11 26) 35 29 33 13 48
27: 16 (8 1 39 34 11 3 9 24 43) 30 (48 40) 15 (26 41) (23 44 33) (31 13 4 6) 14
28: (39 47 40 41 33) 43 (8 45) 44 30 4 (26 14) 11 (6 34 3) (1 48 31 27)
29: (42 50 35) (16 34 29) (25 48) 14 4 (43 46 33) (40 15 8) (6 45 36 39 41) (30 1) (26 11) 18 3
30: (9 33) (14 19) (11 16) (4 44 25 29 18) 45 (15 31) (27 7 42) (48 41 1 3) (6 26 46) (40 30 39) 47
31: (29 42 41 4 3 14 46 25 9) (17 11) (48 47) 39 (26 40 44) 30 (1 33 6)
32: (50 7 20 33 9) 18 (27 14 47) 30 (25 29) 43 (39 8 4 19 6 46 11 23 34)
33: 14 41 29 33 27 30 (36 34) (7 43 26 47) (48 8 4 39) (23 3 44 18) (25 45 19 11) 32
34: (49 24 14) 7 (45 40 44) (16 3 33) 25 (39 29 4) 17 (11 1) (30 34)
35: (48 30 18 45 1 40) (35 41) 17 (46 25) 49 (36 3 44) (43 6 14 29) 26 (33 11) (19 34) (8 27) 4
36: (33 4 11 42) 44 (6 46 47 50) (3 25 45 26 34) 14 (31 29) (30 18) (39 40) 48
37: (18 21 19 40 27 39) (29 30) 14 (7 34 38 48) (49 25 11) (35 42) (3 44) (6 33 31 4 1)
38: 18 (33 50 34 27 15 30 9 29 43 42) (1 46) (31 36) (11 8 35 16 40 39 41) (49 4 14)
39: (14 25) (11 33 40) (18 6 48) (39 8) 29 (42 24 34) (3 15) (9 1) (27 36 30) 4 (41 43)
40: 4 36 (35 40) 25 16 18 46 (42 26 29 43) 17 (34 14) 47 9 1 (8 11 30 33 48 44 6) (39 3)
41: (46 25) (41 42 8 18 9) (47 45 6 33) (3 11 50) 39 26 (4 31 48) 14 44 30 27
42: (1 48) 6 (39 45) (35 41) 19 25 (11 21) 46 (27 29 26 43 14) (30 4 18 40) 44 (3 9 8) 33
43: (14 11) (18 31 25 1 48 30 17) 6 (3 9 50 41 47 13) 32 (46 44 39 4 40)
44: (27 46 43 26) (33 29 49) (42 14 32 31 6 41) 19 (11 40 18 38 47 45) (36 4 48 39) (30 34 25)
45: 27 3 (46 7 34) (40 33) (9 6) (43 4) (41 15) 13 14 (25 45) 29 (30 18 24) (17 11 44) 48
46: (48 39 40) 27 (35 43 1) 50 (42 26 25) (4 45) 44 (8 17) 9 36 (21 6) 29 (18 19 11 14 34) 3 41
47: 18 21 3 46 (39 31 8) 14 17 41 30 40 (4 26 44 47 24 29 27) (34 33) 43 (11 1) 45 (10 9) 19
48: 33 (1 6) 30 32 (15 10 14) (40 4 50 42) (44 47 19) (36 26 31 41 11) 49 (39 37) (48 25 2) (3 29 45)
49: 45 (14 43) 1 4 11 (44 33 17 30 13 15) (26 3 50 18) (40 31) 47 6 (9 41 24 29) 22 (25 48 19)
50: (24 39 3) 4 (36 33) (49 21 31) (41 34) 8 (42 1 18 48 25 44 14) (37 30 29) (46 11)
