50 50
1: 17 15 14 1 33 37 49 12 13 19 2 21 43 23 32 8 3 44 25 29 34 24
2: 30 18 1 12 26 9 43 49 37 4 32 10 45 3 39 48 8 16 25 42 11 33 5 14 44 15 7 20 50
3: 33 18 17 29 1 40 6 32 20 19 44 21 43 11 7 16 47 10 41 24 3 31 46 48 37 14 38
4: 15 32 37 47 34 22 27 18 50 6 30 13 5 31 36 26 41 16 24 21 14 1
5: 18 19 47 1 41 43 31 6 20 12 38 10 17 48 25 46 33 3 24 34 49 4 14 16 37 39 45 2 28 40 22 32 8 44 23
6: 13 31 21 46 9 2 6 39 22 23 33 36 3 50 18 1 35 8 29 12 42 10 27 49 15 19 5 40 34 16 4 17 28 45 43 32
7: 7 10 13 44 16 34 42 43 29 11 38 30 17 3 47 20 15 41
8: 48 23 44 43 25 14 13 28 5 10 46 1 12 39 26 49 4 11 3 17 6 36 42 22 33 19 32 15 18 45 50 30 27 37 40 8 34 47 20 38
9: 40 25 43 2 44 26 15 12 11 49 27 20 45 23 37 18 17 50 33 36 48 10 1 22 38 39 4 46 7 24 31 47 6 42 35 9 19 16 30
10: 5 33 13 12 14 27 15 36 22 4 6 8 35 25 31
11: 7 17 48 28 31 39 30 11 3 14 21 38 9 13 4 40 36 49 34 27 29 2 6 37 41 16 19 12 45 46 20 47 35 25 26 33 22 50 44 15
12: 48 43 24 25 22 9 41 4 21 3 50 12 28 18 45 17 14 34
13: 28 21 46 39 10 18 25 14 19 50
14: 3 24 30 21 2 42 26 27 20 35 31 33 32 13 29 44 36 34 5 25 4 14 23 22 6 12 15 47 39 10 17 18 37 38
15: 41 32 48 45 12 24 42 44 29 28 27 37 22 39 7 2 8 38 20 43 36 47 10 9 23 35 40 17 18 13 34 25 50 4 16 3 14
16: 30 2 8 42 28 36 46 14 18 33 3 39 29 24 45 38 21 5 9 16 47 13 26 41 44 43 11 12 32 40 20 25 27 35 4 23 34 50 15 7 6 31 17 48
17: 18 15 3 9 19 12 2 23 44 17 43 14 50 41 26 37 39 10 1 22 32 49 20 5 35
18: 31 21 34 15 1 6 8 44 50 13 47 42 38 45 3 27 16 20 5 30 46 11 36 28 12 24 39 10 43 9 48 25 49 2 17
19: 47 34 35 12 45 11 44 19 10 22 13 39 32 43 46 25 3 37
20: 15 34 31 45 43 14 26 2 20 6
21: 8 38 43 4 25 47 16 1 15 11 39 35 6 30 32 2 3 48 37 7 44 41 42 13 31 19 21 24 12 20 40 34
22: 45 8 42 46 39
23: 32 11 20 29 15 13 50 24
24: 36 11 39 37 27 15 20 8 19
25: 3 7 27 31 18 41 45 19 29 34 6 10 35 24 28 12 46 5 37 25 49 16 20 33 23 50 4 48 21 1 22 40 11 17 13 47 39 9
26: 35 23 20 18 26 2 3 43 6 5 16 7 4 47 24 19 28 32 42 17 46 10 39 41 49 22 38 30 13 11 34 27
27: 39 8 14 6 29 7 50 35 5 27 3 34 47 25 19 17 4 30 45 26 49 36 16 28 33 38 1 42 22 9 32 13 48 37
28: 8 20 1 18 6 23 9 3
29: 27 2 45 20 33 50 44 5 10 35 25 23 36 15 17 47
30: 7 19 21 49 15 48 31 43 39 42 41 40 28 27 50 5 4 25 34 35 3 18 30 37 8 17 16 13 29 44 24 23 47 9 20 26 12 6
31: 17 38 22 41 2 44 35 26 45 25 20 29 11 47
32: 45 35 16 50 47 4 32 33 11 26 14 1 9 24 48 27 15 38 40 3 41 30 22 37 2 21 7 28 39 17 12 34 20 18
33: 19 22 23 39 3 26 16 14 49 24 38 33 5 44 46 21 13 8 28 30 42 37 34 6 10 9 29 20 47 50 1 12 15 45 7 36 35 43
34: 10 50 21 14 41 46 34 32 24 4 42 8 33 28 49 9 45 38 47 23 3 19 43 17 48 16 26 18 44 29 39 30 35 12 31 13 37 25 20 40 2 1 36 11 7
35: 45 37 17 20 14 38 48 6 33 39 41 13 46 40 29 24 7 5 25 19 43 49 1
36: 12 45 16 38 9 14 29 5 44 35 43 11 1 15 4 47 22 10 27 34 26 33 6 8 30 39 19 37 2 46 25 40 31 28 41 24 17 36 18 20 21
37: 19 24 15 35 22 14 50 28 26 21
38: 24 22
39: 48 21 16 27 46 9 18 25 39 31 14 2 23 44 6 15 34 8 32 41 29 37 1
40: 32 1 34 41 36 8 12 33 48 17 24 16 35 23 13 2 5 39 7 37 19 49 50 18 20 44 21 42
41: 1 36 11 48 7 31 35 17
42: 5 26 36 9 13
43: 8 31 38 40 17 13 39 44 6 14 12 47 19 42 10 36 15 50 34 28 9 24 27
44: 6 16 21 9 40 37 19 28 48 11 20 1 26 22 32 39 44 45 42 33 41 38 5 7 31
45: 45 34 9 48 44 25 13 38 10 49 37 14 3 19 47 29
46: 29 41 12 49 15 24 46 21 45 43 32 9 36 47 1 42 35 48 38 20 34 44 26 33 6 11 14 37 17 31 13 16 5 25 8 2 28 23 27 22 7 3 19 18 30
47: 38 3 14 40 4 31 39 1
48: 26 37 36 25 22 6 18 29 3 41 9 40 20 10 34 28 47 43 33 12 11 1 48 45 7 2 44 21 16 32 17 31 24 46 8 35 14 13 42 49 4 27 5 38
49: 31 38 7 27 25 8 17 19 9 35 29 18 20 6 5 28 10 50 1 45 26
50: 21 17 27 49 22 19 7 16 47 39 4 18 50 20 9 25 23 43 1 3 11 29 40 15 6 34 35 26 32 42 38 13 46 30 33 45 44 10 31 5 12
1: 48 34 (33 25 27 8 41 2) (32 18) (4 47) (3 49 39 46) (35 28 50 6 17 1 36 40 5) 9 (44 21)
2: (21 15 16 48 17 32) (5 46) (40 20 26 36 39) (1 11 34 18) (29 6 14 9) 31
3: (12 34 14) 50 (18 2 5) (28 32) 16 7 (27 30 45 17 15 3 19) (47 26) (1 48 6 21) (11 33 46 8 25)
4: (8 48 9 6) 14 15 (36 5) 21 34 27 (32 50) 26 47 10 25 12 30 16 11 2
5: (42 8 26 48) (2 44 6) 49 35 (30 18 16) (27 33 25 29 17) 40 36 (10 4) (50 14 46)
6: (36 11 27 50 30 4 39) 14 (25 35) (28 26 33 6) (8 18 20) 46 (48 3) 21 9 (5 43 44 10 49) 16
7: (44 11) 41 (15 26 46) (25 16 2 30 32 27) (9 21 49) 50 (34 35 3) (33 7) 40 48
8: 39 (1 46 36 43 22) 49 48 21 30 (18 27 10 24) 40 (33 28 8 5 15 2 16 34 6)
9: (12 18) 15 28 46 (33 16) 48 (43 49) (39 36 34) (11 30) 44 6 (42 25) 9 45 (2 50 27 17) 32
10: 36 (18 2) 8 (49 15) (34 25 29 33) 3 (6 26) (45 17 19) (43 7 9 13) (5 50 48 14)
11: (26 16 36 34 21) (32 2) 7 (50 24 18) 25 8 31 (44 19) 48 (9 3 46 41 23 11)
12: (50 6 40 34 12 43 11 9 14) 5 (16 17) (33 15 10 30) 21 (25 32) 46 (19 2 8 48) (36 18) 1
13: (43 45) (4 8) 25 (19 33 21 35) 11 42 6 (14 16) 23 18 (1 26) 15 (7 30 48 34) (10 40) 50 (27 46)
14: 11 17 (33 4 12 20) (48 46 2) (14 13) 5 37 15 (32 1 35 47) (45 43 10 39 36) 3 34 27 (8 16)
15: 32 2 (29 14) (20 24) (50 21 16) 7 (1 10 43) (33 36) (9 30) (23 17) 39 (18 6 4) (37 8 11) 46
16: (27 6) 32 (34 26 44) (21 18 2 3 40 48 11) (50 46 33 25 4 36) (15 9 16) (39 5) (7 30)
17: (8 29) 7 5 (25 41 6) (1 36 34 12 17 30 43) 40 (9 15) 49 (18 31 26 46 11 27 32 35) (3 16) 50 (48 14)
18: (28 39) 26 5 36 (3 6 2) (4 48) (17 40 46 12 9) (30 16 49) (13 32) (25 50 8 14 34 15)
19: (45 13) 34 (11 33) (9 24 27 44) (6 19) 46 (26 5 3) (43 37 49) (25 1) (30 50 8 36 40 35) 21 17
20: (16 33) 32 (29 48 44 7 46 20 15 34 2 3) (5 28 23) 36 (30 49 9) 24 (25 26) (31 14 8) 40 (11 35) (21 18 17 50)
21: (46 25) 32 18 (33 6) (36 21) (3 14) (12 48) (30 13 39 44 11) (37 4) (34 16 40) (50 1)
22: (25 31) (27 6 44 36) (33 46 10 50) (14 12) (48 4 19) 8 (15 17) 11 (5 32 26) (37 38) 9
23: (16 46) 50 (8 5 6 1 9 34) 28 30 (26 40 15 39 14 29) 33 (17 25)
24: (34 1 23 33) 32 48 12 (5 9) (43 3 37) (4 18) 46 (30 36) 38 (26 16 14) 21 35 (40 25 15)
25: (34 45) 31 (29 36 8 14 25 35) 19 (9 27 5 48) (49 15) (18 39 10) 13 21 30 (16 11 1) (12 46 50 2)
26: (11 14 42 31) 16 46 (34 33) 8 50 (20 48) (17 49 27) (4 26 2) 9 (30 37 36 32) 44
27: 27 18 (43 15 24) (25 30 4) (26 50 16) (11 49 39 36 32 29) (46 9) (48 14) (8 10) 6
28: (48 37) (43 5 26 49) 18 (13 32 44 12 11) (33 8 34 46 15 25) (6 30 16) 27 36
29: (6 25 16) 48 (11 33 36) (30 3) 27 (45 23 46 34 50) (39 14 35) (1 15 49 31 7)
30: 14 (4 7 27) (46 50 26) (11 2) (33 21 30 34 18) (8 16) (32 9 36)
31: (10 3 49) 25 (5 39 30) (14 21) (34 16 46 6 9 18 4 43 47 44 36 50) 48 41 (11 20)
32: (21 48 40 8 32 23) (15 1 6 44) 14 (50 5) (16 4 2 19) 34 3 (17 46) (39 26 27)
33: (46 27) (11 2 1 32) (8 3 6 50) 5 29 (25 36 10 48 34) (33 16 14 9) 40 35 44
34: (16 39 40 11 6 4 12 34) (32 36 21) (46 43) (7 15) (45 5 19 8 27) 30 (48 25) (26 20 50) (33 1) (14 18)
35: (29 15) 19 (27 37) 48 (34 46) 21 (50 10) (14 17 41 16 36 33 49) 32 (40 6 11) (26 31 9) (30 25)
36: (16 36 18 34 41 33) (48 46 11 40) 8 6 (4 14 15 27) 10 9 24 (43 29) 42
37: 5 39 (46 14 30) 8 (21 45) 35 (4 9) 19 (36 25) (1 48 17) (44 24 11) (40 27) 2 (3 32 15) (33 34)
38: (9 5 45 8) (18 16) 36 (46 21 35 33 47) (7 50 27) 31 (49 34) (43 44 11 32 26) 3 (15 14 48)
39: 8 (11 39 14) 9 (33 44) (32 30 50) 15 13 (21 26) 6 5 (36 27 19) (24 18) (35 43 16 34) (25 2) 17 (22 40) 47
40: (34 48 9 47 16) 8 50 43 15 5 25 (6 30) 44 (21 11) (35 36) 32 3
41: 15 (39 44) 31 (30 3 46) (34 26) (25 7) (16 36 32 21 11 12) 17 (5 40) (4 35 48)
42: 8 (7 43 21 30 9 40 46 27 2 18 6 50) 44 (15 48 14 26) 16 (34 22 33)
43: (16 48 7) 35 46 (20 33 26 1 2) (21 18 36) (6 15 19) (12 30 17) (50 9 34) (8 3 5)
44: (30 39 29 46 19 1 18 44 45 11 5 34 31 48) (50 14 43 21) (3 7) (8 15) (16 9 33 17 36) (40 2)
45: 34 (18 15) 36 (46 6 32 20) 5 (27 50) 11 22 (31 49 35 29) (33 9 48 25 16 2 12) 8 (45 44 19)
46: (6 35) 16 (26 8) (39 9 25 3 22) 46 (34 48) (19 11 18) (33 36 50 13 5)
47: (25 15) 36 (4 48 16) (31 27 18 7) (3 43 33 11 19 26) (50 21) 8 45 9 (46 29 14 32 34) (5 30)
48: (2 40 32) (16 35 9 11 5) 41 (8 46 45) 18 34 (12 27 30) (3 44) (39 21) (48 15 25)
49: (33 8) (45 25) (11 1 30) (2 5 6 50 48 34) (18 27 9) (17 26 40 46) 35
50: (30 40) (2 29 6 49 9 13 33 50) (37 8 32 4) (16 11 15) (23 12 34 27 17 25 43 18)
