50 50
1: 37 7 5 17 11 10 2 38 28 36 40 22 27 12 30 32 26 41 23 18 29 14 9 20 48 50 19 44 46 6 49 4 3 39
2: 26 48 45 30 21 29 3 27 1 5 7
3: 40 45 19
4: 19 42 20 49 28 45 1 33 44 38 46 14 47 26
5: 3 27 19 50 9 44 39 45 40 4 2 16 49 42 47 17 34 24
6: 27 43 7 42 9 29 5 1 36 50 14 25 37 3
7: 25 13 4 9 28 47
8: 8 11 18 34 44 10
9: 3 30 45 50 48 46 44 35 33 5 36 49 14 47 12 9 18 7 28 4 15 31 20
10: 48 26 24 14 9 39 20 41 21 12 4 19 36 27 29 17 34 46 45
11: 23 8 16 44 46 12 10 36 1 39 13 19 22 15 28 11 3 18 38 27 40 30 33 26 47 32 45 7 4 29 25 49 9 17 20 42 35 21
12: 18 14 21 11 26 16 27 40 7 9 34 1 38 43 41 37 20 13 2 4 46 5 19 44 24 22 30 32 25
13: 6 24 5 39 29 27 21 2 36 45 26 15 43 37 17 25 1 4 19 9 46 23 14
14: 32 4 25 40 13 33 44 41 9 30 50 8 24 15 38
15: 6 26 48 50 10 17 49 20
16: 2 44 1 19 22 15 31 17
17: 17 27 35 45 36 34 41 10 31 16 28 47 21 46 11 37 1 7 32 9 4 42 23 14 40 20 29 3 38 50 30 18 33 26 48 39 25 2 13 44 19 24 6 49 22 8 43 5
18: 16 25 12 2 40 8 5 4 41 48 26 14 11 27 17 19 37 32 35 21 3 20
19: 10 31 24
20: 10 42 33 22 34 16 44 29 14 37 43 31 38 48 12 20 32 49 27 28 24 19 5 1 17 50 30 45 25 21 46 26 35 3 36 2
21: 44 43 30 18 4 33 26 24 17 29 39 7 37 16 31 3 34 36 20 19 10
22: 15 29 45 24 20
23: 12 39 1 45 33 9 13 36 49 35 34 20 42 28 30 31 44 2 4 48 5 15 23 16 26 43 27 10 3 46 11 41 40 18 14 7 6 50 47 37 22 19
24: 14 9 47 34 45 6 25 31 44 12 37 1 48 38 7
25: 50 49 16 45 19 32 21 47 12 29 7 15 31 13 9 17 27 26 24 1 25 11 5 2 34 35 20 8 6 23 38 18 4 28 3 14 37 42 40 30 46 22 48
26: 48 3 8 24 29
27: 1 27 21 28 14 17 50 9 29 31 10 5 43 8 44 41 16 35 25 26 13 30 6 37 39 42 33 11 15 19 20 48 47 22 2 3 23 45 36 32 46 12 7 34
28: 20 4 38 25
29: 6 34 49 11 44 26 41 5 3 50 37 43 45 7 16 2 12 46 31 20 17 14 19 42 8 40 28
30: 1 4 34 17 9 5 49 21 2 7
31: 29 34 4 44 38 41 46 21 12 45 35 22 39 16 27 48 19 1 30 42 2 36 26 17 47 43 5 8 23 28 40 33 14 10 49 31 15 24 32 37 50 25 18 11
32: 28 11 13 35 44 20 22 19 25 10 21 41 14 27 15 18 45 40 8 29 47 24 5 37 36 48 50 4 31
33: 41 23 24 2 31 7 18 29
34: 5 18 48 43 40 15 31 49 29 38 32 21 20 45 19 2 1 24 44 8 23 30 39 17 33 47 42 14 11 28 34 13 12 4 9 46 16 10 41 26 50 27 35 7
35: 16 25 36 23 17 49 12 26 48 11 7 8
36: 23 22 18 15 25 12 38 11 26 45 28 41 47 31 34 14 27 32 17 49 44 39 20
37: 48 44 4 38 33 15 11
38: 48 46 41 28 17 8 39 12
39: 18 40 2 14 21 36 27 44 48 47 15 38 49 4 29 26 32 20 1
40: 19 44 11 10 48 1 17 36 2 49 16 18 20 35 8 42 29 47 27 14 50 12 3 13 38 46 34 15 4 21 28 5 39 45 25 41 40 6 33 9 37 32 7 43 26 24 22 31 30
41: 24 29 27 26 13 18 22 7 10 44 11 37 20 42 21 2 17 38 9 4 3 1 16 46 28 36 41 32 47 50 5 31 35 19 6 30 49 15 43 33
42: 49 32
43: 45 16 27 36 17 49 38 34 1 31 43 42 3 24 41 23 15 39 47 10 12 5 40 21 28 6 7 13 11 8 29 4 9 48
44: 33 11 25 50 27 13 21 43 24 12 26 23 20 10 38 18 44 32 40 9 17 42 48 3 5 31 4 16 36 35 30 14 29 45 7 28 39
45: 33 5 19 16 32 25 21 9 18 3 38 6
46: 22 15 42 37 20 43 9 7 14 32 24 31 33 34 29 3 6 13 25 26 19 45 46 18 44 39 4 40 17 23 1 11 12 27 48 10 50 30 5 2 47 38 8 28 35 16 49 41
47: 11 47 12 5 13 4 45 14 28
48: 17 7 29 15 31 9 19 42 45 5 36 49 13 8 26 24 6 20 28 50 21 23 32 22 41 35 34 3 48 14 38 2 47 11 10 1 46 37 30 16 43 18 44 39 12 40 33
49: 24 18 44 6 39 46 8 14 47 30 20 41 26 29 5 48 45 13
50: 46 35 48 17 29 22 11 44 20 23 38 10 13 30 4 8 26 25 27 33
1: (27 4) 23 (17 2) (24 25) (31 48 39) (20 13 46 6 40 34 43) 41 (30 11 16) 12
2: (48 46 17) (13 27) 25 5 (29 31 41) (39 30) (33 20 40) (12 18 23 34) (1 16)
3: (5 45 27 20 17 1 46 11) 21 (40 29) (6 25 48 18) 23 43 (44 2 9) (26 41)
4: 30 43 (41 47 23) (14 18 12) 40 17 (34 39 50 5 1 21 13 37) (31 28 32 7) (11 25 9 10) (44 46)
5: (44 34 1) 31 (6 32 18) 49 12 (43 45 41 9) 29 (2 27) (25 48 17 20 40 30 13 47) 46 23
6: (25 13) 40 29 (41 43) (24 27) 15 (49 46 45 1 23) (48 17)
7: (30 21) (34 25 23) 9 (2 40) 35 29 17 (12 48 11 46) (41 24) 43 44 (1 27 33) 6
8: (31 18) 50 (8 11) (46 29) 32 40 (35 34) (43 27 14 25 17) (38 26) 49 48
9: (23 1 41 7 9 27) 11 30 10 (48 46) (44 25 40 6 5 17 45 12) (34 43 24) (13 14)
10: (17 31 48 34 43 21 11 20) 27 15 (1 32) 40 (46 8) (50 44) 23 (41 19)
11: (46 37) (50 27) (44 41) 35 (31 25) 32 (12 23) 18 1 (43 8) (11 34 17 40) 47 29 (48 36)
12: (20 38) 25 10 (35 46 24 44 1 9) 43 (31 11 34 48) 40 36 (27 29) (23 47) 18
13: 12 (27 11) 41 (47 23 7) 17 49 (46 50) (44 34 14 40 32) 48 (43 25)
14: 47 (18 24 34 6 48 29) (4 23 44 27 46 17) (36 1 39 25 49 31 9) (32 20 40 10 12 13)
15: (9 23 16) (36 25 43 31 41 40) (32 46 22 13 11 14) (39 37 48 27) 34
16: (21 48 43 44) (29 18 35) 27 (12 5) 41 (11 46 40 23) (25 17 31 45 34 20)
17: (1 18 36 44 27) (13 31) 46 (16 50 15) 34 (41 25) (35 11) (48 43 10) 5 (29 30 20) (38 40) (21 17)
18: (33 17 12 9 1 36 8 48 34 49 23 25 39 11 40 32 46 45) (31 41) (21 44)
19: 21 31 (27 12) (29 13 45 1 17 46) (3 10 20 48) (4 23 5 32) 41 34 (18 16 40) 11 25
20: 27 (44 36 40) (20 41) 34 25 9 4 (49 18) (15 28) (12 10 39) (46 21 32 11) 48 (17 23) 29 22 (50 1)
21: (25 34) (48 13 32 40) 31 (12 44 43) (27 41) (30 2 45) (20 10 39 17) 18 11
22: (11 31) 40 (50 23 16 25 12 41 1 46) 32 (17 27) 48 (20 36)
23: (1 48 46) (31 35) 13 (36 43 11) (44 23 50 33 25 27 17 34)
24: 48 (32 25) 13 (21 49 44 43) (20 19 26) (12 34 22) (40 46 10 5) 17 14 (31 33) 41
25: (32 12 20 28 25 11 27 31 24) (18 6 44) 36 (45 17) 7 (46 35 50) (14 40 13)
26: 25 21 23 36 (31 29 50 34) (44 46) 27 (13 48) 41 35 18 (4 40 1 49) 15 20 (39 17) 10 12 (11 2)
27: (25 5 43) (32 44 23 12 6) (20 40) 2 (13 10 39 18 46) (27 41) 50 (31 36) (1 34 17) 11
28: 31 (25 32 48) (38 46 7 17 44) (41 4 43 34) 1 47 (27 40) 36 (11 20) 29 23 9
29: 39 13 11 31 1 46 (20 6 49) (17 33 41 21) 48 (32 43) (44 34) 2 (22 25) 10 40 (26 50 27)
30: (40 49) (25 9 50 44 20 27 23 34 48 11) 17 (12 46) 41 (2 31 14 21) 1
31: (31 23) (41 17 32 36 34) 33 (21 27) 16 (48 43 19) (46 25) 44 29 9 (20 24 40)
32: 44 (1 18 12 31 41) 46 (48 20) (36 11 34) (39 27) (17 42 25) (14 40 45)
33: 20 31 41 50 (45 17) (40 14) (34 46 27) (11 4 48) 21 (23 44) 9 37
34: (24 40 12 30 25) (17 27) (29 31) (5 8 20) (46 21 10 48) 36 (43 34) 23
35: 25 (44 20) (41 18) (48 32 34 27) 50 31 23 (11 40 17) (9 46)
36: (21 48) (6 17 13 44 11 43 35 9 1) (32 20 40 10 39 31) 41 27 23
37: (25 46 17 32 48) (1 29) 27 (21 20) 23 (31 41 24 6 13 18) 40 12
38: 11 (36 14) 41 1 34 45 39 (46 28) (37 44) (25 4) (24 12) 50 (40 20 17 48 43 31)
39: 34 (17 27 5) (11 36) 13 (23 38 44) (31 43) 40 21 (1 48 10 46) 49
40: (18 5 17) 32 (11 46 48 25) 43 (31 34 23 12 3) 39 44 (1 40) (14 29)
41: 49 27 14 (31 34 43 29 10) (41 1 33 17) (12 38) 18 (48 23 36 40 32 46)
42: 40 (23 6) (46 20 41 25 11) (44 27 43 48) (29 17) 31 5 (34 4)
43: 12 (46 21 13 40 31 29) (48 27 41 34 44 23 20) 6 (43 17)
44: 44 12 (32 9 27) (24 8 34 39) 36 (49 20 40 1 46) (17 48 29 41 4) (16 5) (50 11 21) (23 31 14) 37
45: (13 32 17) 49 31 (3 48 47) (29 40) (25 36) 5 (34 27 10) 44 24 (43 9) (23 11) 20 (2 22) 4 46
46: (1 23) (17 38) 49 (41 50) (25 12) 4 (46 9) 10 (13 34 27 11 31 40 48 20) 29
47: (49 5 41 32) (31 4) 11 40 (9 24 34) (43 46 17 23) (47 27 48) 39 (7 25) 36
48: (31 23 17) (10 49) (38 50 25 39 35) (48 40 37) (34 9 2 15 32 1) 43 18 44 (24 46 27 20 26)
49: (11 39) (34 20) (5 29) 25 31 (30 42 9) (46 36 23) 4 (41 17) (35 15) (1 40) (48 43)
50: (14 40 32 23) 29 (46 15) 9 17 (20 1) (31 25 48 34) (41 27 5 44) 6
