50 50
1: 13 14 9 28 32 11 27 6 7 45 41 36 8 33 38 46 25 50 18 43 21 16 49 20 22 4 1 23 37 10
2: 5 15 30 2 23 21 36 18 38 26 39 19 40 47 16
3: 6 8 44 12 22 27 24
4: 2 30 12 3 28 6 39
5: 12 1 7 37 20 36 5 4 24 16 40 31 14 25 22 2
6: 23 18 19
7: 50 4 16 44 35 36 7 12 39 26 38 10 41 13 5 46 43 1 21 17 48 6 22 11 49 19 8 9 15 3 47
8: 18 44 30 26 49 9 22 11 40 46 15 29 43 14 7 28 5 35 38 33 31 17
9: 18 2 41 20 50 15 31 44 1 46 38 9 17 32 26 35 30 8 42 13 49 12 11 4 36 24 29 48 19 37 47 25 28 16 33 43 40 27 5 39 34 21 22 23 45 6 10 14 7
10: 31 47 13 12 16 23 5 40 37 36
11: 48 45 9 17 23 41 47 21 1 3 49 11 6 46 28 50 32 36 42 25 13 26 18 30 27 40 43 38 35 31
12: 34 2 48 41 20 43 12 44 49 33 30 45 47 4 24 32 18 11 14 15 21 35 7 25 23 9 40 17 8 26 27 6 42 19 31 1 50 10 13 3 29 28 5 39 38 46 36 22 37 16
13: 39 6 46 41 23 30 38 20 7 1
14: 27 41 36 40 4 34 21 15 32 16 30 12 24 37 8 19 7 45 33 44 38 5 18 42 39 11 47 13 9 23 22 31 50 3
15: 20 34 21 13 43 14 37 44 18 25 10 28 29 23 15 11 50 3 4 2 6 31 36 17 46 26 41 1 47 8 22 9 42 35 27 49 16 48 7 33 30 39 32 45 12 40 24 38 5
16: 42 47 15 24 46 8 27 33 16 43 35 34 29 20 4 31 2 18 50 32
17: 21
18: 2 45 3 28 46 37 26 6 42 49 19 40 32 21 29 27 12 36 11 38 34 50 5 17 39 9 20 43 23 7 13 16 47 48 14 31 1 18 10
19: 32 40 9 22 31 6 12 37 24 15 20 2 13 5 26 30 34 18 47 28 4 3 33 11 41 44 21
20: 18 27
21: 8 38 23
22: 6 48 8 15 7 24 43 21 35 23 40 2 18 33 5 28 30 1 13 11 27 41 49 45
23: 19 37 38 26 28 48 39 41 15 18 6 13 22 42 5 8 1 17 36 31 20 34 2 24 50 14
24: 50 41 23 18 45 48 2 34 39 26 42 10 36 12 33 20 38 21
25: 31 20 24 25 22 4 23 43 7 13 12 37 50 21 3 44 14 42 26 10 46 15 28 30 35 5 34 48 45 9 41 29 49 33 47 16 27 32 36 40 19 11 8 38 18 17 2
26: 26 27 50 32 21 15 30 20 13 23 11 18 35 45 49 8 44 43 34 48 33 38 2 17 29 4 5 42
27: 32 8 2 42 48 12 7 33 35 46 9 49 18 16 11 1 20 24 10 38 45 30 47 17 26 6 3 31 27 22 41 37 25 44 21 23 28 43 40 4 15 36 5
28: 13 36 47 12 10 26 28 42 7 20 37 43 35 44 8 25 4 49 17 5 15 41 27 19 39 50 23 11 16
29: 49 27 34 41 2 30 43 24 20 17 13 15 5 47 26 23 22 46 28 29 44 50 16 12 25 33 19 10 45 11 48 31 35 4 14 32 38 1 39 21 40 6 7 18 3 37 9
30: 42 24 20 12 5 3 40 36 49 25 1 39 17 27 13 2 19 15 30 45 28 33 21 32 11 26 18 48 43 22 9 35 16 31 7 8 10 29 34
31: 14 1 17 23 20 49 50 41 32 29 5 6 39 34 37 35 21 42 40 25 38
32: 22 26 38 36 33 5
33: 37 17 41 21 11 23 16 45 1 28 10 44
34: 10 43 16 7 5 37 8 6 36 13
35: 34 24 2 16 44 42 33 50 6 19 17 38 48 1 37 35 49 7 46 41 5 23 28 4 31 32 30 25 13 22 47 36 18 14 39 8 43 10 29 45 21 3
36: 3 33 40 21 27 19 6 23 11 47 34 32 8 42 41
37: 17 40 18 34 37 42 12 28 23 39 4 9 46 10 3 2 41 5 6 36 47 22 43 24 19 25 33 44 21 20 48 7 26
38: 46 44 15 42 12 4 22 24 25
39: 38 8 27 14 9 1 42 17 30 16 33 46 47 39 49 25 5 23 29 40 12 32 13 50 35 28 43 45 3 44 4 2 24 31 21 36 20 6 22 19 26 7 34 37 41 10 18
40: 21 20 17 49 32
41: 35 49 33 15 18 45 39 10 11 50 30 40 24 43 14 3 44 1 5 21 25 8 13 19 47 46 28 20 22 4 17 16
42: 18 45 22 34 36 39 3 38 20 32 6 48
43: 20 14 39 37 43 35 1 50 45 18 2 6 26 17 33 34 15 36 19 16 11 8 24 38 5 13 40 4 10 49 28 25 9 7 44
44: 1 14 17 39 33 41 48 12 18 25 24 20 35 28 38 36 22 37 21 29 34 23 5 40 4 43 7 16 45 6 31 44 50 49 11 15 47 13 9 8 30 26 10 32 42 2 3
45: 6 35 36 15 47 1 28 33 26 34 39 45 4 29 2 23 21 40 19 46 18 48 5 16 24 13 30 17 11 49 27 7 9 42 43 41 37 20
46: 42 8 7 41 47 34 31 49 30 36 19 24 44 23 18 6 46 2 29 11 27 9 10 13 1 33 38 16 25 40 20 35 15 48 39 45 17 37 22 32 4 28
47: 11 16 22 39 41 40 10 42 26 32 15 4 2 47 46 21 5 12 48 7 50 27 13 35 38 19 9 36 34 44 8 24 30 45 1 29 6 37 14 31 49 23 25 18 43 17 20 33
48: 33 31 13 21 16 28 14 7 10 19 45 29 36 12 38 5 20 8 9 4 26 30 37
49: 10 37 15 31 44 14 6 12 11 20 30 47 18 38 5 45 2 34 25 42 40 4 21 7 8 29 50 36 46 35 19
50: 40 36 7 10 44 28 50 31 29 21 15 42 34 19 18 6 11 47 46 22 23 3 30 26 14 12 39 25 16 5 27 24 41
1: (11 31) (41 43) 35 (12 1 33) (22 29 45) (47 44 15) (23 27 13 46 30) 18 (9 5) 7 39
2: (45 9) 30 (43 22 18 15 49 4) (37 29) 5 16 44 12 19 (23 35) 46 47 (2 25) 24 (26 39 27)
3: 14 (11 15 12 19) 18 42 (37 7 35) (41 36) 4 50 29 (25 27 39) 30 44
4: 14 48 (12 37 39 44) 28 (15 19 29 25) 46 1 (47 43 5 27 35 26) (45 7) (41 38) (16 49 9)
5: (15 12 7) (43 31 28 19) (49 10) 39 (2 5 34) 48 35 (27 41 9) (44 45 8 32) (22 29 26) (18 25 37 23) 14 (50 30) 47
6: (11 19 49 45 15 13) 12 43 (44 50 29 46 22) 39 36 (23 35 31 42) (37 4) 34 (18 7 47 1 3 9) 27
7: (39 34 29) 13 (27 9 30) 28 (5 37 43) (15 22) 50 7 18 (49 1 46 47 12) 45 (48 14) 35 44 8 25
8: (44 43) (12 26 9) (36 41 48) 47 25 (46 3 1) (16 34 15) (23 27) (28 49) (22 30 39) (21 14 35 7)
9: 30 27 (46 29 44) 11 (45 25 12 18) (9 1 47 39 8 7 15) (43 19 37) (48 14)
10: 44 (29 43 47 15 7 41 46 39) 9 (50 24 12 48) 28 35 33 (18 34 30) (37 25) 1 (49 27)
11: 22 (47 19 26) (49 36 8) (45 43 50) (7 11 25 14 9) (28 15 1) 27 41 (29 12 44 33 30) 46 18
12: 29 5 12 (27 44 10) (24 50 38 25) 28 18 (37 3 15) (7 48) (49 9) (47 30 14 39) 4 19
13: (45 43 7) (41 48) 44 30 (39 15) 35 23 47 14 1 (28 11 34 22) 25 (19 29 26 9) (12 10) (18 46)
14: 44 5 (50 18 31 43) (48 12) (29 9 25 8) (47 39 15) (1 35) (23 41 49)
15: 41 14 22 (27 15 30 12 50 23) (49 19 26) 2 7 25 38 (47 9 28) (16 29 46) (8 44 45 43)
16: (14 50 43) 33 27 (28 16) (39 34 46 15 45 30 44) (7 1 29 35 18 9 41 2 25 12) 48 (47 5) 10
17: 37 33 (41 44 45 12) (40 28 30) (8 43 27 46) 39 (23 15 18 7 9 47 11) (26 31) 25 35 29
18: (16 26 45 35 14 39) (29 11) (12 43) 30 (22 27) (2 23 24) (15 50 42 9) 37 (46 8) (20 25 6) 41 (19 18 49) (47 1 44)
19: 47 (43 2 48 25 9) 6 37 (36 41 45 50 39) (46 23 18 12 30 49) (29 7 14) 28 35
20: (42 1 31) (16 48 47 12) 49 (9 24) 18 (40 26) 43 (15 39) 37 45 (28 19 41 5 44 29) 30 (13 46 27 25) 23
21: 30 33 (44 48) (27 41 12 31 39) (14 40) (22 17 24 35 18 47 19) (29 15) (25 49 26 1 37 50) 2 11 36 (45 7 9)
22: 8 23 (35 12) 25 (46 29) 47 (9 50 1 14) (15 44 41) (37 5) (3 30) (19 7 32 38 42 39) 27
23: (33 18 13) 10 2 (12 21 45 47 37 46 26 9 31) (22 36 28 14 39 50) (11 24 35 44 15) (27 6 1 25 29)
24: 9 19 35 (25 27) (46 43 30) 23 15 (39 50) 5 37 (29 45) 41 (47 38) (16 3 14) 12 (22 44)
25: 28 (35 50 43 31) (5 47 29) 9 (37 41) (39 11 46) (12 38) 1 (49 27 15) 30 44 25
26: (8 45 28 30 25 12 18 9) 43 (37 32 11) 29 (44 7) 19 26 (27 2 24) 15 23 (50 39) (48 47)
27: 12 (28 9 50 11) (39 45) (26 16 18 27) 22 (25 47 14) (30 36 3) 29 15 (46 1 20)
28: (25 48 37 33) 12 (29 45) (41 43) (11 22) 35 30 (39 19 50 8 28 44 9 46) (27 15 23 4 1) 18
29: 50 (44 47 48 39) 29 (18 16 9 15 8) 46 45 (31 12 30 25) 26 (35 49)
30: (12 44) 2 13 (14 35 29 25 9 46 30 41 22) 4 (48 11 26) (49 19 15 8 27 50 45) 39 47
31: (19 29 49) (25 8) 47 (11 39) 15 (14 5) 27 (44 16) 23 (35 48 12 18) (50 10) (46 9) 30
32: (39 42) (1 12 31) (16 11) (14 47) 19 15 46 (29 35) 9 36 (26 27 30) (44 18) (25 40)
33: 8 (25 14 1) (48 39) 12 27 (26 15 24 37) (44 19 29 32) (43 36 45 22 47 30) (35 41 9) (46 16)
34: 12 (49 25) (42 30) (39 50) 24 37 19 (45 9) 16 (31 14 23) 35 46 (44 26 36) 18 29 43 15 47
35: 31 (7 49) 39 (41 11 16 47) (45 26) (44 8 27) (25 22) (15 46 9) 43 29 (28 30 35 12)
36: (45 47) (46 28) (2 14 1 23 18 15) (25 7 35 48 27 37 9) (49 5 44 32 34 10) 43 11 (12 39) (24 30) 42 50
37: (25 48 34 45 31 1 12) (19 14 33 28) 15 (44 47) 43 (23 27 35 10 37) (29 39) 46 49 9 18 5
38: 18 24 21 (12 44) 11 9 (32 26) 48 (47 43 25 14 31 39 23 15) 2 (13 29) 8 49 1 46 (35 27 42 7)
39: (12 9 37) (15 18) 44 (14 45 7) (4 28 29 39 13) 23 (46 30) (31 41 47 42 50) (2 24) 35 43
40: 9 8 2 50 (36 29 46) 14 (41 31 45 18) (19 43) 11 (22 25 30 27) 39 (12 5) (49 44 37) 47 10 15
41: (14 37) 7 (23 31 9) (33 29 39 12 47 13) (44 27 28 45) 36 (22 15) (35 24) 1 25 (46 11) (19 50)
42: 9 (11 14 26 12 30 25) 49 35 39 27 (24 46 28 50 47) (16 23 36 18 44) 15 37 (45 38 31)
43: (11 37 41 26 47) (7 29) 1 (43 15) 22 (28 45 16) (35 30) 27 34 39 (44 25) 8 (18 12) 9
44: (25 33 47) (7 50) 8 (46 29) (12 37 39) 43 (41 38 15 26 27 35 49) (19 14 44 9 28 3)
45: (22 30) (47 45 49 1 42) (39 29 9 35 48) 12 33 15 27 (18 24 26) 41 (11 44 25) (14 46 43)
46: 9 (15 29) (47 35 39 25 45) (11 16 49 13) (7 37) 50 1 (27 41 8 46 18) 38 12
47: (10 2 41 39 16) 47 (44 29 18 25 50) (28 45) (9 37 14 15 7) (19 49 12 35) (36 27 11) 46
48: (30 23 25 46 12) (45 18) (35 29 47 9 37) (27 24 26 22) 44 (7 11) 15 42
49: (35 22) (39 15) (18 27 12) 7 (11 30 46 41 26) (40 31 45) (44 8 1) (28 43 47 25 9 29)
50: 23 (26 44) 28 (39 31) (7 15) 18 50 (14 24 29 12) (49 1 35 11 41) 16 25 9 (43 47)
