50 50
1: 17 8 27 36 42 28 2 13 6 26 32 49 24 37 20 12 47 23 21 11 10 41 46 29 22
2: 20 24 23 21 48 37 18 50 15 39 26 4 46 40 8 27 49 2 3 33 5 34 29 22
3: 45 50 26 4 20 38 24 11 14 32 46 8 35 5 3 13 19 31 15 44 17 42 30 47 2 21 28 43 49 1 29 9 16 37 41 39 34 12 23 18
4: 36 46 22 9 24 29 15 39 27 35 30 28 32 50 11 13 23 38 47 12 43 14 44 42 48 41 33 40 7 26 19 6 18 4 5 21 20 17
5: 46 16 44 17 33 5 1 24 41 28 35 7 48 14 45 27 10 23 21 37 9 8 47 25 4 15 29 2 36 39 3 34 43 40 32 22 20 13
6: 50 44 17 5 3 21 11 41 26 18 49 39 20 1
7: 26 9 47 6 50 28 49 31 23 30 25 24 40 46 15 2 44 5 48 41 8 16 43 3 32 39 11 38 37 10 42 33 17 1 19 7
8: 3 1 47 9
9: 47 1 9 34 45 36 35 19 29 44 20 23 17 16 33 18 8 12 32
10: 20 23 49
11: 38
12: 39 18 37 21 12 24 44 27 49 32 40 15 5 31 28 2 45 41 30 1 43 33 26 10 35 22 3 13 9 20 19 25 4 29 16 23 14 47 50 34 6 7 38 36 48 17 42
13: 25 44 8 40 38 24 13 4 6 45 23 37 7 26 3 10 15 12 14 34
14: 46 15 41 48 40 9 27 1 29 24 5 7 34 45 36 32 42 13 18 12 33
15: 34 29 43 13 8 2 10 20 17 48
16: 10 37 17 25 15 33 5 3 9 42 48 50 1 46 34 24 30 26 39 20 40 14 36 29 19 43 47 18 13 12 45 7 28 49 21 35 38 11
17: 28 29 40 8 50 18 19 42 38 23 1 6 5 41 12
18: 37 34 1 14 24 39 42 44 47 49 12 23 41 11 10 28 9 26 50 6 13 33 5 29 21
19: 10 38 50 29 28 35 15 21 24 46 19 18 14 31 1 13 27 2 26 47 8 37 42 48 3 30 44 9 40 4 43 39 16 22 33 25 17 36 6 45 32 34 7 23 49 41 5 11
20: 14 47 37 3 29 18 6 33
21: 32 41 1 19 48 37 15 34 30 43 21 29 28 11 8 5 39 18 10 33 6 45 26 49 2 16 20 17
22: 32 34 33 22 38 8 24 23 26 39 47 1 25 46 16 3 4 19 14 44
23: 28 34 44 47 27 39 48 25 46 50 35 11 37 45 18 7 14 42 20 5 9 30 41 26 2 31 19 8 4 13 22 3 49 10 36 12 24 17 33 43 16 1 40 38 23 15 21 6 29 32
24: 2 36 20 38 12 27 17 31 47
25: 28 35 25 32 8 29 13 30
26: 40 37 1 45 47 7 41 8 13 11 19 27 35
27: 30 26 6 43 2 18 20 28 42 23 33 50 4 49 27 32 37 29 46 47 48 41 3 7 15 44 10 36 22 31 39 45 14 24 19 12 16 1 9 38 17 21
28: 18 33 37 36 20 25 39 6 35 48 26 49 13 44 11 10 50 21 17 4 41 27 28 23 2 43 19
29: 45 37 40 31 46 3 49 39 12 32 34 23 48 5 10 24 8 22 2 15
30: 7 25 14 43 42 29 21 47 50 40 30 35 5 23 8
31: 46 24 17 27 14 3 29 45 6 40 26 50 47 44 35 32 11 48 22 1
32: 43 44 20 12 13
33: 44 5 8 49 16 3 47 48 18 35 9 36 50 40 17 30 4 11 13 10 6 24 31 46 7 34 32 19 20 14 41 29 22 28 43 2 1 25 21 39 27 45 23
34: 41 5 2 6 37 29 18 11 32 13 43 48 20 49 17 24 44
35: 17 5 26 37 38 13 47 19 32 40 22 20 33 7 14 44 48 30 49 39 42 11 23 6 24 31 18 34 46 43 28 36 12 3 45 8 35 25 41 10 2 16 9 21 50
36: 40 46 44 7 37 13 17 38 11 30 22 1 39 20 49 48 18 35 36 45 3 8 47 25 33 43 15 12 32 34 10 16 19 41 5 27 29 24 23 42 50 21 9 2 6 26 31 14 4 28
37: 41 29 47 8 32 28 34 26 10 22 14 21 9 5 16 27 37 44 46 13 42 31 20 17 30 24 49 40 19 3 6 39 12 2 33 50 45 43 38 35 18 15 23 1 25 36
38: 23 12 6 44 49 11 24 50 31 1 38 9 19 3 32 17 21 46 20 28 35 14 4 30 47 42 29 2 8 26 43 37 33 48 25 15 41 45 5 39 40 22
39: 7 40 37 44 10 25 46 34 1 5 26 8 23 29 27 33 15 11 50 48 47 9 42 18 38 20 32 41 49 28 2 22 16 24 35 3 43 30 36 19 14
40: 20 39 11 17 30 42 26 12 6 24 43 8 36 48 35 13 37 19 41 14 33 21 27 49 50 40 18 1 29 5 15 25 34 31 47 7 22 38
41: 45 7 22 43 41 26 39 48 30 9 42 19 29 10 23 18 49 32 3 4 36 5 33 2 37 12 34 25 31 8 14 35 15 1 6 27 24 16 21 28 38 46
42: 30 34 8 5 37 15 11 47 35 36 28 46 33 50 16 4 22 14 27 24 20 48 23 19 13 26 3 18 1 21 29 43 6 32 25 45
43: 41 20 17 49 30 15 3 31 47 27 42 4 19 2 16 14 1 44 48 12 5 18 13
44: 38 24 16 26 35 50 43 48 8 20 28 7 31 37 27 11 14 36 22 45 17 33 2
45: 24 38 21 23 41 22 15 31 30 19 36 16 11 29 3 28 5 26 4 46 27 50 20 17 14 25 40 13 9 44 43 8 10 34 42 48 45 18 6 39
46: 24 49 13 40 48 25 46 33 3 30 4 38 23 17 1 5 18 7 29 26 9 28 11 10 32 22 47 6 42 35 43 15 37 44 2 31 14 41 20 27 50 34 12 21 8
47: 36 12
48: 20 11 23 36 10 45 30 21 12 33 47 37 1 8 41 2 25 28 39 6 38 46 9 27 19 50 18 34 29 42 44 35
49: 45 46 44 12 11 10 24
50: 25 17 30 4 28 32 24 3 20 21 26 31 34 11 9 47 43 35 19 14 49 42 7 1
1: (6 19 26 23 38) 7 (27 18 14) (3 40 12 5) (42 39 22) 31 (41 8) 33 16 36 (46 43 37) 17 (50 9 21 48)
2: (2 36 27 43 35) (1 37) (23 33) 12 (5 3) 19 44 (48 15) 41 7 (38 21) (24 39) (28 34 46) 29
3: 33 38 13 3 (23 36 19) (35 43) 50 2 5 45 (41 42 16 27 29) (6 20 31) (7 8) (12 39 46) 37 22
4: (12 19) (41 43) (22 4) 46 45 (27 13 50 23 5) (33 2 38 3 36 28 42)
5: 42 (36 17 4 23) 18 (12 6 16 45 40 37) (38 39) 43 35 (41 34) (21 46 14 30 33 29) (7 5 3 19 2)
6: (4 23) 18 (17 46 21 41) (38 7 48) (37 28 31 1 19 12) (40 42) (35 36 13) (45 34 33 27 20)
7: (50 16 23 30 44 26 7) (14 41) (33 39 4) 40 19 (12 27 46 5) (13 35 36)
8: 42 40 21 (44 7) 29 36 (5 41 39 19 48) (15 30) 9 (1 45 35) (26 13 23 37) 17 33 46 (25 2 22 3) 38
9: (48 33 41 37 46 35 3 8 4) (39 16 5) (19 23 9 36 14 45) 50 38 (18 7 27) 12
10: 16 28 46 (33 49 1 37 35 5 41 13) (12 27 45 7 21) 23 (15 19 48 18 29) (39 36)
11: 7 4 (26 3) 42 (39 49 19 18 44 6 31 21) 50 (45 36) (38 34) 28 (46 16 1 48 33 23) (40 35)
12: 12 9 (14 40) (16 38 41 18 29) 35 (43 48) 1 (17 36) (24 23 3 27) 49 4 (37 32) 13 (46 47)
13: 43 32 15 (3 33) (18 23 34) (40 26 1 42 37) (35 36) (25 14) (5 16) (46 4) 45 (28 19) (13 12)
14: (38 43) 50 44 (22 18) 19 35 5 41 39 20 46 40 13 (23 16) (30 37) (33 45) (36 27) (4 42 31 3 12)
15: 42 46 37 2 40 (45 43 27) (39 19 14) (41 23 4) (5 7 21 36 12) (38 29) 16 (13 3)
16: (12 19 42) 7 (37 27 36) 33 45 21 (22 5 43) 35 (9 39 41) (23 44) 3
17: 38 (46 35 24) (45 40 44) 5 (28 15 36) 23 (43 9 50 6) 31 (19 1 37) (34 12 16 21) (27 4 33 7 3)
18: 40 45 12 (46 33) 17 37 (43 16 41 39 28 21 27 3 19 14) 9 (35 42 4 36 20 6 34 48 23 2)
19: (26 16) 28 (50 36 17) 38 (48 7 21 33 23) (43 37 45 27 42 40 35) 12 41 9 (39 3) (22 4 19)
20: (32 40) (3 33 39) (16 37) (27 50 5) (34 12) 24 (4 44 36 46 9) (6 38 43) 23 (48 10 35 28 21 45 15) (42 2) 1
21: (21 16) (5 27) (2 41) 48 (6 12) (1 3) (4 37 23 38) 30 (35 42) 18 (19 33) (28 40) (36 50) 45 46
22: (44 23) (46 35) (12 37 33 39 4) (41 2) 22 1 27 42 (38 19 31 45 36 40 5) 29
23: 27 4 (12 35 38) 1 (5 9) (23 10) 28 48 (18 46 3) (22 30) (45 2) (29 36 7 37 13 19 17 33) 41 (42 39)
24: (49 45 41 22 2 23) (39 40) 38 (13 33 7 19 35) 12 (46 29 14) (42 36 3) 1 (31 16) 44 (18 37 50 27 4) (34 5)
25: (35 37) 42 (50 30) (39 41 13 28 25) 19 (7 16) (45 5 23 38) 36 48 (40 33 46 22 12)
26: (22 27) (28 37 12) 35 1 16 31 3 6 50 (13 21) (39 45) (4 23) 38 36 18 19 (40 46) (2 42 41 7) 44
27: (36 43) (4 5 23) 19 37 46 (27 42) (40 41 33) (44 28) (48 12 14) 2 39 31 (26 1) (24 45)
28: (5 12 42 50) 33 (45 41) (35 21) (37 25) (46 7) (36 3 44) (4 39) (16 18) 38 48 19 (28 23) 27 1 17
29: 4 (37 27 2 21 5 25 3) 1 (33 23) 45 (16 31 14 15) (48 9 42) (38 12) (39 17) (36 18 40) 20 (19 34 41 30) 46
30: (16 48 45) 27 (21 7 12) (38 25) (39 30 3) (40 37) (42 23 50) 43 33 19 (35 36 46 41) 4
31: 36 (43 12 37) (19 24 27) 3 (45 33) (44 46) 23 29 7 50 (35 40 38) 41
32: (21 41 14) (4 46 38 36 25) (39 3 33 22) 23 (50 19 31 7 27 35 9) 12 34 1 (5 37 42 29)
33: 22 (41 5) (44 14 12 9 21 2 36 7 19 39 48 16 46 38) (37 4 20 42) (35 23) (27 40) (28 18)
34: (42 48) (13 21 23 12 22 19 2) 3 41 (15 14 5 9 45 16 18 40 33) 36 39 (29 37 35) (46 50)
35: (35 25 41) (12 19 4 23 46) 42 (48 31 30 26 38) 28 (37 44) 33 16 (50 40 9 36) 5 3 39
36: (9 35 39 27) (1 16 23) 47 (42 36 28 44 24 48 45 37 14 40) 41 (33 12) 4 5 19
37: (29 12 21 48 37 20 13 42) 35 28 (40 1 39 38) (2 16 23) (26 36 7) 34 27 18 (41 3 5) 19 (44 46)
38: 11 17 27 (36 48 16) (37 40 13 3) 24 (4 45 7 38) (44 23) (19 46) (39 22 41) (12 35)
39: 37 (3 22) 23 (7 18) (6 38 36 16 21) (5 27 4 28) 45 (40 35) (33 29) (12 19 2 41 48)
40: 39 (19 33) 31 45 13 (46 4) (35 17 38) 16 (30 12) (36 37 14 5 40 26 2) (7 29) 23
41: (35 18) 33 (36 3 5 19 48) 27 4 34 40 21 (26 1 14 37 46) (45 23 39 38 43 28 17 41 6) (7 12)
42: 7 27 (48 37 16 35) (43 1 4 50 39) 12 36 23 (3 30) (18 17 14) 46 (40 38) (19 45 41)
43: (40 3 28) 35 15 (41 50) 36 (38 30) (44 12 37 46 27) (7 23) (5 32) 34 21 16 (33 4 39 42 45) 19
44: (32 6 48) (31 46 34) (45 7 35) 38 (28 36) (13 5 37 12) (33 3) 23 (27 49) (4 18 43 22) 9 39 19
45: 14 (33 13) (41 49) (37 3) 42 48 (19 45) (9 38 16 21 44) 36 (35 23) (12 31 29 27 5 26)
46: (2 1 5 16) (33 4 29) (14 7 45) (31 41 27) (35 3) 38 (42 49 19 23) 46 (22 37 39) 36 48
47: (33 40 30 46) 16 37 7 (42 22 31 8) 5 35 36 (9 39 24 23 19 48 50 3) (38 43 18) 26 27 (20 4 1 12)
48: 41 (5 39 36) (45 21 44 40) 43 (23 33) (28 15) (34 35 12 2) (14 7) (38 31 46 27 29 42) (4 19 16)
49: 46 (29 3 38 6) 2 (10 40 27) (36 16 41) (7 18 35) (23 39 50 21 19 34 12) (33 37) 1 28 43
50: (45 30 38 33) 6 44 36 (37 19 17) (3 23 48 28 7 46 27) (2 31 35) 4 (12 18) 39 40 (42 16)
