50 50
1: 26 15 4 28 20 10 25 36 49 23 44 33 30 27 2 13 40 32 6 8 21 43 37 35 39 7 31 16 48 38 12 42 17 47 14 19 22 41 24 29 34 9 5
2: 1 45 31 14 4 39 25 30 9 8 17 11 43 18
3: 20 17 11 38 28 27 43 34 32 14 19 12 21 36 9 40 46 48 49 5 25 7 18 33 30 35 31 37 10 16 8 15 41 50 2 22 6 26 23 42 3 45 13 4 44 29 1 39 24
4: 33 2 28 5 45 17 6 44 36 1 20 3 14 10 4 31 35 23 34 7 29
5: 47 19 46 11 35 7 25 29 42 39 10 45 8 17 49 37 22 13 16 38 34 1
6: 1 32 45 16 44 30 38 22 15 34 26 19 36 50 42 20 43 23 7 25 33 4 17 28 31 14 46 41 2 48 37 6 18 24 47 49 13 8 10 40
7: 19 43 32 34 40 38 3 27 42 21 9 15 39 16 5 25 22 12 41 37 49 33 13
8: 14 43 26 20
9: 41 30 27 33 28 22 9
10: 47 26 35 19 17 43 3 33 38 40 32 29 13 10 16 11 20 14 7 46 48 4 25 21
11: 17 15 22 6 3 10 47
12: 2 38 40 30 12 47 43 23 34 25 42 33 10 1 18 20
13: 47 11 26 32 50 2 17 28 38 29 23 4 18 12 43 34 5 24 19 14 35 20 16 44 1 10 39 49 25 15 40 9 31 46 21 33 13 3 42 8 45 22 41 36 27 48 6 30 37
14: 24 13 21 36 30 38 29 33 23 32 37 45 16 26 42 7 3 14 22 44 11 10 12 47 25 20 8 17 46 35 49 39 48 6 43 1
15: 46 31 34 18 20 41 4 13 8 28 33 3 39 35 30 25 9 50 43 37 6 19 21 7 36 11 22 49 1 32 17 16 47
16: 42 25 27 36 32 6 34 48 10 3 38
17: 35 9 37 45 20 25 13 40 6 24 5 38 27 3 4 43 44 32 12 30 11 18 33 2 22 10 49 19 36 29 17 8 16 7 48 26 50 42 15 23 31 39 41 14 21 1 34 47
18: 45 24 17 31 12 36 48 6 34 49 32 25
19: 12 48 32 15 45 38 2 47 21 14 44 34 8 36
20: 50 1 49 14 15 45 17 48 9 41 43 32 2 19 34 11 8 24 3 21 10 16 37
21: 34 33 3 11
22: 33 10 1 20 12 6 18 31 25 4 30 48 17 9 27 44 29 14 38 3 32 2 47
23: 26 23 37 9 2
24: 29 21 19 48 33 36 16 4 8 1 20 12 32 7 41 49 22 2 18 40 26 38 47 42 44 11 25 10 45 30 24 15 23
25: 16 49 9
26: 30 35 21 24 45 17 46 2 40 47 39 37 20 33 13 18 19 8 34 26 9 7 43 44 6 3 14 49 11 12 42 15 31 5 23 1 36 16 22 10 50 4 41 48 25 28 32 29 27 38
27: 21 45 44 39 28 32 22 18 49 37 9
28: 10 14 48 47 26 16 43 15 24 38 7 34
29: 20 27 42 37 28 7 30 29 35 8 14 49 46 1 32 25 39 50 17 48 13 10 9 41 43 34 6 24 12 44 4 18 16 45 40 47 5 23 15 36 19 2 11 26
30: 24 17 13 28 34 10 48 18 50 42 25 9 23 40 39 14 47 15 38 36 37 4 49 35 20 31 6 30
31: 38 1 36 27 37 13 14 25 12 24 15 44 32 5 29 43 21 8 2 50 30 23 26 31 42 45 6 3 4 7 20 19 33 34 48 16 18 11
32: 43 40 26 3 22 30 39 8 13 50
33: 26 46 31 8
34: 13 44 9 47 32 48 30 11 49 38 42 27 45 20 26 34 12 33 23 29 5 35 36 4 17 2
35: 29 24 4 35 14 39 41 17 25 33 21 8 26 6 43 23 47 31
36: 12 37 19 34 25 32 5 44 26 27 33 3 2 40 6 42
37: 3 34 12 16 41 7 5 21 42 30 29 38 48 27 33 18 10 11 46 13 2 36 49 39 14 44
38: 28 36
39: 3 16 17 15 47 30
40: 34 36 42 25 14 31 13 20 29 19 16 49 35 5 1 46 8 47 11 38 18 9 12
41: 8 22 24 46 31 42 39 25 34 15 29 5 33 49 37 36 6 28 27
42: 33 36 37 38 34 50 10 21 6 25 20 14 12 48 39 5 18 24 41 29 19 7 9 3 49 46 45 15 11 47
43: 50 9 43 44 36 47 18 5 11 3 38 46 41 1 37 19 21 8 32 4 24 34 2 25 12 6 23 10 14 42
44: 14 25 37 46 31 6 17 34 24 50 19 18 32 42 11 15 43 39 33 4 35 22 13 2 12 1 44 48 3 30 5 9 16 27 26
45: 26 44 47 10 27 17 38 13 8 18 42
46: 47 41 16 15 24 7 23 34 1 31 32 3 29 39 19 44 35 36 6 38 18 20 45 13 17 37 28 11 27 30 12 50 26 25 42 4 43 49 9 14 8 10 46 40 2 48
47: 25 41 31 12 47 28 16
48: 19 7 29 10 18 13 1 20 5 40 12 31 6 23 17 42 37 34 49 48 25 45 21 4 26 2 8 39 33 30 24 14 27 9 38 43 36 41 22
49: 46 13 41 9 49 32 34 22 42 15 3 4 43 19 16 2 23 20 18 29 44 27 26 1 11 17 30 50 31 45 14 7 40 33 28 8 24
50: 50 13 31 43 19 1 39 14 3 16 46 20 33 23 9 22 18 12 29 48 38 40 49 26 6 17 11 25 32 4 8 2 21 45 37 34 7 5 44 24 15 41 35 42 36 30 47 27 28 10
1: 3 (26 6 46) (29 44 40 20) (24 49) 5 13 15 (14 50 17) (4 12 2) 43 (31 22 48)
2: 31 (4 26 36 24 49) (13 3 29) 50 (17 43 46 12 37) 44 (1 34 48 22 20) 6 (23 19)
3: 22 (11 32) (36 7) 4 31 (16 44 43 17 39) 49 10 37 (46 15 26) 42 (3 14 20 21 13 50)
4: (13 29) 46 (2 1 6 31 43) (44 26 22 3 15) 50 (4 34 49 35 10) (30 24) (48 17)
5: (37 3 42 34) (36 31 40 4 7) 1 44 (29 50 17) 41 (48 26) (43 13)
6: (22 35) (48 16) (43 18) (1 26 46 31) 30 13 (41 17) (36 29 42 15) (4 44) (11 3) (50 14 6)
7: 48 6 (50 28 10 17 42 4) (5 14 49 46 1 26 24) (37 29) 31 (3 15)
8: 3 (43 33) 49 (40 17) (50 45 19 24 32) (2 15 46) 5 1 35 (29 26 48 20 14 41 6 31) 13
9: 34 (23 9) (7 50 2) (3 49 20 26) 27 (43 48) 30 (17 15) 13 (25 22 1 40) 42 (46 44 29)
10: (43 13 10 4 3 46) (1 48 11 29 28 14 20) (17 45) 12 (50 24 22) (37 5 26 16) (30 42) 6
11: (3 40 49) 10 (34 26 44) (2 29 46 15 37) (5 21 50 31 14 20) (17 43 42 24) 13
12: (3 19 24 7 44 40 37) 43 31 (1 50) 29 (34 18) (14 42 46) 17 (47 22 36) (26 48 13 12)
13: (30 10 49 32) 7 17 (1 26 14 31 45) (5 13) (34 40) 50 29 (48 46) 15 (6 44 37 3)
14: 19 (30 14 28 2 4 6) (35 20) 26 13 50 8 17 42 43 (29 44 48) (40 22) (31 3) 37 (1 46) (10 49)
15: (20 1 39) 30 42 24 (6 28 13 46) 31 29 (3 41) (49 44 26) 7 (11 50) 19 17
16: (3 1 47 31 14) (24 20) (17 28 46) (26 7) (15 39 5 13) 44 (49 25) (6 37) (40 50) 29 10
17: (29 45 46) 34 (13 3) (17 18 39) 44 (49 1) (22 10 26) 14 (50 30 48 6) 5 (35 15 4 11 2 20)
18: 44 (50 12) 30 46 26 22 (17 13 48 2 40 45 27 6 24 15 42 29 37) 31 (43 49) 3
19: (50 29 26 48) (13 10 42 20) (15 6 43) (44 31) (40 3 1) (17 49) 5 (7 46) 24 36
20: (48 8 50) (24 31 12) 30 (13 15 29 10 22 46 34) 3 49 (42 4) (40 14) (6 26 1) 17
21: (1 35 27) 19 (31 24 43 37 7 13 3 50 15) (10 48) (17 42 20 26) 14
22: 15 7 (5 50) (26 1) 3 48 41 (14 17 32 27) 49 44 (6 11 24) (9 13)
23: (48 4) 29 (35 23) 12 (46 31) (43 14) 50 1 (17 3) 24 (30 34 6) 26 49 13
24: 35 (1 50 14 29) 6 (43 31) (48 17 28 24 41 18) (44 49 3 30 20 42 46) 26 13
25: (12 18) 47 (15 10 35 2 14) (5 17 7 29 31 41) (22 36) 46 3 50 (16 48) (30 1 6 44) 13 (24 43) (40 42 26)
26: 10 (14 50) 3 (24 23) (49 17 44 46) (35 45 34) (36 32 8 28 33 6 48) (31 26) (1 29) 13
27: (48 44 3 37 1 50 26 36) 34 45 (16 13) 22 (31 9) 29 7 (41 46) 17 49
28: 50 (49 1 26 27 29 3 4) 41 (6 9 46 47 15) 13 (38 30)
29: 41 (31 48 35 13 5 17 49) (46 40) 34 50 (22 1 26 10) 24 (14 3 42 37) 29 4
30: (26 9 13 34 22) (29 31 17 12 24 14) 3 44 (1 49 50 39 37 46 32 48 2) 30 (15 6)
31: (17 26 41 31) (40 1 18) 3 (4 13 48) (49 30 22) (33 47 6 2) (35 46 50) (15 44)
32: 10 (13 27) (3 1) 7 36 (19 46) 31 (29 44) 15 24 20 (18 43 14 17) 26 22 (6 49 34 50 16)
33: (22 3) (21 1 42 41 13 36) (24 15 17) (35 9 48 14) 49 (7 31) 12 6 26 50 (44 4 34 37 10)
34: (5 28 44) 37 (41 50) 43 29 12 (48 6) 17 (49 7) (21 31) (36 42 3 18) 26 46 (1 16 4) 34 (19 40 15 30 13 20)
35: (10 4 14 17) 13 5 (1 50 35 29) (46 40) 30 (15 26 3) (34 44)
36: (43 13 14) 29 (16 15) (46 30) (26 17) (48 34 4 37 1 40 6 3 31 19 50 18) (42 41) (24 38)
37: (44 30 23) (27 29 13 46 1) 17 41 50 36 7 (6 3 31 48 42) 20 (43 26) 15 (5 14)
38: 24 (50 37) 1 (17 5) 14 45 34 48 (22 13 7 3 12) 10 42 (16 19) (31 46) 26 (28 6) 43 (40 30)
39: 13 (17 30 1 26) (44 27) (3 15 35 5 41 29 37) (50 2 14) (42 32) 46 48 7
40: 29 (10 12 50) (6 36 30 17 24 26) 49 (1 46 48) 32 (7 3) 13
41: 49 (50 7) 13 (3 15) (37 46 26) (20 6 42) 47 (1 48) (24 29) (43 35 17 9)
42: (44 36 14) (17 5 16) 30 46 43 (7 6) 45 (40 3 1) 34 (12 26 31 48) (49 41 24 13 29 37 50)
43: (26 48) (28 8) (32 49 20) 43 (13 10) (35 15 14) (31 44 7 3 50 1) 46 2 (12 17 6 29)
44: (46 29) (1 22 26) 13 3 (17 36) 31 (44 14) 19 (24 49 27) (37 50 45) 4 43 (34 6)
45: (6 20 29) (3 18 26 19 4) (34 2 14 31 24 46 5 48 49 17 50) (42 27 13)
46: (37 15 50 46) 42 26 6 40 (49 44) (5 14 43 41 29) 33 3 (13 10)
47: 45 24 11 13 5 (50 34) (43 10 40 46) 12 (39 28 19 15) (29 1 42 35 17 6 26) 14 (30 47) 22
48: 42 1 10 (3 22 34) (31 28) (30 18 13 14 16) (20 50 48) (37 24 44) (6 17 26 46) 19 29
49: (25 7) (30 41 6 46 26) (17 50 5 34) 3 (27 48) (40 42 49) (14 13 37 20 15 24 1) (18 29)
50: 17 29 42 (43 15 32 3 44) 20 (31 46 26 13) (50 30 49 6)
