50 50
1: 3 1 9 40 8 14 4 15 7 37 20 29 19
2: 24 1 29 22 41 5 11 34 9 12 30 23 45 18 35 8 43 19 27 33 25 14 28 26 49 21 31 48 17 10 44 4 42 3 37 20 38 13 50 39 40 32 36 7 2
3: 21 47 29 34 43 10 41 15 20 16 3 4 9 45 50 2 33 14 38 19 12 30 39 35 37 32 17 7 18 31 13
4: 8 22 21 39 18 16 10 23 34 38 33 5 11 7 15 2 40 26 50 32 31
5: 19 10 17 8 21 6 27 46 48 14 29 31 34 39 4 25 11 49 43 22 33 35 20 36 1 18 38 32 42 3 45 26 12 40 16 15 41 24 44 5 13 50 2
6: 47 17 15 30 23 27 31 18 32 44 48 26 20 8 24 16 28 6 19 13 43 50 38 12 29 35 25 10 9 3 37 36 39 33 5
7: 33 19 36 5 29 23 11 18 40 9 28 44 8 48
8: 34 37 9 6 32 40 20 35 10 19 44 49 46 31 5 4 45 38 28 25 41 18 33 15 7 16 22 1 27 43 26
9: 15 4 13 36 44 40 6 34 33 48 7 5 50 46 14 26 24 31 29 11 12 45 18 19 39 32 49 9 23 20 38 27 25 16 28
10: 13 44 50 10 23 37 46 36 25 29 12 30 42 19 5 41 48 15 33 24
11: 32 26 5 3 27 14 21 4 19 8 29 18 49 6 11 20
12: 12 28 8 27 25 11 17 5 33 19 7 10 21 50 49 29 41 44 30 45 36 6 38 26 39 16 20 23 18 48 32 2 31 34 37 42 14
13: 28 15 32 46 1 2 23 12
14: 13 47 2 12 35
15: 41 46 42 24 28 35 2 7 33 13 38 19 21 47 14 17 43 22
16: 12 34 47 28 10 48 20 50 27 17 9 4 42 26 19 14 1 35 33
17: 12 17 30 26 20 48 1 43 19 36 49 23 4 47 41 21 50 2 29 42 24 28 13 40 38 15 45 14 16 18 44 34 35 37 7 3 31 32 22 10 11 39 33
18: 25 41 40 36 16 33 37 6 34 38 48 35 32 31 29 12 22 21 4 20 47 14 42 50
19: 42 16 14 44 37 11 25 3 33 6 48 13 23 28 45 27 10 20 30 8 19 7 31 38 18 32 21 41 43 5 40 12 1 29 47
20: 4 40 43 39 19 21 18 25 29 44 35 30 20 1 46 26 48 7 22 24 11
21: 11 46 50 49 1 4 17 28 23 45 47 9 6 20 37 19 44 35 31 24 14 36 42 21 2 34 33 18 16 27 32 43 15 38 26 12 48 40 29 41 8 25 39 5 30 22
22: 14 15 10 37 4 32 30 17 41 19 11 35 28 24 26 25 33 50 43 12 42 7 45 23 40 27 21 5 49
23: 14 23 11 16 49 10 46 35 20 12 28 50 2 27 15 41 8 21 5 7 9 18 26 44 37 19 25 1 17 32 45 36 30 48 34 4 47 6 3 38 39 29 43
24: 43 42 25 34 19 1 22 35 2 50 23 39 20 29 14 41 33 46
25: 36 42 46 50 43 44 30 15 29 27 13 33 14 39 31 5 2 9 4 18 21 12 3 22 24 23 32 1 11 10 6 19 26 45 25
26: 38 19 10 47 45 16 17 18 33 12 36 24 26
27: 20 46 18 41 2 14 3 29 9 31 45 6 32 39 4 10 1 16 15 11 37
28: 20 13 35 22 5 45 40 10 18 15 21 6 43 8 23 49 46 7 24 4 26 50 44 37 16 47 29
29: 42 9 40 2 4 29 39 6 43 31 20 35 15 14 45 38 33 21 47 18 48 16 10 5 1 37 8 26 17 50 30 11 49 27 22 32 19
30: 31 9 46 40 2 47 25 49 32 37 10 42 36 39 4 16 12 41 38 48 7 18 28 6 5 35 26 30 44 14 50 43
31: 14 41 45 36 47 48 5 34 43 1 27 49 44 38 7 24 11 6 16 39 3 30 10 20 2 40 4 46 42 17 28 29 9 25 21 37 50 31 23
32: 27 22 40 49 37 8 29 15 4 38
33: 46 22 27 24 43 14 35 26 21 28 7 50 16 4 6 30 17 38 42 34 29 10 20 47 44 12 23 25 36 11 15 5 39 9 49 48 40 33 32 37 19 31
34: 12 27 50 19 36 9 5 2 11 41 8 31 17 10 38 32 22 28 4 43 16 37 48 6 34
35: 31 26 17 50 27 9 49 21 46 2 33
36: 21 49 22 13 33 6 24 26 28 36 30 9 15 27 44 16 35 37
37: 26 45 25 29 18 8 22 15 28 13 2 10 35 20 42 32 3 11 37 16 12 33 27 39 1
38: 22 44 16
39: 40 45 12 37 42 49 41 43 14
40: 46 24 23 32 7 8 1 18 30 39 42 14 20 49 50 45
41: 31 38 34 7 42 49 23 40 11
42: 6 2 38 4 7 10
43: 1 33 50 26 42 41 49 43 2 13 37 4 28 27 39 21 20 29 8 11 15 18 14 22 6 24 16 32 3 35 47 38 23 7
44: 35
45: 22 27 26 17 12 36 29 43 28
46: 13 20 4 28 29 21 15
47: 7 38 35 25 47 41 11 4 15 33 13 34 14 17 26 40 19 2 23 5 3 1 12 18 50 31 28 46 29 21 49 10 20 6 45 22 36 32
48: 32 1 15 42 44 23 38 37 8
49: 12 44 25 33 23 5 36 6 2 42 24 30 39 14 48 9 7 16 19 1 41 21 27 15 32 20 35 22
50: 7 9 17 20 31 43
1: 16 (23 31 8) 47 (21 49) 5 (24 43) (20 13 48 1 25) (19 2 27) (29 17) (40 37)
2: 37 (2 47) (3 4 12) (13 49 24) (43 15 21 34 14 30) (29 42 35 23) 25 (17 31 27 5)
3: 17 11 5 23 1 6 (43 31 47) (27 3) (19 25 2 37)
4: 20 43 22 2 (31 3 42 17) 5 (32 25 16) 28 (9 30 1 18 23 8 46 47) (33 21 34) 27 (11 29)
5: (4 21 7 34) 30 33 (23 47 9) (12 8) (22 25) (5 6 49 31 19 28 11) (2 10 29)
6: (12 27 18 31 49 8 19) 23 (36 47) (42 34 29) (30 43 33 9 6 28) (11 25 5 21)
7: 31 23 (28 1) (22 49 43 41 4) (9 15) (3 20) (50 19 12 2 33) 42 (17 40 30) 8 47
8: 23 (32 2) (7 12) (6 28) 21 (19 11 34) (37 1 43 40 29 5) 48 4
9: 35 (27 30 21 33 50) (23 49) 3 (25 2 1 8 6 31 29 7 34 9) (16 36)
10: (12 25 34 37 23) (16 8 47 6 3 42) 10 28 (4 29) (19 22 27) (30 33) 5 (26 17 31) 2
11: (43 17) 19 33 20 (22 4) (31 23) (37 21 12 5 47 7 34) 41 2 (9 27) 25 (29 11)
12: 10 49 12 (47 30) (3 33 5 19 23) (25 45 34 37 2) (9 14 26) 6 (16 22 39) (17 21) (13 18)
13: (36 17 9 19 46) (47 6 28) (3 14 15 5 37 43 2) 25 10
14: (39 43 19 29 16) (47 49 31 24 30 5 27 2) (11 22 33 12 40) 21 1 17 9 23 (25 3) 15 18
15: 33 49 27 (28 9) (17 43) 5 32 (22 6 21) (23 10 48) (4 1) (37 25 46 3 47) 8 (29 13 36)
16: (49 19) (4 5 43 31) 12 (9 34 33 38 23) (26 36 3 21 29 27 30) 8 18 (6 17 28 37)
17: 23 (12 26 45) (34 17) 31 (47 2) (33 35 16 21 6 50 15 3 5 29) 22
18: (5 37) 17 47 11 (28 43 6 20 7 8) (12 25 30 2 19) (26 3 27 21) (9 23 4 29 40)
19: (23 9 11 26 8 5 33 6 47 10 19 17 16) 2 (22 7 12 20) 3 (15 21 49 24 34) 25 (29 1)
20: (17 18 31 16 8 40 11 1) (12 24 43) 33 (20 28 9 27) (46 19) 29 (6 5 49 47) (23 2 3) 21 (50 37)
21: (12 33 31 49 36 47 17) (5 15) (22 19 23 20 21) (18 43) (11 28) 29 (3 25 2) 46 (4 35)
22: 4 (32 25 45 47) 49 (2 43) 37 (24 20 15) 18 (17 29) 34 (21 5) 36 (8 38 28) 33
23: (9 49 22 17 33) (7 6 12 25 28 47 19 4 43) 21 (48 24 13 41) (23 40) 10 31 2
24: (9 36 40 33 25) 26 (20 28 15 31) (43 2 21 6) (10 49) 5 (22 17)
25: (33 37 22 10 25) (20 12 47 30 24) 8 (23 5) 6 (19 31) 21 (9 49 18) 2
26: (28 37 22 16 12 20 36 9 43) 29 35 45 (21 11 33 17 30) 6 (2 25 47 26) (23 5 4 8)
27: 5 (8 12 32 23) (33 9 43) (36 31) (29 49) (19 22 45 34 21 35) (6 25) (16 2 11 37)
28: 8 (2 33) 45 6 7 (36 22) (9 31 34 15) (13 37 21) (30 16) 47 43 (23 46 19 17) 12
29: 18 17 (20 5) 12 11 (43 3) 24 (45 9 32 19 21 7 46 47 25 23) 6 10 (37 29 31) (33 1) (28 27 2)
30: 12 (33 30) (29 2 6 23) 31 49 (3 25 10 21) (20 22) (17 36) (40 19)
31: (21 12 34 17 35 6) (47 30) 29 (4 41 9 18 33) (31 2 8 27) 3 (5 50 25 19)
32: 3 (17 49 13) (33 12 43) (9 48 5 22 4 29 23) 21 (34 40 6 18 8) (47 2 19 30 11 37 27 25)
33: 9 43 (47 19 25) (36 16 22) (49 10 3 4 35 29 7 5 33 6 8 2) 26 (15 37 21) (12 17) (18 24)
34: 47 (12 17 33 21 23 34 41) 4 (9 8) (3 16 2 24) 31 5 18
35: (16 47) (21 17) (2 6 24) (3 36 29) 33 (49 18) 28 (30 22) (44 8 23 37) 20 14 (5 15 43)
36: 6 9 (25 34 49 7 30) 47 (12 21 18 45) 33 (31 36) 2 23 (17 5) (10 26)
37: 8 (2 6 39 19) (23 1) 34 (18 30) (12 48) (27 3 21 29) 10 22 (32 33 31 37) (28 43 17) 36
38: (33 26 23 17 8 2) (21 3) (47 42 12) 32 41 (30 19 6 15 43 29) (4 48 9 31) (18 5 34)
39: 29 (3 23) 17 37 40 (49 21) (20 24 6 43 4 33 9 5 31 30 27) 25 (12 2)
40: 47 9 (30 7 22) (2 5 19 1 20 4) 8 33 (32 28) (39 17) (31 41) 21 29 18
41: (47 43 10) (27 2 23 19 34 18 22) (24 39 15 12) (49 3 31) (8 5 21 30 17)
42: (39 18 2 19) 12 (30 25 43) 31 (29 40 24 17) 22 15 (10 33 16) 48 21 49 5 (41 37)
43: (3 31) (25 50 29 22 45 39) (6 23 19 20 5 21 24) (28 30 33) (15 17 8 43) (2 34)
44: (23 12) 28 20 36 30 (9 2 17) 33 (6 10 7) 48 25 38 49 31 19 (5 8) 21
45: (37 2 22 47 9 40 12) (3 29 28) (31 21) (25 19) 5 (23 27 39) 8 17 26
46: (33 20 35) (23 10) (5 27 47) (25 40) 15 (28 21) (8 30) (13 9 24 31)
47: (29 28 31) (33 14 16) 18 (3 26 23 21) 19 (43 30 6) (17 15) 47
48: (6 12 16 49) (19 17 33 5) 34 (2 9) (23 10 7 30) (20 18) 31 (21 29)
49: (5 32) (30 35) (40 22 11 9) (2 21 12) (17 23 41 8) (31 43 39) (28 33 36 29) 47
50: 30 (16 25 28 5) (47 18 33 23 10 31) 9 29 (21 3 24) (22 6 43) (17 12) (34 35) (4 2) 40
