50 50
1: 41 39 6
2: 33 29 3 8 15 50 43 45 10 42 28 6 49 37 12 17 20 24 21 34 36 5 27 22 38 41 1 14 48 19 32 9 44 16 4 11 7 25 18 23 13 47 46 2 39 35 31 26 30 40
3: 17 27 49 42 13 31 40 50 26 44 12 7 18
4: 15 2 41 16 1 50 49 46 21 5
5: 44 8 5 36 47 13 3
6: 1 11 26 33 32 40 19 42 15 28 6 47 9 14 34 48 17 36 50 13 46 16 18 30 4 23 3 38 10 31 45 41 35
7: 38 49 21 6 16 34 36 46 11 45 24 12 44 4 42 30 29 2 17 40 27 25 9 26 15 47
8: 21 6 17 46 23 5 19 16 38 41 45 2 10 47 48
9: 14 8 16 30 38 43 5 11 19 29 34 7 22 1 4 6 44 48 41 12 35 39 25 21 18 36 10 37 9 13 20 47 27 3 33 26
10: 19 14 50 21 9 4 23 45 31 36 11 35 2 48 28 1 25 47 12 43 44 49 20 37 15 8 41 30 33 6 34 39 17 16
11: 40 30 43 17 28 32 15 50 18 25 11 42 39 33 34 48 49 16 22 24
12: 18 47 25 34 49 48 28 13
13: 1 16 21 38 33 34 9 26 17 37 44 30 28 13 5 23 46 7 49
14: 28 34 30
15: 9 45 1 19 12 4 41 50 11 24 34 32 20 33 49 47 16 21 35 42 7 25 36 48 43 10 31 28 3 44 18 13 46 22 8 23 38 26 14 15 27 29 2 6 5 39 40 30 37
16: 22 26 10 31 18 48 2 30 37 50 25 13 45 12 11 41 6 29 8 43 32 33 4 39 19 28 17 23 1 20 7 46 21 42 44 5 47
17: 32 6 35 30 16 12 44 21 36 8 46 17 34 19 33 47 24 37 49 40 11 13 15 9 38 18
18: 16 47 5 50 49 26 22 34 23 45 40
19: 2 16 6 27 18 47 31 40 4 7 50 3 24 5 48 22 14 41 9 10 44 30
20: 41 24 46 26 11
21: 6 46 49 42 45 24 19 38 48 8 25 23 34 29 12 4 28 2 43 18 40 20 21
22: 35 29 31 25 49 14 15 6 32 26 11 42 28 24 43 33 9 20 5 12 17 4 3 21 18 37 10
23: 39 7 50 18 49 38 1 43 48 36 8 42 35 15 16 40 28 41
24: 48 35 27 9 33 10 13 4 36 2 25 28 41 37 8 44 22 1 7 46
25: 38 47 46 18 42 8 16 11 27 14 7 28 6 17 19 12 4 32 10 44 9 50 15 48 13 2 25 37 30 45 35 34 43 5 31 39 22 29 1 36 20 49
26: 26 28 37 14 45 10 16 13 39 31 43 7 48 25 11 46 47 34 9 8 33 17 1 22 38 20
27: 30 27 3 45 29 38 41 8 48 4 33 13
28: 43 24 44 1 15 9 46
29: 50 18 7 30 5 39 25 14 28 33 48 22 40 19 9 6 11 26 27 41 23 38 4 35 16 20 15 3 32 46 13 12 49 34 2 10 29 31 17
30: 2 42 28 34 47 45 4 36 16 35 33 46 22
31: 17 21 28 34 27 15 4 42 8 2 39 10 7 35 33 32 5 45
32: 2 38 29 30 6 46 20 42 28 12 4 10 8 36 17 48 14 21 15 3 19 50 1 49 5 23 13 40 41 16 7 47 26 25 9 34 27 31 24 11 37 33 39 44 32 22 45 18
33: 40
34: 39 48 47 22 15 41 28 25 12 33 44 10 24 1 26 50 6
35: 33 17 26 14 43 44 49 25 30 5 47 32 23 36 48 18 29 15 38 46 2 45 3 6 35 34 1 28 24 42 37 21 20 31 40 9 11 7 39 10 16
36: 32 38 24 47 14 17 21 35 33 3 44 30 28 23 5 41 7 27
37: 39 41 24 47 25 7 10 38 8 4 16 32 45 20 17 34 31 22 48 26
38: 35 3 19 9 6 7 27 14 36 4
39: 24 23 26 19 22 46 6 12 45 31 7 49 44 43 35 27
40: 45 39 48 13 9 16 47 22
41: 12 4 18 47 30 34 29 10 43 31 1 20 15 26 11 40 27
42: 43 21
43: 23 44 18 33 26 8 42 17 46 11 27 2 43 10 36 5 30 31 24 6 7 25 39 37 38 34 21 49 28 1 3 45 12 29 47 19 15 41 50 13 4 16 22 35 48 32 14 9 20 40
44: 8 20 49 45 39 11
45: 44 23 40 33 41 11 36 22 5 27 31 26 24 21 50 46 6 14 42 13 7 16 35 19
46: 8 34 7
47: 11 35 27 25 40 45 29 50 34 15 5 4 38 47 28 26
48: 49 36 32 4 24 27 23 43 21 40 31 44 11 48 39 50 6 25 9 28 19 7 15 1 38 41 17 30 5 3 33 13 26
49: 30 4 35 34 23 33 41 49 28 20 14 12 19 25 32 11 18 46 9 7 1 39 38 10 17 47 22 48 43 45 26 44 2
50: 29 6 41 37 3 18 43 25 32 23 14 48 20 42 47 1 34 27 7 44 21 4 45 2 11 33 8 50 9 49 5 46 38 40 35 12
1: (15 48) 23 (28 32 34) (43 49 10 13 6) 41 (4 16 25 26 9) (50 2 35 24)
2: (24 2) (19 50) 29 (43 25) (4 30 8 7) (32 31) 16 (49 10 21 15 35)
3: 50 2 (22 36 29 15 19) 38 (9 27) 5 43 6 (35 32) 48
4: (19 48) 47 (9 10) (43 49 50 16 37 41 32 24 29) 27 30 25 6 (38 15) 22 (2 21) 7 31
5: 19 32 5 47 (50 9) (15 48 8 16) 13 43 (4 22 31) 2 36 (29 25) 18 45 35
6: (35 15 2 43) (10 8 7) 22 (39 16 48 38) 45 25 (6 21 1 19 34) 9 (32 50) 29 17
7: 9 45 29 50 26 (31 35 24) (23 49) 13 48 19 (32 16 25 3) (36 38 46 37 2 39) (43 15)
8: (15 31) 10 2 9 (16 24 26 44) (32 23 5 21 37) (25 17 43) (27 46) 50
9: (9 50) 2 40 7 38 (13 48 29) (19 43) 35 (15 26 24) (22 32 49) (17 25 28 10 6)
10: 2 (43 31 6 22) 41 49 (19 29) (34 25) 24 (8 16 26) (9 37) 32 (15 35)
11: (43 45 29 26 11 22 25 41) 17 (15 9 44) (20 35 7 49) (16 32) 47 (10 2) 6 48 50
12: 43 (25 39 34 22) (15 41) (7 29) (16 10) 2 (17 49 21 3) (9 32 50)
13: (48 17) (9 5 45) (43 3 16 26) 32 (2 15 40 27 25) (6 12 29 13) 24
14: 50 38 (35 2 9 43 36 26 19 25 15 10) 49 (22 6 29 32) 45
15: (22 10 15 31) 25 7 (34 29 41 6) (4 43) (35 17 47 11) 28 32 (48 2 23)
16: 4 (25 29) 30 43 2 45 8 6 (10 17 15 37 13) (18 26 7) 23 (19 9 40 35 32) 11
17: (2 43 8 37) (3 17 36) (22 16 11 48 35 10 26) (29 25) (31 6 7 13 49) 32
18: 19 17 50 32 (16 49 6) (2 15 43) (35 29) (22 25) 12 21 3 (11 9 23) 41
19: 15 8 29 (49 38) (6 39 32 10 48 45 16 2 17 9 25) (21 43)
20: (49 32 50) (26 10) 15 (9 16 37 21 43 29) (41 2 25 22) 35 44
21: (50 17 31) (48 13) (21 36 15 9) (43 35 7 22) 8 (10 16 2 4) (45 32 42)
22: 39 (19 49 43) (18 2 25 11 32 37 34) 45 29 (26 40) (9 15) 24 16 30
23: (29 35 18) (39 36 32 6) (13 43 21 48 49) (10 16) (15 50 2 45 8)
24: 32 11 (43 35) 15 45 39 (7 22 19 36) (20 28) 21 (17 48 2 37 34)
25: (9 7 49 47 43 29 48 16 15) 34 2 10 (32 35) 22 50 26 (12 21) (37 11 25) 24
26: (9 39) 16 (35 20) (29 48) (18 3 7) (13 49 34) 41 15 (6 47) 45 2 (22 32) 37 43 26
27: (29 19 3 38 9 47) (25 41 45 2 48) 36 (43 31 15 27 24) 7 39 (32 50)
28: 11 (22 24 16 43) (10 2) 25 (15 21) 6 (47 14) (49 30 31 12 36) (23 29 34) (26 13) 35 48 32
29: 2 (32 47 15 25 50 21 27) 29 9 16 (41 43 35 22 7)
30: 43 (9 48) (25 32 16 36 13) 29 6 (17 14 7) (2 49 10 15 41 19 35 11 27)
31: (37 41 35 32) (26 16) 48 (3 29) (43 39) 19 45 15 (22 2) 6 (10 25)
32: (35 31 22) (29 32) (48 6 36) (2 37) 50 (15 43 17 49) 25 (11 16)
33: (10 31 24 48) (6 27 26) (30 15 9) (16 17 2 11 29 50 49) (34 35 32) 36 (13 22 45 43)
34: (41 12) 6 (37 10 46 30 14) (49 2) (17 47) 9 25 (43 32 21) (13 26 31 35 15 29 11 50 18) 7
35: 39 (6 25) 17 2 (49 29) 43 35 (24 31) (10 38) (15 9) 47 (23 36) 30 (45 22) 50
36: (43 5) (17 24) 25 32 (15 30) (23 7 6) (35 48 10) (2 9 38 45)
37: (2 22 35) (16 9 43 13 32 25 17 50 10 24 26) 15
38: (43 50 49 7 6) (26 48 27) 36 2 (17 35 23) (9 47 15) (21 32) (37 29) (13 25 8)
39: (9 35 1 25 23 37) 32 (29 26 48) (49 16 31 10 11 15 34 2 43 40 44)
40: 19 (33 18 35 43) (32 15) (21 17 47 48 6 45 41) 29 (7 2 11 3 23) 50
41: (10 36 27 6 50 23 24) (48 29) (45 43 19) (32 34) (49 4) (37 20 2) 16 (8 9 1 15)
42: (16 35 21 45 15 3 22 7 32) (6 11) (31 23) 50 (43 30 2 25)
43: 43 (2 48) 10 23 (49 42) 25 35 (16 39) (50 41 11 9 22) (15 26) (21 28)
44: 10 49 (3 28 35 17) (48 9 32 34 2) (13 45) (43 19 24 16 50 39 7) (25 36 15 5)
45: (43 32 2) 10 31 16 (25 27) (30 37 49) (35 7) (40 39 47) (50 6 26) (8 18 15 21) 44
46: 24 (21 20) (32 7 50) 2 25 (43 28 35 8 6) (29 45 17 15) (4 16) (39 26) (30 49 13)
47: (50 37) 18 (5 36 2) 8 (7 17 32 49 35) (41 12 47 9 16) 19 (26 10 43) (6 25) 40 34 (30 15)
48: 34 (10 6) 27 8 49 (24 29 12 23) (25 19 32) (9 40) (50 15) 11 (43 48 2 26) (16 21 37 35)
49: (13 49) (35 3 29 7 39) (17 44) (50 11 4) 18 (21 32) (10 12) (2 25) 23 (43 15) (48 22)
50: (18 10 16 25 6 2 45 34) (32 3 23 4 47 15) (11 50 29) (43 48 19)
