50 50
1: 44 17 47 28 29 20 35 24 2 46 41 32 7 50 8 48 23 25 13 18 36 1 16 22 14 3 39 34 31 33 21 40 11
2: 39 40 30 9 36 26 12 45 33 25 38 34 11 31 23 10 35 43 41 50 48 49 29 7 46 44 32 42 28
3: 4 21 40 30 6 27 5 35 9 28 33 47 19
4: 48 22 11 27 8 1 43 6 31 10 19 37 21 38 30 7 28 2 39 47 45 16 46 20 50 4
5: 23 7 29 48 2 41 30 31 27 46 15 14 47 11 26 42 36 45 8 17 43 5 28 12 40 22 25 9 37 20 44
6: 50 45 35 46 25 20 40 28 16 2 33 17 30 3 48 19
7: 46 32 33 7 47 20 15 50 13 11 48 45 16 24 2 14 26 9 36 43 1 41 29 40 22 35 21 8 28 44 31 6 10 23 17 34 25
8: 29 8 11 32 35
9: 16 20 44 33 48 6 4 15 32 49 24 12 30 11 7 13 8 2 1 46 40 45 9 39 21 43 23 18 19 35 29 31 14 25 26 5 41 27 47 42 17 50
10: 18 15 27 3 16 7 14 49 11 43 46 37 29 28 2 26 34 12 35 8 23 22 9 32 33 39 24 42 50 20 41 30 6 25 21 44 45 5 1 31
11: 12 17 49 20 18 33 36 30 42 6 50 21 47 23 34 5 31 35 16 3 10 7 14 25 11 41 1 40 45 26 4 22
12: 10 21 49 33 18
13: 43 2 47 32 40 24 21 46 42 26 18 12 38 20 44 31
14: 27 34 36 3 32 5 22 31 23 43 49 40 1 26 21 6 4 33 2 38 24 48 30 7 14 19 10 41 17 16 47 15 18 37 44
15: 29 35 40 41 19 36 7 44 49 20 28 21 32 10 50 16 13 11 4 37 22 42 26 3 33 18 15 9 30 2 39 38 1 47 6 8 23 24 34 14 27 31 5 17 45 48 43 25 46
16: 33 20 47 34 19 1 10 29 11 9 22 15 32 36 23 35 45 26 16
17: 3 6 21 30 45 18 36 26 4 17 9 11 8
18: 40 27 41 36 39 31 35 49 47 13 3 38 32 43 21 20 14 42 50 16 22 26 17 10 11 30 5 2 25 19 6 29 4 7 37 12
19: 1 43 40 24 7 8 32 41 33 10 30 21 2 4 46 48 11 31
20: 4 14 42 43 37 7 33 25 38 31 24 5 49 47 1 12 50 11 20 44 23 26 19 48 17 21 35 6 13 18 32 10 36
21: 36 15 29 9 50 22 12 6 33 1 43 34 40 21 5 31 30 44 26 24 41 28 3 25 45 39 13 8 20 4 32 11 47 2 23 37 42 49 14 48 18 10
22: 14 28 27 6 43 25 2 46 13 7 48 38 44 10 32 30 42 34 15 21 49 17 39 12 11 47 24 41 26 50 23 18 8 20 9 4 1 35 36 33 45 19 29 22 40 37 3 5 31
23: 32 21 26 42 11 10 39 40 27 4 34 28 20 3 31 47 33 7 6 49 48 14 2 44 18 22 17 19 1 29 36 45 35 37 30 23 43 15 12 25 38 50
24: 44 43 14 17 33 46 27 24 28 4 40 6 12 3 25 48 9
25: 2 9 46 26 5 13 7 12 4 44 8 34 32 27 30 22 17 31 36 15 33 39 10 1 40 38 23 45 50 3 41 20 29 35 25 21 14 42 37
26: 38 48 49 50 2 20 8 45 16 33 40 43 44 26 6 7 39 36 5 41 35 47 22 15 25 31 3 4 24
27: 13 27 31 19 36 24 20 47 4 43 35 38 41 49 5
28: 32 22 5 17 2 49 47 43 12 45 48 1 10 27 15 11 30 35 16 42 6 21 25 9 41 19 14 38 44 31 34 23 18 7 39 50 36 46
29: 39 31 10 2 4 32 9 13 34 18 48 27 43 36 8 35 22 23 46 45 29 12
30: 41 12 7 40 18 28 1 23 36 13 43 30 45 11 6 39 32 47 4 29 20 34 44 3 27 49 38
31: 20 7 25 6 48 9 29 21 2 27 37 22 4 50 12 1 36 43 14 49 3 41 45 46 33 35 28 5 17 42 40 10 13 39 8 26 24 47 30 34 15 23 44 32
32: 9 8 49 24 50 23 30 36 47 2 6 42 21 37 31 32
33: 1 30 5 2 41 19 45 42 14 44 13 27 4
34: 35 33 2 41 42 17 1 30 11 47 49 48 34 44 40 32 21 36 29 38 31
35: 46 50 20 41 33 49 27 17 12 10 47 2 13 7 22 15 43 34 36 40
36: 10 42 4 5 35 30 48
37: 11 22 48 18 17 30 6 26 20 33 7 9 24 37 38 4 39 25 29 47 49 21
38: 12 41 37 6 48 45 21 28 18 46 23 7 5 8 25 47 26
39: 4 50 31 43 26 49 24 47 17 35 40 20 15 33 5 32 9 23 6 45 1 21 18 44 8 2 19 28 27 42 13 34 30 37 10 29 46
40: 21
41: 30 22 35 28 37 47 2 17 5 41 21 6 49 42 25 1 44 40 20 24 31 39 38 3 15 16 19 45 50 7 43 11 14 23 32 29 8 9 33 10 4 12 46 26 13 18 48 34
42: 14 4 5 36 35 24 9 22 39 30 8 19 48 21
43: 24 39 32 36 25 14 6 44 28 35 1 8 34 12 19 37 23 3 5 50 11 2 43 27 15 26 17 46 47 21 33 13 38 41 4 22 49
44: 14 30 22 12 2 1 37 9
45: 14 19 27 32 35 2 33 42 4 22 39 25
46: 19 47 25 2 29 3 4 40 50 18 1 28 48 17 16 23 31 46 45 38 14 21 43 36
47: 25 14 37 42 5 30
48: 32 47 26 49 25 22 11
49: 4 44 37 6 46 23 10 30 38 14 5 13 22 39 43 31 2 49 36 19 8 12 50 18 3 34
50: 17
1: (19 25 30) 46 (28 22 16 4 34 10 15) 20 39 (9 23 7) (14 31 44) (11 41) (33 21 1 43)
2: (41 10 43 19) (15 26) (7 9) 5 (13 44 21 32) (45 6 35) (22 1) 31 25 46 (39 18 4) (49 28 33) (14 29 23 34)
3: (31 15 21) 26 (14 18) (43 24) (1 23 46 30 25 6 41 10 17 49 11) 22
4: (21 11) (17 26 46 3 20 14 18 25) 30 (39 42 37 15 24 36) (23 27 22) (4 31 9) (33 45) (41 29 43 49 19)
5: (43 15 39) (9 20 11 18) (28 49 33) (42 38) (14 22) 21 (5 31 27 47) (41 10 26) (36 25) 3
6: (41 38 26 14 10) 18 (23 30 28) (4 7 43 49 31 24 32) (37 22 20 21) (39 11 9 17 15 3)
7: 26 (22 2) 23 (15 31) 1 (14 4) 11 9 (37 30 7) (5 25 20) 35 (19 18) 38 41 10 28
8: 21 (49 10) 31 (9 1) (25 17 5 32 38 29 41 43) (8 26 7) 15 22 (19 39) 42 4
9: (31 42) (17 3) 16 (25 24 28 15 10 5) 22 29 (32 21 41) (37 44 39 2 9 7)
10: 31 (20 41) (39 16) 36 (28 11) (22 49 23 18 35 4) (15 12 14 25 21) 2 29 7 19
11: (2 4 23) (1 22) (34 9) (10 28) 20 (43 8) 21 (18 17 5 30 11 7 16) (15 19 37 41 48)
12: (21 23 43 10) (28 29) (25 5 24 38) (9 44 18) (49 20) 22 41 11 (13 31 30 2 35)
13: 7 (27 22) (31 30 21 15) (1 33 29 43) (25 39) (49 20 18 35) (41 9)
14: 1 42 5 (14 11 7) (44 45) 10 (46 21 15 43 20 47 9) 18 (49 25 24 23) (22 33 41 31) 28
15: (25 43) (5 41 14 7 23 35 21) (31 16) 22 (39 10) 26 9 (15 28)
16: (28 4) 46 18 6 (14 9) 10 11 16 (7 26 15 1 41)
17: 24 (50 34 31 23) (14 17 39 35 41 43 15 22 28) (9 20) (7 6) (5 46 1 11) (37 18 25)
18: (22 49 37) 46 1 (30 41) (12 20) (38 23 21 15) (17 39) (28 11 14) (29 10) (13 9)
19: (18 22 42 14) (28 3 15) (16 39 45) 49 9 (27 23 33) (20 4 43 41) (6 46)
20: 1 (6 15 7 20 13 26) (11 30) 25 (37 27 21 9) (35 4 39) (41 22 18 16 31 5) (23 10)
21: (37 40 25 23) (39 38) (41 34 18) (43 46) (11 12) (20 32 42) 22 9 (14 19 3 4 15) 10 13 (1 17 21 28 7) 31
22: 5 (28 22) (1 44 18) (16 11 48 14 42 26 45) (23 15 41 7 29 43) (37 10) (49 21) 31 (4 35 25)
23: (30 25 7 2) (22 1 46 15 49) 9 14 31 (28 29 43 20) 21 (10 11) 23 (41 32 16) (39 5 38)
24: (1 41 13 39 9 26) 37 (14 15 20 10 21 19 24 32) (22 27 31 43 42) 7
25: 5 (9 45 10) (20 41) 48 18 (11 24) (6 47 28 22 25) 1 (31 26) (23 38) 46 (7 43) 15 (21 2 37)
26: 16 (48 14) (2 17) 20 (41 43) 11 22 (15 5 37) 23 39 (18 25 21 13) 9 7 (31 26) 38 10
27: 28 (4 31) (39 24) 23 (10 22 14 29) (15 5 27 30 33 9) 18 (45 3) (25 35) 43
28: (41 22 4) 24 2 5 (10 1 3) 46 7 43 31 6 38 (15 23 21 30 39)
29: (31 1) (9 39 46) (7 21 34 23) (2 29) (22 41 16 8) 10 25 15 (37 5 30 18)
30: (47 42) (18 33) (11 25 3 4) (9 41 28 34 36) 23 49 30 (39 14) (19 31) 37 (32 5 2) (17 10 6 21) (15 44) 22
31: (5 7 4 41) 39 (27 2) (49 32 25 15 23 13 46 26 11) (20 29) (28 34) 14 (22 10) (18 19 9 21 1)
32: (29 19 16 31 14) (28 8 18 41) (43 39 32) (7 45 21 20 9) (2 10) (34 15) 23 22 (13 25 30) (1 48)
33: (9 31) (11 37) (6 7 20) (3 1) 19 (39 16 21 15 10) 24 (22 43) 41 (35 45) 25 26 (14 34 2 23 12)
34: (41 23) 1 (31 29 22 25 2 30 14 43 34 28 49 7 35) 21 (16 15 11 10) 39
35: (15 9 42 31) 2 1 43 (22 16 34) (8 39) (41 27 28 25 26 10 18) 11 (29 3 20 45 6) (7 36 23)
36: (32 11 42) (25 29 35 20 30 23 17 22 46) (14 28) 49 1 (18 7 16) (43 21 5) (15 34 27) (2 26) 31
37: (39 4 22 20) (15 10) (41 38 5 14 37 18 25) 47 43 21 32 (23 44) 31 49
38: 25 14 (34 30 13 27) (20 4) (46 41 2 26 28 23 22) 15 37 18 (43 49)
39: (9 45 43 15 41 10) (1 2 25) (37 26) (49 21 28) (29 4) (30 22 31 23 42) 18
40: (3 1 26 6 41 30 7 13) (9 22 5) (25 31 2) 18 11 (23 15) (39 46) (19 35) (21 24 14 34)
41: (34 14) (18 11 9 27 41) (10 30) (1 31) (22 25 26 33 7 43 19) (35 2 21 28 38) 15 5
42: (28 21 11 10) 9 41 (39 47) 36 25 (31 20 13) (34 5) (2 45) 18 (15 33 22) (32 23)
43: (23 14) (43 4) 15 10 (20 22 27 2 28 21) 7 18 (30 49 5 41) (29 31 46) 35 24 (39 9) 13 (26 19)
44: (10 28 1) (24 5) 41 (30 23) (9 31 25 34) 13 (22 2 33 49 20) 7 43 (39 15 14) (21 26)
45: (5 25 4 15 2) 30 (21 38 46) 11 22 (7 16 41 29 26) (6 23 9) (10 39 28) 17 (33 31)
46: (41 43 6 22) (7 1 15) 10 2 (49 9) (25 29 4) 39 19 (35 46 24) 31 (38 28 13 5)
47: 14 11 35 (28 21) 16 (23 37 7) 34 (5 27 38 30 15 48) (31 43 9 41 32) (46 1) 18 13 4 (22 3) (26 39 20)
48: 31 36 (29 28 23 22) 9 6 (19 26 7 46 15 5) (20 24 42 2 14 4 1 34) (37 21 41 38)
49: (28 43) (14 18 9) (32 23 37) 2 39 12 (26 15 21 27) 30 (11 20 10) (49 48 35) (41 31 34) 22
50: 39 (25 9) (35 4) (10 1) (23 2) 31 (11 18) (41 6) (49 20 28) 7 21 (26 46) 43 (15 22 32)
