20 20
1: 13 18 16 10 5 4 3 17 6 15 14 7 2 8 11 19 9 20 1
2: 13 10 11 17 18 16 14 3 20
3: 20 4 14 18 19 3 7 10 12 11 6 15 8 16 13 17 1 5 2
4: 19 1 3 16 12 17 7 10 11 9 6 4 5 18 13
5: 15 13 12 1 18 20 7 5 2 4 16 17 6 11 8 10 19
6: 19 2 4 3 13 15 9 18 12 7 10 17 11 16 5
7: 17 9 11 19 15 8 7 4 2 14 13 3 20 5 6
8: 20 4 9 14 15 3 8
9: 16 7 9 2 3 10 13 19 5 15 11 4 1
10: 5 2 14 19 1 17 13 15 12 6 10 9 3
11: 7 1 10 16 11 20 13 9 6 8 3 2 14 18 19 15
12: 19 18 17 11 15 2 12 16 20 8 9 5 6 7 3 1 4 13 10 14
13: 13 1 4
14: 14 20 3 2 6 1 18 16 7 11 17 9 12 4 5 13
15: 3 1 10 8 9 12 17 5 13 6 4 16 7 14 18 11 20 2 19
16: 20 10 11 13 2 15 12 14 7 19 9 18 4 16
17: 3 14 18 15 7 5 8 9 11 10 19
18: 17 18 1 15 11 2 16 9 13
19: 5 12 20 10
20: 19 17 20 16
1: (3 11 12 15 1 13) (9 5 4) (14 10) 18
2: (9 7) 10 (5 16 18) 11 (3 1) (12 6) 15 14
3: 7 11 8 (1 17) 14 10 12 (4 6 9 2 15) 3
4: (1 4 14 5 8 12 6 7 13 16 9) (15 3)
5: 9 (1 3) (4 5 17 10 15) 12 (19 14 7) 6
6: (3 7) (14 11) (1 12 5 15 4 10)
7: (5 16) 17 (4 12) 14 15 (3 1 11 7) (6 9)
8: (7 12 17 11 15) (3 8 1 5)
9: (12 4 1) (10 11 6) 18 (16 8) (9 15 17) (14 7)
10: (9 5 3 17 1) (16 4) 12 19 15 (2 6 10 11)
11: 4 (16 5 1) 17 15 (2 9) (12 18 6 7) (11 3 14)
12: (10 14) (15 4) (16 19 5 6 12 3)
13: 2 7 3 10 (12 15 6) (9 13 4) (5 1) (14 16) (11 18)
14: (1 16 3 11 7 8 17 10 2 14 15 12)
15: (6 18) (7 9) (5 3 17) 16 1 8 11 (12 10)
16: 3 15 12 (6 4 11 20) (5 2 1 16 9 18 14)
17: 1 6 (5 14) (10 20) (2 15 12) (3 7 18 4)
18: 17 14 18 3 (5 11) 1 (16 15 2 4 12) 6
19: (5 4 15 20) (11 9 3 12 7 17 1) 10 16 6
20: (3 5 11) (7 12 15) 16 (14 20 1) (19 2) 8
