20 20
1: 8 6 4 18 14 1 10 17 7 2 3 15 11 20 5
2: 8 2 3 19 15 6 5 4 17 1 20 12 14
3: 1 15 5 11
4: 7 18 16 3 4 6 15 14 11 19 5 17 20 13 1 12 2 8 9
5: 11 1 13 8 14 19 18 10 12 4 2 7 3 5 6 9 15 20
6: 13 8 20 10 14 17 6
7: 3 4 14 5 1 13 11 6
8: 16 9 11 19 12 1 17
9: 14 7 12 13 5 17 19 18 8 2 4 1 6 15 11 16 10 9 3 20
10: 8 15 1 14 6
11: 13 4 17 6 10 1 19
12: 20 18 14 2 10 9 19 7 12 4 3 11 17 1 15 6 8 5 16 13
13: 5 8 12 17 1 20 7 11
14: 19 12 9 1 14 17 5 10
15: 12 16 5 14 17 19 4 8 7 1 9 20 15
16: 16 4 19 17 2 9 8 18 13 14 15 12 5 11 6 20 10 3 7
17: 12 2 9 17 10 7 15 3 13 5 11 18 19 4 6 16
18: 5 12 17 14 15 3 6
19: 11 17 1 8 10 18 9
20: 15 2 19 12 16 10 17 5 11 14 7 20 6 18 9 4 8 1 3
1: (9 4 7 14 8) (10 3) (20 15) (19 11 13 1) 2 5 12
2: 5 4 12 1 (17 16) (20 2) 9
3: (17 18) 12 16 (1 4 2 9) (7 20) 5
4: 17 (11 15) 16 2 (12 20 7 9 4 1 5)
5: (18 12) 9 (14 15) (4 2 3 17) 7 (13 16 5) (1 20)
6: (2 12 18) (9 7 10 11 17) (5 16 6 20 1 4)
7: (5 20) 9 (1 15 13 12 4 17 16)
8: (1 9 4) 19 13 (20 6 12 10) 2 (16 15 5)
9: (16 14 15 9 8 4 20) (17 19 12 5)
10: (14 20) (17 6 9 5) 12 (16 1) 11 19
11: (17 7) (13 5 9 3 20 16 1 8 12 19) 4
12: 5 (8 2 4 9 17) (14 13 18 16) 12 (15 20)
13: 5 (6 7) (4 16) 17 (12 9) 11
14: (16 15) 14 (7 10 18) (4 2) (1 9) (12 5 6 20)
15: 12 (2 5) 16 (20 1) 10 (18 17 9 15) 4 3
16: 9 (17 4 16) 8 20 (12 15)
17: (4 16 15 13) 11 19 (20 1 17 9) 8 2 12 (18 14) 6
18: (19 12 17) 16 5 9 20 (1 4)
19: (20 11) (8 14) 9 12 (15 17 16) (2 4) 5
20: 4 (15 12) 2 (5 16 6 13 9 20 1)
