20 20
1: 13 12 4 15 11 3 16 8 5 20 18 9 10 1
2: 12 5 18 19 13 2 7 3 9 20 8 17 16
3: 6 7 18 19
4: 10 4 16 13 6 14 5 8 18
5: 5 10 9 6 13 18 7 8 19 2 4 3 20 11 17 16 14 1 12
6: 5 16 6
7: 9 12 17 7 3 6 4 10 15 1 13 16
8: 4 1 3
9: 17 10 16 4 15
10: 3 9 6 17 10 4 1 8 20 14 18 15 12 2 13 5 7 11
11: 12 11 15 17 4
12: 3 8 13 11 12 1 6 4 9 7 10 15 17
13: 6 7 19 10 15 11 13 14 12 3 8 9 18
14: 2 14 13 7 19 11 18 6 5 17 1 16 12 9 8 4 20
15: 1 3 5 19 9 16 2 14 6 18 8 10 15 7 20 4 12 13 11
16: 12 9 19 8 10 17 5 18 14 1 7 15 4 3 13 16 2
17: 1 15 7 8 20 2 16 19 13 6 18 10 12 5 17 3 11 4 14 9
18: 1 8 4 2 3
19: 2 14 3 6 18 13 19 7 20 4 10 12
20: 9 8 1
1: 17 (16 5 10) (20 7) 8 18 12 1 14 15
2: (2 18 17 19 10 14 16 15 5)
3: (12 5) (17 19) 8 2 7 (13 18) (10 1 16) 15
4: (12 7 18 1 8 19 15 16 5 9 10 14 17 4 11)
5: (1 4 16) (10 5 17 15 14 2) 6
6: (10 15) (13 7 4 17 6 12) (14 5 3) 19
7: (15 3) (10 7 5 13 17 2) (19 14) (16 12)
8: 18 (12 4) (1 17) 16 (14 20) 10 (15 13 2 5)
9: 17 15 7 (12 1) (16 10) 13 (2 20) (14 5)
10: 15 13 (16 12) (1 4 7 9) 17 (10 19) 5
11: 5 11 13 (15 17 10 1) (14 12)
12: (14 10 11 2 15 1 17 13 5) (12 7 16) 19
13: (14 1 7 12 2 13 19 4 16 5) 17 (10 15)
14: (4 10 13 19) 5 17 (16 14 15)
15: (10 16) 7 (1 12 17 13) (15 11) 9
16: (15 2) (14 4 1) (16 17) 5 (6 9) 7
17: 17 (10 14 7) (2 5) (12 16 9) 11
18: 1 13 (3 4) 15 10 14 2 (5 19 17 16)
19: 13 19 (3 14) 2 16 (17 15 5)
20: (17 2 10 14 15 5) (19 1)
