20 20
1: 14 3 12 6 4 5 7 8 19 17 9 16 10 18
2: 7 19 9 8 2 6 17 14 5 11 20 3 15 13
3: 9 20 12 10
4: 8 18 17
5: 11 2 19 17 6 13 12 7 16 4 15 14 10 1 8 18 5
6: 8
7: 9 8 7 6 14 13 20 12 15 10 3 2 19 16 17 11 18 1
8: 4 3 18 13 5 10 19 2 6
9: 13 19 20 10 7
10: 7 12 3 6 14 5 1 13 19 11 4 20 8 15 16 17 9
11: 1 16 19 5
12: 17 11 20 4 12 8 14 10 13 15
13: 13 17 18 1 6 7 10 14 12 2 8 5 20 19 9 3 15 4 16
14: 4 18 14 2 3 11 7 12 5 9 8 19 10 17 20 15 13
15: 11 10 14 18 1 5 3 19 6 7 15 4 8 17 12 2
16: 3 17 10 18 1
17: 9 16 3 10 8 7 20 5 11 15 4 12 17 2 6 1 18 13
18: 14 1 12 10 13 7 5 2 17 20 11 6 8
19: 17 7 1 2 16 19 10 8 3 14 4 11 6 15 12
20: 15 19 4 20 8 5 6 11 12 10 16 1 9 3 7 13
1: (16 17 19 10 18 15) 7 (11 13 5) 20
2: 13 2 (5 14 8 7 19 18 15 17)
3: (16 2 14) (10 8 13) (17 1) (15 7 19) 20
4: (13 12) (5 15 19 10) 20 (17 1) (8 14)
5: 15 (11 20 14 8) (13 10 17) (5 18) (1 2)
6: (7 20 8 18 2) 13 5 (10 1 17 15) 19
7: (15 18) (5 13 14) (2 9 19) (7 1) (10 17 20)
8: (12 4) 7 2 (10 17) (6 18 20 14) (13 15 1) (5 19)
9: (10 3 7) (14 13) (20 1 17 2)
10: (20 9 13 17) 18 (1 3 16) 19 (8 5) (7 12 15 14)
11: (2 5) (18 17 12) 10 20 19 (7 14) 15
12: 10 12 (20 7) 3 (19 18 15) (14 17 1) (5 13)
13: 14 (20 10) (12 18 13 17) (7 8 2 9) 5
14: 5 (1 10 18 14) 2 (19 15 12) 7 13
15: (20 17) (19 12) 13 10 (5 15 7 14) 2
16: (17 5) (11 7) 13 (19 10 20 1)
17: (17 14 13 1 5 10) (7 16 4 18 12 15 2) 19
18: (1 8 4) 15 (14 17) (5 13 7) 16
19: (19 20) 5 (15 2) (7 8 11) (1 10) 13 (14 9)
20: 7 14 (20 10 17 18) 12 (13 2 3 9)
