20 20
1: 8 18 20 10 11 12 13 9 4 2 16
2: 15 10 18
3: 1 7 9 15 8 2 11 16 6 13 10 19 3
4: 11 9 20 13 16 4 14
5: 5 16 10 1 18 7 12 14 15 2 9 8 11
6: 14
7: 4 12 8 11
8: 11 5 18 1 17 20 6 4 10 12 19 7
9: 5 2
10: 7 16 5 6 15 1 18 11 8 12 17 13 3 19 10
11: 2 14 9 12 8 11 7
12: 10 16 3 12
13: 2 12 8 15 20 19 3
14: 7 1 4
15: 8 3 17 13 12 9 11 18 19 15 7 16 2 1 4 14 20
16: 19 4 7 6 20 13 17 3 1 8 9 16 2 11 5 14 12 18
17: 20 14 2 16 7 8 11 6 18 1 3 9 13 12 19 10 4 15
18: 7 14 19 12 13 1 2
19: 16 18 11 2 15 8 3 12 1 5 4
20: 8 4 7 18 2 17 20 14 3 11 16 13 1 12 5 6
1: (10 5 16 15) (20 18 19) 8 14 3 17
2: (9 20 18) 3 13 1 (5 11) (19 16 17 15)
3: 17 (20 3) 19 10 13 15 (12 16)
4: (7 4 16 19 8 17) (14 15 1 20)
5: (5 19) (20 9 10 8) 16
6: (3 20) 17 (16 8 10)
7: (18 20 8 5 17 10 16 3 15) 11 14
8: (11 1 5) (19 7) (10 15 17 13) 20 (16 3)
9: (3 1 15) (16 5) (11 4) 17
10: (12 3) 2 5 10 17 8 1
11: 10 7 (1 11) 19 5 (15 17 4 8 16 20 3)
12: 8 7 (13 20) (17 5 15 19 10 1) 18 12 (11 16)
13: 4 1 (3 18 15 20) 17 16 10
14: (6 4) 18 (5 15 20 16 17 11)
15: (10 17) (5 19) (3 15 2 13)
16: (20 4) (3 19 12 15 5 16 17 10) 1
17: (16 8) (15 20) 10
18: 19 (2 15 10 17 16 8) 20 (5 1)
19: (13 15 8 17 10) (18 3) 16
20: (13 8) (4 20 1) (15 16) 17
