20 20
1: 7 16 9
2: 9 5 10 1 3
3: 5 16 8 17 15 4 20 14 13 19 18 10 12
4: 4 7
5: 20 15 8 18 9 3 6
6: 10 2 3 17 14 16 8 12
7: 10 16 8 19 1
8: 13 3 15 7 8 9 11 19 14 2 5 10 18 4 16 17 12 20
9: 10 8 3 15 11 17 1 20 7 13 19 14 2 5
10: 10 14 3 2
11: 17 11 10 13 19 9 16 5 7 14 4 15 20 18 6 2 12
12: 12 16 11 5 17 2 3 19 14 8 20 6 4
13: 13 5 10 20 12 1 16 4 11 18 7 3 8 6 17 19 15 2
14: 13 9 5 12 18 1 20 19 3 2 7 16 8
15: 6 9 11 19 10 15 8 18 3 20 7 14 1 16 12 2 13 17
16: 6 12 1 13 4 3 7 16 17 15
17: 3 13 19 18 6 2
18: 4 17 13 1 9 16 6 10 18 14 8 15 20 11
19: 17 18 4 6 9 8 1 14 10 19 7 13 20 16
20: 1 6 9 12 3 8 4 2 10 13 15 17 16 5 11
1: (9 15) 18 (16 2 14) 20 7 19 13
2: (11 9) (14 17 10 6 8) 12 20 (15 13)
3: 15 (16 12 14 5) (9 8 2 20 17 6 13 10)
4: 3 (4 13 16 20 18 19 11 12 8)
5: 14 (3 2 13) (9 8 11 20) 12
6: 12 (15 19) 13 (17 5 16 20 18) 11
7: (19 8 1) (16 14) (13 15 9 11 4)
8: (20 18 6 5 7 8) (15 12 13 14) (9 19) 3
9: (11 5) (15 8) 2 (18 19 20) (14 1)
10: 8 (9 19) 7 (15 6) (10 2 13 11 20 3 18)
11: (9 8 20) 15 11 (12 13) 18
12: 15 (14 20) (16 11 6 12) (8 13) 3
13: 13 (16 8 15) 18 (19 11) (17 20) 14 (3 9)
14: 15 (6 19 10 9 11) 8 (12 18) 3
15: (13 3) 9 8 (20 11 16 5) 15 18
16: (8 3) (7 15 14 1 18 13) 16 11 (12 19 6) 20
17: (15 13) (16 18) (3 8 12 20 11) (9 19) 6
18: 8 (15 3) (18 17) 14 19 11 5 13
19: (3 8 9 11 7 19 12) (15 17 14) 13
20: 19 (15 12 3 11 14 9 8) 13 (5 18)
