20 20
1: 20 15 11 8
2: 19 18 1 14 20
3: 13 20 6 19 5 4 16 8 17 9 15 1 10
4: 3 14 5 6 18 13
5: 12 6 16 7 11 5
6: 2 19 5 4 7 16 14 17 3 1 10 8
7: 9 2 3 15 4 1 20 6 17 19 13
8: 5 8 12 9 11 17 6 15 7 4 1 2 20 10 13 19 18 16 3
9: 2 13 11 18 6
10: 1 9 20 2
11: 6 16 3 9 17 5 13 8 7
12: 7 13 19 18 12 9 1 5 4 17 6 15 3
13: 6 10 18 12 2 3 7 9 19 20 11 5 1 14 15 4 13 8 16 17
14: 11 14 18 3 4 6 5 15 17 20 1 12 9 7 8 10 16 2
15: 16 20 1 2 10 14
16: 11 5 16 15 19
17: 3 7 17 19 8 14 20 15
18: 19 12 11 10 2 18 8 13
19: 6 2 4 17 8 9 3 1 14 10 18 7 12 20 11 16 13 15
20: 7 17 16
1: (14 19 2 10) 6 15 3 (13 7 12 8)
2: (6 19 10) 8 7 (18 13 9 15 14)
3: (14 8 7) (17 12) 19 13 6 4 11
4: 14 3 7 19 (6 13 12 8)
5: 8 13 (6 4 16 12 11 3 14 5)
6: 9 (4 8) (14 19) 7 11 13 5 (12 3)
7: (8 13 5 12 6 19 17) (11 20 14)
8: 1 19 (8 14 18 17 11 3) (13 6)
9: 13 8 (7 14) (11 19) 12 (10 3)
10: (15 13 6 8) (18 3 14) 19
11: 5 (14 1 19) (16 18 8) (9 13)
12: 12 5 (18 8 19 13 14)
13: (9 7 4 18) (19 3) 8 (12 13 11)
14: 6 (13 17 15) (14 4) 19 2
15: (8 12 1) (7 3 16) 13 19 17 14
16: 20 16 6 (13 5 11) (3 15 14) 8 19
17: (7 6 11 19) (17 20) (13 3 14) 8 12
18: (12 8 13 19 2 18) (9 4 14)
19: 7 (18 2) (12 8 16) (6 17 13) 3
20: 1 14 (3 19) (8 13) 15 (10 7) 17 2
