20 20
1: 20 15 6 8 11 18 19 7 9
2: 9 13 1 18 2 4 17 11 5 14
3: 14 17 3 5 2 6 19 8 18
4: 13 4 8 19 17 20 16 11
5: 5 9 7 16 13 15 10 11 8 12 6 2 14 4 17 1
6: 4 16 19 8 14 20 11 2 12 18
7: 7 3 17 11 15 1 16 12 10 8 5 4 2 9
8: 4 5
9: 12 18 17 16 19 3 20 5 14 2 8 4
10: 3 19 13 2 6 8 17 15 12 10 20 7 5 14
11: 13 12 1 17
12: 19 17 9 3 8 11 12 6 20
13: 4 20 7 13 19 16 17 10 6 11 8 2 1
14: 3 15 19 5 12 18 20 13 10 11 9
15: 19 14 4 1 3 15 17 2
16: 14 2 15 5 3 18 10 9 7 8 13 4 12 17 19 1 20 16 11
17: 15 6 18 13 1 10 19 4 20 7 14 17 11 5 8 2
18: 7 19
19: 14 4 8 10 18 13 17 16 15 20 9 2
20: 4 14 20 15
1: 5 (11 16 15 13) 17 (7 2)
2: (16 5 2 17) 15 (19 13 10 7) 3 6 9
3: 16 (14 7 12 9) 3 (15 10)
4: (8 9) (17 13 5) (2 6) (7 15 20 19 16 4)
5: (5 8 16 14 10) (3 17) (9 2) 7
6: (17 12) (13 5 10 1) 3
7: (5 13 10 7 18) (17 1 16)
8: (13 3 9) 7 (1 6) (17 12 16 4 10 19 5)
9: 16 (1 19 5 7 14) 2 12
10: (10 17) (5 19 7 16 13 14)
11: (14 12) (16 5 1 4 6 17 13 7) 2
12: (5 16 11) (7 12 9 6 10 14)
13: 4 19 (2 5) (17 11 14 13) (10 16)
14: 17 5 6 (20 2 15) 10 16 (3 19 9)
15: (1 17) (10 15) 5 (19 14 20) (7 16)
16: 13 (19 5) 16 7 4 (9 6)
17: 5 (7 10 17 19 2 15) 13 (12 3 11 16 4 9)
18: (2 16) (3 19 17 9) (14 1) 6
19: 17 14 13 10 3 16 (1 12 15 9 6 4) 18
20: 20 (19 12) 16 (14 17 4 13 10 6 9 1)
