20 20
1: 4 18 3 12 13 7 11 8 16 15 6 17
2: 2 15 10 9 17 12 14 11 1 18 20 19 13 6
3: 16 1 13 9 17 19 18 12 15 14 3 4 5 11 8 2 6 10 20 7
4: 19
5: 8 20 16 2 17 7 3
6: 11 13 16 15 7 18 1 4 19 14
7: 8 12 5 16 15 4 19 1 10 3 7 14 17 13 9 11 20 2 18 6
8: 2 15 17 4 14 16 12 1 3 8 9 19 13 6 18 10 5 20 7 11
9: 11 19 10 17 8 20 12 3 4 16 6 13 2 14 7
10: 6 15 18
11: 9 12 14 4
12: 5 12
13: 18 7 9
14: 13 6 17 20 10 1 3 11 14 18 19 8 9 16 15 5 12
15: 9 15 17 8
16: 4 8 11 13 12 2 3 17 18 19 1 7 6 15 9 20
17: 16 11 15 1 8 19 5 3 10 13 20 6 12 2 4
18: 10 20 18 3 2
19: 10 9 4 17 20 12 16 8 1 7 5 2 6 18 15 13 14 19
20: 5 10 8 20 4 12 18 16 6 9 2 19 13 3 14 1 11
1: (8 6) 17 (2 19 3 20) (16 14 7)
2: 3 (5 19 7 2) 8 (17 20 18 9 16)
3: 16 (8 1 3) 20 (7 9) (14 17) 5 18
4: (3 6 20 8) 9 1 (16 17 19 7 11)
5: (7 3) (20 17 8 14) 19 12
6: 19 (7 3 8) (16 20) (17 1) (9 14) (10 2)
7: (1 5 9 19 13 3 16 7 8) 6
8: 16 (17 20 15 9 19) (3 7 1 14 8) 5
9: 20 (8 16 13) (11 15 14 19) 7 3 2
10: 17 14 18 9 2 (8 19 7) 3 20
11: 17 (16 6) 3 20 (7 9) (8 14 2) 1
12: (19 14 11 1 9 3 16 7 12 2 20 17 8)
13: 2 3 (8 20 6) (16 1) (7 14) 19 (17 9)
14: 2 20 3 (11 7 8 6 14 19) 9
15: (2 10 14 1) 7 (15 6 8 17) 3 19 16
16: (20 6 14) 3 (19 17 7 8 9 1) 5
17: (9 14 15 2) 3 (7 5) 1 (16 19) 8
18: (19 2 6) (1 16) (14 18) (20 13 3) (7 8) 10
19: (6 8) 3 16 20 4 14 (7 9 19 2 17)
20: (3 20) (16 7 14 19 9) 2 (17 8 18 5)
