20 20
1: 14 2 9 10 12 6 11
2: 2 4 19 17 7 16 9 1 11 6 15 12 8
3: 9
4: 13 17 1 8 2 5 19 4 9 18 16 11 7 6 3 12 14 20
5: 8 16 5 17 1 11 6 2 10 15 18
6: 2 13 1 8 12 6 18 4 15 20 11 10 14 5 17 9
7: 13 11 18 19 1 16 17 4 3 10 15 8 12
8: 11 6 12 9 15 10 19 3 1 7 8 14 16 18 17 4 5
9: 18 11 13 5 2 6 3 10 7 1 8 20 19 4 9 17 16 12
10: 4 16 9 13 20 12 10 19 6 5 17 3 18 7 1 11 14
11: 20 7 15 1 17 9 12 13 3 4 8 5 19 10 16 14 18 11
12: 9 8 5 19 2 20 11 6 18 7 10 12 1 3 13 15
13: 19 18 13 14 7 17 5 6 12 1 20 10 16 9 8 11 2 4
14: 8 7 11 17 19 9 5 14
15: 17 11 7 18 4 5 13 1 6 8 14 9 15 20 10 3 16 19
16: 16 20 1 18 19 3
17: 4 14 6 13 9 16 1 11 8 2 5 10 18 19 12 3 20
18: 11 15 12 3 19 5 14 2 13 1 18 9 8 16 10 6
19: 6 15 10 14 2 1 17 5 8 19 12 11 18 9 20 3
20: 20 6 10 3 1 11 15 5 16 17 9 7 19 8 2 13 4 18 12 14
1: (2 9 20) (15 17 10) (4 12 5 18 19) (7 16) 13 (11 8 6)
2: (4 20 1 6 5 12) (18 17) 13 (2 9) 19
3: (9 19 12 4 7) 11 (8 10 15) (18 16 17) 20
4: (7 17) 6 8 10 (4 11 13) (2 15) (20 9)
5: (4 8 19) (9 10 15 14) 11 12 (5 20 17 6) (18 13)
6: (10 9) (20 4 2 8) 18 5 17 1 (15 12 19 13) 6
7: (8 12 15) 11 2 13 (10 9) (4 20) 14
8: (11 15) (2 9 7 20 12 19) (5 8 13 6) 18 (14 17) 4
9: 20 (6 1) 18 15 (14 3 9) 17 (11 12) (13 19) (10 8 4 2)
10: 18 11 (6 7 1) (5 10 9 12 19) 20 15 (17 8 13)
11: (10 17) (19 14 9) 5 18 (1 13 11) 8 12 15 4 (2 6) (20 7)
12: (17 6 20) 10 2 8 (4 18 9 13) (11 1) 19 (7 12)
13: (12 17 4) (10 18) 15 9 (6 20 13 7 11)
14: (17 15 20) 13 (19 4) (14 18 6 1 11) (8 10)
15: 7 19 12 6 (20 15 18 11 2) (8 5)
16: (7 8) (9 10 20) 13 4 15 11 (17 18 2 5 16)
17: (5 19 7 6 11) 15 (13 14 2 4) 8 (10 9) 20
18: (9 13 20 4 15 10) 11 16 (8 19 5) 7 (17 12) (6 18)
19: (13 10 20 16 17) 15 11 (2 9) 19 12 (8 7 4) 18 14
20: (9 20) (19 12 17 15) (13 4) (16 6 10) 11
