20 20
1: 13 1
2: 11 17 14 13 6 10 16 5 3 19 2 12 9
3: 6 5 17 12 11 3 4 9 7 2 8 1 20 18 14
4: 1 18
5: 14 5 8 7 2 15 6 18 4 19 11 9 17 16 13
6: 4 1 6
7: 5 1 13 7 3 11 20 6 4 2 9 18 16 8 17
8: 4 7 13 15 14 17 1 19 9 5 2 16 11 6 10
9: 3 12 8 2 1 6 7 11 13 10 19 17 14 9 4 16 20 18
10: 3 15 7 5 19 16 12 14 10 8 17 13 2 6 20 1 9 4 11 18
11: 6 4 12 16 19 17 8 11 3 20 1 18 2 10 15
12: 16 13 1 6 19 9 5 7 2 20 10 15 14
13: 15 19 14 5 18 10 13 7
14: 20 2 1 5 6 19
15: 12 11 15 17 2
16: 15 5 12 11 7 17 6 8 9 4
17: 17 11 12 1 20 8 2 13 6 18 19 5 10 4 15 9 14 3 16
18: 8 18
19: 16 6 9 11 20 5 1
20: 8 12 5 20 17 10 15 13 19 11 2 14 6 9
1: (9 17 7) (4 8) (12 6) (10 14 3 19) (1 11)
2: (14 17 3 2 7 12 11 20) 9 (15 5) 10 8
3: (10 17) 2 (3 9 7 11)
4: (5 8) (16 3 6 17 11 9) (7 10)
5: 8 (2 12 7) (10 5) 16 (14 13 20 19) (3 17)
6: 8 (6 14 11) 9 10 (17 16) 12 7 (5 19 2 20 3)
7: (8 10 9 3 7) 13 (12 5) 16
8: 5 (17 16) 11 18 (9 10 7) 20 3
9: (5 3) (8 10 16 12 9) 17 (7 19) (20 2)
10: 20 (8 2) 17 (12 9 10) 11 13
11: (7 10 15) (5 19) 20 8 2 17 (9 3) (11 16)
12: (17 9 10 15 3 16 20 2 11)
13: (8 2 17 9 7 20) 13 10 1 5 12
14: (12 3 20 10) 9 (13 8 17) 2 5
15: (15 11 16) 12 (13 10 5) 8 17 20
16: (11 2 7) (10 5) (12 17 8 9 19)
17: (15 5 8) (11 20 16 9 10 2) 17 (7 3)
18: (17 5 11 10 9) 18 13 (7 3) 4
19: (20 13 2 10 8) 12 (17 11 9) 14 5
20: 10 (3 20 17) 11 19 (14 9 12 7)
