20 20
1: 2 16 20 6 19 11 7 14 4 9 10 3 12 5 17 1
2: 13 2 15 4 17 18 12 10 11 9 3 19 7 1 5 20
3: 14 17 7 6 10 3 16 15
4: 9 16 18 6 3 12 2 14 19 17
5: 17 10 3 12 7 13 8 6 15 18 16 5 11 4 19 14 9 2 20
6: 12 9 13 14 16 19 20 7 11 10 2 15 6 4 17 5
7: 2 11 19 9 7 3 6 5 4 18
8: 12 14 11 1 9 13 4 18 7 6 16 2 5 3 19 20 10 8
9: 13 15 20 12 14 18 3
10: 13 7 4 15 12
11: 3 4 9 13 14 15 7 8 6 12 19 18 11 2 17 1 10
12: 14 5 17 2
13: 9 12 14 3 2 13 19
14: 11 19 14 18 10 8
15: 11 18 15 8 7 20 5 14 9 3 17 10 6 13
16: 9
17: 10 15 16 14 2 3 5 13 19 18 12 4 7 17 6 1 11 8 20 9
18: 13 6 20 2 5 17 9 10 19 18 1 15 11 7 3 8 12 16 4
19: 11 12
20: 2 4 14 9 15 6 13 11 12 16 20 1 18 17 5 7 8 3 19
1: 2 (1 8 11) (17 20 18)
2: (2 13) 17 6 (20 5 18 7 11) (8 1 4) 12
3: (8 7 13 15 5 3) 20 11 1 (2 18 9 17 4)
4: (2 11 7) (6 8) 10 (18 20 5 17 1)
5: (5 12) (2 8 1) 20 (17 15) 7 6 18
6: (8 18 7) 3 (17 20) (5 15 6 11 4 1)
7: (2 3 20 1 5 11 18 8 10) (7 6) (17 15)
8: (11 17) 20 (5 14 15 18 8)
9: (4 11 17 18) (7 16 5) (6 15) 8 13 20 1 2
10: 15 6 3 (2 18 5) 8 (17 14 11 1)
11: (15 18 5 20 19) 8 (6 2 14) 1 7 11 17
12: (6 2 10) (8 11 20 5 19 18 9) (13 4 17 1)
13: (15 10 18 9) (11 17 20 8 13) (2 6) 5
14: 11 (9 6 3) (20 5) (12 4 13) 1 14 15 (8 17)
15: 6 20 17 15 (11 10) (2 3 18) 9 5
16: (5 3 6 17) 18 (20 8 4 1)
17: 6 (1 4 20) (18 5 11) (2 17) 12 (3 15)
18: (17 5 11) 7 (2 18 14) (9 15) (20 8 4)
19: (18 20) (7 1 4 17) (13 8 11) (6 14) (5 2)
20: 1 9 15 (6 8) 18 5 20 (17 2)
