20 20
1: 12 20 16 7 11 1 18 13 8 5 3 17 9 2 6 15 19 10
2: 2
3: 8 7 14 2 4 13 16 5 17 3 1 9 19 15 18 6 12
4: 18 19 1 2 6 7 4 9
5: 19 4 8 2 6 12 3 10 5 9 13 15 1 14 20 11
6: 15 10 17 6 19 1 14
7: 19 17 13 7 10 18 2 5 20 11 16 9 12 1 4 3 6 15 8 14
8: 17 16
9: 10 13 7 3
10: 6 19 13 15 10 2 7 20 5 17 9 1 8
11: 18 7 5 6 11 10 19 16 4 17 3 13 12 9
12: 15 6 9 19 8 7 1 2 16 5 17 20 14 13
13: 6
14: 19 9 8 13 4 7 2 6 10 17 1 16 5 14 3 11 20 15 18 12
15: 10 18 5 6 9 8 15 13 16 14 7 17 11 4 19 3 20 12 1 2
16: 9 4 14 18 16 1 12 5
17: 11 7 19 14 20 8 10
18: 4 15 19 7 13 20 17 2 9 3 1 10
19: 8 20 16
20: 17 10 12 14 9 11 15 20 6 3 4 19 16 1 13 5 2 18
1: 7 (1 5) (14 4) (6 16 12 10) 3 (20 18 15)
2: (15 7) (10 18 12 20 14) 4 (1 2) (5 3)
3: 20 9 7 15 5 (14 11 18 1) 3
4: (11 3) (18 7) 5 (14 16 4 20 15)
5: 12 14 (1 7) (15 5) (20 3) 16 (11 10)
6: (13 15 4) 1 (5 10 7) 6 14 (11 3 12 20)
7: (10 4) 12 1 17 (11 15) 3 18 9 (14 7)
8: 12 (19 15 1 10 14 5 17) (3 7)
9: 7 (5 4) (18 3) (16 11) 10 20 1 (14 15) 12
10: (9 17 15) 7 (18 11) 5 14 (10 6 20 1)
11: 15 (1 11) (14 7 5 17 20)
12: (11 20) (15 14) (16 1 3) (5 7)
13: (3 18) (14 1) 10 12 9 (20 15 11) 5 7
14: (15 16) 20 7 14 5 12 (17 3 6)
15: 1 10 (3 18 15) 7 (6 20 12 5 14)
16: (20 14) (19 12) (11 8 1 16 3) (7 15)
17: (18 12 14) (1 10 15 6 3 20 8) (11 7)
18: (14 4 7 11) 1 20 (3 15 16)
19: 11 (5 7 10) (4 20 17 15) (14 3 18 6 12 1)
20: 20 17 12 5 (19 14 7 10 1 18 15)
