20 20
1: 14 18 16 20 8 1 11 6 2 9 13 15 19 5 17 10 12
2: 18 17 6 15 14 2 3 16 7 9 13 10 8 11 12 19 20
3: 19 7 18
4: 9 18 8 15 10 1 20 11 6 2
5: 12 14 3 2 7 9 10 11 18 5 17 6 8 19 4 1 16 15
6: 3 15 8 19 12 17 10 5 20 16 18 11 4 7 6 1 2 13
7: 14 1 17 5 12 19 6 13 11
8: 20 4 14 16 6 10 19 12 3 9 13 7 18
9: 20 11 10 7 19 5
10: 1 17 20 4 6
11: 4 6 19 7 9 18 11 14 20 16 3 12 1 15 10 8 5 2
12: 8 12 9 1 10
13: 4 13
14: 9 8 16 2 4 7 6 3 10 5 1 11 14 17 12 13 18
15: 4 12 20 17 3 6 19 9 10 7 16 2 18 11
16: 3 5 19 17 6 9 20 8 13 1
17: 14 15 12 16 5 6 9 3 8 1 18 11 10 17 19 7 13 4 20 2
18: 9 17 7 3 8 20 10
19: 19 6 11
20: 11 19 10
1: (16 5 6 17) 4 1 (12 7) (10 14) 11
2: 1 (2 5) 15 (17 6 4) (11 14)
3: (11 17 6) (8 14) (18 2 16 15 5)
4: 8 (6 10 13) 5 (11 14) (15 17)
5: (7 5 16 6 14) (9 1) (11 17)
6: (10 11 6 19 4 14 7) 1 (15 5) 2 (16 17) 8
7: (14 11 17 8 2 5 9) 3 (6 18) 15
8: (6 5 11 2 18 16) 14 (1 4) 17 12
9: 1 (17 4) (12 11) (8 15 18) (5 16 14 2)
10: (9 4 5 11 2) (8 15 18) (20 6 17 14 1 12)
11: (9 17 6) (2 20) (11 1) (4 14 5 15 19 7)
12: (12 1 11 7 14 5) 15 (6 2) 17 8
13: (7 2 6 1 17 13 14 8) 16
14: 17 11 (1 8 7 2 14 5)
15: 17 2 (11 5 6 1 4)
16: 11 8 (6 14 2 5) (17 1 15)
17: 1 (5 10) 15 (6 18 7) 14 16 (17 2)
18: 8 (11 4) 2 (14 5) (1 6) (15 3) 17
19: (17 6 16 19) (20 2) (1 11 9 15 5 8 7 3)
20: (8 16 17 11 15) (10 18) 4 (6 2 1) 9
