20 20
1: 20 19 9 16 5 3 14 7 2 11 6 18 1 4 15 17 8 10 12 13
2: 11 8 15 18
3: 1 7 10 19
4: 20 10 19
5: 20 6 13 4 17 2 11 8 3 15 18 5 16 7 19 1
6: 3 4 8 17 11 18 10 19 5 9 2 1 14
7: 5 17
8: 11 19 5 10 6 1 2 17 7 3 13 20
9: 18 6 15 14
10: 9 10 2 8 17 13 11 4 18 6 16 1 3 5 20 15 7 19
11: 17 1 11 2 13
12: 6 14 4 20 9 11 7
13: 14 20 9 13 5 7 18 4
14: 1 17 7 13 20 11 15 19 3 18 6 8 12 2 4 14 10
15: 3 11 4 9 5 10 17 14 20 19 18 8 12 15 16 13 2 1
16: 17 13 2 14 16 3 6 9
17: 20 12 6 13 9 5 16 19 18 7 1
18: 5 14 3 18 1 10 9 4 12 7 11 13 16 20 15 6 2 19
19: 11 3 2 13 9 4 18 5 14 7 19 16 20
20: 20 6 19 5 3
1: (10 6 1 11 17 8 15) (14 3 5) 18
2: (11 10) (5 1 14 16) 8 (19 6) (18 15)
3: 1 (18 6 14 8 5) (19 16 15 10 20)
4: (14 5 6 12 18 10) (15 19) 1 13
5: (1 7) 17 (6 18) (19 13 10 8 20 15) 5
6: 1 9 (5 16 20) (8 17 12) (10 18) 14
7: (19 17 5) 12 1 18 (14 13) 10 (8 3)
8: (10 1 2 15) 5 (6 14)
9: (13 10) (6 15) (17 19 16 1 18) 12
10: 14 8 (10 3) (18 4 15 6 1)
11: 2 (19 11) 6 8 14 10 15 (1 18) (5 12)
12: (18 17 1) (15 14)
13: 1 8 (14 13) (18 17 19) (10 5 11 15 16)
14: (13 18 19) (15 14) 12 6 (9 1 16)
15: 14 (10 2) 9 15 1 18 5
16: (19 16 5 10) 15 18 17 1
17: (8 16 7) 5 (1 6 11) 10 (15 14)
18: 19 (14 13 9 17 2 18) (6 15 5) (1 10)
19: (1 18 19) (20 6 8 3) (10 14) 4 17 5 15
20: 8 18 13 (14 19 20 4 17 12) (10 5 1 15)
