20 20
1: 3 1 2 18 12
2: 7 8 4 20 16 18 10
3: 8 9 4 16 10 15 7 6 19 13 14 20 3 11 5
4: 3 7 11 4 19 6 18 15 13 2 14 16
5: 11 18 19 4 8 16 3 7 9 1 6 10 2
6: 10 15 4 16 3 19 12 8 6 20 13 17 18 5 1
7: 15 8 13 4 10 14 12 2 9 5 3
8: 7 4 15 11 9
9: 4 10 5 15 12 7 8 14 11 6 19 1
10: 12 8 4 5 14 3 17 20 13 10 9 1
11: 13 9 11 15 1 17 4 5 20 18 6
12: 6 17 10 13 16 7 11 9 3 18 19 8 1 12 5 4 20 2 15
13: 14 13 19 11 18 17 1 12
14: 1
15: 14 17 16 20 11 19
16: 16 2 10 11 14 3 12
17: 11 10 16 5
18: 2 8 5 20 9 7 18 10 4 12 16 11 17 13 6 19
19: 16 6 5 10 9 3 2 14 13 12 17
20: 18 17 6 19 2 3 7 11 9 16 1 5 4 20 14
1: (11 20) (5 9 10 13 1 6 14) 12
2: (19 1) (20 12 16 7 5) (18 4)
3: (19 12 5) (20 16) 7 (6 10) 4 (1 3)
4: (4 12 6 5 10 8) 9 (11 2 18) 20 3 7
5: (7 19 10 20 12) (17 9 18) 6 3 11
6: (3 9 12 11 6 4) (19 5 18 20)
7: 12 8 2 20 4 (5 9) (3 18)
8: 2 (12 18 9) 5 10 (6 3) 7
9: 8 12 (10 5 11 3) 19 20 (7 18)
10: 6 12 (2 3 16 9 7) (18 19 5) 17 10
11: 12 (15 5) (3 13 17 16 18 8) (4 20 9) 11
12: (10 19 18 16) 13 1 (6 12 9 7)
13: (10 18 6 13 7) (4 3 19 11) 12
14: (19 9) (4 20) 3 10 (16 7 15 13)
15: 6 8 11 (7 4) (12 9 3)
16: (20 3 15) (18 12) (5 4 16 17 6 2) 19
17: (11 12 10 15 19 13) (6 20 18)
18: 13 5 (2 12 1 11 4) (20 18) 6
19: (20 6 9 18) 15 (4 12 3 5) 13
20: 15 (11 12 2 18 3 6) (10 20)
