90 90
1: 65 14 22 73 74 32 6
2: 36 55 72 63 24 7 64 33 17 49 5 51 28 68 83 48 52 19
3: 77 58 25 6 54 88 24 86 80 38 79 21 48 11
4: 66
5: 56 39 34 73 57 88 48 62 28 21 67 75 81 1 71 19 79 29 51 52 72 16 6 63 78 33 36 35 74 59 14 2 25 90
6: 50 74 79 46 22 59 65 20 38 18 64 36 57 28 41 7 84 48 49 10 67 71 61 72 3 6 53 39 2 16 66 44 11 78 26 86 81 24 37 43 87 45 34 60 8 30 83 27 42 51 85 31 82 9 58 40 47 80 12 89 19 13 4 29 17 68 15 52 32 88 73 69 14 35 25 77 76 70 23 54 5 62 21 56 33 90 63
7: 16 6 9 87 57 69 81 77 42 89 45 20 11 71 40 12 55 60 61 62 90 59 76 67 79 75 29 66 70 22 27 26 2 8 85 28 15 14 78 56 47 30 63 17 23 68 46 48 80 19
8: 11 2 22 5 34 23 75 46 58 71 68 59 29 49 20 52 89 8 56 12 31 40 86 27 3 53 18 19 67 30 45 73 87 15 70 4 72 62 13 90 79 42 51 55 38 50 39 33 80
9: 18 16 28 45 66
10: 68 22 71 39 63 85 83 55 13 82 69 80 31 65 75 43 67 7 51 23 25 46 10 21 3 5 29 4 86 70 66 19 61 49 48 33 8 78 42 73 38 12 53 84 32 6 59 18 9 37 57 14 87 36 76 90 89 20 1 56
11: 77 56 71 85 39 80 29 70 28 60 51 46 63 87 1 2 38 8 27 26 10 82 24 54 79 76 25 21 32 17 12 34 74 48 36 61 78 65 57 83 23 5 20 4 35 88 7 18 84 52 16 13 45 43 6 49 50 73
12: 48 21 42 77 13 43 18 50 47 86 14 3 17 45 16 82 5 53 27 44 39 64 6 2 51 83 63 55 66 84 70 29 22 56
13: 84 78 35 62 42 25 5 90 14 87 58 60 75 76 48 73 61 4 6 56 69 24 13 18 9 83 33 45 66 39 8 40 29 11 64 2 10
14: 89 26 42 2 47 22 80 54 33 50 65 61 39 38 15 31 40 79 20 86 35 60 5 70 74 10 82 17 56 90 73 25 53 16 63 55 6 58 18 51 87 32 88 59 11 29 83 1 44 72
15: 5 4 9 86 39 81 72 58 30 32 90 16 69 6 18 17 13 40 84 71 77 33 26 89 1 67
16: 44 16 76 8 11 18 77 51 43 58 60 83 14 5 15 52 34 27 24 32 59 75 6 62 38 70 56 7 33 81 53 87 35 12 55 74 68 22 54 45 89 69 13 71 88 79 48 80 67 31 28 57 1 41 63 40 49 86 21
17: 69 41 34 72 10 2 67 50 42 54 79 17 4 57 3 75 76 43 21 82
18: 21
19: 51 71 56 81 65 33 8 43 39 22 34 31 83 28 13 21 46 79 6 29 57 35 80 10 53 88 86 12 55 89 25 63 23 37 82 60 45 84 5 42 77 90 70 36 26 32
20: 71 53 56 86 21 41 75 8 45 85 58 30 20 77 27 57 4 16 80 52 33 23 84 10 15 72 42 2 69 6 87 7 60 9 46 70 22 11 61 74 81 34 25 36 55 5 62 79 48 68 47 29 51 32 35 54 66 44 43 67 59 82 78 3 49 40 65
21: 12 41 36 66 77 61 2 4 21 88 81 13 78 68 5 9 38 87 74 17 89 86 45 22 32 43 64 59 6 90 84 27 33 29 11 7 49 42 8 65 83 52 67 57 14 37 24 10 58 15 85 3 56 51 25 20 55 46 73 40 31 60 71 1 63 35 72 19 62 79 26
22: 25 80 83 8 85 2 29 56 49 40 84 16 79 17 61 38 86 1 57 50 74 37 69 81 71 55 3 21 42 67 15
23: 55 66 86 67 19 79 80 62 54 10 15 47 70 1 12 73 64 18 26 14 2 58 59 88 45 6 46 75 77 13 39 40 71 22 24 30 4 8 83 51 78 72 7 53 87 56 23 65 69
24: 33 46 57 17 31 71 48 82 28 79 85 21 44 52 59 84 7 72 70 60 49 35 66 76 87 68 81
25: 87 2 74 86 52 78 45 3 28 30 62 37 42 21 10 61 88 72 59 18 80 73 36 56 48 83 29 44 43 58 53 13 20 50 66 35 19 55 67 84 90 57 1 12 27 49 16 70 5 65 32 51 6 22 7 68 17 8 33 11 4 46 47 9 25 31 38 85 60 81 71 39 79 24 69 63 76 34 64 54 77 15 14 26 89
26: 31 4 48 64 36 65 63 25 60 42 85 56 45 75 79 73 51 32 54 13 33 89 61 82 5 16
27: 62 38 56 87 68 29 8 43 41 2 45 65 52 30 51 32 88 14 28 53 79 57 6 17 31 90 55 11 15 61 81 71 84 80 67 47 16 83 77 37 20 42 46 10 66 25 64
28: 23 46 66 51 26 11 57 36 13 38 87 16 37 41 67 24 75 32 39 4 47 82 28
29: 74 8 57 60 16 3 1 15 89 32 29 72 38 14 43 59 55 13 2 30 50 18 52 37 66 41 64 77 28 26 63 76 84 6 20 31 80 79 49 27 9 70 46 81 47 21 56 88 23 12 82 35 61 33 19 58 11 65 4 69 7 83 10 17 44 78 36 87 90 5 62 24 51 22 45 68 48
30: 41 62 2 4 29 9 84 86 6 52 55 71 77 82 59 19 70 10 23 7 68 17 33 15 38 45 58 90 50 14 49 25 48 65 42 34 78 1 57 31 16 54 87
31: 9 39 81 27 62 67 13 28 6 15 22 16 90 65 36 44 48 37 38 7 76 59 47 30 60 50 77 1 68 83 40 55 88 66 12 70 46 78 10 24 45 79 57 34 4 58 63 18
32: 39 60 50 13 29 81 62 70 51 78 77 37 10 86
33: 67 51 28 3 54 14 79 83 7 5 81 80 37 12 48 49 1 32 18 58 30 55 23 42 9 82 86 40 20
34: 77 20 23 41 26 39 71 33 67 84 38 11 12 70 43 51 21 79 40 48 66 54 74 69 80 1 34 75 83 4 36 86 35 65 6 46 42 59 61 62 90 82 24 85 78 8 28 9 30 17 76 32
35: 20 83 55 6 1 40 12 7 86 64 23 27 32 76 28 38 74 62 41 15 89 33 42 3 70 22 87 49 36 85 13 26 67 56 71 66 63 25 18 77 8 30 44 10 59 48 50 72 54 29 46 60 16 68
36: 75 82 15 2 79 49 85 74 55 27 46 44 66 72 26 14 77 45 54 89 80 67 23 81 17 52 29 37 25 41 84 22 1 86 32 11 20 38 13 31 58 51 35 47 34 24 64 16 73 90 33 36 42 5 78 40 18 4 57 83 6 19 8 48 71 60 61 7
37: 78 3 18 38 22 12 47 64 74 73 72 32 44 75 57 83 52 69 6 79 37 82 59 13 49 33 68 45 71 51 50
38: 10 46
39: 54 28 74 68 76 21 37 13 81 51 8 5 66 70 17 4 73 61 83 32 72 22 36 46 78 90 16 41 12 65 27 56 9 89 19 20 11 75 69 14 33 48 23 53 6 63 62 82 71 85 43 31 60 7 58 1 64 30 45 18 77 44 29 2
40: 50 22 7 71 24 21 1 67 51 30 18 88 14 41 54 47 65 26 64 83 10 70 84 56 39 72 52 34 9 73 74 33 25 31 46 59 75 49 76 43 48 45 55 69 61 77 79 17 11 8 63 6 20 89 12 19 27 38 15 36 28 2 23 86 37 16 29 13 57 3 32 4 78 85 53 42 66 87 82 5 81 68 40
41: 11 60 26 76 47 32 33 4 53 8 39 69 66 83 62 72 48 42 86 20 18 74 64 89 41 35 52 27 75 40 17 3 88 28 79 84 50 2 82 65 38 80 44 1 6 34 43 37 51 29 45 73 36 25 56 77 54 68 14 59 63 57 55 15 67 23 12 5 31 21 24
42: 29 28 22 84 39 69 76 17 12 31 90 55
43: 7 83 67 77 73 44 31 14 3 8 39 5 19 60 25 22 40 12 36 23 32 50 33 35 71 18 13 70 65 43 29 1 28 75 58 17 59 38 51 84 26 72 10 78 87 27 37 57 61 86 76 30 66 4 56 55 64 15 62 11 90 88 68 2 79 49 74 85 54 42 24 47 21
44: 77 78 67 83 14 38 79 80 58 85 19 3 28 1 10 5 87 4 52 45 35 70 81 24 29 82 21 40 74 55
45: 13 53 34 54 32 11 17 29 77 22 23 30 41 14 56 66 60 9 64 27 49 24 72 86 16 71 46 82 61 55 44 25 87 70 3 79 83 2 62 18 80 45 20 39 68 75 33 7 50 6 67 47 63 19 21 51 40 81 74 28
46: 33 37 2 59 17 66 39 68 29 19 63 22 86 41 6 27 52 24 20 54 45 9 74 76 8 32 51 67 5 69 7 44 82 65 36 60 80 30 84 3 4 89 83 23 75 58 79 49 48 72 56
47: 66 62 22 64 32 48 23 28 38 2 81 82 56 17 45 10 89 34 76 11 75 85 90 33 44 18 19 52 88 61 78 84 15 72 43 77 27 51 60 55 70 80 53 35 54 58 4 39 29 50 26
48: 4 22 59 39 26 36 58 16 38 35 55 68 15 84 73 25 41 30 20 9 10 8 5 57 80 29 3 2 12 32 27 70 53 31 13 66 18 75 48 33 83 67 64 17 21 85 56 79 43 71 37 42 54 34 90 62 81 6 87 72 88 63
49: 65 27 14 48 87 63 45 36 24 7 72 21 67 40 17 58 71 38 31 6 35 81 37 11 89 16 22 3 62 10 66 56 53 82 75 28 74 18 83 64 39 33 2 60 9 68 84 47 20 52 34 29 41 23 42 54 88 25 90 79 43 46 86 55 61 4 80 70 15 85 44 13 50 59 5 32 51 77 1 19 76 12 73 26
50: 17 38 34 10 85 41 64 48 52 7 27 86 30 75 33 11 36 90 29 58 9 81 35 67 50 18 65 60 2 43 46 22 39 69 28 71 6 82 42 8 21
51: 51 50 7 59 54 36 35 16 20 32 57 46 65 8 5 80 86 72 62 9 56 13 30 10 60 83 27 90 28 87 39 40 2 66 12 76 55 45 25 53 11 15 24 23 69 52 19
52: 38 11 29 49 7 14 34 57 48 36 71 23 8 83 52 20 76 64 54 1 15 78 85 81 25 79 47 42 72 35 2 24
53: 21 45 35 8 88 71 28 55 7 13 81 57 84 11 73 78 18 46 44 22 70 42 85 27 54 53 58 47 52 83 48 90 38 59 51 43 40 25 26 86 32 68 49 67 69 4 29 10 75 14
54: 4 47 59 7 39 17 63 69 40 88 60 72 33 71 41 35 8 58
55: 36 74 79 63 83 60 18 34 89 38
56: 89 63 75 42 51 47 41 56 3 40 28 45 14 27 86 33 34 29 7 46 17 5 74 90 49 68 53 19 76 39 59 10 18 54 43 55 69 73 20 88 80 6 35 57 50 81 79 2 13 31 4 22 21 52 36 23 9 1 77 44 71 85 37 70 82 67 84 78 72 11 87 32 64 25 30 60 24 65 62
57: 80 12 51 60 63 23 13 50 83 14 90 65 70 39 54 72 66 78 73 74 5 79 18 22 61 28 42 43 1
58: 70 2 90 15 53 58 33 52 35 65 60 8 80 27 14 50 45 44 71 3 21 17 84 85 86 69 10 81 20 13 89 57 7 41 63 78 6 75 32 19 87 76 23 77 9 18 61 48 16 43
59: 33 30 11 81 87 34 20 38 76 69 29 15 79 52 17 10 64 58 88 66 62 85 55 67 57 90 61 71 7 2 21 12 26 84 47 75 56 54 53 60 45 1 3 6 23 43 39 63 14 18 42 37 51 8 19 9 59 68 83 70 74 22 35 24 36 41 16 48 80 28 86 46 78 44 32 50 4 77 49 73 31 82 65 40 5 25
60: 40 56 11 20 32 63 52 75 89 30 15 9 55 69 70 61 6 13 85 87 10 24 28 74 45 18 31 81 4 48 47 21 25 2 86 33 44 5 73 49 16 39 54 35 64 34 60 46 37 68 78 42 7 53 59 66 80 50 8 41 57 22 17 23 65 79 83 58 43 84 76 29 1 51 71 27 3 62 12 77 26 19 88 36 72 82 90 14
61: 18 87 16 67 72 62 83 56 35 40 20 22 70 85 66 73 65 78 55 15 13 68 58 3 50 45 23 46 39 4 86 75 57 79 59 32 51 81 84 43 61 82 27 42 24 5 44 34 53 41 21 47 7 71 54 28 80 9 29 1 48 14 89 30 90 26 63 12 2 31 77 33 8 11 10 49 38 37 6 69 25 52 74 88 64 36 60 19 76 17
62: 86 36 73 77 8 60 74 54 39 1 25 28 88 62 87 59 11 44 80 76 32 81 51 45 90 37 3 12 38 67 56 26 9 69 66 14 64 7 47 52 78 84 72 48 79 58 30 5 43 63 22 82 17 55 41 23 24 85 31 70 75 20 53
63: 16 62 75 14 59 81 23 27 8 7 77 66 35 33 38 87 39 32 70 30 40 61 25 21 69 83 34 84 74 17 44 73 11 80 41 22 78 89 76 48 85 88 67 49 60 1 79 18 37 65 9 51 50 26 24
64: 51 12 42 5 89 67 55 46 84 44 19 36 70 27 64 85 79 72 38 39 90 25 30 78 32 40 48 13 23 1 82 86 17 21 75 14 62 83 74 22 66 34 47 10 20 11 87 65 69 63 37 68
65: 61 10 72 6 86 20 75 69 66 31 74 51 15 8 9 87 7 30 73 37 78 13 27 29 16 89 71 53 4
66: 57 62 58 50 29
67: 10 18 87 55 33 39 45 25 85 68 40 38 90 49 44 43 47 15 3 6 52 30 26 7 50 42 46 24 78 74 22 88 27 17 69 11 67 58 12 48 76 70 65 77 41 80 89 51 19 83 37 28 21 60 1 62
68: 24 45 39 71 1 82 50 43 12 53 21 37 62 90 17 44 80 77 46 68 27 5 18 69 67 26 59 30 15 35 10 81 14 41 88 78 56 64 70 6 13 72 4 40 74 7 73 85 2 76 48 86 36 9 60 47 84 8 54 75 58 49 55 63 52 66 33 3 38 89 19 34 29 25 28 42 87 23 22 51 32 65 61 20
69: 5 81 79 85 57 26 53 76 72 47 7 39 38 58 40 42 27 68 9 34 18 78 22 55 15 11 25 41 89 64 54 70 14 49 90 20 29 56
70: 46 73 29 30 21 77 79 16 42 90 15 69 52 18 61 53 72 43 66 27 70 34 1 12 13 71 58 55 78 81 6 33 28 85 56 44 74
71: 56 85 22 24 54 84 28 4 18 64 8 68 53 34 48 3 42 82 16 83 26 36 47
72: 34 1 49 32 3 73 42 90 55 57 38 7 64 44 70 10 40 21 28 30 19 33 36 14 23 51 2 46 67 60 52 87 89 5 47 16 54 68 39 37 84 61 15 12 62 22 25 29 35 79 9 69 63 56 66 74 53 50 18
73: 6 59 67 27 76 13 17 62 55 45 34 74 89 69 56 2 49 20
74: 22 55 53 30 8 2 63 26 57 80 56 81 84 35 10 9 90 59 29 11 18 44 71 21 68 69 31 25 48 75 32 73 52 58 66 86 3 36 61 82 46 51 38 24 45 74 28 54 12 6 16 88 83 27 47 76 60 19 42 41 49 87 89 67 78 14 15 70 33 5 43 4 7 20 62 23 64 65 77 17 79 34 13 72 1 85 50 39
75: 60 78 82 33 37 48 67 23 19 47 36 22 85 45 17 57 86 11 81 50 29 74 46 80 90 8 24 16 21 31
76: 54 86 59 9 74 68 42 39 89 50 12 5 14 53 81 45 70 8 63 13 32 55 80 3 75 62 21 4 82 43 78 29 6 33 27 79
77: 3 40 77 44 60 32 21 88 86 13 4 65 23 66 19 33 5 37 2 67 12 52 38 43 27 59 75 20 64 10 31 73 9 39 24 82 63 42 53 85 18 62 48 90 11 72 68 71 84 74 89 54 83 25 17 49 87 1 46 78 80
78: 64 20 82 51 2 62 19 85 9 80 31 38 22 83 14 84 77 56 75 47 58 55 52 87 1 59 3 90 66 32 15 36 49 44 53 71 10 28 50 29 78 16 88 5 23 42 48 4 46 67 25 86 34 41 39 27 11 76 73 12 24 8 81 70 72 7 17 40 35 18 61 21 13 68 45 37 33
79: 90 41 18 57 58 22 49 64 45 8 14 59 40 66 63 16 12 19 27 65 51 76 73 39 68 61 24 30 70 52 86 62 9 82 69 88 4 11 37 75 29 1 55 7 78 3 53 23 34 67 48 44 47 2 5 21 77 20 6 10 72 89 35 17 31 79 60 74 71 46 83 38 43 25 84 81 85 15 56 50 42
80: 71 86 62 76 77 42 7 69 11 36 63 43 75 51 19 87 2 30 13 40 64 73 21 59 50 35 53 44 4 47 49 20 8 83 85 74 81 45 65 90 72 80 48 56 5 57 27 18 17 33 16 12 38 68 67 34 15 70 24 3 25 41 54 60 82 39
81: 16 58 32 23 71 28 40 1 4 66 72 11 48 12 56 43 17 70 10 26 49 24 3 25 83 15 59 65 39 86 55 37 73 42 60 64 41 20 75 69 35 67 2 13
82: 71 23 56 85 9 41 65 75 86 48 4 67 66 15 62 32 39 38 31 25 53 87 22
83: 43 32 61 7 33 78 5 59 54 30 49 16 69
84: 85 46 22 45 83 6 43 58 81 25 20 31 77 18 13 4 84 23 41 53
85: 42 83 4 43 51 13 23 49 48 39 9 40 76 41 18 22 21 71 66 89 64 10 46 30 72 25 32 90 77 12 47 26 78 28 60 2 86 15 80 3 14 38 8 57 69 34 54 53 29 88 7 73
86: 13 52 80 54 17 79 35 11 90 31 12 59 20 24 25 62 58 16 84 68 85 38 27 70 86 39 75 77 82 47 3 64 8 45 15 10 1 29 30 42 51 56 71 81 69
87: 85 55 50 59 26 35 44 72 82 65 81 76 67 23 90 10 68 13 78 31 32 2 33 42 28 4
88: 8 60 38 53 76
89: 23 81 62 55 79 48 49 31 85 22 37 67 16 61 30 1 35 70 4 12 41 47 46 83 74 59 84 14 25 73 88 77 26 45 29 21 5 17 78 6 15 43 51 11 50 82 20 7 80 58 71 76 44 18 56 27
90: 35 67 42 54 56 17 7 70 3 44 29 22 30 25 81 50 52 16 90 20 48 72 32 82 2 68 74 21 15 11 14 37 26 83 18 71 5 1 79 27 31 60 36 75 43 12 19 88 65 34 62 76 87 73 46 66 55 51 10 89 85 84 53 23 8 24 77 38 78 63 33 61 64 6 58
1: 56 5 79 (74 21 43) (60 68 23 63 34 15) (10 16 57 49 78 36 64 39) 35 70 (14 22) 44 (40 86 62) (61 72) 77 (33 67 11 89) (52 81) 41 (29 31 90) 59 (30 25)
2: 22 30 56 61 (80 21 13 78) (73 43) (8 39) 46 (11 5) (7 36) (41 58 14) (60 47 48) 59 (6 81 51 87) (77 90 68) 27 (12 25 45) 85 52 23 (17 40 20 50) (79 72 29) 49 74
3: 8 (77 74) (48 85 45 78 29 90 43 59) (81 67) 76 49 72 (37 80) (41 71) (46 44 35) (10 61 68 40) 79 58 (21 25 17 22 6 33) (86 62) (56 12) (20 60)
4: (20 36) (6 78) (77 60 46) (11 13) (84 74) 56 49 (31 21 34 17 79) 89 39 40 (26 53) (54 87) (15 25) 28 61 85 (44 8 65 43) 82 (76 81) (48 10 29) (68 41 23 71 47 59 30 80)
5: (8 19) 46 (16 90 49 15) 48 51 (12 80 21 26) (69 36) (10 20) (43 59) (41 56) (68 14 11 78 83) (25 74 40 76) 13 (29 33 64 6 77) (44 57) (62 2 72 89 60 39 61) 79
6: (5 16 50 21) 6 (10 76 25) (30 46 73 58 7) (41 29 89 84 37 20 11 27 65) (31 1 49 35 70) (56 40 79) (45 15) (68 60 3 39 19 23) (12 14 59 48) 90 (13 34 67 36) (61 74)
7: (56 11 25 90) (16 83) (30 6 52) 24 (33 49 67) (31 20) (23 46 40 45 59 58 80) (54 2) (43 85 50 29 10) 74 35 21 (36 62 68) 78 (72 61) 63 69 (39 60) (79 89) 51 65 53
8: 50 (80 22 6 71 59 78) (13 48 65) (29 7 19 23 61) (86 75) (16 63 20 85 79 11 74 39 54 36 10 88) 60 35 21 25 (51 46 52 43 76 58) (53 34 8) (68 41 27) 90 40 62
9: 13 30 10 (79 48) 15 29 (72 58) (6 65) 85 82 (60 46) (74 62 39) (56 77 7 33) 31 (61 78 21) (63 34 20) 68 40 76 45 (69 25) 51 (50 49 59)
10: (78 51 74) 81 (35 6 25 43) (90 61 68) 79 (10 47) (29 14 11 59 30) 53 32 (17 50 86) 40 (56 67) 58 (64 60) (85 23 20) (65 44) 27 77 49 (21 19 72 13 87) (48 31) 38
11: 90 50 (39 63) (36 20) 61 52 (16 29 53 40) 45 67 (14 7 81) (41 69 27 56 47 78) (49 64) (74 62) (3 79) 13 (25 6 59 75 77 86) 34 (80 43 28 51 8) (21 60) 89
12: 23 40 (31 29) (11 49 43 89) 74 (16 81) 67 (79 72 25 39) (86 68 64 85 80) 59 (48 76) 42 (78 35) (37 90 6 57 8 21 62 61 70) 34 (10 41 33) 60 51 19 (77 7)
13: (85 86 31 53) (57 80 65) (68 87 29 12 81 56 35) 23 (48 28) 13 (61 15) 64 76 (60 36 49 51) (58 25) 70 78 19 77 (39 16) 32 (26 45 74) (8 11 40 37) (10 84 43 21 73 6)
14: 13 45 (63 25) (10 44 85) 27 (16 59 89) 69 (62 52 39) (36 21 60 6 1) (33 72 40 58 41 30 7 76) (90 43) 5 56 (12 78 74) (29 79) (68 57 53) 23 (64 61) 49
15: (8 74) 47 (60 58) 70 6 (31 27 89) 68 86 (48 90) 14 (40 72 16 35 36) (29 30 81 51 67 43) 79 (78 49) (82 25 41) 7 (85 21 52 20 65 23) (61 69 59) 80 22
16: (78 16) (27 61 12 15) (90 86 39 58) 65 (59 81) (22 26) 35 36 14 (51 29) (30 20 79 11 71) (60 70 48 63) (31 9 74) 83 49 (5 45) (75 6 80) (40 72 25) (7 28) 89
17: (24 81) (79 34) (86 30 41 67) (15 48 68) (6 25 73) 21 (56 64 75) 14 11 77 (46 62 2 40 36 50 47 80 39 90 7 12 63) 59 43 74 (45 61 89) 22 58 (49 78 42 54 17 60 29) 27
18: (33 15) 35 (69 43 79) (71 40 57) (12 72 53 39 31) (89 50 56 36) (8 49) (67 60 48 68 47 90) 85 (25 16) (77 58) (80 45 59 61) 55 11 (6 9 70) (84 23) (41 29 63 74 78) (10 14 37 13)
19: (49 8 79 7) (56 44 2) (75 78 6 64) 36 (47 58 60 51) (43 46 10) 30 (21 59) 29 68 (23 90) (39 72) (74 67 80 45) 25 (5 40) 61 77
20: (21 90 6 52) (74 27 84 81 41) 80 (14 59) 69 (56 7 35 25 73 8 46) (48 40) (34 61 49) (86 36 39 45) 11 (58 51 64 77 20 68 29 78 62 65) (89 10) 60 (33 79)
21: (21 20 70 34 74 50 59 16 48) (44 80 5) (68 49 63) (29 22 18) (77 67 11 39 3) (6 75) 53 (64 40) (43 56 19 78) (10 85 45 41) (61 90 25 76 12 60 79 17) (24 58 89) 72
22: (75 19) 36 20 42 (56 1 63) (59 78 89 23) (39 21) (72 16) 43 10 (64 25) (6 29 35 40 46) 12 (49 60 69 71 62) (61 53) 47 (82 90 50 37) 79 (85 8 57) (74 84 68) (14 67) (45 48) (31 7)
23: (45 52) (75 43 72) 56 74 10 (81 20 78) 63 (7 28) (23 19) (36 60 41) 39 (11 85) (35 8) 33 (77 47) (89 29 82 6 34 68 90) 40 58 (79 57) (61 64) 62 87 (49 59 46) 30 (51 84)
24: 41 34 80 (49 56) (51 59) (75 77 74 79 86 29 43 40 78 62 6) (44 16 11 21) 60 36 68 81 (28 67 71 13) 52 (45 46) 61 (2 63 3) 25 (23 90 31)
25: (20 27) (25 14 67) 84 64 (51 5 45 60) 52 13 (90 89 11) 10 (40 49) 61 (80 81 53) (85 86) (69 74 78) 59 56 (36 82 19) 79 (3 41 72) 30 26 (6 35 68) (48 77) (22 62 43) (63 21)
26: (29 63 69 89 68 90 11 41) (40 25 43) (81 48 14) (15 28 6) (85 60) (23 49) (59 47) (53 61 36) 87 67 35 (71 19 21) (34 74 62 7)
27: 90 65 (56 76 21 6 47 51 86 49 46) 8 (69 36) (77 63 64) 7 (61 58) 39 41 (68 60 43 29 79) 31 (16 70 40) 53 (89 78 48) 50 25 (45 12 80 67) 20 (35 74) (11 73)
28: (50 56) (25 57) (2 24 16) 34 (40 71) 5 (62 39 42) (11 68 33 7 19 6 27 9) 59 (61 49 28) (67 44 29) 51 (53 31) 78 (87 45) (85 81 41 47 74) 43 (35 72 70 60)
29: (79 75 52) 60 72 76 (29 41 65 20 10 44 14) (19 49) 12 32 (27 61 53 42 56 86) (74 85) 35 (21 39 36) 43 (40 5 46 7 11 69 59 78 47 50 8 66 48 13 30) (6 89) (25 90) 22 68 (70 45)
30: 86 (35 45) (74 65 62 40) (43 50 56 59) 20 15 (90 51) 67 (8 34 39 83 25) 85 72 64 (70 31 79) 60 (61 89) (68 27) (63 46 6 48) (33 7 80 23) 29
31: (59 77) (16 60) 75 (42 74 39) 24 (29 62 6 41 43) (84 26 30 25) (90 89 19) (14 49 65 8 10) 87 (78 79 27) (56 82 36 21) (48 61) (40 86)
32: (59 63 56 25 28) 76 19 (37 72) (34 90) (51 36) 48 (47 14 49 83 39) 15 (87 26 10 40 60 43 33 41) 11 (16 62 29 81) (1 61 74 27) (78 53 6 20) (45 35) 46 (68 64 58) 21 (85 82) 77
33: (72 30) (90 6) (78 21 63 67 43 70 25) (20 77) 74 (40 13 35 14 49) (16 26 80 83) (50 60) (68 15) (48 19 76 29 75) (37 10) (58 41 61 5) (39 8) (87 24 45) 36 47 (46 56 59 54) 2 34
34: 36 (16 63) (56 79 45 40) 85 71 (8 31 68 60) 55 (70 78) (72 90 30) (19 64 11 25) 50 (20 80) (69 49 47 17 34 6 74) (52 61) 59 (48 73 5) 41
35: (14 49 51) (52 29 47 5 72) (58 87 41) (16 54) (24 13) (11 19 79 36) 48 (44 59) 25 (86 50 20) (81 63) (61 21 68 60) (80 34 78 43) (74 6) (53 89 56 90)
36: (61 71) 75 (64 11 29) 31 (21 34 56) 68 (20 80) 41 55 (26 6 60 90 25 43 49 35) (40 78 59 50 72) 74 2 (28 46 39 10) 5 52 (48 62 36 19 51)
37: 64 (6 68) (33 77 63 48) (19 21 41) (36 25) (79 89 29) (22 56 61 72 39 43 49) 27 59 (75 31) (90 60) (37 32 28 10) 46 40 78 81 65 67 62
38: (44 82) (85 49 79 10 88 29 63 61 67) 62 48 (74 11 72) 86 35 (59 22) (68 77 80) 31 3 (16 37 40) (41 78) (53 30 69) 50 36 (90 27 64) (34 25) (8 6) (52 14 47 55 21) (28 43)
39: 42 (78 8 64 57 11 34 32 15 31 40) (19 14 23 56) (54 51 86 77 25) 43 (61 5 10 28 62 81 80 46 67 82 79 63) (12 85 69 68 48) (59 47) (50 45 72) (13 6 74) (49 76 60 41)
40: (54 68) (72 53 35 16) (6 51 61 13 31) (36 15 41 81 44 85) (20 67 33) 64 22 21 79 (69 56) (7 8 80) 78 (63 23 49 43 77) 34 60 40 (45 59) 14
41: (45 61 63) (39 68 85 60 34) 21 (80 79 6 82) 78 (74 81) 49 (58 46 17 69 89 50) (27 59 30 35 20) 84 (62 40 48 54 67) (41 28 36 56) (16 29)
42: (19 43) 77 (59 72 80 41 40 71 7) 70 (35 12) 10 (86 50 17) 36 74 79 (22 52 6) (14 57) (85 21 61) 25 (30 56 90 64 81) (67 20) (60 13) 76 (26 27 87) 8 (68 69) (49 34) 78 33 (48 53)
43: (16 49 11) 6 34 (40 67 56 84 59) 50 12 68 (90 25 17 29 74 43) (62 41 70 48 60) (80 53 76 47 27 19 39 89 83 61) (79 20 81 85) 57 (10 58 21 77)
44: (36 79 46) 24 25 (47 16 78) (56 90 87 12) (77 41 62) (80 37) (6 60 72) (68 45 58) (53 59 74 14 89) 63 (43 61) (39 35 31) (64 70 49 20) 29 67
45: 86 (30 13) 46 (12 53) 44 (68 37) (49 31 61 16 89 60 84 7 39 41 56 40 67 29) (59 23 78 74 80) 75 (20 47 8) 36 9 58 26 (27 62 11 79) (21 19 51 25 73 45) (6 76)
46: (23 78 70 21 60) 19 (36 56 67) (77 10 50 31 8) (64 24 59) (90 75 45) (29 28) 61 (20 68 51 84 34 49) 35 (25 85) (7 11 74) (72 38) 40 (27 39) (6 89 79 53)
47: (25 62 45 86 75 54 69 29 72 56 41) 71 78 (28 14) (6 23) (89 80 52) (20 64 53 67) (59 49 40) (36 37) 61 68 12 (74 43 85 79 60 31) (7 27)
48: (79 75 52 36) (82 47 81 71) (89 12) (40 24 48 26 10) 2 (49 46 11 34 68 60) (5 90 67) 30 (25 13 39 6 29) (16 62) 61 (74 64 50 58 7) (85 35) (3 78 63 59 53 80 20) (77 31 33) 41
49: 29 72 (11 35 69) 63 21 46 (45 22 43 61) 80 (37 85) 73 2 (30 83 56) (59 81 68 78) (67 79) (6 8 20 40) (52 77 53 36 33 24 74 16 10) 60 (89 25)
50: (51 29 22 49 74 89) (75 79 58 56) (59 66) 76 (32 67 87) (63 57 68 12) (30 61 72 31 37 45) (41 11 90 47 60) (14 80) (78 6 40 35 25) 43 8 (50 17)
51: 8 40 (27 64) (79 34 2) (28 60 47 39 90 29 57 36) 19 (16 51 25 63) 68 80 (26 53) (32 78 5) 62 85 59 20 (6 65 46 67 74 43) 86 (21 12) (11 33 37) (41 10 72 89 14 61 23) (49 56) 45
52: (30 41 5) 27 (72 20 2 56 59 24 68) (86 29) (60 37 58 6) 25 (79 70) 16 (51 67 78) 74 (36 46) (53 44 21) 8 (77 47) (49 61 11 62 90) (50 40) 52
53: 45 (48 8 53 71 80 62 39) 49 (6 56) (16 74 60) (78 61) 70 40 51 (58 68 88) 23 79 12 90 19 (47 41 65 84) (85 76) (82 59 20) (77 14 72 10) (27 69 25)
54: (56 16) 36 (35 40) (45 3 43) 6 41 68 (62 60 74 53) (33 76 61) (48 46 51 34 80) (17 26 71) 25 90 14 (47 69) (77 52 30) 20 57 (23 59 72 39 86 49 11) (83 85)
55: 14 (61 48 87 47) (69 89 12 43 62 19 49) (22 76 78 20 45) (35 27 21) (67 51 10) (30 33 42) 68 70 90 (7 23) 44 16 (72 74 36 60) 31 73 (64 81) (29 56) (41 53) 25 8 2 59 79 40
56: 69 (73 35 41 71 56 74) 22 5 (51 21 19) (14 39 60) (81 78) 46 47 (13 70) 79 (20 49) 11 (16 89 29) 23 (10 80) (25 27 45 90) (26 7 48) (82 86) 8 (72 62 43) 40 (61 6 68 12) 59
57: (30 17) (52 61) (56 28) (40 25 20 66 58 80 85) 7 24 11 (69 21) 31 (51 59 37) (19 79) 74 (36 75 53 48) 10 5 29 27 (22 41) (43 6 16) 72 60
58: (68 8 46 47 74 78 60) 6 70 (33 86) 53 (61 30 79 13) (48 62 89) 81 20 (90 36) (31 50) (59 3) 39 (67 21 69) (43 49 16 44) 84 (58 14 25 66) 54 29 (15 23)
59: (40 63) 34 62 (7 30 37 76 61) (48 16 60) (20 73 87 14 83) (54 74 21) 25 (24 41) 53 (86 8 5 23 77 78 31) 6 (81 29 46) (10 56 51) 59 (79 89 80 68 43 35 49)
60: (67 85 62 35 25) (24 88 75) 45 (81 46 14 79 43 36) 11 (59 31 61) (49 63) (29 7) (72 60 19) 57 54 20 (74 6 16) 68 (32 80) 26 (39 55 56) (13 41) 51 (90 21 47 58 50 77)
61: 68 (45 26 27 22 25 36 47) 13 29 (39 78 49 34 83 6 90 21) 74 43 (58 59) (79 65) 70 10 (40 14 72) (89 57 7) (63 60 11) (20 61)
62: 35 79 (80 74 51) (59 32) 60 (29 48 5 77 61 16 41 86) 21 89 (66 6) 13 73 64 (8 62 20 56) (45 31) 78 63 (39 7) (27 23 68 25) 76 (30 82 49) 90 43 (47 34 72) 67
63: (25 64) (59 19) 16 (68 40 56) 60 55 (6 29 7 79 2 80 72) 12 (10 46) (62 77) 58 (31 49) 57 (74 5) (14 61 54 41 35 11) 90 (21 45 26 39 48) 76
64: (69 59 86) (49 36) (35 43) (41 60 81) (26 40 23 27) 71 (52 74 21 37 78) (62 79 61 85 2 39 77 56) 80 (64 72 6 12 47 45) (29 48 90 50) (68 13) 25
65: 20 64 (68 14 41 6) (51 50 60) 56 59 (90 11 23 26 79 77 80 27 25 67 1) 43 30 40 63 49 (61 74 58 34 29 82 57 19 39) 21 87 31 46 (81 10)
66: 39 24 21 (45 6 40) (57 59) (46 63) (64 10) 78 (47 20) (28 77 48) (43 12) 27 41 (13 68 31 90) 61 29 (49 7) (4 60 51) 79 85 (81 36) (70 72) 82 (74 9 62) (23 65 35 34) 25
67: (21 20) (6 22) 73 8 72 (31 82 50 68 79) (35 17 46) (74 48) (27 64 49) 61 (77 36 44 33) 80 (75 67) 23 41 (53 45 78) (7 63 87) (89 34 16) 5 (40 56 28 62) (15 90 81) 43 59 (25 10)
68: (35 39 27 8) 87 76 25 (60 45 68 29 49) 90 67 46 (86 71 21 40 72 61 77 20 31 2 16 30 80 48 6) (37 41) (7 59 79 10 78 43) 69 (53 74) 24 64 56
69: 64 70 79 (25 29 63) 23 80 86 (16 34 40) (54 41 51 13) (58 59 39) (42 73) (46 20 17) 68 85 (22 7) (6 53 15) (65 61) 74 72 (67 37 60 81 50) 83 (10 56 62)
70: 67 (6 48) (60 31 61) (68 30) (10 62 23) (43 76 89 80 25 47) 79 (34 70 8 59 49) (24 35) (19 56 44) 32 78 (86 14 45 57 64) (11 63) (53 74) (29 72) 39 (12 40 20) (81 58 90) 69 (16 7)
71: 45 59 89 (39 85) (48 80) 56 (7 53) (37 49) (35 50) 81 (70 30) 15 (61 90 19 27 8 10 79 82 58 25 23 36 5 16) (11 60) (74 24 20 77) (68 34 43) 52 (21 78 22 65 40 6 86 54)
72: (80 8 2 52) 29 61 37 (56 6) 45 23 (20 77 40 47 15 36) 79 (60 54 78 85 69) (17 46) (39 65) (51 64) (49 90) (5 43) (41 70 21 48 62 35) (24 87 81 14 74) 25 (57 68)
73: (13 62 6) (74 70 23 80 57 78 77 81 72) (79 21) (8 39 43) 48 (65 1) (14 36 11 25) 90 (68 63) (26 41 37) (5 53) (89 59 10) (61 49 56) 40 60 85
74: 44 72 (6 90 49) (57 59) 34 43 (1 64 29 37) 16 (80 63 36) (14 67 70 61 45) 40 (77 22) (25 5 46) (60 79 89) 21 68 74 75 65 73 (76 35 56) (41 62 11 39 55) 20
75: 48 50 60 (53 78 63 62) (26 90) 28 (86 23) 40 5 (68 74) 81 (82 76 43 59) (61 65) 39 (17 58 36) 46 (80 47 10 49) 16 (7 8 37 20) 79 (34 56 64 41 45 77) 13
76: 16 (79 11 52 42) 68 88 87 69 (6 85 31 78) (63 49 10 7 80) (59 62 25 47 46) 56 (13 89 24 35 61) (29 74 34 43 40 73 60 90) (39 67 51 58 17) 41
77: 12 (34 74) 62 44 19 (16 70 32 63 79 36 45 25) 85 (11 20 47) 31 (41 77) (80 56) (35 58 40 30) (59 21 6 90 39 68) (7 27 61 78) (23 67 49 43) 86 84 (60 3) (29 89 15)
78: (31 13) (39 89) 74 (63 7) 90 (36 68 30 43 10 60) 29 (64 79 58) 77 (34 11 56 59) 53 61 (67 25) (78 40 62 75 37 57 21) (83 23 32 87) (85 52 20) (6 5) 65 (44 69 76 47) 70
79: 44 70 (33 62 7) (60 40) 46 (49 5) (8 25) 21 23 56 (45 27 20 90 16) (86 6 34 79 52 72) 64 (63 69) 36 (29 89 14) (76 43 61) 3 57 11 (22 31 55) 74 (24 17 41 59 37 48 19 26)
80: (77 89) 22 47 58 63 (46 25) (29 49) 41 6 86 (61 67 23 48) 14 (10 7) (80 20 75 60 16 33 36 45 44 68) 27 (51 78) (3 62 8 11) (85 74) 57 56 (59 76 19 34)
81: (62 90 53 15 29 78 69) 49 (56 20 21) (87 19) 63 74 (48 80 52) (36 76 59 89 24) (70 33) (31 44) (45 6 61 7 25) 60 75 84 (50 79 16 40) 47 (58 22 32 5 39 27) (86 68)
82: 45 37 (87 50 34 28 41 20 10 33 11 46) 76 14 (86 90) 24 6 60 (61 75 44) 12 47 29 (40 68 71 62 17 89 49) (39 59) (30 78) (77 79 74 64 56 36) 80 (26 19)
83: (21 59) (10 55 40 37) 81 44 (23 6) 14 (49 74) (13 34) 39 (78 16) 64 (80 33 41) (53 46) (31 67 61) 57 (27 63) (77 71) 85 (35 51 11 90 45) 79 89 (48 25) 12 (29 19) 2 36 (60 43 84) (52 22)
84: (60 49 43) 68 (53 13) (36 27 74 79 72) (89 86 59) (47 29 62 71) (78 61) 25 (63 10 22 48 40) (42 11 24) 30 (15 90) (19 34 12 64 20 84 56 6 21) 41 (46 58) 77
85: (63 26) 6 77 44 69 (74 61) (71 90 43) (87 75 47 7) 35 (40 56) (48 89 22) 21 (36 60 80 20 25 82) (68 24) (70 53) (67 10) (78 49 86 79 11) 39 58 (59 52 34 50 84 64 62)
86: (6 34) 50 (75 14) (33 8) (60 80 19) (12 30) 41 (23 76) (20 43 62 40 21) (46 81 15 53) (51 68 35 64) (22 32 36 79 65) 61 (45 74 59) (25 58) 77 86 10 56 3 82 (85 78 16) 49
87: (68 82) 30 51 (10 28 7 90) (24 25 64 78 48) 60 44 72 65 (40 27 80 62) (23 8 16 59) 43 (13 74) (67 20 29 58 11 63 6 49 77 61) (56 45) 21 14 35
88: (40 59 60) (43 90) (48 78) (63 3 74 47 29) (31 19 67) (77 62 68 14 41 16 85) 25 27 11 5 (49 54 53) 56 (89 23 79 21 6) 61
89: 19 (6 46) 67 39 (56 69 16) (10 40) 85 49 55 72 79 26 (41 58 35) (61 73 74 65) 77 (15 68 36) 47 (76 25 60) 63 (7 14 29) (21 64) 8 90
90: 60 (25 58 39 47 70 62 13 10 61 67 49 42 19) 15 57 48 (78 7) (85 86 69 77) (34 31 64 74 51) 27 56 (75 68 87) (43 79 14 6 5) 72 36 (59 29) (50 80 21 8 90 53) 30
