90 90
1: 89 8 38 88 37 32 22 20 85 71 81 25 7 9 36 4 1 84 42 52 41 24 28 63 27 29 21 5 76 44 73 30 54 18 47 64 65 58 61 15 60 62 13 23 10 26 45 19 66 87 83 90 51 43 86 55 50 82 11 56 16 31 14 59 33 67 35 53 12 78 69 74 6 2 49 72 3 68 75 48 40 77
2: 42 87 79 44 61 15 40 1 78 23 25 70 30 59 26 39 52 63 37 69 47 4 7 62 35 14 57 33 51 34 74 46 20 75 64
3: 37 12 79 84 36 18 87 90 66 88 77 69 89 11 32 24 28 64 67 30 39 7 58 19 5 33 56 54 73 74 57 16 6 15 48 17 21 63 81 26 59 35
4: 88 10 21 18 84
5: 54 11 21 63 90 36 61 56 31 69 13 44 24 20 85 8 35 87 39 68 45 53 51 81 10 74 23 9 33 55 4 32 77 6 89 12 49 19 64 59 16 82 25 88 41 60 86 80 26 38 27 57 42 72 65 48 22 73 7 67 5 17 14
6: 73 11 7 85 9 58 21 66 56 54 42 51 72 22 81 47 17 31 82 68 32 80 64 77 79 83 40 15 16 34 12 59 88 3 53 14 87 33 10 45 8 86 44 63 52 36 69 35 62 76 27 19 1 30 13 65 75 84 25 26 46 20
7: 9 80 58 23 19 88 65 5 37 16 74 81 64 29 76 41 87 18 38 24 22 61 69 66 90 13 46 75 52 84 54 6 59 42 68 79 34 63 57 72 60 31 43 39
8: 81 69 67 31 80 15 90 33 50 34 19 84 83 75 45 17 12 25 78 13 73 23 52 56 62 70 87 53 7 9 59 20 60 44 85 18 14 38 43 88 42 58 63 79 55 22 66 49 61 48 10 36 8 2 5 30 39 35 29 47 76 71 16 82 41 3 32 51 27 6 57 11 89
9: 6 3 70 30 25 53 4 67 50 24 75 48 36 87 62 21 79 38 18 27 13 31 82 73 54 15 44 57 10 39 85 80 12 84 45 8 23 9 7 66 43 14 47 61 76 88 81 56 90 41 77 29 78 33 68 72 5 37 46 16 58 52 55 59 71 11 28 51 17 34 49 35 22 63 20 69 64 74 32 86 83
10: 83 38 9 47 10 20 61 43 28 60 79 33 29 7 11 48 45 68 36 40 26 32 27 46 12 88 74 15 44 90 41 13 84 52 73 35 67 87 1 24 22 8 75 17 37 69 63 3 18 4 65 62 23 21 25 66 5 80 58 77 85
11: 7 53 5 40 57 54 25 29 87 13 34 82 3 1 52 45 76 6 14 84 64 47 18 4 43 9 88 21 69 72 12 37 78 65 66 55 62 17 22 27 89 8 86 67 15 77 70 71 38 73 81 35 61 41 60 79 58 24 10 30 23 56 68 28 50 80 75 20 85 83 51 39 74 46 90 2 36 26 16 63 44 42 48 11 33 49 19 32 59
12: 44 42 10 76 59 23 58 72 33 40 30 71 7 9 1 85 89 77 22 20 68 32 4 70 83 81 43 54 64 28 69 86 87 62 55 45 34 88 46 56 47
13: 3 30 57 79 75 28 89 56 88 40 27 38 32 67 2 11 83 77 42 10 81 65 78 17 35 48 14 74 33 68 5 25 85 8 34 69 24 23 20 4 26 37 70 22 7 13 49 45 44 6 80 84 71 21 9 82 43 90 50 61
14: 24 60 55 51 85 83 35 17 77 15 11 21 68 81 38 53 5 67 57 80 73 46 75 37 79 33 10 62 84 44 90 48 20 13 34 89 86 39 54 71 22 47 40 58 59 14 36 70 61 45 25 87 9 29 28 74 1 3 66 69 32 31 72 30 43 64 42 19 50 41 16 18 88 52 7 26 78 82 76 2 8 56 12 63 27
15: 71 26 80 29 46 15 72 27 58 81 63 18
16: 33 65 27 55 83 26 64 17 16 75 32 1 22 76 28 5 38 4 82 74 24 78 25 87 20 59 49 61 13 29 47 9 15 36 86 71 19 43 2 73 68 67 12 44 63 88 66 48 46 34 69 89 45 85 58 42 10 51 56 31
17: 36 76 30 52 81 38 61 84 40 51 16 34 6 56 65 28 80 79 42 39 21 70 71 53 45 73 5 31 17 50 43 67 9 72 35 18 22 3 10 88 2 69 74 57 20 44 33 25 60 24 58 78 55 27 54 48 4 41 7 12 32 49 23 68 64 47 66 37 83 14 62 15 29 11 90 86 26 82 13 1 46 63 59 8 77 75
18: 45 37 26 34 20 60 80
19: 68 41 58 30 77 42 29 40 37 76 86 80 56 39 49 53 46 75 44 23 31 69 38 33 88 45 6 54 48 12 35 9 61 81 51 2 26 21 4 34 78 19 22 84
20: 4 67 43 56 12 65 2 89 40 88 28 34 15 76 63 18 9 68 78 58 10
21: 13 5 85 89 66 2 62 58 51 88 37 35 14 69 75 86 78 54 49 77 65 74 31 3 32 71 90 67 84 11 82 59 30 87 12 1 64 29 46 81 9 48 55 45 10 80 68 17 83 52 7 44 27 4 38 41 20 23 22 16 36
22: 57 19 52 63 48 60 61 20 80 78 51 73 40 12 14 22 35 70 77 42 8 50
23: 53 8 87 26 48 18 47 60 51 43 6 61 15 86 4 90 78 83 76 89
24: 28 22 54 83 2 75 60 70 40 61 51 71 26 27 21 55 19 34 45 1 85 14 43 68 17 13 77 49 10 81 58 57 78 12 65 52 4 5 59 64 8 7 38 24 84 23 36 74 48 31 33 30 80 62 76 3 73 89 53
25: 85 67 21 5 88 51 25 31 37 60 77 55 15 47 41 33 17 71 87 23 84 82 44 57 34 46 65 63 73 42 35 69 48
26: 2 7 83 69 27 31 34 59 61 79 6 66 28 29 40 25 60 63 15 55 56 51 33 82 74 54 39 68 5 18 20 86 80 36 89 76 14 44 88 42 1 22 37 75 78 49 4 67 30 65 77 84 62 45 70 53 8 90 35 64 48 12 23 41 13 26 10 52 17 3
27: 33 76 20 66 24 45 17 79 14 47 75 1 74 56 65 6 4 30 62 7 34 67 31 68 37 16 36 86 28 84 43 70 27 51
28: 24 80 84 10 52 66 49 32 70 65 87 35 34 51 89 14 64 19 13 57 45 29 38 8 31 54 86 12 15 9 11 61 58 26 2 43 5 1 71 4 27 47 72 73 22 36 90 7 67 16 6 56 42 3 37 50 59 18 81 20 17 62 28 60 79 33 21 76 63 78 30 85 77 44 23 39 41 40 83 88 25 75
29: 60 35 22 61 24 88 3 2 23 15 54 37 84 43 38 11 48 47 51 21 71 13 16 40 82 78 68 83 19 56 36 85 64 77 20 89 90 42 58 12 73 87 67 10 41 28 50 8 72 70 46 49 18 53 66 25 31 26 5 39
30: 80 48 34 88 57 47 16 3 15 2 67 54 44 63 59 5 13 14 26 12 17 6 64 25 22 45 9 27 31 78 81 38 84 36 86 83
31: 25 8 87 89 61 32 43 42 34 85 49 55 3 31 63 10 68 16 75 17 53 81 4 30 48 59 77 5 35 21 57 20 18 54 71 79 41 82 7 44 76 14 9 58 65 60 47 39 1 23 46 70 62 24 33 28 88 29 52 38 12 80 40
32: 89 45 9 5 53 1 37 90 28 82 47 49 36 68 26 34 2 12 30 85 46 24 70 73 20 71 87 3 38 6 16 43 44 15 29 80 62 19 50 84 78 39 69 64 60 32 83 7 21 31 41 65 86 17 76 8 27 79 67 61 14 56 81 22 58 88 66 52 63 40 59 4 75 54 11 13 48 35
33: 45 48 60 2 55 40 3 52 63 88 74 81 76 39 71 38 24 25 41 1 65 66 8 50 29 83 86 49 42 14 53 16 47 78 23 44 79 26 68 9 57 90 43 62 72 21 11 4 33 19 73 56 64 70 15 54 22 32 28 30 67 27 10 7 89 5
34: 24 62 17 53 16 73 45 11 5 68 88 26 64 48 14 66 56 40 12 72 4 58 3 13 47 82 84 6 60 81 9 51 1 79 78 54 63 20 86 52 80 10 32 38 75 21 15 8 69 77 50 67 57 44
35: 73 6 46 76 61 26 21 60 33 85 13 56 10 1 27 22 81 52 53 35 63 66 18 11
36: 12 87
37: 9 70 55 61 54 8 3 26 23 43 15 30 34 78 50 38 73 46 86 81 39 59 29 25 32 56 44 76 27 89 52 82 7 53 10 57 33 75 66 22 18
38: 65 4 29 73 33 31 46 6 57 81 8 21 28 42 19 36 11 84 66 56 40 72 67 78 27 69 54 38 12 37 7 68 26 47 90 35 80 82 23 64 61 75 62 49 86 30 51 16 5 13 17 83 15 74 32 3 50 60 52 39 20 53 76 34 63 9 85 77 88 10 79 43 70 24 14 48 45 87 22 59 55 71 2 1
39: 54
40: 52 67 15 16 32 12 6 90 48 57 89 3 47 64 24 22 49 87 84 8 11 40 61 66 75 33 62 82 29 21 81 63 79 72 30 68 38 13 59 85 17 86 83 5 31
41: 7 27 8 30 64 60 40 89 48 20 69 32 73 6 4 28 49 70 35 52 38 26 86 85 42 10 23 44 82 54 47 13 45 78 36 68 18 25 75 21 1 29 79 41 90 9 72 80 58 15 16 53 39 22 65 77 37 2 24 50 83 76 17 12 62 63 84 57 71 34 3 14 59 81 31 74 43 33 88 51 11 46 56 55 87 66
42: 59 49 75 90 56 78 67 11 54 85 63 41 83 81 72 66 61 52 89 16 25 20 86 65 87 68 55 8 70 35 74 71 51 2 50 3 22 39 9 44 82 18 33 17 13 29 4 32 28 40 12 48 79 77 6 43 1 64 10 30 45 60 47 19 80 42 37
43: 56 28 29 14 68 82 48 62 41 20 12 85 51 40 19 55 65 69 16 18 49
44: 12 13 26 78 20 32 54 67 30 45 87 6 8 25 89 50 4 11 85 28 38 52 7 23 44 55 22 82 80 2 72 84 71 77 42 14 70 3 88 86 43 16 75 64 18 34 58 59 9 17 57 41 68 31 81
45: 56 39 87 4 80 68 3 62 71 29 51 82 13 16 31 41 89 9 44 83 50 90 35 2 88 30 69 53 64 1 73 6 26 7 49 15 22 46 58 76 18 48 37 10 78 33 75 67 57 17 36 14 24 60 47 55 45 8 86 11 65 43 27 12 63 28 23 77 66 59 74 79 70 25 20 38 52 84 21 61 32 81 40 72 42 34 5
46: 61 69 67 31 8 76 27 16 45 56 21 32 17 53 5 40 36 41 51 68 29 12 35 4 46 3 23 42 7 73 59 63 9 28 79 10 2 90 80 81 11 77 64 82 13 20 22 86 14 75 15 50 84 30 55 70 34 38
47: 17 11 26 78 72 12 80 38 2 77 86 33 88 4 44 46 34 65 14 76 10 13 81 28 22 85 69 52 29
48: 32 89 63 30 74 45 55 11 61 90 9 52 53 65 21 81 49 68 59 78 50 83 46 7 69 82 76 28 12 4 5 72 38 31 34 58 86 15 35 26 66 84 41 43 60 20 47 33 25 16 36 64 13 79 51 70
49: 66 48 1 13 27 31 10 71 9 77 84 2 70 81 43 8 15 29 44 63 75 79 54 83 74 32 51 11 88 26 21 5 62 55 53 37 69 17 65 39 85 33 80 58 60 64 20 90 41 3 76 34 4 25 86 12 18 6 50 30 23 72
50: 18 25 60 37 32 80 85 54 28 40 84 23 65 52 88 90 27 70 78 11 81 89 69 63 41 55 29 19 59 35 38 73 33 45 26 1 75 82 9 20 74 44 79 72 2 12 7 86 30 68 13 56 57 66 43 48 5 3 22 61 21
51: 90 44 34 75 74 30 47 66 28 27 69 5 2 53
52: 51 42 32 47 1 43 24 70 54 52 67 29 71 16 65 81 77 64 88 25 27 89 53 62 10 75 11 3 68 90 15 83 40 31 45 86 37 23 39 36 21 59 18 82 5 49 87 13 80 4 66 22 85 74 17 34 57 48 28 76 84 33 72 14 61 12 9 7 60 41 26 19 63 73
53: 41 82 4 61 70 32 53 39 50 65 57 47 34 87 76 48 74 21 43 77 89 54 59 52 2 44 63
54: 70 19 78 11 1 75 77 61 64 46 87 69 20 8 13 16 6 34 50 42 83 30 5
55: 19 60 83 6 28 37 23 88 7 32 38 72 70 51 10 87 30 44 48 31 42 21 1 65 86 25 57 34 78 77 49 26 73 27 17 4 53 5 67 20 41 79
56: 48 39 55 62 86 85 47 82 16 87 18 23 20 6 69 4 50 27 59 5 32 72 1 24 66 64 28 77 9 14 78 10 13 12 21 90 30 26 52 45 67 53 38 8 89 29 73 71 75 37 83 7 41 61 31 68
57: 12 84 34 88 54 64 80 40 44 17 76 32 70 75 43 26 73 59 63 89 7 69 1 60 6 51 14 4 23 50 48 53 36 24 20 21 86 65 22 30 57 81 16 28 82 71 39 46 90 55 52 31 72 35 3 74 10 18 61 37 62 15 68 47 38 2 27 9 19 66 33 77 5
58: 46 16 23 89 60 75 76 25 4 37 18 84
59: 33 17 25 90 52 75 3 61 8 15 35 78 48 86 79 70 42 59 22 30 54 65 14
60: 53 44 25 41 65 54 77 42 36
61: 88 90 52 56 16 70 53 2 66 72 40 55 29 80 23 11 45 69 87 62 43 44 24 33 26 50 27 6 4 86 63 1 36 30 17 65 34 20 22 41 71 67 14 82 47 73 54 81 31 12 76 10
62: 84 17 47 73 63 13 65 52 42 68 54 29 56 34 51 7 83 43 38 18 46 45 82 33
63: 81 50 64 70 47 54 82 72 49 88 22 24 37 83 30 59 23 5 29 2 34 35 25 19 10 90 74 42 76 58 73 43 89 62 4 9 57 3 67 14 84 48 68 80
64: 11 45 2
65: 73 61 63 20 54 47 90 57 65 56 4 38 41 17 78 9 69 74 16 88 24 52
66: 86 43 55 64 46 73 42 72 88 29 23 60 24 20 34 76 37 11 5 28 68 38 57 8 58 52 89 87 85 9 14 2 69 79 50 3 19 40 30 54 78 71 22 27 32 39 6 47 63 7 82 12 10 45 13 51 25 77 80 62 21 49 18
67: 28 86 37 45 34 10 1 29 22 7 5 31 64 67 49 53 3 82 12 70 89 65 87 14 39 43 78 8 55 58 56 13 40 62 72 6 69 20 66 44 90 51 35 79 18 24 71 50 81 17 2 26 60 21 23 73 59 80 47 77 63 42 54 41 85 52 68 48 27 25 74 46 38 4 75 16 57 61 84
68: 59 54 4 28 63 8 18 29 2 33 30 72 86 19 32 41 85 37 27 89 66 61 22 74 38 69 71 82 1 68 43 75 24 10
69: 70 68 42 3 52 60 49 30 84 46 57 87 58 44 86 14 34 53 48 19 26 62 83 38 39 89 59 67 21 66 69 22 11 8 23 4 24 55 28
70: 83 71 69 23 46 56 21 42 7 39 2 10 3 25 20 35 85 4 9 29 34 59 57 49 14 1 41 40 13 88 6 62
71: 29 68 81 75 27 62 39 90 33 16 89 80 37 41 24 60 52 32 21 43 20 61 70 19 48 8 15 67 2 85 11 13 87 31 5 55 83 4 38 28 42 14 63 40 1 57 72 51 35 23 26 12 69 22 34 58 46 10 9 25 45 73 53 78 44 88 50 64 7 65 77 6 76 56 54 66 84 86 49 3 82 74
72: 73 77 79 85 86 19 28 40 82 9 81 6 23 65 51 34 29 37 22 35 44 5 64
73: 48 72 90 2 67 7 56 76 88 16 20 62 31 44 9 52 37 47 3 84 29 79 82 14 33 70 21 28 35 55 23 54 12 57 61 41 86 53 68 4 39 81 58 13 24 38 65 40 45 43 18 83 59 11 25 51 87 36 34 26 73 8 50 89 60 10 46 6 19 49 75 15 5 69 30 80 85 27
74: 79 86 63 7 5 59 72 39 8 83 12 50 43 51 13 81 17 73 28 53 57 29 35 34 47 22 45 87 82 15 26 16 62 74 66 88 55 10 68 48 58 38 20 49 41 71 30 67 3 23 40 70 33 4 37 56 31 27 36 85 84 80 54 52 75 11 18 64 46 69 25 1 32
75: 3 80 7 87 61 66 32 53 29 5 18 14 81 34 27 69 40 89 17 72 23 25 60 75 84 28 2 88 73 67 62 57 43 70 42 63 11 54 51 74 58 31 21 39 41 71 35 36 78 37 4 59 6 79 38 77 49 64 82 65 90 46 45 55 85 68 83 50
76: 45 3 27 19 29 23 63
77: 74 13 75 65 68 40 24 1 53 76 21 89 64 7 32 26 36 56 73 8 41 38 16 54 62 48 52 49 51 46 42 23 34 79 22 15 29 37 72 2 86
78: 32 65 70 34 85 48 26 18 84 77 23 57 35 69 20 14 7 88
79: 28 83 19 81 47 42 22 1 56 59 58 67 17 76 20 31 89 10 85 7 36 60 12 86 72
80: 59 85 55 42 84 67 26 13 11 70 77 48 33 14 31 69 39 81 58 38 71 79 60 23 54 17 53 89 68 49
81: 76 72 55 21 37 33 66 69 34 25 46 63 1 73 29 8 52 71 15 53 70 19 57 67 77 3 17 43 9 45 62 59 30 80 44 79 49 65 11 89 42 12 74 7 84 20 23 81 50 27 88 41 28 47 24 90 64 87 54 16 61 18 13 26 60 31 82 5 32 56 22 78 36 68 51 48 83 75
82: 66 43 3 9 87
83: 55 85 12 3 63 21 75 20
84: 81 54 39 75 44 53 27 70 9 40 67 29 20 61 16 79 49 86 13 73 43 72 71 56 84 90 80 85 55 15 30 4 62 51 89 18 8 33 66 42 64 37 59 63 41 83 10 34 65 35 52 17 50 5 45 87 68 48 3 69 11 47 31 2 25 24 78
85: 86 87 30 76 34 16 41 43 55 82 89 2 71 46 35 25 22 27 47 10 36 19 56 48 20 18 62 85 24 8 66 17 77 65 54 21 61 70 90 4 88 37 79 6 14 84 60 50 63 72 80 1 5 15 13 11 39 38 3 67 57 28
86: 34 90 82 38 24 85 47 64 27 49
87: 47 46 33 36 31 25 24 18 80 32 63 6 78 37 57 70 83 69 86 65 82 12 26 2 1 75 73 20 89 44 22 48 51 68 19 74 9 77 21 11 71 39 5 76 30 66 3 43 14 17
88: 53 1 69 18 39 72 32 9 10 35 84 85 68 66 50 42 23 81 74 45 30 59 60 86 24 71 54 83 38 2 14 8 4 37 25 17 48 64 47 22 16 34 6 31 79
89: 11 84 69 48 65 80 41 90 7 85 26 55 57 17 82 19 87 31 77 15 88 2 1 63 35 16 50 66 53 5 29 13 9 25 40 38 27 70 32 62 30 6 45 36 83 23 61 3 67 74 42 4 60 20 58 24 89 18 54 14 43 37 75 34 76 33 71 64
90: 54 14 87 39 90 28 5 37 29 67 89 85 18 75 19 79 26 32 21 27 72 65 73 78 16 44 62 48 38 30 76
1: (28 67) 88 (27 81) 50 (87 24 14 68) 10 (33 89) 6 77 26 (32 52 21 71 41 57) (12 70 34 11) 49 (42 35 45 17) 55 16 1 61 38 56 85 (54 31 79 74 2)
2: (13 87 61) 32 (63 29 49) (14 28) (89 1) (19 42 44 21 24) 75 38 41 57 (67 71 70) (51 77) (84 66) (11 73) (8 20 17 68) 53 45 33 (88 16 85) (64 30 50) (46 47 26)
3: 9 (50 59 52) (45 67 26 34 17) (63 85 71 74) (84 38 46) 6 (21 1) (13 73 82 42 32 40 37 41) 14 57 (29 44) 69 (8 75 33) (28 87) 24 10 (89 81 76) (49 66 11) (83 30 70) 31
4: (5 75 89) (34 13) (28 70 68) 47 (73 32) (24 71 16) (67 38 61 69 44 58 26) (1 12 41) (52 53 57 48 11 19 65 9 88 21 2) (20 49) (31 56) (42 74 85 33 45 10 27 55 46) 84 (23 63 17)
5: 25 1 87 (50 49 81 84 45 21 54 48 9 51) 38 24 (33 89) (8 75) 17 3 (26 55 13) (74 73 30 28 67) 72 (7 56 29 11 46) 10 90 71 52 (63 14) 34 5 66 (32 40 57 85 31) 16
6: (89 19 5 32) (44 73) 54 (13 42) (17 55) (26 3 28) 72 57 27 (88 30 23 49) (40 71 66 85 45 8) (67 70 87 38 1) (34 56 41) 9 11 61 (7 35 75)
7: 21 79 (28 77 56 78 46 3) (2 9 66 89) (74 71) (55 67 31 24) (50 32) (37 26 8 11 52 38 10 81 1 27 33 41) (44 75 48 6 57) 45 (17 70 12 5) 13 (14 62) 73
8: (49 26) 84 (22 24 69 74 32 34 81 6 73 46 11) (29 85 71 23 77 14) (17 38) 28 (41 42 59 40 1) (31 10) (44 56) (8 37 33 66 54) 45 (9 5 68 88) 67 13
9: (28 9 32 34 87) (11 48 31 21) 52 45 6 (42 63 33 71 57 72 89 66 56 14 41) (7 30) (50 46 70) 10 (37 20 1 13 65) 19 (8 5 16 44 17 49) (73 82 84) (88 81 38 12)
10: (17 14 1 55 73 29) 8 (52 46 38 88 68 70 9) (85 74) 24 (47 84) (28 66 61) 57 (45 37) (26 31) 79 (34 5 63) 67 (4 21 71 11 10 6 41) (12 56 42 13) (33 49 16) 35 20
11: 38 84 (52 40) (28 29) (66 81 6 13 49 45) (17 9) (69 73 42) 87 (8 10) (64 48 44 11) 46 21 (5 34) 50 1 (33 61) 80 (54 85 41) 75 (3 14 74 47 32 89 71 35)
12: (61 31 74 30 21 46 16 8 47) (73 79) (5 44 50) 9 10 (52 81 22 48 34 67 26) 38 (17 40 57 29 6 87 1 66 11 45) 49 (83 41) (19 28) (3 14) 43 (20 32 56) (42 71 24) 36
13: 28 (5 81) (16 24) 10 (50 26) (77 84 73 44 56) (52 80 8 71) (41 49) (32 62) 6 67 (13 29 45) (30 40 85 14) (38 46) 34 (89 54 42 66 35) (74 48 47 17 9) (11 1) 7 21 70
14: (87 8 71) (57 56 6 1) (33 26) 67 (75 31) (66 78 45 30 73 88 9 14) 52 (89 47 17 85 90 34) (44 43) (38 24 22 61) 27 (21 46 59 70 28 69 41 13 80) (63 11 5) (2 32)
15: (20 46 30) 33 (37 77 38 26 11 6 1 16) 40 (89 9 71) (10 14 23) (8 28 25 85 48 49 81) 57 (34 59 73 17 41 84) (15 32 3 2) (52 45 29) 74
16: 32 (33 1 38) 8 5 57 (65 30 58 73) (61 85 31) 44 (16 67 88 52) (21 90) (43 45 6 56 34) 9 (17 42 3 71) 48 46 (84 27) (11 40 81 74 28 14 41 29) (77 89) (54 7)
17: (40 8 6 65) (9 67 85) (84 3 62 13 46) 89 75 59 (16 88) (74 61) (55 30 10 38 14) 80 (5 21 26 57) (17 32) (41 47) (79 11 44 24 28 42 81) (45 31) (49 34 52 25 27 87)
18: (56 20 52) (1 89 35 11 23 31) 42 (66 68) (62 43 78 57) 10 (81 58 37 73 17) 44 87 (85 41 67 50) 26 (29 3 28 90 9 49) 74 84 (14 4 7 45 75 15) (8 88)
19: 7 (1 73 57) 42 (16 63 54 76 11) 66 33 (68 72 43) 71 50 (89 32) 69 85 (8 90 14) (19 24 22) 5 52 55 79 28 (3 81 87 38 6 29)
20: (12 16) (8 17) 87 (71 79 42 81 18 38 70) (27 32) 5 (46 65 56) (44 89 10 55 6) (11 74 54 61 2 41) (21 78) (26 34) (28 49 45 22 43 48 13) (29 1 31 57 73) (67 50) (9 83) (66 14 85 84)
21: (6 13) 67 (34 9 77 48) (28 87 32 50 52 10 73) (31 45) 14 (66 55) (90 81 11 4 33) (85 40) 83 5 75 (25 56) (41 3 35 69) (1 70) (71 19) 49 (24 17 38 57 46) (29 53)
22: 32 (85 59 50 42 9 33 12 22 63) (77 7 10) 30 (57 87 17) (40 66) 71 (35 52) (68 11) (38 1 67 26) (19 21 41) (47 16) (24 69 6 5) 72 45 (74 28) 13 (44 8) (61 46 88 37) 14 (79 29) 81
23: 41 74 (70 29 72 5) (75 49 17) (7 81 69) (31 55 77) 61 (76 45) (63 57) (1 73) (80 33) (88 28) (71 78 9 10) (8 19 46) (52 66 38) 2 (37 26 24 89 67 50) 13 (44 21 12 58) (25 11 56)
24: 24 86 88 (52 5 38 31) (27 65 73) (7 40 3 41) 45 (69 56 10 87 34 77 13 32 57 33 16 11 14 89 84 67) (81 85) (9 63) (66 68) (71 28) (61 1) 17 29
25: 31 (66 5) 75 (70 58) 88 89 (63 14 45) (67 11) 8 (10 84 17 2 44 30) 37 85 81 33 (60 71 28 59 25) (87 74) 52 (73 48 41 13) 49 (55 26 16 29 6) 1 (9 42 50)
26: 44 (73 41 57) 47 49 (2 34) 48 19 18 (37 78 80 26) (6 16 69) (14 45) (29 90 67) 28 (13 56 5 74) (3 89 87 52 17 38) (55 30 33 15 77 61 1 10 81 23 35) (32 50 71 24) 11
27: (14 71) (16 15 6 17 24 90) (35 75) (33 10) (68 49 11 28) 73 (85 41 61) 74 (57 37 50 38 9 5 32) (67 13) (55 26 27 66 1 46) 21 76 8 86 (30 51 56) (52 84 81) (45 89)
28: 72 (46 44) 16 (1 10 17) (24 71 45) 31 12 (73 41 38) 85 79 (32 57 28 14 9) 74 11 68 (56 29 26) (51 81) (52 67) (13 20 48 33) 50 75 69 42 (55 27) 90 (66 3 43 47)
29: 7 (61 17 8) (38 14 90) (19 62) 1 47 (63 33 43 56) 37 73 (40 41 75 77 49) (52 70 74) (26 46) 89 42 (11 66) 21 (76 45 32 67 9 15 72 81 16 71) (28 10) 50 68 (31 84)
30: (13 45 66 44) (55 74 21) (37 68) (9 85) (87 28 14 56 81 90 8 1 63) 73 (48 17) (38 31 19) 54 (57 61 2) (51 3 6 12 89) (46 49 24 33 50 69 32) (88 42) (27 26) (40 59 41 84) 11
31: 29 1 (71 84) 32 (28 14 7 25 38) (73 26 9 27 8 74 79 46) (40 48) 89 45 75 57 (21 44 16) (17 24 56) 19 (80 61) (6 88 31 52 55 5 67 30 49 87) 41 81
32: 81 5 (28 55) 53 (44 45) (10 38) (90 42 21) 1 31 (11 71) 50 (46 66 49 3 32 34) (17 74 33 8) (41 16) (48 37 87) 56 88 (52 13 14 78) (75 77 68 6) (40 12 9) (89 57)
33: (1 52 9) 81 (38 17) (45 10) 87 (74 37) (33 40 6 42 19 59) (24 80) (48 89 47 50) 2 31 (13 49 71) (73 27 12 8) 28 (57 25 26) 16 (35 14) (84 41 62 5 3) (11 68) 61
34: (47 37) (51 61) (16 71) (41 11 81) 45 48 (18 49) 62 84 72 70 (19 66) 67 73 74 27 6 (88 8) (63 9 30) (2 20) 78 54 (7 55 12 77 28) 85 (53 31) 89 (44 75 17 14 24 46 57) (38 13 52) 26 25 (69 86) 32
35: (26 13) 70 (10 63 25 72) 32 17 35 89 (67 84 50 42 41 21 38) (29 22 88) (5 59) 57 78 (2 6 9) 8 3 74 (85 1 31 19 71) (73 75 14 48 45 11 46 28)
36: (17 30) 61 (38 21 26 89 28 29 52 32) 10 57 (8 79 48 16 3) (5 45) 6 (73 9) 87 27 (74 14) 46 (11 81 77) (60 41 75) 1 (24 85)
37: (11 10) (32 58 72) 74 (26 49 21) 14 29 (13 55) 67 (89 75 77) (71 38) (25 90 50 3 57) 85 66 27 (9 7) (42 52) 63 (18 19 41) (68 56) (1 17) (81 87) (88 2 84 45 28) 73
38: (1 7) (5 67 28) (66 17 31 19 29 40 85) (37 57 56) (8 11) 24 32 88 (69 9 75 34) (47 73 46 14) 38 (77 90) (86 80) (71 55) (45 16 74 65 10 62 13 41 89) (50 44 48 21) 30 (33 68)
39: (45 3 80) 38 (88 37 9) 11 (8 31) (71 5 67 90) 87 70 (85 53) (26 17 49 2) (75 52 57 42 28 56 14 69 32 33 19 84 73 29 41 74 66 7)
40: 71 (43 50 52 14 41 61 13) 24 (89 2 31 28 46 40 34 32) 74 33 (73 26) 67 29 (6 57 38) (22 70 20 19 10) (72 42 84 45 75) 66 1 (17 12 11 77)
41: 73 (19 42) (52 31 8 85 68) (48 10 61 55 32 33) (53 14) (11 7) 50 (67 46 71 65 70) 9 29 89 (49 75) (41 45) 1 (43 81) (21 26 60) 17 44 (25 5) (84 28) 74 77 56
42: (13 41) (70 67 26 89 28 71) (31 8) (55 69) 60 6 46 (42 5) (1 33 29) 45 (16 52 17 38 88 75) 7 (11 25) 54 81 22 (62 44 19) (79 66 12) (2 77 80 63) 84 (14 59)
43: (31 71 87) (66 62 85) (7 11 24) 67 50 1 29 9 45 42 (33 49 14) (48 57 28 68 16 32 89 17) 74 (75 44 23 82 27) (81 37) (53 12) 20 (63 38 41 61) (13 52) 10 (8 84 73)
44: (11 37) 28 (13 32 25 30) 10 (72 34) (73 16 42 17 61) 19 (33 26 12) 49 81 (67 44 50 47) (21 57) (2 8) 60 5 53 (9 69 45 71 41) (51 87 1 6 55 84 14 31 90)
45: (33 14 6 74) (46 81 76 16 1 19 38) 18 24 (50 88 21) 34 32 (8 44) (12 28 84 71 30 64) (13 9 52) (73 10) 66 (5 67 26 11) 62 41 27 (89 17 42) (48 75 56) 61 45
46: 9 37 (54 21 41) 74 (16 58 17) (67 47) (71 7 10 29) (12 19) 31 (14 2 77) (38 73) (45 66 11 48) 15 (46 87 70) (75 62 35) (32 85 81 25 57 6 69)
47: (41 12) 23 40 10 (52 30 65 6 33 11 88) 73 (34 32) 38 (53 8 25 63 27) 1 (74 45 61) (84 17) (51 42 85 87 2 86 56) (62 16) (9 28) (29 81 79 14 66 57 48) (31 67)
48: 38 40 (3 88) 13 45 89 (25 90) 29 (73 87 21 31 59) 23 (57 71 19) (22 81) 42 (78 77 17 5 55 52) 24 50 56 (30 63 26) (84 80) (53 74 41 43 85 8) 10 16 (33 11) (67 9 14 69 1) 32 (34 49)
49: (31 16 21) (55 1 11) (81 29 70) (8 33 66 63 43 5 28 84) (32 48) 19 (69 73 38) 45 (80 41 42 40) (74 77 13 26 17) 24 71 86 67 (75 52 9)
50: 41 (9 11) (56 17 28) (45 67) (85 89) 44 (48 75 14 42 74) (38 29 34 54) (46 61) (22 57) (49 33 88) (13 32 1 73) (8 63) (81 53) 37 (66 71 84)
51: (5 71 84 43 57) (73 16 66 29 24 74 27 22 19 8) (45 34) 72 (55 38 6) 67 (11 23 48) 62 49 (77 1 52 14 42 25 46 75 17 81 26 41) (9 28 21 87 2)
52: 1 (74 77) (7 52 53 8 31 24 2 9 11 37) (35 41 57 45) (21 62) (44 32 65 28 84) 17 (67 40 33 56) 61 (6 69) (42 47 10) (66 81 73 50 59) (38 34 22 14) 71 (48 26)
53: (6 61 46 1) 89 (24 17) (55 33 67 34) (69 19) (73 57 77 53 74 23) 8 26 (56 75 81) 9 88 71 (48 41) (35 38 14) 52 (60 31 49) 45 11 37 51 (5 84) (29 80 32)
54: (65 14 39 28) 38 (31 57) 67 (88 34 52) (29 9) (71 59) (63 80) (74 61) (26 73) (12 49) 33 (17 44 50) 24 19 (5 41) (60 81) (66 7) 75 1 (90 32) (3 84 77) (11 89) (68 6 21 30) (62 85 37) 53 42
55: 57 84 21 (43 1) 16 (46 44 12) (31 49) (8 41 67) 42 (50 25 45 85 37) (75 5 83) 74 (80 81) 11 (24 71) (38 73 26 56 66 14 89) (69 17) (61 33) 9 48
56: (12 71) (34 17 43) (33 70 50) (62 19 13 20 85) 45 (77 67 11 42) 26 (65 37 74) (46 61) 84 32 28 (9 5 16) (8 81) (27 73 38 41 3 6) 35 (79 29) 1 14
57: (45 44 63) (40 74) (55 57 50) 87 38 (67 65 37) 71 (5 78) (13 73 28) 85 (3 53 11) (52 66 8) (75 14 9) 17 (2 7 25 34 89) 31 (33 30 24) (70 41) (22 69 81)
58: (10 1) 69 9 44 7 (66 79 80) 75 (41 48) (71 24) (6 73) (31 11 17 34 19 63) (3 14) 21 (45 74 67) (32 28 20 15 16 12) 29 49 (89 8)
59: (52 40 70 80) 8 74 (53 81 17) 41 (5 7 84) (79 38) (69 9 37 75 59) (14 12 67) (56 1) (44 45) 3 73 26 (32 48) 42 (46 2 11 68 16 50 28 63) 6 (88 31) (21 57 30 24)
60: (26 75 57) 7 24 45 (85 23 18 52 34 31 22) 50 1 (81 38 10) (69 25) (66 89) 28 5 42 (58 11 33) 49 (14 17) (73 8) (71 55 32 48 79 88 80) 29 (41 35) 67
61: (57 45) (67 7) 84 29 (54 48 9 85 35) 13 (59 8 52) (1 38) (16 2 14 28) 71 89 24 (75 5 53) 11 81 (40 56) 26 (22 37 68) 32 42 (10 50 73 46 23) 17 19 31 65
62: 67 49 (89 11 9) (73 1 21 69) 28 90 52 (71 34) 10 (31 57) (74 12) 8 (40 84 81 43 61 70 24) (77 66 32 63 75) 6 26 2 (45 56 33 14 27) 38 (85 41 17)
63: (84 1) (50 74 35) (6 11) 83 5 62 (25 71 65) 48 14 (34 15 28 66) 46 (40 17 61 38) (7 31) (32 85) 9 (8 10 68) (2 49 26 22 20) 30 3 52 (87 75 57 16 53 89 45 41 67) (76 81) (33 42)
64: 33 17 74 21 (14 9 84) 28 (12 71 57) 24 (54 86) (1 75) (46 32 16 38 40 45) (72 11 2 30 52) 41 34 (63 77) (88 5 81 56 42 67 7 29 3 49) (89 48) (66 6 44 26)
65: (47 52 38 21 53 6 42) (32 55 67) 81 10 (16 77) 45 75 43 24 33 (1 41 72) (89 48) (50 78 49) 85 73 11 (60 84 61 17) (90 59 7 28 71) (31 26) (20 27) (13 65 5 62 25 87 57)
66: 88 1 (51 32) (6 14 29 17) 57 56 68 27 (40 71 69 74) (33 42) (89 34) (49 67 61) (21 35 84) (10 50) 8 28 (26 82) (52 85) 16 3 (87 11 48) 41 (45 9 7 81 38) 75 37
67: 69 74 61 3 (34 80 25 29 84 79 46) (1 8 63) 16 26 13 20 40 (28 17) (89 85) (67 14 30) 21 52 (9 10 90 5) 56 27 (55 45 32) (33 73 38 71 75 42) 11 (81 44)
68: (21 67) 41 (24 43 48 20 63) 1 (19 27) (62 56) (69 32) (13 68) (46 84 6 12 29 73) (17 5) (44 38 40 34) (81 31) (74 77 87 52) (10 26 42) (11 14) 33 (80 50 7) 66 16 (71 45) (57 9) (75 88)
69: 9 70 (54 78 48) 21 (51 66) 61 68 (84 69) (50 38 87) (88 11) (32 57) (3 19) (5 67 89 80) (7 6 16 49) 71 (13 10) 75 41 8 26 12 (73 34 1) (81 45 56 46 65) 74 25 (14 47) 2 17 43
70: (8 27) (42 41) 81 (14 13 11) (29 63 38) 55 (9 61 33 17 89 85 12) 52 (46 54) 32 (44 80 24 2) 53 26 71 (67 69) 59 49 (78 22) 74 73 (84 31 50 87 48 75 45 28 37 57)
71: 13 (42 32) (80 38 17) 68 66 41 9 (70 56) 28 (1 84) (89 45) (14 67) 57 49 (15 8) 21 (75 85) 16 (24 74) 11 (61 52 87) (81 29) 31 (88 33) (44 25 12)
72: 79 1 (34 28 67) 74 50 (75 33 84 45 11 52 56 85) (77 40) 9 38 47 42 (41 63 73 14 15) 5 (44 88 49 71 81 66) (61 57 17 7 48 90 29 6 68 12 55)
73: 29 33 (6 10) (1 37 74 35 66) 24 55 (50 34 52 38) 77 (87 61) (28 75 73 3 32) (71 25) (84 14) (8 11 41) 65 (16 5 9 45 63 90 46) 22 62 67 (81 57 17) 72 56
74: 42 (38 74 63 89 10) 45 (16 33) (1 5 48 87) 52 (13 77 88 65 7 3) 51 (53 81 67 26) 24 (75 49) (41 11 2 14 21 57 9 27 50) (71 17) 68
75: (28 17) 40 (44 10) 7 58 77 (42 13 83) (27 49 75 21) (56 50 8 52 9) 45 (46 14) 37 (68 41 74 89) 16 (1 2) (26 11 31 73 24 59) (38 19) 90 (6 81) (34 84) (87 32) (54 67 57) 51 71
76: (87 77 8) 41 (90 11) (85 23) 19 17 (33 89) (24 45 6 20) 32 71 (46 81) 63 (66 58 27 53) (7 47 35) 14 38 (48 28) 52 61 (37 26 16) (73 1) 57 (12 31 79) (49 9)
77: (5 72 46) 28 17 (67 31 75) (38 42) 1 11 81 (29 9 12 54 89) (13 56 55 80) (21 44 60) 87 85 (24 19) (45 6 25) 3 22 52 (57 41 47 26 78 10 66) (34 14) 53 71 49
78: (65 59) (56 81) 8 26 13 (11 32 21) 42 (41 20 44 67) (33 17 66) (1 19 71 48 75 30) 55 (45 47 34 84) (16 14 23 90) (29 22 9) (50 28 87) 24 54 38 (37 2)
79: (38 13 49) (8 28) (42 66) (59 7 34 75 26 17 72) (14 85 90) 55 10 6 (88 11 40 9 46) 3 74 32 (31 2 33 77) (48 67 27 41 45 73 81 80) (50 84)
80: 41 (84 38) 47 19 63 87 (57 17 74 10) (9 13) (26 61) (22 46 73) 8 24 71 (34 50 28) (85 15) (52 11) 30 (44 7 66) (5 6) (81 75 89 49 18) (31 14 45) 42 32 (67 21)
81: (79 71 84 72 7 47 9 28) 30 (81 44 8 15 19) (33 45 67 61 37 42) (40 24) 3 (57 1 88 63 12) (41 48) (73 35) (21 49 52 46 31) 34 (11 13 38 50) (5 74 6 80 17) (75 32 14)
82: 26 (34 62 9) (57 53 31 50 72) 6 (11 66 75 25 68 81 71) (37 89) (44 32 14) (21 48) 63 67 (56 29 86 1) (45 74 42) 46 (73 85 40) (61 17 87 43) (8 16 13) (41 52 5 38)
83: (11 75) 28 (70 17 69) (42 40) (49 81) (23 54 84) 56 1 13 14 9 88 30 (6 8 21) (79 87 24) (89 71 48 38) 45 16 (26 63) 12 (52 73 10 41) (32 74) (55 29 62 33)
84: 74 (63 89) (27 57) 75 (38 19 67 24 14 13) (25 17 3) (85 81 7) 26 (84 44 34 8 58) (9 41 40 62) 45 (29 73 32 46 78) (49 21) (30 6 4) (52 80) 50 (28 71 10 11 48 1 69 88)
85: 8 (85 21 70 47 25 73 86 84) (88 52 71) (42 32 14) (16 56 44 28 10 13 31 78) 89 35 (83 67 41 38 90) 66 68 (50 29 72 79 49) (74 24) (5 75 43 6 9 11 80) 40 1 12
86: 41 (21 45) (85 71) (1 26) (6 28) 33 (14 17 30) 46 38 11 (84 44 52) (57 37 50) (67 40 32 55) (87 47 59) (42 68 12 48 61 9) (34 88) 23 77 (72 5 73) (19 56 69) (27 79 74) 16 66 49
87: 41 (61 85 84 45 7 10) (8 9) (53 11 6 73 29) 3 (32 71) 16 (69 75) 52 36 (90 54 89 2) (55 31 67 82) 74 81 40 (14 66 12) 25 (56 28 38 42) (44 21 23 1) 5
88: 55 (6 19 3) (28 74 7 26 41 11 89) 61 (33 21 75 17 13) (8 34 73 25) (16 44 5 49) (70 10 20) (47 57 66 38) (50 12) 78 52 29 65 31 81 9 (30 63) (45 32 4 14 1 85) 71
89: (28 52 90) (13 66) (73 84 21 11 57) 23 31 (29 1 14) 50 (8 24 71 26) (69 48 58) 53 (33 89 3 5 40) 32 87 44 (77 16 45) 12 (85 79) (42 75 41 20) (67 63 68 80 37) 81 56
90: (21 46 33) (59 86 56 23 61 81 14 90) (85 13 26) 28 11 (1 63) (51 75) (89 49) 29 8 84 (73 40 32) (41 5 71 38) 17 (7 9 50 10 52 48) (65 3 45 67) (42 57)
