90 90
1: 52 51 63 36 72 84 26 23 83 89 73 2 74 7 17 21 88 30 10 41 85 61 24 77 71 59 15 90 69 67 86 42 29 78 54 81 34 55 8 48 76 9 16 22 62 49 31 82 12 32 3 28 27 40 20 58 5 66 44 18 14 68 57 35 60 70 87 65 19 50 56 13
2: 47 80 16 15 13 50 76 56 82 84 61 86 3 85
3: 32 39 40 6 25 78 52 42 89 70 1 85 81 20 54 34 9 76 44 26 2 75 33 14 30 12 41 62 73 4 79 21 11 22 10 18 86 13 27 46 56 15 16 36
4: 20 39 54 27 74 67 46 76 71 68 26
5: 8 66 55 40 87 38 25 6
6: 49 56 44 90 28 8 59 5 83 85 15
7: 37 12 16 22 87 58 64 47 59 71 35 61 88 33 20 27 4 89 79 74 3 28 77 18 45 56 44 8 1 70 9 24 41 73 14 25 78 72 68 5 66 15 76 53 67 90 39 82 60 50 55 83 63 42 32 21 80 40 62 48 36 54 65 2 17 81 46 75 49 43
8: 13 47 60 14 19 86 28 78 50 9 20 57 53 71 64 17 10 27 89 43 56 4 1 79 3 48 68 37 65 11 83 74 7 39 63 58 54 41 81 15 77 30 49 72 12 6 66 62 31 59 5 29 55 16 61 35 67
9: 45 70 11 16 81 65 85 21 62 36 53 61 60 86 46 82 68 38 19 80 10 13 37 30 31 55 7 76 27 24 58 4 33 14 49 59 5 29 32 87 20 90 54 34 47 51 35 26 40 83 50 1 9 56 48 42 52
10: 57 9 46 40 76 72 82 25 20 78 43 18 48 73 30 52 59 1 29 69 60 35 38 44 21
11: 44 9 78 13 37 87 49 4 5 50 2 51 81 3 17 12 61 48 18 24 65 55 6 30 68 38 75 73 31 66 69 36 58 34 7 23 83 60 35 1 84 70 88 89 90 11 32 43 86 28 16 25 80 62 10 74 59 39 46 56 64 8 14 82 57 54 85 63 52 77 67 26 21 20 76 72 27 15 53 45 40 41 33
12: 19 66 14 33 5 88 76 73 2 57 51 82 10 29 31 43 83 32 59 4 62 6 37 49 23 65 11 61 30 70 17
13: 35 83 2 29 45 13 56 12 15 75 41 78 36 61 10 82 89 90 27 23 11 64 84 55 60 20 49 81 18 86 63 43 58 24 72 62 42 34 59 73 74 22 7 17 76 14 77 19 31 16
14: 86 64 34 31 45 11 44 19 15 18 39 3 78 1 13 88 41 90 21 81 55 25 60 4 52 33 69 17 87 53 43 40 7 9 8 77 14 42 23 49 62 54 51 30 46 79 82 57 85
15: 17 36 43 85 14 67 77 48 86 81 65 57 52 1 39 72 5 82 62 31 19 16 23 64 63 76 75 2 58 25 42 51 37 68 60 79 87 12 35 70 33 18 73 27 29 22 61 3 56 89 13 69 4 9 84 38 20 80
16: 39 68 49 45 50 14 65 1 21 90 48 19 67 5 78 77 72 71 88 40 23 3 46 75 66 82 73 18 74 54 32 56 42 60 2
17: 59 11 12 51 70 65 33 19 69 71 54 56 73 80
18: 78 44 55 63 45 26 39 65 70 46 11 76 77
19: 42 11 64 41 15 52 69 51 29 33 7 54 22 77 76 6 74 10 25 45 1 82 53 60 3 23 70 8 48 39 4 26 14 66 61 50 55 38 2 16 37 17 89 59 73 72 13 46 58 30 9 78 12 32 75
20: 88 75 58 74 41 31 72 54 15 52 69 14 70 44 11 78 25 47 1 2 64 5 56 83
21: 17 1 6 83 70 80 63 45 21 10 40 16 18 35 52 32 23 51 66 37 74 42 71 3 26
22: 82 78 68 44 49 79 59 63 55 53 41 45 74 25 39 66 5 50 27 19 9 88 4 18 30 14 2 10
23: 54 10 34 35 18 31 17 69 66 2 19 6 37 81 21 57 77 26 45 76 64 16 41 90 71 74 56 50 51 39 61 87 33 44 63 55 86 23 27 72 75 22 13 28 29 30 83 59 49 79 85 73 24 62 40 67 53 8 7 1 20 25 70 65 48 60 78 32
24: 68 83 66 78 18 29 54 4 19 39 32 41 26 57 55 72 1 23 27 67 80 65 63 86 37 42 10 45 81 6 84 52 34 85 22 2 59 36 82 53 77 38 71
25: 42 6 39 14 12 11 43 7 5 54 18 71 61 48 56 87 67 10 9 1 78 65 64 31 34 17 28 25 40 68 4 90 62 36 8 58 75 3 32 59 24 86 29 82 33 52 77 55 27 35 83 16 44 23 57 41 47 76 45 20 15 26 2 73 84 46 80 79 13 66 19 74 89 72 70
26: 69 52 21 15 12 22 58 35 89 88 54 48 61 77 50 32 66 2 71 39 28 30 83 8 64 13 53 56 55 90 79 44 31 7 33 20 43 24 63 51 60 4 80 18 26 81 78 86 3 74 49 70 75 42 73 68 25 36 14 11 29 17 6 59 16 5 46 38
27: 73 9 14 1 86 30 11 37 58 79 47 38 17 13 65 39 33 88 77 4 67 19 85 8 52 50
28: 21 44 72 54 48 5 66 87 42 17 23 7 41 43 68 77 24 40 90 9 69 59 71 8 81 61 79 86 70 50 55 25 47 30 19 58 36 13 46 64 53 80 18 26 49 85 63 60 3 45 88 39 2 4 35 51 83 74 56 10 16 31 37 34 62 14 32
29: 68 48 31 65 61 42 63 67 84 13 8 3 46 89 47 43 83 58 24 76 85 27 80 2 1 30 82 5 14 35 73 52 39 10 37 36 86 20 54 41 25 66 21 22 32 88 44 38 23 15 6 53 16 11 19 29 81 64 60 50 57 18 79 9 56 40 55
30: 5 44 21 89 63 46 52 51 58 25 86 11 60 68 85 34 38 62 35
31: 72 64 66 71 25 65 40 34 58 3 27 7 1 23 76 33 13 88 80 57 61 85 68 29 39 10 45
32: 22 58 90 33 40 26 71 11 65 73 31 29 28 52 49 14 72 54
33: 26 4 86 14 59 67 34 75 5 27 90 13 76 28 62 50 45 56 82 73 69 84 10 79 22 21 38 57 53 42 7 9 1 85 16 66 20 70 15 89 40 60 55
34: 69 2 85 17 80 48 19 4 52 68 47 72 54 78 81 65 8 59 74 3 40 67 73 32 62 27 76 83 23 11 25 58 66 49 64 51 56 84 35 63 42 18 15
35: 77 30 44 21 88 84 34 1 37 76 49 43 46 47 69 29 78 51 50 18 35 3 74 52 65 17
36: 17 39 16 27 23 8 52 81 10 14 60 5 13 28 86 18 50 12 33 90 29 1 25
37: 2 65 73 33 1 60 77 19 71 29 30 15 3 32 38 26 82 52 25 41 50 51 37 18 53 66 40 68 35 21 42 84 48 74 87 88 20 81 86 57 12 61 23 39 22 24 47 90 7 63 27 44 83 58 8 78 4 36 79 17 31 46 59 85 72 5 75 11 34 9 28 10 6 89 54 56 76 16 13 80 14 64 45
38: 70 13 74 73 20 51 30 53 26 88 80 77 44 23 60 52 38 75 25 35 29 8 55 41 49 59 54 21
39: 1 60 37 6 13 84 57 86 77 71 54 21 15 70 73 36 35 11 34 40 83 26 16 67 72 65 8 52 49 43 41 7 25 80 82 53 44 24 64 50 78 90 28 85 32 89 22 38 12 56 5 30 61 55 33 45 20 88 66 68 18 46 29 63 75 76 48 31 4 10 74 87 39 19 17 58 51
40: 65 6 81 20 60 26 74 80 67 78 58 51 18 3 40 25 41 54 85 15 77 76 30 43 27 39 48 5 63 45 22 42 87 55 38
41: 44 51 68 65 42 54 26 63 43 30 74 69 55 6 64 45 20 2 27 24 59 8 21 34 35 16 22 28 40 61 23 12 62 49 52 56 36 58 47 31 17 15 89 66 10 84 57 78 80 32 29 4 19 85 46 88 37 60 48 18 72 76 86 87 50 9 5 83 79 41 70 90 1 11
42: 15 72 66 1 61 47 83 43 25 2 63 34 89 76 40 56 9 8 33 80 65 86 87 45 73 75 12 46 82 59 16 4 84 71 50 18 31 41 35 28 30 21 26 62 11
43: 74 62 39 44 80 6 49 13 69 7 38 25 34 89 57 58 63 23 33 72 52 35 50 18 32 61 90 46 68 56 2 73 20 40 16 8 84 45 30 12 77 15 10 17 60 88 42 70
44: 53 87 62 11 89 71 48 18 17 27 83 81 90 39 49 75 33 15
45: 21 13 65 62 89 2 19 6 75 54 15 74 76 32 53 87 84 20 10 28 25 77 81 47 16 66 12 30 57 43 58 23 88 11 5 35 31 64 9 78 72 73 82 29 36 60 90 38 26 42 39 86 85 14 63 49 4 80 3 45 59 46 44 7 83 70 50 24 68 69 37 41 34 48 17 33 40 56 61 79 22 18 71 55 51 67 1
46: 85
47: 41 84 69 73 49 55 8 3 76 4 12 62 67 59 17
48: 13 39 33 54 81 29 35 69 89 70 48 28 51 7 10 24 83 60 57 65 49 8 67 19 76 30 71 53 85 50 43 73 72 5 63 12 87 52 80 9 61 17 79 59 27 55 78 23 44 26 84 32 34 74 36 86 46 15 25 16 37 45 47 82 42 41 2
49: 65 73 19 49 15 29 17 31 20 45 77 50
50: 67 30 74 68 13 12 89 62 37 60 1 39 79 86 41 26 8 83 61 14 24 85 25 77 59 20 53 73 27 16 65 36 52 57 42 7 2 34 90 38 23 71 40 51 18 45 58 49 44 29 70
51: 16 36 64 82 39 90 54 28 52 8 55 40 10 88 20 17 23 26 15 12 83 32 29 25 57 7 65 4 43 42 81 19 21 45 79 6 11 35 47 70 73 31 67 41 56 58 27 76 85 13 48 5 9 49 53 44 30 33 68 63 74 80 22 71 69 72 86 18 59 61 37 24 77 78 84 75 1 50 3 60 46 66 51 34 87 14 38 62 2
52: 89 60 47 49 54 37 69 3 78 10 30 66 13 36 44 87 83 80 11 71 46 90 82 61 14
53: 6 61 34 48 16 1 18 57 81 4 19 82 28
54: 59 69 25 71 12 79 87 81 6 24 31 8 54 27 80 37 72 30 5 18 4 21 77 46 17 76 26 48 75 15 14 44
55: 5 13 36 10 78 20 49 43 74 37 53 57 14 48 89 87 61 55 6 64 16 70 3 23 12 47 44 21 26 75 1 27 62 40 39 58 76 54 29 79 86 42 50 60 68 24 8 84 4 30 66 34 9 32 15 67 45 88 90 19 73 33 2 80 17 72 52 51 69 65 59 38 35 41 85 71 82 22 31 7 77 46 25 81 83
56: 68 76 43 18 20 28 1 33 45 32 53 78 30 34 15 88 51 63 37 36 56 69 65 41 64 80 47 25 24 16 19 79 12 60 87 90 14 59 42 73 8 62 10 84 31 57 46 83 21 39 44 55 89 58 82 9 77 5 40 27 2 29 74 11 22 75 49 81 61 72 13
57: 60 59 36 45 83 2 44 53 66 84 37 13 30 28 86 75 38 48 71 74 46 17 55 6 16 69 73 19 8 25 7 54 64 85 88 72 39 1 15 20 68 5 70 87 57 65 40 24 78 42 14 26 89 29 51 21 76 47 49 56 34 63 62 43 33 35 67 80 12 11 81 77 50 61 31 58 90 27 9 10 4 52 23
58: 63 90 24 1 65 59 44 54 4 53 25 6 35 87 83 52 68 19 81 33 75 51 13 45 47 61 48 82 32 58 71 88 3 40 57 28 74 11 29 78 9 39 55 36 79 10 80 30 69 17 14 22 76 23 50 26 31 89 77 85 86 7 21 2 67 34 56 27 42 8 18 15 72 5 41 62 12 64 20 43
59: 74 78 88 32 2 50 42 57 77 27 1 49 85 79 51 44 8 19 52 48 6 4 14 47 86 25 72 43 18 84 46 36 67 26 13 22 64 38 62 73 23 7 3 39 63 31 56 24 28 83 61 81 68 12 30 82 40 45 5 17 70 34 9 66 59 11 21 89 75 55 33 58 69
60: 11 70 54 87 48 18 17 72 66 59 58 26 68 90 27 55 29 36 86 33 4 5 64 13 34 20 65 71 6 52 79 21 25 3 78 16 41 1 56 51 85 63 39 23 76 77 61 31 75
61: 65 2 53 26 7 80 21 86 71 23
62: 54 30 1 72 6 71 70 8 75 69 32 84 85 25 23 51 80 38 42 41 44 67 47 61 89 45 58 24 76 59 78 48 57 74 53 13 86 64 12 60 29 31 4 90 36 33 82 83 20 40 87 22 62 65 34 7 66 43 10 73 37 39 35 17 2 15 26 27 19 9 88 79 52
63: 54 5 53 32 25 80 2 57 49 50 52 40 19 30 17 33 46 18 75 59 87 45 31 71 7 1 8 70 41 14 86 10 89 76 4 66 62 22 84 24 73 47 88 36 13 26 51 67 3 21 28 65 74 90 38 35 78 56 11 27 15 72 6 60 83 85 12 9 34 58 42 23 37 77
64: 19 60 18 3 2 35 27 73 80 74 31 11 38 16 57 76 32 26 86 34 40 53 43 17 83 54 36 47 28 65 20 90 13 7 88 41 62 87 69 14 4 55 85 5 82 63 81 84 39 21 71 10 70 44 6 61 8 33 56 67 51 64 66 12 58 72 23 77 48 15 89 52 25 46 22 75 79 59 68 29 45 37 1 9 42
65: 48 86 24 66 3 64 61 43 4 76 46 23 50 22 33 18 44
66: 83 58 11 49 26 54 86 57 71 68 89 61 13 63 74 79 22 23 40 39 82 41 28 37 27 84 72 53 36 70 59 3 19 33 24 64 35 25 69 87 6 7 52 18 88 90 85 73 48 15 30 77 76 62 43 38 1 47 29 14 80 60 20 56 17 32 50 16 5 4
67: 78 39 79 15 28 60 68 33 31 2 10 13 17 50 30 75 53 4 73 74 32 8 89 27 64 59 52 38 12 3 18 57 66 16 9 86 41 24 36 45
68: 1
69: 83 17 82 71 42 46 19 45 59 33 44 13 25 50 16 7 22 60 90 10 9 86 53 32 27 55 68 74 89 20 88 72 78
70: 70 33 38 67 6 9 46 65 2 36 72 81 87 30 13 32 57 82 62 75 68 80 4 74 50 45 35 63 69 49 37 18 43 41 77 40 27 59 60 84 21 51 10 73 11 3 29 28 34 20 47 79 42 86 55 1
71: 79 62 37 68 18 15 43 9 67 48 90 77 82 50 7 28 42 61 1 38 47 2 36 46 72 58 30 10 76 84 14 81 39 59 86 74 35 80 33 25 85 53 17 44 24 45 5 51 6 31 87 73 26 66 21 78 64 29 55 57 71 49 75 27 83 4 56 40 52 16 23 3 34 88 8 11 22 89 65 70
72: 30 82 54 5 57 29 23 10 34 28 90 62 83 64 85 6 81 35 14 15 53 65 84 36 59 77 11 70 2 45 66 37 24 20 48 78 63 89 43 71 22 51 60 27 18 46 42 1 56 52 58 4
73: 27 40 81 8 39 46 69 64 43 22 20 63 68 75 48 33 9 71 34 76 28 59 16 12 36 13 58 41 3 83 70 10 11 56 66 77 4 89 79 38 72 82 87 61 78 85 19 73 44 60 52 54 5 25 74 17 53 1 24 51 45 26 50 30 90 31 37 47 15 86 62 35 42 65 57 32 29 49 18 23 80 6 84 7 55 67 2
74: 39 38 84 48 76 4 79 11 88 14 9 34 16 5 87 23 66 42 21 56 89 10 6 50 3 55 73 24 12 27 46 51 80 17 47 20 82 60 52 33 30 65 59 85 26 35 64 83 2 45 58 28 29 22 15 81 67 32 40 70 86 41 68 62 63 49 57 43 61 78 54 7 19 13 90 1 74 44 53 37 77 75 31 36 18
75: 79 25 42 2 67 13 73 40 28 54 64 17 74 27 38 4 83 58 51 45 6 14 68 76 3
76: 5 11 52
77: 58 55 39 42 16 51 7 15 12 60 57 46 69 43 30 20 71 68 4 11 78 40 76
78: 48 66 68 18 79 39 85 70 61 77 13 54 81 40 26 17 57 5 62 65 1 8 46 74 12 86 51 63 3 76 72 60 7 4 14 52
79: 4 12 21 22 63 20 38 81 57 46 13 52 3 32 79 84 78 40 41 74 36 60 35 76
80: 62 76 21 18 3 28 60 85 33 13 83 8 38 32 78 68 31 17 52 4
81: 83 13 54 58 53 18 70 26 66 43 34 37 52 72 17 74 87 41 28 20 48 82 1 6 69 12 89 75 59 61 8 68 45 80 88 31 21 32 2 9 76 57 73 79 42 63 30 64 25 78 36 49 44 22 60 33 40 3 81 90 38 14 46 67 11 4 16 62 47
82: 29 53 70 81 46 85 32 13 45 65
83: 50 36 52 21 18 35 1 6 47 60 87 42 12 10 38 68 73 39
84: 3 89 83 51 18 2 76 80 72 31 58 38 32 34 65 29 24 33 56 45 52 36 30 42 23 19 60 39 85 9 62 47 6 11 87 63 86 57 35 4 44 49 7 84
85: 86 42 39 76 21 65 11 71 67 10 29 13 75 57 82 69 48 68 90 80 20 79 17 25 85 62 33 26 15 5 14 27 40 6 81 55 35 30
86: 15 9 34 70 11 49 53 42 71 45 67 47 64 1 66 16 83 3 52 68 56 74 29 80 12 54 35 44 50 28 10 14 81 37 82 21 43 2 36 78 6 24 27 40 77 73 8 7 18 5 75 90 84 55 33 69
87: 12 32 58 30 66 71 16 29 85 73 43 20 46 67 51 5 39 4 88 27 90 45 70 15 44 6 40
88: 37 86 32 90 58 88 52 39 26 71 83 33 24 72 23 4 87 50 40
89: 45 72 75 35 38 47 57 43 18 2 85 53 14 88 4 50 23 80 9 11 10 64
90: 54 68 85 3 37 27 7 72 62 89 73 76 63 4 23 40 48 24 22 39 2 1 86 13
1: (73 31 60) (27 64) (29 41 25) 24 51 45 (21 74) 16 (14 53 90 56 78 33) (70 68) 9 62 (10 39) 8 59 (71 15) (63 23 35) 36 (81 42 83 19) 58 55 (72 66 37) (3 57 11) 20 50 (86 7)
2: (11 7 56) 58 74 (23 90) (72 12 25) 73 26 (59 67 51 75 24) (43 71 15 1 86 19 42) (48 63 41) 22 45 (61 3) (64 28) 50 (84 89 57) (62 70 16 20 34 13 37 55) (29 81)
3: (8 26 29 84 15 31 25 52) (70 75) 63 (16 58 11) (80 64) (86 60 81) (55 71) 34 (1 45 51) 40 73 (21 59 74 79 78 37 14 35) 28 2 65 (90 7 47 67) (19 66)
4: (84 64) (27 80 19) 34 (11 89) (54 8 12) 66 (7 55) 22 (72 63 53 42 77 3 78 88) (59 58) 60 79 62 (28 74 24 65 81) (26 87 57) (15 73 90) (47 70 37) (9 71 33 41) (14 39 51 25 45) 75 67
5: (45 57) 78 48 26 59 (29 74 71 60) 41 54 63 25 (73 16 66 6 85) 22 (64 28) 72 12 15 (37 7 87 86 56 55 1 8) (11 39 33 58) (36 40) (30 76 51 9) 20
6: 19 (23 21) 5 (70 54 37) (83 85 72 87 71) 11 (25 3) (74 62 84 51 64 41) (73 55 53 12) (86 45 39 8 40 43 58 81 59) (60 63 57 75 26 24) (66 29)
7: 55 (57 69) (84 59 66 19) (9 31) (1 23 63) 78 (64 25) (8 74 61) 43 33 45 (28 26 50) 77 90 (58 51 48 73 71 13 86 37) (62 14 39) 11
8: 81 (80 62 71 25 43 73 63 47 55 34 7 64) 26 38 28 19 42 (14 23 37) 58 (27 48 67 50 1) (78 41) 54 (11 59) 5 (86 51 29) 57 (56 6) (39 36)
9: (41 71 64 11 69 29 7 56 63 25) 59 (9 86 57 58 22 27 42 70 14) (74 89 67 33 8 48) 73 (81 51 45 10) (28 19) (15 55) (37 1 62 84 3)
10: 11 52 85 63 (67 83 73 13 19 28 12 22) 89 57 (36 9 70 8) 72 (74 71 33 55 45 51 58 31 64 56 43) 62 (3 25) 39 21 (1 29) (48 69 24 41) (86 37) 23
11: (32 18 73 84) (59 12 34) (11 64) 70 (26 52) (19 66) (74 63 42) (41 9) 72 (8 20) 30 (85 3 60 86) 51 (56 39 45) 44 (27 17) 14 76 (37 77) 29 25 (57 13 71 58 89 81)
12: 8 58 (86 47 3 83) (17 78) (36 55) (11 37 43) 39 50 25 (63 74 64 62 56 1 77) (59 13) (48 26 41) 7 15 (57 51 67 45 73) (87 79 19 42 54) 81
13: (80 70 62) (51 63) 58 75 (31 56 50 15 3 13 55 73 81) (59 45 66) 67 (69 74) 8 79 28 25 (9 52 19 82 90) (37 33 60 14) 29 (38 11 48 57 36 1) 43 78 (39 2 23 26) 27 (64 85)
14: 28 45 (54 63) 85 55 (89 15 81 86) 7 (3 1 26) 20 (9 51) (37 71) (32 12) (64 36 57 59 27 13 8) (52 75) (66 50) (25 58 14) 72 11 16 56 (78 33 29) (22 19) 74
15: (2 20 11 13 62 37 40 49) (58 73 51) 1 (25 29) 42 (63 48 54 43 3 7 67 41) 72 (56 87) (45 85) 39 14 (33 34) (77 57) 64 (66 6) 55 26 (86 44) (19 8) (71 74)
16: (41 37 13 67) 74 (26 8 1) (11 66 28 43 71 42 2 9 15) 86 (7 57) 50 45 (60 55) (3 87 19) (64 48 77 21 81) 51 73 (36 23 29) 25 (69 33 53 56 39)
17: (45 85 11 28 55 39 8 15) (14 7 21 36 37 44 66 27) 51 62 (63 80) (54 25) (67 81) (23 75 71 64 58) (74 47 59 69 57 78) (19 1) 35 (43 13) (60 12 41 26 34) 73 (48 49)
18: (34 11) (89 7 41 72 83) 37 80 26 64 (28 73) 29 (84 63) 23 (78 10) (25 50) (40 70) 74 (15 3) 59 45 60 43 (14 86 16 58 39 13) (81 67) (65 36 1 54 21) (51 53 35) (24 66 42) (22 56 71) 44
19: (29 45 28 84 9) 59 (37 8 17) (66 39 64) (51 74 57 34) 27 (1 15 48) 14 (69 22) 25 63 (24 16) (58 56 55 12) 53 49 (62 13 41 73 23)
20: (33 58 23 11) (49 72 66 15) 81 (25 39) (41 26 69) (74 9) (60 7 77) (56 70) 37 38 10 (3 57 62 1) (85 55 50) (40 73 43 64) 4 (8 79 29) (51 13) 45 87
21: 70 (26 56) 80 (21 16 7) 83 (71 1) (51 9 86 45) (14 30 37) 54 61 (41 57) 55 38 63 (3 10) (81 33) (85 39 11 59) 64 (74 79 42) 58 28 (29 23 35) 60
22: (51 71 41 55 13 81) (56 63 69 59 19) (23 1 72 64 40) (33 45) (58 3 26 37 79) (24 15 29) 7 (90 32) (62 65 39) 74 (73 66)
23: (36 29 1 66 50) (90 71) (11 21 14 15 55) (31 41 16) (12 48) 34 (57 13 28) 61 (19 25 60 51 64 89 73 65 23 24 88 84 43 58) 74 (45 38) (37 63 72) (62 59)
24: 84 (62 1) (37 11 25 73 67 74 56 50) (54 7 58 48 9 51 28) (72 45 59 39 65 71 13) (88 23 29 86 55 26) (63 57 90 66) 41
25: (40 10 7 15 29) (42 66 36 81 56) (63 60 38) (11 43) (75 50 19 85 64 28 71) 58 (48 62) (54 14 57) (20 55) (45 5) 59 (37 31 3) (26 30 73 25) (22 39 69 34) 51 23
26: (64 66 54 55 58) 9 33 (51 88) (78 25) (32 74 26 59 1 28 42 85) 11 23 (21 48 24) 50 (38 45 63 73) 19 62 (39 37 18 71 81) (61 60 57) 4 3 (40 41)
27: 71 (44 70) 7 60 (1 13) (33 55) 58 (51 74) 29 (37 85 86) (67 36 59 73 8 64) 4 (50 75 48 72 11 54 22) (56 34 69 24 66) (25 23 90 31 87) (62 3) (63 40) (9 41) 57 15
28: (58 53 86 71 36 59) (45 8 6 70 67) (11 57 75) (80 64 39 51 81) 66 37 23 (72 33 56 74) (63 1 32) 41 (48 73 42 26 25 7)
29: 71 (49 10 50) (51 85 62) 86 87 (82 70) (19 1 8) (37 32) 56 (58 64) 38 48 (55 60 57 84) (25 26 39) 74 15 (23 29) (66 72 13 36 41) 35 9 (12 24) (31 45 73)
30: (72 39 45 27 71) (10 59 57) (19 28 12) (23 50) 52 (41 85) (26 55 81 67 11 3 62 74) (9 22 37 38) (77 8) 73 29 (56 66) (87 40) (54 70) (35 51 43) 1 (48 84 58 63) 42 14
31: (28 81) 62 (37 54) (63 32) (14 57) 20 41 9 (29 67 11) (74 55) 15 12 23 64 (42 26 56) (71 45 84 73 58) (49 80) (25 1 13 51 59 60 8 39)
32: 84 (39 16 58 73 3 87) 82 25 88 34 48 70 (9 23) 66 21 (28 59 37) 81 67 41 (55 19) 1 (63 51 43) (29 80) 26 (45 11 62 24 12 7) (79 64) 56 (69 74)
33: (12 26 55 73) 51 (71 19) 86 37 (66 85) 17 (57 7 44) 9 (81 88 60 39 42 56 67 15) 74 (70 11) (59 62 36 23 3) 64 43 31 69 (58 27 84) 45 (25 48) (63 65) (32 80 14)
34: 33 11 74 (42 31 64 58) 55 (39 37 30 73) 62 71 3 (24 28 59 14 45) 50 1 (25 43) (48 60 70 57 23) (51 84 53) 86 (81 35 13 9 63 56) (41 72)
35: (39 70) 64 (42 74) 38 (43 83 7) (66 73 85) (1 30 71) 28 (13 72) (89 26 45 37 84 34 57) 63 (15 35 8) (86 41) 9 (58 21) (62 23) (51 55) 79 (48 25) 29 11 10
36: (81 24) (52 9) 60 (71 11) (55 3 37) 66 (63 84 48) 29 70 (56 25) 26 (59 86) 39 (45 1) (41 67) (64 13 51) (50 57 28 74) (72 62 73) 15 (58 83) 79 7
37: (81 37 71) (52 35 62) (45 90 24 12 9 39 29 21 88 63) (7 15) (41 64 73) 86 (19 11 57) (72 23 51) (8 66 56 70) (48 28) 54 (74 50 55 27)
38: 26 (80 84 50) (37 71) 15 (10 89 30 5) (59 64 33) (29 73 19 66 45) (24 9 43 38 39 63 79 57 67 83 27 70) 51 (40 74 75) 81 (62 55 11)
39: (87 43 51) (19 39) 44 23 (27 31) (57 16) (90 56 25) 18 (11 77 85 59 15) (62 55 88 40) (28 29) 73 22 (26 48 24 74) (37 66 14) 4 84 (45 3) 83 50 (36 60 67) 78 64 58 (71 8 7)
40: 7 56 71 59 (39 77) (45 9) 23 (41 73) (5 33) (85 90 88) (66 79 42 57 11 10) 14 (64 86 62) (31 43 16 75) 21 (29 81) 34 50 87 (1 32 63) (70 74) 37 (3 28) (51 25 58) (40 55 78)
41: 67 (50 38) 45 (70 58 73 63 62 60 79) 13 39 (14 48 42) (29 55 64 1 11) (25 20) (40 8) 81 (22 24) (41 47 37 51 19 74) 7 (23 3 56 66 28)
42: 16 24 (86 9 85 34 59 58) (64 75) 28 (29 41 40) 69 45 (81 33 74 25 43 51) 21 (7 50) (15 71 55) 77 14 72 63 56 (48 26) 57 (83 73 84 19 62) 3 (37 70 13 1)
43: 48 (81 87 86 58 8) (89 10) 51 64 (45 35 56) (77 72) 13 (57 29) 62 (25 26 28) (15 14) (7 42 59) (39 55 11 40) 65 (70 73) 74 (12 41) 71 66
44: (65 29) (58 81) 86 (7 73 28 50 57) 38 45 10 56 (51 52) (64 54 23) 55 (37 20 62 43 14 74 25 11 69) (39 26) (6 59 35) 18 (84 1) (71 30 22 3) (48 87) 41
45: 19 (9 40 39 37) (81 67 56 43 7 71 84 28 59) 63 87 (16 73 24) (42 82 22 25) (33 62) 58 57 18 48 55 (41 50) 64 13 (11 31) 86 (69 14 51 72 45 49) (70 23) 21 75 74 89
46: 65 (19 56 73) (37 79) (25 18 14) 43 48 11 (45 54 26 63) (29 10) (81 87 57) (16 51) 7 (4 35 52) 72 (39 30 70 41) (55 77) 59 (42 69 9 82) (71 3 28 64) (74 78)
47: 48 (7 28 64 35 45) (73 89) (52 59) (62 29) (41 81 9) 8 (57 2) (20 58 51 66) (37 56) (55 34) (74 63 83) 25 (42 84 70 71 86 27)
48: 90 (34 51 9 64) 72 28 (26 55 10 54 85) 59 (74 53 66 39) (1 65) (78 44) (57 48) 11 45 (29 41) 73 71 (7 37) 19 8 (25 81 23 16 40 62 58) (60 15)
49: (44 11) (26 39 16) (49 47) (55 50 22 63 66) 86 (71 34) (52 1) (48 12 45 7) 84 (8 43) (51 6 35 81 73 38 41 9 70 32 56 14) (74 28) 59 (13 57) 23
50: (2 29) 8 1 (89 41 45) (51 28) 67 (57 55) 23 (66 27 11) (69 49) (43 7) (86 33 35) 59 (9 37 48 74 71 22 42) (73 70) (39 83) 63 (26 19 16 88 65 36) 58
51: 12 63 59 (23 75) (64 56 34 70 39 40 30 19 48 74) (21 41 9 77 57 87 50 62) (26 73) 38 51 (84 37) (60 72 71 11) 28 (55 35) (17 14 78) 1 (45 15 58)
52: 32 63 (20 57 88 26 84 79) 78 (39 59) 41 (15 25) (48 74) 3 (43 73) (29 37 81 30 11) (86 80 71) (64 50 34) 21 62 9 (55 60) 14 (76 10) 24 (72 35) 58 1 66 (27 19) 38 (67 83) 36 51
53: (86 24 57 55) 62 23 37 (11 67 7) 61 (56 66 8) (48 28) (82 71 29) (51 9 50 33 19 45) 14 38 74 (81 72 64) (89 73 44 69) (39 26 22) (58 63)
54: (24 25 57 90 28 19) 48 14 (72 26 39) 17 58 86 (3 62 32) 29 (40 60 8) (38 11 52) (16 73) 78 66 74 (81 45 37 64 9 4 1 41) 7 (54 34) (51 20 63 75 55 23)
55: (77 25 71 29 86 26 39) (69 28 74 55) (8 5) (70 22 13) (48 18 85 9 33 7 64) (24 11 57) (23 40) (19 14 47) (59 45 51 58 1) (38 60) 56 (41 73)
56: 29 59 37 71 (1 25 51) (57 86 74) 33 23 (39 6) (26 17 43 3 8 28) (16 9 66 72) 34 56 (58 84) (63 13 41) (60 15 20) (7 42 45 2 64 73) 11
57: 24 29 (81 59 39 10 45 23 71) 66 (57 89) 77 (70 55 67 1 63 64 48 79 12) 53 8 (41 31) 62 (58 14) (78 73) 25 84 (74 85 11 72 37) (15 56) 33 50 51 43
58: (50 59 19) (15 26) (64 45 8 1) 88 (20 55 41 63 75 32 57 11) 81 (87 27 13 73) (58 40 43) 25 (28 77) (71 31 51 39) (29 60) (56 30 37 9 74 7 72) (66 84) (62 34)
59: (8 71 73) 7 6 (69 62 23 81) 54 11 (66 45) (70 47 26 10) (50 24) 42 (58 56 1 63 13 55 22 37) (9 34 57 38 12 74 48 17 41 28) (25 64 33 60) (67 72) 51 (19 59)
60: (45 28) 1 51 48 9 (78 11) 73 14 (52 40) 26 (64 77 55 33) (36 7 62) 66 (56 67 8 70 79) (63 74 84 16 19) (69 72 41) (39 30 83 38) (13 50 43 23 29 80) (37 81 10 15 57)
61: 57 51 (52 42 78 23 64 13 71) (15 50 65 28 74) 11 (12 31 60 39 29 9 56) 81 (2 41 26) (43 1 25 45 19) 59 (55 8 66 7 37) (48 73 53 62) 58
62: (73 47) 28 (15 12 58 50 56) (8 72 14 63 7 34) (57 11) 78 (80 66 90) 13 42 45 (62 41 25) (64 59 33 44 30 84 55 1) (85 71 23 3 9) (74 81) 70 (43 51)
63: (11 79 51 24) (30 57 7 84) (22 66 18) (73 28) 64 (23 29 13 59 40) (72 34 90 1) 39 (37 81 26 70 8) (45 42 21) (58 74) 56 (48 15 60 43 78) 41
64: 14 58 (72 45 34 81 25) (86 75) 66 7 (11 20 56 15 60 13 8 73 55 51) 37 26 59 29 (39 31 23) (67 19) 62 (57 41) 65 71 74 64 89 28
65: (45 51 42) (12 61 55 31 18 49 63) (48 41) (84 15 85 56 60) 39 (57 24 62 8 58 11 78 25 29 23 16 74 40) 64 (1 72) (34 17) (73 82) (70 35 32 50 37) (9 71 7) 27
66: 24 (19 29) (57 22) (60 34 26 87 81) (21 73 37) (55 51 12) 74 (45 33 28) 67 65 (63 1 86 62 8 52 25) 7 59 71 (5 64 41) (39 78 72) 31 (23 11 16) 42
67: (81 70 45 59 85) 73 75 4 (63 57) (7 15) (40 74 58 29 62) (8 64 55) (1 16) 71 (34 86 50) 23 (51 33 24) 27 (39 47 48 87) (11 25)
68: 22 (56 31 85 77 75 81) 60 (80 57 86) 30 16 (37 28 1) 55 (39 26 25 11 83) 4 (45 90) 51 (15 59 7 29) (8 71 50 58) 70 73 (24 67 41 69) (9 64) 43 34 (66 78 74)
69: (59 35) (85 62 86) (47 57 64) 1 (77 28 43) 52 19 (15 17 70 56) (51 48 66 81) (26 11) 23 (20 34) 14 54 58 33 (41 55 73) 45 10
70: (50 25 48 87 18) 51 64 (28 11 62) (81 45 82) (12 70 66 26 38) 71 (20 72 73 19 60) 21 17 (55 9) 39 41 (63 74) (1 7) (86 15) (23 78 33 43 3) 59 57
71: 77 57 23 25 (61 7) (58 39) 16 50 (71 32 88 48 37) (42 26 63) (87 4) (66 21) 64 24 73 (69 54) (1 17) 60 (8 62) (51 44 45 85 31 28) 72 86 52 55
72: 45 56 (84 64 73) 63 (23 16) (54 90 43) (31 24) (39 55 11 10 8) (41 59 66 25) 28 (88 89) (71 42 19 37 20) (13 58) (32 78 57 69 34 1) (81 15 70 62 51) 60 48 7
73: (43 1 45 17) (73 27) (81 15 38 3) (39 87) (29 12 47) (67 7 74) 63 (56 16) 83 (59 10 49 55) 57 23 70 (50 11 86) 13 (42 62) 34 (71 48) (25 37 26 19 33) 75 (64 66) 51 (90 32)
74: (64 22) (40 13 86 78 11) (63 41 7 25) (20 23) 74 (73 45) (70 4 67 56 51) (48 69) 75 37 (50 21) (16 8 66) 28 79 (19 71 59) (43 35) (39 81) (26 38 1 57 62) 34 55 58
75: (81 62) 63 7 89 45 58 42 11 54 (59 38) (57 71) (86 70 56 39 67) 85 64 (23 44 13 60 33) 20 (19 3) (25 37 16 15 55 26 73) 51 74
76: 39 (29 10) (18 37 60 19 45 34 80 35 41) (9 54 77 74) (48 33 79) 51 (64 75) (58 56 11) (3 81) (71 4 1 23) (78 13) 73 (7 2) (47 31) (55 90 63 25) (85 84) 40 (57 66) (12 62 15 42) 65
77: 51 8 (55 23 73) (16 58 28 40) (54 1 26) 86 (7 74 66 11) 37 (39 43 49 38 27 57) 63 (18 72 71 15) 25 (56 70) 35 (24 60 19 78) 13 59 14 (64 50 45)
78: (56 81 62 34 45 86 3 22) (59 18 20 7) 79 39 71 (55 41 8 11 1 73 48) 74 (37 77) 69 (16 60) (24 51 35 13 58 10) 40 (19 67 63 52 72) (80 25) (14 26) 57 23
79: 51 70 26 7 (54 58 22 45 27 37 75 50 33 8 85 48) (55 79) (59 64 41 56 67 78 71 14 23) 62 (73 15 28) (66 74 25 29 60 3) 81
80: 45 (34 39) 63 (81 58 21 56) (17 62 25) 38 54 (2 52 11 26 51 37) (15 29) 64 (66 86 41 71) 9 7 (85 42 89) 24 74 (55 43 70) 48 (40 57) (73 84 28) (61 31)
81: 64 23 24 26 (11 54 86 74 48) 51 59 (44 8 57) (13 53 82 40) (15 55 36) (3 78 37 85) (56 71 70 79) 45 9 (29 72) (1 81 7 34) 58 (14 28 73)
82: (14 69 86 29 11) 7 (33 64) (19 22 66 56 15) (53 58) 73 (81 45 24) 10 16 (48 55 51 39) (74 85 70 13 37 72 9) (59 52) (42 2 12 71) (1 25 62)
83: (74 81 28 51) 71 (50 29 13 56) (72 66) (52 39) (37 86 7) (69 62) (48 24) (1 58 41 75 34) (59 9) (63 55) (44 11) (20 23 57 6 26) (80 42) (12 21 64) 73 84 45 25 (8 88)
84: (13 35 71 62 63 34) 39 41 (37 56 11 42) (59 86) (73 55) 25 (74 24) 47 (43 15 84) 79 (66 70 33 48 72) (1 45 29 64) (57 51 2)
85: (46 74) (15 63 48 90) 14 (24 37) (30 27) (51 39) (40 3) 57 (71 34) (87 72 64 6 28) (31 41 59 45) (23 85 80 50 29 78 9 11 66) (62 84) 82 (55 73) (2 58 33 60 1 89)
86: (74 64 59 69 62 55) 36 (71 63) 84 33 (26 23 50) (45 88 67 70 27 28) (13 78) (30 65) (39 2) (66 58) (60 25) (73 24 41 29) (14 8 48) 42 (85 57 37) (3 51) 11 (61 15 90) 1 9
87: 58 (48 25 54) (7 88 11 51) 40 60 5 44 (45 81 52 39) 1 57 (28 9) 23 71 (14 42 70 55) 56 66 41 (64 73 62 37) (15 63) 83 74 84
88: 64 (81 38 20) (66 1) 28 (12 16 11) (22 26 74) (7 59 87 29) (27 63) (71 58 45 37 35 41 55 89 31 88 69 51) (39 62 56 57) (43 14)
89: (56 58 52) 13 (50 55 7) (71 84 3 57 43 26 42) (39 8 62) 66 (63 45 25 64 30) (81 15 41) (59 90) (29 19) (48 11 73 74) (33 72 44 1 69) (37 67)
90: (88 44 81) 14 (36 51 66 60) (45 23) (85 41 13) (43 6 64 74 58 11) 26 (63 72 39) (56 73 55 50 52 7 25) (33 87 1 86 9) (32 62) 28 (71 57) (69 16 37)
