90 90
1: 85 30 33 4 25 36 44 28 76 64 29 35 39 12 23 79 67 26 72 56 68 78 7 27 6 54 21 57 69 63 15 52 43 9 46 66 49 88 22 74 59 45 20 60 47 83 84 1 18 10 11 48 53 55 19 73 70 77 80 82 37 87 90 89 41 40 14 62 2 8
2: 73 85 28 59 9 18 87 21 58 71 64 84 31 50 11 74 56 70 66 2 17 75 6 79 82 88 45 68 40 78 63 15 19 86 29 61 76 60 3 20 48 52 81 89 90 5 49 26 44 8 30 32 42 35 55 13 72 77 33 39 1 25 10 57 67 69 7 27 34 83 46 12 80
3: 25 12 30 36 82 11 54 29 86 13 90 71 55 83 10 80 44 45 63 37 64 41 70 78 89 60 38 23 1 42 65 53 43 61 17 84 68 34 31 47 7 22 74 8 88 2 32 15 79 27 24 33 75 19 52 16 77 39 56 14 76 26 20 9 28 81 66 6 49 46 69 48 50 87 57 3 35 58 40 72 5 51 59 62
4: 18 75 77 3 57 43 27 74 32 79 83 36 69 81 89 35 80 58 20 63 10 42 13 62 31 66 67 87 33 26 54 2 17 88 14 15 49 76 38 70 21 22 8 45 5 61 73 55 12 37 29 48 86 71 52 23 51 46 84 39
5: 19 68 75 81 49 11 61 78 70 37 20 36 35 71 84 12 8 67 50 13 64 79 21 60 42 77 32 63 26 51 24 14 66 44 1 41 4 22 18 46 38 53 87 55 31 88 33 40 9 80 83 82 48 43 89 30 65 5 57 45 29 52 54 16 3 15 69 59 10 39 56 58 6 90 76 86 85 74 73 47 17 25
6: 44 88 32 9 76 49 83 8 22 48 77 24 18 66 82 50 23 45 80 25 4 16 30 35 14 71 75 87 84 63 52 17 5 6 21 86 53 41 11 2 13
7: 53 86 69 76 37 28 47 84 3 87 70 50 75 74 52 85 8 25 64 40 62 78 29 79 60 66 65 56 39 81 22 19 33 26 88 45 44 46 5 54 80
8: 39 23 59 5 77 58 55 89 48 52 16 33 54 26 31 66 61 45 25 86 30 27 63 84 74 56 60 19 28 90 42 88 12 24 50 6 37 72 70 15 35 36 62 81
9: 27 83 84 19 24 18 10 82 54 53 88 13 37 62 56 79 64 86 45 50 39 15 38 5 74 59 73 76 29 4 66 7
10: 8 84 36 14 16 7 37 23 26 80 32 79 62 76 77 70 25 72 78 64 4 21 47 17 49 66 82 69
11: 57 36 12 51 17 58
12: 76 88 72 66 82 44 14 54 45 90
13: 46 15 19 88 70 77 4
14: 64 58 89 65 36 49 53 9 70 48 54 80 79 8 14 74 86 23 50 82 18 40 38 16 39 45 52 37 88 33 30 17 11 56 62 21 60 2 35 44 63 68 85 27 29 28 13 90 6 15 20 59 81 72 57 55 24 47 77 3 83 67 75 31 41 87 19 73 7 46 5 42 22 4 43 69 66 25 10 61 12 1 26 78 76 84
15: 5 34 1 22 45 16 81 82 44 87 49 67 38 71 83 14 32 36 88 47 58 76 89 24 28 9 78 23 66 72 35 61 13 59 84 30 29 56 65 25 50 79 90 39 31 69 7 40 53 12 6 60 75 21 46 41 42 4 3 80 85 57 27 37 15 64 73 8 51 54 77 17 74 10
16: 21 14 39 11 63 52 18 47 8 24 73 36 20 59 56 26 44 80 43 19 42 16 74 75 82 76 78 2 25 90 23 54 45 4 65 58 85 77 6 22 64 84 69 51 27 29 57 7 1 28 46 50 17 81 60 32 48 9 83 33 10 72 3 68 38 34 66 5 79 49 40 31
17: 45 73 18 81 4 35 23 71 74 46 29 52 89 38 69 75 13 20 43 39 86 26 44 51 37 36 50 42 17 49 7 30 24 66 77 56 61 82 68 34 57 78 65 79 8 3 90 84 83 88 28 58 32
18: 1 56 48 86 54 47 19 61 20 57 85 68 37 50 45 87 67 22 89 7 78 27 9 58 30 10 25 31 14 90 18 32 12 4 73 41 81 53 5 11 28 65 63 8 39 51 82 55 2 33 79 40 59 76 72 77 13 34 70 74 3 75 88 38 60 43 80 6 52 71 49 44 35 42 36 24 21 62 26 23 69 66 15 46 64 84 17
19: 38 12 39 20 84 15 87 46 80 23 43 48 3 28 77 69 82 81 60 33 74 32 78 79 63 51 64 66 49 57 72 10 45 47 5 89 85 55 76 73 52 70 42 24 50 36 68 6 8 88 65 1 86 53 31 2 54 17 26 37 13 62 9 71 41 83 21 14 44 11 75 56 58 27 18 67 22 29 30 59 40 35 61
20: 63 76 59 1 67 12 27 22 23 58 57 2 29 25 45 33 20 26 41 11 61 42 53 43 69 5 34 77 14 50 40 17 4 47 81 19 62 56 79 30 49 48 90 51 21
21: 55 10 50 13 25 64 12 65 30 81 17 58 67 23 32 66 1 47 34 36 85 8 90 74 75 33 48 89 88 63 22 24 20 15 54 77 53 84 40 7 76 28 41 60 73 5 19
22: 52 54 14 84 82 86 13 48 15 16 35 42 87 70 17 59 6 64 37 18 30 8 2 38 60 4 69 27 89 1 68 31 44 83 90 5 7 66 11 72 85 41 49 10 20 26 32 63 55 33 34 47 51 74 57 9 23 62 12 56 50 43 21 24 61 3 78 73 39
23: 3 44 11 27 39 12 42 2 17 70 62 75 48 4 57 88 32 65 30 86 9 34 22 54 15 50 68 78 8 6 55 31 25 51 38 81 33 61 59 20 63 56 5 13 49 29 72 26 7 23 69 10 37 36 46 67 87 84 71 74 14 19 21 80 41 45 24 90 85 79 60 16 43 66 28 47 64 77 83 1 52 35 40 73
24: 52 16 1 90 6 84 45 59 68 32 77 48 54 81 11 42 15 21 35 38 39 46 30 79 67 28 22 49 51 17 7 43 70 41 24 87 56 47 14 82 5 86 40 83 36 57 60 3 72
25: 80 57 30 34 26 90 35 71 77 67 72
26: 29 33 9 59 40 87 88 63 89 67 28 50 36 82 84 44 22 62 32 79 12 47 76 68 78 52 77 38 27 17 10 8
27: 6 81 21 3 15 1 60 69 65 78 35 51 31 71 80 19 61 29 18 77 30 66 83 79 39 59 12
28: 25 39 21 9 79 87 5 82
29: 24 61 51 17 2 78 42 31 69 33 48 64 72 60 67
30: 81 74 82 90 71 25 72 60 6 31 21 5 14 79 55 84 62 76 43 80 41 34 73 68 9 65 59 53 28 8 35 50 52 15 16 67 18 10 51 12 24 1 48 63 3 26 33 70 7 4 54 11 42 86 69 88 19 2 56 75
31: 12 72 42 75 4 71 67 9 56 79 38 8 23 29 40 11 28 41 15 63 43 49 68 13 47 62 46 18 82 57 6 61 45 50
32: 47 71 90 87 51 37 34 53 7 79 35 83 56 23 11 4 12 68 6 25 28 88
33: 22 17 82 75 23 11 4 34 29 5 56 86 7 3
34: 26 87 9 36 54 20 19
35: 16 41 84 44 63 13 49 71 90 54 59 82 33 62 36 60 51 67 46 45 9 80 21 37 12 22 58 15 55 18 88 23 52 42 7 29 47 2 68 50 10 20 76 25 48 56 34 85 74 66 69 4 57 26 64 86 35 8 28 61 40 3 24 38 75 65 77 79 73 78 87 11 6 1 53 32 5 43 81 70 19 89 39 83 27 31 30 14 17
36: 30 28 21 11 63 67 31 10 89 59 35 17 48 26 69 19 8 41 62 24 22 71 9 88 20 51 49 75 76 87 40 14 52 46 61 3 80 73 39 6 85 60 79 27 57 2 5 74 38 12 36 33 15 54 68 70 44 55 65 56 34 86 53 72 43 58 64 29 37 47 42 23 18 84 4 78 45 66 1 81 13 83 50 90
37: 18 64 42 13 46 16 5 36 3 19 23 41 45 65 39 78 81 82 4 86 40 44 8 21 12 77 43 67 1 85 53 63 29 72 76 74 20 7 58 47 9 48 51 11 52 24 69 57 89 55 61 30 27 34 26 50 2 80 56 10 38 75 59 15 70
38: 21 30 80 12 8
39: 61 59 32 16 89 54 75
40: 73 86 19 29 88 54 53 81 52 75 15 42 58 55 34 38 89 61 77 83 74 26 46 48
41: 86 33 64 57 6 24 20 51 71 75 88 9 48 22 72 80 90 50 7 12 41 82 14 52 26 32 25 19 46 40 44 78 15 11 85 30 69 37
42: 71 20 86 56 7 61 24 77 21 32 36 54 62 47 46 17 70 12 19 88 1 42 35 50 13 41 69 16 2 85 31 15 81 83 79 90 28 67 66 74 63 25 87 64 4 11 76 22 68 72 30 60 37 84 48 89 8 65 45 3 38
43: 2 40 43 4 52 6 42 46 16 29 49 44 65 75 33 13 80 70 28 22 77 74 58 83 66 90 86 17 8 81 25 53 23 88 64 9 20 41 45 57 59 55 71 54 35 78 60 24 61 69 31 19 87 73 3 76 63 26 34 79 56 68 36 89 39 84 50 5 15 27 14 82 85 32 62 30 48 72 51 38 67 11 37 47
44: 51 68 27 13 78 33 23 75 61 55 8 64 41 63 24 39 45 18 62 32 40 60 29 25 72 26 21 54 1 49 44 84 7 4 69 53 19 38 35 30 48 37 81 17 11 74 80 28 3 22 66 5 31 73 9 14 34 79 89 56 58 70 46 57
45: 37 81
46: 70 7 2 83 81 9 29 62 42 45 89 61 79 22 28 86 11
47: 88 30 53 46 41 84 37 83 34 69 22 27 2 38 48 44 5 24 59 80 12 9 3 65 61 8 56 18 86 23 68 19 17 25 6 16 14 29 90 87 82 26 32 54 67 75 55 79 21 51 36 78 50 62 11 42 7 52 76 33 73 47 20 64 49 74 71 40 57 81 31 28 13 15 60 4
48: 67 54 59 18 15 81 56 60 17 47 55 58 65 19 7 62 4 30 85 80 6 89 73 45 21 86 5 49 22 40 3 10 83 76 35 39 2 90 57 13 53 82 87
49: 56 53 49 13 32 15 64
50: 70 17 82 38 19 45 41 34 37 32 28 40 31 55 88 39 57 68 61 90 4 64 1 9 81 74 56 85 13 75 49 51 46 24 20 36 8
51: 29 70 1 16 43 11 17 54 73 63 69 5 45 72 86 88 26 85 25 57 4 42 6 15 60 74 48 8 77 9 41 49 52 87 67 78 64 37 61 44 34 39 27 38 80 3 13 31 24 66 2 83 40 58 12 81 18 10 35 33 50 22 19 76 46 53 84 51 47 56 90 68 23 20
52: 58 1 54 32 87 90 70 10 29 76 75 43 3 73 61 4 69 45 72 38 47 56 40 74 23 52 50 34 8 60 64 31 53 35 82 62 6 39 37 63 15 21 88 81 18 25 66 65 22 44 16 49 33 30 86 68 36 85 84 59 83 80 27 89 12 67 55 19 26 17 71 11 57 51 28 41 2 46 77 48 13 79 7 42 20
53: 15 43 5 87 63 84 80 25 56 34 73 74 18 71 64 13 12
54: 31 34 1 15 18 9 37 58 51 83 5 11 87 33 36 80 2 40 71 74 17 25 76 56 84 54 67 78 59 85 72 26 4 82 12 29 23 81 86 90 79 39 61 43 57 22 20 88 52 77 42 41 3 62 47 70 28 7 14 66 8 48 75 16 38 44 89 45 6 68 63 21 49
55: 64 52 89 5 30 55 69 56 38 85 33 84 42 67 58 3 61 34 32 23
56: 54 41 52 5 2 56 12 11 18 29 7 44 86 84 14 27 15 4 37 82 81 31 33 78 72 80 59 61 23 88 68 53 30 40 24 21 73 43 17 70 9 8 48 76 87 77
57: 90 83 12 16 59 71 84 31 6 4 15 66 35 42 7 56 88 27 32 1 62 78 57 19 41 44 58 63
58: 76 13 29 86 12 46 41 22 42 69 19 1 78 25 57 63 66 82 36 65 58 15 53 39 50 56 34 90 40 14 87 20 61 7 4 59 23 11 21 70 32 3 85 84 35 81 27 9 72 26 2 6 73 74 24 5 16 64 28 79 88 51 18 17 8 83 45 55
59: 77 59 48 67 13 21 64 52 38 9 7 66 3 61 68 47 26 78 17 6 88 30 69 84 46 85 15 10 76 62 32 24 12 45 43 35 16 18 57 79 58 70 71 56 39 41 90 14 65 37 49 1 86 89 44 31 33 20 27 50 40
60: 24 20 61 9 76 15 52 51 3 56 23 87 31 19 82 79 1 65 83 68 17 78 21 50 74 70 45 72 18 8 75 41 84 12 44 34 69 89 5 54 71 64 66 62 57 55 47 11 81 29 42 40 22 67 90 7 33 27 10 63 77 14 30 80 39 25 13 43 4 16 37
61: 63 50 1 67 75 43 7
62: 60 11 39 6 17 80 27
63: 84 72 54 6 46 85 71 32 44 83 38 14 23 76 25 7 61 30 89 41 5 79 63 24 3 56 10 16 88 17 20 78 31 52
64: 30 85 54 52 55 89 49 84 21 68 90 31 41 53 47 7 45 71 88 24 36 33 76 83 3 78 25 46 51 82 79 60 63 14 80 38 67 50 29 16 22 39 59 12 48 87 18 10
65: 37 88 86 64 67 9 63 54 36 58 16 42 11 81 48 43 7 29 52 73 20 38 44 76 47 8 6 28 90 89 84 45 60 34 77 24 4 19 74 41 83 12 79 18 46 33 35 25 27 5 50 69 32 75 15 40 62
66: 28 61 36 60 75 73 22 44 87 80 2 58 63 71 16 48 84 37 21 52 82 13 14 29 31 3 69 19 43 90 41 49 66 45 17 59 53 55 33 51 12 85 72 78 83 1 54 8 74 39 32 62 68 76 42 89 25 50 4 70 86 35 6 57 46
67: 66 15
68: 37 89 22 34
69: 28 53 88 54 45 63 59 40 30 51 36 70 17 37 25 44 22 39
70: 64 28 61 66 41 44 36 71 78 34 69 30 26 39 27 55 90 76 12 7 81 8 3 49 79 45 52 38 2 72 67 15 32 31 9 63 46 80 19 25 74 21 62 4 56 16 54 65 84 22 13 88 14 17 58 57 37 59 47 70 35 6 85 86
71: 30 52 79 82 50 62 80 51 72 56 2 27 39 68 58 38 48 18 83 63 53 86 46 66 8 9 37 89 19 23 67 16 40 90 25 47 22 49 6 7 1 28 42 13 85 17 78 11 29 87 41 55 65 84 12 26 54 4 43 31 33 76 32 61 57 14 24 3 10 36 64 34 77 70 5 20 88 45
72: 47 5 12 81 2 26 70 74 90 10 63 50 55 38 83 54 6 37 52 78 33 67 40 84 15 58 27 35 4 9 16 43 87 86 75 31 19 57 21 76 7 77 44 51 71 20 68 18 23 13 14 34 56 46 3 72 85 30 39 82 28 48 29 69 11 24 88 36 66
73: 64 90 36 8 61 76 24 39 75 21 73 43 30 46 1 82 51 58 79 3 27 69 87 63 17 9 47 77 52 16 49 48 26 55 65 25 50 10 20 85 67 28 34 74 78 57 14 44 23 13 83 12 35 86 62 81 45 60 33 54 56 2 68 66 7 40 53 29 5 42 15 18 88 22 19 84 11 41 59 71 4 31
74: 79 4 88 71 46 45 17 48 29 60 3 55 23 22 74 47 82 16 14 40 73 41
75: 60 22 82 8 37 70 31 29 84 12 61
76: 78 64 86 88 7 8 66 65 20 34 18 61 39 45 81 28 71 4 50 52 22 17 75 40 53 3 21 90 57 46 89 67 38 77 11 73 70 25 68 54 84 44 6 36 51 62 14 29 13 72 49 32 1 26 55 87 69 31 42 12 58 60 27 2 80 37 30 85 48 15 23 83 79 16 43 47 5 74 76 33
77: 88 3 29 76 9 86 52 39 42 74 75 10 71 8 50 37 44 49 47 89 64 45 19 33 27 78 83 62 28 90 58 66 63 21 79 67 15 43 26 22 46 84 70 12 57 77 36 16 17 11 13 65 6 61 24 87 25 38 59 31 73 40 4 69
78: 25 50 85
79: 43 4 63 51 78 17 11 54 52 87 88 71 31 85 16 27 28 59 83 76 18 53 49 1 34 74 58 40 67 55 50
80: 83 59 30 20 39 71
81: 37 20 11 89 84 23 61 69 14 80 79 50 59 28 21 38 76 60 17 27 19 10 2 81 55 63 44 62 72 8 40 52 30 3 29 83 42 25 82 5 4 67 87 41 56 33 71 6 68
82: 82 85 79 2 15 45 55 14 52 32 40 75 35 72 5 8
83: 43 27 55 32 59 62 13 3 1 23 83 11 48 24 15 71 37 68 6 38 63 50 84 70 61 69 86 46 29 19 22 10 20 56 4 85 35 53 40 45 66 52 81 78 79 7
84: 47 39 33 73 1 30 26 11 6 4 5 25 48 59 84 34 24 62 90 69 37 83 19 70 31 61 8 85 80 9 40 21 42 45 68 77 43 18 27 55 88 20 10 67 17 86 60 16 82 65 22 38 35 52 7 28 14 54 15 64 36 2 58 79 71 23 49 32 56 41 29 89 50 76 87 75 44 51 53 3 46 63
85: 59 37 58 88 36 57 9 43 46 47 70 18 77 6 87 50 39 90 62 4 29 21 30 64 12 75 81 23 31 17 80 28 84 83 71 72 73 16 76
86: 23 86 5 89 20 29 4 83 60 72 24 33 10 32 13 62 31 82 37 73 74 8 17 14 25 77 80 7 88 59 28 65 57 53 16 68 70 36 76 56 81 43 61 27 18 48 51 30 41 11 21 78 38 2 50 46 66 71 40 22 12 6 26 90 69 1 9 45
87: 21 1 38 87 31 72 45 60 90 5
88: 51 30 23 88 66 43 81 68 8 56 61 55 32 49 28 90 78 59 20 54 34 2 46 42 57 6 69 12 75 22 5 52 60 13 65 31 45 33 29 87 74 24 9 35 73 70 17 41 3 7 50 72 80 38 36 58 27 26 14 84 77 19 47 79 1 64 4 85 63 11
89: 42 62 61 32 66 21 74 81 9 43 10 23 76 45 59 87 35 49 77 65 64 30 28 55 19 89 22 11 25 52 8 34 41 20 48 53 82 84 18 6 5 69 38 39 51 70 37 40 29 60 7 26 57 17 3 16 83 14 33 4 67 44 12 2 80 85 73 54 24 71 63 50 13 56 79
90: 2 79 80 62 75 6 86 76 58 10 74 8 39 51 87 7 15 64 49 65 36 18 1 37 52 17 47 35 9 25 33 57 63 27 69 24 89 44 67 19 77 54 84 42 46 14 5 38 61 20 26 30 3 4 32 81 50 22 53 31 56 90 21 88 66 83 78 45 71 23 73 60 70 68
1: (66 84) 20 (27 57) (15 51 88 36 52) 42 3 (73 83) 1 50 5 (23 90) (30 44 61) (71 16) 76 54 14 35 19 (58 59) (79 24 37 87 21) 86 (22 18) (2 60)
2: (46 1 35) (72 18 51 71 76 54 4 19 81 23 90 86 37 43 47 70) (2 66 73 58 16 22) (89 6 52 48 88 56 3) 30 (82 29 14) 42 36 (20 84)
3: (52 81 2 4 23) 35 (44 70 54 19 33 60 72 51) (58 48) (30 88) (83 27) 37 15 (63 5) (14 73 22) 3 7 (64 59) (76 17 42 89) (24 43) 55 (84 77 16) (71 90) (66 47 18) (36 74)
4: (73 14 16 5) (57 10 72) (9 60) (76 88 43) 42 (85 74 37 51 70 90) (65 56 17) 47 32 (52 71) (31 79) 20 13 58 36 (48 6 83 22) 66 (23 54 89 77 30 15 35) (44 81 1) (84 50 33 86 18)
5: (14 72) 53 (60 16 54 90 84 15 22) 28 (71 81 55 24) (18 65 51 89 4 6) (82 2) (63 87 58) (35 8) 86 (33 37 19 47) (21 3) (56 43 88 7 30) 36 44 (23 9 20 76) 48 (5 73)
6: (85 2 36 48 24) 71 (18 81) (65 66 41) (19 77 31 54 23) (76 57 32 84) (5 14) 8 (47 58) (52 59) (51 90 30 3 63) 62 (83 22 89 72) (16 15) 43 (6 70 86) (1 88 35 27)
7: (42 84 73 64 65 10 89) (30 18) (60 90 23 3 2 32 21 47) 58 (37 54 14 33 70) 9 (15 61 76) (88 17 22 35) 57 (41 72 86) (1 56 71) (52 59) 83 63 (44 16 24 48) 46
8: 37 (43 15) (60 44) 22 14 75 (84 71) (10 7 81 56) 77 36 (6 26 50 35 66 88) (58 30) 54 4 (3 17 70) 82 (38 21 47) (89 90 51 86 65 1) 19 18 (16 5) (52 31 23 2 42) (73 76)
9: (59 46 41) 47 (16 37) 18 (28 6) 23 22 31 (1 19 44) 54 50 (51 90 58) 88 (3 70) 34 14 (35 43) (73 71) 86 (26 15 2) (30 60) 65 (85 56 36 5) (72 84) (77 89)
10: (5 21 83) (30 2 60 71 3) (81 14) 9 (16 51 63) 36 (84 48) (90 73 1) (64 89 52 86 22 59 26 18 37) (77 15) 4 72 (19 23 35)
11: (65 36) (31 52) (88 44 23) (42 43) (33 51 3 41) 47 (35 71 32 56 81) (60 20) 72 83 16 (76 6 1) (37 30) (46 5 54 89 58) (14 77 84 18 24 22) 19 86 (73 79 62) 2
12: 66 47 8 (89 73) (88 22 77 64 76 26 14 65) 5 (37 20 41 30 36) (38 54) (27 4) (75 57 19 15 2 31 71) 56 18 70 (3 42 52) 59 72 (85 35) 60 (58 86) (32 21) 51 (53 1 23 11)
13: (66 14 70 49 42 59) (17 44 43 52 31) 18 21 3 72 4 (9 50) (53 6 37 35 19 60 36 86 89 2 48 76 83) 22 58 (23 77) (88 15) (5 71 73 51) 47
14: (84 3) 41 (74 23 72 15) 14 30 (24 63 89) (60 20 70 10) 4 (86 18 76 16) 47 35 88 1 (71 44) (19 90 43) 12 73 (5 58 81 22 56) (59 36 54 6 66) 82 64
15: (3 14 48 83 76) (21 22) (24 67 47) 73 51 (41 1) (36 60) (8 35 9) (13 57 53 40) (82 90 42 23 19) (15 56 65) 84 4 27 77 (43 2) (5 70 49 52 37) (59 31 72 30) (58 18 54)
16: (74 15 3 23) (5 22 73) (8 14 39 85 6 57 43 65 37 72 77) (54 89 70 35) (58 86 42 51 59 79 64 30) (24 84 47) (60 52) (71 16 76) 66 (63 10)
17: 4 (23 59) (71 74 33) (29 10 2 18) (16 44 36) 48 54 (69 15) 90 (66 50) (85 81 88 14 20 24) (70 42 89 11 77 52 22) (73 19 21 63 43 84 62) (79 5) 58 (86 26) (3 56 6) (76 17) 51 (47 60) 35
18: (51 16) (53 31 84) (54 58 52 71 17) (86 60 73) (18 37 14 85 4 44 22 48 19) (64 59 90) 30 35 (1 9 36 2 79) (56 6 5) (27 76 47 65 72 89)
19: (89 72 27 51) (18 16) 65 (90 43) (8 66) (52 9 73 7 83 2 44 77 21) (84 42 14 70 36 48 41 88) (47 30 1 81 35 40) (5 50) (71 13) 23 (57 58 34 3 20) (60 37)
20: (5 2) 54 (19 36 50 37) (42 90 51 14 4 3 72 63 65 80) 76 71 (60 22 83 89 16 21) (59 84 86 58 1 34 41 47) 17 88 (52 23 20) 43 35 (18 81 73)
21: 56 (15 64) (44 4) (81 35 54) 72 58 87 (85 2) 18 (37 20 10 6 48 19) (89 66 60 14 30) (5 16 73) 77 90 (27 70 1) 59 24 (36 38 86) (42 28 84 47) (52 76 23 22)
22: (35 14 15) (16 54) (69 1 3) (64 5 51) (66 18) (52 46) 26 23 (48 74 6) (41 19 47 83) (73 88) (36 86 7 21) 24 (77 58 42 20 70 84 44) (33 90 60 43) (68 4 75) (89 71 76)
23: (72 55 8 3 88) (81 71 14) (54 73 22 89 23 86) (74 17) 37 (21 84 20 15) (60 31 52) (51 19) 63 (76 56 36 4 32) (1 43 90 44 35 16 6) (83 18) (58 33 10 47 85)
24: (63 83) 56 15 (42 3 36 21 88) (89 18) (65 19 35) 59 (64 84) (22 58 60) (86 43) (47 17 5) 6 (30 37 50 23 90 77 72 16 71 24) (14 51 8 41 44) (73 9) 29
25: 20 (6 70 78) (8 58 76 43 63 44) 54 (15 77 81 64 35) (60 69) 52 (73 71) (7 32) 2 1 (3 28 18 47 23 51 66 65 89) (42 21) 30 (5 53 84) (41 86 90 10 14 16)
26: (22 1 36 3 71 2 8) (58 43 72) (52 20 88 10) (7 70 25 84 23) 14 (40 77 54 51) (37 4 18 86) 44 (5 90) (16 30 41 89) (59 47 35 17 19) (73 76) 34
27: (20 79 73) (57 44 76 3 71) (84 35) 52 (19 65 15) (23 26 88) (43 83 36 16 72) 1 81 (56 2 8) (90 60 51 77) (62 4) (18 86) (14 22 37) 70 59 (9 47) 58
28: (71 47) 54 (15 3) (1 77 14 19) (43 89) (58 35 88 7 50) (79 44 46 76 42 21 69 73 2) (72 17 16 26 8 84 36) (66 86) 81 (31 85 30 24 65 52) (70 32) 18 23
29: 31 83 75 74 (77 15 35) 54 88 46 (14 40 26 89 23 66) 19 33 36 (65 81 85 44 3) (1 7) (16 58) (20 37 43 4 73 52) (86 17 47 84 71 56) (5 27 60) (72 64 51 2 9 76)
30: (23 80 24 56) (5 60 21 3 71 6) (41 72 55) 36 (48 18 73 43 52 81) (89 47 14 90) 70 84 69 (2 42 76) 63 (1 27 88) 64 (19 38) (20 44) 22 (8 35) (59 85) (37 25 17 15 86)
31: (71 47) (54 84 87) (43 72 73 29 90 57) (44 5 66 88) 22 56 (75 16) 63 8 (59 86) 77 14 60 (15 42) (76 51) (52 18) (79 19 27 3) (35 23 2) (50 30 70 4) (36 64) 85
32: (3 47 65) 15 (44 5 43) 90 (52 23 71) (4 58) 57 59 70 83 (19 84 86 49 89) (26 16 2) (10 55) 39 (66 18) (17 35) 63 (42 22 88 6 82) 24 21 (50 41) 76
33: (84 4 43 3 41) 35 60 (55 64) 16 26 14 (76 88 1) (86 73 2 19 77) (71 66 18 54 29 89) 20 30 44 59 (65 22 81 90 52) (72 47 56 23 36) (5 21 51 8) 7
34: (36 68 2 35 23) (84 88 51) (20 3) 54 (52 55 30) (25 22 71 17 70 60 47 89 40 37) (21 73) 53 79 (50 72 44) (16 18) 76 (65 58) 43 15 (32 33)
35: (44 72 8) 73 57 5 (52 66 70 36) (32 15) (43 1 23 65 4) (90 3 83 14) (84 2 18 24) 17 (25 59) (35 58 88 19 22 27 48) (51 42 89 6 30 82)
36: (73 50 64) 17 37 69 (4 52) (3 65 19 18 15) (21 88) (86 10 85 23) (14 11 5 8) (71 35) 47 (90 76) (26 66 84) (1 24) (16 72) (34 43 36 54 77 70 58 42)
37: 77 (18 36) (68 84) 69 15 14 85 42 (4 8) (70 81 65) (19 86 45) (52 90 22 9 59 44) 72 (17 54 41) (76 75 35 56) 10 (50 5 23 66) 89 (32 60) (3 1 51) 7 43 (47 71 83)
38: (31 54 65) (81 4 76 87 77) 51 50 19 (9 5 59 55 40 52 26) (63 88) 24 (89 83) 43 (47 86) 14 18 15 42 (71 70 84 37 44 23) (17 64 16 72) 90 (35 22) (36 3)
39: (8 51 9 14 73 48) (19 70 27 77) (15 54) (4 28 90 69 72 36 76 64) 58 22 (50 66 18 2 60 80 24 35 89 43) 16 (59 23 44 7 3 17) 62 1 5 71 37 (84 52) 85
40: 82 (50 37 3) 36 18 (1 59) (44 20 86) 7 (16 89) (74 72 15 47 77 41 73 81 65 71) (58 35) (23 26 31 52 83 24 14 69 54) 79 (60 84 5 19 56) (21 48) 43 2 51 76
41: 89 54 50 (56 5) (73 19 23) (47 3) (1 6 21 84) (88 64 51 70 74 60 18) (24 86) 65 (58 15) 44 43 (35 14) (63 20 42) 59 52 (22 36) (41 57) 81 (66 71 31 30) 37
42: 18 (3 35 88 60 4 54 76) 66 30 (14 81 90 65) (43 23) (73 40) (71 51 29 77) 52 (20 5 2 84 55 15 47 8 57 89 22) (24 36) (42 37 58 17 46) (19 16 31)
43: (22 4 37 19 5) (31 61) (52 54 86 89) (85 36 3) (51 1 23) 73 60 (43 14 20 84) (16 88 17 72) (56 66) (30 76 71 83 18 79) 53 59 (35 77 65 24)
44: (17 73 90 7 47) (35 72) 36 65 (66 63) (41 26 89 15) 69 57 23 81 18 54 (37 60) 77 52 (1 59 14 56 19) 3 (22 51 12 76 70 44 2) 43 6 (16 84 5)
45: (64 43 36 35) (52 90) (19 4 23 60 42 12) (18 59) (44 89 46 15) 31 37 (20 87 6) 48 (8 84) 7 (51 86) (83 74 1) (17 73) (3 66) (50 5 14 88 2) (24 54 82) 70 (77 16 76 9 58 69 65) 71
46: 35 64 (88 24 43) (41 4 84 51) (47 90) 73 18 (3 37 70 77) 59 2 (42 66) (31 58) (19 23 65) 15 13 7 76 40 (52 17 83) (16 44 5 71 86) 1 (36 14 85 63) 72 50 74
47: (36 7) 19 (3 26 88) (1 47 32 43) (85 24 42 31) 71 (64 59 15) (35 70) 72 52 5 37 18 (14 20 21) 16 48 (60 90 51) 22 (76 84 54 73 10 23 74 77 65)
48: 54 23 (71 41 44) (2 29) (8 22 30) 6 (35 40) 64 (19 1 20 37 51 89 83) (72 65 18 84) (14 16) 74 86 (42 52 4) (36 56 21 76 66 59 5 3 43 24 73) 47
49: (44 31 18 90) 79 (17 50 48 22 76) 51 47 (3 10 19) (66 52 77 23 4) 6 35 43 89 (88 5 1 64 24 84) 49 (54 70) (71 14 16) (20 73) 59 (2 36 15)
50: (47 83 52) (42 76 85) 17 (16 15 22 26) (9 30 3) (65 86 41) (58 89) 61 14 (84 20 21) 78 (7 18 72 51) 79 (5 23 81) (59 35 88 37 19) (8 71) 6 77 (2 31 64 73) 36 (60 90 66 43)
51: 35 (72 66) (79 88 20) (51 90 50 18 37 64) (73 36) (22 16) (60 17 23) 41 30 (15 5 54 71) (27 58) (47 24 19) 29 (76 69) 44 (84 4 89) (3 11 52) (43 86) 32
52: 43 (56 82 63) 8 (73 54 41) 30 71 (14 88 59 89 22 17) 35 51 84 (40 79 16) (66 6) 19 (76 65 81) 26 (52 24 55 60) (36 90 72 64 47) (3 23 18 70 7 37 83 5 77 1 4 2)
53: 37 (20 64 86 66 19 69 1) (21 83 52 9 18 43 14 32) 71 (40 89 79) (84 49 47 44 7 6 48 76) 73 (3 90 58 51 5) (56 15) (30 36 35)
54: (65 70 47) 54 (51 73 90 40 8) (56 36 69 60) 66 23 (89 76) (48 19 34 79 22) (14 72) (71 35) (12 15) 24 52 (88 4 3 9) (30 63 84 5 43) 7 44 (1 16 21) (42 39 18) 64
55: (74 5 3) 50 55 44 (43 36 48) 89 (71 37 19 83 73 18 21) 30 (66 64) (72 70) 88 35 79 4 52 76 (23 84 8 2 1 82 47) (81 22 14 40 58) 60
56: (31 83 73 19) (58 32 54 15) 55 18 (43 89 57) 42 (3 81 22) (71 17 60 51 5 14 23) (72 86 33) (63 2 90 88 48) (20 50) (70 35 7 16) 1 52 (24 53) (47 37) (9 36 30 8 56) (84 44 59) 49
57: 59 52 (24 16 48) (66 58) 11 (86 23) (43 14) 41 88 (20 4) 18 50 (44 90 37) (71 2 31) (54 15 51 89 47 36 35 5) (25 70 17 76 77 22 60 85) (73 57 3 1 72 19)
58: (90 54 72 2 70) (48 14 73 37 15) (43 44) (77 11 18 40) (65 19 3) 76 (55 20) (17 51 84 79 52 59 88 57 16) (36 35 58) (66 71 8 85 4) (21 5)
59: (15 35) 20 69 30 (81 23 9) 70 (66 58) (18 85) 39 73 14 (8 47) (56 64) (5 80) (88 48 37) (19 57) 89 (3 24 52 54) 27 86 43 79 (16 36) 1 84 (22 59 77 83 2) 26
60: 48 (22 2 29 36 86 15 64 88) (47 52 35 8) (43 90 14 81 42 21 65 84 30) (62 89 74 51) 5 (76 75) (1 73) (18 16) (27 3 66) (23 19) 44 87 (24 7)
61: (36 63) (76 51) 31 81 (15 40 14 73) 19 (59 56 5 54) 42 (75 17) (71 84) (35 86 89 39 22 55 83) (44 70 2 77 37) 58 4 46 (47 88 27 52) 29 (20 43 60) (90 66) (18 50 3 8) 23
62: 73 (47 54) (14 23 18) (20 9 57) (30 85) 42 (48 36 1 10 26) (89 76 52) 4 (19 59) (83 22) (35 90 31) 86 (3 46) 81 60 43 (7 77 84 66) (70 8 71) (65 44)
63: 3 (36 64 37) 84 (71 60 69) (83 5 31 77) (66 6 2) 61 90 81 (18 65 19 88) (35 42) 63 (22 14 70 79 16) (57 8) (4 54) (43 58 30) (21 89 1 51 73) (44 26 23) 52 (72 53 20)
64: (35 70 51) (22 55) 60 50 (65 47 37 52) (15 89) (36 42 77) 90 58 (14 18 2) 88 (19 84 71) 16 49 7 (10 1 76 29 9) (23 21 41 5) (43 59) (3 44 73 53 85)
65: (60 3 90 77) (36 30 37) (23 5) (16 17 84) 14 35 (42 71 76) (19 86) 48 89 (70 73) 52 (21 47 27 18) (43 59) (58 15 7 88)
66: 67 (1 89 58 72 44 14 59) 15 7 (76 86) 2 (5 8 4) (54 90) 43 3 9 73 70 51 (60 18 52 17 57 36 83) 19 (88 71 10 22 27 42) (77 16) (6 21) (23 12 35 66)
67: 73 (21 61 15 43) 72 (79 77) (4 23 20) (25 26) 51 59 71 54 (35 18 48) 37 (36 1 5) (52 29 24) (65 14) 89 (31 64) 81 70 (42 47) (55 76 60) (90 2 19) 30 84
68: (31 76) 84 3 (26 17 44 35 18) (23 59 5) (54 47 2) (81 43 52) (14 30) (42 86 51) (1 32) (24 88 72 83 16) (66 73 60) (64 71) 22 19 (50 90) (56 36)
69: (35 2 37 73 29 89 55) (66 59 52) 60 17 (27 10 15 22 23) (76 3 86 5 47 30 18 77 1 4 70) (20 43) (83 16 14 84 81 72) 41 (42 44 65 51) 58 (19 88 90 7 36)
70: (54 58) 60 84 10 (36 37) (46 35 85) 76 (86 5 18 72) 90 (88 69 13 44 24 75 22 2 7 23 19 89) 71 30 3 14 (77 66 43 50) 51 56 (59 83) 1 (52 4 42 8 70)
71: 66 (43 60 86 64 52) 79 (17 84) (63 41) (81 74) 59 (2 76) 6 32 (77 73 3 4 27) 53 85 (19 15 54 35) (30 36) 90 23 (18 47 42 89) 31 (72 5 70 57 83) (25 80)
72: (37 14 54 31 2) 3 81 1 43 (76 51 52 44 42 85) (24 72 25) 8 (29 16 70 23 36) (12 60 86) 63 (82 30 22 15 10) (56 41) (66 71 88 87 58 18) 19
73: (89 88) 22 66 (84 18 19) (85 4 16) 21 (15 17 5 56 36) (47 77) (51 30) (58 9 65 44) (76 40 74 14) (90 52 43 1 2 53) 23 (86 73 48) 35
74: (1 66 51) (77 72 14) (3 7 58) (16 73 90) 36 2 53 15 (54 44 89 52 40) 21 (37 50 19 86) (43 65 35) 4 23 (70 79) (17 60 5 47 18 76 22 74 9 42) (88 30) 8
75: 65 40 (37 54 47 84) 77 6 (66 5 2 36 30) (16 88) (61 15 82 21 85 17) (73 44 4) (23 41 31) (60 7 3) 33 35 (39 43 18 90) 19 (14 52) 50 (72 76)
76: 84 3 26 (90 54 70 15) (7 71 79 56) 65 (6 63 42 66) 59 (73 2) 18 30 (16 51) 1 (81 12) (47 21) (36 35) 60 19 (37 85 43) 52 76 (20 72 48 64) (9 89) (5 77 10 14 4) 58 86
77: (6 26 90) (1 65) (59 52) (89 8 43 54 14 84 21) 24 (2 42) (86 73) (19 20) (72 40 13 51) 60 71 (77 23 5) (3 35 56) (4 85) (18 37) (27 88) 76 15 (25 10) (17 16)
78: (59 63 51) 72 43 3 2 47 86 (73 37 5) 16 (79 88) 83 (22 76) (1 15 35 66 23 17 41) 54 18 (27 14 70 29 77) (71 64 26 90) (60 7) 36 (19 57) (44 58 10 56)
79: (43 77 7 58 17 30 28 4 24 70 32 84 71 64) 18 (81 15) (90 60 52 5) 19 (89 74) (83 27) (73 2 9 14 31 76 46 59 20) (42 26 3) 88 (63 44 65 82 36 54) (23 10 47 16 1 35)
80: (43 89 54 10 60) 16 (71 76) 23 (7 52 51) (38 86 35 48) 5 (15 85 14 37 56 44 62 25) 6 (27 36 53) 19 (70 30) 81 18 (3 90 66 4) 1 (47 2 88 64) (84 41)
81: (48 40) (24 37) (50 14) (16 5 45 46 88 47) (89 52 30) 90 (42 51 21 54) (7 4) 72 81 (20 44) (3 58 15 35 17) (27 43 8 19 60 2 70 86) (56 83) (76 73) 65 85 (23 18) 36
82: 35 26 43 6 (73 1 14 56 19 66) 2 (33 50) 82 (18 16 58 74 75) 3 (41 54 81 9 86 89 60 64 52) 72 (12 84) (31 71 47 28) (30 17) (5 24) 22 37 (48 10 15)
83: 4 (3 52 9 23) (79 27 47 83) (89 46 73 57 43 15) (90 35 32 16 84 65 58 81 64 36 72) (71 86) (77 40) (66 5) (1 54) (22 60 51 14) (24 85 2 6) (63 48 42 76) 19 80 17
84: (19 17) (84 6 85) 83 (72 1) (5 53 75 70) (59 22) 76 (56 44) (73 4 14 90) (21 58 30 88) 64 81 (55 47 10) 15 7 43 (23 3 42 16 52 66) 18 (60 89 77) 35 9 (8 63 36 24 71 26) (2 65 57) 54 51
85: (63 59 2) (55 23) 37 88 82 89 (35 41) 7 (15 21) 43 (18 66) 42 (51 70) 48 (58 16) (5 22 14 64 73) (84 36 79 78 76 19 50 83 72) 1 (71 54) 52
86: (14 77) 23 (70 35 40 36) 18 (71 30) (66 83 4) (84 43 51 17) (52 56 48) (46 41 8 3 5 33) 76 (2 6) 47 (22 7) 65 73 (19 54) 37 9 (42 59 58) 24 (90 86 72)
87: (47 51) (4 24 52) (76 14 7 34) (56 66) (85 53 15 54) (2 6) (60 73 1 28 36 79) (77 42 58 84 71) (19 23 18 5 26) 22 81 3 32 (89 88) (43 90 72 64) (48 35 87)
88: (2 71) 8 52 56 3 (54 86) 41 (73 59 47) (35 5 40 32 88 19) (4 18) 23 (36 74 76 7 42 6) (51 21 17) (15 14 9 12) 58 50 (90 69 85) (79 65 84 1 64 43) (63 13 30 70) (77 57 72) 26
89: (68 42) 2 (22 44) 21 (46 48) 71 15 (64 18) 90 (54 19 1 26 86 3) (37 77) 63 (65 43 8 14) (81 36) (76 17) (52 59) 60 (55 40 84) 66 89 (5 39 4 35)
90: (8 25 12) 30 (65 77 58) (20 2 47 43) (17 88) 3 (15 57) 86 (1 42 84) (66 35 18 48 21 76 85) (32 24 54 59 64 70 60) (73 14 5) 36 (52 16 50 51 41 72) (71 90) (87 23 22)
