90 90
1: 61 26 13 79 33 54 39 51 73 59 23 50 41 28 68 80 7 1 3 65 24 56 40 9 14 82 36 55 42 60 35 30 27 17 87 62 90
2: 67 88 50 20 17 25 52 64 80 45 43 23 46 73 33 74 70 3 68
3: 34 41 88 51 20 32 80 28 37 4 67 57 13 29 89 87 45 2 72 23 1 7 30 31 68 22 24 54 90 36 55 47 8 6 42 19 14 78 61 59 33 12 83 10 65 16 69 52 77 86 62 74 73 21 56 15 26 38 17 60 49 18 44 70 46 40
4: 65 37 73 36 82 78 59 67 48 28 79 85 50 54 31 34 40 45 42 77 57 12 21 22 35 10 32 86 72 24 26 55 76 74 4 69 49 7 29 46 70 89 23 87 25 80 2 51 52 90 13 58 15 64 47 83 44 5 75 27 11 9 39 61 38 88 43 20 56 81
5: 15 33 17 67 82 46 42 60 50 70 7 21 89 87 10 1 78 65 31 16 76 51 79 85 9 25 14 90
6: 42 31 81 6 36 27 46 43 12 77 71 38 61 80 41 83 14 22 25 50 52 90 67 8 70 76 56 49 62 57 17 85 2 30 45 9 10 51 16 40 60 33 37 59 44 35 79 3 65 58 88 29 66 11 21
7: 10 40 58 41 34 3 17 61 63 88 68 56 73 20 5 2 75 22 64 8 33 29 83 7 59 45 51 69 67 14 87 24 27 79 57 90 15 35 18 39 74 54 66 65 26 70 12 60 48 28 46 6 89 44 86 52 36 82 4 72 76 84 9 21 38 43 71 77 53 30 85 81 62 31 32 55 47
8: 13 71 72 52 5 14 8 21 19 41 50 42 18 30 78 2 86 57 11 49 54 74 87 51 67 53 28 45 32 9 55 90 16 73 36 47 25 4 35 58 38 15 43 37 66 56
9: 6 60 44 51 48 54 84 66 40 19 47 83 20 7 63 31 55 46 14 5 38 45 3 58 13 25 89 74 43 82 10 75 77 69 71 62 76 53 12 85 79 78 17 81 16 33 72 28 2 50 32 42 86 29 36 26 73 34 57 9 27 88 90 24 11 59 52 22 35 87 23 21 65 4 37 56 64 49 68 67 41 61 15
10: 13 89 48 27 16 70 42 35 76 14 51 36 79 21 12 6 2 66 11 72 32 39 54 62 86 68 26 18 1 73 52 74 31 23 58 75 61 25 67 59 82 40 34 87 90 33 37 69 83 47 3 5 78 46 41 24 57 85 10 49 44 8 60 77 29 30 19 4 65 55 71 15 84 56 17 9 53 50 22 28 45 88 80
11: 46 88 37 72 56 8 19 68 44 83 89 50 12 63 27 58 31 24 42 75 33 52 28 25 74 30 11 39 15 41 53 38 71 43 60 9 13 32 21 18 29 10 6 51 69 84 64 59 78 57 79 40 81 7 76 4 22 36 55 2 20 5 54 26 1 62 35 70 82 61 17 77 3 65 85 16 90
12: 1 5 55 2 7 30 11 39 50 19 51 10 12 36 9 41 18 84 81
13: 77 88 47 90 52 85 32 2 10 59 69 13 28 60
14: 15 83 78 28 2 9 52 58 27 76 65 38 41 24 61 22
15: 23 55 34 76 32 82 30 40 45 31 47 8 77 25 4 33 75 1 26 48 18 21 60 52 87 36 90 9 16 53 83 88 64 17 11 65 49 66 56 13 29 43 63 80 20 5 14 28 54 12 72 46 59 84 57 85 44 69 24 41 79 62 39 19 22 68 35 38 70 86 37 73
16: 53 89 86 16 71 49 80 20 39 29 60 4 90 78 85 51 36 18 58 65 81 62 13 37 48 72 44 50 77 56 25 31 33 45 57 61 63 1 82 11 30 23 6 2 9 83 46 88 75 28 21 59 41 76 52 47 43 74 79 5 67 7 22 32 38 42 54 14 26 55 10 64
17: 73 86 27 74 16 84 20 21 60 41 26 1 42 37 89 31 32 23 14 19 7 22 52 61 81 62 11 30 15 13 2 10 29 12 88 18 5 54 64 8 34 50 25 65 72 58 79 9 87 59 40 57 45 68 38 47 76 90 51 67 78 35 4 44 33 6 53 82 36 17 48 43 3 75 24 49 85 28 80 46 56 70 83 63 71 69 39
18: 58 83 32 5 22 65 10 2 71 27 56 53 90 3 69 21 24 66 6 45 4 76 34 74 23 64 16 1 84 8 49 72 89 18 77 15 9 75 52 79 13 41 39 33 54 12 29 37 38 43 55 28 35 59 67 81 87
19: 61 82 70 44 72 21 27 34 29 65 23 88 18 41 80 40 52 17 9 54 4 79 12 62 36 28 42 16 13 68 46 7 71 77 48 56 87 26 22 31 14 81 11 38 6 67 50 30 76 5 90 75 63 49 15 89 85 64 51 55 24 60 66 86 19 59 32 78 47 53 84 33 39 83 57 10 1 2 20 73 43 58 74
20: 89 86 27 75 42 38 55 35 76 65 10 28 52 15 61 73 59 49 66 85 7 33 71 21 8 60 29 2 13 53 54 81 44 47 18 83 72 87 37 22 14 70 63 39 84 25 31 62 69 24 5 4 50
21: 7 64 90 52 56 18 70 68 51 80 89 27 34 53
22: 18 57 72 15 47 86 75 49 10 61 34 88 74 62 50 80 68 85 65 30 70 14 89 38 81 69 77 8 54 58 16 79 43 51 36 27 35 63 52 25 44 31 4 32 40 6 42 76 37 82 56 22 66 41 9 84 3 60 90 12
23: 51 55 43 19 65 15 48 58 82 86 56 72 50 21 64 73
24: 22 6 70 82 46 32 65 31 49 52 30 25 73 15 24 77 20 12 3 54 68 10 85 19 72 34 88 90 41 61 55 53 28 23 4 5 38 17 75 42 64 62 2 57 51 78 71 63 16 44 14 39 67 56 29 36 80 9 40 37 69 43 26
25: 88 50 65 82 46 66 45 73 77 63 81 23 14 79 38 30 27 8 31 72 62 49 90 61 85 59 76 70 18 43 56 71 84 25 74 58 55 22 28 10 48 35 40 47
26: 10 53 90 42 7 71 15 18 38 52 75 4 63 9 21 72 76 28 35 31 60 55 82 40 86 49 46 33 59 78 20 66 8 3 56 29 84 5 22 88 2 19 54 62 41 67 77 74 14 61 30 36 69 65 83 6 48 81 45 57 12 16 43 68 51 25 44 47 11 39 85 58 79 64 26 50 37 89 13
27: 59 10 78 45 86 62 79 15 28 67 68 29 19 4 46 55 8 7 34 22 89 37 21 41 53 72 18 17 87 1 77 16 48 75 70 6 56 61 20 42 73 38 66 43 27 24 12 63 60 84 13 52 76 64 23 88 58 80 71
28: 79 7 56 72 1 9 39 64 47 37 15 28 43 89 30 60 5 74 4 59 71 16 70 80 61 12 87 32 25 21 34 90 33 45 84 57 49 29 73 88 86 2 65 35 18 38 40 76 67 44 13 20 22 31 51 69 23 11 24 68 62 58 78 19 6 3 54 36 66 53 10 81 82 85 75 55 27 63 46 83 52
29: 72 76 4 54 60 64 49 6 21 59 71 3 58 24 15 22 44 70 55 8 13 16 7 11 90 65 1 52 86
30: 6 37 43 26 52 12 13 27 17 48 57 60 10 73 18 24 23 66 81 19 29 63 85 90
31: 48 71 34 17 84 43 47 31 63 36 11 83 9 24 70 3 58 45 52 87 46 53 55 86 22 15 16 64 50 74 80 79 88
32: 14 28 78 89 64 1 71 66 39 20 43 2 46 11 77 24 22 85 19 68 13 25 3 40 73 32 48 8 81 37 82 36 61 30 86 88 35 29 6 50 9 5 26 65 70 83 41 47 84 23 75 53 49 38 79 90 57 7 4 69 51 56 80 63 59 15 45 60 58 21 55 17 52 10 34 33 62 12 16 44 72 74
33: 61 8 36 2 70 33 30 59 47 15 81 74 1 6 83 42 78 45 43 34 32 88 49 39 21 55 11 12 48 56 51 7 75 40 87 84 69 54 44 52 10 24 31 19 79 41 67
34: 27 59 4 79 65 61 12 57 84 48 1 68 25 63 34 35 43 21 15 71 38 66 80 82 90 89 60 78 9 67 52 18 88 76 72 37 64 7 24 85 49 55 53 36 77 75 69 26 17 16 81 45 54 19 70 51 73 86 44 31 83 11 28 33 3 10 47 20 74 62 8 30 23 58 13 42 32
35: 88 36 55 9 76 24 2 39 62 27 74 45 51 84 34 3 15 64 46 58 71 85 67 11 53 19 68 42 72 43 59 17 35 83 80
36: 32 17 39 75 34 79 41 30 51 60 82 80 81 70 46 67 61 28 86 66 76 24 50 27 53
37: 46 24 17 80 28 75 64 88 13 73 3 14 84 47 20 52 30 7 45 35 66 18 11 63 26 43 27 74 8 90 72 42 38 61 34 89 57 49 48 65 77 71 6 33 59 5 62 58 87 16 53 82 21 23 1 78 40 44 39 10 54 85 31 76 60 81 55 83 69 25 67 22 12 41 2 56 36 70 4
38: 33 44 56 21 24 43 38 78 22 36 10 68 48 76 18 50 17 6 26 60 7 2 3 45 49 79 66 67 72 23 25 52 32 62 58 40 28 39 46 35 20 86 53 63 83 11 88 80 90 65 89 87 82 1 47 73 15 69 51 57 70 8 42 37 77 29
39: 2 23 76 44 80 65 16 51 37 73 68 78 7 11 40 88 18 10 60 42 81 14 6 45 63 58 89 39 20 12 79 33 67 3 41 52 29 90 54 8 72 22 66 13 43 61
40: 1 59 44 82 81 2 15 9 17 30 50 69 76 68 39 37 89 45 54 47
41: 74 25 89 77 3 21 76 41 60 12 2 44 13 59 26 29 71 20 64 58 68 10 65 45 42 70 69 82 50 9 30 67 32 14 37 18 17 80 34 63 40 47 39 79 78 53 83 27 86 1 19 28 52 57
42: 29 81 3 28 85 57 78 9 87 2 33 61 41
43: 62 90 86 79 48 21 3 68 24 55 19 46 13 71 58 27 39 28 16 14
44: 58 6 71 23 41 89 34 51 50 27 72 64 85 26 11 83 43 36 75 1 29 81 53 32 66 60 7 76 49 65 67 39 68 69 42 77 13 2 46 90 47 82 80 38 20 86 28 78 74 87 54 73 14 31 52 48 30
45: 7 33 50
46: 79 81 42 27 52 46 65 58 86 34 33 85 18 84 19 88 70 26 90 7 39 37
47: 67 39 22 79 32 45 55 5 86 57 4 47 36 58 1 20 38 15 51 56 80 49 28 88 74 71 16 29 40 42 87 34 35 89 2 59 46 25 77 54 11 75 26 13 30 9
48: 8 77 80 10 68 46 67 55 45 29 5 58 17 65 30 69 3
49: 60 30
50: 22 58 70 23 43 41 61 56
51: 36 69 66 47 3 22 85 2 84 48 15 37 16 68 63 44 26 43 55 9 46 19 89 40 60 7 58 6 10 64 53 27 28 73 62 8 49 42 75 14 1 70 29 13 83 4 12 61 45 59 57
52: 41 22 26 37 21 36 58 20 46 28 38 29 45 48 15 34 67 3 60 77 39 55 80 65 70 43 90 78 69 75 13 64 86 87 8 56 63 54 62 27 71 61 81 74 59 82 17 47 35 25 42 84 14 12 85 68 52 44 16 33 6 32 83 19 51 4 49 79 66 76 11 2 18 24 89 40 10 57 72
53: 22 8 15 62 78 53 28 80 29 25 6 39 47 12 88 30 27 40 72 46 90 83 48 69 50 33 34 24 63 31 5 85 56 61 18 35 45 36 52 16 17 79 73 41 11 14 4 54 26 67 74 81 82 66 13 76 42 43 51 19 64
54: 84 76 39 60 71 89 90 1 54 38 22 16 77 87 62 13 3 18 55 41 66 7 47 37 31 24 58 46 81 44 45 64 28 15 82 26 17 5 68 43 78 86 29 6 79 74 80 72 73 50 51 10 8 59 49 88 65 48 2 35 61 27 85 11 56 30 25 42 75 63 67 23 40 36 21 52 57 9 4 20 33 34 69 14 83 12 53 19 32 70
55: 21 71 5 46 55 23 15 29 12 82 9 49
56: 53 41 55 6 58 88 9 5 73 37 1 44 54 59 10 15 22 76 29 86 64 46 28 16 35 89 18 26 31 68 81 14 3 39 82 90 79 30 33 72 61 32 49
57: 72 48 1 27 41 66 89 29 37 56 70 3 62 33
58: 13 47 41 14 52 9 8 20 70 37 65 29 34 56 12 28 39 75 1 57 64 73 77 55 27 84 4 25 17 72
59: 27 2 13 36 25 42 49 72 10 71 88 24 1 26 41 12 77 73 15 56 9 63 86 14 45 23 65 52 20 81 32 54 70 17 35 40 22 29 89 68 28 80 55 58 78 51 5 19 31 57 82 33 83 50 38
60: 61 6 57 72 68 34 27 18 51 50 64 85 89 24 67 73 74 78 47 37 43 71 77 28 44 15 87 31 59 46 75
61: 40 69 23 17 48 77 71 75 38 73 28 55 85 24 1 3 47 58 44 37 62 67 41 86 89 35 32 14 30 65 80 13 25 11 81 70 74 2 31 26 78 19 33 56 22 79 66 54 51 15 20 60 45 18 43 10 68 6 83 36 12 21 61 59 53 84 39 16 63 7 27 50 46 42 88 82 87 34 5
62: 42
63: 1 18 48 39 40 78 47 62 11 16 54 59 37 5 44 7 23 24 82 90 55 38 65 12 56 46 20 45 68 9 14 84 42 75 80 57 22 67 10 83 50 85
64: 7 31 63 49 9 90 16 11 30 21 2 62 40 15 75 57 77 37 38 1 54 5 35 83 24 68 58 36 6 20 66 26 52 76 61 79 25 85 87 42 14
65: 65 39 32 10 59 26 84 85 15 68 83 6 45 75 1 19 67 87 43 48 25 82 53 55 23 12 33 34 57 2 54 50 64
66: 80 51 36 2 19 10 28 46 55 45 33 4 14 82 60 79 83 48 53 34 49 40 63 25 38 43 62 37 9 65 27 84 3 77 35 56 87 71 78 90 17 81 85 8 5 57 20 70 39 21
67: 49 74 71 23 48 30 75 61 51 34 32 9 54 66 84 47 36 68 41 25 83 45 12 73 63 55 11 72 44 10 50 52 8 78 2 81 90 16 89 33 65 31 85 43 56 67 62 27 28 26 22 24 29 77 58 40 20 17 37 3 86 15 60 19 64 76 80 5 4 82 6
68: 49 80 46 57 31 28 71 34 67 69 52 88 7 9 62 63 64 15 84 17 22 33 41 44 35 6 25 37 87 24 78 16 74 86 29 90 20 4 1 68 13 3 50 89 75 53 83 18 45 58 51 85 14
69: 34 20 37 22 33 5 66 82 26 21 36 54 3 61 73 83 65 72 30 6 75 32 38 78 2 84 16 56 44 81 43 80 41 64 18 7 50 15 39 10 49 47 17 85 23 57 25 52 76 27 11 40 8 67 79 48 62 87 24 60 90 89 51 46 4 69 55 42 58 88 86 31 19 71
70: 79 38 69 1 39 19 88 44 74 72 7 85 78 67 46 13 20 73 42 75 90 24 57 11 49 80 14 60 77 16 64 40 66 54 28 37 86 22 30 4 84 62 58 68 63 8 18 70 48 61 43 71 31 53 32 51 29 81 21 27 33 35 83 23 17 56 59 36 25 76 55 9 52 87
71: 20 39 2 88 63 15 81 52 87 61 25 65 26 50 46 67 72 51 79 37 35 14 73 32 30 71 55 8 53 86 27 19 49 76
72: 44 52 47 68 45 33 53 28 42 17 56 13 66 63 46 6 64 83 60 19 57 12 69 20 65 22 26 2 27 1 62 84 38 75 55 87 15 11 71 77 9 14 39 8 30 16 89 41 24 51 50 80 61 82 76 32 73 10 72 36 86 58 5 31 21 29 88 90 7 67 78 70 35 79 4 18 54 23 40 74 25 3 48 59 85 43 37 49 34
73: 14 85 70 67 84 39 57 15 32 86 58 54 73 44
74: 70 41 7 52 39 4 43 56 30 40 47 16 80
75: 77 52 82 39 37 67 2 81 72 58 42 8 16 85 22 17 55 83 41 14 7 50 24 47 68 32 20 33 36 62 57 61 74 23 87 11 76 15 73 88 27 10 18 29 46 45 66 31 64 1 4 21 6 48 35 78 30 34 89 90 44 28 51 63 84 26 69 56 79
76: 59 37 51 20 85 46 6 19 36 26 16 14 79 2 82 74 65 89 32 55 57 10 70 12 48 90 88 15 17 61 31 60 64 28 33 54 34 1 80 27 68
77: 18 5 49 41 54 73 64 48 62 12 35 21 53 67 46 7 36 84 20 69 56 17 87 71 24 38 27 33
78: 9 30 44 31 12 56 38 69 22 3 87 32 35 33 63 10 70 7 23 89 19 86 58 45 85 84 68 61 76 53 13 27 46 52 80 18 28 88 57 20 4 6 1 5 73 26 66 50 15 71 77 17 24
79: 44 13 66 10 60 4 86 27 38 75 58 57 53 14 89 39 11 45 16 65
80: 51 62 17 71 40 50 12 60 15 45 74 41 37 89 8 68 49 23 9 5 19 81 56 58 77 28 72 42 63 30 67 33 2 34 75 24 20 88 11 38 87 79 31 7 80 13 54 61 22 73 1 82 48 32 70 21 26 10 78 76 84 25 57 27 14 66 18 83 29 35 52 90 36 59 65
81: 61 4 70 14 30 50 26 23 59 53 35 46 83 75 27 29 69 54 88 16 77 43 60 78 28 13 22 55 12 9 1 19 67 65 80 87 20 82 42 39 40 6 51 66 74 33 48 86 72 34 58 73 2 3 71 17 44 5 21 31 37 63 89 45 8 11 79 10 38 62 76 85 56 25 64 15 7 18 81 57 84 36
82: 90 48 43 53 11 27 82 54 12 2 15 69 80 19 83 86 89 66 61
83: 49 80 25 15 72 79 44 73 22 55 70 64 67 34 13 12 48 53 19 52 69 35 5 31 87 8 90 2 39 11 16 50 59 51 81 21
84: 84 12 11 36 4 29 83 88 43 24 14 70 22 34 13 54 18 57 8 87 77 39 61 56 71 69 60 62 68 86 75 82 35 19 6 73 80 9 49 10 63 85 32 44 66 30 41 65 47 42 53 45 58 7 51 1 46 78 74 3 50 40 52 48 59 90 15 37 67 64 17
85: 3 90 21 54 52 53 87 74 31 78 61 1 69 34 79 29 71 25 72 64 84 38 37 59 47 83 45 76 42
86: 77 45 66 15 60 59 10 62 6 44 63 55 7 35
87: 63 28 76 16 21 1 11 74 30 84 89 2 49 4 41 44 67 90 17 52 34 77 29 81 79 57
88: 35 11 5 80 66 3 83 84 72 90
89: 14 13 30 3 9 33 74 59 10 6 25 28 19 64 2 24 81 82 38 75 57 8 31 4 44 34 78 76 62 85 36 86 32 45
90: 29 80 89 37 40 10 7 68 59 28 90 88 58 14 6 87 13 54 33 82 47 49 57 51 19 55 50 41 69 26 86 22 21 32 42 43 36 63 81 79 52
1: 59 41 (81 27 87 19 15) (85 3 33) (76 40 28 34 80 70 58 1) 75 (37 32 11) (64 68) 10 44 (17 61) 56 78 (54 57 84 51 29) (72 63) 16 38 12 (47 18 65 5)
2: 32 (4 35 33 17 6) 89 (12 69 3) (71 40) 82 (80 14 51) 38 (9 47) (37 81 8) (24 83 61) (19 10) (65 67) 18 (52 26 7 42) (66 59 16 87 54 28) (44 64 72 41) (11 76) (39 75) (20 13)
3: (78 24 37) (68 41) (26 51 18 7 17 35) (67 85 2 11 48 57 56 10 1 69 66) (38 6) 31 (81 39 9 88) 72 (52 43 89) (32 42) (29 22 84) (28 54 34 61)
4: 37 9 (67 17) (81 75) (20 52 18 34) (53 58 68) (84 7 74) (15 51 3) (70 26) (78 22) (16 11 28 10) 19 (66 87 69) 4 8 (72 54 27 29) 24 79 (89 47 32)
5: 80 (67 59 4 16) 12 37 (20 83 24) (77 8) (48 26) (55 72) (88 78) 63 9 (47 81) 7 64 (56 66) (53 10) 69 (17 32) 15 (18 54) (61 19 28 11)
6: (22 81) 33 30 69 (26 64 7 11 60) 44 24 84 75 38 (32 18) 28 27 (51 54) 65 (86 53 39) 90 (89 16 9) (67 68 10 72) (19 61) (6 29 3 52 37 76) 78 17 56
7: (17 86 38 34 74 21 20 26 28) 61 90 (78 77) (12 81) (3 5) (72 29) (9 32) (39 46 45) (63 27) (84 51 70 80 4 19 37 69) 16 54 1 (33 64 44 11 75) 7 68
8: (58 11 69 71 81 72 26 67 17) 75 39 (27 20) 66 (10 34 29 38 18 51 48) (54 52) (89 37) (3 80 7 15) 8 83 (33 6 53 22) (84 25) (70 32)
9: 64 (31 84) (22 9 24 40 32) (58 66 26) 18 6 (68 56) (7 34) 72 8 (54 51) 14 (89 80) (35 1 5) (70 28 17) (55 47 10) (63 11 78) (4 41) 67 (81 59) (15 12) 19 16 42
10: (75 79 65 56 48 51) (3 90) (66 7) (4 28 9 84 52) 41 26 59 54 (37 6 17) 34 (89 39 76) (25 38) (72 27 12) (69 67 63) 32 (24 13) 30 5 (33 78) (22 81) (19 16 11) 61 (86 10 18 20 80)
11: 52 (72 44) (53 81 75 54 31 79 82 4) 26 29 (88 32 17 61 35 12 39 19 80 33 38 9) 69 28 16 63 (87 47) 34 (10 84 11) 8 67 (37 64) 15 (83 6) 70
12: 3 (12 34) 77 10 (4 27 37 17 76 6 52 84 39) 32 (72 19 15 41 67 11 65 7) (61 83 54 18 55) 28 82 (26 58) 78 (59 53 81) (9 24) (33 30 22) 51 80 63
13: 37 19 (34 3 4) (1 59) (83 15) 13 (43 81) (78 79) (51 30 70 53 89 27) (47 72 16 28) (44 52 58 26 41) (61 11 54) (10 8) 68 18 39 (17 80 9 90) (29 32) 84 20
14: 44 (84 7 24) (32 70 51) (1 89 71) 73 53 (56 64) (37 16 59 25 75 10 72 81) 20 (76 17) (66 5 54 19) (79 52) (26 8 90 9 41 6) 43 (58 68 22 61 63 15) 39 (3 80)
15: (69 64) (17 55 61) (84 9) 81 38 78 (32 18 52) (31 80 10) (8 35) 7 (26 82) 33 (53 34) 40 51 (83 73 72) (19 20 24 47) (11 28 71) (67 23 3 76) (60 75) (29 22 86 27) (68 5 59) (56 4) (65 54) 14
16: (67 11) (17 22) 64 (6 28) (54 61) (3 19 16 31) (87 39) (81 83 5) 43 (37 76) (15 69 47 79 8 56) (34 32) 10 63 51 (9 24) (70 27 53) 74 (68 75 29) 52 (26 72) 18
17: 61 27 (52 24 59) (78 75 68) (17 58 35 19) (10 11) (36 41 69 38) (70 53) (84 1 54) (34 40) (5 3 31) (81 72) (7 32) (66 48 30 37 87 67) 15 2 6 77 (76 80 9)
18: (53 30) 26 77 (52 78 28 11 81) 34 22 60 (20 84 63) 39 41 46 3 16 (18 37 10 27 7) 75 38 (19 8 12) (70 25) 17 15 (21 68 80 56 72 61 54) 69
19: (23 15) 78 51 (8 69) (3 46) (81 27) (17 28) 54 34 (82 32) (67 33) 11 53 84 (89 35 71 83) 10 (12 24 43) 76 72 9 (30 80) (61 65 26 90 41) (19 59) (70 52 66)
20: 64 32 (2 16 72 17) 19 27 52 (80 71 63 67) (9 34 61) 78 (54 15 7 75) 3 26 39 (4 28) (76 66) (77 81 11) 44 24 69 (68 70) (37 58) 59 (41 38) 47
21: 61 (6 38) (87 23 64) 15 34 (70 29) (66 43 3) 69 7 (37 18 72 33 81) 41 11 (32 27 17 85 55) (4 9 19 16 52 80 8 54 20 75) (10 26 83) (28 77) (5 90)
22: (28 27 10) 19 18 (59 22) (3 39) (32 17 83) (7 78 52) (90 6) 47 70 72 16 (25 15) (80 20) (4 75) 9 (26 84) (81 51) (53 38 14 63 37 54 50) 69 (56 67 24 29) (31 61 11 68)
23: (75 50) (55 81) (3 63 78) 38 (9 1 17) (2 70 65) (4 25) (30 34) 61 10 (18 80 32) (44 72 16 27) (54 19) (69 59 15 39) (67 24 37 28)
24: (31 53 9 32 60 78) 54 15 (37 3 64) 20 (52 69) 28 (63 18) 33 19 (77 29 34 35 67) (68 27) (10 59 4 80 84 30 72 43 24 17 36) (89 14) 75 (70 1 7 38 61 11)
25: (80 67) (16 4) 54 (47 5 69 34 66 72) (71 17 59 41) (89 2 85) (25 15 24) (61 10 20) (6 22 28 38) 37 (81 70) 8 (58 65) 53 11 (52 64) 9 (26 68) (32 83)
26: (65 71 56) (38 30 69) (51 11) 75 (37 15 72) (7 3 9 59 52 67 26 10 19 46 90) 34 16 81 80 (32 76 78) 54 64 (44 4) (24 47) (53 1 61 17 41)
27: (44 30) 71 (10 79 78 20 54 70) 75 43 (52 46) (53 51 69 82) (58 77 18) (61 22 57) (11 17) (28 67 59) (14 66 41) (1 6) 76 36 (72 37 34 7) (4 25 60) (9 81 35 19) 27 (80 21)
28: (75 38 41 37 90) 59 (25 11) (1 20) (16 13) (56 52 58) (34 89) (27 14) 4 (67 9) 19 81 (10 36) 28 42 (15 72 24 53 47 43 66 76) (51 70) (60 44) 80 (87 18 7) (78 17 68) (32 8 54 26 61 3)
29: 55 (28 51 59 57) (58 11 10) (80 30 47 53 85) 42 (56 44) 87 (18 26 41) 81 (52 15 72) (6 19) (32 48 4 9 3 75 68 17 70) 38 27 (20 39 84) 54 (24 90 16 67 7)
30: 44 48 49 87 (75 56 3) 10 (17 53 69 36 12 26 64) (47 1 19) 22 61 (11 7) 71 (54 28 15 8) (72 34) 33 (41 25 16 74 89) (84 67) (24 78) 6 32 70 (80 37) (40 81)
31: (11 89) 16 (80 31 25 69 72 4 33 85 34 70 56 81 17 5 7) (76 15 67) (10 60) (44 9 53) (61 54 19 6 22) (28 68 59 75 64 20 26 78 83 3) (37 24)
32: (34 54 78 52 22 41) (65 8 69 13 71) (38 15 16 59) (89 7 19) 67 9 (90 11 72 84 10 75 17 56) (44 4 18 61 32 3) (28 73 70) 33 (36 76 24 47 80)
33: (1 28) (6 20) 34 3 (81 17) 61 (76 46) (33 5 65) (9 39 54 72) (19 89 18 7 67) (45 75 52) 42 (69 37 77 68) (78 2) 11 70 (26 56 32 80) (38 66 10 57 15) (16 59 53 90)
34: (32 52) 61 (7 47 83) (85 10 22) (84 60 44 3) 80 (27 46) 89 53 (58 68 31) 41 (75 76 9) 36 4 (18 87 81 69) (33 66 35 65 28 37) (67 15) (54 17) (19 21) (72 34 24)
35: (8 35 78) (37 25 20 88) (22 28 75 64) (53 81) 86 (71 1 70 15 11 61 38) (59 26) (80 4 17) 6 83 7 (56 54 66 32) 47 (34 77 68) (52 18 9 72) 84 10
36: (8 53 37) 22 15 (90 89 66 44 12 17 38 64) (10 76) (54 19 26 11 70) 59 (31 1) (72 24 32 28) (6 67 16 7 75) (3 61 33) (9 51) (69 4) 47 80 (84 52 34 77) 35 81
37: (75 10) (16 80) 72 71 54 58 (69 20 64) 17 (40 3 27) (6 26 15) (24 56 63) 67 18 (22 4 61) (85 39) 11 (28 90 70 8 38 76) 68 84 34 (41 51 30 46) 66 9 (81 60 57 52) 32
38: (81 11 22) 15 (72 85) 44 (70 18 7 37) (63 3 20 19 25) 80 (27 47) (89 6 61 77) (78 52 38 17 69) (64 8 28 34) 32 (79 4 59 24) (14 54 9 16 26) 66
39: 15 1 (16 56 81 43 46 37 35 79 10) 47 (71 20 54 66) (61 65 12) 26 (4 11 33 40) (74 17) (7 69) (73 70 53 75) 83 (28 41 52 32) (84 19 24 63) 36 (72 18 58 38 39 44)
40: (51 80 81) 15 (38 47 59) 26 (70 9) (69 32 6) (28 41 54) (33 67 3 74) (7 64 52 84 37 72) (1 25) (66 90 22) 17 39 63 (4 11) (61 10 24) (19 53)
41: (7 57 3 10 17) 67 41 42 52 (27 61 9 77 16 22) (84 33) 72 (37 6 68 80) (19 12 15 18) 36 (11 90) (50 58 8) (14 59 56 39 69) (54 44 87 1 75 74 32) (53 26 24)
42: 37 (75 54) (39 46 22) (41 19) (33 27) (72 52 64) 85 (35 17 80) 62 (1 24 44) (63 70) (34 59 47) (84 81) (61 8) 38 (20 51 16) 26 (4 3 10) (6 5 69 53) (9 11) 90
43: (25 51 37 17 33) 23 32 44 67 (31 9) 39 (50 54 2 18) (38 61 16) (34 6 24 69) (26 27) 35 (7 74 11 70) (66 90) (72 52 22 4) 30 (19 53) (82 84) 65 8 (28 60 15 81)
44: (81 39) (73 89 87) 51 (19 10 22 86 32) 40 (61 75) 38 (37 54) 84 (78 68) (15 63) 24 (67 17 34) 33 (3 28) (9 52 11 7 29 72 69) (4 6) (83 56 41 60 26 70 20 79) 16
45: 47 (8 37) (32 89) (40 10 68 59 78) (15 65) 84 85 (26 79 33 7) (9 86 61 4) (75 51 39 54 31 27 81 63) (28 67 38) 48 (41 34) (2 66 80) (17 52) (53 35) (18 16 6 25) (72 3)
46: 72 (26 51) (48 46 32 78 2 16) (11 69 55 24) 68 52 (44 15) (75 56 76 38 6) 60 27 7 54 (61 84) (3 31) 71 (70 17) (4 28) 35 77 (37 10 36) 25 (5 66) 9 (19 43 53 47 63) 81
47: 15 (90 47 41 60 16) (54 40) 69 (34 44) 72 (63 10) (67 4) (53 32) (13 85 84 19 52) 75 (26 33) (31 17 3 22 9) (25 38 58 74 61 8) 51 (7 37 20 28)
48: 82 61 80 16 (17 57 69 4 81 76) (23 72 66 84) (53 51) (77 52 34) 30 83 (26 25) 27 32 19 67 7 (31 63 43 44 65) (75 15 38) 33 54 (70 10) 9 37
49: 51 (9 22 68 3) 54 17 6 (8 80 59) (67 15) 69 4 19 33 66 32 (77 26 29 71) 64 (24 90 16) 84 44 (34 72) (70 52 25 55 18 38 28 56 47 10 87) (37 20 83)
50: (41 17 44 20 11) (25 72 81 32 84) 36 (22 65 31 9) (90 67 75 63) (5 38) 78 12 (68 61) (10 2) 6 (1 26) (59 60) 54 (69 45 83 53 71) 19 (4 8 40) (23 16 80)
51: (17 59 61 54 1) (16 10 34) (70 12 38 11 23) 24 (33 60) 8 (9 84 7 3) (53 21 80 39 22 68) (90 26) 66 6 (52 81 69 32 4) (76 36) 71 (83 19) (72 75 67 35 28) (5 44) 47
52: (3 8) 16 (20 90 71 6) 33 (7 85) (31 29) (70 80 38 24) (26 64 15) 2 (30 75) (67 41 9 32) (22 39) 53 (69 17) (84 44 46) (78 18) (72 58) 59 (19 28) (87 83 4 13 68 52) 37 (74 11 54) (34 21) 27 10 14
53: (71 79 34 53 37 11 51 35 44) (65 8) 68 (66 17) (54 38 41 61) (16 70 84 18 9 56) (19 82 10) (15 72 24) (31 26 27 81) (77 85 21 7) 36 (28 83 32 20 78)
54: (65 20 56 10) (34 63 76 80 67) (40 9) 90 61 (70 64 85 77 19) (22 53) 82 15 47 29 (26 59 3) 11 (24 69 8 37) (28 84) (33 73) (4 72 7 54 52 16 18 17) (44 39) (81 1)
55: (58 66 34) (67 90) (23 15 43 35) 75 63 (72 1 19) 83 (32 4 56 76 33 52) (51 59) 11 (9 54) (81 65 86 69 24 12 18 25 71 31) (37 48 3 29 55) (47 61 27 20 8 28) (70 10 7) 16 26
56: (22 38 4 80) (28 11 67 66) 69 (47 53 58) (77 61) (57 3 37 84) 6 63 33 52 9 (78 10) (1 17 21 72) (23 81 7) (50 19 27 32) (8 16) (59 26 75 25 15) (54 70 24 18 74)
57: (60 7 80) 54 (6 90 24 4 58) (22 68 63 65 73 64) 70 (30 87) (11 69 78 89) (3 59) (34 37 52 81) (26 66 76 16) 15 (84 79 75) (10 51 72 42 38 47 17) (8 19 28) 41 (9 32)
58: (10 64 72) (27 52) 16 (46 4 43) (23 59) 51 (22 70 41 35 39 32) 8 11 (7 48 47 19 75) (28 69 79) (44 80 29 67 50 9) (14 56 37) 73 38 18 (90 6) 81 (31 61 34) 17 (26 54) 84 (25 78) 68
59: 85 (83 17 34 81 20) (47 18 40 32 3 10) (13 7 76 86) 6 (19 1 16) (4 54 37) 25 60 (63 56 65) (80 72 41 33 84 35 9) (52 15 26) (61 90 27 89) (29 51 11) (70 28)
60: (10 3 15) (80 44 29 52 41) 86 (34 28) (20 69) (72 36 49) (6 11 81) (22 76 13) 51 (54 27 26 9) (16 67 19) 39 (61 7) (30 70 32) (5 84) 38 (17 1 37 66) 79
61: (69 52) 1 16 (53 85 24 14) (36 37 6 56 61 3 17 34) (9 84 67 20 22 51) 75 (82 33 25 70) (60 54 72) (28 10) 76 (71 4) 27 (11 32) 26 (81 19) (39 64 42) 78 50 (7 80)
62: 34 (16 35 86) (26 84 67) (64 9 7) (3 43 75) (6 28) 51 (10 80 69 52) 17 38 1 11 (70 72 53 27 54) (57 24 77 61 68 63 19 15 37 81) (32 89) 20 (22 66 25)
63: 75 (24 54) (70 72 90) (68 86 52 17 71 15 66 26 38 19 51 37 22 9 32 28) (34 27 81 20) (61 30 80 11 31) (39 53 67 64 16) 7 (84 59 41) 78 87 25
64: (76 37 19) 28 (24 7 85) (72 89) 23 60 51 (16 67) (17 75) (41 4 18 84 56) 65 44 (70 27 11 77 31 68) 52 (21 35 69 58) (29 83 81 53) 2 (34 15 32) 26 (9 54)
65: 61 10 (1 23 58 72 71) (7 11 34) (67 28 22) (6 54) (24 76) (17 38 41 63 26) 20 (39 37 46 81) 5 69 (15 66 9 16) (59 44 84 19) (79 48 32 18 3 4) (52 80) 25 29 (65 14)
66: (80 15) (61 64 81) (52 78 19 9 39) (30 88 57 36) (84 38 44 27 25) (79 18 82) (53 20 32) (10 86 28 51 7 72) (70 22) (26 34 8 54 37) (67 75 69) 6
67: (10 8) (44 4 73 87 17) 65 9 (24 34 80 16 70) (47 6) (18 83 7 77 72) (38 67) (69 61 63) (3 84) (37 54 68 39) (28 26 19 41 60) (53 2) 48 (81 71 36 75) (5 27) (33 52) 35
68: (9 76) (7 1 15) (24 26) (67 28 59 65 10) 64 (80 70 2 17 60 63) (51 90) (43 40 19) 27 75 (3 32 54) 61 (78 84) (72 11) 68 (56 48 38) 41 21 39 (35 34) (44 52 22)
69: (48 32 28 44 54) (69 15) 85 (37 52 4 33 90) (77 68 53) 7 40 (70 22 61 13) (38 9) (20 41 3 26 11 78 34) (17 10 72) (24 84 83) 82 (75 51 18 81)
70: (37 58 31) (3 81 17) (11 20 83) 76 (19 41 4) 78 51 24 (52 34 38 50) (66 28) 74 2 (70 54 80 6) (57 15 73 59 21) (27 36 7 46 5 32 84 61 25) (72 10 29) 22 33
71: (25 17 34) 66 41 67 (6 72) (78 7) (68 18 44 24 29) 60 (35 54 26) (37 8) (71 85 28) 70 (43 77 31 32) 80 59 19 (27 20) 11 10 (84 52 81 61) 47 (55 16 69) 9
72: (39 60) 28 19 (24 10) (44 32 52 26 54) (17 80 3 11 85) (15 18 72 58 22 27 20 34 83 81 4 35 38 25 88) 16 23 (56 9) 67 (59 37 75) (53 8 71 69 57 7 70) 29
73: 44 (83 71 81 54) (70 78 60 73) (56 39 2 37 24) 19 (9 84) 27 15 51 8 25 53 (75 80) (61 59) (38 34 7) (67 69 30 58 32 1 77) (72 17) (23 4 10 28) (3 20)
74: 80 (3 85 61) 19 76 17 (10 25 4 33 47 9) 81 35 (16 11) (41 53) 31 (52 2 54 34) 67 (28 72) (32 8 7) (87 70) (68 18) 89 (22 84) 37 (60 44) 26 75
75: 65 (58 32) 70 (4 52) (67 63) (20 24) (80 47) 37 33 61 17 (69 54 11 28 84 19) (16 51) (68 9) (64 27 22 72 10 79) 36 (89 34 18) 44 (15 26 7) 60 81
76: (70 87) 37 41 5 (80 39) (18 36 71 34) (52 40 10 72) (17 67 64) (78 85 19 11) 56 89 (14 53 81 29 27 7) (75 26 28 16 15 38) 44 69 (6 4 54 25) 22 (20 9 35)
77: (72 6 10 61) 7 (9 66 47 27) (60 48 38 81 59) (87 70 15) 84 (34 11) 18 (26 44) (22 80) (54 58 86 37 19) 67 (24 13 41 25) (52 78) 64 (32 4 16) 3 75
78: 14 (41 26 24) (80 32 9 54 19 68) (85 70 3 44) (28 75) (4 72 38) (61 59 33) (16 69 66 42 27) 89 (11 53) (63 37 8 10 67 52) 34 81 (39 60 84) (5 17)
79: 22 (70 25) (43 27) (10 9) 5 (52 85) 17 (47 80 38) 41 (33 83 34) (53 31) (16 64 11) (4 1 46 75) (61 7 71 36 32) (6 28 39) (72 56) (76 18 81 90 26) (15 66 69 19 54 87)
80: 67 (39 3 82) 37 (90 1 52 31) (70 34 10 21) 74 (38 59 76) (36 84) 78 (15 81 53 17) 61 (41 47) 44 (69 72) 4 (48 35 2 54 6 27 63) (24 16 66 28) 88 (19 83 68) (22 32 80)
81: 9 81 32 12 (61 44 36) (89 83) (19 54) 52 69 (28 11 80 33 37 34 70) 16 39 (30 90 7) (46 87 26) (42 53 22 66 18 4 56 25 6 67 59) (40 71 20 75) 17
82: (67 63) 28 (15 80 38) (25 10 19 4 5 56) (16 53 44 1) (22 76 37 17) (59 69) (65 34 36 24) (81 40 89 61 84 11 55 72 90) (26 52 75) 54 66 82 (23 32 41) (7 9)
83: 65 (11 70 61 54 35) (4 51) (88 3 67) (16 37 75 18 31) 80 32 (14 85 34) (17 26 28) (10 63 44 52 7) 33 59 (81 38 64 20 15) 84 (41 19 9 69 82 53 72) 6 (66 68)
84: (85 75 72) 10 15 (19 37 70 69) (63 87) (67 34 26 73) (65 7 32) (46 68) (84 66) (18 20) (35 58) 17 (9 54) 80 11 (52 88 25 27) (61 12 22) 77 (78 28) 31 (81 33 51)
85: 46 52 (60 16 54 30 61 6) (53 75 25 20 28) (64 42) 84 (9 70 19) (4 10) (5 44 67) 32 (51 7 73) (22 13 63) (69 11) 37 (72 65) (17 76 34) (89 81 24) 35 (26 78) 66 68 15
86: (47 84) 8 (27 16 67 70 41 73 32 29) 38 56 (52 44 81) 90 43 (15 28 89 59 4 19 3 71) (17 9) (22 46 68) 69 31 (34 7 82 23 54 79) (72 20) (36 10) 26 (78 61)
87: (77 71 78 33 70 4) 75 31 (3 90) 44 81 1 20 (19 7) 64 54 (52 65 60) 27 (18 8 84) 66 47 (17 28 15 9 85 37 80 10 42) (61 5 69) (38 72 83 68)
88: (10 56 78 54 35) 27 39 46 (75 25 72) 70 (11 6) (2 90 3 31 15 17 81 53) (38 24 32) 37 (26 80 69) (22 28) (61 9) 16 33 59 (4 34 76) (68 19) 13 7 (71 47 84)
89: 44 (51 79 39 19) (37 20) (21 54) 22 3 34 60 (69 26) (41 81 5 47 16 11 28) (67 87 61 52 38) (57 10) (76 18 72 59 90) (75 80 4) 82 (17 68) 32 (9 27 56 78) 40 7
90: (28 7) (1 72) 15 3 54 (39 34) (38 43 52 26) (56 88 70) 30 (76 80 10) 16 (68 82) (63 8 64 9) (17 25 13) 4 (24 85 37 29) (87 5) (22 21 90) (32 44 67) 11 (19 84) (46 18 6 53) 83 (66 69 75)
