90 90
1: 73 53 37 13 18 14 12 55 48 1 84 75 90 5 20 82 42 44 22 34 4 70 51 87 33 78 46 56 49 17 83 9 7 38 15 58 31 65 54 23 86 30 66 36 67 81 57 77 79 64 63 41 40 80 21 19 16 52 39 26 43 8 71 35 68 47 29 59 24 32 89 88 2 10 28 62 85 25 69 61 74 6 3 45
2: 70 41 22 18 55 81 1 24 88 32 40 73 79 66 6 76 4 2 72 13 52 29 60 64 82 68 3 21 28 30 67 19 5 8 57 36 11 38 16 45 17 48 35 69 75 63 26 62 61 78 15 39 51 33 10 31 37 20 85 83 87 43 58 90
3: 47 21 89 60 28 46 48 88 34 78 4 58 37 12 42 69 27 53 66 22 65 17 23 56 19 68 41 2 31 82 36 85 72 73 55 32 35 64 76 83 30 52 43 3 86 79 61 70 1 44 63 57 39 16 50 54 81 62 29 40 51 90 7 74 8 38 75 33 15 5 59
4: 35 4 40 27 37 48 82 47 23 51 12 79 52 67 69 5 3 31 10 74 11 20 18 80 29 64 70 60 6 34 65 63 68 22 36 14 55 90 54 39 15 2 1 57 26 83 32 9 72 42 86 87 88 24 89 45 46 38 8 73 53 49 84 25
5: 87 8 78 17 71 2 36 74 47 68 67 21 44 85 48 31 49 9 76 27 77 90 18 65 45 79 53 59 69 39 83 38
6: 1 21 77 9 71 43 51 6 18 31 61 3 2 74 13 27 78 5 42 23 14 69 65 53 45 72 73 56 12 28 59 48 10 64 26 80 66 90 88 81 83 50 15 34 4 38 79 30 76 11 44 7 35 25 63 57 85 52 67 46 49 60 16 17 41 89 22 54 40 68 70 82 24 37 58 29 55 87 75 8 20 36
7: 15 63 54 33 36 11 81 37 40 45 42 66 71 69 30 18 56 84 79 19 82 27 12 44 32 74 17 51 16 53 6 4 83 2 20 62 67 41 87 46 31
8: 87 77 64 68 16 45 2 25 22 78 35 13 31 90 79 40 42 1 51 23 29 61 49 73 57 30 28 6
9: 7 85 38 63 9 13 33 76 24 88 79 22 78 62 34 83 36 50 52 54 60 25 23 6
10: 5 26 72 41 23 63 71 50 1 81 19 69 33 80 90 74 68 77 66 40 17 64 57 46 58 48 55 78 54 31 21 34 13 32 70 22 2 83 73 10 65 51 37 29 88 45 67 15 39 79 75 87 4 3 53 16 52 61 6 60 25 84 42 30 49 20 7 82 28 56 85 47 43 11 38 9 89 59 12 18 24 36 44 62 8 76 35 86
11: 47 44 58 61 89 2 22 19 49 54 80 75 84 40 30 77 63 48 33 72 59 85 51 46 10 36 29 60 35 90 23 66 50 24 17 4 82 39 88 28 13 56 53 21 26 32 41 38 12 20 34 16 83 70 7 76 1 11 25 52 5 14 64 9 37 18 3 43 31 6 87 79 55 73 67
12: 26 58 1 59 38 28 66 7 39 15 52 13 27 8 86 53 90 14 6 19 37 55 85 81 54 49 77 29 74 21 60 25 45 5 87 83 16 73 22 23 34 64 17 30 40 80 18 89 11 20 9 50 78 82 88 3 51 31 12 69 41 70 62 56 36 4 2 67 44 79 42 43 10 46 65 24 68 71 84 75 57 76 72 47 35 61
13: 52 4 13 41 8 33 66 74 64 54 42 69 30 37 45 40
14: 33 86 6
15: 62 73 15 55 16 9 6 51 84 59 34 76 56 71 4 18 90 70 27 78 86 46 60 1 17 13 69 25 21 45 50 57 85 43 52 3 66 75 63 65 41 79 39 24 82 28 32 68 49 22 26 48 2 54 80 47 40 87 81 20 35 61
16: 47 81 55 59 21 70 77 4 8 86 58 42 87 43 39 49 7 84 35 25 52 28 33 37 50 5 2 1 30 44 38 57 90 63 19 26 61 60 20 54 15 68 80 40 27 75 22 51 34 45 46 14 13 67 85 56 6 48 16 71 53 24 9 10 89 76 72 64 69 83 11 82 32 74 36 18 31 73
17: 43 18 35 24 6 20 55 7 86 46 82 81 73 14 62 40 71 72 58
18: 30 88 75 70 42 44 8 49
19: 20 17 44 39 35 4 86 13 61 12 25 1 5 2 43 29 55 58 9 60 63 54 33 31 84 19 41 57 67 11 64
20: 67 78 49 76 16 1 40 59 54 84 14 60 68 51 7 62 58 74 81 46 32 33 85 80 87 70 88 61 47 38 4 6 55 39 75 35 3 30 52 44 45 19 69 11 23 71 25 34 48 24 90 42 82 5 72 15 26 83 27 66 13 73 2
21: 66 76 7 53 72 80 60 54 64 52 4 9 43 74 23 27 78 87 75 79 13 34 11 81 41 44 69 42 22 18 90 61 24 65 59 37 15 84 10 28 3 16 88 50 89 40 71 30 36 26 12 2 85 35 32 1 62 25 39 14 73 6 38 83 5
22: 33 54 9 16 25 32 5 67 70 12 18 17 80 15 28 82 71 79 63 77 65 47 64 8 46 83 24 81 57 72 4 75 53 41 3 11 62 29 55 86 43 87 74 84 37 76 59 14 85 13 39 56 19 27 35 50 61 21 42 30 2 23 58 40 22 7 10 34 73
23: 74 9 48 87 11 3 44 18 71 59 7 46 67 60 1 47 28 61 50 15 65 20 42 16 24 19 63 29 31 27 14 53 82 33 25 73 36 83 80 79 69 45 77 76 85 55 66 6 86 68 26 81 13 4 52 5 22 2 62 75 39 78 34 89 90 58 41 43 54 21 84 49 17 12 10 40
24: 20 45 18 81 87 12 65 69 16 40 41 84 53 19 79 48 39 49 83 67 47 62 73 7 61 27 30 35 57 8 74 17 77 14 52 76 85 44 2 4 10 28 11 78 9 29 58 51 89 72 5 64 32 38 13 86 88 36 3 75 59 21 56 60 71 50 54 6 15 43 22 46 33 26
25: 34 2 28 25 55 38 3 42 78 75 23 41 39 21 27 29 32 62 26 19 30 80 73 33 66 4 47 59 9 85 65 57 20 86 14 44 36 81 58 74 70 54 88 84 18 56 1 5 68 22 16 51 82 67 12 8 35 63 15 37 77 43 48 64 17 52 53 72 6 10 83 46 60 61 49 50 79 87 45 24 89 90 40 69 31
26: 55 23 67 1 29 49 9 30 53 42 60 85 37 17 41 4 34 3 75 65 6 66 83 50 15 12 7 13 8 10 74 11 40 87 26 81 79 73 51 48 22 64 27 47 62 84 20
27: 43 40 52 81 1 80 64 49 61 16 3 71 37 4 47 86 82 48 15 22 38 36 60 79 46 11 39 78 50 29 30 63 9 74 90 88 56 89 13 73 67 53 55 12 87 28 31 5 54 35 66 6 42 14
28: 25 15 61 56 8 77 21 36 83 11 71 32 9 66 50 43 73 38 39 3 54
29: 70 23 28 16 15 59 79 3 6 53 20 14 35 58 41 19 68 76 83 89 48 90 78 61 42 64 80 32 11 60 22 57 46 27 43 81 4 31 39 72 77 50 21 69 51 84 36 34 65 73 49 26 67 24 30 29 33
30: 80 81 45 20 14 41 35 89 32 15 19 79 77 53 1 47 71 52 66 64 31 78 10 28 13 3 72 23 4 48 84 67 86 16 36 75 65 54 57 8 87 83 5 76 24 29 34 60 6 88 61 37 43 59 33 63 18 62 58 17 12 73 2 27 50 56 51 38 26 21 82 9 69 30 74 85 46 42 49 7 39 40 25 90 68 70 44
31: 9 85 87
32: 22 16 39 61 47 59 3 1 23 75 17 33 26 78 52 68 5 69 70 65 43 84 71 62 41 79 21 14 56 66 12 28 73 87 60 58 63 2 31 74 45 67 9 8 42 81 30 27 40 80 29 86 85 10 50 49 6 53 82 51 54 24 44 77 48 76 11 4 18 35 46 20 38 89 19 88 34 37 64 25 55
33: 84 17 54 88 22 74 73 65 67 10 64 6 59 33 4 68 85 14 58 35 27 56 11 9 90 31 76 39
34: 67 20 23 57 82 10 84 70 29 75 78 62 76 72 63 65
35: 22 44 55 67 31 28 71 72 62 33 65 51 13 42 58 1 73 59 89 74 66 30 46 8 25 9 80 61 79 50 45 83 12 18 64 88 15 32 90 84 40 19 26 24 47 29 5 82 52
36: 22 57 10 60 28 50 70 12 16 25 74 29 58 30 38 52 19 86 47 39 20 71 62 48 63 3 27 35 5 65 87 42
37: 64 78 36 74 66 12 63 45 48 2 72 3 67 79 56 50 83 84 38 22 5 65 9 46 4 54 17 73 23 59
38: 2 42 82 65 47 70 32 75 23 85 27 44 80 35 17 33 83 77 64 36 55 16
39: 35 27 51 85 43 81 7 30 76 14 26 28 44 41 62 50 36 32 63 2 65 34 13 79 6 68 55 11 64 73 89 56 77 88 1 38 22 87 60 53 52 20 70 10 47 83 23 16 78 54 18 71 33 42 4 39 19 3 5 12 58 17 59 80 82 49 66 31 57 24 84 74 46 40 15 25 69 29 67 86 72 48 90 45 8
40: 49 27 72 76 79 31 22 40 61 68 78 21 42 46 64 53 28 77 80 87 8 41 13 7 34 20 24 1 6 56 23 36 73 17 4 18 30 81 65
41: 45 86 15 6 11 47 30 67 81 44 55 61 19 7 22 70 71 76 29 27 68 32 58 12 49 20 43 62 39 80 37 79 25 21 4 78 18 28 41 75 69 8 90 9 3 64 60 35 14 31 73 40 57 36 89 50 85 72 87 1 24 56 88 82 5 77 17 26 42 65 63 13 66
42: 6 14 78 1 28 83 30 36 22 4 8 51 10 33 5 68 20 47 23 81 26 21 52 17 55 15 49 48 80 64 71 39 59 85 57 40 9 35 66 31 90 73 67 60 37 63 19 82 58
43: 60 10 83 86 40 66 17 52 35 41 15 48 37 4 75 90 79 82 47 31 80 13 21 70 8 61 44 56 77 50 32 26 30 73 19 11 1 9 65 33 29 42 28 64 81 27 34 20 18 36 49 38 22 57 87 72 88 54 78 14 25 3 39 5 2 23 55 46 62 59 53 76 43
44: 74 43 75 12 30 50 71 35 23 69 77 10 11 46 42 21 80 39 15 66 52 44 86 22 87 6 90 84 18 51 53 62 5 64 47 61 56 27 76 2 79 83 31 9 67 8 78 34 33 68 70 20 81 32 40 45 4 73 89 37 85 58 48 82 1 28 14 54 26 29 17 19
45: 59 58 27 37 35 43 70 24 71 75 74 63 26 34 38 25 10
46: 32 75 56 55 49 19 59 1 84 15 27 62 53 68 83 24 71 30 63 64 90 47 48 29 20 80 36 66 18 10 26 42 57 52 73 46 76 2 37 11 14 87 81 7 28 78 38 79 41 65 39 51 12 70 88 6 67 61 60 69 13 89 22 25
47: 43 4 84 61 42 39 75 53 23 6 76 2 68 56 59 46 8 33 24 66 67 47 57 5 87 51 19 83 58 32 44 79 16 62 7 90 86 69 65 20 12 28 26 63 55 52 82 29 10 35 30 80 3 15 25 9
48: 31 50 29 34 41 25 42 71 7 44 55 3 18 75 43 59 38 78 24 37 2 49 26 19 53 57 13 90 88 27 63 60 51 22 72 16 47 1 81 62 83 65 68 66 14 5 84 11 89 58 33 48 74 77 39 46 79 67 35 45 52 56 69 64 70 86 61 80 40 12 8 28 21 23 17
49: 61 17 16 8 89 70 73 54 88 38 52 85 83 43 29 50 18 47 26 66 6 2
50: 78 34 21 84 77 40 10 53 43 27 33 69 24 36 67 20 85 1 32 81 76 14 61 7 13 49 90 54 12 41 87 26 83 51 75 15 71 2 66 23 63 5 68 57 59 11 79 73 22 72 58 29 44 88 28 37 3 64 4 60 8 65 48
51: 47 3 4 71 79 51 7 82 1 41
52: 83 36 49 67 26 72 25 74 48 20 7 82 33 1 68 62 46 39 6 76 69 71 85 54 11 65 19 79
53: 73 67 23 63 17 69 13 22 64 11 75 30 37 61 21 57 87 16 90 2 28 59 40 54 12 43 46 49 53 58 6 36 80 78 52 85 81 29 88 24 68 3 48 10 42 60 66
54: 54 25 33 11 70 87 6 90 77 68 10 86 57
55: 67 76 68 13 77 88 22 53 14 54 47 87 70 28 84 25 30 1 56 33 44 35 79 20 41 55 46 45 51 2 73 40 50 10 80 26 37 86 63 27 49 12 16 59 52 65 42
56: 34 25 11 82 37 73 80 1 48 52 14 20 3 89 63 5 90 45 9 50 32 65 13 64 84 55 16 56 19 58 7 28 33 35 74 88 47 8 44 24 86 67 4 54 83
57: 53 57 88 39 40 35 63 17 64 19 22 49 74 50 55 80 3 46 38 43 4 89 14 32 24 83 27
58: 62 48 2 68 10 29 86 81 87 3 19 77 45 76
59: 11 13 73 88 40 15 4 25 70 85 65 59 21 14 53 83 46 28 86 27 74 35 7 23 20 78 26 90 54
60: 55 58 72 15 83 78 73 88 46 9 27 35 34 84 33 17 70 53 51 3 25 14 2 50 85 28 62 40 18 31 47 16 10 4 63 22 12 82 30 76 23 65 42 56 57 68 1 48 71 37 5 75 36 49 54 32 41
61: 24 70 8 22 12 15 42 72 64 90 43
62: 8 65 14 3 17 40 56 50 34 28 22 7 12 38 33 18 35 29 63 26 67 15 69 76 13 1 5 78 74 55 4
63: 65 19 55 4 77 20 31 23 63 70 54 9 80 34 89 10
64: 30 36 2 58 51 90 8 49 44 64 31 84 35 55 45 86 79 75 12 41 74 71 85 59 52 21 17 6 69 70 77 10 66 61 11 65 5 9 7 33 28 87 47 43 56
65: 84 46 65 13 39 30 59 55 76 77 37 58 25 24 38 50 21 51 69 45 61 6 44 12 82 10 16 3 90 36 33 81 70 64 14 2 83 31 26 17 32 73 86 79 7 27 41 4
66: 77 86 41 88 12 6 18 62 27 26 11 1 55 57 17 64 42 49 47 10 20 45 36 7 31 16 78 46 28 38 32 2 44 13 63 68 82 65 81 90 14 3 21 48 54 35 52 73 59 24 33 83
67: 61 32 90 23 54 36 4 3 9 60 14 63 83 45 19 64 34 22 28 1 7 31 70 78 42 84 26 20 5 43 55 49 75 24 50 11 72 86 6 25 69 82 33 88
68: 43 89 63 4 87 26 42 37 7 56 88 12 22 9 11 31 68 72 41 76 75 66 61 86 55 48 6 81 90 84 21 23 30 58 78 20 14 39 44 17 10 65 19 29 73
69: 64 5 15 28 20 8 68 10 40 1 79 82 32 90 47 19 29 62 6 81 56 25 46 2 59 74 42 39 43 12 41 84 87 26 38 37 72 65 53 17 30 44 51 31 7 33 3 73 22 63 4 77 35 16 69 13 36 67
70: 76 47 64 56 41 27 2 6 43 63 28 89 59 10 37 87 26 36 53 48 77 88 32 24 17 7 23 71 83 67 78 18 49 65 68 20 62 4 66 31 57 75 85 84 16 33 21 74 46 55 5 30 19 72 34 50 73 40 69 9 12 38 11 61 25 60 86 22 35 80 54 44 58 51 79 13 3 39 8 1 45 42 90 82
71: 11 87 69 1 60 85 15 42 46 88 82 20 22 49 75 56 73 33 8 14 31 37 86 34 27 51 28 18 32 21 80 17 48 6 77 38 67 2 57 81 52 41 25 55 65 72 35 79 78 12 68 4 66 50 59 64 83 7 47 89 29 10 45 5 90 26 40 9 71 61 30 70 53 62 13 54 19 63 3 23 84 58 44 36 16
72: 34 1 47 66 83 72 71 38 52 82 65 4 37 43 3 58 10 86 68 6 42 76 18 41 61 16 7 30 25 28 70 23
73: 81
74: 50 22 68 75 56 51 19 65 71 73 80 26 55 10 88 38 33 15
75: 8 73 22 26 74 89 36 12 87 9 14 24 75 47 64 17 69 18 62 61 5 2 45 1 11 38 51 80 79 70 72 16 25 32 85 88 77 34 19 78 63 35 65 56 23 37 27 15 48 86 57 28 66 21 43 29 52 4 31 39 20 83 10 71 90 3 81 68 30 33 13 50 67 59 58 41 42 53 55 76
76: 2
77: 68 4 41 55 3 47 75 19 89 83 67 38 56 16 9 2 45
78: 53 36 11 44 48 42 28 57 90 4 12 5 89 31 76 3 82 40 17 68 65 70 16 6 49 85 8 18 84 74 52 69 80
79: 76 39 3 12 6 37 77 57 17 88 70 52 65 64 68 81 72 82 56 16 75 38 73 27 67 55 21 83 59 20 48 71 44 63 62 54 13 9 51 53 4 74 78 41 50
80: 13 19 63 69 2 79 60 28 11 82 26 59 54 73 51 80 89 5 41 74 1 47 38 55 32 52 66 78 29 48 7 16 56 84 15 88 27 90 12 17 75 70 67 64 18 31 33 81 20 68 61 25 8 85 77 83 22 87 9 50 37 42 39 71 57 58 34 62 46
81: 21 60 62 14 6 70 4 64 59 45 42 82 87 80 90 18 76 71 54 26 51 16 32 68 66 12 19 78 37 89 38 41 36 33 53 11 46 48 40 35 31 25 30 49 27 17 65 73 69 52 15 3 86 39 22 28 75 57 67 83 5 58 23 1 56 24 34 77 2 47 81 84 61 50 20 10 55 74 79 88 13 63 43 29 9 44
82: 59 20 78 25 18 47 48 4 7 62 50 28 31 76 37 30 2 35 63 43 55 29 32 52 84 58 75 66 69 86 34 21 67 11
83: 9 35
84: 73 29 65 36
85: 19 35 23 74 14 60 86 4 57 59
86: 74 10 30 86 73 5 20 11 78 76 53 61 66 68 83 13 40 38 22 4 46 71 51 39 52 47 65 50 37 42 85 19 75 33 60 63 81 77 15 26 17 56 25 62 29 1 67 31 3 6 72 24 80 8 14 18 49 87 16 41 59 69 48 35 90 54 64 44 45 28 55 58 23 2 12 7 36 21 34 79 32 57 70 43 27 89 84 82 88
87: 75 7 81 46 34 74 78 11 68 49 42 35 50 67 82 22 6 10 23 76 56 9 40 26 57 71 14 12 25 80 31 61 24 63 47 2 27 44 21 3 84 52 15 29 20 69 8 18 45 83 88 48 37 77 32 90 89 58 79 66 72 4 55 87 39 70 5 85 53 33 51 1 60 62 36 86 59 28 30 17 73 16 43
88: 78 10 81 68 85 54 1 88 76 79 27 31 60 46 28 23 35 49 8 77 44 9 2 18 53 90 72 70 84 16 26 73 50 4 38 64 69 21 62 41 58 17 43 59 51 61 3 5 25 15 36 89 65 82 13
89: 13 73 7 6 80 43 64 44 56 55 85 5 33 61 37 88 49 70 21 51 41 87 71 29 79 58 19 32 77 68 34 54 69 10 25 12 48 47 15 20 45 36 23
90: 6 29 58 28 37 27 81 7 66 24 3 12 71
1: 41 (26 10) (19 67 55) (2 88 32) (15 69) (27 72) 30 (35 12 75 6 4 25 87) (11 60 51 70 46) (86 80 44) (42 81 8) (20 56 39 3) (40 16 62 23 71) 50 (1 52 48) 43 66 21
2: (55 1 12 22) 48 (46 58 64 47) (82 43 71) (6 30 15 60) (88 11 5) (53 39 3) (23 21) (38 24) (86 75) (10 81) (69 25 4 76 65 77 16) 2 (50 8 37 44) (70 7 80 66 49) 20 19 32 87
3: 72 26 22 56 77 (12 88) 27 (50 81 71 75 87) (1 3 4 23 62) (24 67 53 48) (78 69) (51 70 15) (39 90 25 29 65 28) 86 (10 36) 41 (30 6 20 57) 11 (2 79 21 60) 58 (32 47) (37 66 43)
4: 85 (81 3 57 10 15 56 39 1 43 51 37 11 22 71) (59 24 29 16) (19 42) 41 27 (2 70) (32 79) (65 6 25) (77 13 69 23 26 88) 47 (12 4 7 78 72 40 68) 67 (30 60) (62 87 20 86) 82 75 (33 44) 50 (21 63)
5: (86 70 44 39 41) (4 69 56 42 16) (25 32 43) (6 36 30 27 60 10 89 80) (19 81 2) (50 37 75) (67 21) (88 23) (35 1 47) (11 64 22 12) (71 62 87 78) (48 20 3 24)
6: 25 (40 6) 33 (54 89 20) 42 (4 87) 21 (64 70 16) 72 (7 53 8) (67 78) 10 (27 44) 46 (86 41 32) (12 11) (81 1 17 14 66 39 24 69 2 26) (71 15) (23 68 9 52 79 90 49 30) 65 (29 47)
7: 80 23 (1 48 46 30 12) (82 6 40 26 17 16) (66 11 9 64) 69 (24 3) (56 20 39) 50 (47 87 70) (90 21) (52 86 62 72 71 67) (68 22 89) 51 (10 65) 41 59
8: (48 86 78 64) (5 32 4 22 70 26 6) (43 1 28) (3 10) 69 (47 30 13) 18 (42 87 62 25 80 40 75 39 50 61 41) 71 88 24 (35 49 2 44) 12 16 56
9: (81 60 26) (5 70) (19 77 6 37) (21 28 75 31) 83 42 88 (9 11 87 43 71 25 12 79) (44 30 4 56 27 32 68 1 80 63 22) (64 33 23 41 67) (24 16) 47 (15 35) 10
10: (1 81 55) (34 23 25 24) (12 75 89 33 44 70 71) 32 (30 50 11 47) (16 68) (64 74) 86 (87 88) (63 2 42 21 72 54 26 58 4 53 22) (43 39 10 66 6 65) 36 46 45 69 60
11: (81 29 52 10 6) 20 (4 46 67) (48 11 12) 33 (22 64 32 66 59) 23 (39 75) (80 21 19 24) 44 (2 26 68 7 87) (54 41) 43 (50 70) (16 71 27 53 28) (86 78) (56 82)
12: (37 4) (27 89 41) 19 (46 36 12 68) (86 7) (53 48 30 90) 71 (65 61 39 6 1) (35 50 32) 75 (44 80 10) 24 (62 78) 22 87 81 (55 60) 70 47 23 25 79 (3 11 26 69) (66 21) 64
13: (56 1 11) (89 2 88) 81 (80 43 8 66) (65 26) (71 50) (9 19 53 79) (16 6) (86 27 41) 15 (39 35 40 21 75 12) (10 46 23) (22 70) (20 48) 30 (69 55 24 13 59 62)
14: (24 27 25) 71 (59 6) (81 86 22 1 66 87) (11 12 42 44 39) (16 32) (62 20 60) 75 (21 30) (48 67 85 29 17 46 50 57 55) (56 41 33 23) (4 68 65) 43
15: 71 (89 47 10 27 28) (30 81) (39 29) 16 (15 25 12 7 44 3 88 22) (41 86 50 2 75 62 35) (42 26) 61 87 (46 24 1 69) 20 21 (43 4) (60 59) (6 74) (80 23)
16: (6 7 69 47 25) (80 8 30 53) (22 38 78 23 15 36 11 49 79 2) (56 72 48) (24 86) (12 60 81 3) 16 (21 1 66) 39 (88 70 29) (55 87) (10 20) 65 (32 27) (77 75) 71
17: (49 22 38 32 66 26) (24 75) (68 30 48 69 88) (79 78 12) 15 71 (37 80 6) (44 41 11 64) (23 25) (60 43 53 81 87 3) (86 33 62) (39 40 7) (70 19) 5 (1 42 57 2) (10 65)
18: 81 (1 88 39 78) (23 62 24 43 4 44) (15 11 86 2 60) (22 6 46) (71 12) (40 80 82) (10 75 32 7) (70 72 25 35 21) 16 49 (17 66 5 48) (87 41) 30
19: (29 16) 12 (48 80) 57 30 (42 63) 46 (39 68) (43 52) (11 89 2) 69 (32 41 85) 7 (56 23 36 10 75 22 44) 47 77 (35 67 1 3 70 71 19 20) (58 81 74) (24 86) 25
20: (55 39) (56 89 47 46) (36 26 24) 44 (69 59 17 29) (15 71) 19 (7 43 67 63 10 86 79 75) 68 82 (70 34) (16 52 42 1 81 87 41) 30 23 (11 80 2) (25 32 4) 6 12 (66 50 40)
21: 81 (1 48) (12 64 24 28 89) 2 30 (79 3) (86 65 59 32 42 68 82 25) (23 10 53 22 15 6 50 71 43 66 88 70 87 16 41 11 40 29 5 44) 75
22: (32 70 86 57) (16 4 61 87 42 1 33) (10 55 68 41 2 81 71 44 12 11) 48 (3 74 80) (40 50 37) (22 75 69 6) (60 39) (67 43 26 29 15 23 35 53 8 25 36) (27 24 46 9 62) 21
23: (40 53 50 30 1) 25 (48 89 6 43 68) (85 81 75) (32 60 37 26) 39 (44 70) (59 34 10 72 20 8 22) 87 9 (86 3) 29 (63 42) 21 88 (4 47) 67 (71 11 38 12)
24: 45 (87 56 32 22 29) (23 70 9) (66 4) 15 (16 17) (65 39 30 41) 40 (35 81 86) 46 (48 25) (47 2 20) (57 61) (12 21) (1 10 6 50 75 11) (90 53) 67
25: 59 (48 89) 45 (46 69) (75 1 25 32 16) 47 (39 6) 4 8 86 (82 72 80 9) (23 55 81 28 15) (43 65 56 60 70 35) (20 88) (67 41 12) (10 54) 52 (19 11 36) 87 71 (21 30) 22
26: 12 (81 26) (24 59) 32 (10 44) (49 50) (52 67 45 62) 71 (65 74 2 25 88 30 66 48) 20 41 (15 1 39 80) (87 11 43 21 42) (68 69) 86 (23 47) (4 35 16) (46 70 29) (75 55 6)
27: 22 (43 70 30 44 45) (59 5 21) 38 41 (65 55 40) 16 (39 60) (75 86 50) 87 (7 36 4 24 88 48 29 57 71 15 25 26 20 66 12 3 90) 32 80 33 46 (23 6 79 81)
28: 25 87 2 (16 44 46) (43 66) (78 36 60) (62 47 12) (27 30) 88 35 23 (32 6 8 56 71 50) 64 (42 24 11 29 15) (70 48 21 69 53 1) (22 3) 86 80 81 41 (59 10) (75 82 72 67) (40 39 55 90)
29: 29 (25 19 86) (84 49 34) 1 (26 90) (32 53 22 80) (2 81 58 6 12 62) (69 41 23 89 39) 36 24 (71 46 3 27) 87 (44 30) (11 4 68) 75 8 (82 43 48 35) (47 10 50)
30: (20 39 10 53) 11 (35 16) (27 22 30 36 72) 55 (60 65) (6 47) (8 29 7 32 87 43) (2 18 71) (82 13 26 70 86 75) (21 24) (64 40 1) 81 (25 68 44) 41 (42 12 46) 3 69
31: 63 44 (23 75 5 16 35) (12 42) (6 43 11) (64 81 70 33) (82 41 67 10 4 87) (69 78 8 25) 60 32 (29 66 40) 71 3 88 30 48 (7 19) (27 68) (86 80) 65 (2 1) 39
32: 89 (16 69 65) (38 75) 82 (4 43) (7 25 30 70) (86 81 24) (1 29 39 21) 87 57 41 (60 67 46 11) (56 15 2 71) 28 10 50 (44 20 3) (66 80 35) (22 47)
33: (66 32) 60 (11 13) (2 74) 33 (67 48 10 86 65 23 75 44) (1 64) (50 42) 62 (20 52 89) 80 38 22 69 (43 87 24) 7 (55 39 56) (14 81 47 71 70 29) 19 9 3 (30 16) 35 25 54
34: (89 16) 82 80 (23 44 15 45 75) (40 32 6) 20 (26 1 67 29 12) (86 70) 9 (21 22 50) (43 3 10 63 71) (30 4) (25 39 48 87 62 81) 60 11 (72 56)
35: 29 32 (48 42 30) 87 (88 82 38 20 57) (75 69) (3 60 59) 24 64 (47 86 36 17 56 27 81 70 22 85 1 62) 4 39 11 2 (45 83 55) 10 19 (25 44 15 71) 21 (6 8 66 33) 41 (16 12 43)
36: (28 24 89 11) 66 86 (41 52) (12 38 25) 64 (46 9 4) (5 37) (30 6) (16 70 50) (60 27 3 65 40) 10 29 (88 78 42 71 75 84) 23 (69 53 1 81 43 67) (87 2) (39 21 7)
37: 45 68 (82 10 72 41) (25 4 11 3) (7 90 6) (80 22) 65 (13 32 75 21) 26 (44 55 71 60) (53 43) 69 (79 89 48 1 56 70) (42 81 2) (12 46) 27 16 (30 86 50 87)
38: (57 10 43 77) (71 2 4 37) (80 70) (20 9) 81 (27 28) 66 21 (36 86 74 79 24 32 5 45) (3 69 46) (48 1 30 11 6 49 75 88) (25 65) 62 39 (12 16) 72
39: 70 (27 87) (20 24) (11 28 75 19 68) 69 52 42 (43 32 79) 44 41 (16 36) (33 47 23 30 57 86 81 65 4 1) (2 5 3 39 10 46) (21 12 29) 15 (22 80 48 25)
40: 13 (71 32 6 23) (11 86) 48 1 (7 16 4 55 17 8) 60 (27 81) (40 12 10 57) (69 87 41 70) (59 39) 53 (24 43) (3 22 26) (35 21 78) 25 (15 62) (50 30 44 2 20) 42
41: 23 80 89 3 75 69 15 (88 10) 24 (72 39) (13 86) 7 (6 66 1 46 64 2) (79 32) (11 43 65 81 41 70 21) 50 (60 48) 29 55 (30 68 40 51 19) 71 (26 25) 22 (77 12)
42: (30 71) (23 69) 87 (86 39 26 18 80 13 25 72 1) (32 29) 46 (67 3 66) 53 61 (12 8 35) (70 21) 40 (78 36 22 16 4 6 43) 81 (27 7) (75 20 60 68) (55 41) 38 (10 47 44 48)
43: 75 (44 22) (82 10 17) 48 1 69 27 (12 67 11 21) 53 39 (43 50 49 25 3 19 29) (6 68 2 41 15 64) 70 (32 88 28) 61 57 (16 23 86) 87 (45 81) (72 89 47 30 24)
44: (20 16 65 6 47) 88 64 12 1 (5 3 66 18 35 48 89 81 38) (25 50 10 39 78 44 79) (69 86) 19 87 (32 71 11 43 41 21 56 24) (70 23) (55 68 30) 7
45: (67 15 65 24 39) 70 (8 55 66) 86 (10 48) (4 35) (87 41) (32 56 6) (75 25) 71 1 (89 23 2) (44 64) (20 77 58 37 12) (7 16) 13 (5 81 30)
46: 86 (30 53 17 35 11) (3 60) (4 1 12 48 20) 66 32 (44 25 65 22) (37 71 69) 57 87 (80 10) (81 52 24) (15 46 27 43) 6 (7 16 29) 88 (70 59 39 40 47 23) 55
47: (12 47 27) (24 49 75 35) (86 25) (82 55 26 60) (5 81) 41 (36 42) (30 69 23 10 32 89) 43 (80 64 77) 3 (4 15) (56 46 20 22 51) (72 16) (48 44) 38 1 (87 39 70 66 71 11)
48: (44 46) 50 (6 3) (24 23) (20 87 82 11 2 58) 68 (5 15 4 86 60 71) (37 1 48 30 52 81 80 79) (42 27 70 16) (26 66) 25 (56 39) 43 32 (36 75) (78 29 53 89) 10
49: (30 12) (16 41) (50 20) (48 52) (27 71 78 32) (53 67) (66 43) 88 (18 24 39 40 81) (60 26 55 1 5 86) 8 64 (29 87 57 42 70) (23 11 10) (46 89 25 6) (4 15)
50: 56 37 (11 44) 86 36 (48 49 81 35) (80 25 22 16) (32 74) 43 (55 30) 15 (39 23 21) 67 41 (71 3) 28 88 6 9 62 (10 12) (27 57 82) (24 75 70) (65 87) (60 79 26 29)
51: (55 88 69 44 48 2 65 24 46) (32 6 11) 15 (86 39 25 81) (50 29 51 35 20) (80 74) (16 10) 60 26 (30 75 12) 4 (1 3) (71 89 7 42 79 64 70 47 8) 87
52: 75 46 (35 48) 21 86 (27 64 36) (11 39 15 71) (3 72) (78 12) (81 80) 32 (25 16) (53 44) (42 1) (82 13 47 43) (4 49 87 79 24) 6 (10 2 56 9 23 66) (55 20) 30
53: (57 27 30 55) 22 79 (43 24) 16 7 (88 44 60 69) 39 (75 32 47 48 81) 21 (6 29) 11 (5 50 71 12 25 1 53) (87 10) (4 3) 86 (46 40) (78 26 59 70) 23
54: (59 39) (4 11 13 22 53 60 70) (16 32 54) 21 43 (44 79 1) 10 (25 24) (81 20 3) (7 71 12) (23 86 27 30) (15 55) 37 (66 49 9) (6 28 52 56) 67 (50 88 63) 19 (80 89 33)
55: (41 38 71) 80 (60 81 11 35 55) (46 20 3 86 17 77 1) 57 2 (19 63) (82 12 67 65 26 75 62) 27 (68 47 32 22) 70 (15 4 10 79 16) (56 42 48 66 6 25) (74 23 87 64 43 89 39)
56: 44 12 69 (60 68 3 11 81 74 40 80 24 32 77 43 47 28) 62 (87 39 55 79 41 64 33 46 48 1 70 16) (27 30) (37 56) (15 25 10 71 75) (6 7 89) (86 22)
57: (24 25 10) (81 1) 47 (71 66 3) 22 (57 70 87 6 2) (80 4 36 60) (19 39) 8 (29 50 86 54 30 48) 85 (46 12) (79 15 53 43 16) 34 (41 42 75 78)
58: (88 20 81 3 30) 71 (29 72) 53 90 24 (16 56 64) (47 70 19 6 60 22) 36 (82 32) (35 2) (45 89) 44 (25 65 87) (48 41 42) 80 68 11 50 (86 75 39) (23 10 33) 17 (1 12)
59: 32 80 (29 46 23) (12 85) 45 42 (22 50 79) (75 5) (86 55 69) 15 59 3 (53 35) (25 88 70 81 1 20 30) 39 (33 21) (64 37 10 65) 66 (47 6 82) (87 16 71 11) (43 24 48)
60: 4 87 (11 10 71 43) (36 19 12) 16 26 (27 30) (50 53) (21 32) 25 80 (42 39) (48 6 24) (86 29 67 2) 46 (41 20) (88 15) 3 81 85 (9 70 23)
61: (30 24) (16 44 35 22 1) 6 71 (25 75 88 65 86 50 32 28 40 48 41 23 49) (81 87 89 72) (27 20) 68 43 64 (47 29 67) (3 46) (80 21 70 2 15) (19 10) (8 11) (12 53)
62: (70 36) 3 48 26 52 (21 79) 58 71 (17 75) (41 80 32 9 60 1) (15 20) (10 81) (88 30) (46 69 35) 43 (22 66) (39 7) 86 2 87 47 82 (24 25 44 34 23 12)
63: (55 86) (32 27) 60 (22 63 67 39) 4 (87 62) (6 25 7 53) (47 19 68) (10 50) (45 79 75 66 48) (16 42 34) 41 2 (82 71 1 3 36) (37 80 46) 69 (30 81) (15 57) 70 (23 9 11) 56
64: (13 3) (32 57) (79 53 1 69 35 66) 22 (38 16 29 24) (56 48 42 12) (10 80) (86 40 2 11 39 67 41 37 26 4) 64 30 50 71 (44 6 88 43 8) (46 65) (75 33) (25 27 81 21) (89 61 19 70)
65: 36 88 (84 26 79) 30 66 (81 64) (59 21) (24 22 46) (39 40) 23 (69 1 3 68) 33 15 62 86 (47 4 37) (6 56 29 5 71) 43 (75 41 55) 34 (52 12) 25 (48 72 60 50 35 32) (10 78 70) (38 74) (65 63)
66: (90 10 23 75 25 41 20 39) (1 26 80 2 81 28 47 35 71 82) (87 70) 7 (21 50 48) (64 68 49 37) 30 (6 72) (46 44) (3 15 42) 86 43 11 (27 13) 53 (32 12)
67: (46 23 34) (80 42) (2 26) (25 19) 5 1 (86 24) 55 (10 7 33 27 16 20 29) 44 (75 52) (32 50 81 48 47 69 30 87 77 37 41) 70 (22 62) (39 71) 56 (35 4) 53 (79 82 11 6 12)
68: 12 72 6 47 70 89 (50 66) 4 54 32 (77 88) (39 25 3) (74 55) (78 30) 58 (16 33) (52 80 5 75) (68 20) 71 (44 1 53 40) (60 29 42 41) (8 2) 10 87 86 (81 48) 69 (79 23 15 46)
69: (7 23 2 86 44) 30 (39 75) 10 (87 52 88) (29 78 32 71) (1 70) (25 69) 5 (24 21 50) 89 (13 6 47 53) (20 65) (48 46 67) (80 15 64) (81 4 41) (3 62) (16 12) 82
70: (18 43 65 22 12 72) (25 78 15 60) 79 59 10 (39 54 29 71) (16 49) 3 80 (75 11) (61 20 30) 88 36 (34 67) 64 (63 87 4 32 41) (89 48 1 81) 45 (55 38) 86 (2 6 44 46)
71: (41 64 17 20) (48 22 36) (89 42 79) (30 6) 86 (44 51) 10 (39 80 50 27 32) 71 46 74 1 (35 21 45) (72 52) 70 (87 12 23 28 75 7 81 5 60 90) (24 16 15)
72: (12 68) (21 41) (3 11) (72 10 34 24 35 2 86 39) (25 75 22 6 20) (71 88 43 50) 48 70 (67 4) (29 17 61) 40 (52 60 30 79) (87 37 69) 16
73: (59 56 2) 10 35 (29 27) 39 15 (4 74 68 88 53 40) (21 49) (24 86) (22 8) (20 87 12 50 16 41 79) 69 43 (28 23 60 80 66 6) 89 (25 46) (33 70 3 37 1) (42 65) (17 44 71) 26 (84 55) (32 30) (75 81 11)
74: (12 44) (22 57 81) (69 33 13 87 6) (24 52 86) 5 (70 35 1 7 75 59 10 3 30) 25 26 (36 4 62 64 16 23) 85 32 79 56 48 (37 21) (27 45 80) (20 39 78)
75: 23 (82 45 60 71 6) 68 21 (30 3 53) (70 11 43 75 67 16 46) (24 10) (64 12) 41 (86 44 50 48 26 25) (77 38) (2 32 1) (22 79 87) 20 18 47 (74 15 80) (81 34)
76: 9 10 (39 43 12 55) 88 (70 75) 29 (41 62 2) 21 (81 33 23) 44 78 (15 58) (46 20) 50 (68 5) 6 (11 87) (22 72 24 34 86 47 32 52 60 40) 79 16 (3 30 82) 65
77: (30 28) 55 (1 24 88) (86 65 12 32) 10 (81 48) 44 (89 11) (38 63 87 23) (41 64) 43 (54 16 39 71) 50 80 (5 75 8 29) (69 66) (6 70) (58 40) (25 79) 22
78: 5 (3 66 81 87) 41 (34 70) 82 (25 42 9 62 27) (12 60 48 46 40 53 1 8) (86 20) 88 (79 50 44 2 80) (23 30) 75 (59 15 37 67) 43 6 (68 29 10 24 71) (21 39 32)
79: 50 (48 70) (55 11 2) (4 6 27 87 46 7) 22 21 3 65 (43 10) 32 71 15 64 69 23 24 30 (35 5) (44 89 75 25 39 12 47 51 37) (81 40) (29 9) (8 1 80 26) (86 88) 52 41
80: (89 70 57) (30 87) (11 40 35 81 15 43) (53 55) (4 6 1) (47 25) 22 (46 74) 10 48 86 (63 71) 27 78 (38 12 32) (16 80) 44 42 (75 29) 23 (41 39 21 56) 20
81: 16 (53 87 43) (20 3) 80 (21 41 75 6 65) (12 26) (66 44 24 40 71 27 42 15 69 79) (86 58) (73 7 23 29 88 10) (1 17 68) (22 46) (81 50 90 25 30) (2 39 48 32)
82: (65 69 81 43) (25 72) (1 56 27 16 39) 71 42 (20 2) (78 3 70 7 12 80 17) 44 (23 88 11 35 15 47) (67 4 60) (10 32 66) 86 51 38 (52 34 87) (41 79 30 6 22)
83: (66 30 7 5) (67 26 48 60 56) (11 77 9) (39 79 57) (38 21 35) (28 20 70 80 3 23) (37 1) (46 87 49 59 65) (81 42 44) (24 10 29) 86 (16 47 71) (22 72) 4 (6 75) (50 12 25 52) (43 2)
84: (69 7 33) (55 68 12) (65 88 32 80) 25 11 (4 10) 48 (22 15) (16 19 87 56 60 20) 78 (26 82 64 86 29 67 30) (23 70 46 81 34 37 1 50 47) 39 44 (24 71) 35 21
85: (2 87 39 20 41) (25 9 80 49 88) 59 (6 71) (70 30) 1 (3 5 44 31 10 52 50) (89 22 86) (60 33) (12 11 38 16) (24 75 53 23) (78 26) (42 21 64 15 32)
86: (59 36 12 15 14 71 81) (64 32) 1 4 75 10 19 41 (55 68) (16 22) 54 (17 25) (3 23) (70 43 65) (27 58 39 24 67 72) 30 86 (87 56 47 66) (48 85 82 44)
87: 89 31 (80 27) (24 68 71) 22 75 (70 53) (50 58 86 39 40) 46 47 12 (20 23 87 64 44 54 30 16) (69 11 2 25 10 21 8 43 41) 6 (55 36) (7 5) 81 (26 32 15 4 1)
88: (21 57) (6 53 87 60 41 4) 9 (30 33 49 80 3) 20 (74 46 18) (67 27 79) 55 (35 70) (12 25) 66 56 39 (2 50) (86 43 68) (75 88) (71 59 11 1 48 32 24) (10 89 81)
89: 71 (49 57 63) (1 78) 6 (30 48 12 68 29) (25 3 27) 44 (32 77) 11 23 (75 21) (80 35) (87 16 24) (81 4 10 70 88) 46 (86 39 41) 56
90: (70 10) (5 47) (33 41) (71 54 61 16 27) (11 46 56 15) 68 59 44 (2 78 4) 21 (81 6 3 80) (87 66 23 35) (53 64) (42 12 1 39) (88 69) (50 75 67 86 25) (20 48) (65 30) (8 29 43)
