90 90
1: 82 34 60 66 78 36 13 48 30 70 56 51 42 84 89 83 3 47 20 5 26 45 15 67 11 43 64 19 10 69 74 4 80 24 9 18 23 59 52 37 12 86 75 68 32 1 7 2 57 41 90 33 8 49 72 6 54
2: 10 86 31 1 90 46 66 74 85 2 57 7 83 16 29 54 63 43 88 37 73 41 5 59 18 8 30 55 61 72 69 11 21 24 75 26 15 38 56 52 51 34 4 80 78 82 9 19 13 77 3 39 20 50 60 68 14 12 33 36 48 22 76 67 40 27 32 71 49 28 64 23 25 17
3: 68 62 17 31 58 46 34 19 26 71 89 30 23 66 79 65 88 15 80 56 84 3 29 90 82 36 57 9 13 45 49 28 78 67 32 35 47 75 10 8 72 73 69 11 77 18 87 20 14 81 64 40 53 39 50 38 22 24 1 60 86 74 6 44 41 12 16 5 33 4 55 21 7
4: 32 49 85 12 70
5: 61 8 1 53 33 13 42 58 6 38 12 45 21 80 47 85 36 84 56 70 29 71 37 34 50 28 54 89
6: 65 15 73 34 76 72 17 87 3 47 11 44 71 46 33 30 13 40 4 64 62 66 27 8 90 57 85 26 36 32 74 75 59 20 28 31 6 2 1 45
7: 52 3 8 18 74 80 81 20 73 51 85 29 76 84 71 13 7 15 64 28 1 26 78 79 86 16 33 41 67 37 66 62 54 39 25 38 75 42 70 63 36 32 43 24 55 65 87 50 19
8: 79 37 71 1 86 50 87 45 11 16 61 60 88 14 9 58 81 62 40 5 24 67 82 18 15 59 41 35 75 76 74 53 51 23 12 21 42 20 43 57 77 46 73 47 52 72 64 7
9: 46 62 64 18 67 72 43 45 24 60 8 35 73 68 78 2 88 19 25 28 26 79 70
10: 55 25 60 85 4 34 31 3 71 69 78 50 16 17 80 43 6 52 51 2 20 13 66 15 7 21 9 84 41 74 18 67 5 61 64 33 73 54 72 59 44 10 75 56 65 48
11: 42 74 52 40 29 54 86 81 37 60 26 71 9 53 58 43 8 85 76 15 82 25 77 46 4 44 90 67 70 66 88 38 11 30 2 47 17 33 23 65 22 31 14 10 62 5 79 1 3 41 75 35 50 45 32 20 78 18
12: 9
13: 8 74 63 14 56 65 66 19 37 48 34 75 31 90 35 26 20 25 11 46 89 83 22 51
14: 43 84 37 39 90 9 80 69 21 38 87 53 14 24 70 48 32 86 78 15 71 72 26 63 62 66 35 58 18 49 10 65 44 33 17 56 59 2 61 81 57 55 1 29 13 22 89 79 41 7 27 73 11 6 23 28 46 83 68 74 34 85 3 54 19 45 4 25 50 47 82 40 8 64 67 42 52 20 36 51
15: 67 80 86 49 79 13 1 68 12 44 41 4 45 47 39 55 90 87 73 20 69 30 15 71 37 18 11 74 84 28 26 75 78 25 29 46 60 40 51
16: 37 78 88 4 59 69 10 20 71 3 58 5 52 68 75 16 45 30 27 26 12 25 11 34 33 63 22 73 38 17 48
17: 30 4 20 58 27 64 45 2 80 36 72 18 71 65 31 56 89 63 23 11 19 12 15 24 48 55 49 33 16 41 50 53 88 40 26 13 66 61 28 67 84 78 29 76 60 14 87 75 42 32 3 82 85 25 44 35 21 39 57 74 10 70 37 51 43 83 47 68 54 73 81 86 17
18: 45 15 87 65 7 82 20 48 21 9 70 54 39 42 73 89 64 32 83 57 66 78 56 49 84 88 1 74 75 68 40 6 3 69 33 67 4 30 41 71 55 24 19 72 50 28 62 11 44 17 14 16 53 37 35 90 18 85 58 51 27 81 59 61 12 86 79 23 22 34 8
19: 83 89
20: 39 30 7 13 59 14 85 19 84 60 45 90 57 41 18 54 71 64 79 26 10 52 21 36 37 66 44
21: 35 66 56 42 13 54
22: 74 63 43 55 13 27 81 34 20 14 58 46 54 33 87 21 50 12 3 67 47 15 49 86 44 1 9 83 37 23 85 53 40 38 5 51 73 45 90 61 30 68 48 18 4 66 7 25 32 35 11 31 52 22 89 71 75 77 76 60 28 19 72 36 78 88 59 24 39 29 64 84 69 56 65 57 16 42 62
23: 85 13
24: 18 77 71 58 3 80 26 55 68 37 84 19 60 52 23 21 70 11 83 53 14 16 22 20 35 69 78 82 45 4 86 10 43 29 88 65 5 76 51 81 67 57 59 36 89 40 46 25 8 62 32 64 44 74 17 2 1
25: 30 67 40 17 71
26: 79 30 80 61 1 50 31 10 29 41 63 76 49 42 85 40 45 60 13 58 43 9 5 69 2 65 26 24 73 82 90 62 7 18 77 6 70 84 37 89 14 51 17 56 57 87 21 47 27 16 54 28 12 33 78 88 39 20 32 75 86 44 74 4 59 36 23 22 81
27: 31 55 18 21 77 26 37 78 42 44 73 14 33 60 72 61 45
28: 13 12 75 7 74 79 1 68
29: 69 59 33 73 1 20 34 45 12 64 61 83 82 68 13 80 71 67 37 66 21 88 70 28 81 65 76 38 2 39 44 24 31 5 58 30 74 87 15 85 17 19 89 46 52 27 10 51 25 60 86
30: 45 81 74 49 39 9 54 18 29 46 57 8 41 40 24 84 16 33 10 43 31 44 2 63 7 17 70 13 11 82 34 23 56 21 48 80 20 58 14 26 90 72 51 5 50 59 65 38 75 27 60 32 86 66 85 88 68 35 55 28 62 36 4 1 67 25 19 73 89 52 12 53 6 47 69 3 77 71 37 42 64 61
31: 84 61 4 33 18 19 60 56 50 73 27 35 74 80 53
32: 8 60 43 85 78 32 86 59 80 72 19 36 26 52 65 64 81 4 79 73 31 30 27 48 84 40 57 35 88 20 2 11 83 18 29 56 24 21 46 5 7 62 77 76 10 49
33: 84 45 29 14 60 70 44 77 11 28 62 51 35 67 61 10 50 85 78 68 74 17 12 80 9 73 57 43 23 15 21 79 36 13 27 19 52 81 25 18 55 2 20 4 42 89 66 38 49 37 41 59 69 8 30 53 88 5 1 16 32 26 24 56 31 40
34: 49 85 25 17 39 23 76 56 3 75 51 4 8 48 67 73 40 86 20 38 27 18 70 1 80 36 31 26 22 68 52 58 14 2 10 15 87 64 88 78 11
35: 76 83 52 55 28 64 7 33 47 41 19 73 3 53 30 57 12 38 20 35 86 37 51 85 82 58 46 65 80 84 90 77 29 79 2 6 59 43 27 5 49 34 89 11 48 54 87 18 74 10 62 8 26 67 13 42 16 24 45 22 63 14 9 25 1 69 36 81 78 4
36: 90 32 14 30 15 27 12 22 24 9 53 88 71 63 19 43 8 29 75 18 62 64 7 67 74 57 10 39 28 81 40 3 38 50 25 54 78 35 86 68 56 5 46 44 41 26 65 66 72 11 87 89 45 59 20 36 61 13 23 84 37 58 31 21 48 70 6
37: 11 63 72
38: 85 84 64 35
39: 26 56 9 44 45 61 35 36 2 11 90 23 62 83 5 63 71 77 89 28 7 34 46 22 60 32
40: 61 53 63 43 22 33 21 14 59 34 23 13 17 40 62 81 9 47 86 36 35 49 5 15 74 90 50 44 89 26 28 18 20 88 58 87 25 84 56 24 69 52 6 80 55 68 4 83 38 51 32 76
41: 82 85 23 8 62 86 10 15 63 43 46 78 55 71 56 41 12 54 16 80 17 36 45 60 77 64 14 58 50 9 47 42 69 18 1 26 38 34 75 44 61 51 73 90 57 37 33 67 87 40 28 25 70 19 3 81 24 84 5 11
42: 54 65 12 23 63 47 55 29 16 85 32 40 74 51 56 24 68 53 11 22 38 43 58 35 30 89 7 8 75 3 36 44 6 26 69 66 76 60 52 87 34 84 80 45 57 50 10 41 48 90 1 2 46 67 71 20 73
43: 38 37 15 70 12 1 56 55 28 63 8 9 88 47 84 24 13 87 68 72 17 58 35 73 31 43 67 78 75 42 71 59 89 29 48 90 81 25 76 39 60 14 45 18 77 36 32 26 7 22 34 11 86 65 82 16 23 4 3 2 40 21 50 80 30 57 79 19 46 85 53 44 52 64 20 49 6 62
44: 73 90 36 31 7 21 50 62 54 11 10 70
45: 71 35 47 50 73 27 5 61 42 54 13 24 33 8 41 78 25 59 37 17 40 60 32 9 67 79 34 58 26 46 55 12 2 3 68 52 66 88 76 83 44 1 74 75 45 84 4 19 29 86 7 14 65 63 89 80 22 82 48 30 85 57 23 16 15 64 31 36 18 62 20 70 51 87 28 49 38 10 21 56 69 90 53 39 43 81 72 11
46: 87 76 62 29 28 85 37 49 69 36 53 34 32 52 10 15 31
47: 20 88 32 24 68 4 19 36 87 55 64 9 34 11 78 30 17 47 13 82 42 63 15 57 26 3 73 54 69 40 65 38 66 10 75 72 18 62 53 35 79 83 67 28 33 58 85 84 70 1 41 37 46 5 44 43 25 81 14 86 48 22 56 21 27 90 89 80 76 51 12 74 29 45 60
48: 21 35 79 14 19 36 39 16 31 56
49: 6 44 89 82 51 54 3 52 18 38 9 90 60 22 74 35 84 23 73 33 49 68 39 20
50: 81 59 14 48 45 2 72 41 37 53 35 73 57 78 26 47 3 54 16 85 13 39 43 83 44 89 24 19 63 50 9 18 40 82 84 32 90 51 64 77 7 70 66 6 86 20 1 67 74 21 17 23 87 88 68 65
51: 31 11 73 47 37 66 81 65
52: 63 30 60 69 59
53: 17 53 21 8 60 61 51 55 39 83 7 15 70 82 10 48 90 13 80 79 69 65 56 49 35 45 66 1 36 25 74 26 72 42 40 43 81 85 19 84 73 9 52 33 57 71 78 27 30 3 11 37 87 88 20 41 76 4 16 29 64 14 46 67 2 75 47
54: 21 34 66 16 71 62 4 9 18 29 11 88 59 14 22 73 64 35 82 68 40 1 26 85 25 70 90 7 58 17 65 43 23
55: 82 18 15 9 36 58 38 43 33 71 21 79 27 13 14 7 55 25 6 70 51 68 1 53 37 50 44 86 88 78 76 81 48 47 87 90 20 49 69 56 10 19 75 60 84 23 5 31 40 46 62 2 52 3 64 72 89 35 11 28 16 26 12 83 73 59 17 63 24 65 22
56: 88 62 48 6 3 35 13 67 20 57 76 15 41 36 14 18 56 8 23 82 42 54 90 10 17 79 77 63 59 7 73 4 69 80 87 11 86 74 85 29 58 61 40 37 55 21 60 32 84 75 43 49 78 70 64 83 46 16 47 45 53 31 9 72 27 39 66 24 52 28 5 38 34 30 2 51 33 50 68 44 26 89 22 1 81 71 25 19 12
57: 65 2 3 41 30 60 52 89 54 11 46 16 86 79 78 85 58 22 61 80 66 38 90 29 14
58: 53 31 50 9 36 62 48 73 69 32 5 35 4 77 14 17 84 43 3 22 26 51 40 42 7 57 78 85 10 25 70 58 16 49 55 28 29 8 86
59: 58 68 10 76 52 12 86 4 72 74 18 19 84 48 11 27 6 46 5 78 38 13 33 23 22 45 39 59 79 28 50 49 69 37 77 61 89 75 15 9 16 32 60 70 40 81 67 25 2 83 7 71 87
60: 24 30 87 51 5 2 43 37 75 6 20 26 7 21 78 61 70 42 38 35 9 27 68 25 82 81 66 55 73 54 52 15 18 28 85 50 89 77 32 8 67 46 10 59 40 56 45 62 71 65 31
61: 68 12 44 47 73 2 26 33 17 85 57 25 1 42 79 82 71 28 48 8 55 54 11 21 9 16 24 64 20 36 66 60 35 52 81 49 67 19 89 46 18 15 32 77 72
62: 59 53 1 4 63 51 7 66 79 17 67 37 88 10 54 9 61 43 33 78 19 68 23 14 87 47 18 24 16 25 6 44 13 57 72 32 74 49 40 62 38
63: 64 49 42 13 80 71 86 1 22 19 53 72 38 50 58 26 10 67 33 59 9 17 51 48 88 37 31 11 5 36 44 75 47 28 65
64: 54 72 63 37 64 27 24 86 60 52 12 77 61 41 59 82 25 30 21 40 5 1 19 75 28 88 43 55 80 81 50 2 26 58 35 17 62 51 7 47 15 49 70 73 11 32
65: 23 62 3 14 81 69 40 55 39 59 13 63 44 60 46 48 50 72 43 83 41 86 76 34 31 22 35 6 24 29 64 84 74 27 70
66: 40 87 4 54 66 57 26 58 23 63 53 25 80 84 13 12 60 50 86 10 67 16 83 89 1 35 81 82 38 9 76 70 85 14 21 18 59 75 15 61 46 5 62 28 42 17 19 29 52 51 24 72 74 8 31
67: 29 47 50 63 51 3 78 57 84 54 62 58 16 15 8 23 20 33 48 87 22 21 90 28 38 14 81 85 88 71 73 55 77 11 52 42 83 70 25 32 18 72 43 80 66 39 35 40 45 5 41 75 31 86 79 27 17 65 89 69 49 26 56 4 68 34 82 67 30 2 12 9 44 24 59 1 76
68: 12 37 59 45 79 20 31 9 10 62 3 28 25 29 75 87 1 47 53 68 81 67 51 82 22 38 57 80 26 18 44 23 64 13 58 89 49 84 14 78 32 61 73 71 11 27 41 30 76 69 86 88 15 21 65 33 24 85 56 66 60 55 39 43 54 40 17 5 16 7 72 35 48 52 34 2 42 8 46 83 70
69: 8 86 23 6 10 1 54 17 45 4 85 67 81 11 58 74 26 82 14 30 76 83 33 53 20
70: 86 45 6 39 75 20 88 1 26 78 51 3 56 7 4 33 15 35 53 2 83 60 43 22 64 57
71: 55 50 60 41 72 37 80 64 32 47 56 67 81 90 73 11 51 26 74 83 20 17 79 29 52 16 24 23 71 5 19 45 12 85 78 1 3 59 36 34 15 2 77 75 53 43 48 38 27 61 31 89 82 86
72: 27 15 37
73: 36 87 21 30 89 13 8 62 66 43 63 4 82 73 55 42 71 49 56 61 48 46 35 31 1 58 57 9 16 39 7 22 65 27 86 28 2 40 52 64 90 72 37 70 50 47 76 18 54 75 19 14 85 67 23 68 15 83 81 79 25 5 26 45 69 24 38
74: 22 76 90 17 73 49 24 44 84 35 32 23 85 40 42 34 8 2 55 70 63 3 12 71 50 18 39 26 75 43 6 21 62 36 86 20 82 56 88 64 87 53 5 89 48 9 79 14 68 15 29 25 65 47 41 80 33 45 60 30 72 11 59 1 37 46 61 74 13 19 54 81 58 83
75: 62 59 32 76 50 22 31 40 66 19 23 64 38 54 89 42 21 65 82 63 71 73 81 12 44 84 69 9 36 34 70 87 78 7 47 53 39 37 33 6 24 86 43 35 25 72 46 41 49 83 51 2 57 29 80 27 13 88 75 3 15 67
76: 85 63 55 37 40 14 18 69 54 34 58 60 25 74 32 26 16 47 57 24 51 42 88 64 9 38 11 3 36 10 46 48 6 35 41 79 53 73 2 82 75 30 56 28 33 39 45 59 65 66 84 89 68 78 61 13 83 80 17 5 22
77: 80 48 29 83 26 61 18 14 84 78 13 88 24 33 27 63 89 1 73 79 34 47 86 37 20 55 41 25 8 58 5 54 62 76 40 90 11 59 50 28 7 75 30 87 39 32 70 31 66 56 60 35 12 16 71 81 68 43 52 74 23 45
78: 70 37 23 71 34 40 74 53 78 68 85 55 25 81 36 8 30 49 31 1 32 4 33 26 75 90
79: 8 33 56 16 37 62 76 34 36 11 38 75 53 31 89 23 49 57 40 44 48 12 26 80 17 87 2 82 77 45 72 3 41 61 73 55 52 66 65 35 86 21 28 71 46 68 20 60 63 50 81 15 70 30 7 79 19 69 88 83 22 43 5 90 78 39 24 13 74 64 32
80: 72 34 52 71 42 64 38 14 28 58 44 4 25 45 5 13
81: 82 48 16 33 22 41 36 52 13 38 88 67 3 39 2 80 17 81 64 63 65 25 54 84 11 20 71 62 46 24 89 7 76 40 70 55 27 87 53 15 57 21 78 28 73 90 72 66 61 75 14 47 85 86 26 49 6 34 68 31 79 77 10 69 8 9 44 43 60 58 42
82: 70 52 6 22 30 38 74 18 71 4 21 25 75 17 16 34 51 47 69 28 76 62 37 9 15 27 1 83 36 60 66 13 78 80 32 44 55 85 90 77 88 42 7 82 29 68
83: 90 66 2 15 77 18 42 39 25 7 64 26 14 60 38 11 1 84 85 56 27 86 30 22 79 29 16 19 50 45 83 17 81 8 40 54 6 9 35 87 78 41 63 37 61 70 20 72 33 23 12 48 89 53 47 24 3 44 71 4 36 55 80 73 28 31 62 46 69 75 5 57 21 74 65 43 34 51 59 10 68 58 82 32 76
84: 28 13 1 55 51 50 35 53 48 58 89 65 60 43 80 39 6 12 20 74 2 36 52 56 46 5 3 67 62 76 78 7 40 71 44 73 54 33 38 81 16 11 90 72 31 75 86 15 57 19 49 22 9 23
85: 69 62 71 26 72 1 17 19 23
86: 1 76
87: 88 59 63 9 50 57 26 41 72 62 73 15 10 4 77 83 60 6 7 71 85 54 65 66 49 36 75 8 31 12 51 38 67 52 28 89 74 13 90 48 70 64 81 18 69 61 39 33 78 22 29 79 5 80 87 46 68 27 3 32 20 44 45 34 23 40 82 16 1 24 76 17 55 2 19 56 42
88: 37 16 59 70 33 44 63 14 60 48 54 4 8 36 61 76 25 79 29 40 3 34 72 56 57 28 43 90 26 46 5 80 12 53 65 13 78 82 32 84 17 64 66 88 23
89: 13 48 87 82 25 11 85 14 8 19 27 61 58 64 12 79 68 15 29 1 66 56 65 38 26 73 89 78 39 77
90: 46 43 1 37 41 58 19 48 7 26 35 72 65 83 23 33 2 53 63 85 84 11 73 71 62 6 15
1: (24 77) (14 42 5 8 7 61 70) 71 62 (22 69) 11 (74 82) (6 15) (86 26 87) (29 64 83) (56 41) (89 3 2) 90 (34 33) (35 30) (73 55 68 63 18 54 53 28) (78 47) 84 (66 85 45 67 43 1 50)
2: (45 67) (81 83) 74 50 (6 75 34) (59 64 57 17 14 39 43 10 79 60 32) (35 11 70) 29 90 68 42 (55 53 1 33 61 71) (87 2) (76 73) 30 (9 84) (56 24) 26
3: (22 56) (16 71) 42 81 (3 36 34 7 10) (2 1) (45 35 53) (43 88 30 83 41 55) (79 24) 14 (49 84 18) (57 76 58 50 75 67 47) (68 65) 87 11 (74 6 70) 17
4: (87 22) 6 (56 30 40 88) 32 10 (45 2 24 35 3 14 1 54 82 33) 11 (59 73) (31 26 53 58) 16 (69 78 70) 43 (34 66) (80 47 62) 67 (15 83 18 17)
5: 56 (60 10 24 26) (32 64 36) (39 80 40) 45 (11 71) (79 67) (59 76 63 30) (83 33 47 68 84 1) 74 (41 73) (55 29 88 87 2 58) (35 66) 77 (16 8 22) 3
6: 6 75 (90 81 55 83 1 43 30 18) (62 35 50 36 10 56 5 82 49) (59 3 74 14 40) 70 (76 60 42) (26 65) (87 69) 84
7: (18 50) (55 58 22 42) (28 45 81) 60 (39 7 77 3) (43 73 90) (26 32) 44 35 54 (59 84 87 70) (36 14) (75 82) (83 2 10) (30 56) (68 1) (20 53 64 79 62) 8
8: 5 (43 66 34) 56 69 30 78 (79 87) (77 88 14 32) 53 36 3 (73 9 83) (18 11) (42 81 61 89) 33 (68 6) 60 35 58 41 74 (45 67 1) (24 13 2 7)
9: 54 (83 40) 68 (84 12 66) 60 2 (35 61 45 75 81 53) 87 (33 1 47 62 82 8 76 39 10 41) (3 26) 43 (30 58 73 55) (22 63) (59 74) (36 14 49) (18 56) (50 67 11)
10: (34 16) (46 26 10 3) (55 1) (83 2) 76 (36 60) 68 58 (24 87 33 69 41) 81 (47 30 66 62 44 20) 29 53 59 45 (32 35) 11 14 17 (63 42 56)
11: (59 64 15) 34 41 (77 79 44 47 33) 36 76 (6 39 84 83) (61 81) 56 (67 22 55 8 16 32) (18 74) (43 1) 63 69 (13 30 45 90 68 24 51 11 57) 35 42 (37 53 17 71) (89 2) (54 3) 14
12: 68 (18 55) 83 61 77 29 16 75 (30 4 56) 47 (88 87 1 36) 15 (17 42 35 45 41 71) 22 (84 28 89 43) (8 79 64 3) (2 5 66 74) 67 (33 59 26)
13: 36 80 (20 33 29 1 17 79 73 76) (81 47 75) (5 59 22 2 53 30 21) 62 (74 15) 10 (77 3) (88 84) (14 89 66) 45 (55 6) 68 (65 50 26 35 7 63) 82 (87 28 40) 43 (56 23)
14: (58 73) (26 48 88) (17 14) 54 (8 36 24 27 77 76 50) 20 11 81 83 (55 34 22) 66 68 53 80 (65 2) (43 45 47) (69 41) (35 13) (74 40) 33 (62 56 18 89 67) 3 (30 57)
15: 83 (41 47 71 59 60) (8 87 72) 43 (53 1 89) (14 84 29 67 17 56) 46 (74 11 40) 36 15 70 3 68 (6 10 7) (18 33 73 55) (66 2 79 45) (75 82 22) (64 81 90 61) 34
16: 16 (73 61 57 10 58) 24 42 82 (54 3 48) 55 33 50 81 (43 62) (87 68 53 45 2) (41 83) 67 (17 30 56) (84 88) (79 76 71 59 18 35 8) (7 66) 26 (22 77)
17: 34 64 17 (47 25 83 10 62) (58 81 88) (69 11 82 29 76) 3 (61 14 66) 55 56 30 (2 53) 50 54 (18 40) (68 43) (16 79 87) (63 41 45 33) 24 6 85 (71 26) (74 67)
18: (83 76 68) 59 9 (2 11 22 61) (67 30 33 31 36) (34 56) (24 7 18) (17 45 62) (66 20) (8 87 47 74) 26 (50 49 77 1) 27 (55 41 40) 10 (14 32 35 82 43 60) (73 3 15) 54
19: 85 (45 1) 13 (89 64 20) 3 24 (31 87 71 75 59 47 2 17 30 61) 56 9 (79 43 66 36) 41 50 18 29 90 14 (7 83 74 62) 33 (73 22 55) 63 (48 32 84 53) 35
20: (24 6 40 42) (33 79 69 30) 50 87 (15 10 8) 77 (3 67) (55 83 29 22 43 36) (84 45 68) 49 (47 74 26 1) (32 53 60) (35 7 13 14) (70 16 2 81) (17 56) (34 71) 61 (11 18)
21: (27 64) 33 (3 17) (75 82 22) 53 26 (67 2) 44 (43 18 45) (5 74 47 20) (56 66 50 36 81) (60 14 79) (73 8) (61 48 83 68) (40 10) (30 24) (54 55 29 32)
22: (75 22 84) (35 73 16 55 76) 68 (18 74) (11 24) (79 58) 83 (47 81) (49 26) (54 63 43 14 57 39 70) (2 45) (3 42 67 65) (82 87) (59 56 36) 34 40 13
23: (1 67 50 18) 41 77 (49 59) (87 66 43 40 78 54) (22 34 85 14 56) 26 33 39 (11 90 30 8 42 84 73 83 45) 75 (17 3) (88 36 2 24 79) 55 (68 69 62) 71 (74 65)
24: 67 (42 87) 73 (62 76 55 14 50 22) (71 26 66 32) (33 40 45 56 65) (41 35 9) (29 83 79 36) (75 68 7) 81 (30 1) (2 43) 8 (47 74) (61 64 3 18 77) 17 60
25: 11 88 (68 73 89) (54 36 34) (41 58 67 22) 14 (35 16) (17 82 83) (47 33 2) 78 59 (81 66) (13 30 7 64) (43 53 10 76 56) (15 60 77 61) 55 (9 75) (29 74 80) (24 45) 40 62
26: 3 (77 30 20 36) (70 34 27 26 1) (55 41 58 53 17) (79 2) 39 61 6 (78 50) (42 89 64 9 83 73 45) (47 32) (69 40 11 15 54 56) 13 (90 43 87) 35 7 (88 81 60) 71 (74 16) 67 (33 76 63) 85 (68 24) (14 66)
27: (89 32 65 64 68 14) 81 (30 60) 72 18 (73 31) 55 34 17 (22 56) (6 29 36 82) 53 77 (75 33) 87 (45 35) (71 83) (2 16 59) (47 67 26)
28: (43 41 39) 22 5 (46 14 87) (81 82 9 15) 67 (66 68 80 2 83 45) 63 26 (47 7 36) (56 73 17 76 64) (3 59 35 77) (29 6) (84 88 18 55 40 58) (79 33 60 61 30)
29: (66 32) (14 30 88 22) (82 3 87) 83 (77 56) (75 58 35 26) 67 (2 65 7 45) (46 5 17) (68 74 42 71) (24 11 15) 57 (89 36 43) 33 53 (47 54)
30: (67 52 33) (76 74 3) (35 20 42 17 57 22 79 16 64) (83 2) 25 (32 73) (1 36) 60 (18 77 68 56 29) (6 11) (53 78) (69 26) (15 45) (82 47 43)
31: (10 84 71 63 65 83 87 11 22 45) (32 73 51 34) (17 30 13 43 36) (78 75) (77 44) 6 (3 60 68 26 48 55 46 79 81 33 56) (58 2 27) (67 29 66)
32: 68 (36 1) (77 47 26 4 50 79) (7 71 67) (62 75) (40 83 3 32 11) 24 (59 2 43 17) 6 (58 87 18 46) (45 60) 74 78 (82 56) (64 88 42) (30 39 61) (22 14) 33 76
33: 53 (49 31 75 56) (17 26 29 69) (47 10 14 63 55 76 78 6 70 1 30 67 77 41) (87 83) (62 22 7 45 18) 74 40 (35 59 16) (81 27 88) 3 (61 79 2 11) 5 (84 68 90)
34: 83 (88 78 16) (29 18 75 65 5 1 42 14 40) (43 35 45 46 3 79 74 71 81 6 67 82 87 22) 13 (56 39 76) 77 (47 68 41 54) (30 80) (10 2)
35: 35 47 (64 40) 17 (11 60 21 77 66 58 75) (68 31 61) 48 84 (50 65 55) (8 83) (30 49 74 39) (9 54 14 90 76 45) (70 24 56) 79 38 (13 3 43 33 36 67 32 42) (53 22 73) 18
36: (79 61) 81 3 (22 30) 76 58 (44 75) 20 (17 71 34) (48 55 1) 47 35 (78 87) 83 (46 41 33 53 32) 84 (43 73 5) (74 36 39) (24 26) (14 6 56) 42 (82 7) (45 88 63) (40 2)
37: (47 20 33 68 14) (55 45) 2 60 46 1 (72 82 59) (26 29 73 8 56 88) 76 (30 7 22 78 83 16 41) (51 36 24) (35 77) 71 13 (64 74) (15 90 50 43 5 62) (17 79 18 75) (53 27) 63 11
38: (56 67) (29 30) (11 82 57 36 63 83) 7 87 (68 89 66 40 73) (59 3 35) (49 60 62) 14 45 81 (84 34) (33 80) (75 2 79) (22 43) 76 (16 71) (41 55 5) 42 47
39: 81 76 (50 75) (17 67) 56 (3 87) 14 (15 34 43 59 29) (68 65) 18 2 (79 70 84 48) (77 7) (30 20 74 53 45 49 22) 26 (36 73) (83 89)
40: 25 (79 87 81 83 78 45 26 76) 55 (62 24) (50 88 66 56 75) (58 60 59 54 14 42 53) 41 30 74 36 33 11 (8 15 43 22) 40 73 6 32 (77 34) (64 18) 84 (47 65 2 17 68 67 3)
41: 77 10 (75 42) 83 (76 2 53 17 35 33 26 7 14 41 15 74 65) (18 47 50 3 79 56) (8 68 45 1) (30 71) (64 57 81) (90 87 20) 11 67 36
42: (11 68) (58 22) (75 53 61 33) 30 (1 14 43 21 80 87 83 81 8 18 26 47 76) 35 (45 41 63 27 73) (7 60) (56 66 5 82 74 17 67)
43: (70 14 60) (35 36) 17 (22 53 75 2) (58 7 71 9) 55 (45 43) (33 74 77) 64 (73 79 83 10) (32 67 65 11) 40 (68 81) (62 50 41 90) (8 47) 1 (24 88) (56 30 26 84 42 54)
44: (79 15 55 36 75 43 87 74) (61 49 6 67) (24 14 84 83) 27 (29 3) (33 65 68 18) (81 42 41 11) 50 39 (45 82 56) (20 62 47) (40 30 22 26 88) (63 17 10) 80
45: 39 (17 83) (36 43 80) (15 79 11 6) 14 18 67 68 50 33 45 76 71 87 53 (1 69 73 5 41 16) (22 59 8) (70 35 30) 77 29 (26 24 60) (74 27) 42 3 (56 20 9 47)
46: 39 75 81 79 (57 8 15 3) 6 (2 45 13 35 61) (65 68 9) (84 11 55 83) 41 (42 32 43 73 47 22) 59 (76 87) (53 74 30) (90 60 56 24 66) (14 88) (29 36)
47: (71 42 6) (81 55 82) (51 41 22 15 43 40 76 74) (30 8 26 35 53 77 50 11) (62 73) (56 5 3) 63 67 47 61 (17 83) 14 (1 68 64) 45 75
48: 81 (88 42 74) (84 1) (36 22 2 32) (34 13 76 79 43) (50 87 14) (63 77) (58 18) (68 45) (67 89 59 16 71 61) 35 (90 65 17 53 30 56) 73 (55 10) (83 47)
49: 53 (2 35 68 61 17) 79 73 (15 4) (49 1 45) 64 74 (62 84) 3 14 59 (40 75 55 63) (58 56) (32 67 30 87) 18 (33 22 43 81 78 46 34 26)
50: (65 63) (66 14) (50 30) 71 (36 42) (31 44 22 40) 17 (33 18) 8 58 (41 5) (79 55) 64 73 (45 11) (43 7 2) (56 59 83) 60 10 75 67 (3 87 26 74) (84 77)
51: (13 8) 76 (87 83 1 30) (24 15) 17 (62 49 33 53 71 26) 34 75 (35 7) (84 60 66) (56 47) 45 (55 58 42 82) (64 18 63 29 67) (40 14) 68 (70 10 50) 22 41 2
52: (55 49) 45 (34 43 14) (30 56 77 24 64 33) (10 81) (71 2) (16 1 67 87) (42 73 57) 11 (80 7) (82 20 22 59) (32 53) (61 84) 68 29 (46 66) (35 8 79) (60 40)
53: 78 (18 14 71 68 69) 50 (33 45 70 17 58) (8 24) 22 (81 11) (31 53) 3 56 (79 42) 36 (5 46 90 35 40) 88 63 84 (30 66) 74 (83 55 62 75) 76 47 43
54: (22 76) (47 26 1 74 36) 67 (68 7) (30 45) 57 (75 50) (41 5) (10 77 73 56 14) 66 (17 2 62 44) 42 60 (11 83 20) 88 (87 21) (84 81 18 35 49 61 64) 69
55: 43 (17 82 30) (24 18) (22 60) 55 (87 61 56 27) 74 (3 58 10 45) (53 35 41 42 78) 76 (15 64) 7 (79 84 71 33 83) 40 (65 2 81) 77 73 (68 47) 67 14
56: (43 83 70) (21 32 55 76 47 30) (67 26 10) (84 14 13 41 3) (22 5 74) (89 42) 73 (87 40 18) (48 2 33) (1 31) 71 (88 36 79 53 45) 60 (34 39) (68 17 77) 56
57: 41 83 (73 75 24) 3 (67 35) (30 53) (43 58 26 56) (88 45) (20 61 8) 76 70 (32 66) (87 2 68) (47 6 62 33) 81 (14 18) (50 79 17 1) (84 42 36) 22
58: (64 8 66 14 30 69 29 3 74 58) 63 (83 43 84) 40 67 (45 26) (24 77 5 76 17 59) (57 56 11) 81 36 (89 18) 54 (22 16 42 35) (68 90 41) 73 (34 55) 80 47
59: (71 10 2 50 22 59 32 62 24 14) 45 33 (67 66) 30 (8 29) (65 35) 76 83 (16 87) (18 36) (6 74 40 60) (52 43 63 77) 56 20 (68 88 75 55) 1 54 (64 26)
60: (39 70) (3 41 26) 45 (77 66 84 88 53 83 43) 79 29 (2 24 59 71 10 32) 30 9 (49 68 82 22) (20 42) (8 33) 52 57 15 87 (74 64 81) (17 11) (61 65) 76 47 1 56 31 (27 55)
61: (29 26) 73 (10 64) 5 31 (89 36) 83 (14 53) 74 (40 8 60 79 81 18) 59 56 (87 30 2 57 76) 17 (27 68) (88 39 66) 62 (71 77 41) (33 45 22)
62: 8 73 43 (83 35 79 58 36) (11 39 18) (41 82 67 56) 87 3 (77 46) (65 6 54 33 26 64 60 9) 22 (32 30) (44 40) 7 (47 24) 84 (66 90 55) 75 (68 62) (85 14) (45 81) 74
63: (2 65) (13 43) (81 26 90) 62 (45 22) (74 16 76 36) (83 56) 77 (35 67 42 40) 55 39 66 (75 14) (41 73) (17 37 47 87) 88 (7 50) (52 64 79 30)
64: (2 38 74 45 3) (53 1) (70 87) (63 24 18 32 30) 81 41 73 (47 71 9 88) 6 (65 7 68) 89 (80 79 75) (20 29) (61 8) (14 54 17 43) (64 34 35) (10 76 56 83) 22 (50 36 55)
65: (22 13 60 47 79 51) (43 54 90 11 29) (36 7) (63 75) (67 76) (32 30 55 18 88 6) 57 3 (84 83 87) (74 42) (24 73 17 81 10) 35 (89 45 68 50) 53 14 26
66: (20 50) 21 (18 6 47) (29 60) (13 73 45 22) (68 10 89 11 51) (42 61) 62 57 (83 56) (1 82) (54 7 67) (14 66 87 81 79) (30 17 76) 75 (33 53) (3 36) (77 2 88)
67: 41 (15 66 22 59) (18 42 24) 45 (30 56 87) 67 (84 61 25 34) 9 (10 69 73 7) (1 35 11 81 29 68) 71 53 8 60 (3 50 63) (43 36 2 62) (33 17 47 14 75)
68: (68 56 36) (67 14 33 29 79) (45 22 62 77 28 76) 73 81 74 42 (49 83) 34 87 (61 60) 18 15 54 (24 40 50 17) (55 1) 89 59 78 (43 9 3) 2 (30 82 16 47)
69: (79 14) 15 85 67 58 2 (83 45 55) (65 35 68) 22 (33 46 59 42 1 16) 56 (87 26 29 82 10 30 52 41) 3 (81 40 53 73) (18 76 75) (24 47)
70: (79 30 54 9 83 7 45) 65 50 (34 11 66 59 33) (44 74 5 56) (77 67 75 60 1) 87 58 (47 64 43 29 78 88 24 26 41 18 73) (81 53 14 36) (82 68) (4 55) 17
71: (24 71) 81 39 68 (6 3 36) (22 83 63) 54 82 5 55 10 14 85 59 (15 79) (56 7 30) (60 11 42) (74 77 73 43) (20 67 2) (80 87 45 75 29) 41 (17 61) 18 90 8 16 (53 84) (78 25)
72: 9 56 (64 30) 45 (81 1) (62 43) 87 (14 75) (79 67 53) 3 (37 85 73) 17 2 55 18 71 8 10 (36 61) (90 50 27) 88 (83 68 80 6 63) 74 22 59 (65 84) (47 66) 32
73: (84 15 18) (26 74) (47 90 45) 79 (53 2 33 54) 64 (30 76 44 56 71 49) (83 6 16 58) 27 (10 31 9 32) (61 50) 3 60 (68 8 73) 89 67 7 43 (41 87) (22 77 55) (35 51) (34 42 75 14) (81 29 17)
74: (11 59 29 49 79 22) 65 (26 36 53 2 71 18 3) (77 28) (76 24) 30 (31 87 17) 14 (69 62 74 83) 45 (13 33 47) 35 (78 8 15 66) (6 10 50 40) (7 42 84) (82 56) 1
75: (55 81 77 13) 76 75 (84 56) 43 (87 8) (67 63 73) (3 59) 11 64 (30 2 34 16 17 83) (6 26 79 68) 66 10 (36 82) (74 60) (70 7 28 22 41) (18 45) (47 42 1) (53 78 15) 71
76: 67 (26 53 40) 69 (55 56 65) (2 68) 46 45 43 77 (83 82 24 79 34 32 73) 6 17 42 (86 66) 75 8 (74 88 81 11 87) 7 (29 47 59 35 84 22)
77: 2 30 39 59 87 (79 3 50 58 27) 64 82 26 (83 43) (11 41 56 24 71) 67 (61 35 81 8 32) 89 (60 22 33)
78: (62 1) (87 14) (41 27 7) (53 82 43) 77 (18 10 45 3 34) (71 17 2 78 32) (76 58 47 50) (36 16 11) 59 (26 57) 56 (70 89) (81 22 75 83 55 15 9 68 24 67 35 33 79 84 88) 60
79: 45 26 32 (28 11) 53 (14 9 3 57 62) (20 88 18) (56 71) (81 59 76 55 43) 7 (68 74 77) (73 35) 15 (33 48 87 47 8 61 89) 83 (79 67)
80: (79 15 47) (1 26) 76 (7 64 34 29) 33 (83 88 57) 5 53 (66 67 31 74 2 56 75 3 32) (43 63 35 82) (17 81 41 87 40) (84 77 42 71 68 24 10) 30 (45 14)
81: 11 (32 45 29 18) 73 (41 51 55) (43 26 84) 14 (33 56 30 36) (8 69) (77 71) (79 78 24) 40 68 (17 67) (22 53) (74 47 65) (59 60) (61 83 7) 75 (64 81 35) 87 66 50 3
82: (79 75) 43 69 (50 18 61) (64 1) (76 30 54) 81 (71 8) (67 2 73) 24 (56 83 41 45 82) 49 (11 60 74 3) 47 (87 55) (68 89 66 14) (17 29) 88 (53 26 35)
83: (73 90 69) (35 45 53) (18 14) (79 82 17 65) (47 66) (22 67 83 40 71 13) (59 50 29 32 74 75) 87 55 77 (56 19 24 68) 39 (2 70 76) 1
84: (42 58) 30 (5 41 10 22 55 15 75) (33 67) (88 1 81 76) (65 49) (56 18) 38 (40 59) (90 77) 20 (36 50 31) (83 32) (43 66 47) (7 35 45 3) (26 14 74 68) 53 (17 24)
85: (74 17) 53 (29 61 38 32) (89 45 50 10) (83 81 82) 11 90 73 67 57 (78 23) (18 7 47) (2 26) (46 6 56) (68 4 5 58 54 14 30 34 43 33 66 22 76 42 87 35) (41 60 69 71 20)
86: (41 8) (2 26 35 63) (69 24) 64 7 3 (83 66 34) 57 (68 59 40) 74 (58 22 47 67 77 15 73 45 84 79) (11 29 17) 70 18 75 14 (36 81 65 56 1) (55 50 30 71 43) 32
87: (47 34) (26 29 41) (36 75) 55 (62 45 18 67) (22 53) (89 40 81 15) 35 (50 6 56 66 60 77 46 17 73 8 42 83 3 68) (7 59 87 14) (79 43 74)
88: (29 2) 45 (53 9 67 32 47) (26 70 54) 77 (40 76 82 18 3 74 50 16 75) 79 (43 68) 56 (8 81 64 33) (17 30) 87 62 (11 24) (63 34) (36 88 22) 55
89: (26 66) (35 39 60 36 17 76 30) (43 1 24 49 73) (83 3 42) (61 33) (89 47 81 67) (56 29 5 14 18 40) 45 71 87 59 55 19 68 (57 79) (84 22 13) 74 (75 50) 77
90: (45 13) (81 57) 3 22 77 (2 71 15 84) 14 (82 47) 26 42 44 83 1 (54 87) (35 88) (78 67) 73 (30 55) 50 (74 56 79 36 40) (39 41) (11 49 6) (18 53 43 20)
