90 90
1: 63 83 25
2: 86 13 30 82 76 17 81 80 33 85 55 24 84 48 22 1 31 47 32 23 34 87 56 72 62 65 27 26 5 25 42 71 44 46 78 10 7 20 45 16 68 66 18 36 70 77 59 57 49 21 64 38 41 37 11 90 12 51 69 14 50 75 89 28 4 35 67
3: 19 43 30 56 79 40 78 26 20 57 76 47 77 23 7 45 35 17 42 11 48 63 89 75 8 66 44 58 64 31 54 65 70 55 4 36 13 38 24 32 85 52 82 46 50 1 84 69 33 86 49 90 6 41 51 37 80 15 68 59 87 73 62 18 53 27 16 10 9 39 3 74 14
4: 73 24 41 46 4 35 88 28 3 65 80 27 22 68 31 70 25 44 54 45 53 77 48 38 36 57 32 33 62 78 56 76 1 66 6 40 26 5 8 86 21 11 13 23 67 12 16 58 10
5: 70 22 85 45 36 58 28 69 59 37 38 23 18 19 76 29 14 64 31 51 16 61 2 40 57 21 35 34 30 71 65 84 66 46 53 39 8 20 62 87 75 78 63 26 9 5 6 72 42 13 67 1 43 32 86 33 82 27 24 88 15 47 44 73 7 60 12 50 79 10 17 83
6: 73 7 51 39 89 19 74 21 15 62 16
7: 40 3 73 82 77 49 44 80 89 26 9 11 27 47 29 21 74 19 43 8 66 28 25 23 59 86 13 22 17 16 36 41 83 48 32 65 64 58 35 5 63 52 85 54 31 87 30 34 60 53 42 6
8: 77 56 72 23 1 9 4 41 7 59 65 81 51 54 31 38 89 85 55 70 11 75 88 60 40 76 42 33 47 67 44 12 24 46 64 62 2
9: 17 74 61 14 84 1
10: 73 43 53 10 90 70 25 12 74 63 34 61 72 84 77 19 85 58 49 67 54 32 1 30 44 33 86 24 79 60 80 50 7 28 14 35 27 45 39 8
11: 71 59 25 72 3 63 26 57 75 13 89 74 17 52 2 22 84 60 39 24 5 20 32 61 21 6 12 4 51 46 82 81 85 87 54 28 49 37 65 35 27 18 79 47 64 48 73 30 69 67 70 14 34 66 7 68 56 50 80 53 33 11 62 77 38 41 55 19 76 58 9 42 29 10 23 86 1 8 88 90
12: 29 17 50 32 77 55 8 25 83 71 70 88 7 89 65 15 82 47 26 42 24 51 6 45 52 30 56 61 33 40 48 37 12 79 28 76 59 19 44 54 38 21 58 13 18 57 63 90 49 73 10 74 75 41 66 4 72 43 9 34 36 39 69 87
13: 57 56 79 83 11 33 78 4 89 52 76 23 42 70 5 54 32 35 45 49 16 60 18 75 81 15 37 13 19 6 22 80 44 61 58 50 73 9 90 21 48 38 47 86 10 65 46 29 87 67 27 34 43 2 66 72 30 8 85 20 69 41 63 14 88 31 7 39 55 77 40 82 17 28 68 25 12 84 74 53
14: 11 39 74 47 25 15 18 29 31 7 32 21 51 17 24 35 34 64 58 13 8 73 38 30 72 20 42 59 88 23 87 43 27 3 77
15: 60 45 54 6 74 16 1 86 63 20 64 53
16: 19 43 35 58 13 41 49 8 71 28 42 9 55 29 69 1 62 2 68 5 3 21 36 38 63 48 22 73 20 11 18 76 88 46 44 59 31 72 87 14 82 33 77 54 45 56 15 53 34 25 70 23 12 83 67 60 24 75 30 84 52 6 86 85 16 51 61 17 37 66 65 47 74 32 27 89 64 80 81 26 57 39 4 78 50 90
17: 23 58 33 68 43 19 22 3
18: 31 90 4 87 20 3 9 45 12 42 72 84 70 15 48 23 50 47 53 69 51 11 34 82 40 62 59 24 49 77 39 73 43 52
19: 53 54 73 16 39 44 4 28 18 38
20: 9 67 80 25 46 17 84 48 35 14 86 88 59 81 45 58 72 51 19 71 56 52 22 13 2 63 68 30 83 37 82 1 43 74 79 55 26 54 73 23 60 33 78 66 36 5 24 11 21 49 75 39 44 6 40 90 47 61 12 38 4 70 76 28 89 34 29 16 77 18 8 15 41 42 65 62
21: 5 52 79 32 25 90 39 24 72 59 16 74 27 87 34 73 50 78 57 20 33 71 80 54 61 89 2 26 76 45 9 15 41 11 46 22 77 69 42 62 7 83 3 8 18 29 49 40 65 64 38 85 70 63 4 48 36 1 30 51 88 12 84 86 53 10 66 56 28 55 35 58 19 75 14 13 43 31 6
22: 22 8
23: 14 18 53 82 76 84 15 45 55 37 13 64 61 32 26 23
24: 60 17 71 6 70 52 38 82 25 75 49 79 88 4 73 57 78 58 40 30 24 76 15 63 84 86 77 8 3 23 50 35 2 55 89 51 44 34 26 20 45 69 72 39 22 59 32 62 18 67 11 65 42 29
25: 3 60 11 52 67 20 28
26: 58 42 15 7 35 68 14 12 31 29 50 63 9 17 13 32 53 38 37 8 47 70 73 72 20 30 66 3 34 85 19 5 62 40 46 81 24 16 79 45 60 57 23 89 82 2 65 54 61 64 6 76 56 87 22 21 55 80 90 67 27 86
27: 17 32
28: 33 88 24 56 50 75 12 52 57 22 2 74 85 78 4 29 10 81 3 21 48 69 90 70 59 60 67 63 39 38 41 73
29: 72 84 71 40 58 12 89 48 76 20 16 32 37 25 9 18 34 56 33 44 65 62 83 73 47 77 30 52 75 38 90 14 29 39 23 31 86 85 10 42 28 13 78 26 43 53 67 82 1 88 64
30: 10 32 75 7 78 64 46 27 34 29 31 72 41 70 45 40 3 51 11 55 81 77 60 83 18
31: 89 47 44 59 74 82 51 45 41 54 16 10 28 17 6 19 35 73 31 60 81 53 14 85 76 25 32 52 7 46 30 34 42 43 66 61 21 8 12 84 58 80 86
32: 26 15 46 84 12 52 53 39 86 64 55 51 54 37 6 42 45 3 44 87 81 27 13 61 60 19 8 22 59 35 40 20 32 24 23 21 67 9 41 10 79 63 72 30 14 69 74 83 25 28 73 18 70 34 43 65 29 56 17 33 47 31 82 85 75 1 88 57 77 38 48 7 49 2
33: 10 40 67 23 7 58 83 80 57 37 36 44 5 75 50 33 70 68 30 21 45 16 24 43 84 55 69 73 22 20 86 87 59 35 12 63 1 88 76 48 39 61 3 34 72 18 8 64 6 62 79 14 47 28 26 71 52 32 4 77 29 85 19 60 74 53 82 81 65 27 56 9 15 38 17 13 11 49 89
34: 23 29 42 10 53 58 75 80 5 54 63 36 45 28 84 6 11 15 41 27 64 89 52 14 90 67 19 22 18
35: 77 46 3 18 36 55 90 27 7 5 23 82 48 84 63 11 33 85 16 21 19 57 80 65 24 38 76 44 43 81 12 50 30 25 79 71 13 74 17 47 64 60 70 53 34
36: 64 86 27 78 44 16 50 69 63 28 33 17 54 89 51 60 14 71 90 41 73 37 83 48 2 5 29 87 80 38 55 15 35 4 20 68 81 74 65 43 13 47 75 23 34 45 22 66 53 19 40 18 32 42 77 6 9 7 79 49 56 58 30
37: 59 79 25 15 51 44 82 20
38: 74 7 34 58 79 66 26 82 29 51 62 84 87 60 54 28 20 14 71 22 11 3 64 1 33 69 81 27 36 18 16 53 4 52 9 48 35 21 39 24 45 12 89 67 50 15 86 83 41 13 76 31 88 32 55 61 40 30 72
39: 58 64 89 82 53 88 72 12 50 16 81 75 40 27 49 26 69 36 18 17 37 19 67 13 68 59 8 14 63 77 31 90 10 51 83 76 73 6 85 65 32 38 4 30 78 11 46 45 71 57 61 29
40: 59 75 18 85 25 7 43 64 41 40 45 57 76 37 44 80 48 24 65 23 51 79 54 66 69 83 30 50 55 12 14 3 88 1 17 81 27 22 39 89 20 71 78 11 5 15 60 34 53 74 31 70 19 47 67 8 16 46 63 36 82 38 72 87 29 33 86 58 28 56 13 42 21 10 84 73 52 62 77 6 26 61 35 2 32 4 90
41: 19 33 50 45 22 36 4 37 90 80 39 10 28 82 73 7 61 78 5 68 16 60 29 30 42 86 38 1 84 11 62 34 40 56 12 75 47 20 26 53 49 83 64 67
42: 13 31 73 88 2 72 9 33 40 76 43 58 80 63 56 65 5 75 89 69 3 38 26 19 51 36 83 54
43: 78 51 46 73 8 44 85 32 6 5 60 43 72 33 67 76 66 57 25 10 75 70 42 86 47
44: 59 68 42 72 35 26 5 10 64 32 12 27 1 9 84 28 4 48 34 89 83 58
45: 64 23 5 30 62 42 56 82
46: 9 74 13 33 90 89 60 11 19 7 51 6
47: 24 60 16 54 26 76 37 79 10 71 32 90 22 28 19 49
48: 60 90 58 18 47 13 52 79 12 88 44 19 40 75 43 55
49: 16 25 80 46 59 88 83 56 32 21 35 28 62 14 27 42 26 20 74 38 40 51 39 1 29 77 50 84 24 65 2 5 75 60 7 9 48 12 41 18 15
50: 69 28 11 85 67 22 35 60 5 53 77 86 18 34 38 26 56 58 63 16 73 14 8 27 39 57 66 81 31 70 74 10 33 75 43 71 17 59 13 84 9 68 65 64 29 52 90 41
51: 87 3 36 7 34 8 55 13 30 1 64 21 76 58 69 33 61 88 23 14 40 62 85 74 16 19 6 49 63 46 32 82 20 56 48 80 42 11 60 9 79 27 86 71 68 2 54 78 47 73 83 72 22 17
52: 86 32 44 8 36 35 89 13 74 25 77 51 73 29 60 66 34 63 52 58 85 22 19 9 70 39 81 1 31 67 7 20 42 5 56 84 10 3 53 68 46 82 49 61 12 23 64 33 16 24 37 65 41 21 88 54 78 55 76 4 14 6 59 28
53: 50 21 23 25 89 66 7 12 19 8 65 22 55 84 2 63 56 79 49 71 82 41 44 80 85 58 78 87 53 11 15 9 51 1 73 83 6 16 13 30 90 68 72 48 3
54: 46 4 43 80 65 78 73 87 17 60 38 68 53 71 67 20 89 9 35 12 36 11 29 24 31 85 56 16 7 82 58 34 79 47 21 90 77 23 25 2 76 6 69 40 49 45 28 55 70 30 84 22 72 15 86 39 52 18
55: 63 55 7 46 36 6 53 76 88 87 89 73 3 82 14 39 67 8 12 79 75 11 43 40 81 90 70 31 21 49 19 86 4 45 18 9 71 32 69 37 23 34 38 57 64 74 84 51 13 83 58 24 48 68 10
56: 3 26 14 58 28 71 78 25 34 37 62 31 21 79 27 76 7 41 86 80 40 60 5 29 13 17 81 68 39 2 66 46 63 74 42 85 11 90 54 53 43 20 1 64 10 75 35 9 73 6 72 45 52 32 67 44 69 30
57: 88 43 67 48
58: 67 61 37 32 62 48 78 83 9 33 59 76 65 80 70 66 18 81 36 1 64 56 85 75 25 72 26 35 22 6 2 39 45 19 54 41 34 58 55 77 69 10 90 21 47 88 31 44 46 12 52 28 30 87 16 86 40 79 23 4 7 63 5 84 8 60 74 53 14 17 29 89 71 82 24 42 27 3 11 57 73 68 38 13 51 20 15 43 50 49
59: 25 37 61 18 8 72 88 16 75 58 10 46 65 60 84 2 33 27 6 44 43 54 14 17 53 26 62 45 77 74 3 42 80 22 21 13 11 66 86 89 31 68 90 87 51 39 78 20 36 59 69 15 1 30 73 82 40 85 83 7 63 4 24 34 29 56
60: 82 81 75 12 84 2 17 25 57 52 68 34 59 27 88 19 32 9 90 46 40 74 67 42
61: 18 70 51 62 8 30 43 53 27 88 25 6 32 7 35 3 15 79 77 11 57 47 71 63 86 22 56 82 13 81
62: 76 72 20 47 52 14 88 36 44 50 29 66 5 68 77 37 84 89 38 17 32 35 33 43 11 19 2 27 13 51 78 56 46 18 63 53 75 22 9 65 90 74 41 69 64 61 67 1 7 54 79 57 73 3 85 62 82 24 26 23 81 28 60 40 30 49 15 58 87 55 8 25 71 45 4 10 31 48 80 6 16 86 12
63: 21 23 62 77 88 71 75 74 73 59 55 85 28 33 82 24 87 67 68 58 70 32 51 10 36 69 11 72 84 65 81 12 7 46 18 39 45 64 19 9 35 29 2 49 26 37 43 3 22 47 17 79 14 61 48 66 5 25 20 76 90 57 38 41 15 30 78 8 83 13 63 53 42 44 16 89 27 40 80 4 60 31 56 6 34 86 50 54 1
64: 37 51 54 21 41 19 55 22 42 64 35 12 60 52 31 11 3 2 67 20 56 84 89 24 34 79 6 59 81 71 90 38 58 50 27 29 7 17 85 78 5 10 77 61 73 57 80 33 66 44
65: 53 26 17 74 86 80 50 44 38 3 18 52 24 66 48 1 76 28 8 34 42 13 69 33 43 67 49 88 14 59 87 63 9 55 39 83 82 65 32 41 81 19 12
66: 37 18 48 15 74 68 89 77 24 21 30 79 73 32 75 41 53 5 13 49 43 12 88 26 85
67: 48 16 10 42 83 85 20 66 90 58 3 76 26 71 7 17 41 31 28 64 27 34 67 4 81 74 38 82 44 63 39 19 89 21 62 29 11 15 60 46 47 70 12 88 79 56 14 33 65 24 6
68: 10 80 42 34 30 39
69: 90 75 53 65 40 44 55 13 24 42 87 45 82 6 80 43 23 2 85 27 4 15 28 36 17 37 32 1 11 64 81 72 56 39 86 35 66 7 9 49 33 89 29 63 10 77 5 25 50 31 18 57 12 48 88 83 84 60 71 62 78 79 19 68 22 67 21 61 70 41 51 52 34 3 30 54 59 76 20 46 58 69 14 73
70: 39 31 46 6 34 55 17 7 2 65 75 43 12 40 24 26 56 1 85 33 27 83 70 30 74 37 51 68 52 16 8 88 58 60 11 59 64 38 47 89 90 19 18 45 9 3 10 86 73 76 81 41 53 77 54 48 71 32 61 25 72 13 15 35 49 14 5 80
71: 59 60 56 82 67 52 21 57 87 84 18 75 15 88 38 83 74 58 31 78 26 20 41 7 33 30 5 17 2 86 66 10 69 36 46 81 68 13 25 76 79 27 42 40 4 22 61 62 6 12 43 50 49 34 80 3 48 89 64 55 8 73 11 29 9 1 45 23 44 63 32 24 19 14 90 70 37 35 47 53 65 54 39 77
72: 71 83 39 16 9 54 84 52 51 8 38 14 1 90 72 86 29 11 31 47 36 80 74 67 13 22 68 21 63 3 26 30 43 25 70
73: 83 54 13
74: 13 36 76 15 5 85 23 68 80 42 66 33 90 44 26 3 82 65 10 40 46 4 16 6 83 73 74 1 53 43 22 21 89 31 59 69 88 64 72 14 67 54 49 45 87 86 25 50 52 9 84 48 28 39 70 57 37 61 60 41 2 38 77 79 47
75: 31 23 62 27 32 40 90 46 11 14 61 38 82 13 71 66 7 51 34 4 37 77 6 12 69 1 74 10 16 83 3 70 28 25
76: 32 13 22 31 3 21 5 45 64 36 67 19 60 70 33 55 18 4 74 52 75 58 10 40 61 42 38 90 57 54 84 86 72 39 43 78 29 53
77: 2 54 38 44 60 88 61 5 29 64 48 70 10 71 50 27 16 8 22 24 46 20 13 65 86 78 34 84 58
78: 36 89 76 15 2 75 53 5 83 14 82 84 7 49 10 21 39 87 60 79 81 22 80 9 67 17 72 46 25
79: 80 56
80: 52 88 3 21 45 63 55 46 9 53 82 84 38 65 60 11 25 6 64 66 17 36 19 13 37 74 42 14 10 59 54 16 1 8 26 50 72 4 40 15 51 30 85
81: 49 42 22 90 2 66 82 41 48 70 52 20 40 87 69 31 21 64 1 33 65 19 11 17 8 61 18 56 50 30 45 37 16 23 68 12 9 27 29 73 14 81 35 78 80 24 13 89 4 7 25 3 10 63 43 46
82: 44 57 85 33 25 12 36 46 55 18
83: 49 10 66 64 38 5 59 65 29 17 82 41 73 39 57 8 79 68
84: 64 6 17 46 71 43 58 29 11 35 19 34 24 83 73 66 49 79 38 1 2 22 16 76 51 37 45 77 25 54 27 87 23 52 14 67 56 42 5 69 9 88 10 15 53 65 68 41 62
85: 43 56 86 1 54 13 64 5 7 47 6 21 24 8 80 58 10 11 3 51 76 71 32 19 55 28 2 42 39 12 33 29 48 15 25 35 69 88 9 26 34 74 53 81 82 87 66 16
86: 30 41 38 40 43 75 71 62 44 65 29 61 13
87: 10 39 83 26 2 42 65 89 47 22 43 7 13 54 69 55 27 24
88: 28 85 1 74 35 32 58 82 5 36 42 19 34 14 80 26 16 48 33 8 37 77 53 6 63 54 87 39 51 44 75 81 68 41 47 10 3 11 67 15 24 17 90 18 9 13 57 31 60 84 73 72
89: 78 55 39 26 38 25 48 44 87 74 30 19 86 7 63
90: 20 65 1 89 18
1: 15 (90 88 63) (58 2) (65 32 40 21 56 44 53 16 70) (69 85 4 52) 81 (10 71) 11 62 3 (75 20) (33 59 41) 5 (38 8 49) (80 84 9 74 29) (51 72)
2: (28 49 11 16 69 13 62) (70 5 54 40) 32 (71 84 56) (42 64 77 78) 21 (85 74) (26 51 87 20) 63 36 (8 60 59) (58 24 81) 53
3: (14 53) 17 (18 28) 75 52 (65 58) (62 76 74) (25 42 88 64 7 70 35 26) (38 51) (40 63) (81 85 72) (30 16 69 61) (56 32 4 24) 71 (33 59) (67 11 80) (3 21) 55
4: (67 24) (2 8 18) (28 39 63 81 75 38 19 76) (41 74 71) (69 4 80 58 55) 12 44 13 (36 20 40) 59 (54 21 62) (52 33) (3 11 16)
5: (62 63) 66 (44 4) 69 70 41 (88 45 35 56 26 11) (34 71) 58 64 21 (36 78 84) (83 7 77) 42 76 16 (5 85 33) 2 52 20 43 (74 50) 13 (40 49)
6: 7 (43 71 12) (53 67 33) (40 61) (31 62 75) (39 64 84 70 69) (54 51) (52 55 4) 21 (58 13 26) (24 74 80 15 46 34) (20 5 59 36) (3 56) (63 11 88) (16 85 32)
7: (56 21 64 58 14 62) (5 11 6) (70 55) 59 (33 46) (69 54) (2 89) (26 38 71 53 30 12 85 75 31) 61 (67 81) (8 35) (78 63) (10 32) (87 3) 13 (51 41) (40 52) (36 49)
8: (24 26 33) (63 85) (72 31) 32 (83 71 40 12 5) (22 43 10 80) (88 55) 65 (7 58) 14 70 (51 62 61 53 20 16 50 11 39 4 21) (3 59) (77 52) 81 13
9: 44 50 7 (49 52 21) 85 (74 71) (42 62 53) 81 5 (55 51 38 16) (12 33 78 56) 60 65 (11 32) (36 29 70) 88 (20 69) (54 18 8 72 63) (58 80 13) 84 (46 3) 26
10: (70 29 80) 31 2 (47 77 58 4 39) 67 11 85 (52 55) 33 (43 62) (83 13) 78 (59 28 56 34) 76 75 (3 87 32 84) 81 41 (12 88 21 74 64 30) (50 63) (5 40 69) (71 10 44 68)
11: (7 84 40) (50 18) (14 61 53) 21 (59 85 63 20) (80 35 39) 38 54 (64 11 70) (72 71 16) (69 75) 25 (56 33 2) (62 55 3) 13 30 (67 58 51 41 34 46) (24 81 8 4) 88
12: (11 21) (10 40 35 85) 44 62 67 16 69 (55 39) (5 2) (4 31 64 38) 58 (60 75 53) (33 32) 18 (12 20 70 82 48 29 81) 8 (63 28 52 71) (49 65 54 13 41 26) 66
13: (74 53 75 77 40) (23 39 56 2) (62 14) (16 36) 87 73 (7 35) 48 (55 50 63) (58 3) 42 61 (26 52 71) 66 (81 38) 29 (70 21 65 20) (76 46 85) (12 11) 72 (80 59) 51 (32 86 88) 5 (4 13) (33 69)
14: (71 38) (88 3) 11 (32 62) (31 59) (81 72 78 69) (9 16 13) 55 49 52 34 26 2 (74 21 67 70) 80 (40 23 50) (51 56 33 65) 39 (63 36) (20 10 29) (84 75 58 5)
15: (32 5 26) (84 3 6 80 23) 70 (54 67) 85 14 (62 88 38 16) (63 33) (36 74 49 18 37 71 13) (24 21) 20 (69 12) (61 40 58 59 66) 78 (53 34)
16: (2 58 15) 3 (52 19 31 26 54) (80 85) (13 20 7 62 35 59 67 33 40 88 6 38 75 70 63 77 51 29) (81 49 47) (74 4 36) (16 41 84) 72 (53 50 5 39 21)
17: (27 83) (80 62) (11 51) 58 (3 70) (7 35) (50 13) (67 71 78 65 31 88 56 33 5) 54 (69 32 24 26 84 39 20 60 9 36) (16 81 64 2 14 59 12) (63 40)
18: (33 54 63) (16 32) (21 61 58 5) (24 55 76 82) (70 59) (40 50 14 38 81 13) 88 90 49 69 62 (23 48 20 2) (29 39) 34 (12 71 36) 65 (35 3 66) 11 19 30
19: 65 (63 71 42) (3 85 16 60 7 36 58 5) (32 81) (84 12 80) 69 26 (31 46 52 21 47) (51 41 20 13 48 62 34) (17 67) 10 76 (33 35 39) 70 88 (40 6) 89 (53 55 64 11)
20: (3 13 24 25) 54 (52 81 64 58 11 33) 69 (38 16 51) 71 62 37 (14 21 77 5 15 63 40) 36 (26 59 2 67 32) (49 18) (41 90 56) 29
21: (14 81 7 69 53 32) 40 55 13 (56 59) (6 66) (54 64) (71 31 20 26) (38 11 16 2 80 76 28 58 85 4 33) (78 51 5) 52 72 67 (74 49 12) 35 63
22: (51 17 41 63 24) (40 21) (87 74) (76 36 50 59 32 71 69) 54 61 (47 4) 53 33 11 (84 34) 5 20 (22 16) 2 (81 77 38) (13 64 28) (52 58) (78 7 72) (26 62)
23: (55 26 24) (81 58) (84 29 13 20 62 51 75) 35 (63 74 18) (45 23 33) 32 (8 53 4) 3 54 52 (17 36 11 16 14 5 2 40) (69 34) 7 71
24: 21 67 24 (88 64) 12 (66 62 5) (32 20) (49 71) 18 (85 81 47 14) (33 69 59 63 40) (3 77 87) 55 16 11 (4 84) 54 (10 2) (28 58 35) (52 8 38 65 26) 70
25: (82 52 2) 10 (61 85) (59 13) 78 (84 21 14 70 81 58 54 32) 29 4 37 11 (56 7 1) (40 75 69) 24 (49 89) (62 35) (12 71) (43 72 16) (53 74) (31 20 60 63) 80
26: 44 89 (63 33 49) (2 66 67) 39 (47 4) 80 (40 12 32 38) (71 42 41) 59 (70 88) (65 85) 23 29 56 50 (21 20 3 62 16) 58 11 (72 74) (87 5 24) 7
27: (62 61) (5 60) (70 69 51) 21 (13 16) (39 36 40) (67 32 56 84) 58 34 (59 26 87 49) 4 3 (63 11) (30 81) 35 71 (75 10 50 38 33 2 44 64) (77 14 7)
28: 49 (16 54) 88 (34 67) (36 75) (41 33) (85 13 11 65) (31 50 74) (32 19) (56 21 7 29) 10 (62 20 25 12) (47 5 4) 38 (40 44 52 2 69 63 58)
29: 16 (62 21 33 64) 54 63 (30 40) 58 49 52 (85 81) (12 36) (83 28 41 29 11) (72 56 59 39 38 13 34 5) 86 (67 32) (7 69 77 26 76) 20 (24 84 14 71) 50
30: 21 (41 89) 12 (62 58 59) (33 72 38 20 61) (69 80 56) (3 29 2) 71 (5 81) 40 66 (35 36) 51 (32 45) (16 39 54) (68 86 14 63 26 70) 31 11 (7 53) 13 (10 24)
31: 62 26 (64 4 88 52 42) 29 (72 69) (38 39 8 21 31) (71 14 16 75) 13 (76 7 81 63 5) 70 (67 58 18 55) 32 (30 54 56 40) (3 50 74 2 59)
32: 11 13 38 (4 32 36 39) (43 56) (52 62) (70 30 75 76) (29 26) (88 21 55 61 27) 85 (63 60 2) (24 16 33 7 66) 10 (49 51 44 3 12) (69 40) 71 (5 23 65) 31 (14 58) 47
33: (70 8) 2 (82 64 63 42 52) (85 67) (3 65) 46 40 (69 28 11) (71 50 10 74 13 5 29 4) (43 41) (76 36 59 58) (38 62) (33 35) 88 (20 12 81) 21 32 (51 17) 16
34: (60 50 24 32) (70 11 68) 35 85 33 (30 10 14 77 18 75) 58 (69 36 2) 63 (52 56) (26 54) (41 64 59) 38 88 (84 55 44 7 16 12 5 67 40 13 31 65) (51 71 29) 21 20
35: (5 10 88) (84 2 21 26 56) (20 38) (69 31 58 85) (44 49 64 16 62) 40 33 3 (36 52) (71 61) (11 13 32 70) 63 (7 81 54 24 50 14 4)
36: (88 12) (72 54) 7 (3 63) 33 80 (58 71 62) (2 76 35) 78 (34 20 41 59) 69 (16 52 39 38 51 42 4 74 40) 5 (82 21 55)
37: (62 33) 71 58 52 (84 12) (47 70) 26 5 (32 74 64 20 2) 59 75 (39 56 23 29 11 16 36) 81 41 (63 40) (55 80 69 66 13) (88 3)
38: (4 32 19) (67 33) (54 21 80 41) (29 62 89) 63 (40 83 12) (65 36 8 11 58 20) (2 77 86) 14 (50 24 74 55) (35 70 5) (76 75) (16 64 84 13 72 71 42) 39 (26 49) 28 3
39: 85 (33 11) (3 56 21) (49 72 19 78 55 24 18 70 63 40) 88 (54 74 6) 58 (5 16) 68 (67 83 28 20 71 50) (13 14 32 76) 29 89 (10 87 12 38) (52 69) (65 41 59)
40: 55 58 (30 48 71) (4 21) (8 49 13) (60 51 5 63) 69 (41 7 32 70) (38 39) (18 75 74) 12 (86 26) (29 20 3 62 33 40 24) (36 59) (56 76 42) 81 (80 54)
41: (52 4 67) 62 (20 70) 28 (56 34 53 58 64) (36 74 30 3) (40 84) 7 83 (81 12) 50 31 (16 66 38 11 63) (8 69) (49 71 88) 86 65 13 (32 2 21)
42: 64 (63 60 76) (20 58 88 67 68 80) (12 56 18) (34 74) (3 5 2) (44 21 11 52) (36 16) (7 26 49 43) (87 84 24 41 32 8) (45 65) 31 14 (13 40) 51 (29 81) (59 85) (69 71)
43: 70 (86 85) 16 (76 61 54) 18 (17 58 29 66 10 13) (50 40 31 56) (32 72) 71 (14 35 62 36) 69 (5 55) 63 (7 81) (57 59) (65 84) 21 (48 12 33) 3 (42 20 87 74) 43
44: 40 (77 69) 20 (86 64 63 53 56) 48 82 88 10 (37 32) 74 (31 3) (52 7) (67 59) 89 (16 24 33 35 13) (62 43 5 4 19) (65 29 8 71 12 36 2 58)
45: (26 36) (13 2) (4 18) (56 32 81) (33 16) 62 (10 70 15) 55 (59 39 23 12) (21 40 24) (41 74) (80 30 58) 84 34 69 (3 63 31 71 20 5 76 54) 38
46: 56 59 (77 60) (51 3 71 43 63 2) (67 5) (4 13 74 75 30 62) 81 8 (52 39 54) (32 35 16 49 78 80 82) (84 21) (70 55) (11 20 58 26 31 69) 40
47: (85 72 67 71 29) 62 11 (33 7 26 3 8 51 36) 2 (40 74 31 48 88 87 61 58 20 35 13 43 18 54 32) 63 (41 14) 12 (16 70) 5
48: 71 (29 33 57) 11 16 (74 4 2 85 89 51 81) (62 65 3 67 35 28) (53 88) (69 32 58) (18 66 21 49 55) 40 (70 38) 36 (63 44) 13 (20 12 77) 7
49: (18 70 16) 21 (41 2 58 51 54 12) 69 39 3 (65 71 84) (66 55) 24 (78 53 7) 13 83 (74 36) (52 63 11 20 10) (32 33 47 62 81)
50: (16 36 21) (62 11 39) (10 33) (35 26) (69 80) 58 (41 71 3 53) 13 (2 24 81) 5 18 (63 65) (74 64) (49 12) (77 38 40) 28
51: (2 58 18 70 85 14 46 62 52 30 37 5) (53 42) (20 84 39 12) (24 31 16) 69 (43 49 61 80 40 32) 63 (6 38 59 55) (11 8 36) (64 72 21 75 88) 3
52: (58 50 69) 7 (84 64 72 32 70) (31 25) (34 65) (76 60) (38 12 74) (28 40 33 24 81 54 71) 52 20 (11 48 56) (13 18 80 62) 21 (16 29) 3
53: (7 58 62 88 85) (76 23 56) (32 26 18 61) 74 70 (15 55 39) (66 80 16 53) 10 (78 69) (84 19 31) (33 29) 71 54 (36 41 50 38) (3 13 11) (5 65 34) (35 63) (21 52) (40 59) 4
54: (4 58 8 62 64) (63 77 85 16) (32 70) (21 36) 71 (38 88 40 69 3 47 84 20 56) (76 15 42 80 74) (11 72) (52 59 19 7) (26 12 51 87 34 31 10 73 13)
55: (11 54 62) (71 76) 87 38 (16 35) 51 (85 32 69 53 89 23) (52 24 12 20 65) 13 (8 21 26 2 40) (80 64 82 33 58 48) (3 30 36) 63 55 70
56: 16 67 (40 4 62 61 69) 64 (32 41) 71 (33 50) 36 (42 70) 84 (79 11 54 3 8) 49 85 (59 29 52) 53 (13 12 81) 26 (21 28 58 45 20 51) 2 63
57: (64 83 33) 55 16 (4 69) (3 88) 2 (28 39) 76 62 (21 58 26 60 24 13 63) 82 50 32 (35 43) 71 (74 61) (11 5) (40 12)
58: (38 20) (4 17) (44 33 29) 39 52 (64 53) (13 63 69 14) (70 21 36 67) 5 (58 76 56 24) (59 31) (12 16) (40 11) (62 50) (84 54) (42 77 34 48 85) (71 7) (51 10) 55 26 (88 3)
59: (12 5 14 3) (80 44) (24 20 63) (69 7 2 70) (65 31 16 28 52 83) (11 60 58) (50 74) 64 39 (33 18 8) (40 59) (21 71 32) (37 49)
60: (47 63 70) 67 (46 35 5 40) 88 (78 51 54 32 30 38) (59 69) 80 (56 24 25) 26 49 62 (10 58) (15 76) 20 (77 16) (11 50 8 33 28 41) (43 7 71) (31 36 64 13) (74 52) 48
61: (64 41 77) (38 21 75 32 58 23 71 39 10) (69 51 81 63) 40 16 33 (5 70 20) 52 (86 62) (74 11) (26 13 59) 12 (76 31) 9
62: (71 58) 11 49 (20 84 69 56 61 59) (29 45) 33 (21 18 51 2 16) (3 86) (24 38) (63 40) 4 62 (5 6 67 26) (75 8 41)
63: 63 (55 13) 61 (88 10 7) (24 56 35) 62 (67 36 1 39) (58 81 20 50 32 16 21 52 33 11 53 51) (72 89) (71 12 26 15) (42 69 5 28) 34 59 65 (80 40 3)
64: (32 15 85) (44 50 74 2 77 80 5 8 55 70 51) 84 (58 39 71) (45 21 7 33) (16 62) (26 41) 81 63 40 (14 56 64 38 69 3 52 30) 36 (67 34 35 29 76 23) (11 83)
65: 13 (3 70) (49 29 5) (7 50 42 16 21 74) (81 26 35 69) (58 12 86 84) (11 71 52) (39 77) 54 (80 67) (2 59) (40 20 87 62) 24 (63 90 8) (4 32 33 36) (53 83 65)
66: 12 (85 84 80) (4 38) 2 (75 67 69 36) (13 16) (52 59 31 5) 62 (43 11 81 65 63 21) (74 83 71 26) (40 7) (64 20) 58 3 (53 56 50)
67: (26 58) (40 84) (63 65 20 71) (2 64) (69 43) 32 (4 62) (57 74 56 34 55) (38 72 13) (33 28 10 88) (67 8 24) 11 52 (78 39) 76 50 (5 25) (29 54 41) (16 60)
68: (2 56) (63 33 52 26 13 72) (88 59) 84 (36 81) (55 60 11) (74 66 58 50 70 51 69) (71 39) 54 62 4 44 (17 3 41) (16 83 53) 20
69: (65 81 63) (74 5 16 32 39) (56 84 69) 2 33 (71 40) (3 21) 62 36 54 75 (87 50 55 12 51 38 24 85) (11 58) (42 13) (18 28) 59
70: (16 12 77 10 18) 2 61 35 58 (3 71 75 26 20 4) (24 63 76) 74 (40 52) 70 (67 55 81 13 30) (32 50) (69 21 11 5) (28 33 72 43 54) 8
71: 21 (38 55) 62 77 (50 61 53 85 40) (86 20 35 64 11) 33 (36 24) 5 12 63 (54 29 72 47) (2 67) (39 84) (51 69 56) (16 58 75 70)
72: 58 20 (44 42) (39 40 53 32) (69 59 38) 26 (10 80 54) (8 21 33 29) 63 (5 72) (24 2) (30 74) 70 78 51 56 (76 88) (11 18) 16 12 (13 43) (62 14)
73: 83 (55 4 33 26 56) (29 12 6 10) 36 (70 62) (13 88 5) (7 81 52) (71 42 58 53) (31 43) 18 (32 28) 41 (14 20) (54 21 39) (69 3 11) 40 (66 16 59 84) 51 74 24 (64 19 63 50)
74: 40 (50 75 62 58 76 67) 20 (65 3 31 16 46 72) (71 51 52) (35 14 70) (85 21) (63 9) (38 32) 80 (33 7 11 49) (13 89 66) 15 10 (6 56 59 28 12) (36 88) (55 74 60)
75: (29 58) (41 5) (59 70) (32 62 63 49 88 30 86 8 69 40 66 39 76) 3 43 (50 36 11) 28 (33 24) (56 42 20 16 21) 78 (71 13 55) (2 12) 60 34 48
76: (55 3 13) (12 11) (54 71 29 24 35 21 63 39) (74 31 2) 40 51 4 (70 43) (26 62 69 85) (20 67) (65 5 84 16) 8 56 (38 47 78 23) 58 (42 33 52)
77: (75 58 30) 71 (74 36 11 59) (54 35 8) 84 (24 4 20 63 52 29 64 16) 32 (33 13) 18 14 39 (61 7 21 69) (12 66 2 70) (49 40 50 3) 62 (10 88)
78: (89 2) (69 41) (58 59) (21 43 56) 77 (30 63 81 39) (24 5 51 53 3 20 54 52) (76 62) 13 (40 16 29) (28 64 71) (4 36)
79: 32 (64 26 11) (36 5 40 47) (62 56) 38 (61 33 71 54 21) (74 37) (83 84 35 53) (63 24) 58 (12 69 20 55 67 48) (51 13 78 66) 3 10
80: (68 41) 31 (20 49) 71 (59 81) (56 16) (63 2 51) (54 11 36 33) 10 (70 26 85 21 13) 4 (78 35 42) (65 62 79 74 64) (72 34 53 69) 3 (58 7 40) 88
81: (56 8 30) (60 26) 28 (63 71 40) (64 81 78) 67 (11 61 85) (65 2) (35 70 50) (69 39 58) 62 (55 32 33) (16 88) (31 38 52) 13 20 36
82: (61 29) (40 24 59 63 7 12 20 51) 23 45 (32 85 2 13) 37 (39 81 31 83) 52 (78 5 38 11 58) (53 18 69) (74 65 3 80 35 75 33 16) (41 71) (26 54) 55 67 88 (62 60)
83: 33 78 5 (39 16 72 49 42) 30 (59 74 55) 87 (51 13 70 84 36 21 75 65) (32 67) (12 58) (44 53 7) (40 71) (38 29 69) 20 73 63 1 41
84: (18 5) (20 35 54) (11 76 31 3) 63 (60 24 38) 72 55 44 21 74 32 (53 80) 62 (34 64) (58 23 16 10 88 59 29 13 41) (33 69) (77 52 2 40 71 9 50 78) 49
85: (59 63 26) (21 88 80 28) 54 32 (74 5 43 39 64) (31 11) (3 53) (62 29) (66 51) 67 (8 69 7) (56 33 50) 35 (40 10) (52 58) (2 13 16 82) 70
86: (5 72 31 26) (63 7) 29 (43 38 3 56) 33 69 (85 20 15 89 13 59 51) 10 (52 55) (61 36 65 50 41 74 32) 54 (76 11) (16 24) 71 (70 2) (77 62 4) (21 58 40)
87: (26 54 88) (5 40 38 11 63) (53 16 58 81) 33 (71 7 74 18 13 3) 59 (69 65) 51 55 (32 36) (2 12) (21 78 14) (62 85) 84 89
88: (12 57 59) 60 (61 66 20) (24 13 40 16 5) (62 4 32) (74 14 70) (80 28 8 38 84) (33 67 77) 39 (11 52 71 63 48) (65 55 85 49 69 51) (29 42) (21 58)
89: 29 (8 90 31) 38 (44 20 52 3) 33 26 81 (42 66 58 59 2) 39 12 24 62 71 (16 70 63 46 34 21) (6 55 64 67) 13 (7 53 54 78) (87 11) 36 69 (40 74)
90: (18 3 72 53) 46 29 11 (13 39 10) (67 26 20 59) 64 56 63 34 12 (16 35 21) 62 (41 2) (28 70 58) (55 54 50 48 76 36 88 71 60 81 40 47 74 69 75)
