90 90
1: 25 48 26 65 12 27 81 3 54 70 57 1 72 17 50 62 51 6 52 18 34 74 82 43 79 64 32 58 33 44 7 20 77 83 67 19 14 69 16 28 11 73 61 24 86 68 35 15 21 84 22 30 60 8 5 53 63 29 78 13 88 10 87 2 4 85 59 31 42 66 39 9 80 36 46 89 45 40 41 23 56 71 55 75
2: 31 52 19 81 44 5 12 20 8 59 21 6 27 34 7 32 64 16 75 60 26 58 55 13 72 69 28 85 14 87 43 3 17 33 71 49 41 25 22 45 88 9 74 56 1 90 38 18 77 40 36 86 15 42 23 47 53 61 83 37 76 78 57 84 10 54 70 62 11 29 50 30 67 65 79 39 2 48 46 80 66
3: 26 60 4 37 28 80 50 5 18 87 31 62 57 88 63 23 56 7 51 61 8 33 82 86 24 6 10 83 65 55 49 15 13 12 59 20 17 52 29 36 22 32
4: 82 37 83 25 4 16 29 52 56 45 67 7 73 66 15 63 43 47 23 61 3 53 81 55
5: 46 69 51 78 79 49 10 65 9 70 86 6 85 42 47 35 58 20 43 67 3 16 89 74 24 83 81 14 63 72 1 45 2 37 80 40 26 39 32 25 28 57 59 13 41 11 21 19 5 73 75 31 38 56 27 55 50 53 34 29 7 82 8 60 66 68 4 15 30 71 22 88 12 52 18 64 76 23 77 36 17 90 87 54 61 33 84 48 44
6: 62 33 74 41 52 46 9 59 88 4 45 38
7: 14 17 73 23 32 63 50 2 4 15 51 6 62 44 78 58 43 66 80 47 72 37 12 57 87 46 68 59 19 84 53 22 7 28 25 18 55 67 42 56 45 60 81 8 83 79 3 20 89 49 52 5 71 38 10 85 13 40 31 77 48 35 34 26 88 70 1
8: 70 37 21 66 33 22 26 61 51 54 90 10 78 28 71 18 11 64 20 75 30 32 24 40 73 42 58 88 23 81 34 50 6 65 15 56 55 36 85 45 89 9 68 47 31 76 80 74 4 19 72 62 35 87 13 67 12 59 43 84 29 53 57 83 38 41 7 1 25 63 48 79 60 86 16 17 5 44 46 69 2 77 82
9: 50 40 26 14 83 66 61 85 42 71 76 5 30 23 82 24 31 72 59 34 44 64 90 57 17 41 32 18 20 68 11 29 73 13 77 6 39 79 81 70 10 89 15 3
10: 56 80 90 35 69 58 70 47 76 28 49 85 59 16 41 86 42 48 38 29 21 10 57 89 8 50 31 55 22 3 53 15 54 14 64 43 4 27 23 33 20 82 65 13 87
11: 1 32 12
12: 67 85 79 1 68 52 18 59 64 74 56 87 88 43 48 49 66 15 28 58 61 32 57 34 65 54 55 69 80 63 11 26 51 50 4 8 6 78 72 47 12 83 41 73 25 35 45 76 89 21 22 44 33 75 23 19 20 16 27 42 62 29 5 90 38 31 24 30 39 81 36 71 37 40 84 17 3 60 70 86 14 82 46 10 77 13 9 7 53
13: 44 6 29 1 3 35 90 7 27 11 4 46 80 86 81 89 22 57 17 33 25 69 65 73 88 59 28 19 61
14: 61 59 84 13 72 43 88 73 24 16 11 3 15 69 65 90 53 64 5 82 40 37 49 18 51 70 44 76 21 62 10 55 31 19 68 4 29 81 34 26 63 45 9 7 75 60 33 20 32 71 57 38 66 27 8 86 80 85 35 23 47 52 36 6 83 1 74 28 12 79 39 2 78 67 17 30 54 25 41 50 89
15: 26 17 21 46 57 54 35 67 6 43 29 33 59 48 76 49 10 12 11 7 73 58 81 56 84 47 86 37 44 32 34 41 85 40 39 80 61 53 89 30 28 36 69 27 51 4 8 19 45 72 2 60 68 75 13 63 77 31 64
16: 73 26 29 24 55 59 80 48 47 87 82 77 32 20 63
17: 17 15 16 85 32 80 37 44 58 14 89 83 71 36 67 79 13 77 27 52 75 68 18 22 63 53 65 74 82 87 64 60 34 76 11 51 84 88 10 30 42 9 48 73 57 59 2 20 23 70 43 19 81 69 21 25 12 26 33 61 40 38 39
18: 60
19: 51 86 42 34 14 7 53 45 81 43 84 60 37 1 29 46 11 56 24 85 9 33 10 20 40 57 70 62 39 30 54 61 83
20: 16 19 50 22 88 59 65 85 28 72 61 13 47 40 68 39 83 81 5 62 26 75 80 63 14 36 42 37 69 8 84 71 18 79 30 70 49 78 53 43 12 52 32 25 82 57 27 55 11 17 66 77 87 38 10 44 90 73 3 51 54 86 33 31 64 67 6 48 2 46 9 58 76 1 15 29 41 21 60 20 45 74 7 23
21: 84 80 12 42 68 87 53 57 28 34 16 35 44 65 23 30 70 3 47 25 88 20 2 41 86 1 85 90 79 24 21 17 66 39 77 9 40 78 37 7 18 58 62 32 48 89 15 56 19 73
22: 23 45 85 14 1 42 36 82 53 64 79 62 30 35 65 26 52 78 11 22 72 58 44 89 66 12 31 46 9 21 25 27 49 15 47
23: 21 17 40 89 4 9 37 13
24: 40 51 4 85 31 22 14 72 35 41 86 36 56 68 26 65 67 89 29 57 69 7 80 2 27 71 37 1 20 58 53 28 5 49 3 81 61 82 75 12 25 48 84 17 73 18 70 9 39 13
25: 75 3 77 62 82 68 64 69 66 90 60 27 70 73 67 63 41 36 18 87 42 40 83 34 37 47 56 7 49 6 81 12 14 89 5 9 74 72 35 58 19 48 71 2 44 24 52 51 46 86 33 45 54 85 23 11 16 39 55 21 61 26 78 1 53 32 79 25 38 13 22 43 29 76 17 65
26: 56 46 69 5 27 32 16 86 54 63 24 15 12 17 41 62 84 58 13 81 43 65 60 87 3 38 88 30 4 44 36 11 31 22 70 33 78 57 2 77 48 89 75 34 55 45 47 20 53 71 9 64 90 83 37 35 18 7 74 68 8 73 49 76 6 23 66 52 85 79 40 19 51 26 10 21 14 29 39 25 80 59 1 28 72
27: 11 12 23 20 64 78 51 48 38
28: 12 18 66
29: 5 45 37 34 66 20 44 57 53 30 58 25 17 15 68 54 43 78 86 7 87 81 40 31 76 35 41 3 71 50
30: 13 46 15 18 11 12 61 90 45 76 44 25 5 78 17 65 48 4 34
31: 16 36 44 67 14 62 34 55 27 38 74 8 49 11 19 75 66 83 57 65 70 81 26 21 15 69 64 90 42 22 2 30 58 28 50 84 77 61 40 46 48 43 35 60 5 4 59 18 78 33 25 6 79
32: 50 24 47 40 56 41 44 78 10 29 32 4 16 37 11 75 54 73 71 1 79 58 84 74 69 53 51 66 48 18 63 72 52 15 25 46 36 33 88 12 19 65 45 21 22 90 77 86 82 59 57 23 31 70 13 35 39 43 64 85 67 83 76 30 6 62 55 80 2 38 81 87 61 60 42 17 20 7 49 9 26 27
33: 10 63 58 27 43 8 45 23 54 11 40 3 9 87 90 56 41 76 73 64 30 60 81 48 67 4 13 35 57 68 80 55 50 61 59 16 22 53 72 71 85 66 2 42 19 77 74 51 18 78 24 46 62 75 1 84 79 70 20 65 44 14 31 88 47 52 33 32 5 29 34 26 21 86 83 36 7 89
34: 50 78 59 89 81 55 40 66 11 13 61 7 47 24 86 42 32 45 8 73 14 33 1 76 67 82 62 12 74 88 23 58 84 6 65 90 27 48 51 49 26 34 2 64 25 10 87 79 68 18 16 37 57 80 35 43 3 21 70 77 46 63 17 69 22 9 41 19
35: 54 78 40 80 25 61 41 3 83 74 8 86 69 64 57 37 44 16 84 17 66 38 46 65 60 52 42 67 5 76 30 28 31 89 81 27 68 36 49 51 59 34
36: 39 78 61 17 18 63 33 43 74 9 1 69 29 55 38 37 64 82 7 49 65 25 41 28 77 10 52 40 76 57 30 87 20 68 83 13 44 19 89 24 46 67 70 36 50 56 4 35 62 84 8 85 58 23 32 66 45 27 80 51 73 71 47 48 90 53 81 12 54 22 26 42 34 16 79 88 72
37: 16 80
38: 89 53 65 56 19 51 45 88 40 9 16 68 82 54 75
39: 84 64 32 18 72 63 30 27 21 29 52 56 49 89 78 77 14 25 39 7 48 85 4 54 59 82 3 12 81 10 11
40: 55 7 85 65 19 18 36 54 31 20 30 75 90 79 10 41 51 46 44
41: 1 7 40 2 52 88 62 54 87 71 58 34 67 41 8 32 3 53 44 27 57
42: 54 70 66 63 22 11 12 25 13 89 56 48 14 84 76 42 35 87 64 9 32 34 80 69 40 28 29 90 68 30 3 81 72 23 77 82 65 59 37 74 83 33 24 43 52 49 38 61 88 5 53 55 16 4 10 75 60 50 41 21 15 86 31 19 6
43: 62 24 83 49 54 86 85 8 36 74 20 71 57 34 32 37 58 27 65 13 69 30 25 64 16 89 22 18 7 17 21 72 28 41 48 35 75 59 45 80 50 38 51 39 26 90
44: 37 8 4 14 20 27 45 18 59 29 25 13 76 57 35 69 79 7 47 65 56 60
45: 61 6 89 10 32 7 58 30 80 73 47 31 36 34 55 25 8 49 64 44 27 84 39 52 78 14 90 13 4 81 33 70 82 75 68 56 48 23 12 21 72 71 11 76 74 42 19 67 22 43 24 1 9 16 87 5 3 79 15 29 63 38
46: 66 87 43 17 72 50 29 8 1 55 80 78 18 3 31 68 46 25 82 76 41 2 19 58 40 37 49 63 11 35 12 74 26 61 47 32 62 85 48 39 22 84 23 14 73 59 79 86 89 67 28 24 45 15 44 38 51 57 30 88 33 52 34 81 16 70 5 6 56 90 54 21 65 77 27 71 20 69 42
47: 25 31 1 32 82 44 47 24 64 77 34 50 51 16 29 17 28 12 46
48: 20 82 80 12 69
49: 47 6 30 2 79 4 22 35 27 20 71 80 15 11 16 26 62 84 69 54 8 52 64 5 43 10 72 82 37
50: 36 13 73 70 29 76 47
51: 9 34 20 52 67 63 14 58 60 87 76 2 51 23 3 12 50 39 46 72 53 7 36 45 49 43 33 32 4 40 70 69 77 31 73 10 5 66 8 57 17 1 80 75 15 13 19 86 85 24 68 54 28 59 26 22 81 27 65 16 82 25 29 18 55 84 78 30 64 83 38 62 6 74 44 88 71 37 41 35 61 56 89 21 48 79 11 90 47
52: 37 3 48 47 64 38 80 15 58 52 65 24 35 32 4 10 78 2 16 20 51 43 89 76 63 28 1 53 60 67 45 82 49 25 70 61 88 21 81 23 50 36 79 6 72 46 30 14 39 22 31 71 33 26 5 11 12 57 13 40 7 90 86 59 19 8 29 27 18 44 41 56
53: 23 64 54 62 58 89 10 53 46 90 79 5 18 30 6 36 43 15 17 44 84 70 2 48 82 57 67 72 73 66 38 86 31 61 51 3 49 27 14 9 39 74 69 41 19 83 45 85
54: 63 65 50 36 74 84 49 89 16 54 13 42
55: 70 32 59 41 31 6 86 12 8 71 65 89 40 79 10 11 24 25 66 22 75 33 2 21 63 27 43 82 78 62 1 18 35 56 73 77 57 47 30 20 44 49 19 84 68 61 5 36 15 14 83 55 52 87 51 53
56: 45 15 77 51 84 72 48 23 62 8 60 4 36 67 43 61 28 29 37 64 80 5 17 89 87 70 46 9 73 33 49 7 78 66 65 47 50 2 76 79 57 11 25 30 18 59 74 75 52 3 10 31 90 41 53 16 63 35 86 42 85 40 58 22 24 44 55 88 69 83 68 19 14 32 71 81 20 26 21 6 13 82 54 34 56 38 27 1 39 12
57: 80 90 15 24 12 73 43 11 2 68 56 61 62 48 64 75 71 23 82 88 1 42 10 53 44 34 87 32 52 55 89 8 36 78 45 9 86 54 16 25 66 67 6 57 26 5 70 18 13 59 17 46 83 28 37 76 81 22 72
58: 89 22 82 59 20 47 25 90 71 42 61 66 30 69 16 70 88 65 4 39 28 24 48 12 29 53 6 79 11 31 51 36 43 23 77 50 10 84 32 1 62 49 55 76 58 56 2 64 86 15 44 40 41 75 87 74 68 38 19 73 9 46 17 83 37 81 45
59: 40
60: 24 83 25 45 59 60 21 34 85 5 18 43 74 70 13 90 72 77 61 84 53 16 50 12 37 32 71 51 54 1 7 2 64 68 11 31 9 28 44 66 33 22 47 75 56 10 19 27 46 15 69 6 26 40 8 55 41 63 73 65 52 89 17 23 48 49 87 36 62 86 42 14 3 80
61: 11 67 31 47 19 85 73 48 2 58 3 34 86 38 70 57 71 32 84 44 8 21 16 88 63 45 39 28 78 29 81 10 51 74 42 53 77 90 54 41 79 12 33 60 46 65 69 83 24 87 66 56 35 50 23 13 52 6 25 20 64 9 7 26 4 72 62 30 89 1 59 80 75 49 15 14 43
62: 15 68 53 73 87 9 52 82 84 29 51 41 23 80 1 12 67 89 3 48 83 65 70 36 58 81 19 7 74 77 38 88 86 11 16 26 33 42 47 55 64 90
63: 65 17 48 67 33 25 79 85 86 27 56 16 19 31 50 44 73 29 2 72 88 24 39 3 32 61 45 30 90 89 35 74 53 70 58 71 87 14 83 40 8 43 54 22 23 15 9 69 62 12 5 10 77 51 63 34 82 6 49 13 38 7 76 11 84 20 37 47 26 64
64: 2 64 54 28 70 51 6 37 53 16 17 87 46 42 78 68 32 50 30 22 33 56 83 80 65
65: 74 3 45 87 25 4 28 53 9 44 12 32 63 39 18 65 40 14 7 11 31 75 71 29 8 19 70 50 58 36 1 61 64 47 2 6 79 69 90 83 30 20
66: 19 77 79 68 60 13 10 52 58 67 36 64 55 7 26 65 86 41 78 33 62 82 27 25 83 90 70 81 59 22 89 37 56 44 46 12 5 47 69 9 17 71 84 28 87 74 75 61 6 30 72 4 49 15 11 1 29 39 3 73 24 57 20 40 23 31 21 45
67: 49 2 22 51 28 53 33 78 90 21 18 62 73 46 70 30 50 75 37 87 66 65 27 23 83 89 40 61 44 36
68: 10 18 72 64 75 87 47 76 86 80 22 37 77 1 50 33 69 49 54 27 53 81 82 21 2
69: 45 37 2 66 69 16 26 29 40 88 53 51 7 17 10 36 72 11 58 1 77 43 55 70 56 28 38 81 4 87 12 49 35 59 48 21 33 79 6 60 39 86 41 34 73 85 20 9 32 27 74 61 42 13 47 44 3 8 57 83 67 82 50 22 14 80
70: 46 24 82 68 66 52 36 8 79 9 12 63 3 22 10 42 18 80 1 39 38 23 50 65 16 35 74 59 55 87 56 78 6 44 43 81 89 83
71: 74 16 80 81 23 54 18 36 39 37 73 27 59 8 70 34 66 71 28 88 45 55 50 78 9 1 15 24 58 2 17 60 43 12 64 49 30 40 38 52 89 72 76 47 82 56 63 84 79 62 14 11 33 86 26 65 6 90 31 22 68 13 61 4 29 48 7 75 41 87 46 51 57 20 53 32 3 77 25 42 5 44 35 10 69 83 85 19
72: 19 66 83 2 44 29 14 1 63 33 30 5 6 7 32 76 80 12 51 65 38 86 68 45 74 13 70 36 77 88 75 31 3 47 20 41 64 46 71 61 50 78 43 42 52 24 22 8 9 82
73: 73 6 35 85 20 64 88
74: 89 68 38 80 5 20 11 45 40 26 42 29 66 55 33 61 48 13 70 81 35 8 49 50 12 37 36 19 78 17 88 46 28 67 51 44 32 83 87 75 74 34 1 7 53 15 24 39 43 47 76 59 6 54 41 82 22 31 65 57 16 58 64
75: 78 64 51 79 42 13 86 38 55 71 31 58 56 37 39 34 16 63 73 46 76 1 35 89 14 27 65 43 10 53 50 87 60 6 36 11 40 9 8 84 62 57 88 68 80 74 67 30 83 22 45 21 72 23 28 2 33 18 81 82 32 59 5 48 25 49 52 3 4 20
76: 40 37 62 90 87 11 70 49 86 29 72 66 85 3 78 48 82 64 57 14 19 20 42 38 22 69 9 12 53 63 73 26 18 65 8 51 1 32 71 4 30 2 59
77: 15 90 28 31 72 1 3 80 20 9 23 25 16 83 37 79 58 57 56 33 70 10 14 12 40 18 69 36 48 76 88 50 63 45 32 26 17 13 82 5 34
78: 74 55 87 61 19 9 21 54 5 22 17 43 35 34 75 65 2 27 40 44 58 64 49 89 79 3 28 42 38 56 45 32 68 80 25 8 67 86 76 70 66 69 71 50 88 46 4 10 59 31 1 81 37 84 90 85 36 78 11 63 83 51 18 23 60 48 30 16 20 12 41 24 29 82 73 77 62 6
79: 12 6 41 40 30 8 11 34 17 63 83 50 52 57 7 27 44 53 79 69 58 80 33 76 51 81 45 2 88 87 22 18 49 59 77 25 31 5 90 84 42 48 23 43 16 35 72 74 15 39 46 68 20 13 38 37 71 24 1 85 65 19 29 47 78 60 9 67 54 82 3 55 56 75 73 70 89 21 61 62 86 4 64
80: 89 30 5 64 59 75 72 32 23 13
81: 33 78 2 54 50 49 75 43 87 72 19 73 1 77 81 35 79 41 27 29 57 32 40 66 59 21 51 55 3 69 37 89 13 56 6 64 76 62 82 85 10 80 7 23 11 30 84 14 31 26 83 34 12 25 38 9 36
82: 5 77 41 21 78 75 84 51 80 68 14 44 38 70 85 36 18 81 3 26 46 40 57 74 69 31 66 45 12 27 73 25 4 32 61 72 76 58 49 47 11 71 24 64 62 56 63 16 8 37 9 19 28 39 54 52 23 87 22 13 6 79 90 60 88 33 42 1 48 15 34 43 59 53 65 17
83: 70 81 27 37 33 89 77 62 55 18 87 75 12 34 71 65 51 6 43 3 5 24 58 28 38 19 17 16 84 90 63 25 31 59 39 72 80 67 13 44 68 1 86 57 4 79 35 22 20 85 23 49 45 42 15 36 83 78 47 73 53 76 66 82 21 69 56 41 2 11 64 50 88 46 32 61
84: 5 76 52 27 67 65 55 48 69 45 79 10 50 83 71 54 3 13 56 41 84 57 78 72 86 32 25 28 36 62
85: 14 90 80 72 54 21 60 13 9 33 70 57 84 10 34 36 52 47 79 20 26 43
86: 42 48 36 63 85 10 37 81 47 18
87: 84 16 87 43 44 20 11 70 25 42 15 86 81 36 79 77 33 4 18 35 6 74 85 58 76 38 23 10 63 69 89 14 53 82 45 30 26 64 57 67 62 40 66 9 50 61 59 65 46 29 48 52 54 8 47 12 41 13 21 75 22 60 7 1 32 37 78 55 49 31 5 39 28 2 19 90 17 24 71 68 83 72 27 51 56 80 3 73 88 34
88: 55 21 39 23 63 72 37 11 10 15 85 1 6 18 58 12 64 45 7 43 77 60 4 25 49
89: 89 51 66 65 41 53 61 76 14 85 47 23 18 46 63 57 55 88 72 49 67 64 16 54 9 81 29 83 4 79 78 32 59 75 48 45 30 50 5 62 70 7 80 69 73 13
90: 48 21 43 35 33 9 87 6 63 71 83 23 75 51 77 57 15 49 25 36 39 78 55 50 8 42 64 59 66 34 74 81 67 45 20 30 54 69 90 17 52 10 4 46 84 2 86 72 29
1: 78 72 41 83 (76 26 47) 68 21 (45 56) (74 32) 52 (36 24 11 75) 13 70 69 82 79 1 (22 14 7 55) 8 (66 57) (65 87 2) 25 (19 12 58 62) 71 (61 46 88 33 20 81 51 34) (5 77) 60
2: (71 87 17) 76 (69 81 51) (65 2) (7 68) 41 (64 61 49 5) (75 25) 32 (14 58 78 57 20) 33 (60 83 79 72 8) 56 (15 63 31 34) (24 1) (90 21) (55 52 46 67 53 26)
3: (29 61 13) (34 70 78 51) (39 65) 5 1 (46 35) 25 (45 4) (81 26) (79 52 12 72 2 82 71 66 83 24 60) 42 (69 20 41 14 53) (7 21) (9 76) (87 63 62 56 75 84 33 10) 77
4: (66 49) 45 (30 7 83 24) 44 5 (13 26 56 88 61 15) (42 82 1) (78 14 39) 52 6 (12 76 58 4 32) (75 89 69 8 51) (10 31 71 3) (79 36) (23 87) (90 33 65)
5: (60 45) 77 (71 25 87 72 63) 31 (12 49) 8 53 2 51 9 (80 74 30 83 75 35) (66 29) 46 26 33 84 (3 5) (82 20 78) (79 56 42) (89 24 55 7 1) (57 14 52)
6: (78 3 61 70 34 69 60) 5 7 (42 8) 71 (66 52 82) 79 (63 45) 56 (25 87 13) 64 (51 88 32 74) (49 2) (20 15 12 58 65 55) 46 (9 26 75 1) 90 72 14 73 (83 57) (81 53) 31
7: (60 8 71) (44 88 72 24 5 34) (25 66) (45 19) (41 1 63 13 32 56 87) (20 4) 52 (74 12 14 7 21 33) (2 61 15 29 39 26 89) 40 43 62 (65 69) 79 (36 51 81 3)
8: (75 61) 7 (46 14) (60 51 70 26 45 10) 76 (55 44 65) (1 71 36) 12 (79 78 41 74) 72 (15 52) (56 33 3 63 43 57 31 34 35) 49 (82 87) (5 90 69) (20 2)
9: 81 56 (34 57) 42 (78 89 79) (76 14 51 45 32) (25 61 12 38 2) (17 87 33 90) 53 72 (71 77 58 62 85) 26 63 (6 36 20 75 24 5 82 70 23 65 66 60 19) (1 21) (8 22) 69
10: (5 71) (87 1) 90 32 (56 63 52 88) (51 69) (9 10) (75 7 58 66 57 61 42 81) (34 53 39) 36 (2 84 78 33) 70 (77 86 12 17 14 15 49 3 45 85) (26 20 60 55 40) (8 19) 68
11: (34 27 49 2 65 5) 1 88 52 (51 58 9) 76 30 (39 71 74) (83 12) 45 55 81 (46 87 56) 78 66 (63 20 13 33 8) (42 61) 26 (79 75 69 60 22 14 31 15 62) (57 17) (32 25) 82 19
12: 17 (45 83) (81 57 26) (42 34) (12 46 11) (21 2) 60 (63 5) 1 88 (56 20) (71 48) 30 39 (58 77 76) 25 (27 32 36 70 15) 69 (82 52 3 61 51 7) 14 (72 24 28 74 78 79) (62 47) (22 66 87 55 65) 8
13: (44 89 85 80) (2 3 84) 26 (71 87) 81 (33 79 7 72 61 25) (9 60 56 50 52 20 17 63 42 66 54 77) 1 (32 24) 45 (30 12 75 74 69) (82 36 15 8) (10 34) 43 51 5 (57 14 23 83)
14: 44 (9 1) (5 65) (52 7 87) 33 76 56 (25 39 51 45 82) 55 22 77 (46 61 53 89) (34 69 71) 72 (19 24) (75 60) (12 26 2 42 20 10) 31 (17 81) (85 63)
15: (9 21) (63 4) (3 88 32 71 83) (8 31 7 62 60 77 14) (49 55) 56 (30 53) (66 10 45 26 2 90) (51 58) 20 (17 46) (74 29) (82 61 87 12 22) (79 42) (5 57 52 1)
16: (51 56 42 69) 45 62 (2 35 71 60 20 87 38 89 70 33 21) 31 (74 4 25) (75 10 82 43) (14 61) (26 47 54 52 79 57) (78 37) 17 (5 63) (49 36 1 64 34 8) 58 12 32 46 77 83
17: 26 (20 63) (53 1 43 90 64 78) (51 29) 15 (14 36 58) 77 71 46 79 (3 13 87 47 5) (57 17 34 35) (7 12 30 32 23) (69 25 56 2 66) (82 24 21 60 8 83) (74 9)
18: 30 71 (17 55 8) 78 (24 12 46) (44 60) (79 89) 76 70 (20 14 26) 67 51 7 (9 75 21 25) 2 52 57 (39 5) (1 28) 33 40 (88 43) (34 87 31) 3 (56 83 77) 65 82 36 (53 86) 32 68
19: 72 (66 12) 52 (45 31 55 2) 26 79 87 (76 71 83 33 58 36 74 56 8 38 42 15 53 17 81 60 62 21) 40 (20 7) (1 82) 32 46 (34 5 65) 13 (51 78 63 25) (14 61)
20: 87 (52 2) (7 63 65) (44 1 27) (77 8) 85 51 (58 3 79) (90 73) (24 5) (16 21) (43 36) (40 49 75) (32 56 33 17) (74 10) 20 (9 76 66) (61 78 55) (83 48 19 72 69 14 26) (46 12 29 71)
21: (1 33 46) 81 (82 15 43 83) 60 (87 5 45) (31 23) 21 (56 79 8 75 67 12 25 61) (2 66 17) 52 (85 20) 32 51 (88 14 68 42) (39 10) 90 (78 55) (34 26 22) 69
22: (82 49 45) (13 5 12 79 63) (57 56 22) 66 42 (67 70 75 33) 31 76 (34 52 51) 8 (7 46) (17 87 58 25 78) (55 43) (3 36) (68 2) (1 64) (74 10 69 83 71 24) (20 72 26) 32 60
23: (45 60 81) (2 5) 67 (26 62 33) (46 79) (58 82) 32 (63 66 8 7) (80 75) 61 12 (53 89 25 27 71 90) (88 77 36 78 57 20 1 42 87 17 83 34 21) (4 22 52 3 70) (56 51) (10 14 9)
24: (36 1 26) (63 14 3) 60 25 (56 57 74 55) 33 12 (21 45 52 72) (34 82 61 5 83) (46 9) (47 66 43) (32 16 51 8) 79 19 (71 58) 78 (70 42 87)
25: 36 60 (55 75 90) (21 77) (24 56) (32 58 79) 46 47 31 (14 61) 84 (4 66) (34 26 12 81) (63 45) 35 (88 22 43 78 29) 1 (17 20 7) (30 83) 8 65 (42 71) (2 82) 25 (87 13 5 39) (52 51 57 44)
26: 71 (12 33) (16 87 26) (1 2 32 14) 49 81 (76 77 3 8 57 62) 31 43 25 51 7 (15 46 5) (61 63) 9 (52 24 36 34) 17 (60 66) (82 74) (56 20 85) (22 69)
27: (33 49) 10 (26 22 12 63 69) (15 87 41 53) (36 51) 31 (17 14 44 39) 46 13 67 (34 82 83) (45 60) (68 56) (2 5) (35 1) 84 52 75 (79 78 25) 20 (24 66 55) (32 81 43) 71
28: 82 21 (84 35 31) (69 61 51) (42 83) (43 52) 5 (12 47) (65 66 87 71) (24 67 15 77) (75 57 60 64) (10 3 46 20) (2 7 26 13) 36 (14 56 74) 8 78 (58 1)
29: (52 51) (14 5 13 78) 65 (39 44) 16 (62 10) (47 79) (81 42) (69 89) (45 20) (32 9 66) 25 (26 58) 90 (12 76 4 33) 61 (1 3 56 71 50) (8 46 24 19) 36 15 (87 63) 2 74 72
30: (89 67 61 20) (80 5) 40 (12 26 64 63 43 66 53 1) 19 (81 76) (2 35 29) (14 65) (46 49) 56 (72 87) 21 31 71 (36 8 58 52 22) (55 75 79 42 90) (39 33 32) 78 17 (45 51 15 9)
31: 24 (47 77 58) 55 (74 10) 60 (79 65 7) 22 46 75 87 66 (29 9) 83 (32 72 3 26) (14 82) 20 (78 40 42 35 15 81) (2 71 52) (63 56) 45 (8 33) 53 (1 61 12) (5 51)
32: (2 63) (3 61 14 32 57) 11 78 80 (1 69 25 15 65 60) 52 (51 33) (47 56) 71 (83 8 77) 42 (84 43 75) (17 41 21 9) (5 87 55 74 81 26) (16 82) (12 58) 39 (46 72 64 89 76 34 45 7 36 20)
33: 55 79 (83 13 71 19) (12 62 42 34 64) 1 (69 10 45) (17 36 81 20 74 51 8 67) 33 56 (90 5) (31 46) (6 72) (2 77) (60 32) (82 61 66 75 14) (85 3 26) (15 25 63 87 68) 52
34: 71 (31 82 56) (74 57) (29 79 60 63 81 41) (42 87) (77 78) (45 12 8) (36 46 43) (2 25 51 9 7) (26 69 17) (15 33) (75 85) 47 (5 14 1) 19 (83 35 90 61 30 21) 34
35: (36 14 87) (15 7 1) 74 33 (25 12) 56 13 49 (71 81) 34 46 10 83 (75 32) (24 70 78 21) (51 43) (31 22 90 61 63 73) (29 55 79 52 44 42 8) (69 5 26)
36: (15 60 87 40) 3 33 (43 8) (53 5) (83 72) (85 58) (26 65) (71 22) (69 82 14) 25 84 55 70 62 (77 12 86) 67 31 54 52 17 (45 66) (24 81) (1 50 74) (78 36) (20 35) (90 2) (56 32) (57 75 51)
37: 79 (57 14 23) (60 24 52 15) 82 (78 29) 87 83 (36 64 21 74 35 77 32 43) (2 4 34 44) (26 68 8 86 71) (42 75 3 76) 46 (88 58) (5 17 81) (20 49 12 69 67) (25 63) 56 7 (51 19) 66
38: 62 12 (58 72) (51 53 76) (46 78 36) 61 25 (20 32) 56 (82 74 5 70 26 45 2) (87 17 81) (7 43 63 8 83) (31 35) (69 27) 79 (10 6) (75 42 52) (14 71)
39: (12 53 46) 32 (51 70) (1 63) (43 2 66) (75 52 25 79 74) (14 24) (21 36 69 71 56) 88 (65 17) (20 39) 83 (26 58) 9 (90 87 82 15 61 19) 45 5
40: (34 60 82 24 15 67 31) (55 74 21) 76 42 46 (78 66) 52 (32 87) (20 26 5 41) 25 (14 19) (81 63 12 56 9) (8 7 65 33) (2 1 36 23 69 58 75) 77 59 (29 17 51 38) 71 79 35
41: (62 40) (20 29) (79 43 71 56) 25 (83 33 51) (32 14) (66 6) (41 24) 89 (82 26 52) 36 (8 55 1) (74 53 12 42 81 5) (72 2) 46 9 (61 15) 34 84 (87 69 21 10 78) (60 58 35)
42: 19 62 21 71 (56 75 79) (12 2 54 86) (83 35 57) (58 70 10 8) 69 22 (33 25) (5 61 1 72 45 78) (60 64) (90 34 36 82 9 17) (76 46 20) (74 32 7 87 31) 42
43: (8 34 17) (46 72 1 71) 57 (83 69 88 2 33 74) 52 (75 26) (63 82 60 15) 42 (7 31 56 61 87) (45 78 14 29 79) (49 53 51 12) (5 25 19) 32 81 (90 36 4 85) (70 55) (58 20 10)
44: (83 87 22 2) (29 58) (12 70) (15 33 74 7 26) (41 61) (57 47 69) (8 13 9 30 55) 72 46 1 71 (45 31 20 53 67) (40 32 66 5 60 65 78) (36 79 17) 82 (56 21 52 63 35) (14 25 51)
45: 44 90 (32 82) (34 19) 2 (60 53) 25 (72 1) (89 20) (52 7 83 46 22 61) 71 (6 58) 51 78 29 33 (30 74 87 12 66 5 56 38 63) (43 79 77) (57 26 4 15 8 36 69 14) (75 84 65) 88
46: (26 1 71) (90 12) (57 64 82 72 20 61) (33 78 87 52) 89 22 5 (35 51 70 7 2 6 56 19 31 79 60 13) (66 8 75 25) (67 47 36 53 34) 46 (58 32 15) (83 40) 74 30
47: 36 (32 46 50 7) (47 14 22) (12 65) 61 (68 52) (16 66 63 60) 20 89 26 (10 25 44) 56 (71 4 49 5) 83 (34 74) (62 33 21) (79 72 51 8) 85 (86 87 15 82) (45 58 55) (2 69)
48: (34 2) (7 77) (42 17 31) 58 (24 71 69 20) 15 (25 46 89 76 53 39) 90 57 (84 75 12) (86 43 30 82) (56 1 63 62) 60 (79 16) 51 32 5 (36 26 45 8 33 21 10) (74 61) (52 78 87) 27
49: (68 5 79 45 20 60) 66 (26 83 24 12) (52 35 36 69 31) (89 46 81 42 61 76 14 74) 7 32 10 (55 34) 22 (25 78) (88 58) (90 75 63 71 82 3 51 87 54 56 67 53 43) (2 39 15)
50: (29 12 56 51 68 42 32 9 10) (63 3 5) (67 52) (34 33 90) (87 46 14) (89 1 64 65 77 83) 71 (43 70 54) 74 (79 31) (47 7 36 84) (78 72 8 81) (60 2) (58 69 61 75 20)
51: (61 83 14 20) (38 58) (40 1) 82 (87 63 8 15 81 56) 62 7 69 (17 46) (33 75 53 12) (47 35 60 89 71 78 34 3 25 5) (26 55 43 32) (90 51 72 24 36 76) (27 52) 67 (79 64 74 19)
52: (1 90) (6 3 36 84) (56 85 14 72 87 51 17 66 26 20 79 61) 75 62 (46 42) 70 (39 22 41) 49 (82 45 60 5) 52 (32 55 57 12 4 71 35 33 2 25 7)
53: (61 26) (32 24) (60 75 69 19) 71 (52 82) (74 65 56) (83 64 10 25 55 87) (38 62 4 20) (8 14 15) (53 1 5) 42 (89 22) 29 (17 79 76 21 12) 57 68 (33 67 36) 63 51 (58 7 41) 2
54: (61 85 41 87 29 60) (12 1 71) (84 82 64 63 32 89) (79 51 15 19 10 90 39) 42 53 56 40 (78 35) (25 49 26 46 74 38) 2 33 8 20 (57 14 5) (36 43) 54 81 68
55: (83 88) 7 (45 4 36) (40 70 60 78) 69 (74 32) (56 14) 16 26 8 (51 5 33 90 66 25) 89 75 (62 10 42 55) (87 20 12) 71 79 3 46 57 (31 1 81) (58 34) 2 84
56: 38 75 42 (79 46) (21 64) (4 58 70 82) (12 45 10 2) (63 71) 61 1 (60 44) (33 87 84 24 78) 7 (51 56 66 36) 3 (57 83) 15 (55 32) (39 52) (8 26) (81 25 69 5 19) 77
57: (79 84) (61 82 26 33 76 1) 71 (21 8) (17 46) 9 (56 44) (10 12 51 15 31) 5 (89 36) (3 29 43) (32 83 55 90 69) (13 34 53 87) (66 52 75) 77 (20 24) 14 (35 2 85 74) (7 19) (41 81 57)
58: 41 (1 15 66 10 31 33 74) (58 88 21) (22 82) (45 65 69) (17 5) 29 (7 43 87) 62 (12 53 79) 26 78 (71 51 24 32 61 34) 25 2 (75 46) (36 83 20 8 63) 56 (77 52)
59: (10 9 70 3) (83 12 61 8 71 2 17) (57 42) 1 (89 15) (82 32 7 14) (66 34) (55 35 39 5) 44 13 81 46 (33 90 26) (56 75) (52 60 74 87 6 58 20 78 51 31) (16 69 80 79) 43 76
60: 82 79 88 (35 19 31 69) (2 32) (14 17 61 75 5) (60 7 56 3 78) 20 (18 12 52 87) 15 (44 1 51 25 42 33 71 66 26 8 85)
61: (3 14 17 24 60 51) (34 52) (12 13) (89 65 82) (33 4) 31 42 (83 1 55) (53 45 8) 87 (32 46 63) (15 66) (9 72 58 35 19) (74 78 71) 67 79 57 30 (5 2 25 69) (20 56 36)
62: (26 14) 51 (6 79) 7 (66 58 33 84 83 12 19 43 53 81 34 1 46 87) 76 22 (8 49) 32 41 (31 89 67 20 82) (25 21 78) (63 57) 60 (71 56) (55 61 75 3) 2 36
63: 78 (54 52 82 36) (77 16) 88 3 72 55 (42 7 79) (61 56) (34 87 33 14) 76 (1 60) (51 26 46 71 25) 75 15 65 8 (86 89 4 5) (83 70) (12 20) (45 39) 90 63 17 32
64: (88 83 64) (52 66) 60 74 63 39 56 (33 78 35 49 58) (2 80 17 9 72 15 73 68 62 57) (81 82) 14 (61 79) (45 76 51) (27 32 5) 26 (89 42) (8 1) (43 22 10 34) 65 (36 25) 20 (90 53 75 71 31) 12 (87 47)
65: 13 (30 26) (67 40) (20 61 32) 34 25 (89 58) (21 63) (84 70 56 71 60) 78 65 (72 17 79 62) (3 76 36 2 51) (22 43) (14 75) (87 44 24 64 1 83) 12 52 (31 33) (55 35 5) 10 (46 66 74) 82 (8 54 42 38)
66: (51 71 55 60) 76 (8 25 57) 33 (78 4 83) (31 26 70) (46 58) (5 89 87 21 42 82 53 1) (34 69 74 28 32) (29 61 36 22 67) (12 9) (56 72 7 90) 14 (81 20 35 2)
67: (5 35) 79 75 31 46 20 69 (32 45) (2 34) 90 61 (52 57 7 63 41 62) 51 (66 25 36) (4 12 1 89 83 8) 14 (15 74 53 56 87 17 33 24 84) 78
68: (74 38) 66 1 (21 46 14) 25 5 (87 9 75 58 82) 26 (35 78) (17 15 55 51 83) (36 71 79) (70 8 12) (56 33 45 20 57 60 7) 64 24 (29 42 72) 34 62
69: (61 53 36 43) (35 46 69 8 48) (68 56) 89 (58 49) (44 66) (25 79 83) (24 84 10 76 34) 81 17 (71 42 15) 78 31 (63 90 12) (13 32 1 14) (82 60 20 2 51 5) (26 87) (65 77)
70: (32 76) 79 69 7 (12 17 55 9 24 58 31 87 64 65 56 57) (82 26) (83 67 74 77 89 71) (50 51 63 33) (25 72) (46 45 8 52 20 2 78) (66 62) 19 60 (85 42 21) (14 61 10 5) 34 53 (1 36)
71: (84 87) (33 41 49 36 72 75) (57 51) (65 56) (79 26 32 76 1 60) 63 (14 66) 8 (24 71) (55 90) (7 5 61) (12 2) (83 29 52 9) (82 17) (25 58 45 46 43) 78 20
72: (81 56 87 69 12) 60 20 77 75 (63 66 82 42 90 9 88) 49 (53 45 33 71 52 83 68) (80 84 43 14 76 85) 89 36 (2 39 26 24) (46 15 8) (22 61) 7 79 5 (25 32) (57 1 51)
73: (69 83 12 15 53 33 87 76 17) 24 58 71 (55 81 25) (50 82) (61 63) (51 14 89 46 36 78) (75 66 1 57 21) (26 13 9) 8 (79 67) (7 56 20 32 5 73 60 34 62 16 4) 45
74: 74 (42 20 31 82) 54 1 (72 32 53 33 26 60) (65 75 8 69) (12 5 34 58 6 66) (46 43) 51 25 (45 2 63) (36 87) 62 78 (17 14 56 79 71 70) (90 35) 61
75: (89 90 12 5) 26 56 (81 42) (61 25) (68 74 38 66 71 51 79 78) (32 57 33 2) (1 40 17 83 65 8 14 24 72) 60 45 87 (20 15 55) 43 (82 31 80 67 58)
76: 30 14 75 52 44 (82 12 74) 26 (10 36) (78 17) 20 (58 45 9 89) (84 25 56) (35 29) 15 (57 46 77 81) 8 32 33 87 (63 79 51 68 34 71 42) 83 (5 2 50 72)
77: 7 (39 88) 9 (47 51) (12 68 58 71 72 90) 81 (17 8) (56 36 78) (16 32) (46 20 62 34) 63 (15 21 31 69 42 25 26) (82 60 1 55) (33 5 79) 2 (87 83) 61 66
78: (5 32) (55 33 87) 22 (70 29 36 26 39) 34 (61 20 89 51 74 21 12 64) (79 81) 27 (84 75) 45 (82 78 72 46 30) (67 83) (25 35) 52 14 (71 56 57 1) (7 2) (90 31) 8 76 66
79: (25 2) 12 5 (26 69 56 63 78 49 65 33) (85 34) (71 32 44) (53 1 89 9) 75 (77 20 21 22 51 83) (81 58 66 45 82) (61 79 46) (36 84 31 14) (52 17 8) (70 7) (55 40 87)
80: 20 79 14 (42 89 7 87) 37 (81 21 17) 15 (43 10 46 34 32 5 52 3 24 68) (48 78 74 60) (69 82 12 83) (56 70 62 72 26 16 85 13) (75 35) 77 (57 8 33) (64 36 71 1) (45 49) (2 51) 61
81: (75 82) (20 71) (17 70 90) (57 12) (19 68 56 51 34) (39 81 66 5 62) 52 (13 8 61 4) (42 83 89 79) 58 7 (9 2 45 32) (78 69 24) (15 86) 35 74 26 (29 36 87) 25 (31 1 14 33) 46
82: (51 4 62 48) (9 56 68) 25 (55 12 87 5 77 16 20) 63 (78 83) (58 42 36) 24 (47 72) (17 34) (8 69 10) (79 70 57) (75 76 74) 39 32 (71 52) 81 (45 38 22 1 46 14 53) (49 66 3)
83: 75 (66 53 36) 35 (43 3 19 77 64 57 5 71 7 31) 83 55 (72 60) (4 79 89 78) 42 58 (62 63 26 90 20) 1 (17 33) 9 81 14 70 (56 32 2) (61 74) 25 87 (65 84) 69 (51 8) (12 67)
84: (87 81 78 33 5) (31 32 49 83) (56 62) 75 12 84 20 (42 17 79 54) 39 (71 7) (58 45) (1 66 55 53) (85 35 8 51) 2 15 (63 90 14 34 82) (36 19 60 46) 21 61 (26 24)
85: (25 53 60 17 89 8 87) (36 15) (88 24 2 21 86 69 40 78) (76 46 51 83 82 14) (63 79) (33 10 81 20) 5 19 (61 22 71 39 73) 1 56 12 7 43 9 (32 26)
86: 68 5 (20 75 60) (1 57 58) (34 19 62 32) (13 90) (8 66) (21 84) 63 (29 43 79 15 14 10 87) (72 61 76) (51 69 26 71 42) 24 (53 83) 3 56 (25 46) (55 2) (12 52 35 33 78)
87: (60 65) (56 87 83) 29 (32 7 26) 36 (78 58) (46 45) 62 (66 68 5) (3 33) (76 10) 70 (61 55 63 34) (17 12 71) (41 79) (75 42 69 51 81 57) (90 64 8 82 20) 25 2 (16 1 21) 67 74
88: 79 (36 3 12) 13 77 (6 58 1 38 41) 87 (73 26 17 7 14 42) 34 (57 82 69 89 2 61 52) (74 72 83) (8 56 62) 51 33 21 (63 46 71 20 32 78 75) 5
89: 24 34 21 83 (7 45 52 58 71 63) (66 81 55 15) 13 56 43 70 80 (78 74 12 46 23) (51 22 62 67) (54 39) 89 36 8 (53 14 17) (79 5 9) (25 87) (10 33) (57 42 75) 61 (35 26) (1 38 60)
90: (85 66 78 14 58) (77 45) (82 87 31 43) 57 (10 51 20 83 71) (9 40) (5 33 61) 42 2 62 (30 12 90) 67 (21 60) (52 46 76 65) (53 25) 26 (56 32 13 36 79 63 34 8)
