90 90
1: 53 31 51 90 74 20 60 79 63 5 27 49 55 70
2: 9 17 73 82 21 39 42 51 41 63 86 50 89 79 57 46 2 22 33 35 64 10 38 45 48 16 58 31 76 69 62 87 60 47 40 80 74 27 18 56 11 72 13 4 5 12 8 15 28 49 24
3: 5 49 68 90 51 2 56 9 15 17 23 10 53 48 79 46 84 22 26 85 61 21 7 89 69 13 24 65 38 62 20 44 60 70 8 25 31 73 41 30 29 12 57 3 63 40 16 66 4 75 14 33 42 78 18 52 11 39 83 86 35 55 58 80 19 67 74 37 88 43
4: 8 42 77 47 89 38 29 46 26 67 10 39 31 14 35 45 75 49 74 27 22 57 44 40 79 41 37 48 83 7 69 3 30 85 56 84 62 43 12 15 73 64 68 18 16 11 2 19 58 81 1 82 54 90 80 4 32 23 87 9 21 59 17 24 33 34 88 13 53 86 66 20 28 71 25 78 63 6 61 55 76
5: 19 10 53
6: 24 34 40 14 77 49 3 50
7: 74 30 77 45 61 16 36 6 71 63 78 82 67 37
8: 80 15 50 55 1 22 72 20 8 47 64 90 3 13 53 41 52 14 67 61 59
9: 31 57 56 76 5 62 74 23 50 27 64 49 18 70 65 69 26 79 88 3 77 83 34 41 82 63 30 39 12 68 43 15 84 22 75 35 9 71 1
10: 70 7 4 48 1 62 41 67 89 24 33 44 46 28 74 86 5 39 13 38 68 80 65 40 3 54 69 30 78 12 26 9 22 37 72 32 77 42 66 60 18 61 64 88 49 79 6 82 14 25 75 27 71 90 36 76 83 87 20 81 2 10 53 59 58 16 31 63 23 85 55
11: 8 6 25 67 76 18 77 79 63 69 41 1 39 5 21 43 27 89 26 22 32 64 52 23 4 49 71 74 46 10 38 3 42 81 2 68 60 34 72 85 15 16 29 28 51 80 66 50 19 86 58 65 20 70 88 31 84 75 7 30 11 55 36 83 54 48 82 24 37 61 56 45 62 33 35 13 53 57 47 59 9 12
12: 55 35 4 79 21 65 52 31 42 51 61 48 6 1 44 67 46 10 16 38 72 78 12 50 85 36 45 59 17 18 5 84 40 29 88 9 47 71 23 13 66 49 87 11 34 8 30 77 63 27 80 57 68 28 24 43 89 75 74 64 26 69 54 14 20 83 60 15 56 86 25 33 32 2 73 70 53 58 62 76 41 81 90 37 39 82
13: 58 61 34 37 49 80 70 87 73 47
14: 81 47 67 49 7 60 13 70 23 28 4 69 55 38 85 5 18 10
15: 70 19 65 79 18 46 2 30 12 68 44 15 24 84 53 52 78 35 36 69 42 72 88 54 31 5 37 82 59 49 86 89 17 43 7 64 71 76 23 3 32 14 41 62 51 47 34 87 11 50 40 77 29 81 63 27 39 67 74 55 25 8 28 6 4 75 80 66 56 38 61 9 33 16 48 45 1 58 21 10 20 73 57 85 90 22 83 26 60
16: 38 7 51 3 59 43 68 69 46 26 88
17: 1 61 30 12 17 64 62
18: 53 87 78 19 77 14 28 8 46 60 71 5 74 39 35 65 25 89 26 10 83 58 13 69 73 63 45 64 21 11 81 20 68 17 9 79 7 23 37 85 32 29 2 59 42 43 34 4 90 47 16 67 88 52
19: 48 60 85 67 50 47 57 79 84 71 51 31 81 40 42 37 26 83 64 49 89
20: 5 58 60 80 30 62 83 63 56 11 74 89 86 38 9 67 20 14 44 72 32 10 12 53 36 6 61 59 77 34 78 28 52 48 70 65 31 41 35 81 37 90 85 33 50 88 51 26 76 13 8 29 49 3 24 43 75 23 54 39 7 25 69 71 19 57 64 47 17 4 66 45 84 15 40 2 42 27 22 16 18 1 46
21: 59 70 90 34 4 79 47 49 22 72 36 78 69 88 55 29 52 57 81 80 45 15 8 32 31 46
22: 77 41 70 1 40 53 26 81 18 79 44 13 88 21 17 85 67 75 51 71 35 57 56 69 7 50 23
23: 29 58 83 22 55 6 56 49 63 86 70 32 5 10 74 53 38 14 80 20
24: 16 61 80 82 38 31 52 51 3 77 21 27 63 40 66 22 42 7 35 71 15 50 64 90 28 24 69 88 76 86 74 56 83 73 85 79 78 84 49 65 1 41 87 89
25: 30 68 78 83 52 80 12 3 77 43 59 55 54 85 58 79 38 56 63 14 31 53 28 23 90 89 40 81 34 45 2 35 65 82 8 21 61 50 84 57 6 73 67 69 18 1 47 74 42 33 51 36 29 60 41 75 71 76 13 25 88 32 46 87 4 39 48 44 86 19 72 15 66 27 7 9 11 20 16 5 17 26 64 37 24 62
26: 7 31 19 55 39 37 11 4 68 50 25 5 88 52 12 77 33 17 83 73 71 20 16 40 41 30 87 10 34 15 62 51 80 21 61 45
27: 87 82 85 56 43 80 27 7 6 90 9 45 30 89 72 11 67 71 4 86 10 21 46 77 5 8 73 61 20 40 57 76 54 23 47 68 63 41 70 32 44 74 1 52 12 81 53 65 48 37 31 78
28: 5 31 85 25 83 72 18 67 52 51 88 42 56 19 38 81 65 43 76 28 55 84 48 29 27 41 89 7 15
29: 12 76 83 14 49 4
30: 87 4 45 38 67 64 26 59 44 21 65 82 1 40 47 69 76 32 88 6 75 29 57 78 13 43 86 48
31: 39 27 24 58 16 19 48 40 76 78 81 1 22 43 80 51 60 7 83 37 36 86 13 73 70 9 33
32: 24 46 3 66 63 8 44 39 7 54 19 15 62 4 2 57 53 83 73 64 59 45 38 9 34 69 28 67 58 25 12 50 75 79 60 52 27 70
33: 36 1 28 18 56 15 17 19 14 65 38 58 5 12 70 82 10 86 50 43 57 34 13 30 54 77 83 35 74 7 63 40 31 64 45 49 22 72 25 6 79 9 44 55 89 37 8 46 60 68 61 42 51 48 26 59 62
34: 6 15 72 52 2 54 9 47 1 65 7 81 53 40 68 88 84 77 51 90 34 36 46 24 35 61 17 14 22 8 50 13 70 42 86 18 58 55 16 25 29 20 69 62 60 33 44 80
35: 53 78 81 88 24 83 56 66 27 50 36 20 7 37 63 6 3 18 45 38 39 2 47 68 46 79 60 80 75 11 16 41 87 8 19 23 54 51 44 48 33 65 22 10 69 70 28 76 15 26 9 73 86 71 77 67 29 5
36: 76 33 36 8 75 29 72 56 11 89 47 26 34 53 87 79 13 10 32 1 45 54 42 82 57 14 58 30 46 73 38 24 62 66 61 12 86 59 80 64 81 63 39 6 55 77 15 44 37 84 71 88 70 16 23 50 41 4 74 22 85 35 52 20 31
37: 66 17 74 48 75 64 73 31 53 51 8 28 27 60 2 54 38 81 16 6 90 37 47 19 52 89 61
38: 15 76 88 28 90 1 9 61 86 46 51 89 85 39 59 13 38 35 84 79 56 45 65 18 70 12 37 77 40 72 57 11 20 7 2 4 19 22 87 71 34 5 8 82 81 23 67 73
39: 89 16 28 86 85
40: 84 66 79 16 81 55 32 82 20 62 37 36 49 35 47 69 63 4 61 43 54 1 76 10 44 2 39 57 13 12 88 59 90 21 80 28 78 30 89 45 38 5 51 33 11 40 3 7 50 26 77 15 22 41 17 72 68 48 70 23 42 19 29 64 60 85 83 73 87 67
41: 8 34 27 62 37 53 14 45 76 55 60 35 64 79 78 33 82 31 15 81 18 90 73 42 26 16 7 9 36 74 3 25 56 88 13 80 23 86 66 47 39 10 2 70 84 89 72 87 54 61 19 29 1 68 6 20 69
42: 86 85 60 26 89 52 50 44 46 1 10 17 3 7 70
43: 72 8 83 47 12 85 27 46 5 38 82 56 70 33 2 60 87 42 57 18 89 24 16 88 76 13 45 32 62 10 6 54 11 28 73 86 3 21 40 19 26 58 20 17 22 39 90 51 79 63 80 34
44: 13 14 57 48 29 15 36 18 41 19
45: 38 9 49 59 83 2 53 55 64 35 84 13 63 20 22 12 39 15 78 36 88 62
46: 45 31 81 77 1 84 58 41 25 26 37 38 83 59 47 8 43 11 3 89 54 24 20 4 44 14 51 33 50 39 9 78 68 56 70 57 30 12 88 6 52 5 34
47: 88 31 28 7 53 27 17 74 48 11 39 38 1 89 65 55 8 30 5 37 71 59 12 60 44 35 79 78 81 23 52 4 13 50 63 20 2 36 22 18 69 15 25 41 72 68 29 90 84 49 51 10 24 54 9 46 57 32
48: 73 7 40 14 79 42 47 61 70 72 55 56 87 44 13 25 32 81 86 50 67 30 48 17 52 84 65 34 58 38 4 59 9 64 83 8 75 43 54 2 36 23 12 27 6 15 29 82 85 71 20 66 46 35 89 80 76 77 90 49 24 51 22 16 88 21 60 5
49: 88 26 15 86 36 1 69 22 84 67 14 46 27 42 12 35 72 6
50: 60 54 32 10 21 82 72 66 68 42 64 7 18 4 70 50 46 58 14 9 69 12 88 20 67 34 76 48 51 44 28 29 8 87 62 3 6 19 74 33 83 75 37 49 85 57 79 45 86 36 65 22 90 71 41 23 73 77 43 55 53 89 16 61 30 13 31 39 27 1
51: 32 50 25 1 24 2 8 86 62 44 73 6 52 88 36 9 20 26 41 64 16 28 77 76 60 89 17 90 3 19 39 48 61 59 29 82 46 30 71 10 83 74 51 75 70 47 58 79 5 4 67 53 40 87 56 27 35 78 72 42 15 7
52: 18 63 83 29 10 84 7 41 73 76 27 26 38 47 68 82 66 75 28 62 54 57 56 16 36 70 13 90 17 40 67 5 89 81 33 46 15 23 87 80 1 8 6
53: 82 18 59 10 55 67 79 36 45 58 32 16 56 57 5 54 20 49 2 12 39 75 88 3 64 25 48 15 9 22 68 65 89 73 41 27 51 4 86 90 7 1 71 11 53 85 19 76 21 35 62 17 24 46 83 69 38 70 78 72 81 26 42 47 80 23 60 74 14 40 44 28 61 66 13 77 43 87 33 34 84 29 30
54: 64 67 73 68 29 31 61 43 10 52 8 56 26 28
55: 64 59 17 22 80 29 46 12 36 89 44 1 90 7 10 51 74 16 13 37 60
56: 25 72 13 56 42 71 47 30 31 79 5 23 10 86 45 75 3 73 46 83 43 62 80 21 48 11 28 15 4 63 19 76 50 22 70 81 41 53 36 68 52 77 59 87 14 61 88 85 64 18 89 17 44 54 37 74 8 7 1 39 58 20 9 29 24 38 57 33 60 27 66 82 40 78
57: 43 89 70 73 74 76 71 22 1 81 33 41 32 16 40 14 12 20 61 69 83 54 77 72 66 51 13 30 45 27 42 68 38 25 15 67 11 19 28 29 44 53 46 48 49 2 36 9 75 35 64 52 82 80 63 39 86 6 37 90 18 21 84 17 34 62 57 8 60 26 56 55 4 31 3 85 79 50 24 47 87 78 23 58 59 7 88 5 10 65
58: 57 62 24 84 33 42 34 73 87 26 12 35 89 20 22 78 18 55 37 41 77 71 86 38 68 58 56 67 48 8 52 59 54 14 64 32 65 47 28 31 53 45 90 6 81 4 1 60 10 39 83 44 25 2 50 3 19 43 21 27 75 69 74 66 29 46 11 88 72 49 9 61 80 5 70 15 51 40 13 82 36
59: 79 14 70 13 12 47 57 52 24 9 36 67 21 11 43 10 37 8 32 25 87 56 72 16 78 19 29 39 74 48 65 17 80 45 89 20 83 71 7 61 6 4 38 33 84 62 73 49 86 18 31 64 35 90 50 88 1 42 68 27 15 53 3 77 46 85 5 28 2 44 66 63 76 30 22 81 54 41 51 82 34 26 60 59 58 40 75
60: 71 65 41 38 16 73 86 40 45 44 78 22 37 58 61 10 88 12 26 68 5 32 70 33 36 51 21 83 50 77 20 18 34 1 66 47 69 64 74 29 82 84 31 27 42 19 62 15 46 54 81 48 55 25 13 60 56 35 4 8 6 11 23 2 24 7 30 57 17 52 76 43 9 90 3 63 89
61: 7 46 20 68 67 52 45 58 13 47 72 60 69 16 48 10 11 37 21 53 56 65 63 43 59 29 42 90 35 77 5 18 61 76 88 19 64 87 36 31 27 8 81 34 12 50 51 84 22 89 78 79 62 85 24 28 39 9 86 38 33 44 41 73 83 57 23 80 26 70 82 32 66 6 49 55 2 75 17 71 15 14 74 3
62: 64 4 72 63 85 43 16 73 48 15 7 44 54 86 33 67 24 89 47 55
63: 7 79 90 36 4 27 81 83 57 19 78 16 65 68 13 21 1 73 2 61 49 80 39 31 87 63 23 12 70 14 30 60 85 50 69 15 52 53 32 56 33 86 28 37 67 42 11 72 71 5 40 77 74 45 75 66 35 89 51 10 34 43 47 25 6 54 82 20 18 76 62 41 88 26 38 84 24 64 48 17 55 8 46
64: 1 48 89 3 10 43 14 54 39 80 17 37 70 18 21 36 19 67 87 4 52 81 77 55 86 69 22 15 73 5 28 72 42 30 11 88 38 20 53 76 68 46 31 49 74 35 45 26 62 29 47 78 64 25 50 7 40 8 9 84 34 66 56 82 83
65: 3 56 48 24 84 88 54 53 22 1 87 49 81 83 8 61 59 82 5 33 15 65 69 60 64 6 37 11 58 52 18 31 86 70 25 29 26 39 12 63 40 62 85 2 77 36 75 51 41 16 67 23 46 57 38 30 73 66 35 55 32 4 71 68 47 17 34 72 44 76 79 80 28 10 45 42 43 13 50 7 27 74 20 90 9 78
66: 79 89 87 22 88 56 71 76 57 26 3 31 37 48 25 7 80 30 21 67 73 18 8 72 11 29 10 63 78 66 68 43 23 46 84 32 82 16 6 20 85 60 50 75 83 86 12 14 58 62 70 42 51 35 64 17 54 40 69 90 52 47 13 27 44 39 19 38 55 5 59 74 28
67: 8 90 37 60 15
68: 9 2 33 87 29 61 76 13 1 22 58 90 47
69: 35 65 50 32 46
70: 28 31 23 17 21 8 80 2 88 39 70 77 58 44 65 38 61 7 51 16 85 89 79 55 49 9 42 74 43 5 62 46 6 72 47 90 12 86 37 81 14 22 66
71: 56 31 83 18 32 12 64 76 21 33 9 51 17 54 13 82 14 41 81 62 90 1 69 40 28 27 22 72 53 49 38 87 61 39 42 50 34 15
72: 43 86 72 60 84 3 83 58 73 15 39 52 44 33 38 29 41 54 48 21 65 11 67 75 40 78 70 4 37
73: 57 25 38 14 83 31 50 71 88 7 29 10 66 82 54 33 73 32 1 20 77 16 51 46 63 61 47 76 72 80 55 62 30 40 64 84 56 28 48 43 58 11 26 86 70 79 34
74: 35 18 42 23 59 57 45 86 2 33 78 48 26 30 16 4 83 80 43
75: 2 86 11 56 13 16 59 65 81 5 57 89 61 32 54 66 53 82 12 19 28 34 14 73 52 30 64 75 84 6 44 67 79 63 55 40 36 20 25 29 72 46 26 74 85 42 1
76: 3 5 1 45 15 62 44 12 81 10 70 55 29 46 21 11 73 83 23 37 24 20 66 26 65 67 48 18 40 85 52 4 79 2 19 28 56 58 7 34 61 50 76 51 14 54 25 16 22 53 31 57 63 60 33 36 84 87 88 68
77: 78 3 51 74 26 39 27 71 11 89 9 88 77 49 46 72 87 53 56 10 67 83 16 23 65 35 1 44 18 47 41 6 69 84
78: 76 28 49 88 82 89 47 21 55 10 35 24 43 15 7 32 26 54 29 19 56 58 74 75 64 11 59 57 51 61 13 48 85 39 1 70 90 46 34 40 16 66 6 33
79: 64 31 50 72 3 13 44 58 47 24 14 60 18 78 46 74 49 6 9 33 52 25 79 87 88 21 39 66 43 36 20 40 75 19 28 15 70 8 68 32 83 35 30 76 45 77 73 54 59 7 26 56 10 23 51 85 29
80: 58 27 81 77 9 63 76 21 44 64 36 85 69 5 25 33 55 61
81: 52 67 23 75 89 13
82: 57 21 76 49 17 26 62 32 77 31 66 3 7 70 83 41 19 4 84 29 74 13 10 35 52 27 86 53 30 22 1 43 23 12 73 65 56 11 6 18 78 8 68
83: 44 20 46 64 9 32 34 45 63 6 11 1 17 53 76 59 69 27 40 85 24 58 14 31 52 29 36 23 2 33 54 7 84 15 70 90 60 35 43 39 71 62 73 89 80 22 79 19 3 16 10 12 65 83 74 88 38 26 18 50 4 55 48
84: 48 44 39 34 2 3 68 73 27 6 69 50 14 15 20 67 66 30 62 11 47 4 59 22 86 5 84 57 37
85: 15 90 33 34 32 43 22 76 13 6 4 61 67 18 64 71 2 86 62 77 28 60 9 40 26 37 78 46 65 84 21 44 75 49 27 79 68 48 70 73 19 83 66 10 63 39 41 81 88 50 85 1 24 47 74 69 59 29 31 58 53 45 23 51 8 56 54 87 80 38 57 3 16 17 14 55
86: 68 44 70 24 80 2 16 67 18 35 22 82 73 37 85 34 1 83 12 55 26 11 61 79 28 90 27 54 6 46 63 53 81 17 72 78 32 49 43 56 52 14 75 71 10 13 15 66 23 30 39 5 51 74 41 84 57 88 69 21 19 3 86 60 59 47 40 77 89 8 65 87 36 45 4 29 50 7 58 62 42
87: 6 75 63 44 72 47 79 66 32 52 56 11 39 1 54 21 20 90 37 28 40 42 46 62 15 10 7 71 43 78 73 86 83 31 5 68 30 64 16 23 61 89 36 22 88 84 3 18
88: 89 44 36 63 56 12 21 31 59 60 88 62 43 51 64 57 5 22 6 78 29 61 30 73 81 13 15 77 20 4 14 39 41 55 8 16 25 65 80 83 48 79 71 58 76 11 74 54 46 82 84 3 87 85 67 7 37 28 1 38 9 72 42 23
89: 19 73 59 80 21 71 41 53 43 24 56 58 90 1 78 48 31 89 22 72 35 70 87 50 63 30 14 49 10 75 16 77 51 17 8 25 28 76 40 68 69 55 85 65 18 33 57 74 26 12 60 64 45 2 13 42 61 20 88 3 4 52 15 23 6 39 38 34 84 86 67 81 66 47 79 83 5 37 46
90: 5 89 49 83 87 54 24 20 52 25 7 6 55 61 84 30 46 72 69 80 81 58 11 4 2 88 19 50 79 33 29 15 48 71 74 82 85 37 28 44 76 65 70 67 32 34 66 10 40 13 42 35 18 14 59 41 22 62 39 9 90 45 64 56 8 43 68 3 51 53 78 38 21 73 86 16 1 77 47
1: (63 50 75) 57 (64 27 10) (73 36 8) 51 47 (20 78 24 60) 59 (34 77 76 83) (53 11 82 46) (4 22) 42 89 (52 17) 71 (86 88) (38 65) (41 55 40) 58 90 25 9 (87 85) 33 (49 31) (68 30) (15 56 12)
2: (76 41) 70 (48 32 11) 47 (20 58 10) (84 75) 61 (2 4) 65 18 51 (83 12) (45 37 40) (3 43 85 34 59) (53 63 86) (90 25 60) (89 74 38) (68 57 35) 15
3: (40 60) 4 (16 50) (25 85) 46 (9 59 88) 83 (89 61) (43 76 90) (41 57 8) (82 64 53 56 6) (66 35) (32 72) 10 (20 24 11 86 84) 15 (65 87 51) 77 (79 58 3) 42
4: 86 47 (82 40 3) (83 63 53 58) (56 27) 36 (48 32) (12 26) (51 14 88 20 72) (2 18 11) (10 21) 29 (57 4 89) 59 (46 38) (64 76 74) (15 65) 85 (25 30 84 50 90) 60 62
5: (23 3) (12 25 11 46 10 90 51 60 33 64 70) 47 (61 76 48 35 2) (26 86) (53 58 28) 43 (40 88 14) (56 89) (84 18 15 20 1 27) (65 75 66) (38 59 80) 52 9 (87 63) 57
6: 75 (84 4 10) 57 (63 49 87 70) (15 66 23) (89 34 12 20) (52 46) 37 (86 43 27 60) (7 78 36) 82 77 (61 85) 30 (25 35 79 83) 11 (33 48 50) (65 58 51 88) (90 41 59)
7: (4 15 40 48) (76 31 53) (64 35 28 65) 14 61 56 82 (50 10 24 60 90 18 20 79 66 16) (11 41) (59 57) 70 (32 52) (62 22) 42 (63 73) (38 86) 78 (55 3) 88 25 87 34 (26 51) (33 27) 47 83
8: 34 4 (3 33) (64 18 27 58 36 82) (11 25 12 79 52 86 8 51 67 2) 65 54 (21 15 50 47 38) (57 46 61) (37 85 32 43 20 60) (59 41 70) 56 (89 90 35) 48 (88 63 66)
9: 71 58 4 31 15 (10 47 70 12) (46 33) 90 (32 83) (60 34 80) 68 (77 57 2 79) 50 18 (11 61) (51 56 64 25 59 48 27 3 38 65) 41 (35 9 85 20) (53 45) 88
10: 27 15 56 54 (86 35) (11 78) (64 58) (40 51) 47 (53 76 73) 90 5 12 (57 23) (52 61 20 66) 60 (83 50 77 10 63) 82 79 (43 85 65 4) (55 36 26) (89 2 42) (59 87 41 33) 18 (14 3)
11: 64 26 (82 87) (60 77 84 56) (58 72) 63 59 (35 78 20 43 3 75 25 4) (65 57 12 15 83 66 18 86) 76 (2 73) (88 47 53) (36 27 11 61 46) 40 (38 90)
12: (88 20) (83 76) 15 (32 25 29) (27 58 49 60 43 59 57) (65 86 3) (66 45 47) (12 89) 75 (17 9 61 55) (63 48 2 46 4 26) (38 40 82 70 11 10) (71 50 53 33 36)
13: (11 57 22) 53 (12 71 40) 85 (34 4) (78 59 89) (31 25 65) (18 44) (41 8) (2 3) (86 58 48 82 20) (79 81 14 36 66 33 56 45) (43 68 60 50) (90 30 52 38 10 55) (61 47 63) (75 88)
14: (88 25 49) (64 63 76 8 75 83) (6 20) (59 36 66 12) 23 (33 84) (57 4 50 90) 79 61 (44 71) 48 (56 58) (73 89) (3 15 41 70 53 29 18) 34 10 (46 85 86)
15: 51 (83 3 90) (52 47) 86 63 49 38 (85 78 62 45 48 9) 11 (84 67 41 44 71) (4 34 26 24) (2 40 15 33 89 21) 87 58 76 (28 61) 65 (57 79 8) 88 59 35 36 (32 64) 53 (12 56 72 25) 60 20
16: (31 39) 24 (76 63 25) 34 61 48 (12 52 77) 60 (66 90 78) 51 (40 43 18) (20 73) 65 (83 62 89) 55 (37 70 26 2 57) (41 35 75 10 36 74 4 86 3 7 11 87) 88 53 (59 15) (85 50)
17: (18 40) (17 51 37) (82 59 20 2) (47 4 25) 48 (56 34) (65 42 33 71 89 66 12) 60 64 26 (57 83 53) 52 85 22 (15 86) 43 63 3 55 (61 70)
18: 47 89 (9 2 79) 74 (60 82 12 85 22 10) (61 50 86 38 77 43) (52 59 63 71 65) (90 14) (41 83 11 66) (56 58 34 44) (25 33 35) (76 15) (53 3) 28 20 64 (57 87 4)
19: (37 18) (33 40 75 28) 20 79 57 44 15 (56 41) (83 11 51) (82 76 90 66 58) 53 (64 26 5) (31 38) (85 3) (63 60 50) (78 61 32) 86 59 (89 35) (43 25 4)
20: (27 58) (3 88 50 63) (57 10) (65 90 41 48 84 35) 8 (64 40 20 59 23) (66 83) (36 46 73 25) (89 79 38) (18 12) 15 51 (1 11) 87 34 (61 45 47 4 75) 76 (53 60 56 26 43)
21: (24 76 89 25 15) (85 86 78) (2 56) 66 (57 53 27) 50 (26 88 30 82) (64 79) 59 43 18 (70 58 22 3 63) (87 4) (11 71 60) 12 90 (72 48 61 40) 80
22: (3 36) (66 49) 47 (76 40 21 71) 60 (11 90) (10 35 86 8 31 9 59 68 4) (61 48 50 2) (38 87 45) (70 33 55 58) (23 65 56) (83 34) 85 43 (24 64 53) 89 88 (20 15) (82 84 57)
23: 63 (65 38 40) 82 (74 66 41) 11 4 (48 88 52) 18 35 (57 20 83) (50 70 77 53 9 22) (89 79) (56 15 14 10 61) (3 81 86) (60 36 12 47) 27 (76 25) (85 87)
24: 10 (90 78 58 76) 60 (86 25) (36 57 59) (34 24 35) (3 79 62 31 53) (15 4) (20 32 56) 48 (85 12 65) 43 (46 6) (89 51) 47 11 (2 83 61) 63
25: (75 79 4) (66 20 15) (33 47) 73 (89 41) 25 (63 18 11 48) (12 3) 28 (56 58) (90 65 60 64) 32 (76 46) (51 26) 34 80 88 (59 10 57 53)
26: (60 16 40 49 41 51 53 89 86) (78 66 42 43 83 52) 18 35 3 36 15 58 9 4 75 19 77 (63 59 82 33) (12 10) (20 64 76) (11 30) (46 54 22 73 57 79 65) (25 61 85 74)
27: (28 50) (27 51 1 56) 61 (85 83 77) 84 (15 32) (58 11) (41 47 53 59 49 82) 65 (2 48) (20 31) (86 9) (10 71 12) 66 52 35 (57 37) (43 60 24 63 80) (4 25)
28: 37 71 43 (87 40 11 35) (79 53) (66 47 70) 50 (89 24) 28 (12 10 14 85 58) 4 (63 39 33) (15 2) (88 75 73 52) 51 (57 59 90 20 61) 25 64 (76 32 18) 65 (56 86 54 38) 78
29: 58 (60 21 44 86) 82 (18 55) (79 88 52) 75 (41 54 83 34 59) (76 25 47) (4 64 48 90 50 30 72) (51 53) (36 23) (66 85) (35 40) 68 28 57 (15 12 3 11 65 20) (73 61) (56 78)
30: 65 88 12 (10 90) (75 56 27 20 15) (36 66) (11 25) 26 (47 74 17 63) (57 79 84 9) (3 86 50 89 7) (46 51) (4 48 60 59 64 87) 53 (33 40) (82 73)
31: 11 (12 56 57) (4 64) 61 66 (60 9) (3 25 37) (24 28 89) (27 88 1 63 85) (83 65 87) 54 71 70 (82 79 76 20) (33 47) (46 41 2 36 21 15 58 10 59 26) (73 19 50)
32: 36 73 (86 18 40 43 66 58 10 71) 59 27 23 79 20 90 (4 87 48) 12 65 (83 21) (75 63 85 15) 11 (47 30 51) (78 53) 50 (60 61 69) 57 (25 82)
33: (3 60 83) 11 46 (2 62 90 72 15) (10 12) (58 80) (26 63 71 40) (4 65 56) (50 68 20 85) (36 59 73) 78 (43 76) (52 61 53 79) 57 31 (25 89) (41 34 35 74)
34: 13 (63 61 76 18 84) (50 71) (4 32) (12 41) (90 53 20 57 15) (9 89) (58 33) 75 (34 36) (65 26) (46 48) (64 11) (86 73 43) 60 21 (85 83 25) 38 6 (59 78)
35: (59 40 33 83) (74 65) 60 (41 22) (48 3 51 69) 86 24 66 (15 78 45 61 34 79 77) 12 89 (2 53 18 38 49 11 20 4 36 63) (25 57 90 82 47) (58 9 64)
36: 35 61 (63 75 58) (59 34) 15 (41 7) 51 87 (21 79 88 11 45) (76 49 86) (56 80 12 33) 83 57 (31 55) (48 20) (25 53 44 50) 40 (10 64 65 36 60 47) 52
37: (18 90) (35 26 41 76) (40 37 66) (19 63 89 58 46 25 36 11 67) 13 (59 55 88) (20 85 7 31 50) (4 15) (38 84 87 60) (47 64) (27 12 61) (56 57 72) (86 33) (3 70 10 65)
38: (36 30 57 4 28 38) (63 10 66 85 25) (12 58 73 45) 47 (40 15 64) (83 46 60 23 56 70 20) (14 16 33) 89 88 (32 37 72) 43 71 (11 90 61 52 65 24) 48 3 (2 59) (53 35)
39: 25 (61 88 58) (78 46) 50 (9 20) 35 70 (66 59 57) 32 (85 63) (72 79 64) (38 71 51 10 3 36) 12 (87 77) (4 15 40) (45 2 90 11) (18 41 65 86) 53 89 (83 43 56) 26 (84 47 31)
40: 78 85 (53 73 79 12 20) (27 34 64 90 89) (15 65 19 86 56 10 24) (31 38 63 33 66 75) (22 40) (76 3) (87 60 57 48 4 30 2 71) 59 (83 25) (6 58 51 72 52) 43 26
41: 44 8 40 (61 56 15) (25 12 20 10) 22 (63 88 85 57 3 24 36 90 71) (50 28 52 35) (58 26) (46 59) 11 53 (77 51 27 65 72 60 89) (86 4 47) (2 82 9)
42: 15 (43 12) (70 24 71) 48 (49 4 10 88) (51 25) 59 50 (74 34 65) 64 (60 57 11) (18 2) (36 87) 28 40 53 (90 20 89) (75 56 3 41) 63 (86 61) (33 58) (19 66)
43: (82 85) 90 (20 56 15 33) (16 50 66 48) (89 59 83) 74 (65 40) 31 (78 79) (86 3) 58 46 53 28 (73 57 61 62 88) (18 63 25 64 4 60 11) (27 30 87) (70 72 54 12 9)
44: 79 (30 50) 46 48 62 77 (88 65) (56 32 72 12) (85 47 66) (42 87 40 57 55 20 3) (76 4) (58 83) (80 25) (90 75 15) 27 53 (60 34 84 70 86 61 59) (51 35 10) (33 22) 36
45: (2 61 56 40 21) (32 27 15) 83 74 65 30 26 50 (59 36 63 33) (18 41) (11 43 76 90) 60 46 86 (58 79 38 4 35 53) (12 7 89 20 85 25) (64 57)
46: 70 (63 12 3 78) (11 38 61 21 43 42) (75 86) 47 25 4 (59 52) (55 79) 88 (32 73 18) (35 49) 60 (34 27) (69 33) (51 87) (16 90) (10 56 65) 57 (77 50 48) 64 (83 20 89 85) 53 15 36 (76 66) (2 58)
47: (63 48 52) (21 79) (27 68) 43 (34 14 2 8 12) (35 65 70 60 73) (66 40 20) (19 62 85 36 87 51 77) (41 37) (57 61) 56 59 (58 64 53) (78 13 46 25) 89 (4 11) (30 18 86) 90 (15 84)
48: 15 (65 59) (66 44 37 58 89) 73 (90 2 56 4) (74 62 11 85 78) (72 60) (83 76) (30 35 12 47 63 50) (20 64) (88 33 51 61) 19 (10 40) 57 31 48 (25 28) (84 3) (53 27)
49: 1 (71 29 9) 24 (90 89 10 64 86 48 40 82 50) (78 14 2) 19 57 (47 15) (79 4) (12 20 65 63 77 21) (13 85 53) (59 33) 58 45 (23 61 3 70) 11 6
50: 11 (32 47) (71 60 69) 24 48 (34 19 59 79 66 20 58) (56 35 85 8 84) 64 42 (36 50) (90 51 26 2) (61 89 9 83 40) (73 63 76 15 22 86) 65 (25 57) (6 33 46 12)
51: (55 11) (78 76) 58 (33 73 85 2 63 19 77) (57 48) (71 60 35) (16 86) (34 66 46 88) (40 3) 53 15 (28 70 38) 12 1 (24 31 51) 90 59 (25 20 61) (43 65) (22 89) 50 (79 37 26 47)
52: 34 (56 8) (54 37 64) (26 47 81 24 90 46) (12 72 51 75 18 89) 79 (32 36) (27 60) (83 48) (66 58) 59 (87 82) (20 57) 65 (63 15 42) (25 21 3) 11 (28 86) (76 61)
53: 77 86 47 32 (63 37) (1 61) (36 45) (82 83 27 58 22 8 85) (35 34 89 90 56) (64 41 57 59 76) 18 (4 10) 71 (51 12) (50 11 20 53 5) 65 (25 23 15 3 75)
54: (50 66) 63 (43 76) 83 (53 75 47) (88 73 71 12 15 65 52 4) 78 (32 90 33) (85 27) (37 56 86) (48 79 60) 58 (62 11) (10 57 36) (25 72 41) (35 59 87 34 46 20) 64 40
55: 62 (23 47) 70 61 (90 4) (15 34 40 75 78 41 25 33 36 45) (53 83 76 63 14 80 3) (60 64 65 1 10) (57 89) (21 12 8 86) 66 (73 88 85) (28 50 26) (58 11) 48
56: 22 58 (79 11) 38 (61 25) 87 (4 15 27) (12 43 53 3) 54 (41 73 33 48) 75 23 2 (36 82 63 76 64) 57 59 (51 20 60 35) 52 (77 46 71) (65 85) (24 56) (28 89 9) 78 90 (88 66 86)
57: (2 43 60 58 57 25) (84 75 59 50) (9 30 38 78) (61 85) 27 11 (40 20) (74 89 3 66 82) (19 12 63 88 44 4 21 53 15 52 32 36 22) (33 47 56 76 65 73 46 86)
58: 20 (33 53 68) 36 59 (79 90) (58 18) (4 89) 85 72 (32 80 12 66 57 3 65) (48 86 83) (51 61 88 78 70) 15 46 50 (23 34) (13 31) (11 10 76) (43 73) 56 2 (25 60)
59: 16 83 90 (51 48 57 4 20 61 21) (78 56 84 46 65) (32 55 86 85) 88 (38 10 89 33 18 36 8 25) (40 74) (53 45 12) 58 (47 15) 30 11 (75 66 59) 79
60: (14 2 34) (60 89 42 72 3 59) 76 32 (20 1 47 35) 79 31 12 37 (55 85 19 66 57) 86 (11 67 10) 53 (58 15 48) 43 (56 63) (18 83 25 41) (61 50 51 40) 65 (33 88)
61: 50 (11 40) (58 3) 90 59 17 88 34 (76 87 48) 8 (70 24 27) (53 63) 61 85 (51 12) 86 (89 10) 60 (7 73 71 56) 65 (36 13 38 80 41) (57 78) (75 15 20 33 26) 25 (68 4) (54 37)
62: 61 (90 43 33) (60 2) (57 58) (17 63 64) 32 (50 86) 83 3 15 (36 70) (52 45) 4 (73 56 84 25) (9 87 11 65) (71 59) (51 88) 12 (26 41 34) (76 20 85 82 53 66 10) 40
63: (33 85 59 60 88 11) (75 12 24) (52 36 89) 18 (66 63 87 40) 20 (25 65 10) (23 47) 56 9 (83 62 76 45) (80 35 61 43 57) 73 15 (86 1) (27 3 4 2 7 32)
64: (25 88) 9 (57 51 73) (56 58) 59 (64 63 37 83 32 55 12 15 50 65) 20 (62 75) (53 2 79) (8 30) 87 36 (78 41) (61 89 90 71) (40 17 85) (33 48 54) 60 10 19 66 4 24 (11 80 18 45)
65: (89 11) (59 15 88) 27 58 12 (20 35 30) (90 38 33 75) (85 9) 50 (63 28) 57 (10 61 60 65 82 3) 76 (47 24) (70 18 48 77) (72 86) (25 83) (53 34 69)
66: (52 64) 61 85 (35 75 25 56) (48 3 84) 73 (90 40 10) 37 89 57 87 (76 41) 20 (36 24) (70 15 58) 50 (63 78) (12 4 59 60) 86 (65 11 79) (82 66 53 32)
67: 7 54 11 (57 4 38) (19 62 53 28) (52 12) (90 61 35 65 75) (40 22 30 32 25) (84 59) (20 15 58 49 86) 8 3 (18 85) 89 (14 76 88 27 81 63 64) (72 50) 66 (48 51) 77 10
68: (64 35 61) (53 57) (18 76) 10 (87 50) (3 82 16) (4 33 59) 66 34 (52 15 25 54) 47 (63 58 12 56 27) (11 46 89 65 90 41 84) (86 60 85) (40 26) (79 9)
69: 3 (14 22) 16 (30 47 15) (41 53 65) (86 83 20) 90 (66 21) 64 10 (80 24) (34 12) (18 32) 77 25 35 50 4 58 (89 2 40) (63 71 60) (57 85) (84 49 9) (61 11)
70: 43 (78 86 58) (56 89 72 20 66 52) (15 65) (57 12 61 59 36 31 34 23 46) (82 73) (53 90 85) (41 51) (64 79) (63 10 27) 3 33 (38 48) 42 (50 35 21 14 32 11) (76 9) (70 1) 22 83 (13 40 60)
71: (4 7) 87 (65 24 56 61 10 59) 83 (51 58 48) (77 73) 9 (26 36) 60 (53 35 11) 15 (38 63) (25 88 89 90 27 20) 50 (86 18 85 22 66) (57 47) (12 19)
72: 12 (62 75) (72 33) 40 41 50 (11 49 87 70) (73 51 47 57) (59 71 79 90 48 53) 58 (89 2 36) (66 25 61 27 65) 28 10 63 (64 21 88) 34 (77 8) (20 43 38 56 86) 15
73: 56 (73 89 64) (37 12 62) (52 50) 83 (66 4 65 86) 2 (32 13) 40 60 (54 41 26) 84 57 (63 75 53 27 15) (18 61 51 79 72 59 85 36 24 58) 76 (87 48 31 82 3 25 90 35 38 43 88)
74: (23 63 12 27) 70 41 (66 86) 51 75 64 (82 83 10 78) (15 18 9) (7 85) (61 3) 1 (11 77) 24 57 56 (88 65 2) (58 59 4) (53 25 90 79 60 47 20 89 50 33) (37 36 55)
75: 75 20 (57 53) (78 87 86) (52 61) (85 36) (66 59) (50 72) (58 89 81 63) (37 79) 4 (11 65 15 25 10) (56 22 3) 32 (51 12) 30 (35 9 48)
76: (20 83 15 90 38) (43 53) (4 29) 89 65 (79 10) (85 40 41 28 9) (36 63) (31 24 71) (52 12 57 76 51 80) (30 88 78 11 59 61 66 25) (68 64) (35 82) (73 56 50 27 2) (48 60)
77: 18 (7 38 20 89) (61 77 80 59) (6 12 46 15 34) 35 56 88 (27 70) (58 60) 26 (36 85 82 11 53 25) (90 51 4) 9 (50 10) (33 24) (48 40 79) (73 86 63 57 64) 65 22
78: (3 21) (56 89) 87 (10 86 90 46 15) (79 74 27 58 24 57) 51 18 (63 65 88 60) (64 72 25) (61 66 85 77) (35 41 40) 20 (82 53 7 45 12) (4 30 59 47) 31
79: 75 51 (22 24) 15 3 18 59 38 66 12 (87 25) (21 33 89 35 85 48) 43 (79 83 2 40 70 86) 47 (9 76 65) (36 19) (11 61 56 32 88 53 90 10 4) (1 50) 63 (41 73 57)
80: 58 (53 11 4 90) 85 41 89 56 (66 35) 31 (12 63 64 36 13 74 70 26) 43 2 86 (8 61) (23 40) 59 20 65 15 (55 73 24 83 52) 27 25 (10 3 34) (88 48 57 21)
81: (20 10 22 47 38 53 25 90 58 80 76 86 21 28 40 31 52 65 70) 57 63 19 (59 56) (4 71 34 14) (46 12) (60 27 18) (64 37 11) (75 48) (88 85) (15 41 35) 36 89 61
82: (10 24 50 25) (64 66 73 27 58 33) (71 86) (9 88 51 57 41 7) 78 56 (90 11 48 60) 52 (65 63 59) 43 (53 38 75) (30 61 2 15 40 36) (4 12)
83: (3 73 12 60 87) (76 63) (53 65 4 31 77 89) (28 20 58 86 66 48) 90 26 18 (46 11) (50 59) 9 (33 43 71) (15 35 51) (56 72 83 10 29 82) 57 23 (52 61) 19 (79 24) 32 (45 74 64 88 40 25 85)
84: (46 45 3 66) (15 87 89 4) (24 52) (90 41 49) 84 (48 12) 34 47 11 (72 19) (76 59 40 85) (58 61) (88 63 57 65 82) (36 64 38 75) (73 53) (60 86 25 77) (9 20 83 28)
85: 22 (78 76 11 39 40 66) (62 85) (25 10) (12 80) (3 61 48) (50 88) (59 42 19) 4 (75 86) 56 (28 63 89) (57 53) (36 24 14 15) (27 20) 70 (90 65 83) 79 38 (18 43)
86: (10 30 48 33 2 43 49 35 34 27) (36 15) (63 72) 74 89 (61 86 70) (58 56) 57 (87 75) (3 20) 59 (39 38 66) 25 (12 11) (24 82 41) 51 84 (90 4 23 62) (85 53) (65 31 60 42 64 73 50)
87: 4 61 (79 10 56) (30 13 86 38 76) (24 77) (64 66 40) 25 (71 65 63 85) (18 89) (52 58) (27 48 59 50) 51 57 53 (15 26) (35 36 41 88 12 2) (43 68 90)
88: (90 25 20 66 45) (89 35 78 36 15) (65 48 18 87 60 61 76 26) (24 3 40 64) 70 (38 46 58 59) (79 77) 21 9 (11 57 12) 16 (47 85 49 86) (30 10 83) 50 73 (63 43) (41 88 51) (34 28 4 53 22 56)
89: (75 4 12) 11 27 42 (25 38) (19 51) 57 (2 70 66 43 83 90 77 81 64) 88 (40 47 62 39 18 50 86 28) (61 46 48) 52 (3 24 37 53 55) 56 87 58 63 10 (33 41 78) 20 15 (60 36 59 89)
90: (1 58 40) (61 18 60) (27 87) 38 68 10 (55 24 85 66 8 78) (65 4) 34 (51 37 86) 90 3 70 12 (48 41) (53 67) (63 43 52) (59 89 50) (57 71) (25 21 83 47 20) 15
