90 90
1: 8 53 49 75 17 59 30 27 9 38 2 82 89 71 60 79 6 86 3 34 43 36 7 16 80 11 61 85 63 88 14 37 42 39 23 24 65 5 77 40 66 33 25 78 67 12 51 35 69 73 83 52 44 90 54 4 64 41 62 87 18 21 29 58 1 28 32 46 15 68 84 31 19 48 20 70 13 26 45 76 56 22 81 57 74 47 72 10
2: 42 30 15 38 78 63 7 51 8 58 29 65 24 12 90 83 79 2 5 18 14 72 50 86 54 49 70 21 60 4 53 80 6 31 66 3 39 88 41 28 46 34 68 13 17 27 19 9 57 33 75 10 64 69 32 71 23 11 62 55 22 40 59 87
3: 36 16 37 38 8 85 87 25 70 17 15 19 32 47 80 56 76 18 28 1 45 84 54 77 21 34 7 40 49 48 75 41 14 50 52 89 73 86 6 72 62 61 51 65 60 44 88 4 83 24 10 5 66 12 39 9 58 78 53 55 35 13 27 59 90 64 23 79 69 71 82 11 2 22 43 63 81 68 33 31 29 3 74 46 42 67 57 30 20
4: 29 27 65 50 38 33 31 74 7 12 18 49 25 79 15 58 14 24 82 69 86 62
5: 4 11 88 83 75 63 51 57 27 66 31 78 44 56 76 49 14 65 22 16 79 24 20 89 9 37 2 53 29 17 10 60 80 6 47 48 45 39 42 26 81 32 33 86 85 43 23 40 74 71
6: 27 8 18 81 55 60 73 78 90 41 83 70 21 42 65 63 89 64 16 72 87 86 19 82 5 88 50 37 33 38 15 57 80 67 20 75 30 53 46 54 14 51 31 61 11 34 79 1 44 12 69 48 40 39 85 43 59 52 71 45 9 84 62
7: 24 78 20 40 38 67 85 16 60 69 22 17 2 82 41 65 77 8 46 30 14 63 27 21 36 84 68 6 87 74 33 26 53 5 64 58 35 23 47 54 72 10 25 55 86 32 1 11 76 18 43 4 89 31 13 81 59 75 15 83 48 71 7 88 50 34 62 66 80 42 44 37 39 45 73 12 3 79 90 51 29 9 61 70 57
8: 89 47 35 39 29 34 22 66 43 19 64 52 49 61 20 23 28 4 32 17 54 10 5 81 12 75 26 63 83 88 82 25 65 57 58 31 45 76 16 78 9 71 51 30 85 59 84 33 46 60 80 1 86 73 3
9: 88 15 1 27 16 60 51 37 8 86 20 87 90 28 13 42 23 75 7 54 83 81 6 30 49 48 84
10: 69 37 76 30 56
11: 82 84 16 9 63 86 79 23 59 15 34 2 40 53 75 24 77 18 32 66 46 5 47 73 6 4 11 7 39 90 13 50 10 56 80 21 57 87 65 71 49 26 85 55 78 8 44 64 83 43 20 42 30 54 3 67 1 62 69 19 58 38 74 31 89 45 33 52 25 22 17 48 29 60 72 37
12: 42 27 50
13: 60 53 34 57 29 88 28 38 8 89 63
14: 64 48 83 60 44 35 7 25 1 90 55 21 16 29 47 6 77 36 42 2 63 17 14 74 72 66 73 41 57 58 11 75 76 23 9 40 65 28 50 88 52 34 82 56 81 49 4 61 59 15 32 31 79 54 13 5 33 12 39 43 86 67 37 22 20 78 84
15: 67 78 54 69 28 40 32 46 33 23 10 19 26 79 34 66 90 52 64 4 15 42 89 30 74 65 76 61 75 2 16 13 9 39 81 7 29 11 57 43 6 37 17 56 71 22 85 80 47 3 58 48 38 27 14 51 44 5 1 88 77 84
16: 34 63 38 31 27 61 2 65 11 35
17: 42 84 72 2 48 56 44 9 83 80 32 25 8 15 29 36 37 71 76 40 85 77 5 31 23 81 11 12 46 68 86 16 4 38 57 6 22 65 39 69 87 60 19 62 1 18 33 3
18: 58 59 4 15 72 14 28 49 46 9 77 12 3 6 25 81 63 45 90 85 39 79 10 50 38 43 36 27 48 68 75 44 13 17 34 35
19: 8 47 51 27 78 34 66 12 20 30 61 10 1 63 11 46 3 90 71 26 85 29 18 19 16 55 44 52 15 89 28 69 62
20: 59 23 82 81 13 46 64 29 18 61 19 39 49 3 9 37 69 51 68 10 86 45 71 26 30 35 75 17 34 62 8 36 38 90 50 66 57 5 20 85 83 74 52 43 56 89 21 65 2 25 4 44 58 77 12 32 40 60 73 47 22 31 53 27 7 42 76
21: 13 28 51 71 86 68 60 65 69 11 43 62 58 70 56 29 83 35 49 66 73 30 21 78 79 82 44 53 47 10 76 42 22 7 67 2 5 77 34 19 63 55 26 36 14 85 38 3 40 39 20 18
22: 20 12 50 77 9 57 52 3 74 59 86 6 49 48 17 68 36 29 22 18 65 16 56 15 67 7 24 14 82 61 83 47 76 78 54 33 46 42 87 1 88 62 84 73 30 79 85 72 51 10 41 80 69 89 75 55 5 58 45 53 38 13 2 43 27 32 63 60 8 35 11
23: 38 20 71 18 43 13 42 9 52 26 2 27 81 28 58 23 40 68 32 79 69 63 77 37 35 4 10 36 80 48 74 90 76 1 83 33 65 61 45 51 15 19 14 16 11 46 25 39 57 44 6 59 70 30 88 89 50 54 75 17 64 5 67 31 7 60 29 21 22 47 85 66 87 41 72 84 3 12 82 55 53 86 56 62
24: 20 64 11 32 51 15 42 53 83 84 17 14 38 86
25: 66 15 1 60 2 89 21 36 41 77 48 62 83 27 42 87 88 58 22 80 71 69 68 76 4 17 54 19 30 16 67 86 65 12 43 56 55 46
26: 23 58 69 84 38 36 48 15 40 57 18 25 32 9 30 63 20 65 1 24 10 37 46 27 16 53 19 78 31 89 87 42 6 86 67 81 35 82 83 68 45 60 70 80 79 88 50 26 21 14 64 73 43 47 51 34 71 62 3 76 8 17 22
27: 36 30 53 25 3 80 55 38 66 88 65 56 20 89 1 16 2 83 5 70
28: 53 90 72 10 25 86 20 54 57 52 76 34 62 74 12 68 88 40 16 60 38 15 51 63 69 50 18 65 43 85 37 8 39 36 77 17 21 30 42 87 6 26 81 31 27 71 75 73 9 44 83 33 1 82 78 67 56 49 13 24 64 89 23 41 4
29: 55 24 87 49 27 13 6 43 38 76 79 78 72 21 37 65 1 59 3 33 44 88 26
30: 29 59 60 20 21 52 75 46 49 19 63 54 80 58 43 38 34 67 3 40 30 84 56 7 73 64 33 35 70 2 39 16 13 9 23 45 76 10 4 42 69 36
31: 25 38 86 71 80 60 40 2 88 42 26 27 87 30 76 32 16 66 63 90 41 1 50 10 13 79 20 5 89 81 69 83 58 57 8 44 67 34 56 77 14 31 19 62 55 75 28 72 51 17 53 29 70
32: 22 26 83 80 85 73 9 28 18 23 7 33 74 59 11 43 60 57 20 77 68 86 25 47 10 58 6 42 52 79 65 38 89 30 75 39 12 32 34 81 15 35 88 2 78 64 48 50 17 53 16 31
33: 23 76 62 71 60 9
34: 25 58 13 40 86 42 28 23 33 34 73 16 71 38 32 77 30 12 72 80 89 57 68 37 22 7 27 17 21 65 35 69 50 11 5 60 84 79 41 43 62 85 10 74 9 83 45 20 61 2 48 81 46 49 15 90 36 64 4 8 53 82 18 14 19 3 51
35: 8 80 71 19 50 3 34 31 48 64 60 55 17 27 29 25 81 38 22 9 6 57 26 73 75 70 44 72 56 88 2 45 36 84 28 65 69 89 79 16 53 46 66 41 77 35 24 52 68 23 78 62 87 5 85 86
36: 18 12 21 66 43 56 11 90 80 54 79 13 58 32 68 7 27 61 36 34 88 50 44 17 48 28 74 2 26 78 39 38 6 72 31 64 20 53 84 76 59 41 23 42 35 89 57 10 25 40 52 19 29 75 45
37: 38 72 1 3 82 30 27 6 60 32 22 41 47 7 59 16 56 63 53 23 66 40 81 25
38: 21 84 9 59 76 80 7 10 3 71 81 85 87 70 90 18 56 75 31 74 19 27 55 22 13 82 2 40 26 83 23 38 32 50 30 45 65 29 37 36 47 43 12 44 54 5 20 42 6 16 1 17 63 86 49 11 89 61 51 46 67 39 72 57 24 88 62 69 28 4 35 8 53 60 14 68 79 78 64 58 15 77 25 66 41 34 48 52
39: 39 81 52 48 47 35 30 7 73 18 28 22 40 45 64 1 69 12 16 63 13 11 27 66 76 88 83 89 54 21 41 23 85 15 42 80 17 19 31 46 77 79 68 87 62 6 44 71 38 10 72 58 51 50 43 36 5 61 8 90 78 75 57 2 29 74 70 59 9 20 65 34 3 4 84 56 14 32 53
40: 24 64 57 32 5 22 59 81 80 67 83 10 23 73 84 60 40 2 55 53 29 27 78 61 21 44 4 87 11 77 50 30 88 17 31 47 89 13 42 48 71 63 6 35 65 39 82 34 20 52 58
41: 42 27 54 35 41 23 30 84 61 31
42: 26 28 18 31 6 87 65 35 70 42 88 47 5 9 76 82 23 79 75 69 7 78 24 32 13 85 56 46 36 61 52
43: 47 18 87 73 32 72 33 80 29 4 43 8 54 71 46 67 44 38 39 90 21 52 77 27 89 88 40 65 45 25 66 56 49 13 42 1 37 82 24 23 59 34 15 78 74 22
44: 33 7 90 12
45: 21 85 78 18 52 37 38 82 7 40 56 84 34 67 89 72 43 48 74 22 9 76 61 60 58 3 39 24 27 69 44 77 13 35 41 64 87 63 42 57 53 45 75 6 49 50 17 54 79 32 68
46: 53 2 49 20 13 8 70 51 9 3 83 5 68 1
47: 13 15 6 29 53 36 59 42 31 4 37 55 75 14 32 80 44 82 90 87 17 68 26 41 89 2 19 16 58 27 10 43 54 74 52 24 61 79 1 81 20 21 77 57 8 73 65 47 9 5 66 40 64 83 38 56 88 51 35 86 45 30 46 33 63 84 50 85 76
48: 58 35 20 47 5 71 44 7 34 50 63 75 25
49: 5 62 38 21 31 3 24 6 19 45 23 28 26 27 18 50 20 88 8 74 16 78 53 15 14 11 61 57 42 7 65 9 52 30 63 59 82 58 79 90 32 43 37 36 4 35 71 49 13 80 77 12 55 47 41 75
50: 2 24 33 20 3 36 50 4 15 89 27 5 31 75 70 83 11 62 68 7 10 9 88 55 16 53 19 29 40 61 48 52 87 73 6 66 78 59 77 18 45 79 56 81 67 37 1 90 86 22 12 49 35 85 69 58 82 34 80 47 63 23 42 60 54 38 25 57 13 44 71 39 28 84 64 21 46 43 17 26 72 41 8 76 14
51: 15 50 30 44 23 72 60 4 58 14 33 40 11 45 17 82 13 67 20 16 69 87 78 80 34 56 26 63 21 89 35 74 28 75 2 61 24 6 46 70 66 27 77 84 19 37 88 25 39
52: 47 20 85 59 19 27 84 1 39 33 57 24 28
53: 79 30 22 69 87 64 57 50 20 29 72 59 73 77 11 76 13 23 2 47 19 40 39 80 25 65 6 88 49 41 56 45 74 51 54 21 48 90 75 27 36 83 42 66 28 43 4 32 71 38 33 58 68 67 44 14 55 18 53 1 8 9 3 24 7 84 10 85 46 63 52 16 37 35 34 86 26 89 81 70 62
54: 82 63 79 34 2 59 5 11 36 51 35 68 76 85 29 25 3 33 55 48 38 14 8 88 21 53 23 72 62 78 57 74 50 20 28 1 87 40 43 70 18 31 64 80 37 58 7 24 4 56 45 60 65 26 69 46 44 54 39 9 22 32 49 86 75 30 89 61 77 67 19 6 42 47 52 73 13 71 66 90 10 16 81 15 12 84 27
55: 27 10 35 4 11 68 21 89 18 41 34 7 5 19 6 28 82 47 3 29 69 75 44 20 45 31 54 72 14 12 25 62 30
56: 11 63 19 28 57 81 86 66 7 20 59 29 8 76 15 74 46 90 70 45 47 4 48 77 41 64 2 83 12 25 27 85 79 67 39 89 23 5 78 55 60 26 53 82 21 30 50 1 52 10 16 35 24 31 51 43 32 69 22 33 36 6 54 62 34 75 72 73 87 38 18 68 9 80 71 14 3 61 56 84 40
57: 27 74 42 53 47 45 10 14 33 55 41 4 80 22 29 88 43 62 38 39 18 65 82 2 51 86 64 21 16 24 30 17 44 73 15 37 90 5 77 56 89 70 59 23 61 71 69 54 60 85 79 58 11 52 67 19 68 32 36 78 3 40 76 57 9 84 50 72 25 1 49 8 6 34 7 20 63 83 87 48 28 75 13 46 26
58: 9 42 57 43 48 32 6 70 90 69 17 55 27 41 87 33 5 37 89 66
59: 64 21 32 25 89 30 6 44 8 1 42 60 10 12 23 22 57 24 33 71 50 49 85 36 51
60: 56 30 5 90 26 29 43 22 6 59 45 23 4 20
61: 54 52 42 32 61 78 82 56 85 62 39 79 87 69 83 26 10 28 60 9 21 44 66 49 80 77 45 30
62: 79 88 82 12 33 20 3 47 63 72 89 62 50 70 18 58 6 67 21 4 2 57 26 11 45 25 43 56 39 42 30 32 17 69 14 46 59 23 41 38 75 19 13 81 40 52 90 15 65 28 29 53 48 86 77 60 16 74 22 31 73 84 37 71 85 76 34 68
63: 26 38 88 90 60 32 82 64 51 45 44 33 17 21 11 55 57 70 80 1 28 15 2 22 7 83 14 66 65 85 24 59 77 13 6 67 63 36 50 74 43 19 87 42 75 39 9 23 31 52 62 53 30 58 47 46 41 81 16 18 25 72 10
64: 62 3 26 50 7 82 90 68 70 77 56 25 55 14 5 21 88 43 42 59 15 72 63
65: 40 16 69 61 7 80 88 10 31 38 71 72 74 26 90 64 4 50 35 75 37 8 48 1 43 52 79 54 83 15 57 19 89 68 56 6 36 24 13 28 86 67 70 78 82 9 12 17 27 45 81
66: 27 83 85 20 33 36 56 5 55 49 30 45 39 57 72 89 41 63 23 11 65 21
67: 83 28 65 51 50 11 8 5 60 79 57 15 29 40 56 67 66 80 31 70 33 22 90 6 49 46 9 43 81 36 47 45 2 41 10 72 12 71 59 84 32 58 4 35 44 7 27 14 21 63 42 39 20 77
68: 68 21 72 17 35 31 47 84 12 32 45 53 27 49 81 90 19 25 83 75 38 57
69: 76 21 4 31 67 12 74 42 57 79 23
70: 10 37 35 68 61 64 54 55 81 90 86 16 41 60 13 38 21 73 26 80 63 17 12 7 49 46 22 50 34 11 72 89 88 76 24 83 77 2 79 56 29 45 58 23 82 59 47 6 66 8 20 87 36 4 67 51 9 74 3 32 48 57 62 78 1 33 14 31 28 43 18 25 42 30
71: 50 90 43 14 3 60 39 36 57 33 25 37 32 83 1 5 67 76 20 55 27 89 56 41 73 11 2 9 40 64 88 63 81 72 16 87 31 48 4 51 23 6 75 44 47
72: 69 66 63 82 46 43 15 20 17 85 83 62 73 16 27 24 77 21 80 74 5 30 76 8 60 86 42 61 44 55 10 37 6 70 38 35 34 84 57 65 29 81 31 75 48 11 14 33 90 79 71 49 41 53 45 68 64 4 47 19 50 9 54 25 87 18 78 13 28 58 23 56 88 22 3 2 40 51 52 32 26 72 89 12 39 7 67 36 1
73: 83 57 50 10 73 34 36 53 56 30 88 40 33 9 79 90 28 55 54 46 60 82 68 89 48 21 1 66 78 75 72 11 67 35 38 70 39 24 20 6 62 64 41 71 29 84 44 52 18 43 58 51 14 86 26 3 47 17 19 5 8 22 13
74: 70 34 62 24 75 26 52 6 67 58 42 19 47 27 61 23 80 18 48 31 89 45 35 60 30 3 41 79 84 1 15 13 40 69 85 53 10 44 32 57 11 86 74 20 17 64 81 76 9 36 68 73 56 88 54
75: 48 34 88 78 12 86 50 42 85 58 62 24 11 31 5 33 18 51 87 49 26 52 4 30 16 32 53 17 74 29 55 73 37 72 60 47 57 3 8 82 46 75 2 21 10 23 45 90 84 44 36 7 40 64 67 56 80 54 68 22 1 61 79 15 38 9 83 25
76: 51 40 3 75 4 30 1 61 23 17 70 31 67 49 35 18 48 29 78 56 69 59 27 65 80 13 9 43 84 86 42 66 52 81 77 36 38 74 83 20 57 7 45 89 33 63 54 5 47 15 73 41 16 26 50 72 14 53 8 76 79 58 39 37 87 21 10 19 62 71 82 85 34 28 32 88 55 2 11
77: 12 28 31 37 8 74 73 36 89 22 85 42 15 41 46 55 1 13 26 49 52 69 72 7 63 80 3 70 76 66 38 44 47 82 45 79 35 24 57 43 5 25 90 39 53 34 68 88 75 60 87 84 59 20 62 29 33 4 21 23 14 77 11 54 18 78 58 81 50 32
78: 52 33 25 35 31 5 21 61 17 38 34 60 69 9 2 29 85 1 74 57 37 56 83 84 65 19 16 64 53 73 3 23 90 67 71 7 46 78 27 30 59 42 70 87 66 72 48 63 41 39 58 75 4 12 82 43 6 20 49 88 18 77 26 36
79: 62 46 85 77 27 33 18 25 20 14 51 37 89 36 5 38
80: 39 27 40 26 5 3 32 19 31 44 15 61 69 59 68 12 10 82 86 83 47 74 76 1 88 25 79 87 4 34 6 78 45 70 56 49 62 64 55 13 85 7 43 84 8 17 35 90 16 28 41 53 54 36 73 57 33 71 67 14 46 29 30 48 50 23 24 89 38 21 22 80 9 75 60 81 42 72 2 77 20 66 65
81: 56 47 25 85 76 74 43 77 15 53 87 35 14 24 69 3 50 55 67 63 65 12 89 83 79 27 23 5 9 18 2 39 90 31 34 82 28 57 42 13 36 86
82: 83 20 37 75 44 52 32 5 54 16 80 28 2 60 34 43 70 15 39 64 36 17 90 65 76 19 41 49 26 9 45 68 72 62 1 6 61 21 55 81 86 8 10 79 50 66 48 77 25 88 29 33 85 30 87 27 7 53 47 78 56 4 40 63 59 51 69 42 57 24 84 74 38 13 46 73 3 89 58 82 35 71 12 14
83: 40 50 73 51 59 69 66 72 49 24 15 53 77 30 74 28 34 47 9 25 22 6 44 19 37 31 90 58 48 36 82 43 88 60 7 54 14 57 45 3 39 67 78 79 8 86 75 70 42 76 84 41 17 12 71 68 55 80 85 32 18 27 35 62 46 87 16
84: 64 16 88 81 22 76 40 2 68 66 27 29 63 54 20 86 11 77 30 55 15 28 38 13 50 89 84 56 62 36 18 53
85: 68 6 80 35 43 33 4 13 52 74 24 15 77 5 17 57 30 49 8 7 38 55 62 67 50 29 2 46 64 60 76 70 71 47
86: 67 48 22 79 24 25 1 71 43 64 89 68 55 90 84 32 31 44 58 4 16 18 5 51 70 54 50 6 56 7 78 39 53 46 40 14 35 65 28 41 13 19 2 29 81 88 21 8 20 75 15 63 82 74 37 62 72 10 59 69 47 30 73
87: 41 61 3 80 88 27 20 8 7 37 32 74 73
88: 20 1 24 29 15 52 36 26 33 27 37 4 77 76 86 72 50 78 30 31 11 13 48 38 83 68 44 35 87 21 63 14 79 66 64 39 7 49 32
89: 21 42 4
90: 7 81 84 74 57 70 61 8 58 44 30 20 86 33 87 34 49 64 13 38 39 40 41 55 45 63 23 37 18 27 76 78 90 56 47 21 65 52 25 51 89 4 24 88 28 75 85 68 83 6 73 26 36 69 43 48 15 82 1 54 9 62 71 5 2 60 46 66 42 50 11 67 72 3 53 17 31 35 12 32 59 22 79
1: (7 82) (75 28 78 50 47 72) (86 43 53 9 25 90) 54 57 (1 70 15 29) 74 (76 8) (23 27) 77 (88 31 19) (6 37) (3 56 38) 39 (63 80) (59 14) 52 (71 26) (73 46) 17 (22 11 65)
2: (30 50) (80 71) 40 (32 72) 1 39 75 38 5 (62 63 11 46 23) (21 57 78 84 17 76 14 22 85) (16 36) (2 27) 34 (70 31 51) (67 15 56) (86 20 82 54 53 35 90 7 25 81 47 3)
3: 87 (17 78 19 21 26 56 70 90 22 76 29 80 73 38 15) 46 37 23 (39 71 53 62 81) 54 34 (11 35) 20 55 77 (8 27 83) 74 (7 30 2 49 64 82) (72 50) (75 45) (3 57) 18 1
4: 50 (15 11) (75 76 88 20 25) (18 43) (62 85) (77 89) (54 49) (7 53) (55 30 57) (70 5 71 17) (90 60 82) (28 39 38) 47 (56 65 23) (80 72) (8 34) 3 40 67 (51 14) 78 (2 69 86 1)
5: 58 85 (55 47) (7 42) (8 35 81) (71 66 90) (27 2 72 82 56 50 21 67) (17 40 64) 34 20 80 46 (11 48) (38 39 73) 23 77 (75 49 22) 79 (78 1 54) (60 86) (3 57) 31 76 (15 6) 14
6: 28 (18 82 17 3) 45 (53 58) 86 35 (32 50 73 40 14 47) (74 85) (51 71 1 42 7) (36 37) (23 5) (78 26) (39 54) 15 67 (65 62 29 83) (57 2) 49 (9 63 72) (22 11) 70 (59 55 56 90 60 80) 38
7: 90 44 11 85 38 14 (65 20 9 42 2 22 7) (32 23) (57 15 34 88 82 49 64 56) (45 39) (1 75 37) 21 (77 72 76 83 86 55) (36 87) 50 (78 54) 30 (4 67 63 70) (80 53 3 48)
8: 59 87 (75 77 53) 9 (39 34 20 7 46 67) (70 86) (72 11 83 82 1) 35 (19 6) 50 26 85 (3 17) 76 22 49 (56 2 90 80 13 54) (31 38) (57 43 73 47) 28 65
9: (18 81 11 78 3) (15 82 83 32) (54 46 42 1 6 38 39 90 56 22 53 57 17 5 14) 61 (49 73) 2 (35 71 65 28 58 7) 30 76 (47 33 23) (70 67) (80 74 45 75 63 50) (72 34 8 20 26)
10: 30 (75 26 11) (23 1 54 86 34 18 65) 50 (3 80 31) 56 82 (47 73 2) 5 (70 53 57 67 40 32 61 36) 7 74 39 (72 8) (38 63 55 15 22) 28 (76 21) (20 59 19)
11: 90 (76 23 19) 17 (24 1 38 16) 21 (32 57) (36 5 14 22 11 84) 40 (53 6 34) (55 51 66) (63 70 62 50 77 39) (74 67) 49 7 (75 15 54 72) (88 2) (71 73 3 56)
12: 49 14 23 20 (72 1 19) (90 2 67 68) 50 (39 78) (28 69 8) (18 81 36 4 83) (77 80) (65 59) (44 38 17 32 6) (75 25) 56 (3 7) (82 22 34 54) 70 (62 55)
13: 9 (15 45 80) 90 54 (76 7) 38 (77 22) 31 88 (1 84 49 53) 23 (28 42 14 63) 73 (21 57) (46 62) (70 2) 51 (39 81 86 3 34) (65 29 50) (43 72) (82 36 85 30) 40 (74 20) (11 18 47)
14: (57 21) (67 26) (70 54 31) (7 47) 77 (83 53 6) (5 80 3 2 82 23 62 22 18) (56 1) (14 71) (88 63) (50 4 79 86 81 39) (64 55 76 73) 49 (51 24) (38 72) 15 34
15: 80 34 51 (83 65) (54 2 82 4 32 43 11 84) 19 (90 86 22) 39 38 18 (50 76 6 9 26) (15 81 75) 28 1 67 (23 24 74) 3 (85 47 7) 62 (72 56 77) (88 49 63) 25 (14 57 64 17)
16: (5 63 27) 75 (31 30) (3 11) (9 32 7) (34 53 22 71 25 83 6 54) (17 49) 86 (26 8 23) 82 (76 62 84) 70 35 50 72 (1 19) 78 (57 15 80) 38 (28 56 37) (51 39 65 14) 47
17: (85 62 65) (1 40 3 26) (80 72 63) (24 18 20 2 36 90 47 39 70) 5 (45 76 83 73 34) 7 82 (74 23 22) 78 35 (15 11 31 68 25 8 51 58 75) (38 32 57 50 14 28)
18: (74 76 62 56 49 77) 7 (75 19 50) 39 20 78 (28 63 70 45 22 23 54) (17 83 38 6 4) 32 (84 36 79) (2 3) (26 81 21 55) 57 (72 53 11 43 34) (73 1) (86 90 42)
19: (35 74 53) (19 65 80 63) 62 (72 20 25) 6 47 (31 73 51 56 23 21 8 30 78 82 38 2) (57 83) (1 3 54 15) (76 86 11 55 39) (52 34 36) 26 68 (50 49) 17
20: 86 7 (40 74 70 51) (88 57) (47 34) (67 38) (71 14) 50 82 (8 11 52) (24 31 90 77 87 19 53 30 28 26 46) (5 54) (1 39 55 22) 32 (80 36 72 3 76 79) (9 27) (84 60) 23 (6 66) (49 21) (56 73 62 20) (78 48)
21: 39 25 72 73 38 40 (66 77 75 14 59) 1 (53 70 62) 29 23 (82 90) (51 80) 69 47 (36 11 57) (21 55 20 34 76) (63 28 49 86) (78 3 2) (43 7 26 50 30) (54 6 68) (88 61 45) (89 56 67 64)
22: (32 77) 14 (90 62 35) (72 40 50 43) (2 39) 1 3 (56 63 53 21 22 73 75) (17 59) (84 57 37 7) (86 45 11 8) (70 23 34) (54 67) (5 15) (20 83) (80 26 25) (60 38)
23: (90 9) (81 37) (57 38 7 42) (71 59) (1 78) 76 (35 20 60 8) (56 28 51) (33 75 72) 5 (30 74) 50 69 70 23 (40 66 39 26 11 15 17) 80 (43 34) (2 62) (3 49 14 36 53 63) (32 54 77) 41
24: (82 3) (73 2) (77 47) (57 7) 4 65 (35 51) 75 50 29 (26 43 52 49) (86 81 88 38 59 80) 45 11 (54 70 1 83) (5 22 72 85) (53 28) 63 (90 56) (74 42 40)
25: (1 37 38) (80 53 71 62 59 78) (77 36) (48 83 72 28) 35 11 (18 54) 14 (75 81 4) 70 57 82 64 68 (90 23) 7 50 (55 17 34 31 51 26) (86 20 3) (32 43 56) 8 27 (79 63)
26: 7 (21 65 72 26 36 29 62 57) (51 23) 42 28 47 82 19 88 1 78 61 76 (11 75 63 5 31) (74 38) (20 32) (77 90 73) (8 80) 50 (53 70) 49 54 15 (56 35 60 64)
27: (2 56) 55 (57 84 47) (12 3 65) (45 76 1 83) (78 82) (26 68 88) (36 15 35 40 16 37 79) 66 (19 52 74) (81 80 29 5 9) (28 23) (54 22) 25 (50 87) (67 4 34) (90 71) (58 39) (51 31 72 7 53 38) 18 43 49 (41 20 6)
28: (1 82 80 72 55 34) (14 65 86) (8 51 62 32 50 42 63) 21 (9 84) (39 35 77 70 53) (73 13 18) (57 38 36 61) (90 15 67 56 2 83 23 19 76 31 3) (52 81) 54 49
29: 57 (76 86 55 38) (47 73 22 19) (36 13) 70 (30 15 35 40) (39 2) 50 21 (31 67) (43 80) 75 (23 53 14 3 11 77 72 78) 1 60 (5 88 17 8) 84 (85 56) 54 (7 62 20 4 82)
30: (51 19 40 2 30 53 27 3 1 57) (7 41 66) (25 22) (73 83 28 85 59 54 75 70) 63 (31 38) 15 86 74 76 60 (82 49) (90 56) 37 (11 78 80 39) (23 61 20 21 34 32) 84 (55 26) (6 10 47) (62 88 8 72 9)
31: (1 78) 62 35 (47 63 49 77 32 3) 56 2 (8 68) 31 (38 70 55) (4 26 42 69 5 75) 16 39 (7 23 81) (17 86) 67 71 74 (28 14 80) (88 90 40) 20 (65 41) (72 50) (36 54) (76 11 6) 83
32: (74 45 49 36 1 42 23 38 26 61) (59 68 90) 57 (77 17 58 70 76 2 43 62) (20 54) (24 67 34) (63 72 83) (39 88 32 40) 7 (31 80) (75 53 37) (3 71 56) 22 (82 87) 11 14 (8 86 47 15) 5
33: (67 11 32 5) (63 85) (30 54) (78 44 28) (51 62) (34 71 70 22) 88 (73 8 43 53) (52 47 29 7 66 1 56 15 79 77) (90 80) (50 59 72) (14 23 6) (75 57 17 76 4) 2 3 (58 82)
34: (19 83 21) 28 (50 31) 15 (26 39 34 75) 8 (70 3 82) 6 (18 73) (76 81 13) 57 (53 35 77) (38 36 72) 55 (74 7 80 11 78 56) (62 54) (48 43) 51 32 14 2 (40 30) 20 (90 1 16 45)
35: (45 74 23) (3 56) (40 35 90 73 70) (32 77) (1 47 76 68 86 54 22 78) (80 83) (72 85 51 34 41) 18 (38 67 39 42 7) (30 50) (16 21) (82 49 48) 65 53 (55 81) (88 8) 14 (26 20) 36
36: (25 22) (26 49 54) (34 82 84 71) (28 53) 59 (35 80) (18 50 88) 74 (20 72) 27 81 42 (78 3 73 56 39) (21 67 36 70 23) 57 (79 38) (83 76 47 90) 66 (75 65) (77 14 7) (17 63 30) 1
37: 3 (47 58) 49 (76 15) (51 65) (57 53 79 20) (17 10 78 54 11 6 82 5 50 72) 77 (88 29) (43 26) (34 83) (28 7) (9 38) (45 71) (23 86) 87 (70 90 1) (62 75 14)
38: (70 24) 56 (85 26) (4 32 21 62 18 57) (43 78) (7 23 38 84 45 13 11) 63 76 (16 17) 88 80 77 75 (47 27) (50 90 37) (68 15) 20 39 (2 34 6 53 31) 1 (65 30 82) (54 72) (79 36) (28 29 35 49) (22 3 73)
39: 56 7 5 2 67 (51 53) 90 21 (63 1 38 82) (3 36) (20 83) (77 72 61 66) (39 73) (81 52 76 18 14 88) 43 (8 23 80 32) (86 45 15 78 28) (50 6 62) (17 11 54 40 57) (30 71)
40: 40 (23 6) (73 65 50 84 56) (53 45 86 14 75) (17 3 62) (80 51) (74 28 83 67) (31 36 39 82) (57 34) (26 21 72 11 30) (37 2) (71 15) (43 54 20 76 47 5 90 38 1 7)
41: 25 (67 6) (47 23) 73 (57 36 22) (63 37 87) (72 28 62 14) (49 82 80 38) (34 3 90) (74 53) (86 78 70 77) (39 45) (71 35) (55 50 7 76) (56 1 31) (58 83 41) (66 2)
42: (11 34) 45 (30 54 80) 83 (32 49) 76 75 (26 28 58) (72 89 53) (61 70 59 41 31 62 77 42) 7 (2 69) 24 (9 12 47) (36 67) 81 (17 90 40) 63 (3 39) (21 1 82 78 23 14 25 64 22 15 5 6) 38 (43 74) (20 57 50)
43: 86 (47 58 45 77 67 83 54 76) (20 73) 80 50 8 14 (49 81) 21 (22 53 5 64) 32 (78 60 34 3 26) 70 (62 63) (28 30 85 11 72) 39 56 (23 29 57 7) (18 6 36) 71 25 (65 90 15 38 82) (43 1)
44: (47 31 1 38 11 23) (19 80 7) (50 51) (20 15 28) (39 75 55 74 72 86) (21 77 71 14) (43 18) 54 (67 5 63) (17 59) 35 (36 73) (61 3) (82 90 88 53 83 45 57) (29 40) 6 48
45: 67 53 38 (23 74 62 72 8) 6 (47 82 54) (49 70) (26 43 1) 57 (30 18) (3 35 66) (22 7) 20 11 (34 45) (80 60) 56 (75 77) (36 61) 50 (55 5 76) (83 90 65) 39 (68 63) 51
46: (17 79 77 47) 38 (75 7 20 25 42 2 26 53 35) (18 82 83 80) 57 (3 39) (62 56 85 15) (23 22 73) (54 86) (90 70 43 50) 63 1 (72 6 34 67 78) 8 19 30 (51 11)
47: 14 (76 38) (67 52 1 56) 20 81 (8 32 23 68 80 86 70 37 57) (53 71 39 21 40 55) (43 50 7) (54 62 74 72 5 26) (63 75) (15 19 82 42 49 48 77) (85 11) (22 47) (83 90) (73 3)
48: (75 38) (9 3 7) 57 62 (32 83) 73 (86 14 54 50 23 26 39) (80 56 58) (70 90 17) 1 (5 53 76) (15 82 71) (25 72) (74 34 78 36 22) (11 40 18 6) (65 88) (45 35)
49: 50 (59 53) (76 80) (88 14 18 28 77) (85 67 29) (61 21 70 78 30 72 57 38 5) (3 49 9) (83 1) 54 (22 11 8 68 90 2) (46 66 20 75) (82 34) 43 (45 4)
50: (49 22 23 40 81) (77 11 86) (36 72 20 59) 54 88 26 73 65 (31 51 12 75 50) 45 (67 64) (48 90 2) (3 57 70 38) 62 (7 14 18) 83 (80 76 82 34 63) (84 35 28 6) (32 47) (71 53 56 4 85 39)
51: (47 3) (20 15 82 22) 86 63 31 6 (71 54 59) (56 79 70) (19 8 75) (72 57 90 76 23) (9 7) 21 (24 26 39 2) (73 46 83 1 5 67 34 53) 38 28
52: (6 39 54) (61 19) (56 85) 63 (30 73 77 28 20) 22 (23 11 75 8 72) (42 43 45 40) 15 (3 38 88 50) 1 (32 35) 65 78 (57 36 76) (82 49 47 53 14 74 90 62)
53: 49 6 (90 54 46) (27 77) 31 (28 5 7 11 1 50) (62 53 72) 34 78 32 68 23 39 (75 63 83 82) 73 (74 86) 76 (56 37 47 21 24) (26 2) (45 40) 38 (13 81) (3 84 80) (35 57 36 22) 20
54: (82 22) 77 57 (50 2 74 75) (55 25 14) (86 1 56 23) 6 (72 47 73 83) (28 8 65 54 3 61 45 90 80 38 11) (39 53) 76 (9 15 30 36 43 70) (41 84 7)
55: (75 80 21 83) (22 31 25) (66 50 3) 35 54 76 (71 70) (85 82 27 63) (29 56 64) (72 53) (7 47) 84 (86 81 23 19) (14 38 40 11) (73 2 58 49 57) (90 6) 77
56: (17 80 36) (81 56 43) 22 61 (64 74) (90 66 53 71) (3 25 62 76) (39 75 35 14) 82 (86 50) (11 5 42) 57 (72 38 60 37) (15 28 1) (31 20 84) (45 65 73 30 47 67 78 51) 27 (10 54) 70 23 21
57: 50 (81 53 22 47 14) 70 (8 62) (32 31 3 59 15 74 56 66) 72 (83 13 69 73 1) (36 26 67) (2 77 5) 63 78 11 (82 54) 76 45 6 (75 40) (49 28) 90 (17 65 34) 7 68 57 35 (58 80) (20 85) 38 71 (23 39 52)
58: (72 23 86 32 3 7 39 51) (54 20 25 36) (67 15) 18 (50 53 48 8) (78 90 70 47) (63 40) (45 38 4 83) (22 82) (11 75 30 74) 49 (21 1 14 26) (31 34 77 76) (62 2) 73 57
59: (70 1) (18 60 37 49 52 90 3) (80 39) 62 (83 20 32) (63 64 56 22 67) 7 30 (82 53 77 47) (50 2 38) 6 (40 23 11 78) 8 (86 57) 36 76 (43 54 29) 14
60: 63 (26 3 56 13 30 59 2) (35 72 90) 23 (51 31 33 77 45 8 20) 11 (9 82 37 5) 74 (67 50) (32 6 40 21 78 7 54 38 17 80) 57 62 (34 75) 22 (28 73 25) 1 71 (83 70 61) 85 14
61: 49 (41 22 45 8) 78 (3 54 56) (82 23 87) (76 7 15 40) 19 (75 74) (72 57) (51 14) 34 (1 16) 50 (47 80) 90 (42 6 38 39) 70 (61 36) (20 65)
62: 11 (73 83) 49 (55 72 86 80 20 63 79 61 4 21 75) 76 (57 50 54 31 34 19 39) 35 25 (28 85) (70 33 64 1 17) 53 (84 38 7 22 23 56 2 74 82 62 6 77) (90 26) 3
63: 54 (76 38 16 56) 63 13 77 (6 40) 5 31 (3 11 48 88) (18 47) (72 84 57) (81 14) (71 67 90) 62 (78 2) (70 37) (64 19 82 1) 49 8 (51 7 45 66 21 23 53) 39 (26 22) 30 (86 50 28)
64: (56 40) 28 (30 53 82) (75 78) (23 54 8) (7 65) (15 39) 50 (20 73) (38 72 90) (86 14) (3 1) (84 2 70 74) (32 85 35 24 47) (11 45 6 71) (34 36) (63 26) 57 80 (59 88)
65: (14 26) (63 11 7) (4 32) (25 82 42 16 81) (40 54) 47 66 (8 17) (5 86 6) (38 62 2 29 20 72 57 15) (80 78 35 90 53 22) (67 28 34 21) 27 43 1 (23 49 76 3 39)
66: (84 3 53) 7 31 (8 35) (72 90 70 19 80 82 47 73 11 63 88) (54 25 23 20) 50 (78 83) 2 (21 37 15 39 14) (51 58) 67 (43 27 56 77 76 1 5) 36 (38 61)
67: (69 83) 50 (25 85) 71 40 76 73 (14 51) (31 90 63 3 7) (62 22 38) (1 67 26) (43 28) 65 74 (86 54 78 6 57 81 23 30 72 45) 21 (80 75 53) (11 56 15) 70
68: (54 62 88 84) 75 (22 1 36 50) (26 82) (25 77) (39 55 32 73 35 7 17 68 57) 74 70 56 (85 65) 23 45 72 83 2 (64 47 18 20) (3 46) (38 86) (90 28) 80 21 (53 34)
69: (30 90 26 23 51) 58 (45 6) 20 (53 76 19 10) (1 25 7) (28 57 83 50 17) 74 61 (77 81) (3 55) (80 35 78) (4 82 39 15) (56 72 65 62 42) 11 (22 34) 38 21 (2 86) 54 31
70: (1 64 80) 76 (90 42 82 58 35 54) (53 46 78) (30 7 62 51 57 6 39 3 67) (21 85 86 63) 50 (65 77 83) (2 72) (27 26) (56 23) 74 (31 73 38)
71: (85 15) (40 67 59 86 90 33 28 38 73 50 31 78 21 76 25 35 53 34) (39 19 82) 6 57 (65 8 7 26) 20 5 43 54 49 (56 11 3) (48 83 62 23 17 1 80) 2 72
72: (66 6 45 14) 83 (17 28) 65 (37 22) (53 35 51 29 86 2) (55 64 18) 88 (38 90) 54 (70 71 50 67 3 34) (73 56 36 72 78 68) (77 39) (1 11) (57 23) (75 62) (80 7 31 82 76 43) 63
73: 43 (3 50 47) 14 73 (40 7 86 76 26 6) (21 32 57) (20 22) 54 80 90 (78 75) (11 62 83 53) (34 1 8 30) 77 (56 39 72 35 71) (82 74) (70 28) 87
74: (22 45 90) (54 5) (43 47 63) 32 (85 87 70 51) (53 11) (38 65 20 57 74) (7 82 77 39) 78 80 (76 23 1 83) 4 (75 15) (36 69 49) (86 81 62 28) 34 3 (56 14) 72
75: 11 (86 35 73) (90 32) 77 (8 45) 68 82 (78 50) 14 83 38 (18 20 76 65) (51 6 36 28 42 15 9) 1 5 (47 71) (75 53 62 7 39 55 31) (57 49 63 23 48 56 3) 30 2 (74 72) 22 (80 54)
76: (69 72) (20 76 8 47 84 71) (83 23 10 17 7 88 38) (15 1 81 62 77) 28 39 (82 54) (31 26 14) 33 80 (53 56 5 42 70 74 90 22 57) 36 (30 21) (29 50 25) (45 3 85)
77: 80 (15 63) (57 85) (11 3 45 14 54 70 35) 21 (67 39 32 53 82 28) (79 49) (17 40) (20 22) (81 43 61 25 62 7) 83 (51 56) 1 (47 31 77 88 50) (72 34) 76 84 (78 64 38 18) 23
78: 72 (57 54) (1 2) (78 82) 73 (8 88) (75 70) 26 76 (14 49) 28 7 (61 65 40 51 21 43) 36 19 (86 15 83 11) (6 80) 77 (90 5) 38 (3 22) (39 32 45 35 42 50 56) 29
79: (70 82 74) (18 36 47 75 32) 73 26 (67 45 39 31) (21 35) (23 49 54) 14 11 (57 15) 62 (3 42 4 2 86 65) 53 (81 83 22 61 80) 5 (88 77) (90 50) (56 76) (29 72 1 69 38 34) (7 6)
80: (27 80 74 22) (26 8 75) (54 34 23 32) 56 (11 85 65) (70 50 36 25 77 43) (40 82 49) (72 47) 17 (5 83 6 38 53) (35 67 61 76 57 2 7) 63 (39 3 1) (51 30) (87 15) 31
81: (54 77) 35 32 (63 90 74 17 8) 5 53 82 (23 28 31) (14 40 38) 39 (71 6 3 65 47 7 72 70) (9 68 86) 84 (15 20) 56 50 (76 37) 34 (62 18) (67 1 80 26)
82: (28 34 26) 6 (62 8) (50 70 42 7 55 61) (4 11 45 3 77 57 21) (73 49 72 78 83 47 22) 43 (75 20) 1 (82 40 76 37 56) (23 54 64 90 81 14 80 38 63 51) (86 65)
83: 7 6 (53 67) (27 78 25 32 70 17 5) 46 (66 65 63) 47 90 (3 56) 23 (75 9 71 34 2 22 40) (50 26 72 8 28 57 61) (24 88 39 38) 73 (14 81) 20 (68 1 82 31 11 76) 80 21
84: (35 73) (38 84 72) (82 68 15) (8 57 41) 54 (17 51) (47 6 52 76) (34 26 83 62 75 36) (56 39 67 77) (9 11 45) 7 (90 24 78 80 30 23 3 86 53) 1 (14 50) 74 22 40
85: (78 45) (19 74) (81 20 75) (42 72) 50 23 56 (34 61 83 6) 8 54 53 62 (32 38 47 59 79 11) (52 28 35 22 18) (7 1 39) (77 57 80) (15 76 3 5 90 63 17 82 66 21)
86: 34 56 (38 23 4 65) (2 7 50) (90 17 25 74 53 75 20 11 88) (35 1 83 14 5 28 57 72) 84 73 3 (31 24 81 76 70) (26 9) 80 8 (32 82 21 6 62 22 54) 47
87: (23 7 75 88) (82 51 25) 17 54 (11 42 22 78 29) (80 28) (6 9 39 77 90 71 2 56 70 81 31 47) (76 40) 50 (43 57 53 72) (83 61 38) 45 (58 35) 26 3 (63 1)
88: (31 47 82) (53 26 83) (25 14 43 29) 8 (62 2 32) (15 28 77 80 40) 57 (74 23) (1 38 3) (76 50 71) (51 70 86 35 84 90 39) (7 73 64 49 54) 27 87 (75 36) (65 5 13) (22 42 72) (78 63) 9 6
89: (43 66 5 34 45 23) (3 15 54 74) 50 (70 59 31 79) (13 76 58 80) (81 73 65 71 26 51 38 40) (19 35 8 56) (27 72 57 20 84 47 90 39 82 11 86 53 28) (6 62 7 32) (22 25) 77 (1 36 55)
90: (43 34 20) (68 62 39 82 44) 18 (81 63) (50 23 64) (49 90) (36 2 28 19 83) 15 (67 47) 9 56 70 (6 14) (7 1) 60 (3 71 53 86 31 80 57 77) (75 58 65 54 72) (11 78 38 73)
