90 90
1: 87 77 9 90 49 25 22 85 12 52 48 39 36 45 40 42 55 18 63 35 31 10 11 2 24 71 66 28 41 37 65 27 7 6 57 79 19 61 34 1 78 20 33 74 54 30 62
2: 65 34 69 9 75 52 89 76 53 1 26 11 36 43 20 77 33 7 14 49 24 84 29 66
3: 9 53 88 87 22 10 67 72 58 38 21 41 50 57 45 66 59 76 36 51 18 64 86 52 73 49 17 5 12 84 83 40 63 32 56 70 74
4: 86 11 45 78 89 46 47 55 30 6 36 42 85 79 26 8 49 76 66 74 73 9 16 17 32 20 64 63 67 60 10 1 82 54 68 72 56 81 31 51 48 28 13 77 90 57 83 7 5 29 23 38 25 80 4 69 37 39 44 34 71 58 33 62 61 87 88 15 65 27 53 14 84 41 50 2 75 22 43 3 40 12
5: 3 50 31 76 10 63 32 1 33 78 57 12 58 61 69 80 79 42 71 83 84 40 38 65 26 34 51 68 9 14 39 82 18 25 49 16 75 28 45 87 67 72 4 70 15 36 44 53 27 5 13 30 74 73 86 89 48 41 77 55 8 7 59 11 43 35 21 23 24 54 81 60 88 37 6 46 17 19
6: 14 75 1 12 21 63 49 90 58 19 78 27 45 52 64 81 38 34 89 18 79 84 46 15 87 39 72 41 31 23 57 66 24 13 56 74 7 28 48 83 51 77 5 80 11 40 4 6 70 37 35 82
7: 49 55 40 1 7 52 48 41 39 83 5 58 10 11 18 87 82 77 27 89 65 53 60 4 61 75
8: 55 12 17 16 51 10 69 58 34 40 29 44 84 32 22 75 60 31 74 70 26 54 64 45 7 18 48 30 43 53 59 42 90 47 41 50 63 72 4 66
9: 50 75 76 9 58 7 48 31 57 34 26 23 67 18 44 6 35 86 1 87 27 22 39 82 79 28 8 71 12 78 61 54 29 84 2 55 72 68 5 37
10: 63 44 3 13 19 52 36 6 69 58 67 22 64 87 29 57 30 21 61 70 31 38 76 35 8 41 39 32 54 59 10 23 71 60 89 65 24 9 81 15 42 7 84 49 86 90 78 82 80 79 14 74 66 77
11: 1 5 25 54 13 68 26 24 81 66 85 75 69 29 44 21 7 31 51 45 41 39 8 83 3 49 28 30 63 12 57 77 50 37 56 6 34 33 62 20 16
12: 69 16 20 50 10 58 24 86 12 68 26 52 13 48 54 90 30 11 27 4 57 40 46 80 21 49 65 15 51 41 72 53 87 44 28 59 34 43 18 85 35 88 73 22 29 25 77 66 14 3 8 78 31 71 63 23 62 7 81 6 5 79 33 83 55 42 17 32 39 19 56 82 60 45 1 84 64 76 70 89 67 2 74 61 36
13: 34 11 89 77 75 45 6 54 55 25 19 20 5 37 18 69 71 57 22 7 59 8 67 78 27 56 10 28 4 79 36 17 24 46 53 70 9 21 38 58 41 65 81 16 66 80 29 62 14
14: 47 86 76 34 35 27 42 10 14 39 8 60 50 59 9 66 2 17 63 7 29 81 28 64 6 84 1 89 83 33 37 65 56 46 80 43 88 75 44 77 53 20 79 36 90 16 22 23 26 45 11 87 54 68 4 12 73 21 3 51 18 49 55 38 30 74 32 31 82 72 85 52 67
15: 49 65 80 82 63 25 30 70 85 43 29 83 84 67 5 47 42 34 68 90 2 81 76 24 69 71 41 8 31 33 28 45 32 89 37 36 9 3 15 26 40 35 13 23 18 54 27 62 6 72 1 39 86 17 14 74 53 56 88 58 12 73 4 11 79 20 38 52 77 46 55 57 59 61 87 22 10 50
16: 77 86 11 54 41 46 55 4 85 72 89 65 50 37 87 32 42 48 60 26 52 59 69 35 25 62 17 24 10 7 1 64 73 58 76 49
17: 32 13 12 70 50 57 14 73 43 63 89 83 84 78 7 86 23 30 88 68 60 61 76 41 4 58 2 29 39 8 1 54 40 24 16 45 34 66 90 17 22 25 35 77 18 31 85 21 55 59 47 15 27 37 20 19 75 33 82 56 71 80 11 36 87 72 69 74 38 51 62 9
18: 87 44 69 65 88
19: 9 6 48 60 1 10 65 34 19 62 81 4 64 63 79 42 2 18 16 86 44 69 87 57 68 52 3 66 85 25 40 58 33 74 17
20: 15 63 30 83 84 52 9 41 2 80 47 89 43 33 38 75 67 76 73 18 61 66 10 34 53 71 50 49 54 21 58 64 68 60 31 24 8 57 51 28 40 17 81 29 78 32 48 19 39 86 42 77 72 59 3 26 14 87 13 56 22 90 46 65 16 11 70 20 7 6 37 23 88 35 79 55 27 62 5 44 4
21: 12 18 22 71 24 62 28 43 69 29 70 37 15 67 20 27 45 46 33 61 85 73 31 13 17 9 66 14 41 74 47 83 16 60 76 35 87 40 23 11 50 89 80 36 39 79 6 57 3 42 8 88 32 78 52 68 84 65 48 51 4 49 82 77 1 64 58
22: 87 74 51 85
23: 86 87 52 30 50 69 79 37 85 2 63 13 83 62 90 51 4 22 58 68 81 42 75 70 15 56 6 36 11 39 60 5 54 12 20 34 18 61 25 16 84 29 80 33 82 9 3 41 73 40 35 89 65 17 57 64 21 38 10 71 44 49 1 72 26 24 77 78 19 76 31 88 46
24: 23 50 82 85 84 35 66 83 87 49 6 36 29 10 33 8 3 57 19 61 24 63 44 21 41 1 70 32 2 43 18 75 5 73 64 30 72 56 42 62
25: 9 52 90 31 43 69 53 24 22 86 70 27 56 21 44 40 60 57 82 2 20 74 48 75 6 67 85 28 50
26: 78 35 82 72 25 49 58 54 69 23 39 50 79 29 9 28 30
27: 77 63 56
28: 54 31 22 72 74 89 46 15 56 20 77 75 35 67 44 76 55 16 4 83 1 7 28 26 36 37 3 63 50 30 51 29 78 68 41 53 39 10 2 87 64 34 60 19 47 80
29: 64 67 88 29 42 56 14 16 69 75 45 6 79 83 36 1 72 22 18 11 39 19 80 78 59 4 12 90 35 48 2 5 58 65 50 25 76 82 46 8 43 81 87 40 26
30: 77 24 3 27 80 13 46 39 35 41 17 56 26 31 36 38 32 44 14 68 8 66 64 55 12 85 72 83 65 22 71 76 50 84 74 75 89 29 70 34 69 15 47 86 79 54 57 62 51 4 5 63 9 73 25 21 67 10 2 48 81 23 1 59 28 61 49 40 45 19 87 88 30 53 16 43 7 37 11 90 78 6 52 58 20 33 18 42 82 60
31: 9 15 33 1 85 84 83 87 73 62 47 70 66 12 22 45 13 23 71 20 78 65 63 46 61 7 11 18 75 17 6 76 28 39 35 77 29
32: 9 44 21 77 49 46 47 37 85 34 68 53 14 56 7 27 60 76 20 43 30 48 74 54 29 25 1 22 55 64 67 57 18 69 11 81 39 5 16 19 8 6 58 28 2 88 75 82 26 13 65 12 63 86 23 66 84 78 41 32 71 33 45 50 89 79 72 87 73 70 52 42 17 40 83 38 62 59 80 90 3
33: 3 2 89 15 73 70 13 5 43 36 77 30 22 9 80 69 18 34 40 56 32 1 24 29 83 47 25 8 65 38 85 19 27 62 39 20 4 44 48 68 58 33 79
34: 34 68 20 56 85 70 90 15 14 61 76 17 52 55 83 48 78 33 73 4 29 10 19 44 12 51 28 87 42 62 22 79 88 23 32 36 5 40 72 7 54 63 25
35: 1 86 59 83 72 7 36 28 8 44 34 53 87 55 11 33 76 4 19 37 70 10 31 22 90 89 6 29 3 85 56 18 45 43 12 25 57 30 13 35 50 32 38 58 9 88 16 27 39 65 79 26 42 80 15 46 77 64 41 54 82
36: 83 77 37 2 84 76 27 73 45 49 16 50 55 56
37: 7 62 27 66 23 88 41 57 48 61 44 65 81 55 38 87 33 76 32 78 86 36 53 9 14 21 2
38: 88 12 6 28 9 87 3 72 63 17 49 80 89 55 36 2 74 61 45 86 42 47 15 90 29 73 39 19 41 22 52 54 30 32 5 35 51 24 70 53 71 59 38 62 75 8 57 27
39: 10 31 22 58 4 77 23 25 40 28 32 20 55 62 29 76 5 42 16 6 35 79 41 37 39 63 84 67 80 44 14 66 82 57 8 53 90 34 18 73 49 30 89 75 81 65 71 2 33 27 88 13 12 19 54 56 70 52 36 86 59 1 47 21 78 83 72 69 38 48 60 11 74
40: 33
41: 1 49 35 52 61 28 62 17 74 66 18 42 88 32 3 36 51 27 68 39 30 37 72 48 44 70 54 22 63 64 2 78 79 53 13 45 55 19 7 76 89 71 67 82 59 5 21 90 77 8 85 6 29 34 50 87 86 81 46 16 11 57 43 9 47 73 83 20 10 15 69 26 40 12 23 80 4 58 75 25 31 60 38 56 33 24 65
42: 4 51 41 42 59 52 78 67 68 39 87 64 16 13 35 17 1 7 22 31 82 58 30 43 19 20 81 23 73 83 6 3 53 44 2 75 12 76 47 18 80 55 63 40 21 54 29 37 27 38 8 84 56 72 85 14 50 9 49 34 45 10 46
43: 54 81 88 17 63 32 31 61 37 67 80 35 58 50 86 2 20 41 72 76 4 82 69 28 19 74 24 48 78 40
44: 42 73 77 47
45: 17 90 67 27 66 7 82 69 65 41 59 63 60 39 64 70 5 31 87 9 3 58 29 68 50 10 62 49 14 79 19 35 85 26 44 25 53 15 38 83 72 16 34 75 43 52 6
46: 6 23 84 82 63 64 32 65 21 56 41 13 36 4 79 25 48 59 81 40 15 9 39 71 74 19 24 31 47 85 14 75 87 61 26 80 11 83 69 66 67 29 51 45 42 17 12 73 55 30 35 2 89 28 88 16 5 58 49 22 62 50 10 72 78 52 20 7 68 90 27 57 8 34 76 33 43 18 1
47: 21 70 32 55 5 65 20 38 11 36 75 10 53 80 29 22 62 90 31 64 87 54 8 19 82 44 40 71 7 61 79 68 50
48: 26 59 21 1 11 38 80 7 19 84 44 77 37 4 57 15 83 53
49: 8 80 65 69 7 48 50 86 1 42 40 81 18 45 5 47 31 88 11 19 54 46 90 51 12 84 70 28 76 9 60 41
50: 43 51 24 58 27 86 35 29 46 42 73 9 82 7 54 22 72 69 77 15
51: 86 87 83 45 53 25 54 10 82 7 77 30 42 62 64 52 56 59 21 88 28 1 69 40 39 31 76 84 55
52: 63 67 68 6 16 46 78 32 80 76 8 39 83 71 7 38 58 29 24 30 73 22 11 15 54 86 62 85 14 36 69 77
53: 2 18 35 73
54: 85 80 77 47 83 82 44 33 49 42 30 22 62 88 75 54 18 81 2 1 46 48 89 78 79 36 13 10 73 31 43 86 76 57 74 37 64 50 21 40 16 8 58 65 68 35 34 63 17 3 60 23 9 7 6 14 4 71 53 5 52 32 55 66 25 56 70 38 45 19 39 20 26 87 12 90 41 28 27 84 51 59 24 11 67
55: 18 31 16 87 5 25 67 21 85 80 46 57 19 36 74 9 1 14 88 44 3 29 83 65 79 89 2 78 37 71 84 63 68 6 11 34 60 76 66 41 22 75 47 58 48 32 54 53 7 13 49 61 64 40 38
56: 47 59 33 72 35 16 11 51 66 37 34 19 83 77 3 43 54
57: 53 13 34 89 5 57 59 44 56 14 7 81 77 90 8 70 6 72 2 42 64 35 28 22 24 86 79 61 65 87 15 68 74 39 76 1 30 75
58: 5 76 8 18 79 23 81 26 50 6 68 28 58 62 65 44 38 56 30 64 16 43 53 29 47 59 85 39 57 42 35 20 49 1 80 24 37 83 34 14 51 2 90 84 13 67 9 25 88 74 4 27 21 19 69 48 77 54 45
59: 37 78 32 61 25 3 1 24 46 43 86 60 44 4 48 10 9 36 13 50 35 81 77 58 27 28
60: 49 29 28 86 7 8 22 54 71 50 13 6 82 48 17 85 42 24 59 27 34 26 70 53 67 43 32 44 23 66 40 47 65 88 25 72
61: 16 39 46 13 56 84 70 55 85 87 9 15 35 81 5 66 36 12 65 6 17 1 78 67 8 11 30 80 48 60 73 43 14 63 57 22 71 58 83 50 32 37 27 74 61 69 40 54 34 51
62: 26 76 71 30 47 88 53 84 41 32 17 65 34 63 74 86 45 14 25 39 49 51 31 2 12 35 52 6 5 83 56 70 73 57 33 37 54 55 20 15 3 85 89 72 13 67 16 42 66 62 9 43 23 19 28 64 75 29 48 46 80 68 77 4 79
63: 51 29 37 43 33 83 21 18 4 88 74 38 58 26 70 65 57 13 10 16 17 78 69 90 7 60 54 75 76 82 84 47 11 72 40 52 41 87 45 50 31 34 39 85 5 14 56 27 1 9 48 8 89 73 79 53 35 15 77 12 23 32 55 25 44 28 46 86 22 61 6 67 64 80 24 63 49 66 71 3
64: 82 59 71 46 64 2 51 13 50 55 62 58 66 20 85 47 75 6 10 9 89
65: 37 78 90 81 30 20 11 73 17 38 68 9 27 61 62 77 70 60 13 48 67 46 56 31 79 25 69 66 21 8 75 41 50 16
66: 82 83 17 69 18 57 6 71 62
67: 51 31 74 60 7 26 61 83 81 68 25 29 4 39 8 42 85 22 9 19 44 5 71 54 15 87 24 23 47 63 12 82 84 86 57 27 45 64 70 32 65 35 3 49 76 34 30 41 33 90 37 43 13 17 78 53 28 1 16 48 2 11 72 73 56 46 80 77 20 89 36 6 14 55 59 58 52 21
68: 27 1 50 36 28 69 17 40 60 64 51 37 63 41 87 45 47 86 73 46 78 75 55 70 58 76 79 8 11 6 85 71 16 48 3 19 14 67 32 20 31 65 35 61 13 44 43 80 4 49 10 66 2 38 5 23 68 53 21 59 12 42 15 57 24 81 22 56 34 84 54 39 25 89 90 72 18 33
69: 44 78 28 76 62 40 50 2 17
70: 4 67 79 19 37 88 12 82 35 17 31 68 64 51 49 69 56 86 13 21 65 23 6 39 81 1 66 84 26 25 74 32 70 73 77 42 18 16 59 22 78 48 61 54 33 40 29 30 7 53 80 11 8 52
71: 41 90 54 31 46 19 59 6 45 43 10 56 21 17 78 58 37 2 23 42 52 7 44 88 47 32 80 55 84 49 86 82 89 33 11 79 73 4 25 36 28
72: 5 24 12 11 32 66 31 1 45 43 34 29 89 74 78 30 67 81
73: 25 42 34 46 68 18 20 81 69 31 5 32 87 56 77 60 53 3 79 58 28 19 12 17 7
74: 27 32 3 55 46 19 67 79 54 87 52 24 16 28 39 36 58 89 90 35 69 47 65 14 4 53 42 2
75: 12 80 46 28 49 77 34 41 5 15 71 70 65 23 90 29 50
76: 28 22 59 1 53 12 72 78 4 70 74 90 39 77 13 36 88 8 6 27 21 29 73 66 52 18 63 37 32 5 56 68 89 2 40 43 84 55 71 35 60 9 76 58 33 15 83 61 67 11 34 38 24 10 7 80 30 31 47 86 14 64 75 3 16 20 17 44 25 46 49 42 57 87
77: 27 76 67 40 78 53 50 47 31 51 56 24 35 18 62 89 71 22 38 72 19 81 15 10 69 59 54 87 44 85 32 70 77 9 28 16 25 11 55 42 83 12 26 52 82 29 65 68 14 90 5 64
78: 52 28 18 73 51 31 21 77 54 60 35 37 39 14 36 44 56 89 29 59 46 83 45 26 66 65 9
79: 90 41 33 22 64 81 31 24 60 42 25 18 19 44 4 58 66 43 49 29 52 54 12 16 72 28 21 71 56 51 70 50 74 13 53 15 6 55 26 89 5 73 47 9 88 61 69 23 86 57 85 35 3 39 46
80: 89 67 18 19 73 62
81: 61 69 38 49 35 39 72 6 7 86 80 51 8 21 41 89 18 54 15 14 45 52 28 84 24 47 48 85 83 53
82: 59 83 21 73 64 40 67 87 4 60 27 39 71 68 89 12 81 17 57 88 80 55 61 11 25 23 77 82 86 38 33 47 85 44 52 49 29 8 45 51 48 22 3 36 62 74 79 26 16 42 28 69 20 6 46 53 66 41 14 32 9 18 31 37 72 78 54 2 75 30 50 76 10 90 56 58 13
83: 11 48 72 73 79 56 7 24 27 85 17 30 62 12 29 66 43 25 82 23 20 58 77 81 47 71 19 44 41 65 59 35 4 39 32 87 28 61 57 69 13 26 45 76 36 33 84 10 55 18 3 21 31 68 2 63 16 46 89 1 50 49 52 40 80 74 38 22 51 67
84: 80 68 90 76 22 9 81 67 37 2 16 1 64 32 17 15 39 29 53 54 66 42 86 5 79 11 45 7 3 71 46 78 89 61 50 24 88 75
85: 66 50 38 3 47 72 59 14 11 32 77 30 44 64 8 15 27 70 69 49 33 36 12 52 43 63 13 51 6 53 67 41 79 40 21 2 29 23 42 81 68 19 5 55 78 60 10 61 20 16 83 74 46 37 22 76 89 18 39 48 65 58 31 1 80 75 86 34 9 45 54 35 73 85 17 71 56 84 62 82 26 57 28 25 24 4 7 90
86: 67 5 21 83 30 4 12 11 71 40 57 17 8 66 13 81 58 51 37
87: 46 53 65 72 82 85 16 4 47 26 50 74 79 9 27 58 60 30 69 87 33 23 68 88 75 19 89 1 36 56 59 17 6 73 67 42 31 78 18 64 43
88: 29 55 86 75 57 79 72 14 84 11 45 53 43 7 61 64 30 67 32 49 9 58 35 10 81 82 62 18 39 74 13 47 48 12 83 73 65 4 37 87 5 23 77 89 38 24 19 46 68 17 1 50 66 59 88 52 2 21 60 26 41 20 3 69 90 6
89: 71 8 60 37 55 5 2 20 17 73 1 38 33 69 85 10 36 45 49 11 28 12 74 90 40 47 52 32 66 75 84 23 70 65 68 50 18 7 3 46 14 34 39 27 63 53 77 13 72 64 58 25 30 24 19 80 86 62
90: 33 27 11 84 75 72 56 51 67 4 82 74 59 66 78 31 57 20 15 36 2 89 44 90 54 17 26 1 8 21 32 14 65 48 12 19 76 83 63 22 24 42 73 40 3 9 18 87 34 62 81 60 35 50 49 10 43
1: 42 (6 1 9 19 14 29 83) 35 (63 11 68) 70 (49 16) (51 76) (84 32) (87 46) 48 (7 5 90 72 33) 88 15 (12 55 28) (21 89 17) (41 39) (2 54 85) (23 30 59) 24 (57 31 58) (61 4 67)
2: (58 64) 53 (36 55) (62 17 12 39 43) (76 19 67) 71 (28 30 88) (54 42) 9 (83 84 23) 33 (46 69 14 85 90) 57 (1 89 38 37) (74 20 29 41) 32 (4 68 15 82 25 24)
3: 21 (4 28) 14 (73 56 79 41 32 45) 67 89 42 90 (19 88 38) (10 84) (11 59 68) (83 76) 55 (74 15) (24 62) 5 30 20 (12 23) 82 (63 85 35 33) 54
4: (4 35 43 87 58) (12 70 30) (19 86) 67 (23 74 59) 8 (6 13 76 79) (16 41 90) 21 (17 39) (7 20) 63 (85 42 33 15) (46 54 29 14) 62 (5 71 48 34) 68 (88 28 82) 83
5: (15 55) (76 41 84 85 67 77) (62 32) (9 58 3 23 68) (12 7 33 4) (39 20) (89 75 61 13) (72 86 73 6) (57 63 79 46) (54 38 29) (11 24) (49 34 88 30) 47 (45 5)
6: 81 (30 70) 20 (23 10 14 58 31 1) 87 55 (35 60 66) (52 88 12) (25 71) 82 (85 24) 6 (67 5 79 54 32) (9 68 45) (61 11) (4 64 46 76 41) 13 (42 57) 15 19 (63 38) (39 62 29) 21
7: 54 (8 11) (14 28 55 83 70) 76 48 (5 84 60) (1 51 6 63) (7 12 35) 67 4 (57 2 32) (10 89) 34 (88 30) (31 49 52 85 81 50) 42 73 (47 37 71 16) (46 41 17 9 45 13) 20
8: (39 61) 86 (52 70 9 68 10 33 89 54 81 32 85 47 12 24) 4 (63 20) (60 67 46) (57 65 49 29) (76 42 13 35) (38 30) (5 82 21 90 14) 58 17 11 (15 41)
9: (19 59 61) 67 87 (37 35 64) (88 46 41) (55 63) (76 54 23) 13 9 (79 49 5) (17 1 50) (45 15 31) (84 30 20 2 77) 85 (78 58 26) (25 33) (90 42 82 3) (38 32 65) (4 62 21) (14 10)
10: (16 71) 47 (24 34) 59 90 83 (39 64 20 10 88) (45 5 8 42 63) 14 15 (35 54 1) (77 12) (76 4 85 68) 89 41 3 28 13 (46 30 19 23) (82 51 7)
11: 35 (7 48) (76 84 23 1 31 21 47) (77 49 86 17 63) (30 39 88 83) (20 54 2 16) (6 90) (89 13 82) 55 (15 5 85 14) 29 (12 4 52 46 71) 70 (67 72 65) (56 61 41 32 68)
12: (76 31) (6 72 9) 5 (29 67) (23 12) (90 21 38) (54 83) 35 (8 75 14 46) 63 (70 88 3 49) (39 85 73 42 30 17) (77 62) 32 (11 79) (1 89 86 61) (15 68) (82 4 34 41)
13: 54 57 (58 11 46 30) (89 60) 5 (68 32 61) (82 65 86) 4 (70 33 21 88 39) 67 59 (76 35 6) 85 (10 64 23) (42 31 62 83 63 17 79 12 15 41) (20 55)
14: 37 90 88 63 (55 85 5 30 29 81 76) 45 10 68 67 2 (54 20) (32 78) (57 15 77 62) (34 6) 42 (74 89 21 17) (52 58 14 82 39) (12 46) 13 4 61
15: (30 38) (34 6 48) (46 41) 84 (35 77) 79 (45 50 23 76) 4 (17 81) 90 75 (61 57) (85 28 10 21 15) (12 5) 63 (33 31) (20 67) (52 68) 62
16: (5 63 68 41 56 19 55 29 20) 82 (12 32 21 23 11 70) (62 30 17 76) (58 8) (61 83) (46 67 13 35 28 54 39 84 14 45 65 42) (87 85) 4 (77 52) 74 (79 36)
17: (68 90 66 69) (61 34) (23 30 43 14 87 76 46 13 31 63 88 84 42 21 45) (20 85 70 73) (19 89 5) (12 82 15 41) 83 (86 60 54) (16 8) (67 32 4 3) (71 62 17) (65 38)
18: 81 35 7 17 (73 29 90 70 66 41 78 32 30) (80 9 79) (12 87) (5 76 15) (54 39 63 33 83 82 31 77 3) (68 49 23) (89 88) 42 (24 20 19 14 13 53) 55 (21 58) (46 6 8 85) 1
19: (10 89) (88 33 43) 71 (42 19) (17 73 28) 54 (46 35 41) 48 (32 83 30 58 23) (6 45 68 87) (47 49 1) (55 12) (13 24 62) 67 (39 77 90 74 56 80 20 5 29) 38 (79 85 70 34)
20: 76 (15 34 54 23 65) (25 73 20 42 82) (4 17 39 64) (1 85 28 46 43) 21 14 68 47 30 90 (13 32) (12 58) 11 33 (31 89) 62 41 2 67 88 83
21: (25 68) (85 41) 13 (70 81 47 39 83 37 88) (63 67) 76 (42 17 54) (46 58) 24 (30 14 3 79 48 20) (55 86 12) (6 11 65 23 32) (78 10) 90 (71 82 5 51)
22: (34 55) (82 41 52) (31 67 8 28 54) (84 47 76) (63 14) (39 32 85 38) 77 79 (70 33 9 57 15) (17 20) (29 60) (25 50 13 4) (1 90 46) (21 30) (23 3 61) (10 12 42 68 83) 35
23: 31 26 58 82 (12 71) (68 70 30 46 79 34) (63 14 62) 15 (21 10) (24 39) (60 88) (54 6 83 20) (89 9 5 32 67 37) 42 75 (41 4 17) 85 87
24: (5 15) (43 60) (58 21) 1 12 (52 23) 16 76 13 (90 46) 25 10 (41 79) 59 (68 81) 2 (57 38 6) 85 30 88 20 83 (50 24) (72 67) (17 33) (77 63 74 11 84) (54 89)
25: (83 26 23) 5 19 13 41 (77 32 67) 73 17 (58 76 54) (39 12 79) 62 16 (63 1) 15 (11 82 89) 85 33 (51 65) (4 68 55) 35 (59 60 71) (46 30 45) (70 29) 34
26: (5 15) 77 (45 16 78 41 67 2 46 79 83) 70 12 29 9 (90 63 58) (14 54) 60 8 11 (32 88) (62 28) 48 (20 85 87 82 35 4 23) 30
27: 38 (30 32) (82 21 9 41) 39 (77 13 12 7 89 25 83 15 14 45) 1 (50 74) (90 20) (85 60 6) (65 68 87) 67 63 (42 37 36) (46 4 61) (5 54 17 58 76 35) (33 59)
28: (57 32) 38 (5 69 59 4 31 60 51) (58 15 11) (73 62 68) (77 6 39 12 81 54 63) 28 (20 35) 13 67 (34 25) (89 1) 30 74 (82 71 49 83 76 46) 79 14 78 (26 21) 41 75 (43 85) 9
29: (70 62 35) (88 50) (72 12) 20 (29 45) 38 (82 11 75 77 13 67) (21 85) (39 17 4) 58 (84 32 30 24 78) (46 28) (55 2 83 41 8) (33 76 14) (42 23 31) (34 47) 15 (60 10) (63 52 9) (26 79)
30: 57 (20 62) 5 (87 12) (15 11) (30 52 41 17) (1 39 14 70) 28 23 (67 88 76 65 26 46 10) 85 (83 42) 54 (89 51 8 35) (4 72 58 24 82) 33 38 (86 61 32)
31: (54 21) 10 (20 77) 8 (5 46) (67 11 47 78) (87 90) (6 72) (15 79) (62 43 35 45) (65 85) (17 23 63 76 42) 30 (70 82 68) (55 83 25) 4 1 (73 28 49 51) (14 39) 12 9 71 41
32: (63 20 61 70) 46 (10 62) (84 43 55) (30 24) 89 3 60 82 68 35 (74 67 54) (5 39 37 85 47 15 38 41 72) (34 90 59 88 16) 12 (17 14) (33 32) 83 73 (52 8 4 76) 71 21 77
33: (15 54) (11 70) 24 4 85 (46 40) (68 21 89) 62 (20 14) (39 1 56 41 31 12 5 19 82) (32 76 2 17) (71 37) 63 (87 34) 67 83 23 30 79 (90 35 33)
34: 63 9 (56 34 76 33) 6 (60 72 12 15 11 28 89) (20 4 8 55 68 39 54 85) (32 58 46 2 1) 61 (45 19) 13 (23 67 62) 5 (42 30 75 35) 73 17 (14 57 90 41)
35: (38 59 21 76 43 50) 67 (68 78 83 70 16 79 85) (45 26 90 42) (1 28) 88 (29 46) (63 31 62 81 30 12) (10 35 58 61 24 54) (15 23) (20 56) (77 53 57 14) (6 39 74) 9 41 (17 5)
36: 90 33 55 24 (29 61 82) 87 4 (21 59) (68 35) 14 34 23 (13 78 1 83 47) (89 30 67) (17 37 74 2) (3 10 76 12 28) 46 5 71 38 39 (15 41) 52 (54 85)
37: (58 39 28 86 65 70 4 88) 20 (15 78 13 84 54 42 21 82 68 61 30) (41 55) (67 48) 23 (17 35) (89 5) 14 (63 71 36) (56 43 85 32) (1 59 6) (76 11 62 9) 16
38: 41 (42 83 85 4 6 55 38) 20 (3 30 14 68 76 10) (89 48 33 63 81 65 52 17 39) (15 47 23 32) (13 35 54 77 58 37) 5 88 (82 45)
39: (11 10 85 31) (83 6 5) 12 (79 74 14 63) 21 15 (41 28 89) (32 4 82 58 26 81 45) (67 33 88) 1 (38 42) (84 76 17) 46 68 57 (70 52) (61 39 23 62 30) 29 (7 51 78 20 54) 35 9
40: (19 21 34 82 49) (1 47 77) (68 89 8) (86 30) (7 83) (76 4 3 39) 23 69 (54 12 55 32 15 90) (25 61) (20 41) (63 5) (6 70 51 42) (85 33 46 29 43 17 60)
41: 24 (85 42) 35 55 (11 37 6 28 75) (67 30 83) 62 46 (38 32 43) (21 79 10 17 12) 68 3 16 (8 82 5) (1 23) (65 81 54 15) 4 45 (88 63 71 39 49 13) 20 7
42: (8 46) 44 (4 82) 34 (71 90 68) 42 (35 79 15 20 77 57 14 38) 60 (39 51) 49 (29 32 5 19) 70 (1 10 58 54 74 12 73 21 16) (24 30 85) (76 67 62 41 50 84 23) 87
43: 62 45 68 (17 56 79 15) (61 30 83) (71 20) 42 (60 25 12) (90 59 63) (72 50) 33 (32 24) 29 35 67 (58 88) (21 41 87) 5 (54 85 46 76) 14 (4 2 8)
44: (85 71) (45 35 10 41) 47 69 (59 54 25) 68 (8 60 19 5) (83 30) 76 32 90 (67 24 48 9 39 20) (78 63 79 34 57) (82 77 14) 42 (55 18) (58 11 33 28 23) (37 12) 4
45: 35 (88 85 62) (81 15) (36 1 78) 17 38 (46 51) (5 49 83) (32 29 6 3) 11 (30 67 84) (31 41 21) (54 63) (12 14 89) (13 58) (8 4) (71 82 68) 72 42
46: 49 (29 30 74) (59 62) 63 (68 88 16 5) 71 (50 6 83 42 35) 84 (54 73) 85 (4 41 20 28) (32 67) 76 (21 89 14 13 12 55 65) 31 (15 52 23 79 61) (87 75 82 78 64)
47: (30 87 31) (39 82 21 88 62) 42 (63 32 76 17) (15 60) 54 (56 55 14) 49 38 79 8 28 (74 46) 83 4 64 33 (44 85 71) (58 81 89 41 77 68 67 20)
48: 46 (5 81 4 82) (16 59) (30 83) (61 43 39 58) 8 (49 33 55 32 7) 37 60 54 9 65 (29 1 70 41 62) (90 68) 6 (63 85 21 19 20) (88 34) (67 25 12)
49: (71 42) (88 82 15 62 60) (83 7 6 16) (41 58 30 23 81) 89 (90 32) (54 70) (67 79) (14 2) 21 24 (68 38 3) (85 4 46) (26 63 20) (1 39 5 36) 10 (45 75 12) (76 55 11)
50: (28 49 14) (79 61 54 46 36 42 11 87 59) (21 45) (65 82 43 88) (20 32) 83 (9 25 84 63 64 60) 35 85 (26 8) (29 5) (15 75 69) (30 12 68 89 4 90) 77 (23 58 41) (17 3) 24 (47 16)
51: 61 49 22 14 (83 12) (58 78 21 42 4 79 11) 50 77 46 81 63 34 (6 30) (54 20 62 67) (23 70 28) (90 68 38) 3 5 8 41 85 17 86 (82 56) 64
52: (12 16 6) 25 (21 76 83) (89 81) (71 45) 23 (42 77) (2 20 7 78 79 30) (3 19 14) 88 38 82 74 (51 63) 70 46 (39 15) 41 (10 1 54 62 67 32 85) 34
53: (70 82 68) 79 13 76 60 2 35 14 (42 38) (84 32 55 15) (7 54 63 8 58) 85 (57 37) (3 47) (88 28) (41 62 81 39) (20 48) (89 67 74 25 12) 5 (77 51) (45 4 87 30 73)
54: (23 28) 68 (84 43 34 71 13) 5 (15 10) 32 (56 16 8 14 39) 51 (79 85) (63 47) 54 (61 55) (9 67) 52 (62 74) (49 35 41 77) 11 70 12 60 58 38 90 (1 26) (81 4) 50 (78 17) (42 30 82 20)
55: (7 47 79 46) 35 (82 71) (61 5 34 30 76 41 37 51 85 62) (17 14) (13 20) (12 38 9 89 4) (42 36 88) (68 32) 74 (39 15) (1 28 77 64) 54 (83 63) (8 16 67)
56: 82 41 28 (42 90) 11 (25 63) 23 (57 36 20 27) (17 79) 32 (67 58 33) 35 (71 78) (76 24) (12 77 70) 13 6 (68 46 15) 29 (39 83) (3 73 4) (30 87) 14 61 (62 65 34 85 54 51)
57: 76 (46 83 32 58 11) 24 (61 6 23) (15 55 4) (82 90 41 54 57 19) 20 48 3 79 30 (35 25 88) (68 1) (63 5 39 62) 17 86 (21 9) (13 38) 12 (85 10 37 67) 66
58: 68 (3 9) (33 8 4 52) (16 35) (79 20 74) (64 19) 39 (73 85 58 23 32 71 54) 17 (43 26 87) 59 (67 76 15 82 6 63 12 55 88 13) (29 41) (46 83) 10 50 (7 89 21) 45 (42 61 86) 30 5
59: (90 57 42) 87 (82 76 70 56) (58 15 5 8 16 32) (3 45 12 67 48 46 38) (77 60) 29 (20 78 10) 14 (54 41) 13 88 (35 83 64 68) 51 39 (30 17) (71 85)
60: 65 (45 28) 8 (12 4 30) 20 (68 49 39 87) 88 21 (89 73 59) (55 32) 90 85 (61 79 82 5 41) 16 23 (17 14 67 7 54 63) (78 10 76 25 19)
61: (41 57) 70 68 (88 79 59 24) (30 82) (37 85) (31 17) 76 (67 43) 23 (7 65) (10 83 21) (12 81) 34 (4 63) 15 (84 1 38 61 47) (46 9 20 5) 55
62: (62 21) 4 (20 19) (83 33 88 85 82 90 46 66) (47 34 69) (80 31 58) (54 45 13 11 24 23 37) 32 (51 65) (77 12) (15 89) (17 41 64 30) (52 39 1 16) 38
63: (55 67 19) (3 28) 30 (52 14 23 61) (24 45 38 5) (15 32 62 11 76 54 1 83) (10 8 42 46 39 43 17) (68 89 6) (90 4 63 20 34 27) 41 12 (31 85)
64: (85 46 19) (62 45 3 67) 41 (70 28 63) (8 82) 14 (76 21 24 23 6) 32 16 (58 42 20) 89 (77 10 57 4 29 47 51 68) (35 87) (12 55) 64 (54 88) (30 84 79)
65: 57 (7 33 68) (75 39) (35 89) (32 5 21 54) (23 13 15 41 85) 31 (63 77) 30 (83 16) 46 (12 10 74 55 19 1) 90 62 (47 14) (58 70) 78 87 (60 29 4 37 18 61 45) (67 49 88 2 20)
66: (46 60 82 78) 4 (55 14) 32 (61 21) 12 (72 62 17) 6 85 (83 89 84 45 31 70 79 13) 20 64 24 (39 41 65 8) 86 56 (2 11 68 30 63) 90 (37 88 76) (10 1 19) 54 3
67: 84 55 (74 72) 39 68 (80 29 62) (76 70 20 42 82 65 41) 4 (43 30) 88 60 (63 77) (46 58 83 9) 10 15 3 21 (90 13 12) (61 54 86) (85 5 14 28) (25 87 45 32 52)
68: (32 5 28 33) 87 (52 15 42 89) (34 77 19) 46 (41 82) (73 70 84 55) (76 57 62 85) 83 17 (54 30 11 65) 67 (12 23 47) 21 58 (4 68 88) (14 9 20 45)
69: (73 30) 49 (85 77 19 43 29) 13 (41 82) (61 65 33) 79 25 23 (11 63 5 26) (50 17) (66 32) (18 15) (74 45 88) 46 (83 39 52 58) (89 2 81) 12 16 (87 68 8) 4 (10 70) (51 21)
70: (13 30) 68 (12 8 24 47) (33 61 20 54 45) (70 6 21) (62 85) (75 57) 76 79 (23 31) (89 65 34 35 63 5) 49 (15 41 67) (38 39) (60 25 3) 17 (77 10) 32
71: (66 39 61 85) (55 60) (13 54) 4 64 (82 23 46) (32 84 1) (38 67 63 17 47 15 83) (31 41) 86 89 12 (20 21 75 5 52) (68 30 62 9) 77 79 (76 10)
72: 56 (28 42 41 38 8 20 45 29 26 39 32 67 30 6) (43 77 34) (5 15 9) (24 82) (60 14 16 46 35) (79 81 17 62 89) (87 4) 63 23 (3 76 90 83 50 85) 12 57 (88 68)
73: 52 (53 61 30 76) (79 90 33) (17 12 62) 83 16 (14 42 20) 68 (89 23) (21 39 15 80) 82 (36 24 3) (34 67 5 31 65 41) (63 38) 32 44 (70 50) (46 85 4 54) 87 71 (88 78)
74: (57 89) 43 (10 5 8 1) 54 82 30 (79 14 83 19) 32 63 90 87 (28 70) 17 (4 55 46) 41 (88 6 21) 39 (12 3) (62 76) 25 22 (67 72 38 58) (15 61 85)
75: (55 39) (90 38) (87 30 28 23 45 11 6) 62 (88 64 9 82 31) 24 32 41 29 (84 57 89 25 5) (76 13 2 47) (65 54 8) (42 14 63 20 46 4 17) (7 85 68)
76: (62 76) (5 68 14 36 3 4) (37 52) 43 51 (23 46) 69 57 9 (55 77 16 34 17 63) 42 (58 35) (21 67) 30 (2 12) (84 83 39) 85 32 (20 54) 28 10 82 49 (15 31 41 29) 90
77: (31 59 63) (56 28 58) 89 (75 13 70 27 7 5 14 12) (11 41 57 36 16 78 32) 82 (88 33) (30 35 85) (62 17) (21 83 73 76) 1 (10 23 44 2 6) (48 65 52 51 67) (39 50 20 54) (77 4) 15
78: 1 72 (28 55 42 31 23 39) (90 65 34 70) 9 (52 5 82) (68 87) (13 37 29 76) (84 46 67) (21 41 77 61 17) 20 4 (69 43) 26 30 12 (71 85 59) (10 6 63 54 32)
79: (71 32) 84 (82 9 34) (5 6) 47 (73 65) (13 70 1 55) (57 88) 68 (26 63 4) (12 14 19 35 62 85 41 54) (83 45 39 46 15 87 29 58 23) (10 30 21) (33 74) 20
80: 30 (12 6 33 28) (13 43 14) 20 (23 4) 29 75 (68 38) 70 89 21 62 (41 83) 49 39 (10 82 81 32 42 46 15) (58 84 54 52 17) (67 47 5 48) 71 55 76 85 63 (35 61)
81: 86 79 (19 84 68) (20 88) (73 43) (77 54) (15 72) 70 (67 90) (30 13) 11 5 (29 10 61 58 41) (4 57 12 49 32 23 46 65 82 85) (59 37 83) 42 14 6 39
82: (51 32 12 35) 21 (77 5 14 6 26 42) 70 (30 24 87) (41 47 66) (60 10) (85 67 39) 71 88 (29 46 9 4 90) (25 15 43) (7 17 64 50) (82 63 23 54 45 83)
83: 33 66 28 (4 88) 7 (36 82 51) 30 52 (76 29 61 3 90) 54 (45 63 6 55) 11 (17 15 48) (85 14) (5 62 24 32) (39 56) (86 35) (67 21 20 42 34) 77 (23 41 46 81) (58 12) (31 78)
84: (5 63 39 51 61 46) (20 83) 81 (54 15 89 12 71 85 3 23) 90 (36 70 62) (8 6 14) (76 88 68 24 48) (42 31 2) (32 67 30) 9 58 (55 4) (10 17 21 49)
85: (12 25 15 45 32 85 19 81 61 68 17 82) 46 23 (33 52 14) (34 77 30 58) (67 22 63 62) (87 89 35) (42 64 11 55 24) (54 79 83 1 21 31 60) 4 41 16
86: (70 14 25 23 89) 32 43 (85 16 30) (52 15) (20 19 84) (76 67 51 62) 41 (38 57) 5 (71 49) 81 (68 3) (59 50 17 10 37) 39 (63 9) (4 54 35 12 82) 88 79 60
87: (9 55) 47 (82 24 30 14) (77 20 18 63 12) (90 31 88) (57 68) 16 46 67 7 (74 21) (23 35 42 19) (22 3 87) (41 10 61) 76 73 (51 15) (5 28 29 32 37 45 6 83 17) 4 (34 38) 54 1
88: (54 79) (84 70 71) (35 63 82 62 15) (55 32) 34 (37 60 41 87) (21 46 12 18) 4 76 (58 23 5 51 88 17 14 39) (3 49 29 43 38) 20 30
89: (64 2 74) 10 (67 55) (77 13) (57 7 81 87 54) (63 12 4) (84 17) 83 (85 35 32 79) (71 68 16 78 90 6 80 14 30 82 41) (33 21 5 28 72 15) 46 (20 39 88 62 23 76) 38
90: 1 58 (39 15 30) 46 89 76 (63 90) (17 35 8 34 74 85 79 65 47) (25 41) 29 (68 6) (54 32 82) (88 10 67 71 75) (57 12) (49 23 14 20 84 38 77 4 45)
