90 90
1: 70 2 53 64 43 30 59 56 54 63 90 81 31 48 69 65 85 29 84 60 28 55 5 35 67 14 44 22 86 9 24 66 50 15 76 39
2: 27 32 30 9 18 90 52 86 85 44 56 71 38 58 15 61 31 11 13 40 63 81 78 57 33 50 89 67 46 72 4 34 55 49 23 66 14 19 3 39 53 37 24 64 16 84 8 42 43 41 7 54 60 5 26 83 82 20 1 88 45 59 17 65 77 10 69 70 29 51 12 75 6 22 74 48 76 73 28 25 36 68 80 62 21 2 87 47 79
3: 42 20 62 45 1 35 13 26 83 12 44 87 4 11 79 16 6 25 32 17 46 81 73 72
4: 44 26 39 29 53 64 34 8 86 43 6 33 38 59 15 85 7 48 25 81 24 63 56 19 69 9 35 89 4 72 47 1 37 79 60 45 2 88 50 46 65 52 40 12 11 58 87 21 66 51 13 17 57 27 3 14 70 42 22 18 77 5 75 55 67 82 76 62 73 61 80 90 31 54 71 23 36 68
5: 52 28 77 76 15 31 75 47 9 60 14 54 26 80 20 62 58 34 65 21
6: 57 64 53 3 44 36 24 16 43 30 4 5 40 80 39 29 85 66 56 51 11 87 37 34 35 46 54 23 72 8 15 58 49 59 21 7 47 14 18 6 22 9 70 19 25 12 38 32 31 33 28
7: 90 2 14 35 84 88 83 62 8 63 21 6 71 89 59 38 68 76 5 79 58 15 45 3 49 37 12 52 74 51 30 24 75 41 53 87 27 18 7 82 16 77 43
8: 19 29 81 75 7 14
9: 1 49 36 5 25 8 21 74 71 7 56 88 63 60 73 54 59 33 86 32 57 64 37 45 3 41 19 48 47 38 39 53 6 51 58 46 31 13 27 30 69 52 76 50 65 43 35 77 85 84 75 40 26 66 87 14 61 28 10 22 90 29 72 9 11 62 68 12 16 2 82 15 89 55 34 24 42 23
10: 26 4 49 63 78 2 50 17 29 54 34 6 31 28 67 30 35 68 40 41 73 20 16 70 27 58 61
11: 9 56 60 10 64 78 46 62 30 6 32 29 84 85 35 89 12 27 37 70 50 17 88 53 41 59 80 34 82 68 40 24 49 18 55 83 77 7 76 25 5 43 63 72 71 86 2 52 69 21 47 65
12: 27 90 12 61 45 73 16 41 68 22 34 39 40 66 14 21 55 83 49 2 28 4 31 56 6 76 64 46 77 23 44 8 9 24 11 60 81 26 19 86 53 30 32 47 84 3 43 69 58 51 74 59 80 54 75 52 72 79 33 63 57 42 7 25 36 13 15 87 5 78 48 70 88 89 50 82 10 1 37 35 29 20 65 17 71 67
13: 54 66 4 74 60 75 81 76 5 80 33 72 79 19 29 25 34 63 61 55 9 71 47 64 24 68 48 59 44 40 37 78 56 89 38 16 21 87 15 77 14 58 12 39 57 88 26 86 45 28 65 10 84 11 46 67 62 85 82 2 27
14: 53 27 20 17 32 78 22 82 42 4 8 52 16 86 29 79 19 72 11 59 75 10 40 41 6 71 66 36 43 21 67 83 63 25 13 12 31 35 26 3 55 69 85 1 77 14 76 38 60 80 9 50 64 34 87 73 58 68 7 48 70 45 61
15: 87 51 40 66 17 81 90 74 83 27 68 36 82 50 76 7 37 64 9 15 77 65 49 28 47 33 41
16: 87 76 82 72 9 48 79 74 66 70 19 43 35 80 38 16 7 41 22 83 1 89 46 25 78 30 14 15 39 81 55 52 42 29 26 86 45 17 28 34 13 3 63 65 51 47 90 75 21 44 31 59 18 85 6 64 67 37 11 61 40 53 58 4 33 60 36 73 77 5 12 2 62 71 23
17: 7 16 25 9 29 40 24 28
18: 32 63 89 79 64 23 45 71 41 84 65 87 9 78 68 59 21 48 57 7 86 29 19 36 10 28 88 4 55 53 11 76 37 67 15 42 33 5 54 60 70 17 14 72 82 83
19: 31 12 81 47 51 40 34 59 29 39 7 90 58 73 37 82 67 44 64 10 8 25 61 46 45 79 60 65 66 71 80 14 27 53 41 17 35 33 48 75
20: 34 52 85 7
21: 55 7 12 24 32 2 52 28 73 10 13 76 87 51 25 58 19 54 16 63 62 3 48 61 67
22: 76 88 50 37 60 83 78 39 51 8 17 90 52 19 4 48 63 25 3 84 13 14 9 10 49 6 31 34 28 70 26 22 77 86 80 58 46 21 69 27 18 57 35 65 61 74 5 7 30 89 2 11 55 53 38 15 44 40 66 56 54 71 47 12 68 43 20 29 41 81 67 16 36 32 59 42 1 62 87 33 23 45 82 64 79 24 75
23: 50 32 89 31 25 14 8 88 71 90 5 57 67 54 3 61 33 10 49 63 77 48 13 51 41 43 24 28 1 38 75 80 36 12 23
24: 59 76 77 38 35 65 23 71 89 78 49 48 5 27 19 62 72 3 10 41 34 84 46 88 64 9 90 74 1 14 57 80 25 42 8 16 82 29 60 18 32 50 73 13 54 63 39 4 87 12 40 6 69 44 83 22 79 7 33 81 36 31 15 11 37 47 66 26 24 55 75 45 28 68 58 56 53
25: 40 38 90 13 82 72 32 3 89 47 8 61 35 80 48 10 43 83 56 24 2 78 4 7 88 77 44 76 63 49 81 33 19 74 16 25 85 73 36 79
26: 42 52 64 53 71 66 70 62 30 37 51 46 2 69 44 36 13 17 59 73 41 14 89 38 21 22 86 1 40 88 84 4 79 28 45 56 77 15 48 58 87
27: 13 4 36 35 12 65 18 7 77 41 44 28 29 47 3 82 39 19 15 67 52
28: 10 23
29: 45 77 12 62 9 78 56 1 84 15 16 80 26 46 31 35 70 27 73 54 51 79 88 17 57 52 72 61 42 30 48 44 55 75 8 89 28 87 68 76 18 32 33 63
30: 15 24 22 66 41 58 12 65 8 34 62 46 83 86 82 90 2 48 79 67 52 25 71 4 40 60 72 1 39
31: 72 56 11 61 87 51
32: 21 26 50 17 11 83 3 42 41 35 73 69 33
33: 90 17
34: 82 16
35: 21 46 83 55 51 18 15 17 88 87 77 37 52 60 9 30 8 39 4 48 45 14 25 49 79 81 84 19 74 2 20 34 27 90 26 56 1 32 44 16 70 23 62 11 58 71 54 89 78 73 41 72 80 38 22 29 28 76 75 67 3 6
36: 7 81 72 20 6 59 49 52 23 68 86 28 71 14 50 33 13 3 37 19 44 90 56 77 53 85 11 24 63
37: 12 3 84 78 69 7 36 45 44 34 39 48 24 53 21 72 20 77 37 71 18 8 17 81 13 9 11 32 65 59 14 90 49 35 56 30 22 46 63 75 66 82 26
38: 12 75 36 59 61 34 84 78 71 81 87 58 51 46 31 47 89 14 23 52 55 57 70 40 4 88 35 29 73 5 32 74 76 65 66 7 53 1 18 44 28 22 25 83 67 63 20 8 2 56
39: 71 62 22 27 52 4 9 5 21 61 8 74 16 6 39 75 41 56 36 32 7 66 19 12 86
40: 55 26 28 11 27 60 3 20 57 77 40 58 39 81 38 75 79 23 42 13 70 32 4 12 5 83 90 51 63 19 18 50
41: 9 2 44 23 37 21 61 52 15 87 70 34 66 47 57 32 8 16 28 89 51 55 39 56 53 68 33 17 72 73 42 77 75 29 58
42: 60 30 20 38 33 23 86 14 52 39 10 77 12 53 28 89 84 74 63 51 2 9 26 87 3 8 73 88 66 72 81 65 47 45 71 46 6 58 29 27 62 48 15 32 22 78 64 80 83 85 13 82 17 70 50 44 18 68 40 55 34 16 1 67 31 7 76 75 61 11 56 43 4 79 19 41 57 69 90 54 5 59 21 24 35 49 37 36 42
43: 25 63 82 81 77 3 41 90 4 58 49 11 72 54 86 55 17 29 39 85 65 21 6 31 7 83 38 8 50 10 42 44 87 61 53 34 78 68 62 32 47 36 71
44: 87 39 54 45 2 72 90 62 76 70 41 52 64 29 16 4 26 48 42 69 38 65 81 56 67 68 36 31 12 15 82 33 46 53 23 84 22 17 89 20 79 47 1 49 25 80 40 32 61 60 77 3 43 57 66 8 18 34 30 6 27 5 11 28 14 88 63
45: 3 17 77 86 70 49 40 27 37 1 71 76 18 22 75 13
46: 8 51 87 67 35 77 61 5 71 49 37 28 12 45 44 90 54 34 33 56 57 46 9 68 40 80 47 21 16 27 29 24 13 81 60 43 38 31 3 4 26 70 59 2 15 86 7 83 76 32 1 89 62 75 79 22 55 58 41 53 88 11 25 74 6 48 10 17 18 69 42 19 30 73 39 82
47: 18 59 2 31 28 51 43 37 76 82 13 35 42 64 39 7 79 48 46 26 8 68 89
48: 47 38 53 66 72 24 44 68 18 70 23 69 4 37 58 54 87 33 81 26 46 51 43 5 30 8 15 3 31 88 78 17 22 14 84 90 82 86 79 2 60 71 42 52 28 59 11 19 62 21 29 76 83 89 9 6 49 10 61 16 13 77 85 39 40 73 65 56
49: 1 63 53 57 44 80 19 28 87 52 5 78 74 62 33 69 21 8 82 32 49 67 37 64 10 15 38 7 41 24 29 9 40 75 77 55 46 73 43 12 25 50 58 20 31 14
50: 41 33 8 87 23 28 71 4 13 57 1 42 2 19 47 65 60 20 37 88 16 6 46 53 32 69 66 5 26 50 79 25 43 3 14 82 84 39 29
51: 21 84 37 17 51 44 6 87 33 23 34 53 12 5 83 35 46 40 14 38 27 81 9 4 11 88 43 8 41 71 16 7 20 56 32 68 89 50 72 65 1 80 64 59 82 48 55 79 76 47 74 75 78 49 61 62 19 60 30 66 28 13 52 10 90 63 86 2 26 22 67
52: 88 75 7 13 56 68 85 17 80 22 76 1 19 32 57 6 42 59 36 60 26 78 84 61 24 44 58 18 74 53 25 50 73 10 43 81 69 63 2 49 62 66 12 65 46 72 4 77 5 11 83 38 90 52 51 34 86 21 48 41 9 29
53: 85 16 28 68 59 2 66 74 47 48 64 30 32 43 76 73 27 51 67 36 63 65 34 13 41 49 71 70 60 55 11 5 20 62 45 44 82 54 39 22
54: 63 31 75 23 4 85 81 69 47 17 62 54 76 50 21 77 65 26 33 5 22 3 16 84 88 29 41 52 2 35 60 67 61 53 74 87 86 39 28 12 34 57 80
55: 13 52 71 60 33 19 88 72 5 20 16 30 53 80 68 27 65 90 43 87 35 84 32 22 63 40 76 81 1 9 69 29 28 74 56 58 82 18 39 67 77 36 83 55 37 86 49 75 62 31 51 14 44 23 50 59 64 21 47 3 78 4 41 10
56: 20 75 57 46 13 71 88 28 85 33 76 43 56 52 89 40 26 21 53 70 7 44 24 60 39 12 65 59 83 5 1 73 9 35 42 78 50 84 55 48 49 36 3
57: 82 6 38 24 58 49 50 13 20 89 22 59 67 43 41 73 2 45 90 21 62 8 40 86 48 72 26 16 78 54 79 34 12 19 29 37 87 39 81 1 31 30 84 15 14 10 33 9 61 53 69 52 64 23 11 4 88 63 42 25 3 51 35 60 56 55 32 65 75 27 74 66 76 18 46 57 83 80 36 85 44
58: 24 55 21 70 30 45 16 41 51 62 74 69 84 28 20 35 54 10 27 75 2 59 6 85 68 19 5 40 9 64 77 13 87 37 83 58 67 46 80 29 15 76 34
59: 81 45 17 41 35 78 90 80 62 9 70 8 1 76 6 44 30 72 28 63 38 74 34 5 47 29 32 42 49 71 84 65 10 25 89 57 69 79 31 39 85 14 73 11 19 59 24 4 26 75 48 82 2 12 36 52 53 61 68 40 83 18 23
60: 74 29 33 67 82 60 54 11 6 57 69 51 64 58 13 62 30 40 56 81 75 84 72 73 68 32 10 20 41 17 38 34 9 61 2 25 85 5 39 52 18 21 77 49 16 12 26 1 7 35 53 63 86 80 65
61: 41 80 90 56 34 69 19 81 32 40 73 57 22 33 35 71 58 55 28 84 26 16 88 12 53 30 67 51 65 49 52 85 21 3 43 7
62: 35 6 74 78 38 7 5 31 12 85 52 56 25 40 42 32 82 87 2 70 3 16 67 51 69 29 47 64 33 77
63: 43 23 21 35 71 54 85 50 15 6 82 7 76 52 22 30 5 3 56 79 39 11 57 8 68 67 20 2 47 89 27 9 4 18 29 26 42 24 62 34 17 40 36 51 37 83 33 32 72 86 28 87 49
64: 46 6 74 72 15 67 34 49 2 55 62 5 22 4 60 24 19 47 43 29 33
65: 73 13 45 18 66 11 57 10 89 4
66: 74 10 18 43 24 2 86 62 51 34 80 53 44 16 46 49 27 28 58 77 9 31 14 69 50 8 63 66 82 71 40 17 79
67: 31 43 13 24 55
68: 16 30 84 15 35 85 73 80 36 60 89 61 86 63 6 42 18 38 88 44 81 52 75 5 58 54 78 9 47 68 22 20 90 10 67 29 33 50 14 82 21 40 79 56 8 7 13 26 62 3 37 43 59 70 25 64 53 46 27 45 41 66 77 83 71 48 57 72 55 17 11 49 65 23 39 28 31 19 76 34 69 2 12 1 24 4
69: 79 61 89 64 19 35 20 54 90 66 31 4 51 46 8 30 62 39 23 78 40 63 26 32 10 68 43 74 69 22 15 1 50 87 6 53 58 81 45 72 3 16 65 11 9 28 44 2 82 70 86 71 34 84 73 48 85 47 57 38 7 5 56 21 33 25 59
70: 42 19 5 64 80 16 24 28 56 27 58 60 89 49 87 1 41 48 6 68 8 21 50 46 38 44
71: 26 89 28 29 1 76 18 74 73 33 48 5 38 6 7 62 45 44 78 55 3 81 23 25 53 11 66 49 87 83 47 42 36 65 39 51 54 64 13 67 22 37 2 16 77 60 27 32 14 57 70 46 72 34 35 61 30 8 50 31 63 19 56 12 58 41 40 88 75
72: 52 80 9 34 42 62 46 27 14 82 17 28 43 41 70 47 21 37 20 39 48 32 35 59 3
73: 31 2 70 57
74: 83 23 69 21
75: 1 36 16 45 51 52 23 69 9 32 42 38 26 10 8 78 6 79 74 5 50 64 49 20 27 41 13 80 82 40 81 73 57 55 28 37 7 21 58 89 15 33 56 65 83 12 54 76 60 48 75 43 25 71 47 17 19 31 87 44 24 29 14 63 62 68 61 22 66 84 70 4 72 2 39 46 88 67 3 59 77 18
76: 10 45 69 23 5 21 63 39 46 27 3 54 61 82 62 29 17 30 53 33 43 49 4 59 68 78 73 55 74 31 13 14 18 87 81 71 24 80 88 44 60 64 83 11 48 35 58 38 52 9 90 16 15 79 70 75 7 28 34 77 6 41 2 56 25 12 67 37 51 65 84 32 66 40 8 86 36 1 57
77: 53 54 49 11 20 56 90 64 79 84 78 32 39 45 18 51 6 42 57 70 83 26 86 62 8 75 89 27 25 50 67 35 5 19 13 65 74 88 10 60 22 3 9 80 36 81 21 48 68 7 4 24 71 30 31 12 28 34 29 52 44 2 43 58
78: 8 72 26 89 37 27 32 11 2
79: 71 32 62 79 21 27 56 29 41 16 12 10 68 43 3 6 66 75 11 14 88 51 64 34 87 22 63 45 82 85 60 74 30 5 61 77 49 69 76 78 55 39 9 72 42 48 4 1 35 31 89 7 44 13 90 24
80: 85 27 55 21 11 2 61 42 34 9 64 60 89 73 46 90 12 47 6 54 45 13 35 88 57 74 51 53 33 10 25 81 14 38 40 67 29 43 28 72 50 19 7 62 79 49 20 16 76 65 71 70 18 4 58 78 32 44 39 3 23 41 56 52 31 77 87 17 63 36 5 8 66 24 86 80 83 82 26 15 68 37 75 48 69 59
81: 17 13 34 32 18 47 20 46 76 43 44 83 45 61 86 28 27
82: 2 59 49 1 87 30 31 55 5 19 61 53 3 21 26 28 65 52 9 23 57 86 22 7 29 4 84 77 16 80 67 51 85 11
83: 89 49 70 2 82 20 4 39 62 6 19 22 3 27 84 74 13 45 21 55 35 37 72 69 86 48 65 36 23 38 14 83 57 11 56 10 31 5 42 24 60 88 40 78 16 79 50 44 29 34 64 28 53 33 12 66 73 7 18 58 9 75 32 67 59 71 51 26 77 76 8 68 81 87 17 30 43 41 80 47 15 54 61
84: 90 38 45 44 82 33 63 17 75 13 86 10 4 52 64 78 61 41 87 26 25 80 70 56 27 43 51 6 48 12 49 34 21 50 35 37 46 68 29 16 8 2 22 5 85 14 69 11 30 31 73 89
85: 60 38 53 45 84 8 57 86 59 23 26 55 73 71 63 21 90 74 70 44 3 35 20 19 79 40 66 28 34 9 36 80 77 15 56 6 42 13 69 85 27 14 81 41 33 11 4 12 58 2 30 32 51 43 62 75 7
86: 55 54 26 16 71 65 23 78 41 30 70 59 74 29 44 82 22 35 4 66 64 45 5 19 17 76 10 58 60 34 9 8 77 69 13 14 88 67 6 38 42 79 36 18 61 56 20 57
87: 85 86 38 19 68 72 82 3 52 65 51 31 79 27 69 53 48 10 25 35 5 58 81 33 34 64 71 50 43 1 46 84 78 77 49 87 12 23 75 45 20 28 8 62 16 57 73 60 26 40 89 76 6 67 83 9 7 66 2 59 32 54 21 70 36 29 55 24 44 41 90 15 74 37 61 47 22 18 88 14 42 17 30 80 4 13 39 56 11
88: 16 75 10 9 80 68 44 14 42 48 31 26 86 67 59 49 77 8 60 40 36
89: 39 56 90 79 30 10 44 67 65 72 19 53 3 61 32 31 25 33 45 63 50 55 38 49 21 84 54 29 34 17 78 74 47 27 52 14 9 20 12 6 76 11 82 18 5 51 7 1 8 13 60 43
90: 75 52 59 46 20 90 62 21 76 78 83 32 5 6 1 13 35 54 30 66 85 16 15 42 38 3 60 51 67 73 26 10 31 33 22 47 56 72 63 17 57 9 58 40 64 89 82 65 74 36 2 61 8 37 23 88
1: 42 (16 71 89 51) 90 55 (50 12) (24 56) (76 68 9 49 3) (69 70 57 52 46 22) 87 79 14 (35 44 82 75 26 23) (38 59) (2 45 60 4 29 30)
2: (68 41 2 84 38) (11 50 69 77 10 64) (83 48 25) 58 (4 87 12) 22 13 (52 1) (71 75) 57 (47 90 7 16 54 76) 62 78 21 44 (46 82 35) 30 (80 60 9) (85 53 63 51) (26 59) (73 66 42)
3: 25 43 (89 61 6) (4 16 27 40 50 71) (76 62 87 56) (9 69 82 77 46 21 44) (36 45 22) (55 57 42 63 23 72 32 68 48 80 14 37 7) (12 85) (35 54 75) (24 79) (83 2) 90
4: (27 35 2) 30 82 (26 42) (57 77 10 40 75) 59 (24 54 44) 46 79 63 (87 80) (50 64 68 51 52) (76 48) (22 18 16 13 85 14) (55 3) 12 (65 6) (4 43) 84 (69 39) (25 83) (38 86)
5: 63 (90 11 53 4 40 1 64) (44 86 87 22 6 71 51) (79 18) (83 42 24) (75 16) (12 60) (68 7 23 77) 2 (9 38) (84 39) (69 52 62) (70 58) (48 50 89) (76 55) 49 (54 59 46) (13 56 80) 82
6: (2 48 9 39) 87 (4 62 58 60 84 46 85 70 63 11) 80 (86 6 57 24) (90 68) 77 (42 69 89 51 50) (52 22 83 59) (36 16 10) (14 64 12 79) (71 76 43) 75 (44 7 35) 3
7: 6 (85 75) (24 42) (4 69 11) 7 22 (12 9 71 60 2) (37 38) 80 (56 63 61 15 89 43 79 77 82 83 14) (36 18 21 87) (17 76) (25 68 47) (51 62) (27 39 46 19) 52 49 (8 20 16)
8: 14 (85 51) (76 24 83 87) (43 69 46) (77 4 23 30 29) 50 (38 2) 66 (44 47 63 68) (59 35 19) 6 48 (78 89) 22 25 80 9 (57 39 49) 86 75 (84 37) 70 (90 42 88 7 12 71) 41
9: 60 (79 37 6 86 15 14 39) 13 46 (58 80) (48 52 22 69) (12 63 5) (35 87 77 24 75 11) (56 66 89 9 76) (55 49 29 90) (85 41 16 72) 18 (82 17 1 88) (68 4 57 42) (83 51 59) 2
10: (88 80) 84 28 (90 9 89 57) 68 14 (23 86 19 55 83 43 24 2 75 18 12) (22 65 11 25 58 46) (13 48 60 69) (59 79) (52 49) (42 21 66) (77 87 51) 76
11: (59 80 22 31) (46 53) 84 44 (51 40 16 69 42) 35 43 (76 71 9 82 89 48 78 13 60) 6 (4 87) (85 3 12) 77 2 65 (68 63) 57 79 (52 83 18 36 24 14) 32 37
12: (6 61) 59 (27 39) (14 83) 54 56 (49 2) 3 77 (71 12) 87 40 11 (22 52 46 80 85 21) (51 62 84 29) 19 (24 37 42) 30 (23 68) (57 75) (79 76) 4 7 (89 9 13 60 38 16 44)
13: 58 (67 60 26 55) (27 76) 71 (52 3 77 16 84) (22 80) 81 (42 53 56) 90 89 (14 37) (47 9) (2 4 83) 50 51 85 (23 48 24 57) 86 12 (46 87 21 40) (45 25 68) 65 (79 75) 36
14: 76 (79 50) 8 (37 13 51 5) 68 2 (14 9 59 57 4) (75 7 66 38 24 55 44) (85 6) (36 1 12 87 42 72 48 80) (18 23) 22 83 (16 49 35) (88 84) (26 71 86 89 19)
15: (64 24 90) (48 44) (15 68 49) 30 69 (16 57 41 22 27) 13 (87 4) (5 9 42) 12 (63 75 7 85) (76 26 80 6) 35 (83 18 46 29) (58 1 2)
16: (7 50) 2 (42 69 6 46 48) (29 68 44 66 60) (21 55 54) 84 51 34 (53 58) (13 17) (61 71) 87 (9 16 14) 82 (88 22 57) (10 24) 79 (35 90 3 25) (62 83 86 76 70) (75 80 39 12) 41
17: 83 33 (86 66) (87 75) (59 60) (11 84) (89 44 63 10 45 43) (3 37) (54 52 19 32 14 15 35 22 51 12 26) (16 4) (18 29 68 2) 48 (41 46 42) (76 81) (80 90 72)
18: (46 2) (81 68 45 65 24) (59 52) (27 16) (40 37) 11 (77 47 55) 71 83 42 22 4 (63 35 80) (89 38 7 66) (6 75 29 87 60) (86 57) (48 76 44)
19: 42 (50 89) (83 22) 12 (71 48 9) (59 40 70 87 75 21) (68 58 86 25 14 2 46) 85 77 (49 39 82) 52 (80 36 51) 64 (55 69) (4 35 8 16) (24 61) (18 6 13 27 57)
20: (40 12) 57 90 36 (77 50 63 42) 38 (49 68 5) (22 85) 51 87 (35 56 60) (69 53 75) 81 89 83 (3 14 37 72 2 44 80 55 86 10) 58
21: 11 87 (7 75 16 43 49 2) 54 (48 51 46 4 18 58 42) 90 41 (82 74 68 35 14) (69 63) (37 57 55 60) 76 13 39 (32 85 83 89 70 22) (79 6) 77 (61 80 72 84 9) (5 12) (56 26 52)
22: (75 22) (2 26) 39 (57 79 69 44) 54 (68 12 24) (63 61 37 9) 84 (52 42 87) 86 (77 64) 38 53 (82 55 1) 71 (46 30) (90 45) (16 14 83 48 4 35 6) 51
23: (40 63) (35 48 41) (59 22 55 6) (57 75) 54 (86 36 4 9 38 12 44) 87 68 76 23 (82 18) (2 71 90 50) (69 74 85 42) (83 51) (80 16 24 28)
24: 64 (75 59 52) (12 83 30 66 80 56) (6 25 22 79) (48 4 37 24 77) (1 11 76) (63 2 58 42) (36 70 21) (57 67 49 87) (7 9 23) (46 17 68 13)
25: (2 46 22 6 25) 49 19 (87 43 60) (23 14 69 38 62) (76 30 16 13 89) (35 52) (11 77) (84 59) (80 71) (17 21 44 12 4) 24 (3 9 50) (75 57 68)
26: (9 54 48) (61 32 35) 87 5 (50 85 3) (63 77) (22 52 57) (12 59) (78 68 29 13 86 24) 83 (47 88 69 51 4 84) (56 40 44 46 16 80) (2 14) 10 (90 42) (75 82 60) 37 71
27: (45 29) 80 39 (89 57) 44 63 (19 9 4) (66 46) (81 53) 13 (85 76) (70 22) (7 68 87 75) (51 2 40 77 83 58) (78 24) 11 (79 14) (35 84) (55 42 72 10 15) (71 12)
28: 80 26 9 17 (81 68) 58 (49 13 51) (41 12) (63 44 59) (77 18) 29 (2 54 53) 85 47 (55 70) (27 16) (38 69) (15 76) (83 61 6 10 82) 75 (72 24) (40 66) (1 48 35 42 46 56) (21 87) (71 22) (36 50 23 5)
29: 27 (52 54 77 35 43 1 58 64 50) 60 44 42 (14 89) (75 57 46 71 83) (68 6 24 38) (62 82) 4 63 22 (84 17) (49 8) 55 (19 86) 48 10 2 (18 87) (9 41 76) (16 13) (79 12 80) (11 59)
30: (26 59 11) (9 58) 22 29 (61 16) 53 85 57 (68 35 82) (6 55 76 69) (77 60) (83 86 42 87 71 46 51) (48 10 44) (7 2 63 89) 84 (12 37 90 1 79)
31: 75 (5 38) (76 4 2 87 77 89) 16 (10 90 82) (73 55) (43 19 69) (88 12) (71 44) 47 66 (59 29) (83 1) 84 24 (22 42 14) 80 67 6 48 (9 79) 46 68 (49 23 54 62 57)
32: (79 60) (22 52) (23 78) (46 77) (11 85) 35 90 63 (37 55) 76 21 (75 89 38 53) 43 (39 24 69 51) (14 81 40 50 6 80) 72 (83 87 3 18) 44 (41 62) (59 71 29) 12 9 61 (49 42) (25 57 2)
33: 71 (18 83 32) (69 55 63) (60 12) (36 89 62) 25 (42 24 57 19 76) (15 64) 44 (87 41) (6 4 90 56 85) (50 54 2 22 51) 13 (75 49 9) (80 68) (46 23 48) (84 61 29 16)
34: (6 59 46 12) 2 57 61 (52 19) 5 43 (86 89 85 24 37 44 14) (20 68) 83 13 (69 72 22) (51 64 76) (87 42 16 11) 41 (54 71 80) (9 79 53 4 35) (30 38) (60 63 81) 10 (58 84 66) 77
35: (16 76) 62 25 (19 37) (32 42) (11 90) (54 4) (47 61) (51 56 27 10 63 57 29 7) 87 (60 71 3 69 1) 86 (55 22 46 58) (84 80 68) (38 14) (12 59 77 79 24) (72 83 85) 6 9
36: 22 (38 4) 12 (27 59) (52 26 57) (75 24 18) (76 6 90 87 63 43 25 56) (42 85 9 86 39 55 83) (80 88 53 44 37 14 68) (2 16) 77 (71 15 23)
37: (49 57 18 51 87 15 16 68 46) (76 45 35 6 50 36) (24 83) 11 (55 75) (71 13 72 42 12) 2 26 (4 19 58) (7 80 48 84) (90 78) (63 41 9) 47 22 37
38: 46 25 (2 89 71 75 90 14 60 70 42 26) 13 40 (69 4 86 76 49 35 6) (43 9) 7 (16 23 44) 87 (68 62) 80 59 (84 85 24 48 57 83 22 52) 51
39: 16 (76 71 43 39) (37 87 79 89 13 24) 42 (30 50) (56 63 4 72 46 40) (54 2 69 77) 27 (60 80) (1 6 55) 59 57 22 (9 44) 75 (19 48) (68 41 83 47) (35 53 12)
40: 71 (56 80 51 58) (10 76 30) (24 16) (90 25 4) (68 55 83 12 22 14 48 63) 13 (40 60) (45 69 44 59 2 57 46) (17 42) 11 (38 66 62 88 9) (87 85 49) (19 61) (26 6) (15 75)
41: 23 9 (59 30) (61 16 58 39 22) 24 (32 57 71) 54 (11 15 43) (83 72 75 10) (26 55) 51 46 (27 19 70) (44 53 14 86 76) (87 2 85 84 68 35) 12 (42 60) (52 50 18 7 79) 80 49
42: (59 4) (41 90 18 52 44 43) (29 9 85 70) (16 79) (14 86 88) 47 63 87 (2 75 72 71 46 32) 77 3 (22 42 68 57 62) 56 (80 83) (50 40 24 48 26) 12
43: (84 61) (64 81 50 1) (4 63 69 9) 75 (83 25 67) (85 2) 6 (49 7 42 22) 51 (87 47) (44 79 14 89 12 56 16 76) (80 52) 57 (55 48 53 68) (23 11 72 66 46 77)
44: (3 68) 52 56 19 (1 24) 41 (37 26) (70 87 13) (85 75 57 71 27) (86 25) (35 43 76 46) (12 69) 53 36 (77 29 48) 6 89 (79 22 80) 66 (83 38) (4 84 81) 42 (88 16) 2 (49 59) (51 55)
45: 65 (83 53 46 22 16) 42 14 12 (37 26 18) (75 4 87 29 89) (59 2) (57 77 69) 76 (79 84 9 7) (86 71 58 35) (85 24 44) 68 (13 3 81) 80 19
46: (22 90 50) 29 (44 6 52) 12 (69 13) 42 (37 49) 4 (84 58 16 70 9 26 64) (87 24) (30 71) (56 11) 51 (76 72) 2 (46 75 80 38 57 47 48) 3 68 (19 35 66 81)
47: 38 (22 55 63 42 87 59 64) (53 15) 44 13 4 68 72 (11 16) (51 69 71 41) 83 (2 48 5) (6 43 89) (54 9) (80 25 27 90 50 24 81 19 12) (46 62 75)
48: (9 56) (14 18 47 1 37 25 21) 30 24 87 (88 57) 44 (76 4 75) 68 (46 12) 19 (23 70 84) (79 69) 42 16 (71 35 52) (22 72 51 2 53) (13 83 29) (26 59) (80 77)
49: (53 49 55) (37 61 87 51 11 10 23) (12 57 42 56 46) 24 83 (77 70) 9 (71 48 88 84 36 82) 25 (15 45 22 2 64) (76 6 66) (43 89 44 63 80 52 59 68 60 79) (35 7) 75
50: 2 (89 24) (51 69 11 12) 1 (54 14 68) (50 55 22) 57 (10 52 4 15) (40 75 77 49 36) (70 71 87 42 80) 23 (32 56) 9 (43 66) (63 83 84)
51: 80 (83 62 71 22) (47 15 90) 12 (87 4 58 75) (85 2 7 40 63 55 46 31 9 77) (29 19 57) (69 38 61) (52 82) 89 (76 60 51 21) 66 16 79 (26 35) 23 (84 48 53) 41 (6 42)
52: 35 (61 82 89 48) (22 75) (44 72 21 14 36) (12 56) (90 77 26 20) (60 2) (52 42) (5 80 55 7 59 39) 49 (87 54 30) (27 63 38) (4 51 41 84 9) (62 16 11) (68 29) (57 76)
53: (19 4 76 80) (24 46) (85 48 26) 89 (36 83 12) (71 41) 77 (54 42) (66 6) 2 (18 69 51 60 9 44) 52 49 14 7 (38 37) (43 55 87 68 16 82 59 22 50) (11 1 61 57 56)
54: 68 (24 46) (90 43 86) (9 57 48 77) 6 (71 29) (80 63) (22 76 35) (60 1) 54 10 21 44 18 (83 87 89) (5 2 58) 4 (23 69) (75 12 13) (53 42)
55: 83 64 (2 1) (24 89 82) (21 16) 79 (55 51 86) (18 80 22) (13 4) (9 14) 61 38 87 42 46 (57 76 40) (29 49) (43 71 75) 68 (58 11) (56 12 67 41) (85 35) 53
56: 87 80 (60 56) 31 52 (77 69 2) (12 41 26) 11 (90 70 6) (1 68 55 42 25 4) 13 22 24 61 37 (35 39 48) (62 46) 84 (89 9) (75 79 85 83) (86 44) (57 76) (51 71 38 36 29 63)
57: 52 71 (75 77) (13 2 46 42 6 54 90 29 82) 38 (40 69 76 85 24 4 12) 23 (87 22 80 44 59 50 86 57 65 83 49 61 9) 18 (63 60 41) (56 73) 68
58: (10 14) (16 75 40 2) 26 (76 9 22 5) 21 30 (24 7 60 4 48 13 41) (70 71 55 58 77 38 90) (85 80 35 86) (68 57 69 12) (46 43 49) 87 (52 42 6 19) 83 (66 61)
59: 87 (68 2 36 18) (76 22) 4 (59 56) 90 (13 6 88) (48 24 86 9 14) 83 (1 75 72 52 37 80) 19 (12 38) 58 (11 47 7 69) (82 53 26 46) (51 55 85 42 16 57)
60: (76 2) (52 89 46) 68 13 40 (1 12) 30 80 (19 83) (35 86 55 53 54 42) (11 85 56 88) 50 4 60 75 (51 16) (71 44 57 48 70 24) 9 64 (14 90) (77 79) (5 18) (22 87)
61: (57 46) 48 (14 38) (80 83) 12 (82 42) (29 2) 52 (13 71) (54 76 39) (60 4) (68 69) 22 21 81 41 (90 9 19 16) (87 59) (10 31) (75 25 23 44 84 89) 86 43 79 51
62: (80 54) 53 (57 35) (22 66 83 30 24) (29 43) (87 3) 72 (44 42 64) (63 90 68 79 48 85 51 13 21) 49 (55 9 75 4 71 16) 76 60 (5 26 58) (39 52) 77 2 (11 59 46) (69 7)
63: 43 (80 75 89 71 2 54 40 51) (38 55 36 21 25) 60 (7 4 11 22) (53 14) (18 59) (44 79 29 12) (24 1) 16 84 (66 42 57) 90 (85 76) 69 13 68 (23 52 37) (10 9 49)
64: (69 79) 22 19 (26 18 84) 53 (24 62 9) (60 90) (71 51) (11 2) (14 6 77 55 42 15) 12 47 (68 44) (4 1) (80 70 13 87 57 49 75) 83 (16 76 86) 58
65: 13 (90 59 5 50 38 71 89 69) (51 4 48) (27 18 83) 12 24 (37 61) (86 57 2 82) (56 43 22) (75 30 16) 15 (19 77 44 52 76) 42 (9 80 1 54 11 87) 68 (53 55) 60
66: (30 39 68) (26 9 38 75) (13 66) 90 (65 15) 4 85 (37 14 50 53) (51 76 42) (22 79 71 1 57 80 12) (41 19) 86 24 (52 16 83 69 44 48) (6 2) 87
67: (18 62) 16 30 2 (71 44 1) (76 10 58 68 80) 53 38 86 (27 89) 63 (83 19 51 88 35 61 77 54 21 64 82) 46 (42 57 22 75) 55 (13 23) (60 12) 87 49 (90 4 14)
68: 88 44 13 87 (53 58 41 47 76) 46 48 (77 63) 43 11 (75 29 60) (80 83) (22 36 12 9 10 79) (15 70) 84 (69 68 4 24 51) (14 42 55) 59 (18 2 7) 52
69: 55 37 (22 76 69) (11 68 85) 80 54 86 (52 62 26 4 87) (12 1 75 48) (83 50 58 42) (84 79) (74 2) (49 59) 14 (44 46 66) 9 60 (57 61 24) 32
70: 38 40 56 (22 2 87) (35 84 6) 71 (77 58 69) (18 45 53 41 85 42 48) (29 46 73 12) (75 4 72) 14 (68 83) 86 11 59 44 (16 26 76 62 80) (10 1)
71: (12 36 43 85 63 87) 68 (4 2) (51 86) (76 9 26) (30 77 48) (53 13) (19 59 83) (16 42 46) (38 45 24) 56 (61 69 66) (35 7 79 80 11) (75 22 37 50 55 18 39) (23 14)
72: 51 (37 52) 9 (83 25) (13 78 59 44 60) (80 79) (57 12 36) (30 75 3 69 2) 24 14 29 (63 35 68) 6 (16 90 48 18 41) (87 4) 31 55 (64 43 11) 89 42 71
73: (35 80 26 76) (83 75 19) 85 2 (60 65 46 71 69 16 21 42 61 68 49 57 41 12 14) 32 (52 29) (10 3) 87 (48 90) (56 53) 9 (38 59 25 24) (4 84)
74: 66 (69 86) (83 52) 12 (59 25 24 75) (46 89) (87 76) (55 9 80 13 77 7) 58 (49 57 85 39 2) 35 53 (38 64) (90 54) (22 79) (42 60 62) 51 (15 71 16)
75: 45 (57 85 41) (14 51 49) 60 (5 16 79) 13 42 (35 12 19) (90 8 80) (9 55) (56 38) (87 76 2 71) (88 29 4 37) 39 (59 58) (68 84) 22 75 (46 77 40) (83 23 52 24 54) 7
76: (83 89) (87 35) (9 38) (80 59) 57 21 (42 45 68) (44 16) (63 2 54 90) 56 81 12 (13 11 51 52) 22 (24 25 71 5 48 1 75 46 18) (7 86 53) (29 79 58 14) (47 55) 4 15
77: (43 15) 12 85 (29 71) 82 66 14 (23 42) (36 35 24) (87 41) (22 68) 83 (37 25) (54 46 2 40) 44 (60 4) 62 (55 86 58 27 79 16) 80 9 (88 52 75 49) 13 (26 11 45) (7 5 48 76)
78: (62 37 59 43 29 77 2) 51 (57 11 14 71) 18 (49 52 90 83 89 87 35 25 22) (79 12 55) (76 48 56 38) (68 16) (86 84) 13 80 (42 75) (69 10 24)
79: (79 35 69) (85 51 42 30 76 66) (16 2 75) (48 25 19) (29 24 26 89 46 44 50 57 40) 87 86 (77 14 13 18) (12 7) (3 47) (80 59 68 83 63) (22 4)
80: 80 (22 58 52) 82 (23 88 42) (12 87) 59 4 24 (2 19) 83 (61 13) 25 70 (55 29) (77 11 66 44 75 35) 85 (6 5) (72 16 46 68 49 76 57 60 54) 84 14 51
81: 19 68 12 (37 83 75 16) (22 40 59 3 51 57) 61 (60 87) (36 85) (13 80) 46 8 (55 25) (54 38 77 69) 76 24 (1 52 48) 35 2 (71 15 43) (42 44 4)
82: (11 89 76) (68 43 72) 44 22 (42 87 15) 79 (27 7) (13 24 18) 84 (83 51 62) (2 60 57 25) 49 (47 53 16 69 75 55) 86 (14 48) (19 30 4 90 46 50 66 80 63 59) (9 37 34 12)
83: (42 75) (32 30 40) 22 80 (83 14) (18 74) (55 51 25 71) (59 57 35 7 38 43 24 87 77) (68 48 11 63) (2 76) (46 52 3) 15 16 (81 12) 56 (58 90)
84: (76 56) 24 (83 89 12) (82 38) (87 7) 9 (58 77) (1 48 68 35) 55 2 42 29 37 (75 57 11 18) 69 (13 61 50) 26 (22 52 85) (60 54) (44 51) 59
85: (13 59 82) 36 (43 57 85 52 25) (16 62 48 42 80 20) (53 1 79) (84 69) 54 (87 58 4 68) (9 14) (90 6) 61 (63 56 60 2 11)
86: 39 (84 45 36 22) (26 76 13) (68 12 14) 80 (11 16) 60 (42 4 69) 43 (30 87 82 9) 57 52 (54 18 88 83 48 85) 1 (55 2) 46 (63 77) (51 66 81)
87: (13 51 84) 62 54 (80 22 57) (69 3 55) (6 24 43) (75 79) (71 18) (42 12 49) (16 87) (14 7 26 29) 21 (9 38 2 41) 46 (63 48 83 58) (76 70) (35 50) (82 44) (4 31 15)
88: (75 11) (83 50 71 7 44 86 48 80 29) 4 (77 76 68) (12 22 35 38) (79 23) (42 25 61) 90 54 24 56 (13 57) (18 87 52) (55 9 26 46) (51 2)
89: 11 2 46 25 (83 79 75) 35 (63 42) (4 77) 16 (23 80) 71 (87 7 59 44 13) 22 69 41 (84 48 65) (26 24 57) (78 38) 18 90 (47 51 9) 56 68 29 70 12
90: (12 9 43) 1 85 77 (51 80) 2 33 (37 52 44 59 84 68 40) (89 55) (16 57) 36 35 (48 76) 46 (25 4) 30 22 69 19 23 90 (7 42 24 87 15) (79 61)
