90 90
1: 44 40 77 34 14 49 87 47 64 30 29 53 83 5 33
2: 67 14 47 75 8 5 43 70 87 1 69 71 33 19 37 90 68 3 2 77 31 48 52 7 80 50 29 28 36 25 16 15 35 56 65 42 44 76 20 73 4 57 38 88 17 74 18 58 51 84 40 26 32 55 85 46 27 10 12 72 23 45 9 82 6 39 24 59 22 86 83 41 53 49 54 11
3: 83 38 54 52 48
4: 73 77 81 11 32 75 45 42 83 52 57 7 14 6 9 84 48 37 82 46 61 70 76 21 2 69 19 27 67 53 20 63 22 24 50
5: 36 85 50 23 40 1 67 68 89 73 82 27 32 65 58 77 83 88 18 46 81 35 87 42 56 41 6 51 7 25 79 45 4 49 75 61 54 60 37 72 16 62 66 20 64 78 29 30 2 70 38 59 90 13
6: 8 36 24 84 51 59 13 32 7 1 71 46 26 3 22 29 18 77 54 43 68 53 35 52 5 25 57 67 74 88 34 61 63 80 11 58 31 12 55 30 28 44 23 70 66 6 86 82 72 62 79 17 47 50 69 42 78 33 15 45 73 76 41 20 19 9 27 39 60 38 89 85 56
7: 17 79 23 9 33 30 3 27 53 69 21 85 42 68 40 22 55 50 19 24 52 1 73 26 46 37 11 56 4 84 90 28 15 70 12 39 45 61 87 41 36 2 57 62 71 77 38 88 14 29 72 13 8 18 44
8: 67 15 68 35 39 56 23 29 74 47 12 32 1
9: 16 7 31 57 73 61 75 72 35 54 67 33 55 78 56 12 10 34 39 21 68 6 15 9 19 65 63 46 77 81 42 38 8 66 30 20 18 79 62 26 48 13 32 45 85 24 1 86 4 14 52 40 5 43 11 36 3 69 89 50 82 64 2 47 58 83 74 87 76 17 51 71 37
10: 58 34 73 7 3 50 36 75 42 8 52 47 6 20 54 27 15 32 46 61 62 68 35 44 12 79 89 14 81 39 37 76 2 16 67 19 48 83 29 13 63 78 71 41 84 85 23 90 18 49 26 25 55 70 38 82 33 69 65 10 28 66 17 21 5 40 56 87 72 1 43 64 80 86 45 59 24 30 22 31 74 60 57 4 11 53 88 51 9 77
11: 86 5 27 9 28 1 2 38 64 89 87 46 78 10 45 71 24 83 66 68 43 33 32 55 37 58 12 48 7 77 81 8 22 69 52 50 82 20 26 80 84 40 79 35 3 16 30 29 18 25 53 34
12: 15 40 18
13: 73 20 81 21 84 10 57 24 8 3 41 56 65 67 6 5 46 2 58 33 51 29 52 14 68 78 69 42 44 63 54 72 61 89 7 48 19 87
14: 21 78 16 76 38 31 42 14 68 79 88 73 69 60 57 37 62 12 89 81 59 1 87 15 27 51 44 35 19 6 3 77 2 61 86 25 55 40 52 63 41 56 22 29 17 24 53 20 65 28 46 64 72 26 4
15: 72 4 84 86 41 46 50 64 19 13 90 62
16: 54 66 37 88 76 90 36 70 23 83 87 82 89 61 3 62 33 51 71 43 40 32 19 44 12 57 6 67 81 77 55 69 7 14 45 31 64 28 38 48 63 58 13 16 74 68 30 78 27 60 41 42
17: 36 41 64 6 89 84 24 29 38 49 76 5 7 42 16 28 11 69 15 55 22 34 67 66 54 60 87 2 62 25 56 19 4 33 46 63 20 47 86 9 43 13 73 10 8 45
18: 43 48 5 77 3 29 79 10 23 25 72
19: 43 14 13 49 4 1 27 12 38 42 15 52 88 76 44 26 10 84 58 68 41 32 63 34 82 81 71 59 29 25 2 51 8 45 83 50 18 62 16 72 64 73 5 21 37 65 90 28 70 17 80 53 24
20: 20 8 77 22 47 84 83 38 78 90 4 37 86 5 57 45 60 81 74 21 15 29 43 69 85 71 41
21: 49 28 41 11 75 79 57 32
22: 82 60 74 61 19 9 50 27 70 65 18 2 36 64 43 89 66 35 72 80 48 78 67 75 14 42 71 41 56 30 40 12 58 44 52 16 46 1 23 39 63 57 76 47 4 53 59 33 86 49 8 24 25 37 6 3 68 45 87 54 62 13 90 20
23: 35 2 73 28 12 81 21 22 74 53 70 50 27 52 69 57 82 24 67 17 10 45 18 85 23 4 62
24: 8 15 37 20
25: 41 76 25 78 86 14
26: 16 31 63 1 41 5 4 19 59 60 39
27: 62 21 2 54 76 51 26 72 86 45 59 16 18 3 19 65 71 9 82 31
28: 66 55 58 78 50 17 53 11 33 16 44 61 10 83 46 8 86 36 49 9 68 56 57 31 2 43 42 69 52 85 67 45 60 71 7 6 81 5
29: 80 36 23 8 89 6 40 60 5 32 4 19
30: 54 64 5 13 31 32 63 45 29 7 66 6 49 12 3 57 68 48 51 47 46 40 76 87 28 71 69 74 88 81 2 56 17 61 4 52 90 70 22 43 15 1 79 37 9 53 58 38 14 10 77 55
31: 21 80 66 79 13 65 55 50 1 39 33 45 31 48 24 41 62 49 8 89 42 75 18 72
32: 46 87 68 59 10 54 50 45 3 76 47 63 21 7 84 37 2 18 42 65 5 69 32 22 82
33: 41 6 25 58 47 79 28 14 54 29 82 17 7 49 89 12 85 63 3 22 55 39 42 66 31 13 45 37 36 35 73 81 64 4 9 2 59 11 78 38 18 76 40 48 87 44 70 86 34 80 83 1
34: 9 44 58 37 15 63 47 43 89 60 51 30 38 80 90 4 31 48 14 50 69 10 72 24 42 11 88 53 46 84 77 13 52 57 70 7 1 87 68 79 5 39 20 82 16 33 26 45 73 36 3 32 64 75 56
35: 73 83 60 22 42 87 6 23 39 12 36 61 44 66 70 72 59 88 40 49 55 65 9 17 69 48 31 47 75 20
36: 61 36 45 30 75 89 40 29 26 83 52 67 15 73 17 72 84 59 69 76 79 50 34 11 44 88 47 56 64 49 9 22 71 13 5 7 63 70 82 58 81 6 51 10
37: 8 4 16 87 9 51 67 40 70 75 5 20 59 82 12 32 23 62 28 54 24 79 14 13 85 72 26 74 17 65 71 42 31 21 11 30 69 60 66 10 76 73 57 36 56 43 47 83 1 53 33 58 81 88 27 68 37
38: 82 60 13 26 51 45 58 63 87 11 9 79 80 7 77 74 66 55 76 32 70 21 12 59 28 73 6 19 34 5 27 84 24 47 29 43 88 75 30 17 44 65 31 49 14 89 42 8 86 78 40 64 54 36 52 62 35 53 37 38 68 48 41 83 71 25 3
39: 50 51 69 32 72 27 33 18 38 45 56 44 30 29 78 37
40: 45 83 14 22 12 63 18 81 40 1 15 29 51 3 61 89 80 50 52 67 90 8 4 77 55 86 36 9 57 39 59 53 48 85 5 27 49 32 73 20 42 47 79 56 65 70 72 2 43 21 41 69 10 13 68 19 74 78 58 60
41: 31 36 6 72 38 69 83 12 28 46 62 84 11 7 22 85 80 47 90 88 79 45 66 44 42 32 27 63 29 3 34 17 25 67 56 14 40 15 77 54 8 39 26 20 76 37 71 4 24 35 57 55 59 1 73 50 13 61 52 51 41 86 33 49 21 60 81 19 16 43 68 18 30 64 2 74 65 5 10 89 9 58 78 87
42: 19 75 38 81 17 60 43 41 45 10 7 30 24 6 77 13 18 16 78 82 58 23 36 48 89 67 39 70 40 72 28 37 26 2 5 8 46
43: 64 54 9 61 50 56 20 30 35 29 15 28 46 74 49 38 23 47 85 83 32 77 25 58 48 16 31 34 37 88 75 3 87 79 73 68 2 36 43 71 26 86 17 72 63 10 53 6 41 40 42 60 84
44: 67 75 29 13 83 26 86 77 27 35 80 11 22 5 9 24 28
45: 80 38 44 76 85 67 72 73 63 42 22 65 87 15 74 51 70 45 46 56 35 36 13 33 71 84 60 9 23 26 77 39 78 27 2 48 89 52 32 90 69 83 79 34 55 81 28 68 43 50 30 41 12 16 54 21 49 88 18 31 82 47
46: 49 56 63 46 57 8 89 90 2 86 24 62 22 39 29 52 21 14 20 59 35 7 74 27 73 78 67 85 68 44 1 18 42 32 36 12 53 45 51 50 66 55
47: 24 18 89 59 49 21 50 73 84 11 36 81 64 19 71 40 38 8 9 13 57 5 87 53 60 83 90 47 76 70 7 23 67 43 29 4 32 79 31 78 72 46 88 2 48 27 77 14
48: 20 55 48 82 1 68 56 18 87 7 36 43 49 32 8
49: 48 15 53 11 50 59 77 17 31 32 74 70 41 85 81 89 35 65 58 18 76 47
50: 38 89 84 62 63 37 78 68 67 17 82 58 19 18 47 35 69 33 46 53 8 66 57 12 25 44 29 51 16 40 52 24 39 61 88 85 71 3 32 80 48 54 79 42 60 90 50 76 72 27 45 34 21 64 36 6 14 13 87
51: 52 86 53 60 32 72 49 47 84 3 39 64 24 22 81 37 4 7 63 9 46 23 42 21 78 71 11 13 5 17 14 16 82 20 74 43 55 19 59 80 36 73 26 48 10 68 67 65 58 70 56 28 40 77 66 69 87 41 79 2 75 89 34 15 44 62 25 54 38 50 29 12 57 27 83 88
52: 59 53 60 33 56 61 22 84 66 34 2 12 78 89 31 85 76 5 50 11 19 1 7 40 90 41 81 62 54 68 24 43 70 79 47 6 44 45 39 55 17 69 58 25 30 26 63 67 80 57 3 83 51 14 16 49 87 82 46 71 35 9 74 48 77 88 75 4 86 64 10 15 36 32 37 23 73 27
53: 7 12 6 11 45 1 38 44 35 2 82 70 42 81 53 4 60 3 85 23 68 76 9 48 22 74 10 13 89 28 34 87 71 65 18 19 33 17 8 39 24 50 72 26 56 41 62 80 46 88 32 25 31 67 29 78 83 49 77 27 40 15 59 64
54: 65 88 76 38 12 7 60 61 59 9 67 63 58 41 87 77 48 55 36 8 66 21 2 73 25 44 80 49 51 52 71 57 62 40 24 39 28 45 68
55: 34 60 52 29 18 40 48 41 32 7 73 30 42 87 36 25
56: 40 82 85 81 71 78 12 2 9 13 11 42 31 73 55 43 10 77 4 25 28 45 62 65 35 61 6 44
57: 9 42 50 23 62 6 4 16 22 8 69 10 71 89 38 83 70 28 74 55 47 1 32 24 33 59 75 39 82 43 58 35 21 31 81 34 20 73 85 60 17 52 78 80 49 64 72 48 14 90 15 77 67 53 13 29 66 36 54 87 37 5 63 7 68 84 40 57 51 86 12 44 88 56 3 61 18 46 2 26 30 76 41 25 27 65 11 79
58: 11 18 19 89 1 75 65 17 49 88 62 56 42 51 82 29 2 55 87 72 23 47
59: 40 41 70 68 9 58 50 79 12 26 84 52 36 60 54 15 8 65 88 6 38 78 33 49 28 53 34 35 27 46 16 20 59 23 32 66 81 22 48 86 39 63 42 76 72 64 11 89 87 57 73 75 69 47 3 13 51 90 14 21 31 2 85 37 18
60: 21 82 36 81 32 23 86 49 26 69 11 43 62 2 76 3 45 30 12 73 15 68 87 28 52 41 31 53 58 77 39 25 84 33 18 6 79 38 10 48 1 59 17 37 16 29 71 46 66 55 88 19 54 14 57 47 5 65 8 35 56 50 72 83 80 75 78 40 44 70 85 13 27 4 24 20 89 64 74 90 61 34 22 51 7 42 63
61: 23 69 21 84 83 49 73 70 75 61 39 82 12 72 31 45 26 51 38 66 48 37 44 54 57 67 22 68 25 7 15 71 76 42 11 47 74 81 24 9 62 8 78 55 29 79 63 18 85 40 50 53 52 86 6 87 5 36 43 16 65 28 14 56 27 32 20 59 46 64 30 35 13 2 10 80 4 19
62: 45 76 5 63 74 81 28 35 8 72 64 3 33 47 83 13 59 22 7 90 55 37 89 43 75 11 85 52 56 4 9 80 79 18 15 23 16 87 44 70 25 21 34
63: 77 20 17 8 39 40 46 56 33 26 44 36 4 9 76 70 89 19 42 7 10 24 30 52 2 58 68 67 25 3 11 27 60 80 13 15 34 75 54 55 14 12 83 61
64: 37 57 63 9 47 11 89 76 14 27 74 70 51 66 36 65 30 46 45 6 31 56 13 16 44
65: 7 83 78 3 57 39 29 60 23 42 28 34 43 63
66: 66 6 67 35 77 30 38 23 53 58 43 60 20 51 41 87 18 48 3 70 34 62 16 59 72 52 46 47 84 90 19 39 9 36 82 27 76 37 4 24 21 81
67: 57 22 17 82 74 5 58 86 64 66 13 60 45 9 19 46 18 61 38 65 53 84 85
68: 2 58 84 7 36 28 9 18 69 56 78 45 48 12 39 90 42 31 14 19 89 52 1 70 74
69: 61 10 78 65 84 36 72 2 4 30 38 12 8 73 14 52 71 79 31 77 21 62 40 39 81 89 87 19 60 53 69 29 47 50 37 57 17 18 43 23 32 26 68 5 41 85 1 83 82 63 59 70 44 7 74 6 24 45 42 22 54 88 49 51 67 86 56 9 3 64 75 55 11 27 90 15
70: 45 64 71 62 80 30 3 76 12 11 83 65 27 17 40 85 47 63 34 37 38 5 26 4 6 28 58 82 1 68 75 72 81 15 51 89 70 50 84 60 59 53 31 39 7 10 23 14 21
71: 57 53 51 5 31 13 29 25 77 83 67 82 30 41 65 19 73 85 50 39 75 7 71 11 26
72: 21 66 9 41 46 17 62 36 13 48 52 29 10 83 18 84 53 71 12 73 76 63 8 31 25 5 39 64 26 23 42 43 68
73: 43 47 35 81 71 69 75 21 19 26 20 14 50 31 56 58 7 41 5
74: 44 18 48 79 81 56 76 90 86 84 31 6 85 72 78 63 50 33 41 46 71 7 47 68 19 65 37 22 89 30 54 77 13
75: 63 71 48 44 42 12 47 11 74 35 89 72 81 13 58 1 25 53 15 16 24 57 54 26
76: 44 11 66 27 51 86 9 68 49 79 62 2 83 18 45 36 81 29 30 70 50 38 13 56 14 59 1 60 84 37 23 69 5 41 53 47 35 20 16 55 42 63 52 71 76 67 48 88 46 77 89 57 25 24 40 28 17 90 73 22 78 31 61 65 8 26 39 74 85 12 75 34 15 80 72 21 4 7 58 54 33
77: 14 16 76 3 19 44 59 11 28 8 12 74 41 51 73 20 15 85 1 61 80 47 27 24 42 39 4 32 53 69 9 90 22 21 46 43 33 29 10 57 48 30 55 65 67 5 75 62 54 37 89 26 6 78 25 86 83 66 64 77 70 13 52 87 81 45 34 38 2 17 50 35 82 79 60 84 18 49 56 7 23 68 71 36 40
78: 36 17 78 72 88 21 3 30 57 49 76 42 80 27 7 40 74 81 18 34 65 26 66 90 46 83 23 54 29 60 1 70 20 59 16 35 33 32 56 68 61 85 38 47 24 37 22 71 5 4 41 52 67 87 63 9 10 14 43 25 28 79 69 39 8 13 19 11 58 73 77 82 44 15 51 64 53 2 62 89 6
79: 83 5 49 89
80: 61 86 48 58 60 34 42 28 21 90 27 18 38 64 87 49 7 15 9 41 59 14 65 69 31 47 54 24 80 12 78 37 30 32 5 46 53 45 3 84 35 66 13 1 73 6 50 70 23 8 39 56 22 36 44 62 11 71 81 19
81: 48 65 43 71 34 46
82: 17 31 35 29 8 84 85 67 56 46 64 63 44 80 50 78 73 10 68 9 89 24 11 22 61 39 34 7 47 88 75 32 2 53 18 57 36 42 23 87 41 19 1 27 79 74 25 43 45 54 48 86 69 70 72 52 58 81 71 40 13 16 5 6 21 76 4 83 49 20 65 28 59 14 15 82 55 3
83: 82 63 23 89 19 52 33 62 24 15 84 26 88 11 73 27 85 81 58 14 32 45 35 44 12 29 9 21 71 28 53 38 49 46 30 5 36 16 66 61 79 68 75 77 83 4 69 78 7 59 10 13 90 22 70 56 43 60 8 76 2 20 86 31 34 40 41 87 72 65 57 42 47 39 37 55 74 18 1 17 48 6 50 54
84: 14 72 70 8 89 86 63 13 39 49 47 35 5 57 27 50 16 44 12 48 60 20 31 24 55 42 28 61 58 78 32 36 15 52 90 10 82 30 65 9 6 59 75 7 22 87 4 34 21 38 53 23 79 84
85: 58 66 73 14 71 88 45 61 74 35 30 3 68 17 28 53 40 31 26 12 38 52 49 27 81 85 63 19 34 51 56 59 79 39 41 23 10 37 69 77 8 83 4 29 84 33 82 9 67 32 13 24 48 7 86 44 11 64 47 62 55 87 16 5 25 50 76 42 21 57 20 2 70 22 65 78 6 89
86: 71 30 66 10 54 57 32 49 64 24 38 22 82 23 58 48 40 87 3 7 88 16 39 60 74 85 84 46 61 65 72 29 59 37 28 89 5 47 12 62 81 21 4 17 1 79 69 20 26 43 15 2 86 67 50 68 19 42
87: 36 70 87 13 60 27 75 17 42 10 57 84 50 68 11 53 44 69 19 82 18 12 7 40 56 90 1 37 32 52 65 2 34 88 14 51 33 89 81 23 6 5 9 43 46 83 49 28 48 59 4 3 22 58 41 67 86 62 71 78 66 55 76 63 79 20 74 29 47
88: 45 60 3 28 50 31 13 57 44 74 54 21 88 6 23 79 55 35 82 58 72 75 78 63 15 52 81 90 26 7 67 8 2 1 68 77 12 47 33 42 56 51 59 83 11 29 73 66 34 36 85 30 10 16 24 14 70 62 71 40
89: 82 35 87 26 5 51 32 60 23 45 19 49 1 4 68 88 85 17 72 16 39 67 42 7 57 6 31 55 22 56 90 81 83 52 34 9 77 13 12 63 43 84 41 46 27 8 2 79 74 53 65 40 54 10 62 75 64 48 66 71 44
90: 26 62 81 40 57 72 55 12 24 89 75 42 34 59 56 5 35 11 18 39 27 21 53 51
1: (37 9) (30 53 52 11) 5 (89 48 10 60 57 77) (69 88) 83 (68 7 70) (8 31 80 33 2) (34 86) (26 41 19 75 6) 76 40 14 (46 78 87 22 82) 58
2: 85 (9 76 11) (46 28 40) (13 4) 78 10 (53 51) (77 86 30 57 69 23 32 7) 61 5 (2 17) (27 22 19 14 59) 88 42 52 87 47 60 (63 82 45) 58 (89 33 83 43 56 68 41 54)
3: (11 38) (51 6 88) 52 10 80 (9 7) (87 27) 63 (66 53) (18 40 33 50) 85 69 (65 34) (70 77) 43 41 62 (86 2 78) (32 60 59 57 13) 30 16 (82 14 22)
4: (57 10 41) 34 (85 47 83 78 37 69 19 26 30 82) 87 (23 29) (70 40 52 14) 86 60 (53 51 61 5 22 2) (62 15) 17 (63 77) (33 20) 76 89 9 (56 7) (66 84)
5: (6 30 76) (42 77 9 40) (26 11 80) 78 (87 52) (17 20) (36 34 47 13 19 32 71 51) 82 (85 72 70 44 79 89 37 61 1 28) (41 29) (38 60) 62 90 (10 83 2 67) (57 73 69) 86 (18 84)
6: (13 36 52) 29 (30 84 61) 60 (59 2 4 80 5 69 70 57 41) (87 77 85 50 56 88) 43 82 (22 38 53 42 16) 6 (28 14 83) 9 (64 33 66 35 17) (89 74 78) 10
7: 32 (53 87 60 2) 68 (28 5 11) (77 69 38 34 86 83) 52 4 89 (57 47) (9 80) (85 61 17) (82 48) (41 65) (16 6 71 62) (33 55 70 84) (76 13) 30 (54 36) 10 74 (46 73 78 42 63 51 88)
8: 78 (60 62 89 59) 88 19 (10 77) (57 83) 80 (46 42 31 69) (11 40 17) (48 47) (41 20 37 22 61 54) (53 63 6) (9 84) (28 2 24 13 29) (38 50) (7 82 72 76 85)
9: 66 (89 6 33 76 54 85) (17 40 77 61 51) (78 9) (67 52) 69 62 43 (4 38 11) 87 (27 82) (44 30 7) (41 28) 64 59 (10 53) (2 57) 83 68 (63 56) 36 (34 47) 45 72 (84 80 37) 35 22
10: (43 40) (83 89 37 36) (82 42 13) (69 10 28) (51 57 19) 41 53 84 (18 52) (86 88) 9 (34 70 85 2) (30 63) (17 61 32 60 56 78) (77 23) (87 72 11)
11: (83 7) 69 51 (80 28 36) (56 37 71) 82 (47 17 49 33 63 10) (34 9 62 70 87 60 38 2) (76 90 4) 53 (75 57 78) (85 61) (41 6 59) 21 58 (88 77 52 64) 44
12: (23 77 14) 38 90 89 (60 80 87 85 16) 88 (37 83 59) 50 86 (51 63) 10 35 70 84 33 (53 22) 7 (19 69) (54 30) (2 46) 41 (52 6 56) 61 (8 75) 45 (68 57 40 72 76 11) 9
13: (71 87 53) 84 64 (56 9 78 72 80) 51 45 61 42 (36 40 10 34 47) (88 74 7) 5 82 (16 77 89 57) (38 60 63) 76 (83 22 75 41) (15 17 33) (6 59) (19 30 50) (67 44) (85 31) (62 37)
14: (76 77) 63 (87 70) (51 25 37 13) (7 41 60 61 78 83 1) (73 47) 2 (4 30 88 57 52 59) (9 40) (69 19 64) 38 (80 84) (82 34 10 50 14 85 46 16 22) (68 33)
15: (30 8 12 88 40) (24 62) 7 (51 77) 52 86 43 (75 17 69) (84 45 76 80 57) (59 41 36 63 78) 60 70 (6 10 14) (49 61) 9 (53 34) 83 (82 19) (2 20)
16: (77 57 88) (5 28) 19 51 66 (42 86 50 62 52) (83 82 9) (16 45 78) 43 (14 61) 34 (85 27 75 76 2) (37 22) 89 26 60 10 (41 59) (64 84) 17 11
17: (83 72) (41 82) (52 60 53 69) 78 (9 2 33 50 23 85) (63 58) 14 (87 36) (19 67 37) (89 57 86 49) 70 42 (38 51) (30 28) (43 35) 10 7 6 77 76
18: 2 (9 74) 49 (50 5 23 69 76 72 31 55) (39 77) 66 (27 40) (87 80 12) 78 59 (32 6 60) (19 57 90 61 68 67) (22 45 41) (46 33 42 7 53) (83 62) 47 82 10 11 (48 58)
19: (40 22) (50 14 9) 63 (6 2) 89 58 77 41 (53 85) 4 (61 13) (78 15 42) 87 27 (7 68) (10 71 17 16 80) 86 (47 60 67 26) (82 66) (38 69 74 29 52) 51 (73 83)
20: 22 87 9 77 17 (13 57 48 5) (78 46) 51 (43 24 11 76 66) 10 (34 73 4) (40 60 84 37 83) (63 86) 6 59 (85 61 2 82 41 35) 14 20
21: (45 70) (80 13 31 9 23) (50 90 88) 46 47 37 (62 7) (83 59 77) 78 (27 14 40) 61 (54 60 41 82 4) (19 32 86) 72 69 (20 10 57 38) (76 66 84) 73 (51 85)
22: (76 60 62) 57 87 (6 33) 32 (78 41) (69 20 17) (61 35) (83 59 4) 7 (77 82 23 51 89) (10 2) 36 (53 44) (74 14 86) (11 67 80 45) 46 84 (52 30 40) 85
23: 66 (29 87) (10 37 65 78 2 53 86) (51 45 52) (82 69 85 72 58 16) 42 (89 83) (43 23) (18 84) 8 (47 35) (88 61 6 70 62 22 60) 80 (5 76 7) 77 59 57
24: 44 (75 38) (63 83 13) (57 7 52) (51 9 42) 80 90 (46 6 60 14) (4 53) 84 (50 88 23) (85 77) 31 2 41 54 (19 69 17) (10 86) 37 (66 61 82 34 78) (11 47) (22 76)
25: (77 33) (43 61 55) 38 17 (52 41 62 53) 50 (5 82 11) (54 63) (60 85 14 6 76) 72 (2 18 22) 10 51 (56 75 71 78) (19 25) 57
26: (53 61) (34 36) (72 14) (38 41 90) (43 45 11 27) (89 44 51 76 2) 7 (57 59) 63 (69 70 86) 73 52 (42 85) 83 19 6 (37 78 88) 71 (77 9 75) 60 10
27: (50 40) 51 (19 61 46) (83 11 80 14) (53 66 52) (84 82) (47 85) (23 59 37 69) (57 87) (60 64 45 4 7 90 2) 77 70 (16 39 38) 78 63 (5 44) 6 76 22 (89 10) 41
28: (88 23 59 41) (51 42) (60 53) 78 (30 76) (2 56) 57 (17 61 33 62 16) 85 43 (11 44 21) (84 68) (82 10) 37 (14 65) 70 (83 38) 87 (6 86 45 77) (7 19 54) 80
29: (46 61) 47 (19 53) 40 30 60 (10 20 17) (44 85 51 83) (76 86) (69 87 8 7) 50 (65 71) 41 (33 2) 38 (36 1) 11 57 43 (6 18) (77 14 88) (13 78 82 39) (55 72 5 58)
30: (60 80 39 52) 63 37 (64 74 88) (86 5) (76 45 38 70) 16 34 (9 36 71 55) (61 42) 1 43 (66 10) (6 78 77 41 57 11 85) 7 (69 22 83) 84
31: 83 (64 37 72 2 31 59 85 76 6) 60 89 27 (74 14) (53 10) (26 30 49 84 45) 56 33 (28 68) 52 34 (73 70 41) (69 88) (80 9 47 43 57 35 82) (38 16) 61 71
32: 30 (61 2 11 80) (46 85 29 37) 45 (55 32 9 5) (38 57 16 52 84 82) (78 89 19 69) 83 (39 34 21 8 86) (6 53) (50 49 41) 60 (40 59) 48 (10 51) (4 87) (43 77) 47
33: 60 (52 37 63 6) (87 53) 11 (85 2 88) 28 (77 13 62 83 39) (50 41) 76 (17 74) 34 (16 45 31 78 57 22 9) (10 59 1) 7
34: (11 43) 17 (53 81) 62 83 87 (85 77) (57 38) (1 63) 59 76 (36 51 70) (45 84 33 9 90 78 89) 66 55 65 (60 52 82 50) 88 41 (6 10 19) 80
35: 10 6 (73 49 38) (60 62 53 89 44) (46 56 84) (50 80 88 52) 66 (41 5 57 23) (43 77 33 90 22 2 9 75) (83 59) 14 (61 76 82 45 8) (78 85) 11
36: (40 43) (16 54 66 29) 88 45 (6 38 87 84) (7 72 22) 17 (57 46 51) 33 (41 83 80 82 68) 9 55 (36 77 37 28 59 61 48 60 78) (42 50 47) (5 2) 69 (64 76 35) (34 10 63) 52
37: 57 (42 30) 19 4 (5 16 10 66 41 61 70 14 60 69 20) 22 (50 74 39) (33 9 85 37) (86 76) (2 77 62 38 24 11) 7 34 83 (59 80 87) (52 78 51) 64 43 32
38: (38 2 57 70 9 51) 33 (84 60) (83 80) (39 17) 6 (30 7 76) (45 53 34) (59 50) (77 54) (19 61) (66 67 43) 20 (86 11) (47 69 85) (3 41 42) (16 5) (14 78 10)
39: 54 (9 53 84) (68 52 42) 71 66 (90 89) (8 45) (26 72) (46 70 78 76 59) (7 63) 33 (6 60 34 77 61 50) (51 85) 40 (82 10) (65 69 80 31 83) (86 22 2) 41 (35 57)
40: (40 60) (37 38) 16 52 69 (56 87 83 57 7 30 33) (12 70) (76 53) (5 61) (90 88) (2 41 86) (51 77) (1 42) 55 (63 89 10 11 36) 50 (59 47) (43 35 82) (29 85 14 54 9) (78 22)
41: (89 53) 74 (71 7 55 59) (42 31) 72 (10 54) (13 17) 49 76 (57 6 20 43 33) (78 51) (77 69) (26 60 22 52) 83 82 (73 14 25) (40 2 45 19) (80 15) (66 38 87) (21 41 16 85 5)
42: 40 55 (4 5 41 72 13 65 38 34) 80 90 (7 69) (57 33 14) (63 17 76 43 88) (50 37) (45 10 9) 77 82 28 (59 84 75 78 53) (46 16 56) (32 2 89 85 6) (61 51 86 19) (31 68 87 60 58) (22 35 83)
43: 61 69 83 56 65 (37 48) 2 11 57 42 20 (30 41 10) 6 72 (45 16 87 9 73) 28 52 66 60 86 (77 34 43 22 17 51 78 18) (89 40) (81 38 19 47) (62 82)
44: (45 63 89) (64 19) (74 78 53 10 6 85 57 52 76 77) 22 88 82 (80 1 75) (16 34 14 38 51 2) 7 (87 39 56) 83 84 (28 54 69 35) 13 46 (33 62) (36 60) (50 41 61)
45: (53 17) 83 32 64 (30 23 68) (9 56 5 4 11 10 19) (39 89) (85 46 82) 38 (33 20) 80 (52 42 70) (69 34 67 40 77) (28 50 61) (6 88 45 41 62) 16 36 22 (60 7) (31 2 54) 27 76
46: 17 (47 4) (81 67 60) 89 (43 11 34) 5 28 (86 72 80) 13 (53 10) (78 50 64) (51 9 2 15) (41 61 52 45 76 63 77 87 30) (83 42) 7 (66 82) (59 57 14) 46 74 (22 6) 32
47: (86 51 80 22) 45 (38 69) (88 85 75 34) 73 (41 74) (33 66 70 60 36 17 30 35 40 84) 47 9 62 (87 6 2 82 52) (37 61 1 32) 58 77 (64 78 8 83 10) (59 49 76 20) (43 57) 50
48: (3 35) (45 47) 74 66 13 84 33 77 53 (80 75) (16 11 43 34) (42 60) (57 87 89 68) (86 55) 48 (9 81 10) (83 31 18 72 82 40) (51 61 54) (76 2) (4 38 49 85) (30 59) (52 22) 50
49: (33 83 51 22 61 17) (47 48 1 2) (80 21 36) (84 60) (54 82 41) 28 30 (89 58) 52 35 (45 43 46 19) (76 57 77 38) (78 87) 86 (53 69) (40 31 79) 85 (5 10) 59
50: (86 2) (84 43) 73 (28 57) 82 6 (70 4) (15 32 34) (40 85) 39 (36 23) (83 5 41) (31 61) (52 45) 22 59 (50 9 77) (87 47) (71 11 46 60) 49 19 80 51 (88 74) (69 53 76 10 7)
51: (90 50) (13 5) 2 (34 6 59) (30 71 16 9) (46 76 39 77) 66 14 (36 70) 38 (37 52) 60 45 (87 69 54 89 40) 19 (85 58 64 27 88) (78 57) (61 10 41)
52: (38 63) (51 46 54) (57 45 85 28 11 19) (66 89 36 77) (69 76 7 6 3) (55 50 61) (84 2 88) 68 (30 78) (59 9 62 40) (72 34 14) (22 23 60 82) 87 (13 41) (10 4) 83
53: (87 38 19 76) (61 69 23 89 22 78 85) 30 (10 7 90) (59 6 75 60) (71 83) (77 52 67) 37 50 43 57 (1 72 46) (51 70 14) 2 49 80 11 (84 28 47 40 66 82 34) (53 4)
54: (43 83) (33 63 6 75 16 50 5 52) 88 (82 13) (74 51) 59 2 (32 80) 76 (3 22 77 38 30) (60 41) 45 (61 9) 69 (89 86) 17 (57 78 37) (10 27)
55: (17 58 60 69) 84 (61 52) 85 (45 28) 62 33 (41 16 11 88 46 9 90 76 63) (87 40 14 54 38) (77 82) (51 89) 83 (31 7) (6 57) (2 48 35) (56 30) 10
56: (73 57) (90 5 10) 89 (53 80) (63 39) (36 13) 7 (62 46) (37 87 78 88 77) 17 82 (30 58) 64 (8 61) (45 14 48) 6 (43 52 85) (22 60 40 28 83 69 68) 41 51 74 (34 9) (76 2)
57: (54 85) 4 (65 10) (90 16 40 30 20) (61 78) 76 14 71 41 83 (13 84 9 69 2) (60 34) (75 87) 59 (7 47 77) (51 21) (28 57 89 86 50) (67 46) 23 22 88 37 (64 82 52) 6
58: (50 54 16 87) (66 88) (51 49) (75 84) 42 (63 6) 82 11 (80 70) (67 60) (43 36 9 28 41 68 40 86 73 5) 30 (52 83) 10 78 85 2 22 33 34 (13 59 37) (76 38 19 57)
59: 19 (84 77 69) (2 46 57) 14 82 (52 49) 41 37 86 32 (47 87) (22 76) 35 (36 40 5) (33 90) (78 26 66 80) 83 (51 62) (88 38 10 53 6) 61 (70 59 54) 27 (60 85)
60: 57 (67 16) 70 10 (35 83 86) 65 (40 54 59 41) (84 45 50 55) 80 (52 66 51 69 53 17) (87 88 47 20 42 26 6 89 29 76 63) (78 38) (5 37) (28 34 14) (43 77 22)
61: (4 14) (60 83 43 56 76) 61 40 (84 35 16) (57 63) 41 (54 50 80) (86 78 5 52 28 7 67) (36 85 69) 6 22 (77 82 10) (9 30) 13
62: (41 51) (15 38 56) (7 19 6) 78 (27 10 61 70 23 16) (86 5 85 50 89 58 87) 83 (46 14 60 57 80 72 90 66 52) 77 (22 54 9 31) (76 17 69 37) 88 53
63: 82 51 (89 69 38) 61 88 (32 34 59) (9 36 70 40 14) (52 72 64 75 16 45) (57 17) (6 84) (43 65 83 30 26 54 13) (62 78 74) 22 (10 41 87 50) 76 (60 33) 4 46 19 85
64: (50 82 52) 72 (59 11) (70 41 51) (85 30 53 38) 69 1 (17 86 78) (16 5 60 10 22) (43 34) (19 61 57) (15 9) (89 67) (80 36 14 33 77) (62 47)
65: (58 67) (49 78) (37 2) 54 (80 56 84 31) (22 69) 5 (38 10 9 70 59 45) (60 32) (76 64) (40 87) (83 86) (89 74) 82 (27 85) (77 57 14) 35 (71 41) 51 13 53 (81 61 19)
66: (22 6) (41 51 37 80) (76 77 11) (33 54 88 30) 59 16 (60 57) 50 (85 28 52) (10 9 72 31) (66 89 46 17) 35 (64 87) 61 (83 78 5 86 38) 67
67: (6 63 23) (4 47 42 17 28 46 8) 82 (57 89) 2 76 41 (88 87 78 36) (61 53 9 40 54 69 86 66) (85 5 37) 50 (16 77 13 10) 52 51 (71 45) (22 44)
68: (14 45) (37 43) 30 9 (10 61) 7 (22 76) (13 63) 54 87 (82 38) 52 28 (74 72) 60 (40 69 6 2 8 77 5 57 19) 16 (50 83 51) 88 (89 53 59) 48 (41 34 70 86 11 32) 78 (46 85)
69: (86 51 60) 7 (11 23) (10 4) (76 14 2) 73 35 (16 83 36) 13 87 9 50 28 (20 80 61 59 37) (85 40 17 32 34) (68 6) (39 52 45 82 41 78 69) (57 77 30)
70: (88 70 69 33 5) (84 85 83 60 63 6 59 80) (45 7 38 47 87 22) (42 40) (66 23 76 36 30 78) (53 34) 61 64 (62 52) 82 (51 19 37 49 10) 77 (2 4 68 57 35) 16
71: (73 57) 69 (78 28) (52 19) (87 81) 37 6 50 (76 43 47) 36 (82 72 77 56 41 80 45) (86 20 71 16) (61 22) 10 51 27 85 (74 53) (70 88) 83 (11 89 2) 30 (54 75) (60 7) (38 9)
72: (27 50 19) (47 41) 90 45 (70 61 43 88 51) (14 60) (59 58) 42 2 (31 22 10 39 15 84 78 40 53 35 37) (82 9) (57 62 75 74) (18 83 36 76 89 34 7 13 5) (66 6) 86 69
73: (54 55) (35 2) (51 10 34 23) (4 33) (85 56 69 13) (38 76) (6 47) (43 71) (41 45) 14 (5 59 60) 52 72 (9 36) 77 (7 78) (80 61) 46 (19 83) (82 88 17 40 57 37)
74: (89 61) 41 46 (67 64 23) (69 87 37) 6 60 9 (43 85) (52 45) (53 88) 49 (8 51 16 57) (10 38 2) 83 (75 86) (82 20 77) (76 40 30 62 78 68 22)
75: (90 69 42 43) (44 37) 70 52 (4 89) 62 60 (21 9 57) 61 84 (63 88 36 82 87 59 31 51 83 58) 38 73 (34 2 22 10) (77 5 35 76) 71
76: 37 2 14 (66 74 61) 45 70 47 60 63 (9 36 17) (62 27 50 19 16 52 85) 78 4 (53 59) (22 10) (41 64) 32 (30 76 25) 54 77 (57 82 72 38 87 83 6) 33 49
77: (53 49) (10 71) (88 30) 18 (85 7 83 16) (38 77 44 78 52 41) 74 (69 2 6) 45 14 63 (54 40) (56 66) (5 47) (4 11 76 43 51 60 9 89 1) 57 42 (20 34)
78: (82 68) 74 59 (6 28 5) (84 85 42) (88 52) 77 (40 38) 33 47 (57 80) (14 78) (20 13) (50 56 41) 9 (45 16) 51 (11 46 87 25) 65 (22 39 76 69) 83 10 60 53 61
79: (85 14 9 62 33 76) 60 78 87 (88 89 69 5 11) 84 (6 74) (61 18 50 86 47) 57 (45 7 40 38) 59 30 41 (31 52 10 83 37) 34 (36 77) (51 82 43) 21
80: (70 50) 38 (41 57) (31 60 52 29) 11 (22 77 44 34 63 19 40 53) (33 82) 62 (76 6) (51 80) (61 78) 54 10 (2 45)
81: (4 88) 89 78 (16 49) (47 40 85) (11 33) (75 36) 5 (61 20) (60 59 30 80) (90 62 19 83 56) (74 14 82 53) 66 (13 87) (37 76) 23 (70 9 69) 86 (52 41 10) (73 42) (45 51) 57 (28 77)
82: (71 37 70) (5 67) 82 (89 51 16 69) 86 (83 61 50 23 19) (27 84 34) 9 (78 45 53 56) (10 77 87 85) (88 42 60) (11 32 38 36 58 66) 22 (2 48 33 57 52) (4 6)
83: (69 36) 2 (5 62 85 4 45 10 3 52 37 40 77) (87 33 35 65 71 41) 61 83 (57 11) 88 (9 72 16) (53 28 63) (1 79 38 89 76 82 70 60) (78 43 51) (47 19) (44 20)
84: (84 7 41 52 13) (60 80) (61 72 2) (50 57) (17 51) (82 19 11 76) (6 4 66 10 20 15) (74 69) (83 87) (32 59 85) 34 (89 70 36 67) (68 47) 86 (45 43 77) 38
85: (49 89 71 50) (56 57 33) 46 (45 78 28 61) 77 69 (74 5 9) 40 (67 85 20) (6 86 52) (23 76) (83 59) (10 7) (62 70 60) 53 (41 2) (82 88 37) 43
86: (59 10 11 83 28) 77 (2 67) (84 80 57 40) (43 33) (27 51) 38 (69 22 46 60 82 44 87 9) 15 (86 25 41 74) (20 76 6 61) 85 14 17 52
87: 59 (11 78) (35 89 58 45) (47 48) (87 53 2 52) 7 62 (22 57 34 38) (51 16 84 43 33 5 14 10) (80 37 69 54 86 66 85) (9 61) (60 50 77) 32 41 55 30 (1 82) 83 13 17
88: (5 47 43) (82 86) 41 (83 19 36 52 35 7) (34 6 57 78 85 87) 50 (53 16 88) (51 69) (2 37) 89 (38 14 59 30 10 45 76) 54 (58 60)
89: (58 85 68 13) 41 (9 70) 87 50 29 45 90 11 (86 59 76 46) 42 77 (14 38) 69 74 (53 60 6) (75 5 34 22 17) 16 (47 36 62) 79 57 (83 52 63 49 64) (10 33) 84 (40 78 31) (82 51)
90: (52 83) 22 (88 68) 20 (47 57 46) (62 41 59 87 45 50 89) 66 (10 16) (7 77) (15 80 78) (19 34) (76 40 69) (30 5) 60 (84 74) 2
