90 90
1: 73 86 13 56 59 70 39 6 51 17 14 21 34 33 19 43 71 36 12 67 66 54 16 77 10 65 27 78 68 79 26 63 48 20 45 2 15
2: 61 22 20 62 65 50 39 73 59
3: 70 60 49 58 14 4 22 2 88 54 48 51 11 7 16 46 89 65 71 45 72 78 62 68 50 31 69 1 53 63 12 76 29 90 26 33 73 9 82 23 55 37 85 25 77 28 13 17 86 84 47 38 44 56 79 10 64 42 35 30 27 6 67 61
4: 28 56 1 21 24
5: 53 89 67 13 46 55 18 5 71 23 68 26 75 57 78 21 60 7 73 51 20 81 29 17 11 1 25 41 34 12 8 45 58 64 19 69 50 52 36 90 62 49 76 84 28 32 61 3 37 65 77 42 31 83 33 82 63 70 27 6 43 38 66 39 22 80 40
6: 76 70 1 17 9 55 56 51 2 34 24 15 81 19 29 53 71 30 6 23 72 39 18 77 21 32 40 57 86 37 58 26 85 63 43 44 12 78 61 89 64 10 90 83 47 38 49 74 5 13 45 59 20 65 67 62 46 50 36 73 87 42 22 4 80 25 8 60 66 79 84
7: 9 34 75 53 84 16 18 46 42 2 20 66
8: 3 29 12 81 58 63 67 26 23 45 90 62 27 5 37 14 61 38 2 56 33 16 20 50 22 7 73 43 60 78 59 52 83 85 19 6 39 36 51 1 34 82 31 28 65 74 84 21 72 35 48 79 46 41 68 88 4 66 54 69 49 75 77 80 76 57 10 44 40 9 55 89 18 47 87 70 71 30 64 8 15 24
9: 38 78 13 28 24 23 86 49 6 32 58 40 66 62 53 46 71 82 70 10 65 2 51 85 5 33 7 34 75 68 56 1 81 17 50 52 9 87 80 48 29 11 61 77 19 84 57 72 18 76 27 60 41 73 21 15 3 8 44 54 16
10: 32 70 61 54 58 77 46 76 15 6 25 42 71 40 90 18 83 85 89 75 8 82 43 19 65 44 53 29 39 74 24
11: 82 12 11 4 2 21 47 77 49 6 5 30 34 67 48 27 59 61 7 65 75 53 58 54 73 86 32 35 38 85 29 8 39 41 71 90 87 79 17 20 72 69 52 83 42 9 51 24 31 50 16 44 33 55 56 60 36 46 62 80 26 57 18 81 14 1
12: 88 58 22 26 40 85 3 81 15 79 66 10 57 11 75 82 70 35 16 38 29 31 71 46 69 25 67 47 74 63 52 49 65 6 23 44 90 32 39 24 83 36 51 7 89 86 53 87 12 27 20 33 1 4 43 64 8 48 18 30 55 62 59 84 17 50 41
13: 53 63 83 74 5 13 52 12 43 21 58 88 55 59 42 69 22 11 35 10 70 56 71 78 17 7 84 62 50 72 44 3 40 60 75 16 38 39 9 19 24 41 81 46
14: 47 61 63 20 3 28 78 70 31 49 6 81 10 17 11 84 33 2 14 16 32 27 86 23 1 66 5 22 71 50 43 26 53 62 83 39 35 68 36 48 34 42 82 44 46 45 41 21 57 60 80 9 7 59 54 15 58 73 4
15: 4 7 13 29 8 17 11 72 65 51 39 19 27 28 82 12
16: 50 1 15 6 37 35 41 23 90 4 58 11 2 80
17: 27 9 10 87 40 13 74 41 51 76 46 21 66 48 4 75 29 81 65 15 38 19 31 63 88 61 2 5
18: 21 10 24 75 62 4 87 55 74 28 18 8 3 12 14 38 83 84 30
19: 24 58 48 17 52 15 73 86 11 4 51 19 54 50 46 39 87 34 31 65 74 71 36 88 44 49 80 3 63 77 16 29 20 42 7 30 28 57 1 60 56 43 45 38 84 90 75 26 79 18 37 68 69 22 6 33 10 64 78 85 72 70 40 81 59 53 13 55 76 41 62 25 61 83 82 5 35 2 27 66 8 9 32 21 89 14 12 67 47
20: 84 47 33 41 18 59 57 58 71 11 80 39 70 24 50 90 55 78 19 1 76 36 79 32 81 35
21: 51 87 1 33 45 66 27 74 39 60 20 53 2 88 15 76 62 54 50 80 79 40 19 37 16 29 25 68 75 22 41 78 58 49 46 14 83
22: 39 32 11 77 71 48 34 75 22 17 53 8 83 63 70 44 7
23: 4 6 46 70 17 9 14 64 49 30 3 75 13 10 60 32 87 85 22 80 40 16 58 42 89 8 78 27 53 29 50 39 66 45 43 84 41 28 69 67 1 55 20 37 74 36 81
24: 85 71 58 40 21 84 10 75 32 79 11 12 27 53 67 13 66 86 46 2 51 16 28 57 49 74 37 61 59
25: 5 69 28 84 29 79 55 70 9 83 46 49 56 57 7 27 45 14 1 4
26: 14 70 22 37 45 55 4 17 39 53 69 1 83 73 86 7 64 50 82 85 6 34 33 2 43 76 89 75 51 74 29 38 65 46 66 60 77 15 23 47 72 59 80 44 84 18 20 81 32 63 11 9 5 25 3 61 58 16 8 21 88 10 36 78 79 28 67 35 71 49 54 30 62 42 56 40 27 68 12 31 87
27: 19 75 61 56 78 5 34 71 64 3 81 46
28: 68 66 88 52 19 21 3 25 85 49 43 73 86 2 27 29 74 47 55 35 7 15 33 44 1 42 37 87 81 17 65 54 32 20 84 79 75 34 57 8 45 70 26 5 51 9 78 14 69 67 28 40 50 6 22 82 4 30 36 10 72 77 31 59 41 63 24 60 58 56 13 11 12 23 89 53 76 38 80 61 16 83 90 39 46 18 71 64 48 62
29: 33 67 75 19 89 57 63 31 43 7 88 25
30: 71 37 78 16 48 63 44 73 15 89 6 29 72 86 12 90 9 58 27 11 87 74 88 33 81 20 10 18 7 30 59 21 83 23 68 62 60 47 28 64 49 26 50 38 4 46 75 45 54 55 3 34 80 51 40 25
31: 51 71 82 41 9 67 5 14 61 43 19 49 16 66 68 18 65 69 28 25 56 1 42 62 48 35 2 73 83 85 84 37 75 6 7 52 86 81 59 26 34 36 46 24 44 40 38 12 80 30 13 76 22 54 89 47 23 70 17 60 3 78 32 53
32: 40 61 69 52 5 2 41 17 23 15 28 47 18 13 74 21 50 55 3 1 25 33 78 84 9 71 70 14 82 60 88 64 42 77 58 45 83 34 29 12 49 81 63 30 43 11 48 54 37 85 51 10 53 20 57 67 76 27 80 6 46 56 68 19 26 66 35 72 73 90 32 8 16 39 62 22 87 31 4 75 7 65 89 24 86 38 79 59
33: 5 14 85 89 44 47 42 73 86 54 56 50 88 52
34: 45 80 58 34 11 43 4 87 51 22 48 52 14 60 17 6 9 46 12 2 5
35: 16 37 82 32 88 52 73 69 29 25 14 27 65 39 11 53 83 8 5 61 78 40
36: 56 62 38 11 37 65 35 60 44 74 80 70 45 8
37: 55 2 69 41 31 77 48 89 50 87 51 27 59 47 33 79 15 83 35 81 82 9 21 8 42 10 30 57 76 37 54 84 45 29 39 85 11 75 26 12 53 68 67 78 16 38 32 19 86 20 65 49 25 44 4 46 43 70 90 62 36 58 7 80 71 18 61 74 66 72 3 63 56 14 40 5 23 52 34 13 1 24
38: 77 28 20 85 24 42 84 26 38 69 18 45 70 29 62 25 23 43 8 64 36 86 22 30 57 47 49 17 35 46 81 59 66 74 83 54 21 82 89 16 2 5 33 32 44 11 19 7 61 53 75 90 60 79 37 87
39: 5 29 34 13 23 54 74 35 52 68 12 45 72 37 80 67 56 87 71 26 53 19 49 66 17 47 31 42 65 2 18 78 75 81 84 15 11 86 8 38 69 22 24 7 51 20 21 59 60 44 64 70 39 9 62 90 82 79 4 27 55 10 36
40: 47 25 31 72 87 6 33 57 59 46 35 61 60 32 21 8 23 55 28 84 1 83 70 40 29
41: 1 37 16 45 9 69 7 52 90 48 61 24 30 54 55 59 78 66 26
42: 84 8 50 88 16 45 9 58 26 85 4 57 7 15 3 90 10 14 71 75 21 49 31 36 68 28 79 24 52 76 74 43 48 11 32 12 44 33 19 81 66 72 61 63 29 38 56 70 55 22 82 1 83 25 41
43: 37 4 40 48 24 53 77 25 21 90 35 57 70 71 85 13 30 7 47 22 69 31 86 38 63 29 42 88 74 58 55 43 23 79 52 26 10 65 50 17 60 34 20 54 76 11 44
44: 27 90 23 21 34 84 50 9 46 69 67 56 63 38 26 28 53 76 80 49 87 25 70 68 62 47 71 78 37
45: 24 39 60 84 20 74 12 1 22 11 41 63 77 85 43 23 2 18 61 58 21 25 37
46: 43 80 64 26 81 1 63 65 30 39 44 90 13 36 23 71 22 50 4 41 8 3 25 72 67 16 33 15 76 85 86 75 46 34 70 35 14 79 60 49 19 88 5 29 27 10 24 55 51 18 11 7 12 2 61 42 82 37 21 56 17 58 74 47 54 45 31 69 6 48 62 73 68 38 28 53 40
47: 77 73 22 19 75 41 7 69 57 40 42 63 16 47 88 11 50 24 30 86 39 85 51 23 28 31 3 1 14 21 37 58 4 32 18 90 52 66 8 10 44 81 70 43 60 55 13 80 9 65 20 76 72 78 17 82 87 38 48 59 49 71 64 67 29 25 84 45 83 79 34 33 35 36 54 62
48: 34 36 14 68 11 61 53 67 16 30 49 47 3 31 56 22 21 77 54 38 23 59 27 25 89 65 88 7 24 64 70 86 62 69 72 26 18 42 17 73 48 28 75 81 80 32 35 60 85 51 46 83 8 90 58 66 33 29 13 19 9 39 6 79 20 37 63 4 74 57 5 50 44
49: 27 25 66 64 50 88 67 49 60 45 2 46 23 43 47 70 78 89 32 81 39 75 84 34 77 20 76 38 14
50: 21 39 43 76 87 72 81 18 79 19 80 32 26 29 13 62 84 60 25 63 61 48 78 86 90 46 54 47 75 36 20 22 2 40 89 67 57 44 10 6 52 15 8 51 14 4 71 55 73 70 38 53 9 33 50 82 28 49 68 83 85 59 77 58 88 27 30 3 35 17 56 23 45 11 24
51: 81 22 69 11 82 14 73 9 51 77 8 15 42 1 56 78 66 7 16 38 3 19 44 55 40 37 26 36 64 12 23 13 57 10 20 4 68 17 31 75 80 28 90 83 61 29 35 89 71 84 5 76 48 60 86 58 65 41 21 85 33 27 53 25 70 46 72 2 67 74 63
52: 49 8 37 70 69 55 24 66 10 15 87 25 57 39 31 74 75 38 2 28 16 14 11 4 78 17 36 33 72 73 20 64 44 53 21 9
53: 83
54: 53 1 12 26 74 45 28 79 5 21 58 24 62 50 22 32 36 51 49 38 86 69 14 55 33 68 47 85 64 81 73 18 20 37 39 83 29 3 44 6 70 77 41 2 72 16 54 87 60 8 76 43 65 23 67 9 15 63 52 34 48 19 25 17 56 90 31 80 11 7 88 89 82 59 61 4 42 30
55: 80 12 27 81 26 39 7 60 21 79 46 28 74 73 59 13 88 1 61 17 9 89 83 76 11 52 48 50 33 23 36 38 53 55 32 29 34 65 54 31 19 78 45 25 62 86 63 41 44 37 66 68 8 49 90 57 35 14 70 58
56: 22 25 51 81 18 61 68 54 23 88 43 48 90 66 28 70 53 58 45 8 62 16 83 21 6 52 12 40 85 63 79 55 49 71 24 11 76 4 46 32 13
57: 56 3 72 43 41
58: 52 63 54 36 17 50 59 26 7 12 20 22 75 6 4 62
59: 1 50 40 66 4 73 71 25 58 46 20 9 13 23 79 61 44 77 52 16 36 57 48 81 37 67 68 56 15 42 53 26 78 63 83 19 43 34 60 80 45 12 33 86 70 11 31 21 47 76 88 64 10 89 41 17 22 28 62 75 3 59 49 51 38 30 55 5 39 74 87 7 65 69 24 85 90 54 14 18 84 82 32 29
60: 83 46 72 87 25 73 58 88 78 84 34 1 37 17 64 8 27 9 65 43 53 13 45 74 26 77 24 59 10 21 75 80 55 57 86 15 23 67 48 49 81 44 50 40 32 7 30 36 35 29 4 31 3 42 54 70 71 38 33
61: 48 40 21 39 90 72 13 6 12 17 71 8 54 58 52 34 16 10 50 64 11 9 62 41 56 65 27 19 82 2 30 28 74 79 3 31 38
62: 9 45 8 7 90 47 25 50 82 28 77 5 64 78 83 2 26 49 81 54 24 60 35 4 18 86 42 75 3 29 73 89 65 66 38 88 68 20 84 62 74 44 1 43 30 36 23 70 34 55 51 67 39 71 61 57 33 59 17 15 31 40 85 11 13 69 6 87 80 19 41 12 72 46 27 53 16 76 14 58
63: 28 21 32 84 27 70 90 59 71 13 86 1 58 49 79 62 33 76 43 19 55 20 74 78 34 14 44 89 9 6 10 51 46 39 65 26 16 23 67 69 8 83 40 75 73 50 77 52 53 72 7 15 48 45 29 68 17 4 25 38 81 87 35 18 3 63 64 30 54 66 88 60 85 36 12 31 11 24 5 37 47 41
64: 32 75 80 5 81 61 53 3 69 41 50 28 51 78 82 67 31 26 12 18 27 49 10 79 39 38 16 25 15 7 24 87 56 65 70 68 21 57 46 6 83 17 55 52 36 64 23 29 2 34 9 33 40 73 35 90 22 77 42 20 84 85 86 44 13 1 19 88 59 62 76 60 45 58 72 4 48 43 74 71 14 63 37 47 8 54
65: 38 59 30 50 21 77 70 44 81 69 31 64 45 47 29 62 58 74 27 7 65 75 4 89 73 72 76 10 42 86 46 28 51 71 13 63 85 3 88 49 39 66 60 40 17 33 43 12 25 82 23 41 83 61 14 53 18 34 52 26 55
66: 25 22 32 85 65 43 37 51 10 66 41 63 90 38 12 3 60 36 34 28 64 29 73 42 23 61 14 56 72 2 44 45 59 89 35 88 24 5 87 8 16 17 58 55 4 9 11 69 53 15 18 67 57 33 74 47 50 26 71 77 27 6 46 62 13
67: 30 25 40 1 62 16 76 48
68: 89 56 82 83 53 3 70 64 45 29 50 12 78 63 86 28 57 25 14 1 37 16 10 42 38 66 77 75 79 55 69 6 62 85 4 88 90 74 41 72 18 84 47 7 13 58
69: 58 25 26 24 80 35 3 42 66 75 89 6 54 11 40 38 46 9 19 68 7 32 36 15 84 10 43 59 47 23 86 17 62 57 60 1 74 12 83 39 13 69 16 50 22 45 78 31 29 2 71 79 64 4 61 20
70: 16 8 50 25 83 48 78 12 35 37 5 57 82 39 65 13 81 59 30 21 23 32 34 43 38 88 61 70 1 47 69 56 7 53 54 49 79 40 26 46 64 41 60 71 68 6 73 55 85 58 9 52 89 29 19 14 10 80 36 18 15 62 4 33 22 87 44 67 72 11 31 51 84 20 76 2 28 86 3 24 77 27 45 75 74 90 66
71: 26 88 55 52 77 33 15 40 6 56 87 18 65 82 9 50 34 5 44 1 8 78 89 86 90 66 84 10 80 29 39 31 71 14 62 49 81 79 38 74 30 64 13 28 73 48 47 75 68 36 3 22 51 25 19 11 76 32 42 57 7 37 85 53 58 46 16 83 27 54 69 35 24 21 4 70 17 20 41 63 60 72
72: 57 88 69 5 67 24 68 37 41 48 38 58 31 81 17 32 15 30 77
73: 88 9 66 37 34 75 62 84 18 78 1 54 3 77 49 10 51 42 53 82 44 2 79 6 50 7 86 58 27 22 46 8 38 85 83 31 89 48 70 17 15 87 64 30 61 69 73 65 35 67 39 14 68 21 19 20 71
74: 56 21 14 64 71 4 40 41 79 16 90
75: 86 9 37 57 71 56 61 13 42 70 88 58 18 74 53 55 38 63 39 49 89 40 24 22 84 17 6 83 7 65 64 66 90 67 60 44 15 62 14 82 32 87 76 45 21 19 50 27 25 78 80 59 43 5 47 36 2 81 23 46 8 68 20 1 85 75 79 51 26 31 34 48 73 10 77 12 54
76: 52 12 16 62 31 3 53 42 30 25 26 51 4 67 37 28 22 58 61 60 1 71 41 74 88 45 38 81 78 75
77: 61 23 25 89 42 82 20 83 19 17 68 26 28 44 27 59 84 64 45
78: 47 1 40 57 78 74 50 75 19 46 80 48 85 14 36 10 8 34 71 2 30 55
79: 32 55 30 29 77 49 43 62 3 58 48 53 36 73 19 81 2 71 65 51 54 24 69 50 26 79 87 34 12 28 64 56 44 16 18 80 68
80: 56 61
81: 51 88 39 87 37 71 80 16 82 5 17 19 83 25 4 61 48 46 1 24 78 27 38 84 15 18 67 40 76 59 43 41 65 6 12 58 86 32 52 2 31 20 72 85 14 11 33 26 66 44 49 89 73 79 34 13 30
82: 83 38 20 4 56 2 54 34 30 23 85 70 50 49 40 10 63 75 82 87 53 48 71 58 7 88 19 77 73 81 43 32 36 33 79 76 24 68 51 67 44 14 86 3 1 5 90 66 11 89 62 27 9 29 55 26 84 25 57 15 45 52 17 21 42 74 78 80 64 16 18 6 47
83: 85 47 63 76 40 52 61 50 58 66 7 86 59 43 37 57 26 77 42 22 31 21 55 51 15 56 78 87 54 60 68 71 49 30 1 23 53 13 11 10 46 62 88 2 83 38 64 29 24 80 33 35
84: 62 85 11 40 74 86 49 47 87 61 26 33 67 6 68 52 65 55 51 76 2 18 50 38 22 90 81 89 29 80 53 54 24 31 64 32 66 69 56 20 82 30 14 71 72 84 78 83 16 58 79 42 9 8 25 57 5 12 19 10 36 77 13 73 70 35
85: 15 83 74 59 78 28 75 89 49 24 40 46 18 12 79 35 20 33 21 61 27 62 88 4 38 54 39 13 52 14 55 77 81 31 41 11 34 84 68
86: 1 39 23 76 18 72 35 13 87 82 24 66 75 3 54 9 45 7 60 86 88 53 61 47 78 63 62 48 56 32 12
87: 38 10 17 37 7 89 88 35 53 12 27 75 44 9 49 77 47 76 87 2 55 60 26 74 79 54 71 34 58 69 64 14 23 78 29 45 24 40 65 68 5 82 30 50 85 73 83 86 21 13 8 15 3 90 20 56 67 59 43 22 46 25 6 33 80 51 19 41 63 42 70 61 39 84
88: 12 17 49 10 70 76 62 1 72 67 37 77 73 43 38 24 2 84 20 22 74 30 27 48 29 85 58 45 50 64 54 4 60 21 61 71 44 28 82 59 19 33 68 16 15 23 79 5 56 52 41 26 42 78 65 75 40 25 6 81 46 86 53 63 14 7 69 66 36 47 55 11 8
89: 71 75 64 21 41 89 12 79 32 55 29 45 51 35 52 22 42 33 2 5 46 83 56 1 9 17 86 16 66 4
90: 85 80 35 45 42 84 7 30 79 6 51 60 59 24 37 70 61 57 3 67 78 46 65 28 71 63 22 54 62 81 8 88 2 68 17 58 90 87 72 14 25 52 19 39
1: 40 (70 4 67 75 19) 37 (86 45 42 76 28) (16 55 5) (73 26 25 83) 3 (31 81) 54 11 (71 64) 32 82 (20 23 14 9) (69 12 89 63 46) 51 21 (41 62) 68 (60 8) 59 78 (6 47) 88
2: (54 51 34) (78 84) 1 (79 69 19) (45 61) 62 (16 38 87 14) (26 82 73 50) (11 70) 9 (7 17) 24 (32 66) (64 83) (46 52 8 81 3 89 6) 21 (49 39) (75 90) (31 37 28) 88
3: (69 82 70) 57 (79 27) (30 32) (63 26) 86 (90 18 64) (23 68) (28 46) 42 (59 50) 51 47 (31 73) (12 71) 76 (61 8) 62 (60 19 5 48) (9 13 66 14 37 65 54 87)
4: 58 (70 68) 30 69 89 (65 88) 28 19 (12 82 64 85 17) 52 (34 62) 63 (56 11 3 16 43) 66 23 (32 76 59) 81 (71 18 8 37) 25 (14 46 42) (48 51 54 60 47 39 50 6 15) (26 74)
5: (13 66) (48 63 81) 38 (39 34) (31 51 26) (72 87 89 71 17 75 37 59) (54 11 82) (84 27 9 62) (32 19) (28 5) (35 88 46 70) (14 8 33 64) (25 6)
6: 23 (10 90 28 69 61 30 3) (32 26) 14 (11 62 71 1 50) 70 (84 63) 87 (82 58) (64 19 54) (68 34) (16 88) 6 (9 48 46 5 12 81 73 75 66) 56 (8 31 40)
7: (71 55) 88 69 (75 13 90 48) (39 14 29) (46 54) (32 42) (26 58 70) (12 83) 15 73 (60 9) (82 47) (51 38) 25 (3 68) 59 (41 64) (31 86 43) (37 8 87 22 19 11 65 28 5 30 62 63)
8: (61 19 78) (48 73 56) 35 (18 75 90 5) 54 28 (63 64 37) (22 70 88 32 8 46 26) (40 84 87 50 12 10) 52 (47 38 55) (39 11) (36 71 23 62 51) (60 6) 15 66 9 42
9: (8 59 23 14 9) (70 71 31 25 11) (7 39 28 48) (64 61 73 41) 47 (6 63) (52 54 89) 69 13 55 62 (50 32 86) (51 82) (44 3) (37 66 87 30) (60 42) (34 26 84) (75 17 19)
10: (84 23 73) 59 82 (13 8 64) (63 75 65) (17 69 1 6 50 47) 18 (60 14 26 46 71) (66 30) (3 70 88 78) (43 39 37 9) 51 12 87 (68 61) 19 (28 32 52) (83 42) 24
11: 70 47 55 16 48 81 (26 59 84 19) 69 82 9 (28 38 22) (39 54 20 3 11) (15 71 42) (35 63 13) 12 (45 83 30 5 37) (43 85) 52 62 34 (66 50 36 56 32 46 24) (61 88 51) 14
12: 70 (54 3 58 62 55 86) (69 46) (12 66 37) 32 56 (15 28 26 11) (87 1 68) (61 59 5) (13 81 31 65 30 75 64) (76 84 51) (45 89 79 42) (24 34 19) 63 85 6 88 (18 8 39)
13: 70 (55 37 9 60 66 39 86 19 68 63) (84 15 83 5) (71 13) 50 (17 62 61) (87 32 81) (3 64 23) 6 69 (75 59 51 48 47) (1 46 31 85) 56 (28 43 24) 65
14: (11 70) (31 85) 64 37 78 (51 1 71 87 55) (84 68 66 33) 28 14 48 (47 42) 50 35 (34 46 32 75 21) 54 (73 63 26 65) (3 62 88 90) 18 (74 81 49) (8 59 23) (25 19) (82 52)
15: 21 26 (10 32) 19 (28 82) 73 17 (37 8) 52 (87 14 39 16) (88 64 42) (63 60) 54 (70 71 83) (6 72) (50 12 59 85 46 62) (51 30 9 69 66 81) 75 1
16: 1 59 19 (26 74 8 48 35 21 14 79) 76 (70 11) (9 61 23 51 84) (71 30) 37 (82 81 64) (69 54) 38 (63 32) (62 13 28 52) 56 67 (12 66) (89 7 41 47 88) (31 68) (24 3 42 46)
17: (26 60 28) (3 77) 82 (88 89 81) (47 62 6 90 63 64) (73 9 32) (59 43 5 48) 51 14 (13 31 34) (11 19) 58 12 (22 61 52 55) (23 65 75 50 87 71) (54 46 39) 38 (72 1 69 15 66)
18: (26 48) 47 (84 66 63) (7 68 28 12 8 54) (82 31) 64 (39 56) (37 62 70 19 50 85 38 30) 86 (71 6 20 81 65 11) (10 46 5) 73 (59 75) 45 (9 18) (32 79)
19: 29 62 (64 51 19 63) 1 (61 78 46) 47 38 9 (39 13 90) (59 6) (84 50) 70 (87 17 71) (27 79) (48 69) (82 73 8 88) 75 (10 5 55 15 20 54) (77 32 37 81 28) (21 31) 42
20: 14 (43 11) 5 (64 1 32) (37 47) 58 70 (85 48 30 51) (59 7) 73 (81 19) 45 (62 82 39 52) (77 38 23) 71 (87 12 88) (8 75 84 69) 28 50 (63 54) (26 2 49) (21 6)
21: (45 75) (73 42 47) 83 11 (44 71 56 48) (46 60) 54 61 (1 9 37 70 43 18) (13 8) 89 (51 6 82) 17 (65 4 87 24) 32 (59 55 50 88) (14 64 38 40 19) (74 26 30 39 85 28 5 63) 52
22: 76 43 (89 19 8 71) (39 70) (22 46 64 83) (56 45 13 6 59 2) (3 54 90) (75 28 23) 58 (88 31 69) (47 38) (84 21) (42 87 50) 32 73 (5 14) 51 34 12 (48 26) 66
23: 3 (26 54) 66 12 87 37 (47 69) 31 (50 49) 48 (6 39 43 64) 60 30 (38 65 56) (63 51 40 8 88) (70 45) (46 75) (83 14) 44 16 59 (28 77 55) 62 32 9 (5 82) 86
24: (87 90 48) 41 (88 37) 69 (46 6) (83 86 20 72 70) (82 75 43 62 79) 47 (52 81) 18 (31 12 19) (50 66 85 11) (28 38 71 54 60) 13 (39 8) 32 (10 42) (59 4 84 64) 45 (9 56 63)
25: 30 45 (70 81) (62 88 6) (35 68) 49 (75 87) (54 59 28 52) 56 (37 82 26) (64 50 47 46 90 3) 38 31 (10 55 84 21 67 44) (29 5 76) 32 65 42 66 (40 51 48) (69 77 12 60 43 19 71 63)
26: 69 32 38 (62 76) (3 44 31 5 83 48 58 12 88 51) (30 71 70) (37 84 39) (6 11 63) (60 54 77 28) (8 81 59) 43 (55 50 19) 14 (46 42) (82 87 75 65 64) 1 41 66 79
27: 61 (25 19) (88 9) (48 39 70 60 14) 71 (28 49) 37 (3 32 21) (51 85 23 46) (15 75 65) 81 (64 44) (77 12) (62 26) (30 35 63 5 73) 1 (50 55) (17 11 66 8 87 24) 82
28: (55 24) (31 3) (50 65 61 42) (18 63 62 47 14 38 4 25 28) (30 56 52 9 71) 59 (70 19 85) (5 15 51) (90 77 79 8 26) (54 88 48) (23 46 44 64 66 76 40 68 32)
29: (50 38 59 19 64 48 43 42) 15 26 (3 10) 69 (46 23 47 65 32 84 83) (21 62 30 63) (87 66 25) 5 39 60 (89 37 8 35 55 17) (6 40 9) 70 88 (12 82 51) (54 68) (28 71 11 79)
30: 32 (61 73) (90 72 87 11) (37 54) 59 83 50 (88 63 8 31 81 3 46 41 12) 78 19 (79 76 67) 18 62 (70 84 48 6) (26 23 30 38 71) (28 43 65 60 47 82)
31: 46 72 63 81 64 43 (32 61 47 83) (54 59 29 73 55 19 14) (28 70) 69 (52 60) (84 26) 3 (48 5 11) (62 37) 42 (65 8) (76 51) 17 (75 85 71) 12 39 40
32: (50 54 42) (60 11) (10 72) 12 (71 84 5 14 28 82) 31 86 48 (63 32) (37 23 70 19 79 89 35 69 6 40) 24 38 (66 64) (9 49 59) 26 (81 47 75 20 55 22) 56
33: 89 87 40 38 (62 71) (14 51 84 28 85) (20 83) (82 19 59) (21 47) (66 50 65) (12 11 9) (64 52 26) (81 60 70) (3 48) 1 (55 42 5) (88 32) (29 37) (54 30) (8 63 46)
34: 22 60 28 (61 71 34 26 11 81) (30 62) 7 70 (6 47 59) 8 (66 54 82) (63 1 31) (27 44 65 55 37) (19 48 49 73 79 46 43 5 14 64) (85 87) (32 9 78 39 75)
35: 63 38 (47 69) (32 36) (20 51 64) (48 13 50 12) 11 (71 8 89 43) (62 28) (3 37 90 19 26) (14 66 85) 70 (87 39 73 55 60) (83 46 31 86) 84 16 40
36: (1 84 8) 52 (55 69) (50 71) 64 (23 46) 5 (88 38 60) 11 (79 59) (6 19 39) 58 (78 20 75 70 63) (31 42) (66 51) 47 (14 54 48 26) 82 37 28 12 62
37: 26 54 (51 44 30 75 47 59 24 64 19) (38 37 45) (36 21 71 8 66 83 90 60) (23 39 72) 43 46 (5 70 35 63 81) (3 55) (68 41 32) 48 6 87 73 16 (28 31) 88 (76 52)
38: 66 82 (17 83) (31 88 61 85 54) (44 13 5) 39 (68 36 73 71) (8 3) (70 38) (87 19) 60 55 (48 63 30) 43 52 (65 50) (64 28 49) (11 69) 75 (51 18) 59 (72 62) (32 26) 84 9 (37 47) (76 81 6 42 46 12)
39: (28 23) (50 46 5 19 8 32 21 65 63) 75 49 (69 52) (1 13) (87 64) 2 (37 90 6) 86 (81 55 26) (70 10 71) (48 62) (61 54) (73 22 12) (47 59) (14 20 35 15 45 39) (85 11)
40: (81 63 19 37 50 26) (59 46 23) (6 67) 61 40 (56 64) (24 12) 9 (75 43 74 21 71) 35 (65 10 78 69 62) 32 5 51 (30 83) (31 13 47 8 17 85 70 87 88 84 28) (82 60)
41: (12 68 5) (76 88 47 42 59) 65 71 (51 32 81) 19 62 (64 72 63 66 85) 89 14 (21 28 16) (13 87 74) 45 (17 11 9 37) 54 70 (61 31 23 57 46 20) (55 8)
42: 62 83 75 51 64 54 (59 46 38 76 23 68 73) 37 (47 6 84 26) (66 39 32) 3 (77 60) (11 88) 87 19 28 7 82 (10 90 89 69 43 71 14 13) (33 5 65) 48 31
43: (62 49) (10 69 31 50 45 60 65 54) (19 75 6 26 32 59) (34 87 63 1) (56 13 83 64) 57 82 46 (66 29 70) 88 79 (8 12) (81 43 38 37) 23 (42 14 28 47) 5
44: 63 11 36 22 (73 60 88 10) (12 39 33) (8 42) (31 6 75) (59 38 77) (37 3) (51 14 82) (66 87) 81 62 9 (26 71 79 55 43 30 19 52 46 64 28 70 13) (47 48 54 65 50)
45: 5 (66 23 55 69 21 39 49) 90 41 (1 82 77) 36 19 30 46 62 63 (59 88 47) (89 50 56) (86 25) (70 32) (75 76 87 54 60) (14 6) 64 (26 42 28 65 34) (8 3) (38 68 37)
46: (70 64 28) (30 83) (87 25 14) (51 66 19 3 11 27 13 60 31 32 90 55) (85 12 62) 38 9 (21 56) 40 46 65 73 69 5 24 (44 6 63) (59 17 49 8) (50 34) 71 (78 10 23 75 26 37 48) 88 (7 81) 89
47: (46 19 63 64 69 14 59 3 49 11) (88 30 33 8) 66 44 47 (28 26) (83 43) 12 20 62 68 84 75 (39 32) (38 37 65) (54 71) 78 86 (82 40) 31 (70 87) 6 (48 50)
48: (30 3 59) (86 32) 19 (47 61 54) 82 28 (1 43 41 64 22 42 31 56) (79 60 48 75 71 17) 73 50 (63 8 12 11 51) 72 78 (67 34 46 70) (9 55) (88 81 14) 37
49: (82 88) (44 59 39 8) (28 81 55 79 42 19 25) (56 73 30) (62 70) (5 23) 12 (37 6 87 85 14 26 75) (54 84 3) 71 (47 48 32 52 24 64) (65 50 83 9 38 21 60 46 11) (31 49 63)
50: 64 (6 79 55 12) 26 (62 32 75 9) (78 8 73) (16 33) 48 (84 3) 66 82 (63 21 83) (87 54) (71 43 60) 47 (50 58 5) (28 68) (37 44 59 69) 20 (23 2 11) 70 49 (19 46 13) (42 88 65 14) 30 61
51: 62 (71 19) (76 83 50 90) (89 37 64) (70 24) 28 54 (47 48 51) (11 63 21) 56 (81 26) (65 73 66) (46 82 8 17) 30 5 (9 87) (15 31) (84 39) (79 34) (32 12 75 59 6) (3 1)
52: (90 61 13) 76 42 83 (39 9 88 12 70 33 58 28 8 50) 37 (63 65 84 54 56) (85 19 35 34 41 32 64 71 82 47) (31 81) 89 11 59 55 43 5
53: (35 22 52) 24 (84 44 3 39 60 55 59) (68 19 86 10) 28 (64 23) 37 5 71 (12 66) 75 (50 46 11 32) (79 9 83) 76 6 (21 48 62) (63 7 54) 87 51 38 (73 31) (13 43) 26 (70 65 82 56 88) 14
54: (28 85 48) 75 71 (73 3) (33 90) (82 70) 84 (88 10) 83 (58 54 64) (46 32) 37 (86 87 43) (8 39 30) 69 38 61 (47 60 26) 56 41 (19 9) (14 62) (50 59) 21 31 1 (79 63) (11 55)
55: (39 18) 3 (8 43 13) 78 (19 84) (30 60) (50 46) 55 40 (37 25 62 59) (28 52 66 71 6) 63 (68 79) 42 (32 75) (89 65) (47 82 87 20) 26 12 70 (83 23) (85 56 51 64 5 41) 11 88 54
56: (42 25 57 87 71 84) (36 46 88) 19 86 (83 39 44 9) (8 27) (66 79 4) 37 61 (51 48 13 32) (31 80 70) (28 3) 74 50 54 (11 68) (26 75 64 82 6 89) (1 33) 59
57: 12 59 (75 11 69 72) 28 32 (47 42 52) (25 43 9) (19 66) (68 5 29 8 48) 20 (14 90 24 71) (55 51 50) 64 84 (37 62) (70 83 6 82 38 40) (78 60)
58: (16 87) 34 24 45 19 (79 48 42 6 83) 3 (69 75) (68 76) (11 8) (46 54 13 84 28 26) (90 81) (21 23) (66 73 51) 12 10 (20 59 50) 88 37 70 (30 65) (82 62 14 32 60 71 5) 61 (43 72) 55 63 (64 9) (47 56)
59: 39 (77 81 83) (50 13 55 14 54 63 59) 11 (60 40 66 70) (1 85) (48 75) 28 (37 32) (20 12) (47 87) 65 (30 2) (88 26) 64 (24 90 41 19 69) 38 (62 6 31) 58 8
60: 38 (9 5 11) 87 55 54 83 (28 36 14) (75 70 26 3 76 88 71 50) (39 8 49) 86 51 69 34 45 90 48 (31 30 21 32) (63 59 43) 13 23 (66 46) (47 6) 64 (40 62) (19 65)
61: (69 14) (59 86) (35 27 48 9) (8 17 37 65) 45 (54 83 80 85 41) (66 40 70 81 55 3 64 24 28) 31 62 (26 87 73 11 76 5) 6 (19 84) 2 (46 90) (56 50) (38 51 75) 10 (32 77) 88 42
62: 3 71 (68 19 21 12) (55 44 67 18) 64 (65 63 82) (48 73) 39 (88 31) 59 84 76 (85 2) (66 75 32) 28 (86 47) 26 (54 30 69 38 9) 50 (70 6) (58 61) 62 (5 11) 90 (8 13) (79 37) 56 14 46 (83 36)
63: (32 64) (22 19) (8 43 86 59 37) (75 82 13 3) 48 (28 68 54 90 63 44) (47 12 6) 66 (17 51) (50 65) (45 88 83) (56 5 55 1 30 14 71 58) (26 46) 29 (42 87)
64: (27 26 73) (69 88) (54 5 70 46 74 60 59) (49 65) (89 19 75 39 6) (30 47 23 83 63) (8 62 61) (84 38) 52 (68 28) (71 3 51 77) 64 (12 82) (32 87 66 79) 48
65: (15 19 65 10 60 46 88 47 26 5 63) (6 32 62) (81 1) 90 70 (28 11 75) (2 39 87 17 43) (54 73 64 3 8 71) (36 37 55 12) 84 (66 51 31 61) (59 9 35 48 79)
66: (89 6) (8 32 17 49 9 23) (83 88 52 71) 66 (56 75 51 63) 21 28 (81 73 70 55 41 48) 39 26 84 31 5 14 (68 62 24 37) (7 82) (38 65) (42 12 86 59 69 47) (1 19)
67: 8 12 19 (72 6 51 23) (24 26 50 39 81) 62 37 (46 44) 28 (31 73) (54 63 5 90) 76 (75 3 66 82) 87 (29 1 70) (11 47 88 59 60 84) 49 (32 48 64)
68: (50 31 84) 59 (55 39) (19 69 26) 70 44 87 (8 9 75) 48 (56 42) 88 51 64 (82 30 77) 63 46 85 5 (54 28) 90 37 79 (14 71) (3 72) (1 32) (73 21 83) 62
69: (26 63) 38 28 84 (65 47 69) (51 31) 5 (73 8 52 79) (23 71 3 35 46) (66 54 88) (72 19 43 68) 12 59 13 (41 32) 37 (48 44) 87 62 (25 11 64) (39 70)
70: 22 65 (37 3) (12 52) 14 87 8 (60 71) (20 47) (36 49 51 31 42 70) 39 (73 10) (59 62 6 1 48 32 63 84) (88 56 28 5 44) (64 50 46 19 9) 13 (26 90 68) (75 43) (38 23 55) (82 25 54) 40
71: (62 89 19 6 66 50) 28 73 (79 83 37 81 88) (42 24) 44 22 (47 31 5 26 70 43 84) 61 (75 76) (65 56 59 10 12) 1 14 78 11 (74 20 32 69 90 9 39 60 71 13) (63 64 51 82 3 8) (30 46) 87 27
72: 57 (6 70 66) 3 (11 30 54 64) (37 26) 63 (28 13) (61 50) (71 48) 65 (90 47) (9 86 19) (8 40) (81 68 42) 88 52 32 60 51 62 (15 46) 39 84
73: 35 (87 30) (54 73) (59 1 11 32 33) (50 48) (60 5 70) (79 66) (46 52) 3 (19 14 65) (47 63) 84 26 81 (88 71 2 62) (51 8 31 64 75) (9 28 82 6) 55
74: (78 6 26) (32 66 64 45 23) 75 (39 43) (52 8) (17 61 60) 62 65 (36 84 55 19 30) (10 42 70 88 82 85 38 63 68 76) (12 46 28) (69 24) 13 (21 71 87 18) (51 37) (59 48 54)
75: (64 17 39 87) (23 22 38 62 10) (48 32) (51 24 85) (37 73 78) 59 (11 9 13) 50 12 49 82 (42 68 70 89 7) 58 (75 30 28 26 5 76) (63 47 69 8) 29 (60 31) (46 86) (71 88) 21 27 (19 18) (52 65)
76: 42 (82 70 75 84) 50 (43 67 9 5 26) (20 47) (63 59) 56 (87 37) 81 28 (55 62 64 10) (31 51 86) (21 83) (49 54 8) 71 3 (17 6 44 88 19 32) (46 65)
77: 3 (63 64) 65 (88 1) (54 85) (5 38 19 48 32) (68 71) 28 (50 9 51 75 87 26) 22 62 60 (10 73) 59 (70 6 49 83) (66 11) 79 (72 47 8) 43 (45 37 84) 82
78: 64 62 (3 35 52 81) 39 75 (85 47 49) (73 32 23 30 88) (63 27 13 69 5 51 50 70 87) (71 37) (84 59 28 8) (1 90) (60 82 44 55) (14 6 20) 26 (78 19) 83 (21 86) 68 (41 31) (9 76)
79: 6 (82 75 47) 55 (74 20) 81 (28 50 19 90 21) (59 37 43) 87 (85 42 54 39 88) (1 26 11 32 64) (3 24) (8 61 70 69 25) (89 71) 63 (84 38 48) (73 12 46 79 56) 68
80: 44 (37 8 19 69 32 70 46 50 26 59) (9 60) (11 55 21) (82 39) 6 31 36 54 83 51 20 14 34 (64 84 81) (71 28 16) (79 62 47 90) (23 78 48) 75 (87 30 5)
81: 62 (54 79) (32 75 39 55 19) 42 (76 48 23) (65 14 71 27 50 46 88) (85 5 60) 51 (8 9) 70 84 (64 59 20) 72 63 26 82 12 90 (30 38 17 31 6 37 28 13 47 49 11 56)
82: (39 9) 46 84 (75 86 12) 3 (26 51 73) (50 81 61) (35 28 32 10 42 87) 59 88 (54 71) (19 82 77) 70 (5 64) (15 62 38) (14 47 31) (11 37) (68 65 8)
83: (35 18 26) (38 56 85) (48 77) (89 47 69) (12 30) 42 32 (11 63 71) (64 54 51) 14 (31 73) 83 70 21 (10 37 55) 13 25 62 8 (40 60 65 75) (84 6) (87 19 50 81 53 68 28) 22 (59 82 5)
84: (77 73 12) (81 87 44) (3 49) 37 (59 9) 42 (28 40 20 62) 5 (7 90) (25 60) (84 26 24) (82 32) (71 50 38 8 18) (88 51) (64 45) (13 19 69) (6 47) (14 63 31) 68 (23 85 75 70) 39
85: (32 62) (71 66) (42 37 82 3 43 11) (84 83) (24 51) 70 (73 64) 59 (81 88 10 26 46) 63 28 (87 6 50) (56 54) (47 12) 31 19 45 (75 33) (90 78) 68 (65 23 48 9 8) 38
86: 55 83 (50 59 73) (69 47) (38 30 3) 54 62 65 (6 26) (31 81) (33 9) (37 60 75 19 39 48) (86 88 89) (43 51) (24 11 82 14 64 46) (1 70) (12 32) 71 (87 63 28) (84 68)
87: 9 (17 38 30 18) (90 39) (40 83 84) (8 23) (59 28 64 26 87 54 63) (86 34 82 19) (32 52 12) (81 66 79 37 21 60) (62 44) 73 (11 71 47 70) 75 (50 6)
88: (12 47) 50 66 28 (71 42 32) (21 60 85 46 70 86) (59 82 13 54 55 43) 29 (90 63) (17 33 49) (87 73) (83 30 81) 56 75 (8 76) (19 64) (65 3 62 72 35 26 48) 68
89: (70 62) 49 29 (38 71) 65 (54 85) (26 28 10 59 55) (12 63 30 6) (77 50 81) 84 (5 75 3 73 69) (32 23) (68 19) 8 (82 89 31 37 66) (33 87) 51 48
90: (43 47 54) (11 50 84) (61 8) (48 68 87 44 41 66 70) (90 51) 20 82 (55 3 74) 12 (71 62) (75 37) (39 59 19 42 64) (32 63) (46 5 30) 38 (10 16 28 56 6)
