60 60
1: 58 27 11 22 24 15 5 56 36 35 20 40 1 59 32 4
2: 35 10 47 57 49 31 12 52 34 8 24 58 37 9
3: 52 48 51 8 59 7 36 35 2 54 17 43 49 21 19 5 58 29 3 55 23 9 24 39 42 53 50 37 44 1 18 31 16 30 57 26 32 45 10 15 40 60 20 56 46 25 38 28 12 22 14
4: 41 38 54 59 2 40 6 55 52 35 33 8 28 12 30 26 58 11 23 36 3 45 19 42 48
5: 9 12 25 27 28 4 35 17 24 31 57 6 38 60 45 53 47 37 10 44 43 5 14 54 55 56 41 29 48 8 46 30 26 33 2 58 3 19 13 52 50 15 32 16 18 1 49 11
6: 59 18 8 23 38 36 40
7: 60 3 20 59 43 1 26 32 27 22 58 40 6 11 31 4 28 19 14 16 18 23 30 2 24 55 56 38 7 13 37 12 47 5 25 35
8: 33 31 30 35 9 3 26 18 46 21 2 42 1 29 27 38 48 8 36 51 4 16 20 11 58 25 23 12 19 49 5 59 32 60 56 53 13 6 22 43 52 50 24 54 45 28 55 40 44
9: 2 44 21 9 12 31 40 52 32 16 27 41 35 54 3 59 50 46 11 34 45 53 14 26 49 15 7 22 33 30 42 5 58 39 57 60 18 43 1 36 10 6 20 28
10: 58 39 37 55 40 60 53
11: 53 47 4 39 45 29 11 1 5 30 17 40 59 9 36 38 32 58 2 60 33 34 44 28 12 54 48 46 56 42 27 8 55
12: 20 14 30 27 19 37
13: 22 8 4 46 49 28 42 56 59 21 38 12 36 5 29 54 13
14: 15 7 40 3 23 33 37 19 43 31 50 8 56 57 24 58 17 49 16 28 10 45 53 54 48 51 11 46 60 6 9 55 25 27 29 35 30 32 20 13 42
15: 42 51 55 6 5 24 11 16 17 57 21 43 19
16: 24 54 27 1 9 2 52 49 19 30 15 29 40 42 45 47 37 35 11 38 43 13 59 16 10 6 14 20 60 51 5 41 53 18 7 34 36 55 50 48 23 26 21 3 32 22 25 57 17
17: 60 29 45 33
18: 33 26 6 29 24 20 27 55 54 32 1 52 57 10 23 9 12 60 47 43 49 2 18 53 45 31 58 16 46 38 37 51 56 15 50 19 42 14 44 11 7 39 3 28 21 48
19: 58 19 35 43 56 22 37 47 44 30 16 34 15 38 59 1 57 7 21 11 28 8 48 46 41 40
20: 49 25 1 12 32 55 4 18 11 20 24 60 35 3 16 41 26 13 28 51 43
21: 59 54 3 30 60 21 17 29 43 38 39 8 36 37 51 9 25 22 20 1 47 56 13 35 23 2 40 33 34 42 48 28 19 15 49 6 41 24 52 50 12 10 31 7 32 16 5 14 46 26 53 45 11 57 58 55 27
22: 41 52 58 53 4 1 7 31 16 27 33 13 12 49 19 21
23: 47 41 53 7 42 31 28 35 29 60 2 1 56 59 26 49 30 15 55 52 43 40 4 45 46 21 51 11 25 50 32 8 3 48 22 27 38 54 44 33 23 9 5 18 14 36 6 19 12 39 24 57 34 16 13 20 10
24: 43 24 56 46 1 15 57 54 20 14 3 7 50 34 44 48 30 6 47 9 18 40 58 36 21 31 37 60 45 22 33 23 11 32 41 12 28 42 39 51 52
25: 5 47 55 23 32 54 56 35 1 14 10 9 43 42 37 50 51 36 38 33 46 44 40 29 7 16 26 27 34 49 24 30 21 15 4 31 59 6 41 17 18 60 12 19 8 13 58 52 48 53 2
26: 45 41 15 30 54 29
27: 57 35 58
28: 55 10
29: 23 37 11 45 22 58 51 54 56 34 46 60 32 42 15 9 52 26 4 40 44 25 7 28 43 2 39 17 14 27 29
30: 36 26 50 58 5 19 10 54 18 60 39 59 38 14 27 31 28 2 40 49 16 42
31: 3 54 9 26 1 11 60 8 33 10 50 35 29 52 38 31 55 30 19 34 7 18 58 39 48 43 45 40 5 42 49 23 46 27 51 56 37 28 17 57
32: 46 31 25 20 54 40 56 3 30 12 1 16 41 36 32
33: 9 27 51 59 42 34 33 18 28 50 32 39 47 25 53 37 40 29 13 4 20
34: 21 42 6 5 53 28 37 3 12 14 44 39 18 23 33 50 32 2 29 10 54
35: 22 48 8 42 51 25 1
36: 45 49 35 60 58 17 31 19 34 40 59 25 12 11 43 56 50 6 5 28
37: 9 42 2 41 59 3 51 38 20 32 22 58 60 24 26 5 17 6 10 39 31 57 1 18 44 34 11 19 12 27 56 47 7 30 29 35 48 23 49 13 40 33 55 4 36 45 25 8 16 15 52
38: 3 49 56 13 36 38 42 19 18 16 25 37 28 17 26 11 59 48 30 15 58 35 12 60 51 6 24 57 46
39: 57 11 17 5 41 26 43 23 58 30 12 35
40: 54 20 12 16 37 32 6 45 13 46 52 49 10 51 55 11 31 58 59 21 7 18 39 43 14 36 44 3 57 5 2 30 48 29 15 41 4 26 8 38 23 17 42 24 27 56 34 60 50 53 9 28 22 19
41: 46 15 45 33 5 1 30 3
42: 51 42 29 27 19 24 50 39 11 40 35 6 16 38 25 54 14 56 33 22 34 18 32 47 17 1 28 21 7 15 44 58 4
43: 14 20 38 41 37 24 54 21 35 43 1 48 2 36 30 3 16 32 60 57 39 55 33 25 18 4 28
44: 54 25 50 47 3 44 23 31 46 14 10 21
45: 45 16 6 24 21 10 35 19 5 46 52 17 9 15 48 20 25 60 27 56 34 3 54 36 49 30 51 28 29 39 38 33 23 18 1 32 57 40 22 44 59 41 58 43 2 26 55 37 31 12 7 8 50 13 4
46: 19 37 34 22 27 58 45 7 47 9
47: 52 12 44 27 41 49 6 26 42 3 57 40 29 39 4 23 8 15 60 38 31 28 30 21 19
48: 31 16 51 40 13 34 1 60 58 59 4 19 29 11 50 44 49 56 33 7 26 9 37 32 14 20 5 18 39 17 12 30 3 57 43
49: 37 2 13 51 32 53 14 28 22 52 9 56 44 43 45 18 5 24 60 19 40 10 35 20 46 16 4 41 21 55 50 34 47 11 29 57 17 3 39 48 38 8 23 36 49 1 31
50: 56 24 30 59 2 51 20 7 53 39 26 23 42 9 37 11 38 45 10 57 3 22 58 50 35 52 8 19 14 60 54 27 18 49 16 12 31 47 32 40 1 5 29 46 13 41 4 48 21 44
51: 39 56 44 48 38 18 23 25 60 6 4 30 43 5 32
52: 14 34 44 31 38 7 6 21 22 52 29 28 15 4 27 36 43 49 39 42 23 25 2 40 16 9 32 30 26 56 59 50 60 55 51 3 37 18 47 8 1 35 41 5 58 11 57 13 20 17
53: 34 10 53 23 19 37 6 30 39 22 1 57 48 44 59 16 41 21 25 56 33 14 11 43 46 27 45 17 18 54 13 38 7
54: 11 14 45 42 58 30 60 1 35 3 44 27 38 59 24 43 32 10 2 9 15 29 28 39 7 34 31
55: 48 35 12 44 7 15 54 22 53 38 29 4 49 16 51 46 55 1 21 30 40 28 47 5 6 43 9 10 3 18 60 37 39 32 27 58 50 41 14 25 11 31 33 42 17 8 34 19 23
56: 29 41 56 39 26 60 40 30 54 22 27 6 7 53 11 10 9 43 46 32 13 14 5 45 37 15 47 51 48
57: 23 39 31 3 19 57 27 11 20 37 36 58 13 38 24 1 55 5 51 40 47 12 30 60 26 9 45 14 17
58: 11 45 53 12 30 29 18 20 22 23 41 55 32 48 52 13 2 46 50 15 51 37 21 14 27 8 28 49 54 35 26 10 7 1 39 60 36
59: 57 9 54
60: 10 9 48 51 39 31 2 26 42
1: 9 (41 58 8) (1 3) 16 (20 57 45 49 48 42) (25 55 19 22) (7 54 23) 21 (32 53 37) (52 35 11) (5 50 43 24) (31 18)
2: (3 58 7 40 9) (29 52 30 18) (54 49 25) 8 (11 4 45 21) (60 37 23) (43 34 50 16) 5
3: (4 7) (9 38 31 14) (55 24 41 52) (16 37 5 54) 8 21 40 (3 48 45 43 23) (57 44) 18 34 (47 50) (32 49 20)
4: (45 42) (50 8) (47 43) (22 13) (49 1) (33 5 52 51) (48 23 25) (29 55 20 7) (11 37 40)
5: 30 (57 34 40) (7 25 9 36) (55 39) (1 51 31 11) 56 (16 21 3) (15 5 52 50 41) (23 45 8 49) (13 48 37)
6: (21 42) 25 14 (36 15) (23 34 51 4 55) (45 18 8) 52 (24 40 9) (38 56 47 5) 53 (37 7 16)
7: (24 55) (21 31) 19 (7 40 29) (54 14) (48 23 52 25 37 56) (3 16) 9 (58 53) (18 50 45 22 46) 42
8: (19 52 55 35 31 8 23 3) (5 6) 45 11 47 (2 37 4 40 49 13) 14 58 (50 21 25)
9: (23 3 16 25 45 46) (9 8) 40 56 11 (37 2 50 24) 57 (29 5) (54 31) 18 33 52 (55 14 48 49 60 59 21)
10: 28 (50 30 21 58) (40 16 34) (2 14 23) (9 56 53 44) 60 25 49 (37 18 3 54) (55 5 31) 45
11: (55 56) 23 (7 49) 37 57 (1 53) 31 21 (54 58) 52 36 (29 39 14 24) (11 18 8) 40 4 16 (20 5 38 19 50 9 48) (15 42)
12: (40 20) 50 (18 23 4 34 36) (47 58) (55 37) 21 (45 9 13) 38 3 5 7 8 (32 22 2 11 48 57 24) 25 39
13: (5 21) (23 14) 57 (38 50) (58 25) (33 20 40 13 53 8) 37 48 (45 22 16) 7 49 (56 52)
14: 21 (43 34 18) (23 16 12) (57 3 56 9 40) (29 24 48 7) (50 25 49 44 5) (52 55 53) (42 30 54 58)
15: (25 5) (16 29 41 1 37) 55 (26 9 3 18) (14 52) (54 38 24 47 23 45 21 56) (40 58) (19 42)
16: 22 (16 43) (25 15) 40 (53 32) 37 (8 18) 9 21 55 38 30 (14 45) 5 (52 49) (7 19 48) (20 42 23 50) 3
17: 3 (53 42) (36 45 38) 29 25 48 (5 16 40 11 57) (31 37) (49 14 21 15) 52 39 55
18: (5 40) 7 48 50 (42 33 55 52 8 30 49 6 20 24) (25 51 45 9) 34 (58 53 38 23 18) 16 43 (37 31) 3
19: 15 22 46 30 (3 7) 25 55 19 5 21 (48 12 42 37 8 23 47) 40 (49 4) 16 50 (57 14 36 45 53 38 18 31)
20: (21 40 48) 43 (7 32) (8 24) 52 (37 49 18 58 57) 12 1 23 (20 50) 45 (33 3 9 14 16)
21: 24 43 (23 21 47 13 55 58 40) (49 16) 34 50 22 (53 44) (18 25 9 42) (19 15) (8 3) (52 45)
22: (13 8) (37 50 35 19 58 52 49 40) (7 42 46 1 53 55 23 3) 45 (29 56 16 9 24) 21
23: (31 3 7 44) 49 16 (4 21 39 8) (40 47 37 58) 24 (52 53) (34 57 23 18 55) (45 29 51 50 25 6) 14
24: 14 38 (54 37) 43 (8 25) (50 42 1 23 21 2) 5 24 (49 7) 20 (3 16 18 15 45 40) 57
25: 8 (21 23 45 43) 37 16 (3 53 52 44) (20 32) (14 33 38) (29 5 42) (36 35 51) (55 7)
26: 30 (21 16 20 7) 57 (45 9 23) 37 4 (48 47 38 5 40) 56 (60 3 25 39 58 52 50 18) 31 (29 8)
27: (29 12) 58 (9 14 57) (1 33 25) 7 5 (55 37 52) 18 (53 42 16 47 21) 54 30 (40 22) (31 50) (23 11) (8 56 46 45)
28: (49 55) (36 40 52 29) (23 18) (8 31 24) (33 14) 7 19 (20 47) 13 (54 4) (5 21 3 34 58) 11 (42 9) (45 43 38 30)
29: 11 (34 29) (50 14 52 37) 8 (26 18) (55 17) (3 40 58) 25 21 48 56 45 47 (31 5 42 49 13 54) (33 16 23)
30: (58 54) 26 47 (32 23) (56 48) (8 40) (21 57) (14 39 19 9 3 16) (31 38 41 25) (50 55) 7 24 (52 43 37) (12 5 4 53 11 45) 51
31: (31 44) 18 55 7 45 21 47 (24 48 22) (2 25) (5 49 54) 60 (36 23) (37 9 52) (8 30 32) 14 40 57 (3 50)
32: 34 7 (23 52) (54 48) (24 9 49 50 42 33 18 32 5 40) (55 3) 8 (29 56) (37 25 16) (20 1) 21 14 (45 51) 58 (11 43)
33: 8 5 23 (48 37 25) 53 (33 17) 43 (21 55) (11 24) (18 4) (41 34 42 45 31) (22 9 14)
34: (48 16 9 37 33 52) 49 45 19 (21 31 53) (29 42) (46 2) (11 54) 24 (25 36) (55 40 23)
35: (27 16 54 45 21) (9 42 1 2 36) (7 58 38) 3 (8 50 23) 19 5 (52 20) 31 (49 55 39 37) 43 14 (4 25)
36: 6 8 (43 58) (40 52 3 32) (13 4 23 45) (9 38 57) 21 (11 49 37 1) (25 16) (24 30)
37: (10 45) (34 31 57 40) 48 (56 24 53 3) 12 52 (14 25 5 29 2 33 38 19) (16 50 7 58) 18 (21 43 49) 46 55
38: (13 55 3 45 51 57) (11 50) (52 37 16 31 30 42) (6 38 23) 53 49 47 (40 5 54 21 18) (8 25 19 7 43 4)
39: (57 45) 21 (3 23 24 18) 43 (34 53 10) (54 42) (52 47 31 49 29 60 50) 58 11 (37 9 56 30) (55 40 33 48 51)
40: (42 37 19) (33 47 21 55) (16 7 25) (24 6) (48 49) (9 31 56 36 8 52) 50 45 57 1 23 10 32 3 14 29 (30 4 11)
41: (58 23 24 47 25) 5 (49 9 56) (43 52 19 21) 55 (53 22 39 32) 4 26 (37 16 20 50) (40 45)
42: 23 50 (29 16) 18 54 (13 47) 35 (3 15 55 37 14) 30 (60 8) 9 (33 40 24 11 31 34) 42 (4 38 21 52 25)
43: (21 56 7 36 14 54 52 55 5 15 25) 49 24 39 43 (20 3 23 9 31 45 48) (53 40) (29 18 8 51 19) 16
44: 29 (51 54) 45 53 52 (37 9) 49 3 (11 55) 47 40 24 (44 5) 34 (19 23) (42 48) 8 (18 25 50)
45: (29 18 31 23) (16 40 41 50) (56 17 36) 45 (4 37 24) (46 58) (21 9 57 54 49 3 8 11 5) (53 14 26)
46: 31 (50 5) (18 56) 44 (24 38 19 21 11 55) 9 (58 32) 14 (45 41) (40 13) 23 (49 53 3 29) (8 25)
47: (44 57 7 2 19) (25 16 33 23) 11 56 (49 5 37 55) 50 21 (24 42) 18 46 52
48: 24 (60 4) (45 16 40) (8 25 5 50 35) (38 14) (58 43 3) (19 11 37 56 18 31 21) 55 51 (53 23 49)
49: (40 25) (31 2) 3 21 (55 47 45 30) (36 20) 58 14 23 5 52 49 8 (48 9 16 18 37) (38 22 50) 13
50: (25 55 31 50) 45 18 23 (33 14) (24 9 21) 44 48 (3 16) (5 8 58 52) (36 34 40 49 42 30)
51: (56 16) (18 31 24 49 52 58) 38 (23 57 37 35) 42 (8 3 33 45 15 29 55 48 20 21 25) (50 60 40) 14
52: (4 9) (5 22) (29 24 40) (45 58) 8 3 (18 49 25 52) (23 31 50) 21 (16 37) (47 2)
53: 56 16 (21 11) (8 22 53) 49 3 58 (34 33) 55 18 (14 25 50 40) 10 23 9 5
54: (25 56 43) (4 11) 5 14 (40 26 45) 13 58 (16 31) 59 29 24 (9 18 44 42) 21 (23 30) (8 32 55) (50 34) (3 53)
55: 28 57 (58 21 5) (52 25) (14 37) (10 43 4 3) 18 (31 23 7 55 11) 49 20 45 (40 15) (16 8)
56: 48 (1 36 53) (3 45 7) (37 49) (21 24) (32 52 29 25 8 11 14) (51 31 13) (42 56 50 23 38) 19 (5 40) 18
57: 59 (43 9 49) (37 21) (23 2) (31 53 39 14) 24 (19 40) 16 (52 18) (3 15 50) 27 57 (45 47) (5 48) 38
58: (40 2) (30 45 38 42) 24 (10 1) 11 (9 54) (39 36 22 7) 31 (57 52 55 4 19 46 37) (48 25) 18 5 27 50 29 (3 21 14 8)
59: 50 21 (45 3) 52 16 (9 11) (48 33 6) (40 30) (4 36) (25 23) (1 19) (13 38) 53 8 (37 54 7)
60: (55 56 49 50 30 16 57) 23 (37 9 36 10 11 24 17) (48 45 20) 7 31 (21 18 25) (29 52) (8 40 43 3 51) 5 (54 58) (38 47) 14
