60 60
1: 42 21 10 22 40 9 23 1 17 32 24 49 48 51 46 16 39 7 27 59 34 15 11 25 54 58 33 37 56 29 45 31 26 57 3 36
2: 7 55
3: 31 60 16 19 40 29
4: 30 32 52 1 28 11 47 31 16 56 9 57 12 25 37 42 4 50 33 7 3 17 23 54 45 58 27 10 48 19 2 44 15 20 14 53 34 36 24 8 38 43 21 40 55 49 46 5
5: 18 30 46 57 43 9 35 4 33 31 1 37 34 38 2 53 56 51 13 52
6: 27 11 40 31 53 55 34 7 13 10 8 19 5 56 28 49 3 21 15 17 33 42 38 32 9 14 47 51 48 25 43 45 30 36 44 50 52 23 41 18 58 37 59 22 60 35 46 39 6 24 57 1 4 26 54 29 12
7: 45 26 16 41 2 50 55 32 4 15 40 25 58 46 34 54 14 12 43 18 29 6 27 1 21 59 36 42 53 17 52 3 11 28 35 48 57 22 38 37 19 24 30 60 44 51
8: 47 48 23 57 49 32 24 16 60 42 26 18 44 5 51 58 21 54 22 34 13 38 30 28 17 6 19 59 20 2 52 40 25 31 29 46
9: 18 42 20 1 49 53 59 45 4 8 27 57 15 31 7 28 22 2 47 33 40 50 30 16 26 58 55 54 37 23 11 44 41 43 24 13 56 6 35 29 17 25 5 9 14 10 48 34 60 36 21 38 51 52 12 3 19 39
10: 49 29 41 59 27 44 45 2 5 30 8 20 54 40 56 47 58 28 9 7 18 38 52 53 10 17 43 13 57 46 48 51 22 39 24
11: 9 59 11 52 4 47 49 32 27 12
12: 18 58 27 35 45 48 14 54 38 31 5 10 32 50 47 55 46 16 52 59 56 29 22 19 40 8 20 60 23 21 26 28 43 25 34 33 44
13: 18 25 21 57 41 11 30 20 49 54 5 8 12 43 34 55 59 17 27 28 13 16 35 31 56 47 2 38 40 15 7 58 44 6 23 29 32 9 50 60
14: 40 48 37 9 44 35 56 31 39 34 41 8 4 12 26 54 13 14 43
15: 20 38 21 60 37 29 22 26 39 10 36 5 49 31 16 17 40 15 33 14 3 45 50 1 19 28 55 54
16: 11 25 50 7 47 54 23 55 30 4 38 31 56 48 15 58 18 52 53 33 29 44 37 21 8 6 17 59 26 19 51 16 3 32 49 57 45 10 43 42
17: 36 4 8 50 48
18: 18 55 29 58 9 46 49 59 36 38 41 15 25 56 35 30 52 43 12 20 13 50 8 11 37 3 19 27 21 39 44 6 5 47 10
19: 38 42 14 20 53 51 29 4 41 59 35 5 1 52 36 13 31 16 17 18 55 6
20: 38 20 33 8 21 16
21: 51 3 10 58 11 16 7 48 44 46 55 18 14 23 28 9 17 13 24 21 50 34 29 22 8 26 33 47
22: 58 57 52
23: 54 57 13 60 33 45 24 18 12 6 43 30 39 51 17 35 46 10 40 14 5 1 44 9 52 2 15 11 29 27
24: 34 7 50 43 6 42 3 28 49 17 23 15 26 20 2 41 12 37 44
25: 9 47 26 23 50 15 11 17 31 27 54 25 38 21 29 7 20 5 46 56 4 8
26: 38 58 50 30 56 49 4 3 19 28 44 8 10 7 48 40 34 59 45 22 54 1 12 18 41 60 15 42 39 33 2 51 24 17 37 32 14
27: 10 2 33 57 32 18 31 44 15 19 24 16 47 7 23 50 4 58 45 59 30 54 38 1 53 42 25 39 40 13 43 37 41 8 6 49 29 12 17 21
28: 3 9 20 27 44 6 12 39 11 16 17 13 5 25 47 30 40 36 18 50 7 54 59 15 51 14 53 2 24 32 60 8 33 55 22 48 26 31 21 58 42
29: 29 22 12 51 59 52 10 47 48 28 41 18 24 55 14 23 33 21 42 20 36 31 49 35 39 25 32 19 46 38
30: 55 54 43
31: 54 5 32 48 13 42 15 34 26 35 43 37 25 51 7 17 52 50 53 59 28 29 45 8 46 56 22 41 19 39 47 55 58 12 3 27 18 14 38 49 21 16 31 36 20 23 57 40 10 11 9 60 33
32: 49 55 29 1 47 12 34 51 60 39 21 36 17 6 33 50 37 44 18 4 57 40 54 11 28 22 42 53 43 41 13 10 58 52 19 2 24 14 32 46 20 5 9 38 59 3 26 35 16 27 8 15 45 48 56 25 23
33: 4 18 54 9 60 22 46 6 56 13 1 42 51 31 26 34 59 37 45 39 10 29 30 23 40 49
34: 43 1 50 4 27 56 35 21 47 36 33 25 60 53 11 44 10 34 51 42 37 58 49 5 26 45 30 8 19 48 16 22 59 38 32 31 54 13 39 17 24 15
35: 46 43 58 3 18 50 1 53 7 31 2 10 41
36: 10 15 43 54 3 30 29 5 46 60 51 26 37 19 58 34 6 49 39 53 13 24
37: 47 23 50 4 16 57 38 55 49 2 36 52 10 46 17 22 6 35
38: 23 59 30 21 26 1 50 46 15 18 17 4 47 13 40 11 54 43 28 53 7 38 25 35 42 39 45
39: 37 30 57 40 28 4 49 23 24 56 36 32 20 60 3 52 48 47 39 17 12 9 38 11 43 13 29 34 46 45 16 33 26 41 25 31 44 53 58 15 10 5
40: 45 43 3 32 54 5 47 29 19 38 1 6 12 25 26 50 49 57 40 31 24 28 60 36 21 56 4 30 2 9 27 20 34 7
41: 14 22 7 32 17 30 8 13 6 51 19 55 20 9 5 31 52 16 48 35 60 18 38
42: 6 11 34 31 51 55
43: 3 19 35 60 10 36 52 38 22 34 7 5 23 30 40 39 55 41 9 37 45 2 6 27 58 42 33 49 47 11 28 8 16 31 24 32 26 1 14 46 53 4 12 54 17 18
44: 55 22 17 13 10 54 35 4 58 36 37 23 43 16 8 47 5 14 15 6 57 45 46 20 44 29 3 19 60 51 32 1 56 12 26 50 24 49 18 28 25 9 27 40 21 53 42 31 48 52 11 41 34 2 59 39 30 33
45: 50 30 53 54 51 2 9 56 12 42 35 55 59 13 36 48 14 11 49 28 33 27 5 19 39
46: 22 49 11 45 9 27 12 32 7
47: 42 38 20 40 23 2 7 9 10 39 11 55 29 21 35 52 16 5 57 27 12 22 18 54 14 1 34 36 51
48: 40 17 52 43 10
49: 39 34 8 55 28 14 54 20 41 46 18 37 30 29 9 49 2 44 48 22 56 17 3 23 36 43 6 7 1 24 33
50: 35 59 47 41 60 1 16 27 55 12 33 19 29 17 6 18 24 51 28 2 49 31 58 38
51: 28 45 7 9 2 58 1 26 14 49 52 57 6 29 17 36 59 25 33 8 10 32 46 30 5 53 42 16 12 38 44 56 55 37 3 4 39 20 50 60 41 34 23 15 11
52: 41 60 24 56 55 16 23 1 57 6 53 12 22 8 27 52 49 58 43 50 40 47 46 26 13 9 3 18 11 59 34
53: 28 4 58 2 36 48 55 54 50 13 29 56 3 9 12 1 53 18 44 16 22 39 47 43 26 46 52 32 8 5 20 41 6 14 31 17
54: 40 29 57 4 8 41 18 3 12 38 51 11 5 30 53 2
55: 2 42 37 5 13 16 58 57 34 55 28 9 26 53 33 22 20 52 35 29 31 12 59 1 15 45 60 43 21 19 24 49 41 32 11 39 3 47 6 44 48 14 23 54 30 36 4 50 27 10 8 56
56: 5 39 7 59 60 56 52 50 24 14 42 17 18 38 9 31 10 29 49 37 58 35 33 41 20 54 53 34 44 45 2 55 15 22 47 3 25 43 26 48 11 23 46 13 57 21 30 32 8 1 19 51 36 27 16 6 12 28 4 40
57: 13 32 47 46 56 3 5 24 1 38 29 41 44 36 8 20 52 57 18 54 28 53 2 40 6 11 48 12 27 26 14 7 17 45 15 43 55 19 60 59 37 21 22 33 49 39 25 30 31 42 10 16 35 4 58 9 23 51 34 50
58: 25 55 32 11 33 41 45 19 34 54 39 51 14 50 6 42 28 60 2 59 58 1 24 44 7 53 49 46 56 27 57 4 8 48 30 29 22 5 15 35 37 43 9 18 20 40 52 26 36 31 3 17 38 23 16
59: 1 38 17 46 12 5 44 15 47 13 10 45 7 54 8 30 29 40 32 4 52 23 60 57 28 53 48 58 14 37 35 22 41 21 26 6 59 2
60: 5 45 28 1 29 25 4
1: 60 (5 55 59 56 4) 33 44 (49 7) (38 35) (15 58) (23 53 50) (52 32) 43 34 (9 19) (27 47) (40 57 51) (26 6 1)
2: (58 35) (47 10 37) 43 (54 53 51 45) (7 8 23) (55 27 49 57) (28 5 44 26 40) (56 9 59 50 13) (32 24) 4
3: 44 26 6 (15 24 16) (35 51) 53 (31 58 57 1 36 56) (32 28) 40 (39 9 4) (18 43) 52 54 (55 7) (49 21)
4: (40 17) (25 32) (59 51 60) (11 43 19 55 44) (27 5 37) 9 56 (34 53) (57 6 7 39 4 14) 38 54 16 (58 33) 26
5: 54 (36 51 15) (9 10) (45 13 40 60 28) (44 12 43 6) 31 (18 8 23) (56 47 19 55 25) (57 34 39) (58 32) 4 41 59 53
6: (36 42) (53 41 43 27) 40 52 44 32 (59 33 19) 37 51 (8 9 16 28) (58 7) 50 (55 56) (24 49 13) 23 18 (57 6)
7: (2 59) 21 (25 57 10 24 1) 13 (31 38 27 49 28 56 41 51 47 43 58) 4 26 (35 9 40 46) (16 6)
8: 6 57 (26 52) (18 49) (58 34) 32 (41 20) 54 (27 12 44) 21 (56 9) (59 25 55) (4 28) 10 (31 16) 14 (51 13 17) (53 43)
9: (6 32 46 31 23 25) 47 (1 5 51 55) (11 21 39) (4 52) 28 41 56 (40 14 57 13) (45 18 58 9) (53 10 43 44) 49 33
10: (10 29 47 35 12 9) 44 (39 27 32) 6 51 37 36 59 (21 57) (48 23) 1 (33 18 31 55 16 15 4) 56 26 (34 43)
11: (23 55) 4 21 (52 42) 9 (28 7 25 38) 46 58 (13 39 51 32) 44 57 (16 45 1) 18 54 (34 6) 31 (56 11) (47 43)
12: 52 44 (51 13 31) (18 57 32 55 53 39 23 7) (14 9) 27 6 45 43 (24 54) (11 40) (29 59 26 46) 4 (28 50 47) 56
13: (18 57 45 39) (23 5 55 34 38) (53 59 9 41 44 28) (21 52) 6 (19 13 10 31 56) (27 14 36) (8 32) 33
14: 53 (57 14) 43 (55 6) (4 58) (41 7) 28 56 (31 49 12 45 21) 44 (26 9) 29 (15 51) 59 (19 47) (32 23)
15: (36 9) 26 (13 7) 59 58 15 (6 56) 25 1 (18 57) 31 (24 23 55) 27 (51 38 28) (44 16 32) (39 34) 4
16: 51 (39 1 31 57 15 19 37 52 44) (20 32) 58 (41 47 28 4 16) (13 9) (56 27) (43 12 50 34) (8 7 55 3) (53 21)
17: (51 32 7 48 43) 25 1 24 34 21 (9 41 19 15) (27 26 49 53 50 16 4 31) 10 (39 57 13 37) 59 6 (58 23 56 8 28 38) 44
18: 16 (57 9 18) 56 (23 12 31) (41 6 29) (54 50 21) (38 33) (49 28) (32 52 26 19 53 35) 27 (8 10) (47 44 7 43 13 58) 5
19: 36 (26 50 12) (15 9 40 7 32 55) (45 57) 31 (27 44 29 43 18 4 6 16) (3 58) (56 34) (8 41)
20: 15 (57 10) (44 51) 39 (47 13 49 19 55 40 58 29) 56 (18 32 53 41) (9 20 4) (24 12) (28 31) (8 25)
21: 20 (38 29 13 44 57) 21 9 27 34 (32 40) (25 6) (7 4) (56 55) (59 31 16) 28 (47 8 18) (1 15 12)
22: 46 34 (29 52 58) 44 (12 57 26 1 6 8) 9 (32 37) 53 (41 55 10 49) (31 43 28) (21 33) (15 56 59 47 7)
23: (9 52 16) (24 25 57) 8 31 (33 38 55) 37 (59 6 12) (1 58 49 13 32) (27 44 39 21 56 43 4) 29 47 51
24: (44 10 6 21) (26 58 40) 49 (27 7 4 28) 1 50 (43 29 52 56 23 9 55) (39 36 32 57) (34 8)
25: (31 18 58) 51 13 44 32 (25 38 34) (4 16 8 60 7) (12 56 57) (28 1 9 40 6) (39 29) 27
26: (51 33 38 58 39 25 36 21 12 52 15 1) (57 7) (44 14 34) (9 28 32) 53 31 55 8 (56 59) (40 24 6) 16 43
27: 46 (44 47) (28 7 45) 10 (34 4 43) (6 13) 56 12 (40 25 50) (32 31 23 11) (57 1) (18 58 9 55 52)
28: (60 55 9) 56 (8 40 31 7 15) (12 13 24 45) (53 50) (58 38) (26 44 21 51) 4 (59 32) (57 49) 43 (39 10 29) 6
29: 10 49 51 (39 50) 13 58 36 (31 40) (32 59 3 12 27) (8 47 57 15 55 6 53 21) 56 (19 23) 29 16 (1 54) 33 9 (44 18 7) 60 25
30: (51 4 27 54) (34 26) (56 38 8 33) (44 6) (10 41) 5 57 23 (7 39 58 59 16) (43 13 49 28) 40 (9 18 36) 45 55
31: (39 31 4 40 9 56) 44 15 13 (29 53) 50 (41 33) (19 1 6 34) 43 5 3 (25 14) 35 27 (8 12 16 42 28 58 57) 55
32: (12 27 13 8) 43 40 (7 46 1 58 53 51 16 11 55) (39 32) (28 4) (41 26) (34 57 56 44) (29 31 6 59)
33: (1 49 29 57) (4 44 31 9) (5 43) (6 51) (27 20 32) (16 12 55) 45 (28 21) 58 (34 56 15 26 39) (23 50)
34: (14 39) (7 49) (12 32 42 13 33 4 34 24 44 1) 31 6 (40 9 58 43) (36 52 47) 5 (57 26 55 21) 8 51 56
35: (41 55 34 44 13 45) (31 50 19 58 23 12 18 7 9 47) (43 32 29 57 59) (6 37) (38 56 14) 5
36: (19 56 15) 51 (9 37) 49 (57 55) (34 47 7 29 53 28 6) 4 31 (43 1 45 40 39) 32 (44 18 58) 17
37: (57 55 24) (32 27 56) 1 51 (39 6 5) (33 43 7 4 34 16) (58 31 15 59) 44 (36 14 26) (49 9) 18
38: (34 18) (4 12 51) (37 43 40) (39 10 25) (5 8 20 13) (7 27) (38 29 31 41) 6 (16 47 50 54 56 59 58) (57 26 19) (32 15 9)
39: 51 (53 28) (18 36 6) 58 (39 45) (29 38 32 9) (56 14 27) 49 44 23 57 (15 43 10) (31 1) (34 47) 55 (26 33)
40: 58 (44 10 26) 33 3 12 (52 4 56 6 9) (13 31 43 7 39) (54 32) 57 (38 23 15) (14 27 59) 8 40 (48 47 1 28)
41: (57 26) (53 19) (58 51 6) 14 55 52 27 (39 35 24) 18 54 7 31 50 (13 43) (9 56 44 49 59 32 29) 10
42: (28 55 6 31) (7 56) (24 51) 26 16 (44 33 8) (34 32 47) (19 45 43 4 58 1 27 57 9) (29 38)
43: (53 56 27) 58 (38 9) (39 49 48 12 57 32 6 30 14 36) 4 40 (5 31) 34 44 (24 52 7 55) (35 16 23) (18 10 13)
44: (49 58 51) 28 55 6 (53 12) 14 10 (9 56 8) (32 4 39) (18 13 59 57) (23 44 24) (34 16) (26 21 27) 7
45: (59 15 55 10) (26 33 40 57 16 60) (7 32 58) (34 6 51 23 4 39 12) 38 (1 31 27 46) (56 9 44 43)
46: (31 18 39 6 25) (29 23 56 36 44 5 49 21) (35 43 32 59 10 52 53) (51 4 38) (12 37 1 57 7) (33 8 58)
47: (29 10) (18 13 59 25 8) (38 9 53) 55 (39 32) 34 (4 28) (40 37 31 21) (50 56 27 11) 52 6 (16 12) (43 44 57)
48: (44 56 57) (55 34) (26 45) (29 28) (10 14 9) (6 17 7) (31 16 53 1 32) (39 41 58) 21 4 (49 12 59 8)
49: 50 (58 49 32 51) 45 55 (34 18) (9 6) 15 (11 1 39) (44 24 16 13 4 26 29) (10 46 37 57 8 36) 33 40 (27 43 31 56) 52
50: 40 51 (17 15 52) (32 16) 37 12 (57 56) (24 28) 4 (21 18 27) (6 7 58 44 31 26 35 45 38) (9 53 13 55) (25 34)
51: 29 (44 54 36 31) 16 26 (34 58 19) 5 (9 8 6 23 42 33) (7 47 56 10) (1 21 45 57) (28 50) (41 32)
52: (39 16) 11 41 (23 31 43) (56 22 52 32 47 57) (59 55) 5 (37 58 18 4 9 29 6) (12 53 19) (44 51 7 10 48) 8
53: (36 43) (45 53) (52 34 19 6 27 59 4) (44 55 57) (10 31 35) 58 (39 7 32) (28 9) (38 5) (56 16 51 54)
54: 45 7 (57 49) (58 32 38 31) 43 (36 47) 10 25 (9 26 56) (13 8) 27 4 (28 53) (14 6 59) (15 33) (23 30 12 16) 44 (34 40 55 1)
55: (2 56 28) 4 (58 42) (41 30 15 49 6) (7 31) (37 21 9 53 52 13) (12 29) (32 18) (55 57) 16 (43 19 47) 44 51 (45 50)
56: (13 26) (34 14 18) 44 40 32 (6 12) 1 (45 25) (52 9 53 4) (51 39 58 49 57) 56 55 10 (31 33) (16 5)
57: (56 23 57 10 16 1 44) (27 39) (40 31 55 47 51) 54 (37 8) (7 6 22 9 13) 59 52 (4 5) 32 58
58: 51 (36 59) (55 35 34 13 58 28 53 1) (56 4 10 22 27) (21 7) (44 52 50 6 26) (32 18) 12 (9 8 39) 57 43 (16 31)
59: (29 45) (16 28 33 52) (7 50 55 27 58) (34 11) 10 13 26 9 (1 51 56 59 8) (19 32 57) 12 6 (38 44 18) 31
60: 15 (36 31 44 40) (50 33) (6 43 3) 7 41 (57 23 59 32 55) (39 34) 9 12 (8 26 56) (13 51 58 28) 52
