60 60
1: 2 43 50 34 37 22 26 8 31 6 45 15 7 38 46 47 59 16 1 23 18 28
2: 20 2 56 59 57 48 40 28 35 44 24 6 12 4 5 26 41 13 46 19 39 27 54 1 55 36 60 51 34 37 58 8 42 18 45 53 7 33 23 11 29 21 25 17 30 47
3: 54 28 48 39 60 58 14 13 1 9 47 10
4: 21 30 19 2 46 31 53 44 57 5 12 60 23 40 24 1 36 25 42 18 39 52 3 35 58 59 9 37 33 20 13 32 11 47 28 10 38 55 8 16 56 15 17 43 7 26 49 45 22 6 41 4 48 34 14 54 51 50
5: 10 53 17 57 52 35 42 33 59 43 30 40 32 22
6: 14 33 8 4 41 49 27 5 12 38 31 1 10 56 60 59 51 47 29 55
7: 60 39 43 24 30 4 3 33 36 8 56 50 10 26 25 23 35 48 9 46 40 31 57 53 59 5 27 15 1 51 41 38 44 7 37 52 19 18 34 32 11 20 49 2 14 17 45 13 28 58 29 54 12 21
8: 58 34 2 60
9: 38 59 22 26 42 58 28 34 57 29 8 49 1 30 13 17 35 11 60 37 12 9 2 55 53 45 27 21 36 44
10: 26 45 1 31 17 43 39 3 48 22 15 21 25 20 29 46 54 60 42 58 47 18 51 11 13 37 8 6 59 27 9 56 12 53 55 14 49 24 50 2 41 34 28 44 35 7 52 19 16 36
11: 52 44 27 26 31 7 28 54 12 21 1 14 6 40 46 45 37 3
12: 38 49 23 2 13 17 34 36 40 47 21 46 9 28 16 60 1 54 4 6 15 48 52 51 33 59 41 25 8 18 24 19 35 45
13: 8 12 3 10 58 36 26 28 56 60 19 18 5 13 24 31 22 29 48 9 30 33 20 16 6 41 35 37 38 17 1
14: 55 8 42 26 2 23 1 4 51 58 60 34 16 19 12 37 24 48 30 5 53 33 36 43 35 46 52 15 20 50 31 45 7 3 25 9 13 11 6 54
15: 22 11 12 13 23 14 57 38 40 56 21 55 35
16: 15 47 33 42 8 5 38
17: 45 43 26 27 7 52 16 21 32 57 58 3 6 50 37 15 51 23 29 14 8 20 19 11
18: 31 42 43 51 6 46 38
19: 58
20: 34 14 41 9 3 52 15 45 29 2 42 19 50 4 27 26 40 59 11 17 28 46 32 33 47 54 16 60 57 49 1 6 53 55 20 18 37 10 21 44 39 13 51 24 22 7 58 25 48 31 43 56 8 23 30
21: 35 27 52 24 32 26 28 36 18 5 44 30 54 23 14 34 22 59 2 29 48 33 11 42 37 46 25 55 12 60 39 9 43 17 8 31 56 40 20 7 38 10 13 16 3 51 49
22: 9 16 52 20 6 57 17 4 50 14 29 15 38 43 13 28 58 41 33 1 44 54 24 39 2 19 37 53 31 26 21
23: 15 49 7 42 19 4 54 48 2 46 36 9 16 60 10 33 50 21 6 51 11 59 43 37 31 23 35 45 39 8 20 29
24: 54 19 13 58 18 41 6 46 47 38 25 11 26 59 10 60 23 42 50 56 14 43 17 5 36 34 44 40 24 8 45 28 7
25: 2 35 26 44 38 13 29 7 34 20 45 19 27 43 33 18 4 14 12 8 11 46 49 3 58 5 1 39 50 10 36 6 23 59 17 55 42 48 32 56 54 30 40 15 57 25 9 41 60 52
26: 58 11 23 49 19 25 44 50 47 45 31 22 56 13
27: 51 8 40 29 34 48 44 4 59 45 53 18 46
28: 42 25 3 37 46 47 15 40 57 38 13 35 7 26 16 45 17 12 48 41 27 39 10 6 59 2 54 14 21 5 36 8 52 28 31 58 9 23 49 20 33 34 44 19 1 53 30 22 4 43 18 24 29 51 60 11 50 32 55
29: 59 31 8 34 3 49 5 26 7 51 60 30 45 46 33 15 25 4 53 2 57 16 48 10 42 52 41 14 21 55 38 17 35 56 11 39
30: 20 28 37 35 11 47 32 53 48 25 57 26 43 51 13 7 6 10 30 36 54 38 21 52 58 44 16 15
31: 1 14 59 23 46 27 9 13 50 19 40 53 26 56 44 2 21 10 48 31 17 33 22 52 57
32: 42 51 22 3 33 6 1 35 45 40 49 32 38 29 43 16 24 27 60 56 26 41 46 11 18 39 28 52 9 4 2 37 10 47 21 34 44 25 53 7 12 31 5 58 20 13 59 36 55 50 17 8
33: 20 21 4 16 34 31 24 52 57 2 49 45
34: 9 43 37 49 20 33 55 16 46 47 17
35: 18 5 28 52 13 27 57 34 30 46 20 7 51 16 37 49 8 9 21 50 58 33 25 26 10
36: 38 60 28 45 12 22 57 58 26 50 42 55 39 46 34 18 16 40 49 10 25 24 44 36 29 17 27 41 15 20 3 32 9 59 11 8 53 14 56 31 48 52 35 51 2 7
37: 5 36 23 37 21 58 3 29 18 6 4 52 24 19 28 26 44 45 22 15 53 16 33 2 1 41 43
38: 14 23 53 7 11 45 46 27 5 10 50 56 8 35 16
39: 21 19 33 27 36 58 23 37 26 42 39 22 14 54 30 5 9 45 49 38 46 28 34 43 20 15 11 25 51 35
40: 5 60 56 34 52
41: 48 24 38 57 17 45 56 1 41 59 54 34 29 3 22 4 50 23 40 47 49 15 52 7 33 9 42 51 5 8 32 46 6 37 25 30 18 2 21 27 31 26 11 36 44 20 10 12 53 13 55 16 60 58 28 39 43 19 14
42: 16 37 22 9 43 31 25 18 29 19 55 27 52 5 53 26 34 58 8 4 14 33 59 3 42 15 44 21 23 49 41 60 56 12 24 6 45 13 35 1 11 46 47 51 30 17 54 38 57 2 7 32 28 10 40 36 20
43: 17 10 57 30 51 26 45 5 2 35 53 59 31 36 23 22 52 32 50 60 13 11 29 41 27 21 56 34 1 49 19
44: 32 26 21 57 55 10 43 56 42 60 18 54 35 45 6 19 53 40 4 16 13 7 30 50 33 48
45: 13 16 37 23 46 21 11 20 10 54 17 31 2 53 41 49 18 7 48 9 42 56 6 19 25 4 40 32 33 60 44 5 22 58 35 55 12 50 8 36 43 3 15 30 28 1 47 38 45 26 27
46: 4
47: 42 37 46 13 32 8 39 40 16 7 29 14 11 15 57 36 35 23 10 47 25 43 54 2 52 17 55 58 51 19 34 28 22 60 4 49 5 30
48: 9 12 37 59 53 57 16 11 3 6 15 44 7 29 34 22 19 31 50 36 55 38 10 41 32 51 1 5 20 18 30 28 17 52 40 46 58 43 56 4 47 2 21 26 24 27 33 42 8 25 45 23 54 35 49 48
49: 48 15 60 26 24 36 56 40 7 16 20 53 8 17 11 52 19 39 43 6 29 23 31 46 47 3 50 54 2 14 12 9 33 58 18 4 25 37 42 32 1 41 30 55 35 57 44 21
50: 36 45 42 18 24 2 56 4 34 53 59 38 28 54 52 57 29 10 19 60 58 14 47 21 44 48 40 51 35 15 33 27 7 31 20 32 3 17 6 11 26 1 49 46 23 12 50 9 5 16 37 30 39 43 13 25 22 8 55
51: 26 57 41 50 44 46 33 53 58 36 60 48 27 14 59 38 35 54 52 3 4 47 11 42 2 32 55 34 10 8 37 25 20 23 24 15 6 7 28 12 49
52: 37 27 17
53: 57 50 56 18 39 10 23 12 5 35 30 9 14 8 55 43 31 28 7 27 21 13 53 24 26 25 40 4 1 52 41 32 19 37 59 54 17 3 44 15
54: 31 47 25 3 2 23 15 41 30 6 37 20 36 40
55: 33 45 37 16 51 41 3 11 49 54 57 38 58 55 18 50 44 30 59 4 60 19 36
56: 27 11 6 32 59 49 5 53 24 33 58 18 35 52 17 43 14 44 1 20 34 36 3 21 48 19 31 37 46 47 51 22 26 15 12 54 4 57 2 39 41 45 30 56 60 8 29 16 25 23 40
57: 8
58: 37 43 35 26 49 42 33
59: 46 60 8 41 30 25 5 40 54 53 26 6 27 13 42 9 32 11 22 37 17 48 19 21 20 35 51 4 36 58 33 38 18 47 49 44 12 50 39 1 34 31 2 56 52 57 55
60: 1 50 18 5 2 14 53 49 24 29 23 26 8 46 56 45 40 52 44 27 58 6 12 31 13 59 19 47 15 34 4 48 33 22 20 16 41 36 42 30 55 21 7 43 37 60 10 11 3 25 28 9 32 39 54
1: 1 2 60 37 20 42 7 25 (11 32) (59 14) (12 28 6 56) (41 48 31) 10 (45 50 49 9 13) 53 4 3 (22 43)
2: (23 37) (48 43 21 2) 41 (20 45 12) 22 33 42 (28 29 54) 47 (49 32 51 50 10 8) (4 14 60) (36 9 31 7) (1 56 25 59)
3: 7 (21 48) (36 10 50 14) (45 28 55 17 60 51) (11 37 13) 53 41 (42 32) (56 4) (25 20) (54 29 49)
4: (25 27) (33 23 29) (56 28 60) 22 (7 2 47 41) (55 45) (4 6 44) (20 50) 59 51 (12 49 32 46) 42 14 48 (37 53)
5: 45 (39 47 13) (4 2) (29 38 53 48) (41 60) (37 7 32 43) 35 6 (16 21 42 50 56 40 24 28 14) (25 59)
6: (41 45) (25 28) (11 50 42 4) (2 60 56 49) 24 (20 17 12) (14 30) (51 44 1 54 32 37 48) (18 59) (22 13) (10 23)
7: 28 (49 48 51 45 35 41) 23 (20 42 2) 30 (36 1) 21 60 (32 7 4) 25 (38 50 24) 44 (53 47 17) 10 (29 11 14)
8: 32 (60 20 7) 41 42 10 9 (24 4) (2 38 53 25 27 45) 49 12 (14 48) (13 29 59 1 36) (50 28 23 16) 6 21 51 17 (35 57 56 47)
9: 12 (41 32) 35 (48 39 50 42 10 45) (22 25) (53 59) 36 13 (20 31) (14 4) (34 9 60) (21 7 49 3 23) 28
10: (45 28 42 50 21) (36 7) (38 60 29) (23 13 31 5) 4 (47 30 32 51 25) 35 (48 3) (41 20 43) (24 44 53 6)
11: (10 38) (20 39 14 25 29) (59 51 24) (28 48 56) (60 7) (36 15 42) (21 32 45) (43 41 55) 4 (23 9 50 30) 49 (2 17 47 26)
12: (11 2 7 36) (48 42) 56 28 10 (15 9) (14 51) 4 (25 49 41) (21 6 13 32 59) (45 53 60 50)
13: (3 26) (31 13 28) 35 20 45 (43 42) (24 47) (60 32 21 12 15) 25 7 (10 50 41 30) 59 9 44 (22 2 4 14 53)
14: (42 31 49) (41 11) 29 22 (15 21 53) (4 10) 20 (56 28) (51 39 6 47 60 24) 3 17 36 25 (38 50 7)
15: (25 17) 23 22 (29 28) 47 (48 45 39) (41 20 49 30 14) (51 42 16 53) (12 1) 4 (56 50 36) (7 10 37) (54 60)
16: (33 38) 20 (50 13 41 56) (47 35 44) (4 37) (36 30) 49 48 (10 34 17) (23 32) 28 (60 45 22) 21 29 14 42 (12 1) 55
17: 13 (48 10 2) (28 41 21 36 50 34) (5 12 31 32) 25 42 (56 7 47 43 52 29) (4 20) (24 22) 9 49 (53 59) 45
18: (24 7) 45 (21 35 10) 37 (41 55) (32 25 20) 42 27 49 (60 53) (13 48) (12 50 4) (28 2) (59 1) 44 56 36
19: (55 2 60 39) 28 (44 20 22) (41 25 37 10) 24 (26 45) (17 42 43) 13 (23 47) (14 12 50) (31 59) (49 53) (56 4) (48 7)
20: (33 34 10) (30 4 42 21) (49 36 25 14 51 13) 23 35 (2 59) (39 7 56 20 60 17) (41 48 32 28 45) (50 22) 54
21: (59 11) (28 41 30) (42 50) (39 7 35) 23 (48 44 15) 53 (32 9) (56 33) 43 31 (22 17 4 37 29) (60 20 2 10 49) (12 45)
22: (45 48 10) 20 (21 13) (60 43) (36 15 42) 39 (4 56) (59 32) (37 9 28 26 47 31 5 1 41 50)
23: 37 45 (51 24) 43 (49 14) (26 60 21 17 39 54 4) (41 2 12 50 42) 28 (7 38 47) (56 25 15) 20 31 1 (48 53 23)
24: 28 2 (50 20) (53 37 48) (32 4 21) (12 41) 36 60 13 (22 42 51 24 7 56) 14 33 49 10
25: 42 32 (39 56 4 49 53 60 28 25) (7 41 26 12) (48 29) (2 14 36) 20 (45 30 35) (24 50 59 54 10) 21 51 47
26: (20 49 31) (29 45) (1 32) 41 39 (4 22) (53 48 44 13) 9 (17 50) 42 (59 56 51 58 25) (35 11 30 2 60 10 14 7) 21 36 (43 28) 24 37
27: (21 59 31 25 45 53) 6 (48 43) (51 20 11) (36 60) (2 7) (39 17) (35 32 28 38 10) (42 50 41) 9 56 52
28: (42 36 41 12 35) (11 20 51 39) 13 (32 50) (53 47) (9 45 10 2) 7 (60 37 22 48 24 1 30 21 28 4 3)
29: (7 37) (36 28) (49 17) 48 (42 13) 50 32 56 6 (47 27 9 20 60 43 25) (21 41 10) 22 2 23
30: 48 (42 14) (39 59) (21 49) 41 (43 60 5) 53 (2 4 13) 25 (55 35 54 45) 29 50 (7 28 20 9) (47 44) (30 56)
31: 42 33 (23 56 18 28 10) (59 6 21 4 53 29 50 54) (49 14 41 60) (11 7) 36 (48 45 32) (22 31) 20 1 43 (13 26)
32: (20 41 48) 25 47 (42 51 30 50 4) 45 28 (56 53 32 7 21 59 49 17) (43 5 60 36 44)
33: 12 (44 22 14 23) (41 45 2 4 59 20 13 58 34 31 32 39 60) (37 25) 49 29 50 (35 42) (7 6 55) 5 (56 28) (16 51) (48 21)
34: (8 9 40 36 60) 50 (47 2 48 10) 12 28 (29 25 51) (21 43) 14 (35 1 24) (42 59 20 33 41 32 56 7) 4 39 27
35: (58 14 36 4 43 49 42 15 32 2) 5 (53 7) (51 44) (23 45) (21 39 10 29 30 59) (56 50 48 12 38) (47 9 25) (13 28)
36: (30 43 14) (23 10) (9 4) 56 (39 25 12 41) (51 55) 60 (7 2 42 21) 24 (59 45 37 36) (47 49) (48 28 32) (50 54 13)
37: 59 37 (28 50 52 20 55 45 48) (22 35) 58 53 7 42 (51 47) 1 (41 34) 17 (2 10 60 4 11 14) (23 21 54) (9 49) (30 32 13 56 39)
38: 21 (7 32) (55 25) (45 24 1 41) (22 13 59) (39 36 4 48) 30 15 (6 42) (28 16 29 9 51) 12 50 18
39: 53 (56 23 47 59 2 4) (36 21 49) (32 29 22 50) 28 7 20 3 (60 39 10) (25 41)
40: 50 59 41 (5 24) 48 (47 25 36 7 2 56 32 12) (21 60 15) (42 45 20 53) (27 4 44 28) (54 11 31 49)
41: 13 51 (4 32 55 60) (41 6 45 54) 37 (59 28 24 2 49 22 25) (36 48 29 42 56) 7 (10 20) 43 12 53
42: (58 18 16) (24 49) 28 42 32 (25 41 23) (5 14) (45 29) 60 (2 48 20) (47 9 44) (36 39 4 51 21 50) (10 59)
43: (18 5 56) 39 (30 34 7 50 22 14) (24 25 17 48 4) (44 41) (37 45) 47 (10 58) (49 32) 23 (20 53) (42 21 60 1 28)
44: (42 26) (10 22 20) (36 31) (7 9 48) (56 21 37 28 27) (11 60) 53 4 (30 2 24 49) (45 59 51 41) 50 25 (55 32)
45: (20 14 29) (11 9) 17 (2 10 42) (43 60) (44 1 38 56 4 26) (32 7 27 41) (55 33 48 36 25 24) 50 37 (39 23 12 45 28)
46: 48 (28 27 24 36 45 41 32) (7 21 60) (11 34 12 31) (14 56 18 38 42) (25 39) 1 (23 51 59 49) (20 29 50 2 47) 4 (10 35)
47: 30 4 (34 49 56) (6 51 2 60 59) (42 16 1 32) 26 (54 41) (12 3) 28 (45 20 47) 10 (50 24) 48
48: (21 30 44 49 51) (41 7 23) (2 13 36) (10 25) (56 50) (20 60) (29 31) 4 12 (27 28 14 59 3 45 48)
49: (59 33 42) (55 12 20) 10 (29 56 39 4 34) 28 (32 41 45) 21 (36 23) (47 60) 7 (50 35 9 26 6) (25 48 43 51 58)
50: (45 23) (14 38 50 26 51 36 28) (22 31) (4 44 10) (24 59) 32 43 (20 7) 48 35 (1 25) (55 49 17) 60 (41 53)
51: (43 20 6) (56 4 27) (14 18) 55 59 (32 23 29) (42 48 41) (12 7) (2 28 39 30 10 47 21 50) 17 (36 35)
52: 51 (40 11) (31 60 48) (12 49 59) (33 50 20 29) 32 (37 41 56 7 5 28 25 21) (42 36 53 14 17 22 35 10 4 43 30 47)
53: (31 43) (2 44 48) 42 (30 60 27 59 32 56 22 50) (49 9) (29 4) 28 (38 36) 14 (7 53 37 51 20 41 45) (10 5)
54: 4 22 (49 45 3) 12 (47 50) (24 42) (14 25 60 2 59 55 41) (23 7) (10 28 51 39 56) (53 20) 30 11 21 (44 48)
55: 45 (41 21 4 44) (48 55 6 9 59) (51 49 20) (32 29) (28 50 14) (2 36) (10 42) (47 25) (15 53 34 60)
56: 48 (44 25 21) 32 (41 6) 29 (24 15 43 20) (53 50 56) (38 7 45) (42 13 60) (49 36 10 2 26 31) (4 40 59)
57: (25 56 29 7 47) 48 (42 15) 49 (4 41 51 22 33 17 35 31 59 36 30) (43 44 50) (28 53 55) (9 5) 2 20
58: (30 32 41 47 39 37 9 13 42) (36 56 4 22 45 48 14) (20 49 2 3) (25 8) (7 26) (19 28) 55 35 (51 24) 60 (59 17) (10 50)
59: (25 6 24) 41 (53 21) (42 60) 4 (28 32 12 29 51 5) 31 (43 7 23 9 2) (27 1 55 50 36 48) (10 20 56)
60: 13 (36 10) 42 (51 28 56 21 25 14) (6 4 32 2 59 7 50) 43 (20 29 12 23 40) 41 (24 55 3 49) (60 45) 44 47 (8 9)
