60 60
1: 33 50 19 44 5
2: 12 2 48 53
3: 44 59 43 26 20 60 32 25 30 27 8 15 9 45 56 55 14 36 46 24 12 35 58 37 53 23 1 50 38 31 6 16 39 21 29 17 41 7 2 42 52 40 49
4: 17 22 18 32 6 4 49 5 34 13 1 28 35 59 33 42 9 58 51 8 31 16 30 10 40 23 44 2 19 53 57 27 38 43 39 60 54 56 12 47 46 45 20 52 41 29 15 24 50 25 14 11 55
5: 33 58 1 10 32 20 42 31 60 9 27 45 52
6: 57 27 59 54 34 6 28 1 56 55 42 4 16 48 10 22 32 43 50 51 24 31 25 44 5 29 3 20 9 52 60 37 41 7 23 45 21 18 17 30 35 11 14 8 2 47 12 58 49 13 39 15 33 26 46 53 40 36 19 38
7: 33 20 17 48 60 42 34 1 2 16 8 13 21 4 46 23 38 47 14 15 51 57 19 49 5 27 54 24 12 39 41 18
8: 60 16 3 11 58 18 39 13 35 36 51 19 30 4 31 56 12 37 49 59 22 21 23 7 24 54
9: 52 3 36 59 49 25 40
10: 60
11: 59 15 22 2 60 42 5 24 16 32 33 36 7 14 11 46 10 6 34
12: 59 18 3 35 22 31 17 14 46 15 43 19 45 56 32 44 52 9 49 51 50 11 41 23 57 54 24 53 12 48 16 8 55 13 27 20 60 34 10 30 37 2 4 33 39 28 6 42 7 47 26 58 36 29 21
13: 43 15 4 3 52 2 59 9 58 60 36 49 31 29 44 26 13
14: 32 53 52 42 7 23 45 57 1 30 60 18 10 51 26 11 29 15 4 54 16 25 44 46 24 9 49 22 37 13 19 40 27 50 56 3 59 14 2 41 6 35 55 38 58 20 5 17 39 8 12 36 47
15: 15 29 24 19 5 31 7
16: 19 28 44 50 42 55 22 24 2 15 41 4 6 36 29 8 33 26 58 27 37 46 54 10 17 16 34 38 12 57 39 40 18 9 30 20 31 52 53 56 1 7 14 60 11 47 51 49 32 5 48 45
17: 52 17 31 43 23 50 15 33 26 9 38 22 24 7 47 25 32 19 48 49 3 16 30 60 45 44 29 11 46 12 27 4 55 18 51 53 36 42 40 41 56 10 5 14 8 39 59 20 54 37 21 34 57 6 1 28 35 58 2
18: 35 47 28 33 2 6 1 13 30 56 7 24 38 57 8 4 48 51 22 52 44 59 25 19 36 29 9 18 23 3 12 11 17 49 55 43 16 50 32 41 5 40 27 60 14 53
19: 55 25 10 60 1 5 37 22 21 35 52 28 33 47 27 48 30 3 49
20: 20 60 41 43 21 32 29 47 2 5 59 14 48 56 15 40 42 7 12 34 4 30 36 50 23 16 1 13 54 24 10
21: 25 56 52 2 45 23 44 31 28 1 34 43 50 48 4 11 22 12 42 33 41 53 9 19 32 13 18 24 10 35 51 36 30 60 17 27 59 54 57 49 37 55 5 8 38 26 3 21 20 58 16 7 14 46 39 15 6 40
22: 42 3 49 60 12 58 26 14 54 57 37 33 39 8
23: 23 41 10 37 34 22 47 50 4 3 55 26 35 18 36 8 53 40 27 29 11 56
24: 59 48 8 55 24 23 20 26 60 37 25 18 29 13 10 47 41 31 17 50 11 42 2 4 22 49 14
25: 8 40 55 60 27 18 9 11 56 34 24 53 10 25 54 37 28 4 39 41 31 32 42 13 1 59 12 16 3 57 35 45 52 30 48 50 58 26 43 14 15 22 5 21 17 19 36 23 6 47 2 44 7 29 46 51
26: 12 10 56 52 5 46 21 44 25 26 49 43 54 3 59 36 32 42 22 13 51 60 8 24 2 29 38 50 31 27 15 40 6 16 53 17 1 57 28 37 55 48 45 47 18 7 14 33 41
27: 51 43 30 39 48 49 52 36 3 20 14 33 38 8 53 4 57 25 10 19 31 41 2 5 13 59 35 26 21 9 46 12 54 6 15 23 28 45 16 60 47 17 40 34 55 29 32 11 27 22 42 24 56 50 58 37 1 7 44
28: 51 19 33 32 43 23 46 15 18 37 12 34 21 52 49 20 7 44 1 58 39
29: 19 41 28 37 30 22 3 35 15 51 44 4 38 8 55 57 54 40 13 17 47 42 58 34 26 16 9 31 36 49 46 29 50 18 52 2 27 20 33 48 39 1 7 45 24 60 10 5 56 25 6 11
30: 8 7 24 13 57 4 15 46 6 29 47 12 43 50 49 26 33 41 59 14 21 54 9 1 48 44
31: 41 58 34 36 55 3 52 54 57 1 15 6 16 51 32 8 30 4 19 38 13 22 5 35
32: 11 47 21 8 46 44 51 24 31 55 9 20 33 23 43 48 22 19 35 6 53 50 32 57 34 27 41
33: 5 46 25 2 51 20 10 54 52 17 15 58 53 50 4 49 38 6 12 16 59 9 55 35 32 26
34: 57 13 32 20 11 46 21 3 50 54 19 12 39 30 40 44 35 51 47 27 38 23 22 55 37 15 58 25 31 41 33 7 24 59 45 52 28 10 2 36 14
35: 31 56 5 37 10 26 22 25 57 44 1 51 39 7 59 23 32 24 12 14 8 4 2 42 40 15 29 18 53 6
36: 35 58 34 3 52 13 39 11 19 42 37 53 48 29 5 10 18 30 6
37: 6 49 11 60 3 27
38: 31 27 53 45 30 37 32 3 40 55 29 33 34 6 9 23 44 26 10 19 24 39 22 41 20 49 25 17 42 54 1 56 48 16 57 21 47 2 28 35 12 14 51 46 5 52 36 4 18 11 43 50 7 15
39: 46 54 22 10 43 16 45 58
40: 33 17 51 14 45 20 18 50 26 4 35 12 1 5 55 44 24 3 31 38 19 40 53 8 60 23 9 54 48 7 10 6 36 15 27 47 52 21 2 46 43 42 28 56 13
41: 40 47 3 12 60 58 45 4 5 39 20 59 19 30 35 34 16 49 9 10 23 56 54 27 14 8 28 2 42 53 13 24 11 6 55 31 38 29 57 21 43 1 7 50 15 36 18 41 52 25 26 46 33 22 51
42: 48 7 54 27 10 16 52 35 24 39 11 41 51 55 21 5 33 43 25 47 12 15 18 30 9 19 57 40 32 38 56 49 14 3 42 29 46 60 2 36 59 4 50 37 58 17 31 45 13 8 23 53 34 20 44
43: 21 23 16 17 26 53 32 18 39 15 46 5 35 7 3 11 8 22 48 51 41 34 58 27 60 36 52 37 6 29 28 25 47 4 43 45 42 49 31 9 2 57 13 30 38 40 12 50 1 44 10 54 14 24
44: 4 49 18 24 53 51 30 1 5 9 39 47 33 28 20 40 36 10 56 23 60 29 13 25 43 6 2 3 7 57 15 26 17 11 34 59 19 45 54 41 55 22 16 44 50 42 32 12 8 14 31 38 46 52 21 58 48 37 27 35
45: 20 51 45 19 56 44 23 42 8 18 21 36 34 58 39 28 11 1 43 41 15 57 38 3 9 37 49 60 48
46: 56 41 43 57 49 12 29 58 51 4 46 48 10 44 1 28 20 5 19 16 13 60 23 17 53 42 34 33 26 18 35 14 31 30 9 59 25 6
47: 34 41 60 56 39 59 5 26 6 52 45 19 10 32 14 35 28 54
48: 14 9 47 49 39 45 50 18 8 30 2 27 59 22 40 53 13 5 10 11 37 12 60 19 52 33 56 7 42
49: 14 56 58 55
50: 12 47 5 17 4 1 24 48 11 46 60 14 49 25 3 54
51: 3 16 17 12 7 14 4 33 11 23 46 59 27 2 10 60 29
52: 34 58 26 24 12 45 1 39 37 50 48
53: 15 1 51 56 17 60 35 23 52 46 11 4 59 22 28 37 34 27 21 6 49 9 18 50 20 55 25 8 14 19 7 5 12 47 42 32 26 3
54: 17 39 21
55: 53 11 15 1 59 14 39 19 32 18 10 58 35 20 17 26 41 5 57 34 42 47 54 31 29 16 2 43 48 44 56 12 50 3 60 45 33 36 24 23 9 49 27
56: 45 21 29 44 19 3
57: 27 52 10 18 29 11 49 6 24 2 39 37 4 58 36 44 46 21
58: 4 36 35 13 28 8 20 53 57 34 38 45 22 42 41 29 6 43 1 44 40 39 59 47 37 5 10 24 31 12 11 21 26 49 15 55 16 54 9 17 33 25 23 52 56
59: 5 4 59 10 60 27 22 21 28 37 6 14 3 40 33 49 13 11 50 36 42 47
60: 57 26 21 40 31 37 50
1: (5 46 14 53 21 16 7) 50 6 43 27 (19 4 20) 28 58 (40 52 38) (44 26 55 41) (30 17 25 3) (45 29) (35 31 18)
2: (17 25 27 57 7 29 3) (16 26 20 44 43 21) 42 (2 48) (38 4) (40 13 35 18 24 12) (14 33) (51 34 11 6 41 55)
3: (25 22 53) 38 29 (9 6 55) 8 (21 27) (31 19 56) (18 51 43 17 13) (34 42) (59 41 50) 37 (26 14) (44 45 36 40 12 23)
4: (8 7 33 31 29 16 41) 44 (58 25 50 38 51 17 27 14 12 53 13 20) 23 (43 4) (57 21) (30 18) (6 24 59 42 40) (35 46)
5: 11 (6 4) (31 7) (19 17) 55 14 (44 35) 21 (53 25 42 26) 59 48 (33 1 47 43 36) (18 27) (58 50 41 20 15) 40 (29 38 16 46)
6: (59 44 29 33) (12 16) 35 (47 18 25) (53 14 40) 37 (6 41) (38 32 3) 30 57 4 (21 11) 27 (46 58 36 17) (26 43) 31
7: (48 16 8 41) (28 30 20 12 21 3 51 44 29 6 43) (42 14) 15 (17 40) (38 35 34 53) 27 25 18 (11 26)
8: (22 42) (14 3 29 4) 18 (41 40 6) (23 44) 7 (17 25 24 30) (53 32 48 27 31 16 26) (12 35 58) 45 43 21
9: (33 55) (53 32) (41 6) 45 (17 38 30) 43 (44 58 12 3 16 40 25) (29 27) (21 13 48) (14 4 42 18) (46 5)
10: (59 23 40) (35 47) (24 43 48) (29 42 55 14 5 25 38) 12 (51 11 19 20 41 34) (17 4) 57 (33 39) (36 58 6 26 46 44 21) 27 16
11: 36 16 29 (51 41 37) 48 (18 44) (42 38 14) (21 8 24 34 4 58) 23 (45 59) (27 25 43 17 11 55 32 6) 53 (57 50) 12
12: (42 43) (25 44) (20 48) (41 34) 50 8 26 (6 3 14 46) (30 21) (18 53 2) 52 22 33 38 35 4 28 40 (51 27) (55 17 58 12) 16 7
13: (4 13 36 7) (30 12 48 59) 44 34 27 25 (18 6) 26 14 (42 8 40 21) (58 31) 43 20 46 (29 24 41)
14: 49 16 (17 26 20 25 51 44) (14 35 59 50) (34 7 38) (3 30) (48 24 43 41) (47 4) (53 42) 55 6 (11 27 18 22) 46 12 40 21
15: (45 31) (55 33) (40 20) (58 44) 17 (41 43 53 7 6) 16 (14 26) 21 (34 11) (3 25 29 12 27) (30 35) (42 13 4) (28 38 15)
16: (41 55 6) (38 18 25) 4 43 11 (14 27) (20 12 29) 8 (16 44 26) (42 39 51 17 31 58) 21 (7 46) 3 33
17: (6 3) 42 (16 14 27) (43 46) 26 (24 53 21 40) (29 38 58 17) (50 18) 44 7 51 (55 54 33 4 25) 12
18: (25 6) (29 55 38 17 45 28 40 14) 57 (8 18 43) (21 23 24) 26 (53 41 12 16 44 35 4 42 36 46) (7 48)
19: (27 34) (42 6) 8 (53 28) 40 (17 44 38 36) 29 (32 47 21) (4 18 41 7) 25 (45 12) (31 14 1 48) 16 15 46 56 55
20: 5 40 (46 34) (45 32 27) 14 (55 41 12 3 7) (20 6 38) 44 (24 42) 28 17 16 53 (29 33 4 21 58)
21: (32 7) (58 57) 26 45 41 (44 17) (40 25 34) (19 59) (42 21) 54 30 38 (8 60 56) 6 12 20 43 (27 28) 53 3
22: (43 24) (26 18 34 16) (6 12 31) 23 (58 53 11) 44 (48 41) 8 (25 35) 38 (17 19 32 29) (21 39) (14 59) 4 27
23: 35 (42 21 3 55 14) 34 53 (58 38) (28 18 7) 45 (41 40 25 17 51 32 12 6) 23 (27 4 44) 24 46 (20 43 8)
24: 34 (15 41) 35 12 27 (18 42 6 8) 24 14 (11 55) (52 26) (29 4 38 58 21 44 20 25) (40 30 57 43 50 17) (16 7) (32 3)
25: (3 21) (53 14 9 42 4 58 46) (50 6) (17 34 18) (41 27 25) 43 38 (35 44) (24 33 19 29 26)
26: (25 44 47) 46 58 13 (53 14) (40 52 55) (22 38 27) (24 60 43) (33 35) (3 21 12 26) (23 30) (16 6) (17 41 29)
27: (6 53) (27 3 43 12) (57 21 18 51 38) (37 41) (34 32) 42 25 (26 40 5) 4 (29 44 59 14 19) (16 48 17 23 7) 55
28: 45 (27 41 53 40) (21 44) (34 12 4 38 18 43 26 25 47 46 58) (17 6 29 19) (16 59)
29: (44 25 57 35) (27 30) (14 13 29) (41 23 18 20 16) (42 38) (55 4 24) 15 36 (3 12 43 51) (26 56 17 46 58) 6
30: (8 43 20 4) (3 16) 27 (34 42 12 29 48 36 41 14 19 46) (6 38 44) 18 31 21 25 17
31: 32 (12 55) 3 29 (46 60 24 40) (41 44) (6 21) 16 (42 26) 38 35 43 (13 25 8 4 5 58) (27 17 15) 34
32: (21 27 32) 14 31 (43 53 55 25 26) (4 42) (20 33) 3 18 17 28 (12 11) (5 6) (35 16 44 47 38) 34
33: (32 55 18) (34 38 27 58 26) (12 51 17) (19 6) (7 46) 48 (16 41) (59 21) (5 1) (40 28 4) (42 11 44 22 30 29)
34: (25 55) (47 31 53 38) 23 11 12 (45 46) (58 52) (43 17 21) (36 7 29 28) 32 6 16 20 (42 41 4 27 44)
35: 31 42 (38 47 17 55) (3 44 40) (34 46 12) 4 (41 6) 53 (23 36 21) (32 27 43) (8 29 18 33 19 25 14) 58
36: (16 11 40) (45 57 41 14 13 20 6 29) (25 26 18 21 23) (34 8 43) 38 (27 59) 17 (44 9 58) (42 12 55 31 3)
37: (57 14 25 43 8) (60 6 36) 38 (48 19 16 35) (22 28 21 27 44 26 12 42) (53 23 58 29 3) (59 52 34 45 17) 24
38: 45 (44 43 42 41) (3 26) (29 17 18) 21 (14 33 16) (58 27 34 40 4) 6 (7 31)
39: 3 (27 14 47 38 43) (22 29) 48 16 34 (58 25 54) (57 6 21) (52 45) (44 7) 55 (12 41 8) (35 42 28) (17 4) 36
40: 9 42 29 (60 34) (48 35) (4 6 21 58) 3 59 43 (14 41 23) (38 17) 18 44 27 (16 40) 25 (20 26)
41: (42 6) (24 25 47 21 44 23 46 20 7 14 4 12) (29 18) (26 16) (30 43 27 34 31) 41 (32 58 38) 45 55 3 17
42: (26 38) (58 53) (45 43 7 21 48) 14 (27 59 24 25) 4 36 22 17 (44 12 55 40 6) (35 11) 5 (20 42) (46 3) 41 29 16
43: 39 (30 17) 26 55 (13 20) (18 43) 4 (44 46) 58 (12 28 41 42 38 27 45) 25 40 6 (3 32 21)
44: (42 1) 12 (32 25) (16 4) (30 55) (34 29) 18 28 (3 45) 57 (27 6 21) 58 26 (56 40 13 46) (43 44) (38 35) (17 14)
45: (16 14 34) 40 (21 48) 25 (58 44 56) (3 6 29 55 12) 4 (43 26 17 52) 38 (5 45 41 47 27 42 39)
46: 27 (57 51) (53 17 14) 41 7 (26 38 12) (21 11) (32 39 29) (34 42) (46 4) 43 (33 30 40 6 50) 25 3 (44 16 28)
47: (4 53 40 25 59 48 23) (7 41) 34 17 14 20 (29 32) (12 16 24 38 50) 30 (58 19 18 44) 26 (42 43 55 27 6)
48: (44 17 40 45) (55 19 16) (20 7 38 25) (52 26) 30 43 27 6 12 18 29 (42 36 50 46) (32 2) (24 21)
49: (27 28 59 7 9) (12 14 22 45 50 58) (46 26 8 24 3 19) (29 38 57 6) 48 (53 44 17 43 37) (55 4) 42 (13 33 18 30 41) (21 16)
50: 21 (33 52 53 6 18 1 25 23 30) 32 (38 55 44 60) 4 (16 29) 59 (42 26 3) (14 20 24) 34 12 48 (43 40 27 41) 17
51: (4 32) 16 17 (45 21) (35 6 14 46 26 12 34 27 33 44) 53 (38 31 29) (40 18 25) (41 7) (43 28) (8 42)
52: 19 29 (18 58) 36 (17 25 4 53 34) (14 13 57 40) 9 (42 5) (31 28 47) 48 16 (41 27 33 12 26 43 44) 6 3 (21 38)
53: (25 14) (21 12) (41 6 55) 42 46 (44 58 16) (40 36 2 26 3) (23 43) (17 4) 18 38 33 (35 48 32) 27
54: 55 4 43 30 (12 50 17 29 47 8 14) (34 25 26) 58 (41 21 33) 38 (42 27 40) 20 (7 6) (16 31 39 22 44)
55: (42 24 33) (4 53 49) 27 26 44 (40 31) 6 17 19 16 (12 58) (3 32) 23 (38 14 18 25 21 41) (34 29)
56: (29 26 45 41) 49 (4 42 16 8 23) 46 (3 27) (17 18 38 53) (48 6 55 14 40 44 47) (20 58) (21 35) (25 12)
57: (12 35 42) (14 45 46 22 32 17) (18 7 34) (55 26 38 44) (31 27 60 25 41 30 4 29 16 43 58 6 21)
58: 29 (39 44 45) (25 33 42) (46 17 57) 13 5 (8 43) 34 (31 14 36) (21 27 52 55) 6 3 28 12 (22 16 49 41) 4
59: (3 46) (47 11) (55 51 34 17 59 12 30 41 25) (20 58 26 42 4) 27 (13 21 9 44 48) (18 53 24 35) 8 6 (33 14)
60: 6 (37 45) 48 55 (42 19 40 7 51 21) (8 47) (17 12 25) (13 29) (16 43 44) (26 11 5 24 20 18 41 3 14) 53 50 4 59 (46 27 10) 22
