60 60
1: 39 7 32 53 22 26 60 16 31 33 41 35 40 57 10 56 19 24
2: 9 8 57 5 11 37 10 16 55 33 7 13 46 45 15 14 21 32 38 41 26 36 60 17 24 53 30 50 29 1 34 51 12 25 27 40 43 20 4 6 35 39 52 22 49
3: 46 53 21 51 38 37 16 3 27 31 41 10 22 52
4: 54 16 50 25 24 43 56 30 37 53 52 9 47 6 39 18 51 13 33 27 28 7 12 14 2 26
5: 36 56 5 51 23 30 42 29 58 3 21 54 33 27 16 28 4 11 12 2 57 46 48 24 8 47 18 35 9 38 45 7 17 19 32 25 37 34 22 52 20 43 59 31 50 39 26 44 13 40 1
6: 53 13 26 48 8 10 38 4 3 30 16 40 33 2 1 25 60
7: 54 30 39 6 22 1 10 19 36 17 41 53 20 58 47 35 13 3 38 28 33 9 23 40 43 26 42 11 24 16 21 31 25 59 57 48 7 60 34 18 51 46 44 5
8: 49 9 28 24 39 37 59 5 31 10 1 19 13 53 36 35 41 32 15 54 44 6 2 40 42
9: 22 55 58 4 6 20 7 9 39 31 12 18 56 33 30 5 14 25 15 23 53 54 13 57 11 36 34
10: 49 15 31 56 12 28 43 10 40 23 25 32 34 46 58 36 57 44 18 52 24 51 9 27 48 26 41 14
11: 34 15 26 11 5 17 30 33 25 32 40 7 4 43 29 49 23 48 24 31 42 27 56 19 46 28 45 22 3 14 55 58 21 10 50 16 41 54 1 18 13 35 12
12: 49 14 55 6 43 21 59 31 20 16 22 24 34 3 50 51 29 11 44 56 38 42 18 41 36 57 39 15 40 28 26
13: 2 26 36 8 10 37 33 55 41 22 19 34 40 11 56 13 6 38 30 25 47 31 4 59 16 52 3 23 57 48 28 45 29 12 43 5 7 17 35 39 44 50 58 54 21 1 18 46 15 53 51 14 20 9 60 27
14: 19 38 25 60 5 23 47 8 42 9 31 36 51 56 55 28 18 59 16 41 29 34 58 2 22 54 32 53 43 6 49 46 57 33 15 48 26 39 45 7 40 52 37 3 21 10 35
15: 28 9 34 1 48 10 3 2 7 55 30 56 39 44 46 33 37 50 12 15 22 27 40 25 32 23 60 16 21 42 24 26 59 45 18 20 53 6 5 51 17 41 38 4 13
16: 22 43 11 10 56 30 3 45 60
17: 54 37 47 48 46 58 36 20 22 41 45 15 26 34 11 2 4 19 40 12 50 23 30 29 53 35 21 5 18 49 8 57 44 52 51 33 3 56 60 59 39 38 27
18: 13 34 25 60 49 57 19 28 56 12 59 26 39 33 16 40 32 53 4 23 17 6 43 31 10 1 48 38 35 21 2 22 30 52 7 36 54 50 5 3 45 27 44 14 8 55 18 47 41 9 46 51 15
19: 47 41 39 40 48 6 12 44 25 9 23 14 30 15 31 19 1 11 45 7 46 27 16 10 37 29 43 42 60 53 3
20: 21 30 42 57 25 29 40 10 5 12 41 54 55 52 48 8 39 56 20 4 7 13 24 19
21: 19 21 6 54 43 4 7 20 45 10 51 56 32 48 9 3 60 23 24 50 33 42 26 16 13 5 12 46 34 37 38 15 8 41 39 28 53 1 22 52 59 25 47
22: 25 44 7 28 45 8 6 2 14 21 33 32 53 40 57 50 52 4 46 37 60 29 58 39 1 42 18 24 17 5
23: 22 13 48 51 46 1 43 6 4 33 2 17 16 9 59 39 56 20 47 49 11 35 40 42 52 30 32 5 18
24: 29 11 13 1 10 41 6 56 26 60 19 30 33 7 18 36 45 44 23 15 31 3 47 52 34 21 16 5 27 14 54 57 38 59 40 32 35 51 37 43 22 17 55 25 2 12
25: 45 39 2 29 1 17 51 12 52 43 24 5 4 30 47 35 32 53 27 36
26: 59 47 60 28 53 33 34 5 50 10
27: 25 30 29 40 15 23 3 45 51 60 31 58 46 17 19 59 22 43 13 49 35 54 42 16 37 50 4 5 57 52 56 14 38 48 1 11 9 55 28 36 47
28: 29 49 50 52 7 20 48 26 47 5 51 37 15 14 8 31 11 17 60
29: 48 14 36 51 44 32 54 29 17 20 35 41 19 42 57 46 25 18 47 5
30: 33 1 59 5 24 9 15 43 19 40 51 52 35 3 12 7 39 37 27 20 46 17 44 32 47 8 45 10 23
31: 38 29 5 33 8 31 18 58 14 10 51 45 36 28 6 21 19 22 11 57 46 4 43 37 60 52 24 54 9 12 42 27 20 30 25 56 49 13 39
32: 47 18 30 24 2 20 48 56 46 38 8 3 44 29 13 9 57 40 53 41 45 10 52 5 21 23 60 17 32 1 39 6 26 25 33 14 34 35 37 22 11
33: 23 18 1 20 9 30 38 31 3 47 22 10 42 2 54 58 56 26 33 44 37 15 13 24 55 21 50 28 52 14 39 5 36 53 17 59 45 48 40 4 25
34: 51 32 45 59 48 49 10 53 16 56 46 37 29 31 4 28 18 35 12 22
35: 32 56 42 8 19
36: 1 46 43 44 36 13 55 45 14 40 24 30 12 50 56 15 33 39 20 60 17 29 52 22 48 31 59 37 10
37: 3 53 13 11 36 4 50 38
38: 11 50 53
39: 29 45 46 7 39 35 6 33 53 14 31 56 3 4 50 30 48 47 32 54 42 55 21 36 16 59 15 43 49 11 5 25 10 60 40 24 17 18 13 9 26 51 23 19 52 34 8 28 2 20 41 12
40: 26 45 27 42 5 21 60 23 58 16 54 35 46 15 17 41 10 43 4 31 19 13 29 1 44 56 40 30 36 48 51 9 25 7 47 37 53 38 52 22
41: 11 19 51 16 18 6 36 48 12 58 55 43 56 10 45 13 8 38 9 39 47 30 14 21 59
42: 53 32 44 14 19 12 59 52 13 27 22 56 42 24 5 38 30 33 47 18 20 55 35 15 45 3 7 8 46 21 25 2 4 57 10 54 1 31 51 26 17 58 49 6 28 39 16 29 40 36 48 34 43 9 60 41 37
43: 13 49 31 52 22 29 18 40 42 41 34 20 56 38 51 53 12 28 4 19 8 43 60 46 1 25 23 59 26 24 47 54 10 2 57 27 48 21 39 45 11 55 50
44: 52 8 44 10 12 41 21 38 22 45 43 50 33 40 26 19 51 6 11 1 24 25 14
45: 30 20 55 37 47 35 23 43 3 57 42 10 60 29 13 19 15 38 26 51 11 44 6 22 39 45 58 2 54 49 28 21 7 5 24 48 50 46 40 34 8 32 4 17 25 59 56 9 53 16 12 18 1 41 33 31 27 36 52
46: 53 46 30 23 33 39 45 55 41 22 37 36 31
47: 14 9 34 29 6 40 55 32 33 51 8 12 23 31 37 27 20 22 49 5 4 30 46 7 25 19 43 47 11 17 38 58 26 52 45 39 44 21 50 10 59 48
48: 41 16 15 57 30 22 21 9 31 53 7 40 34 45 14 42 32 60 59 11 48 5 13 56 6 28 49 27 3
49: 1 57 30 9 51 26 20 23 16 46 39 60 5 52 19 11 35 22 43 8 38 49
50: 42 33 20 5 27 14 30 53 41 45 56 32 38 16 2 12 10 6 52
51: 52 55 51 23 6 48 5 40 19 22 31
52: 48 11 60 12 43 31 44 28 22 54 14 33 15 27 52 30 49 23 34 38 56 45 41 46 58 17 24 53 8 10 55 7 40 47 5 9 21 25 59 42 20 39 29 32 13 16 19 35 51 37 18 6 4 36 1 26 3
53: 57 5 49 3 15 40 35 24 28 58 18 17 38 46
54: 1 5 57 53 15 9 48 58 46 7 27 35 31 8 19
55: 42 17 10 39 4 46 34 21 55 35 25 19 32 29 57 13 14 31 41 33 22 56 5 38
56: 31 51 50 10 21 28 25 29 60 20 15 45 6 48 7 14 58 40 18 2 16 35 23 8 46 59 13 26 56 44 34 47 30 53 36 38 54 32 33
57: 5 18 33 46 34 36 15 49 39 23 17 42 10 14 12 40 13 51
58: 16 6 29 20 2 47 53 13 31 48 3 15 57 37 11 44 10 52 30 17 26 45 14 22 1 19 49 8 58 39 23 34 28
59: 34 53 46 19 47 43 11 8 27 20 54 2 25 35 60 12 10 17 21 22 45
60: 45 2 40 25 18 43 33 5 30 41 34 53 50 9 28 13 35 16 6 58 3 51 49 56 8 60 11 32 4 29 54 36 55 44 59 1 48 12 57 52 15 26 17 10 38 37 7 23 27 39 46 14 47 31 24 42 21 20
1: 40 45 30 21 (23 25) (8 11 58) 44 (49 24) (19 7) 27 (18 36 32 60 22 15 33 13) 6 (54 52) 43 (2 42 5)
2: (17 13 24) 56 (23 14) 58 (18 6 25) (59 45 4) 50 (8 15 60 22 5 32 39) 43 (33 42)
3: (16 3 45 6 15) (19 18 37) 53 (12 13 48 24 60) 11 (32 14 52 21 7 30 17 42 27) 58 (33 5) 39
4: 23 15 (5 55 22 25) (18 31 21) (60 34) (43 13 17) (47 52) (37 2) 40 27 (11 39) (45 6 9 42 20 33)
5: (48 51 42 50) (60 7) (15 32 28 8 39) (18 20 14) (13 57 29 26) (22 31) 27 23 (52 30 21) (25 47 49) 2 (33 17) (9 40) 11 5 54 (24 45 53 55)
6: 7 (58 56 13 48) (45 44 50) (21 24 47 41 52 2 9 32) (14 22) 8 (19 18) 42 39 (51 12 31) (4 60) 15 23
7: (54 60 45 19 42 28) (56 5 18) 13 (11 47 30 4 2 1) 20 24 (9 15 52 22) (14 21 48) 40 39 7
8: (47 58 21 28 31 35 22 41 45 14 32) (18 17) (43 56 20) (60 13 44) (5 49 54 6) 42 52 (2 39) (30 59)
9: (14 9) (33 47 8) 52 (45 41) (5 30 32 39 15 31 19 21 10 42 49 2) (40 4) 54 (13 23 18 48) 27 (7 60)
10: (8 52 40 30 34) 21 7 (41 16) 59 (44 18) (50 24) 15 (55 42 14 45) (10 43) (2 60 31 36) (47 13) (20 58) (19 32 11) (1 3 57 56) 26 39 33 6
11: (60 11 31) (39 48 37 12 16) (27 45) 28 19 17 (44 59 49) (2 43) (38 9 24) 5 (13 52) (41 23) (32 7) 58 47
12: (39 25) (4 45) (24 36) 15 (10 21 9 52) (19 44 17) (59 41 31 30 47 43 42 50 11 60) 2 (18 5) 57 (34 13 20)
13: 58 (41 60) (43 31 18) (39 48 56 57 11) (33 36 27) 37 7 4 (32 42 23 9) 45 (24 13 15) (52 40 20 5) (8 2 6 55) 21
14: (44 56) (18 24 32 31 33 10) 28 12 41 11 (13 48) 52 (4 36 22) 55 (50 58) (19 29) (57 60) 2 (42 27 9 47 39)
15: (42 19) (12 54) 27 (17 24) (48 8) (18 52 33 11 60) 28 13 (53 9 2) (57 39 58 30) 10 (56 14 45) 40 (36 21 15)
16: 14 (40 4) (49 5) 1 34 48 58 60 3 27 (19 2) (6 15 45) 56 (50 24 12) 39 (23 18 21 13 52) (42 7) (11 41)
17: (36 58 53) 57 (15 40 13 45 11 59) (33 42 2 7) 22 (5 29) 28 52 (60 18 23 32) 25 39 27 (24 30 47 55)
18: (52 23 33) 7 (24 4) 15 (45 17 12 11 31 41) (10 9) (32 29 42) 43 (5 13) (53 56) (57 18) (22 14) 34 (39 60)
19: 41 (59 49 19 5 24 39 31) 58 (20 21 40) (27 14 35 43 18) 29 (17 55) (7 8 11 1 42) (47 45 52 44 13) (30 54 51)
20: 12 (36 9 15 20 60 2) 30 (32 33) (13 50 43 5 49) (39 45 28 59) 29 58 52 (7 23 17) (56 42) (31 21 47)
21: (13 2 15 43) 12 (45 14 24 17 40) (7 32 22) 52 (18 33 3) 55 (5 48) (42 47 21 39 11) 20 31 (56 60 41 59) 44
22: (47 12 46) (45 16 24) (3 2 33) (52 58 23) (40 32 49 36 51 11 27) (1 13) (14 42) 15 7 21 (18 9 44) (31 17 43 59) (34 48 55 5)
23: 51 (14 57 11 18) 32 (10 19 45) (40 60) 24 33 (21 47) (49 58 43) (39 27 52 13 46) (7 17) 9 30 56 (15 5)
24: 33 44 (2 21) 25 (42 53 10 31 39) (8 15) 20 (5 43 32 22) (45 60) (52 12 1 4 36) (11 30 7)
25: (40 43) (21 20) (15 59 4 52) 56 (10 6) (14 9 47) 31 (60 2 42) (27 22) (32 19) (5 44 7) 24 45 (39 13 33 29 18) 11 55
26: (5 2 49 13 7 52) 45 (33 39 11 21 6 32) (10 40 15 24 28) (42 56 17 12 58) (47 14 44) (43 4 18) (60 1)
27: 3 (40 24 43) (19 5 47) (4 17 13 54 50) 2 (18 48 60 10) 31 (25 59 15 42 52) (11 45) 30
28: (27 45 18 7 33) (42 34 10) (22 15) 60 58 (31 14 5) 43 (12 4 48 39 26) (11 13 52 8 53) (56 21)
29: 40 47 (19 25) 14 28 (5 24) (55 52 45) 17 (27 34) 2 29 (32 60) 42 20 11 31 39 58 (12 22 13 56) (43 36)
30: 32 (9 58 6 52 33) 41 48 (25 56) (45 23) (49 15) 39 (50 27 2 31) (40 17) 36 (18 16 42) 46 (13 47) (11 5 4) 20 (7 60 24 19)
31: 7 (54 14 28) (33 40 34 31) (52 55) 47 (9 11) 18 (42 10) (46 8 3) 12 (39 51) (36 19 5 60) (43 45) (56 48 58 1 27) (24 13)
32: (22 18 15) (39 23) (42 14) (21 45 52 29) 30 (48 56 55 24 10 32 47 35 50 1 34) 5 (11 2 8) (60 25)
33: 44 (15 24 14) 22 (33 52) (56 11 60 47) (13 55) (39 21 7 4 36 45 31 2) (9 46) (32 18) (17 5) (57 30 1) 26 (42 6) (23 50)
34: (11 21 43 39 26) (13 17) (18 10) (15 56 5) (45 47) (7 42 32) 60 48 (57 55) (24 52) (9 2 12) (14 58 59)
35: (14 27 55 39 18) 54 (8 59 24) 2 34 (17 1 56) 5 (40 32) (42 49) 29 (23 11 7 60) (13 53 30 25 45) 52
36: (9 2 45 13 36) (31 46) (25 7 52) 56 (39 42) (8 29 41) 33 (24 18) 40 5 17 (57 12 10) (14 60) (27 37)
37: (27 28) 19 40 13 42 17 3 21 30 (34 58) (45 15) 2 31 47 (46 52 24 32 60 5 8) 14 (33 4 36) 22
38: 5 24 (44 60) (55 14) (7 17) 15 45 37 49 18 (13 52 42 12) (2 56 21 6 43 41 32) (31 33 50 53 47 27 3) 40
39: 22 (20 43) (39 17 7) 57 9 (45 1 30 23 8) 15 (14 2) 42 12 52 13 (31 5) (58 32) (21 41) 60 (18 19) 46 (55 36 25 4) 49 (47 33)
40: (40 19 2 47) (39 5 23) 20 (12 17) (32 27 42 10 60 52) (22 57 43) (14 13 11 18 24 36 1 44 56) (30 8) 33 (48 45) 7 15 (51 53) 6
41: (42 20 15) (32 60) (29 18 8) 1 (11 48 7 55) (40 45 52 10 17) (46 19 24 2) 13 3 (14 21) (44 43 39 50) 12
42: (31 39 20) (33 7 52 50) 22 19 27 40 48 (14 42 11) (29 8) (60 45 57 23) 43 (35 21 55 15 12) 5
43: (10 44 16 23 30 14 59 36 24 21 5 19 52) (42 47) 7 41 (12 60 25 18) 43 4 (31 45) (40 39) 49 (27 13 11 2)
44: 12 (45 13 52 24 40 58 10 22) 15 (8 32) (36 19) (7 29 33 60 30) (18 17) (42 47) (56 5 44)
45: (16 19) 43 14 (13 25 2) (41 56 31 30) (52 45 24 50) (48 59) (5 47 21) (33 58 40 22 36 46 39 60 11 44 34 32 27 18 17 15 42)
46: (43 45 60 46 29 59) (7 42 40 10 52) 11 56 (47 3) 53 (30 22) 23 36 (13 55) (31 57) (34 5 17) (2 21) 15 (49 14 19 18 27) (32 39) 54
47: 29 (52 40) 33 (19 39 56 43 7 4) 42 32 24 (41 14 23 58) (30 47 28 59 18 17) 45 (13 21) 60 (5 26) (25 27)
48: (10 20 28 54 21) 14 18 56 (23 11 27) (45 52) (32 58 47 41) 13 33 48 (36 17) 29 40 (19 43 7 15 5) (39 60) 34 42 51 6
49: 57 (39 49) 23 (52 31 2 12 11 47 43 10 17) 60 53 (45 34 48 58 18 42 14 27 8 28)
50: (39 22) (56 28) (33 5 18 60) (44 38) (12 15 45) (43 11) (4 21) 13 17 37 (2 47 27 36 26)
51: (41 60) (15 13 30 12) (18 44) (39 34 31 51 40 2) (7 52 17) 25 (3 4 49 28 29 42 57) (56 5) 21 43 45 (24 47) 23 (14 27) 10
52: 43 (5 42 33 13 2 45) 36 20 32 40 17 (24 44) (60 28 10 52) 18 50 (21 51) (3 58 14) 31 (39 27) (4 25 47) (30 23 49 22)
53: (9 37) (54 25 43) (50 8 34) (48 39 58) (33 4 46) (40 22) 6 19 (21 7 13) 52 3 26 59 42 14 (38 15) 60 (18 56 1) 45 (32 2) 17
54: 17 (59 43 14) (56 33 4) 7 (27 31) 21 60 (8 18 40 52) (13 42 39) (20 29 24) 11 45 9 5
55: 51 18 33 (43 42 13 24) 2 20 9 (11 39) 52 (15 47 27 14) 55 (12 45 60 41 36 46)
56: (43 10 50) (21 17 40) (15 60) 20 16 23 (34 18 1 41 35 42 45) 48 (14 55 13 4 36) 27 12 (9 39 31) (5 52 56) 33 32 (11 24)
57: 1 60 9 (29 7 22 13) 54 (17 58) (18 45 48 42 10) (27 12 53) 55 (20 32) (2 14) 24 (43 5 49 31)
58: (22 33 53 52 40) (27 58 45) (11 41 13 7 56 47) 17 42 14 (31 54 9) (60 5 10)
59: (12 26 30 21 34 42) 23 52 (36 47 43) (13 33 14 56) (18 60) (27 15) 48 (39 45 7) (17 41 8) (24 5)
60: (19 31) (36 52) (40 45 39) 1 42 16 59 (28 24 56 6 22) (17 7 15 14 48 43) (13 26) (2 49 60 18) 21 (27 32)
