60 60
1: 14 50 9 7 17 1 54 29 20 23 56 3 28 36 33 32 47
2: 1 3 58 2 11 18 9 35 54 42 52 32 14 16 47 29 15 60 48 24 41 43 44 51 13 23 7 59 12 39 26 6 17 4 28 33 31 53 21 56 49 50 55 40 8 37 19 10 34 20 38
3: 49 56 10 59 60 17 30 45 40 26 51 35 14 57 27 36 31 48 38 24 5 32 7 12 23 55 18 15 43 28 21 41 47 44 37 34 50 54 53 13 29 20 39 6 1 3 8 16 42 52 25 58 22 4
4: 16 37 54 27 59 12 10 30 35 4
5: 14 6 23 45 29 54 39 2 21 7 48 46 56 36 31 13 42 8 11 19 16 4 53 33 1 57 27 47 44 38 60 24 52 35 58 15 37 59 41 30
6: 35 34 39 51 25 44 24 40 52 46 8 48 58 41 19 42 20 59 49
7: 32 48 16 33 52 20 40 17 42 47 6 51 46 28
8: 15 30 20 16 26 59 8 49 50 38 31 51 28 55 41 25 9 37 19 42 56 22 2 43 45 1 4 34 40 36 53 12 18 11 21 24 3 57 33 6
9: 54 11 8 32 22 41 9 4 13 23 3 28 58 2 7 60 25 42 33 40 39 18 6 50 56 47 55 16 49 27 48 35 34 59 1 51 36 45 15 19 14 20 24 46 37 31 30 5 52 44 38 12 10 53 26
10: 32 43 24 26 22 34 28 29 37 46
11: 14 3 41 38 47 5 55 17 48 18 12 22 8 26 34 46 1 24 57 45 33 39 6 29 35 58 54 19 56 30 60 52 13 11 25 32 31 37 7 4 10 27 28 50 21 42 53 44 40
12: 37 23 10 24
13: 17 5 34 24 49 18 58 48 57 16 10 43 33 27 14 37 7 56 42 28 6 52 13 20 29 22 44 46 35 8 53 50 41 40 38
14: 40 51 13 22 17 53 46 54 4 6 3 33 27 24 8 42 36 2 35 44 23 21 14 38 56 34 59 7 10 5 29 37 16 11 25 49 1 20 57 28 58
15: 58 52 14 20 47 42 11 36 17 15
16: 53 1 33 20 42 60 27 34 19 57 43 44 56 39 5 58 29 24 22 15 32 54 25 21 47 55 52 45 13 59 12 9 17 26 38 41 31 8 37
17: 15 21 19 9 18 25 10 8 16 58 31 56 3 39 45 12 4 32
18: 3 12 31 19 24 16 60 26 22 44 45 9 53 6 52 7 58 57 37
19: 49 22 30 27 46 9 19 35 48 29 56 14 7 26 39 28 50 1 36 51 33 16 21 45 40 10 25 37 54 47 17 59 34 53 32 15 6 43 4 60 11 41 18 5 44 3 57 42 13 8 31 20 55 23 38 58 52 2 24
20: 33 27 18 35 59 31 10 25 7 23 60 5 58 36 11 14 46 29 43 19 8 32 47 39 38 4 55 54 12 6 21 16 48 52 22 42 34 50 3
21: 14 17 4 54 48 44 29 15 60 35 21 33 43 12 45 28 2 38 46 39 57 25 51 47 34 36 58 19 10 3 9 5 37 18 55 26 41 23 40 30 13 42 24 22
22: 5 32 15 2 13 38 41 28 40 56 36 11 29 19 52 10 4 53 23 33 50 34 39 14 8 54 6 30 43 17 44 49 27 42 31 51 46 55 26 37 35 1 57 21 3
23: 45 5 47 38 10 58 30 24 28 8 53 2 48 19 59 33
24: 59 28 48 26 30 12 25 32 14 17 20 22 57 37 41 4 54 8 38 21 7 11 35 5 55 24 60 36 53 27 43 23 13 44 52 6 50 33 18 19 49 10 40 9 45 15 31 58 29
25: 36 19 38 14 27 2 11 7 18 44 6 12 41 48 32 31 33 5 55 20 28 23 24 46 17 26 60 3 37 51 9 1 59 8 54 56 52 21 30 49 13 45 15 43 53
26: 10 32 35 1 39 41 54 42 58 16 60 29 50 12 36 20 47 53 59 45 27 5 7 15 21 51 31 9 19 26 44 24 13 55 28 4 18 14 52 57 56 34
27: 35 37
28: 28 3 52
29: 29 49 33 6 22 24 7 14 12 20 36 25 51 47 3 60 42 11 53 32 37 9 18 34 55 8
30: 2 8 60 13 20 4 11 22 47 50 12 53 18 14 58 17 33 48 31 35 16 54 49 10
31: 54 6 43 52 17 10 22 25 49 42 45 53 28 16 57 37 38 19 32 50 44 46
32: 23 57 54 53 8 26 20 27 32 47 41 9
33: 5 28 11 18 52 37 40 36 53 15 46 25 58 13 33 30 14 39 60 47 55 3 21 43 57 41 56 12 34 29 7 44 45 16 38 22 24 9 6 42 26 10 59 49 31 2 51 32 35 48 20
34: 24 56 8 13 28 33 60 20 4 3 36 30 32 35 55 15 49 45 17 5 7 18 27 25 26 37 14 11 54 40 2 34 48 38 12
35: 5 52 51 19 10 20 37 43 29 59 16 49 44 46 35 55 22 38 18
36: 23 52 4 35 51 57 13 48 8 1 2 31 24 55 34 37 10 18
37: 42 10 34 16 9 37 8 47 48 40 7 24 6
38: 54 48 47 10 11 50 42 35 19 53 26 46 13 36 2 56 8 7 38 55 5 14 57 49 6 1 41 27 28 25 12 30 43 39 15 16 52 31 9 44
39: 23 21 41 57 51 29 9 44 53 11 8 28 54 36 7 47 20 42 60 27 38 10 1 25 56 18 39 55 22 14 6 48 58 40 45 59 3 12 52 32 5 34 30 37 16 33 46 50 13 17 43 15 19 4 24 35 2
40: 22 58 15 24 23 26 30 47 3 17 59 44 6 25 7 56 57 39 35 41 36 31 60 42 29 40 19 20 48 9 45 55 54 18 37
41: 30 29
42: 15 55 2 24 22 7 32 25 6 40 42 11 23 10 27 41 13 59 16 18 37 33 47 14 57 36 44 17 58 35 50 1 30 53 12
43: 41 17
44: 11 60 12 7 24 19 16 34 56 44 29 57
45: 3 52 26 28 14 60 54 46 11 56 17 12 31 6 57 39 10 42 41 20 35 27 30 5 32 58 29 18 33 43 40 19 23 21 16 13 47 37 9 24 15 53 44 25 34 1 49 38 7 45 48 55 8 2 51 4 59 22
46: 46 5 12 20 44 55 51 41 2 60 4 13 1 50 45 54 27 7 18 25 19 35 16 58 34 43 9 17 56 31 14 38 24 59 33 11 32 10 3 48 42 53 26 49 37 29 6 39 15 57 22 23 8 47 28 30 40 36 52
47: 23 56 52 3 1 16 47 34 27 50
48: 21 57 38 3 43 24 16 8 12 56 19 11 54 13 33 15 53 28 4 40 51 14 60
49: 19
50: 25 49 60 37 5 11 54 51 50 29 24 6 52 34 8
51: 20 36 60 51 37 49 54 31 4 57 58 6 56 27 22 38 11 16 42 55 47 46 43 59 1 23 34 33 14 28 40 25 12 13 39 5 8 9 52 45 26 29 3 50 17 2 30 44 15 7 19 21 48 24
52: 41 13 10 27 9 46 2 43 45 14 8 4 23 48 50 15 6 32 28 59 18 17 3 47 57 52 34 19 16 35 60 54 5 37 33 31 40 24 51 20 29 58 56 26 12 21 30 55 49 38 1 7 44
53: 50 9 19 5 26 23 27 31 20 13 60 34 51 39 6 46 16 32 18 45 48 38 14 10
54: 51 35 60 29 15 23 3 31 42 36 43 54 13 52 40 5 59 47 37
55: 3 40 30 13 27 51 47 46 22 41 58 26 31 48 16 45 9 2 7 25 11 44 20 50 5 1 36 39 6 57 19 10 38 52 17 54 49 29 60 12 42 15 21 33 43 55 56 35 59 28 4 23 32 24 53 8 14
56: 38 28 53 42 11 52 40 59 8 54 35 22 12 4 23 48 43 21 36 37 27 7 30 16 15 44 5 58 24 17 2 45 1 49 55 6 34 20 47 41 18 39 32 3 46 26 31 19 60 10 56 9 25 13 33 51
57: 10 58 50 21 56 33 14 55 47 7 11 24 18 49 54 42 39 12 34 25 3 44 15 51 45 1 36 9 2 20
58: 12 41 58 59 60 51 29 11 32 16 56 4 20 26 10 7 44 2 13 42 17
59: 24 43 29 46 59 44 60 14 48 26 38 10 41 16 39 28 31 45 9 8 20 18 25 53 42 7 58 12 40 55 4 1 15 57 2 34 54
60: 3 48 21 13 5 39 59 40 12 37 41 38 25 33 55 19 4 30 45 18 17 2 46 50 14 44 31 15 35 54 60 43 47 34 10 56 42 7 16 57 53 6 11 52 58 8 23 27 29
1: (26 52 36 55 25) 9 (57 39 59) (2 45) (3 51 46) (5 16 38) (22 42 14 56 11 8) (47 19 1)
2: (60 59 38) (14 55) 57 22 45 (8 39) (2 46 51) (52 19 56 36 5 42) 23 9 (34 30 25) (33 58 21)
3: (39 2) 48 60 (17 20) (18 3 29 57 9) (1 34) (19 14) 55 (51 21 11 40) 52 (33 25 47 56) (54 8 28 46 22) 45
4: (17 8 22 14) (52 19) (39 48 58 36 2 34 46 45 11 55) (21 3 26) (24 4 56) 5 (51 30 59) 60 (20 9)
5: 51 13 (38 16 50) 14 60 (56 11 23 20 22 19 21) 54 (25 35 46 24 45 26) (53 55 39) 34 (3 9 33) 52
6: 40 (46 45) 20 (11 55 60) 7 (25 50 13) 56 (24 38 14) (2 31 53 18 22 19) 51 5 8 (42 3) (9 33 39 29 37 52)
7: 55 5 (20 44 51 2 11) (38 13 59 24) 37 (14 52 39 18 1 25 33 45) (60 19 58 46 9) 34 (57 26 29 42 56) 40 3
8: (8 16 17) 46 30 (34 20 50 51) (13 2 25) (6 38 14 52 29 23) 45 (36 59 11 24 56) (60 55 5 22) 37 (3 19 39 9) (48 32)
9: (8 18 53) (33 39) 45 56 25 (57 51) 32 (52 9 55) (1 46) 21 37 (38 19) 16 (59 40 29 24) (17 2 26)
10: 13 12 46 21 (53 55 14 59 26) (2 31 36 19) (45 30 35 58 23 39) 42 (33 38 20) 37 (4 56 24 57) (11 17 22) (60 3 9 52)
11: (51 29 55 33 24) 25 57 (30 46 15 45) 48 22 (11 58 14) (56 60) (44 50 9) 42 (8 2) (39 19) (20 34) 38 5
12: 8 (51 46) (45 44 42) (24 52) (39 55) (58 21 11 16) (34 60) (4 57 18) (29 56) (33 30) (20 3) (17 26) (38 9 48) (25 59 2)
13: (30 56) (60 24 45) (34 21 2) (33 54 53 48 52) (51 46 14 55 25) (58 22 39 16) (38 5) 11 (9 19 26) 42 3 (13 36)
14: (24 3) (11 25 39 38 26) (19 45) 5 (59 55 2 51) 30 (52 42 46) 34 (13 15 1) 22 (60 33) (9 53) (57 29 20) (21 14 48)
15: (24 54) (40 9 48 60 33) (19 16) 21 (51 56 15 8) 59 (42 45 25) 46 (38 57 22) (3 34 52 55 17 5 26 39) 2
16: 26 (30 44) (48 20) (51 14 31) (52 38 3) (9 45 37 17) 35 56 8 55 18 53 47 5 60 (33 4 7) 2 19 (46 39 59) (13 58) 42
17: (60 1) 3 (40 51) (19 52 22) 42 (43 13 55 45) (34 24) (11 21) 16 (58 7 30 2) (46 31 56) 39 (25 14) 15
18: 53 59 11 46 8 (40 3 26) (21 57) 33 (60 24 9 45 36 39 52) 42 25 (56 19) 17 20 30 (34 29) 35 2 13
19: 38 53 26 (51 52) (39 9 19) (6 25 31) 45 (46 56 8 40 44 18 55 60) (11 22 23 17) (16 35 48) (21 5) 49 (24 2 20)
20: (40 45 8 6 58) 14 (34 13 46 25) (30 56 16) 35 (55 7 3) (19 9 59 53) (29 1 52 24 15) (39 57 26 51) (2 33 32)
21: (51 20) 17 (57 26 19 2 8 16 24) (14 45) 3 22 48 (39 5) (52 60 55 21 56) 25 11 33
22: (42 11 18 45 16 21) 39 8 14 (19 46) (13 55 30) (20 3 56) (24 29 10) (9 31) (33 35 40 51)
23: (9 46) (1 5 2) (40 21) (20 45) 32 (22 60 3 55 39) 52 (47 12 42 36 25) 56 (24 19) (53 54 14 51)
24: 57 (48 14 9 39 10 8 6) (19 33) 2 52 (16 36 23 55 24) (44 3 18 51 11) 26 (25 59 5 50 40 46) (34 12) 21 (37 56 13 29 45 42)
25: (39 34) 40 (51 19 11 56) (3 50) 57 (29 38) (55 45 14 59 46 9 21 6 42 16 20 17 60) (24 8 31 33)
26: (8 11) (51 53) 46 16 (56 25) (33 38 22 19) 52 (26 9 10 34 24) (55 18) (3 40) (32 21 2) (58 45) 59
27: 25 (5 3 42 11 24 14 53 13 52 60 47 55 16 9) (51 20 26 4 45) (19 38) (56 22 32) (39 34) 46
28: 23 (24 7) (38 19) (1 39 34 56) (31 28 46 55 45) (59 10) (51 8 11 13 21 33) (48 25 3 14 52 2) 26 (22 9)
29: (45 22 58 46) (35 10 44) (33 52) 24 (14 1 16 60 2) (19 26 51 20) 54 (59 55 13 41 50 11 39 21 29) 40 3 5
30: (19 42) 22 (3 46 56 5 55 25 34) 4 (21 23) (9 8 39 33) (45 38 40) (51 60 11 24 52 41)
31: (45 59 8 40 30) (56 51 55 11 38 52 60) (9 2 22 3 20 36) (17 18 25 16 33 54 19 53 5 26 46 24)
32: (31 39) 29 1 (3 46 58 17 10) (56 33) (19 25 20) (24 52) (26 2) (34 11) (7 42 16) (53 9 45) (32 55) 22
33: (19 22 8) (33 21 9 60 51 45 57) (20 13 56) (55 46 11 14) (23 30 7 39 24) (34 42) 52 25 5 (29 2 1 16 48)
34: 36 (21 20) 10 2 (11 8 46) (6 51 39 26 56) (19 9 22) 13 (34 3) (50 29 14 57 44 52 47) (16 45) 60 37 53 59 33
35: (5 38 45 3) 52 39 (4 21) (20 34 6 40 26) 22 60 27 11 56 (33 19) (13 9) 30 (35 42 54 36 46 2 24 14 55)
36: (57 42 40 55 22 9 34 21 24 19 51 14) 8 38 (3 54 56) 39 25 46 (5 29 1 20) 15 33 26
37: (22 3) 33 52 (2 11 25 56) (35 36) 13 (16 14 27 50 54) (4 34 19) 12 (21 37) (18 51) (40 9 60) 46 (8 10 31 24) (45 39 42 29 5)
38: (60 13 16 3 19) (31 21) (35 45) 34 (2 52 48 23) (38 14 56 51) 46 59 (22 39 20) (24 55 25) (8 53 33 9 5 11)
39: (33 55 51 2 40 3) 11 (46 38 45) (22 57 19) (5 59 6) (9 16) (20 21 39) 60 (17 53) 26 56
40: (46 56 24 55) 13 (40 48) 21 34 42 51 (11 33 52) (22 37 14 7 2) (6 19) 3 45 (59 54 9 60 39 8)
41: (5 3) (33 9) (42 58) (45 2) (32 56 25 6 46 19) 40 (43 26 39 60 16) (8 38 59 22 11) (52 21) 55 (13 24)
42: 14 (11 15) (38 19) 3 13 (39 21) (29 59) 9 26 (46 2) (54 6) (58 57) 60 33 20 (51 56 31 40) (37 7 42 8) 55 (45 5 22) 16
43: (16 33 2 54) (35 8 59) (3 46 48 24 31 13) 52 20 (22 39 25 10) (45 51 19) 21 (60 55 38 56)
44: (14 3 24) (31 19 56) 45 (52 51) (11 21 5 22 38 6 59) 25 46 (60 57 26 42 35) 55 (58 13 16 9) (44 2) (33 39 40 18)
45: 40 (19 16 24 34) 25 (8 18 59 51 23 45 31) 33 (56 55 9) (26 39 57 5 46 21) (17 60) 52 (3 11 53)
46: (52 25) (35 55) 22 (10 9 21 45) (56 60 59) 38 (33 46) 14 (7 13) 5 (53 31) (6 39 11 51 19 20)
47: (19 1) (37 2 33 56) 46 (7 29) (54 5 20 26) (21 51 30 40) (55 9 3 52 42 60) (45 16 11 23 15 47) 32 (57 39) 38
48: (45 56 53 52) 60 (34 7 23 36) 11 (51 33) 59 (5 21) 2 (19 39 6) (24 20 46 25 40 13 9) (30 3) 38 (37 55)
49: 24 (51 3 56 29 14 19 46 25) (50 34 35) (52 30) 13 (31 9 22 2 33 45 57) 38 (55 8) 6
50: (42 2) (47 51 9 13) (53 55) 31 (8 38 1 39 20) (11 50 3 24 57) (26 22 19) (60 30 46 52)
51: 9 46 45 (7 22) 35 50 48 56 21 (6 25) 14 (33 57 19) (55 39 3 36) 52 (8 51) (53 29 26 58) (54 2)
52: (3 55 28) 52 46 15 60 16 (9 50) (25 45 19 13 18 54) (33 2 7 56) 31 26 39 (20 5 24 35 11) (38 6) (51 36 22) 47
53: 48 33 31 32 (24 2 5) (14 45 29) (22 8) 25 (3 16 39) (30 55 11 46 9) (42 19 56 18 60 26 23 59 38) 13
54: 39 30 14 (60 16 55) 34 21 (2 32) (11 54 46) (50 51) (59 1 22 52 26 56) 38 (20 5 9) 57 (48 24) (45 19) (4 40) (3 31 25)
55: (2 60 19 9) (34 16) (40 24 56 8 46) 20 (38 25 45) (11 26 52 3) (36 42) 35 (29 21) (57 51) 33 22 (39 59) 55
56: (16 8) (46 34 25 45 44 3) 33 (38 56 60 9 14) (1 17 22 19 5) (13 2) (47 48 57 40) 11 52 (58 26 39 51) 55
57: (42 55) 26 3 60 44 (24 39 51 16 11 21) (48 45 32 18 46) (40 22 33) 38 (36 31 5 8 13) (19 52) (14 59)
58: (58 16 24 39) (18 26 40) 56 17 3 60 (42 20 11 45) 46 (2 52) (14 6 5 51 15) (33 23) (9 21 55) 59 (19 13 30 57)
59: 40 42 (8 56 2 59 45) (6 23) (4 14 9 5 58) (35 55 26 33) (3 19 20 52 16 24 46) (54 60 51 25 39)
60: (11 46) 3 21 55 (20 25) 16 (52 26 40 50 2 19 60) 5 (9 30) (54 45 39 56) 53 (58 59) 29 24 (51 34) (48 33 44 18)
