60 60
1: 31 45 56 43 6 8 51 5 30 53 54 44 22 38 55 46 40 21 2 37 3 10 34 28 25
2: 14 45 23 36 55 13 51 7 46 25 59 24 19 3 27 53 5 34 44 15 9 31 10 21 32 4 22 60 48 42 20 43 17 38 30 56 12 54 58 41 33 40 16 18 11 6 29 28 1 39 37 50 52 26 57 35 49
3: 38 29 26 1 25 12 15 21 14 48 24 8 36 3 37
4: 60 54 35 49 27 55 11 23
5: 48 15 9 58 22 55 8 19 25 7 52 11 57 28 21 33 49 47 42 3 12 10 5 59 34 38 43 30 16
6: 52 60 2 57 1 24 44 48 30 19 15
7: 28 35 49 20 41 58 34 8 37 5 14 23 7 17 13 52 6 54 42 24 57 43 51 27 32 55 16 21
8: 11 46 50 38 21 6 32 7 12 26 60 20 34 27 5 18 53 9 45 44 14 23 22 13 17 52 25 3 1 4 15 36 30 31 47 24 59 40 51 33 8 35 57 58 28 37 41 10 54 29 55 16 39 19
9: 52 35 39 42 33 14 28 49 9
10: 16 28 25 21 14 42 31 3 20 32 35 2 13 5 9 59 40 58 27 8 29 7 37 15 11 57 51 6 41 46 60 53 55 45 47 50 26 54 49 22 19 12 36 4 33 17 34 39 48 43 52 24 30 1 23 10 44 18 56 38
11: 12 15 34 58 45 54
12: 22 56 55 21 29 25 20 53 28 6 31 44 19 18 41 14 23 9 47 30 5 4 59 39 15 43 8 37 16
13: 3 30 10 50 17 11 7 40 8 59 27 24 15 46 34 52 55 31 42 53 28 20 45 25 51 13 26 12 9 47 4 5 33 19 38
14: 41 30 40 29 11 8 50 33 20 25 15 17 54 16 1 43 14 48 23 19 12 58 53 5 56 57 34 45 21 32 37 13 2 10 44 18 52 59 26 39 22 51 55
15: 1 31 57 15 24 56 10 34 47 52 50
16: 33 51 16 47 5 18 23 10 55 46 12 31 32 29 7 21 58 39 37 30 43 42 24 11 4 14 20 3 35 36 34 8 13 22 49 6 54 60 48 28 27 40 19 1 15 44 59 38 53 50 9 26 41 17 57 45 56 2 25 52
17: 35 13 40 36 54 22 30 59 29 5 1
18: 30 34 4 28 42 43 45 50 36 12 6 2 53
19: 46 51 36 18 26 11 27 54 12 10 39 5 33 37 19 48 31
20: 45 13 51 31 55 29 40 47 38 60 21 43 41 10 15 33 52 50 17 12 18 7 11 6 57 8 28 44 53 39 4 32 34 35 49 56 30 42 22 24 59 19 27 54 1 25 37 9 23 20 14 16
21: 44 46 18 19 20 12 5 8 29 11 35 56 28 57 10 23 30 15 16 1 40 51 3 4 13
22: 14 30 52 26 38 48 54 6 33 3 50 44 40 32 8 41 59 18 7 29 12 60 53 36 25 58 47 35 39 17 37 51
23: 25 24 49 17 11 42 37 26 13 18 38 7 30 5 1 34 59 47 48 16 36 27 43 32 28 39 46 40 54 57 33 20 55 12 45 8 15 60 53 21 2 6 23 50 29 3 51 31 14 35 41 56 58 22 52 44 9 19 4 10
24: 29 18 49 32 58 11 57 9 10 60 54 45 24 21
25: 22 37 5 26 32 34 16 47 44 56 15 51 28 39 53 59 54 4 46 38 8 43 58 20 30 35 2 9 21 10 36 49 12 57 40 14 52 45 18 31 13 33 24 17 50 3 6 23 55 7 1 48 29 41 19
26: 50 51 37 26 46 33 8 44 53 42 24 54 22 49 2 12 58 31 21 47 14 16 39 9 19 15 34 41 13 40 30 32 56 48 17 3 18 45 43 29 4 27 25 59 5 28 7 52 1 60 38 11 35 23 55 36 20 57
27: 5 50 11 21 27 38 45 19 44 6 2 33 41 51 40 24 23 49 35 54 48 60 55 31 13 3 46 7 16 20 59 57 42 10 14 18 32 17 53 12 37 15 30 22 34
28: 59 10 28 36 3 11 44 49 6 20 39 40 47 48 14 7 9 15 12 16 60 42 53 26 4 43 30
29: 43 22 13 14 9 53 20 40 44 8 29 32 1 36 58 5 23 60 51 16 35 11 24 46 49 2 47 37 56
30: 34 56 46 30 36 47 57 35 39 2 19 59 48 55 5 17 14 42 29 49 21 24 43 20 44 3 50 9 52 41 27 26 6 60 1 40 22 18 4 8 23 25 37 15 31 11 28 45 58 53 7 10 16 33
31: 21 46 49 53 24 9 23 14 8 2 59 30 47 27 40 26 41 15 51 5 1 43 37 20 31 13 33 54 42 4 11 7 45
32: 5 54 40 14 50 13 41 55 57 39 48 60 11 4 7 23 12 32 38 26 21 44 36 28 9 58 30 34 19 45 51 33 3 42 18 46 47 31 15 49 2 1 56 16 59 52 27 53 37 6 43 10 20 24 8
33: 12 22 43 17 38 45 59 32 19 14 50 40 5 51 42 33 58 41 30 10 9 20 8 55 23 4 15 52 35 16 7 44 27 48 13 25 56 46 29 18 37 3 54 28 2 57 31
34: 23 17 54 2 56 25 26 19 60 49 53 58
35: 19 21 23 56 27
36: 57 32 27 52 51 21 53 6 43 10 34 9
37: 41 40 5 17 20 37 16 3 8 24 45 22 25 15 53 50 39 52 59 14 13 10 43 34 12 57 11 48 26 31 35 6 1 42 33 58 18 44 55 47 36 38 28 54 46 9 30 2 19 7 32 56 49 60 29 4 51 27 23 21
38: 49 22 1 2 42 36 3 41 21 8 56 4 9 50 14 33 10 55 27 58 11 52 47 43 45 24 20 35 16 60 29 51 31 38
39: 56 21 57 53 39 34 5 10 41 14 11 58 51 20 23 13 4 42 37 40 15 60 54 36 47 7 6 26 46 35 33 3 48 32 52 28 25 45 50 31 29 44 2 22 27 9 49 19 8 24 16 1 18 17 55 38 30
40: 3 40 42 7 37 53 18 8 10 13 4 17 24 27 46 32 12 57 31 16 29 45 60 20 58 47 1 41 9 34 11 49 2
41: 53 47 55 31 22 3 56 10 32 18 29 24 30 35 37 11 4 59 19 27 39 7 42 43 5 15 26 48 14 8 54 44 58 34 9 46
42: 46 47 33 45 35 27 28 8 41 24 44 55 22 14 3
43: 19 9 11 13 44 24 48 34 29 27 37 43 35 22 4 47 46 12 57 38 39 18 20 21 7 52 5 31 28 55 3 56 33 36 60 40
44: 24 25 8 11 52 59 10 20 46 6 15 49 58 41 35 57 28 33 37 4 5 42 31 19 2 21 55 17 16 40 51 47 1 12 54 3 30 32 14 44 50 22 38 7 18 48 9 53 36 29 13 27 26 39 56 45 34 43 23
45: 52 20 35 53 17 37 11 44 38 49 47 12 36 42 57 29 30 16 51
46: 33 31 41 38 4 57 18 12 56 2 47 6 16 24 28 32 21 45 48 5 46 42 19 35 22 1 15 54 59 50 8 44 14 30 11 51 39 13 40 23 52 20 9 27 17 25 7 43 29
47: 10 42 23 45 56 21 17 31 58 8 28 6 16 20 1 11 13 47 52 22 5 9 60 57 50 15 19 2 37 4 41
48: 22 26 8 21 15 18 24 39 35 1 43 28 55 13 11 50 57 33 46 41 4 19 59 40 42 49 17 14 32 54 29 60 58 16 5 51 37 20 25 7 6 53 44 47 27 36 10 38 45 2 48 34 56 52 31 3
49: 6 48 41 40 60 1 18 5 12 44 56 25 30 10 55 29 16 54 27 23 20 32 47 33 26 8 36 24 39 51 53 57 3 11 52 21 35 34 45 4 9 14 42 2 31 28 49
50: 26 14 20
51: 40 43 13 53 25 50 27 42 57
52: 58 53 7 38 15 29 47 49 59 56 3 25 9 18 27 34 37 31 40 17 14 28 50 20 48 5 44 13 57 41 46 51 8 55 42 43 22 16 23 60 54 12 32 33 45 26 30 4 24
53: 57 29 15 48 34 6 21 32 5 58 42 8 39 27 2 31 37 14 30 3 20 46 43 36 10 51 13 41 16 7 1 22 45 47 49 17 12 60 25 44 9 56 23 19 59 38 33 55 54 11 53
54: 27 31 4 51 56 3 23 18 17 54 20 39 48 52 26 44 38
55: 50 17 40 30 39 6 60 42 12 5 31 35 36 47 28 29 16 10 52 45 24 4 2 3 49 26 21
56: 8 54 7 58 18 57 10 13 51 45 34 28 19 6 1 47 36 50 14 29 15 49 40 16 56 20 23 31 11 3 55 37 33 60 24 59 44 52 43 39 30 32 35 46 26 9 48 5 21 12 4 42 53 22 41 38 27 2
57: 10 58 52 48 56 44 53 15 6 11 47 35 24 57 39 3 38 31 26 25 34 46 4 36 20 28 23 54 29 14 40 41 55 7 19 43 21 17 42 59 51 2 9 13 8 37 32 60 30 18 16 27 49
58: 35 27 56 33 18 16 29 43 59 46 17 53 57 2 5 23 55 36 40 44 60 15 52 49 13 28 42 7 22 30 34 10 1 3 39 4 58 9
59: 40 55 57 21 54 31 1 36 26 47 49 7 15 19 43 33 20 53 60 52 25 18 45 13 50 2 41
60: 27 60 6 57 3 2 58 24 38 35 17 8 11 40 53 56 30 7 19 39 9 52 31 54 5 22 12 55 49 36 46 45 25 23 50 13 41 18 29 42 48 10 44 20 26 43 47 51 4 59 37 34 16 14 33 28 21 1 15
1: (39 10) 37 (2 49 14) (58 21 25 46) (32 56) 53 (8 31 26) (47 23) 38 40 15 16 (60 3) (44 17 30) 20 59 29 (6 48)
2: (10 44 27 46 18) (49 53 37 33 58 29 6) (47 59 32) (38 39) (48 57) (55 25 16) (1 34 26) (40 30) (23 56 60) (31 14)
3: 27 (55 56 42 57 38) (28 8 37 54 3 53 60) 33 (1 2 40 13 25) (44 41) (43 23) (48 16 5) 21 22 10 49 26 32 (58 39 30) 52
4: 47 (23 30) 54 (21 25) (40 57 41 13 43) (39 33) 38 18 48 (26 8) (37 20 46 44 28 10 52 2 60) 55 49 (31 56) (32 12 58 16)
5: (58 48 32 56 1) (23 21 8 10 16 47 13 41 12) (55 27 46) (52 7 26 33 43 19) (30 25 14) (31 2 5 49) 39 (60 29 44 53) (37 17)
6: 32 44 (48 23) (60 37 55) 18 49 (28 2 25 22 27 36) 53 (39 1) (7 46) 56 (12 57) (10 30 20 47 16 8)
7: (40 52) (46 2 16 30 32 23) (31 44 33) (28 20 8 26 25) 56 5 (48 22 13 39) (10 43 27 57 41 37) 58 53 7 60 59
8: 3 (29 12) 57 (32 21 26) (46 7 30) (47 23 49) (10 56) (25 13 33) (52 22) (31 42 8 53) (60 39) 16 14 (40 5 38 44 48) (37 1 20) 41
9: 46 9 (47 25) (16 2) (37 49 13 57 23 10 28) 39 (38 44 32) (52 20 53 36) (33 30) (8 43) (24 60 5) (40 26 31) (12 58) (41 56 29)
10: (36 27 47 24) 23 (30 13) (48 25 41) (58 2) 14 (40 21 56 38 19) 1 (37 20 33 53 16 49) 57 32 (60 28) 5 10 44 (8 39) 15 55
11: 49 28 (40 20) (2 23) (44 48) 32 (29 13 26) 53 (41 4 27 24) (8 60 39 56) (10 5 46 19) (43 21) 47 (37 16) 45 (14 31 30 38 57)
12: (10 20 19) 26 49 56 (43 60 44) (40 25) (23 22 52 28) 14 (13 18) 21 (8 32) (16 46 11 45) 33 (3 37 27) 55 5 (53 2)
13: 59 53 (13 51) (20 26 31 8) (46 29) 56 (32 33 7 48) (52 43 23) (25 47) (40 60 37 14 2 27 21 16) 17 (10 44 57 58) 39
14: (16 12) (49 14 33) (38 52 53 7 27) 31 26 22 (29 32) (41 23 2 30) 60 (56 39) 9 (42 44) (28 8 48) (25 37 3) (57 10 50) (20 46)
15: (57 16 30) (6 33 2) 14 44 (8 11) (28 56 27 25 10) 37 41 53 (32 58) 46 12 (20 21 23) (26 31) (5 13 60 15 59) 48 (39 52 3 47)
16: (60 55 57 14) 40 5 (53 23) (16 26 37 12 58) 25 (21 10) 33 (28 38 32) (45 46 49) 47 (48 20 27) 2 (29 39) (30 7 44 52 56 8)
17: 45 (16 13) 57 2 (25 20 10) (8 60 37 39) (47 44 54 23) 48 (33 40) (14 30) (34 7 27 26 55 22 58 46 53 52)
18: 26 54 33 (8 21) (44 20 25) (10 41) 23 (59 58 2 37 14 16 46) (19 22 56 60) (32 48 24) (30 27) (52 49) (43 57 40) (12 39)
19: (21 12 19) (48 34 13 47) (32 53 43 30 33) (2 39 16 56 27) 14 (44 41) 5 (25 6 46 23 59) (57 60) (35 8 20 37 26) 10
20: 57 (44 29) 56 14 (27 12) 38 (39 25) 28 (31 60 13 47) (16 33) (8 46) (23 53) (21 37 10 30 43 26 7) 32 45 50 (54 2 49 59) (52 20 40) 48
21: 12 57 (31 26 25) (5 16 27) (48 55) 44 (8 32 43) (53 1) (47 56 24 30 10 3) 37 20 (49 7) (59 35 39 14) 38 36 60 23 2 46
22: (42 17 53 60 2) (43 23) (20 41) (46 8 27 1) (38 48 52 14 47 44 16 29 56) 5 (12 25 30) (37 58 39 33 10 26)
23: (39 54) 20 (52 30) (4 32) 21 (25 34 27 7 35) (26 37) 47 (31 14) 56 46 (29 49 12 58) (23 44 2 57 10 16) 33 8 (60 53)
24: (31 15) 39 (44 20) (25 29) (23 30) 24 (43 60) 49 7 32 (13 16 52 10) (8 41 37 40 55 56 48) (27 6 46) (2 26) (42 38) (57 3)
25: (26 13 60 37) (12 57 51) 10 (33 8 39) (53 30 2 34 20) (22 1 44) 49 (52 48 59 16 14 5 46) (3 23)
26: 57 (39 22) (30 31 3) (49 23) 13 56 (60 26 55) (54 8) 52 48 28 (37 25 44) (34 59) 32 14 (19 2) (10 16 50 41)
27: (52 51 8) 38 (16 60) (53 54 13 36 19 44) (27 35 57) 39 (10 7) (32 33) (56 23) (26 30) 42 (20 40 37) (48 49 31) (41 2) 43 (4 58 46)
28: (43 55 26 7 20 18) (57 60 13) (37 2 58) (5 1 49) (21 52 44 28 39 32) (10 16) 56 46 (25 23) (42 30 48 9 47) 12 (8 33)
29: 23 (60 52 20 39) 25 (49 46 33 41 45) (3 30) 55 12 14 (58 21 56) (40 17 43) (26 29) (8 38 16 53 37 24 2) 48 10 (57 44) 22
30: (44 25 33 55) (41 20 46) (5 22 37 8 12 53 31 1 6 10 13) (52 18 49 57 39) 32 (23 16 14 30 28) 60 26 21 (17 27) 56 (58 45) 2
31: (12 38 13 15) 46 8 (23 47 2 39 40 19 57) (31 27 32 41 1) 60 33 (10 56 48) 43 (55 30 52 44) 20 (54 26 49 37 16) 53 25 59
32: 26 (24 57) (29 16) (22 48 41) 46 (36 44) 53 (56 7 49 25) 20 (37 32 14 23 39 2) 8 33 (27 40 52 10)
33: (56 22) (46 2) (14 16) (52 26 23 13 38 58 43) (30 42) (49 31 53) (27 59) (44 48 5 20) 19 33 39 (9 10 8 60 32 25 37)
34: 53 25 36 37 (43 13) 52 (18 1 56) (8 16 49) (41 48) (60 5) (58 30) 7 (10 15 32 11 26 14) (57 20 27) 44 39 2 40 23
35: 60 (46 33) 44 (27 25) (39 42 45) (7 41 23) (56 4 58) (17 48 10 43 8) (26 16) (20 30 22 57 29 9 37) (21 38) (55 2 49)
36: (56 58) (44 32) (16 38 18 49 17 37) (19 2) 48 (29 45) (23 57) 55 43 (60 53 30 26 8) (3 59 28) (25 22 39) 10
37: (7 57) (44 45 48) 40 53 (32 60 22) (43 1 30) 12 20 (16 26) (47 37) (14 2) (33 19) (39 52 56 8 3) (10 27 41 31) 23 (29 25)
38: 33 (2 60) 52 37 (13 25) 56 3 (46 54 1 10) 43 26 (23 5 48 32 39 16 8 38) 22 (27 20 45 57 53 44)
39: (54 57) (60 10) 23 (28 56 53 25) 58 (19 26 46) (32 39 55) (43 30) 14 (12 22 16 37) (48 44 41 9) (20 49) (2 8)
40: (40 14 28) (39 43 25 52 51 29 37 16 48 22 49 21 59 33) (46 13 20 30 1 32) (8 10) (2 17 58) 60 (44 55) (31 23 26) 27 56 57
41: (16 32) (20 10 53 30 22 27 14) 44 38 33 (25 23) 49 (48 47) (46 37) (39 26) (7 40 31) (12 8) 2 52 (60 59) (42 57) 56
42: (31 20) 45 55 44 (13 41) (53 37 26 56 52 57) (30 48) (38 58 27) (49 18 32) (39 10 28) (47 7 23) (60 51) (40 5) (16 2) 46 (33 9)
43: (56 7) (20 25 31 12 36 58 57 51 38) (14 1 37) 41 (10 16 60 59) (26 46 2 33 5) (28 52) (23 44) (53 29 30) (43 18 48 32)
44: (21 25 33) (8 57 37 42 16 39) (48 53) 45 26 (30 29) 28 23 58 (56 52 6 2 27 32 46) 1 (20 54) 49 (44 14 41 10) (60 12) (22 43)
45: (16 47) (8 14) (46 18) 60 40 (52 30 53) 56 23 44 48 25 (31 32) 2 (24 55) 27 (26 37 49) 59 (38 42 10) (1 11 39) 13 (20 33)
46: (25 39) 32 (13 41) 8 (27 23 26 48) (1 2) 53 (19 52 33 60) (21 43 56 42) (57 58) 29 44 (37 10 40) (46 16) (30 31)
47: (13 56 5 16) 49 (46 59 15) (60 38 8) (12 48) 26 (47 29 37 25 31) 22 (43 20 45) (10 23) (42 39) 32 (57 44) 28 (52 55 30) (53 41 40)
48: 26 (48 16 41 44 52 30 39 46) (49 23) (28 2 43) (10 57 25 56 6) (27 3 33 60 22) (5 54 37 19 53 14) 32
49: 29 45 27 52 (59 32 26 37 55 48 23 16 60) (56 25) (31 38) 4 28 (30 44) (57 58) 5 (7 20) 9 (10 39 24 53 40) 34 (49 2)
50: (37 26 52) (51 39 44) (33 27 47) (25 60) (46 55 38 32 56) (30 16 10 13) (48 20 15) (23 18 2) 59 22 (14 8)
51: 1 21 37 (26 20) 53 (56 14 7) (57 23 16 31 25 32) 38 (27 29 22) (8 52 10 33 48 46) (44 39) (49 13) (36 54 45 19) 60 2
52: (57 15 56 23 36) (60 46 58 45 54) 26 (16 39) (14 13 55 47 5 8 44 6 30 49) (48 59 9 37 7 38) 22 (43 25 20) (10 2 32 33)
53: 22 12 (28 16 14 58) 20 32 37 (1 49 26 27) 57 (45 60 13) (29 39) (2 31 56 53 18 30) (10 23 59 40) 25 (34 36 8 52 41 51) 48 44
54: (48 31 16 59 7 10) (54 19 24 23) (11 32) (44 34 2 8 37 26 52 46) (25 53) 57 41 (49 20) (22 60 14) 1 33 (17 39 4 56 27)
55: (52 33) 27 26 (30 20 12 57) (14 59 1 7 44 10 58 4 42 23 5) (25 49 32 43 41) (38 48 2 37) (13 56 16 53 60 8) 39
56: (21 2 41 52) 49 (25 30 20) (1 33 12 54 14) (46 39) (38 10) 34 (29 57 15) 56 (53 48) (60 23 32) 35 (16 44 58 47 26) (37 43)
57: 40 (60 58 37 49 25) 39 23 (7 10) (43 27 32) 8 (44 46 2 56 20 36 21 26) (51 47) (24 57 59) 5 14 15 16 (33 30 6 52 53 48 45)
58: (52 60 10) (16 47 23 39) 5 (30 48) (32 7 24) (22 14 58 37) (25 29) (40 53) (34 44) (56 2) (26 57) (8 33 41 38 11)
59: (33 53 30 13 25) (46 26 57 56) (20 31) (32 10 14) 41 (23 22 60) (16 58) 48 (27 52 5) (28 12) (2 37 44 17 8)
60: 49 (24 52) (26 16) (4 48) (29 39 55 32 40) (38 37 59) (28 8) 22 (60 2 20 34) 47 (10 56 43 23) (58 27 30 57 53 6)
