60 60
1: 36 30 51 42 1 59 24 52 16 58 14 9 17 2 12 44 32 8 35 31 26 57 49 33 34 55
2: 49
3: 54 60 12 10 29 25 43 47 48 4 34 37 1 39 51
4: 49 55 21 46 53 29 37 60 5 47 50 1 32 43 39 40 41 30 7
5: 1 22 53 58 44 36 42 48 39 6 13 40 29 27 56 37 10 45 55 24 25 52 9 60 2 47 20 59 15 30 19 32 43 33 28 12 8 17 11 4 34 3 41 7 46 16 49 26 31 38 50 54
6: 28 41 47 29 51 40 31 6 59 14 48 7 20 35 33 30 9 18 17 12 21 54 43 46 22 44 16 25 60 1 13 3 39 24 53 2 5 15 27 57 37 49 45 32 19 58 50 52 36 42 34 11
7: 16 26 8 48 51 57 32 53 28 19 54 13 2 5 23 42 44 7 22 1 41 29 11 47 21 15 31 3
8: 25 39 20 29 15 14 48 3 40 46 53 36 18 42 1 6 13 38 59 33 7 11 60 12 47 4 10 28 41 35 55 43 21 26 56 16 54 30 8 19 37
9: 5 53 15 19 32 18 13 36 49 47 8 55 40 41 2 51 20 59 43 9 22 58 29 38 34 27 21 42 37 7 39 52 17 45 48 11 54 6 10 14 60 23 50 24 56 57 25 30 12 35 46 3 31 26 28 44 4 1 16
10: 11 29 7 45 9 49 18 19
11: 48 44 13 22 50 35 31 15 37 21 39 25 27 10 51 14 56 1 29 6 60 9 12 57 24 45 32 40 19 7 17 23 49 16 59 2 8 47 53 20 41 30 28 38 11 52 46 18 34 43 55 26 5 4 33 42 58
12: 30 9 12 36 55 11 33 31 39 60 38 26 27 17
13: 56
14: 49 27 45 35 5 29 38 42 10 28 14 16 25 55 8 33 46 6 12 36 2 58 47 7 11 15 1 39 51 54 50 20 26 57 30 9 41 19 40 23 59 53 44 4 13
15: 21 41 44 16 49 60 40 43
16: 59 6 36 42 9 25 54 44 2 1 7 45 53 13 55 35 22 23 4 21 38 51 19 34 46 18 48 12 30 29 17 32 16 52 24 28 31 11 43
17: 15 39 54 12 29 9 19 6 27 44 50 41 1 43 20 58 52 30 35 25 49 3 10 48 51 36 45 17 16 18 22 8 24 57 40 55 31 56 4 7 14 21 37 34 33 2 23 60 13 5 26 53 59 42 38 28 11 32 47
18: 60 15 19 51 23 58 59 43 17 38 22 24 9 3 25 56 28 44 52 54 33 39
19: 22 29 55 19 1 18 11 50 13 31 41 15 37 21 42 20 16 39 60 51 44 6 52 9 47 40 10 58 48 12 43 33 32 49 35 23 3 25 28 46 4 17 56 36 24 38 14 30 53 34 57 5 27 8 45
20: 11 39 6 15 33 26 27 22 16 23 32 45 54 60 4 59 21 20 28 29 41 38 2 12 25 31 13 47 40 51 7 1 48 50 19 24 18 58 36 9 5 17 8 52 14 10 57 55 56 49 35 37 44 3 43 30 53
21: 19 50 20 41 4 40 26 15 43 34 56 3 27 44 18 36 33 46 35 13 42 24 11 52 57 1 10 7 51 39 9 5 54 45 37 28
22: 20 38 10 32 1 12 15 49 41 24 6 2 21 59 39 36 19 5 30 44 47 7 37 46 53 48 9 52 29 31 40 42 11 22 13 27 16 14 57 51 45 18 4 35 28 60 50 56 33 17 34 8 26 3 54 58 43 55
23: 49 5 34 23 10 39 20 17 28 18 2 12 32 27 4 11 53 50 24 6 37 60 59 40 48 26 58 25 42 36 54 35 22 3 19 15 14 45 51 38 44 31 43
24: 10 56 17 28 34 49 29 60 41 3 25 22 46 21 7 30 6 51 20 44 31 38 52 9 4 42 53 16 5 50 19 37
25: 5 49 1 29 19 18 15 47 35 58 41 42 45 32 21 59 13 60 57 16 30 26 12 27 43 54 39 11 23 55 37 3 4 33 25 53 52 2 9 7 40 10 34 56 20 6 50 51 38 17
26: 6 40 34 5 2 57 27 28 18 55 36 22 35 39 19 60 47 58 14 23 30 46 16 1 7 15 32 21 59 11 52 31 12 56 42 4 10 43 13 53
27: 19 54 44 47 28 10 21 56 8 33 38
28: 22 5 44 60 7 16 12 38 39 55 8 47 58 1 42 33 13 28 19 48 30 27 31 59 57 52 36 35 43 20 10 21 23 3 56 4 9 53 17 54 24 25 51 37 34 6 26 49 14 45
29: 31 57 49 15 13 53 28 33 34 32 60 47 22 19 41 24 38 6 3 50 36 56 42 9 26 14 48 20 35 17 5 58 40 44 2 55 23 59 30 25 12 18 54 45 39 29 7 4 8 16 52 10 21 46 1 43 27 51
30: 15 52 58 26 42 31 13 54 38 20 12 22 7 37 44 6 1 39 46 57 48 47 32 5 36 28 45 4 9 21 18 23 55 53 29 35 59 25 56 41 49 51 43 40 50 34 16
31: 42 9 10 59 49 31 15 5 41 18 21 36 14 38 47 40 1 51 25 8 2 4 24 32 52 13 43 20 23 44 53 34 50 27 60 37 22 16 30 48
32: 1 35
33: 35 5 13 43 54 27 40 10 12 6 18 60 34 25 32 31 24 7 23 28 20 37 26 38 45 47
34: 20 54 6 4 19 3 42 32 56 49 28 17 31 13 45 18 47 27 36 14 44 10
35: 9 5 47 32 29 54 12 37 56 53 59 30 52 6
36: 37 52 39 55
37: 32 59 58 41 20 54 14 1 15 10 16 27 56 48 50 47 3 7 21 60 46 24 29 37 35 18 38 28 33 42 55 57 6 9 43 36 13 30 12 8 11 53 52 23 40 34 19 5 51 4 44 22 49 26
38: 50 36 56 8 45 30 17 18 20 35 14 29 44 43 16 39 26 54 60 32 22 40 59 42 34 53 24 41
39: 16 15 34 17 9 1 41 3 26 23 48 27 28 5 29 19 43 35 2 22 50 51 8 46 18 59 13 33 30
40: 10 41 59 37 60 36 38 57 4 51 46 2 54 30 49 50 25 13 44 15 34 48 32 8 27 14 9 35 26 16 23 5 22 55 19 12 43 42 31 45 18
41: 6 1 55 29 10 23 3 46 58 11 52 18 53 19 37 33 40 59 47 51 36 26 12 43 13 39 56 60 35 41 5 44 22 45 17 20 16 24 8 14 7
42: 17 34 1 50 13 60 40 42 26 54 27 3 44 7 30 38 9 47 53 51 56 48 18 8 55 33 43
43: 40 60 46 42 11 38 24 13 54 56
44: 35 46 7 41 32 52
45: 46 30 3 32 55 8 50 40 2 56 20 9 1 51 28 52 60 54 13 39 33 43 37 14 45 41 36 15 47 16 12 11 49 7 17 57 35 10 42 48 31 24 44 18 6 25 26 59 21 19 58 29 22
46: 15 31 7 50 3 26 37 59 58 47 13 29 24 56 54 19 11 39 12 36 2 48 9 49 41 30 32 23 6 14 42 46 34 18 10 21 35 16 4 1 33 5 22 28 51 45 52 55
47: 3 27
48: 28 39 54 34 56 3 6 16 40 27 35 42 44 43 12 2 5 24 21 33 55 10 49 31 52 1 23
49: 42 43 38 32 20 33 24 21 16 11 53 9 30 48 41 26 34 2 44 12 25 13 49 18 46 58 51 35 19 23 28 1 7 5
50: 48 46 30 27 36 40 15 42 17 26 12 37 58 59 39 8 43 31 16 10 23 41 21 11 25 45 33 35 20 14 19 32 18 60 6 34 13 51 24 2 50 5 28 54 1 29 3 55 47 4 49 53 22 57 56 52 9 7 44
51: 30 15 23 53 49 54 44 40 28 11 36 2 13 57 14 6 7 41 47 52 1 34 45 51 17 58 43 9 3 16 60 24 8 33 38 31 5 18 56 21 20 59 10 50 55 46 37 26 19 48 22 35 4 32
52: 10 32 26 58 31 57 23 20 16 4 44 39 47 27 34 15 17 19 22 8 30 51 13 11
53: 44 30 5 34 47 55 2 23 3 29 54
54: 60 16 56 31 37 7 8 3 33 27 29 20 52 50 24 59 57 47 30 38 1 42 34 2 44 23 55 4 18 13 51 14 21 46 49 54 10 15
55: 59 42 55 41 16 48 32 27 50 3 29 44 39 8 31 26 33 24 57 25 56 52 58 51 22 21 38 37
56: 47 20 8 50 52 22 34 59 10 24 16 48 4 14 33
57: 26 58 11 30 45 53 59 49 46 23 28 29 19 33 51 43 12 32 9 40 15 52 3 8 57 56 20 7 38 47 31
58: 10 14 59 38 16 19 21 58 4 41 50 22 44 57 42 33 24 31 20 53 23 11 3 9 46 45 6 51 37 34 15 27 48 8 47 60 5 13 12
59: 20 2 47 9 16 37 51 57 38 10 35 42 55 41 4 32 46 24 1 54 39 5 15 52 29 59 36 50 23 11 33 14
60: 49 43 19 34 9 46 35 6 20 30 1 32 8 54 53 42 18 47 17 3 29 23 40 14 44 58 12 31 2 11 21 39 15 57 56 7 27 5 50 36 22 60 55 37 41 16 59 4 24
1: 54 4 31 (42 20) (17 60 59) (45 9 8) 1 (14 48 51 7) (46 26 30) (32 49 16 5) 50 22 (41 25) (3 21 6 19 29 28 39) (37 11)
2: 11 45 (16 9 6) (23 40 50 46 17 20 31 26) (5 1) (25 60 59 39 29) (54 53) 49 51 (22 48 14) 7
3: (6 23 41) (53 19 54 18) (24 60) 48 29 51 (46 42 8 55) (57 50 39) (7 17 45) 37 22 28 47 (58 5 21 34 9 25 20)
4: 51 (21 34 46 24) (23 52) 16 50 (5 14 17 29) (9 58 56 40 20) 8 3 (37 30) (54 26 19) (22 28 31) 11 59 (60 25)
5: (35 49) (50 7 60) 59 (37 25 51) (31 19) (23 41 30 20) 14 (22 11 4 9 26) (17 21 24) (33 29 6) 40 (58 48) (46 53 28 39)
6: 24 (9 46) 28 (26 41 5 30 11) 45 (20 48 17 50) (6 16) 37 33 (58 14 51) (23 29) (35 34 25 22 60 19) 8
7: (5 21 4 41) 26 (25 37) 9 (29 20 44) 30 (46 33 54 24 17 7 6 50) 45 10 57 (49 11 60 14) 16 22 (8 51) (42 28)
8: (40 54 28 56 9 5 31 20 51 42 11 19) 55 14 (52 57) (45 37 60 27 50) (29 41 17 38 1 7 39) (22 8 58)
9: (51 21 30) (6 24 42 39 9) 18 31 (19 1) 16 (5 22) (10 45) (58 40 46 50 25 49 57) (11 59 12 37 29 60 28 35 14) (20 17)
10: (51 8 37 9 50) 29 (59 25 48 20) (17 21 19) (31 58 26) (23 28 45 14 3 40) (11 24 52 33) (27 56 46) (5 34 22 41 54)
11: (45 12 8 52) 46 (5 7 49 26) 9 60 (58 22 50) (6 51) (10 41 11) (21 17 19) 59 (14 25 57 20) (16 37) 43 23
12: (57 41 40 26 16 30) (12 48 17) (60 9 3) (29 8) 37 (49 22) (35 19) (14 11 5) (25 6 58) 20 (50 46) 1 (28 33) (23 45)
13: (8 14 42 37 46 28 7) 58 (17 31) 41 45 54 (26 22 29 40) 25 30 11 43 (21 9) (33 50 39 16) (34 19) 52 6 5 49 51 20
14: 20 31 59 (50 17) 6 (28 37) 8 34 58 23 (38 46) 40 (41 14 45 11) (29 56) 22 (26 19 54 1 60 9 51)
15: 19 (8 6 45 26 9 23 31 46 29 51) (59 18 39 50 30) (25 40 60 37) (20 5) 21 (17 11 54 22 14 7 57) (52 58)
16: (40 9) (29 46 45 5 15 30 20 58 38 1) 51 (39 24 6 41 55 25 50) (37 8) (17 28 22 19 52 7) 16 (11 60 31 48 49 26) 59 (14 56 54)
17: 1 5 18 50 (17 16) (11 23 41) 22 (19 28) (12 25) 20 (9 34 60 39 24) (42 6) (52 29) 38 (51 45)
18: 29 60 (40 34 51 25 6) (21 50 20) (33 8 16) (11 23) 30 46 (37 26 38 41 39 17 42 19) (10 54 45) (31 49 9 22)
19: 20 16 (10 5 58 7 8) (40 26) (21 29 50) 11 52 (19 60 46 28) (9 23 22 18) 57 (51 37 41 45 17) 34 (6 24) 14 (49 25 39 27)
20: 5 (11 41 22 28 54 60 33) (21 56 37) (58 49 31 17 19 45) 8 6 (52 50) (9 30) 20 (29 57 23) (25 51 38 14) (34 59 24)
21: 49 28 (51 7 19) 31 (37 8) (4 25) (16 6 48) (30 17) (46 11) (27 55 45 15) (20 58 9 26) 24 (54 29 60 50) 22
22: 29 (39 6) 11 (20 50) (26 30 28 7 18 37 38 56 55 31 41) 40 23 (52 58) (5 45 46 22 24 51) (60 17) (16 9 19)
23: (41 31 51) (18 37) (60 57) (9 29 40 52 48 14 23 17 46 19) 59 58 26 33 (28 54 7 11 49) (53 50 25) 20 (16 39 30)
24: 56 (51 60 38) (59 48) (28 58 23) 46 20 (6 16 55 5 18) (19 22) (37 17 41) (33 49 1) (29 31 54 45) 43 21 (9 11) 50
25: (29 8) (40 18 23 3) (9 11 55 19) (25 33 31 49) (28 24) 5 (6 14 16 17 20) 45 50 30
26: (22 14 50 8) (23 46) 1 (33 25 57) 29 (49 39 52 38 12) 51 (37 42) 17 (5 20 55 30) 21 7 40 (9 41) 45 (28 11)
27: (9 28) (54 19 5) 31 6 20 (14 58) (39 33) 17 (47 23 55 34 48 25 37 21 26 40 12) (42 22 52 11) 29 (50 60)
28: (14 29 5) 21 (24 17 22) 20 27 18 (9 16 39 8) (48 45) 26 (30 6 50) (28 37 33 19) (34 46 11) (57 49 23 7) 51
29: (4 19 29 5 22 39) (53 60 9 45 54) 10 (20 7 3 25 57 17 8 14 46 59) (11 41) 55 (6 35 50) 16 24 (38 37 30)
30: (51 60 57 40 24) 39 (16 26 5 50) (38 22 8 14 9 53 54) 12 25 11 1 28 49 (31 17 29) 52 35 45 (37 20 6 42 4) (46 19)
31: (50 20) 19 48 45 29 23 (22 57 34 11 60) (58 55) (54 40 28 31) 5 (17 33) (30 9) (46 1) (16 51) (26 12) (6 7 24) 52
32: 59 4 25 22 (31 6 46) 55 52 44 19 57 37 (60 16 11) 9 29 20 1 (5 40 35 34 26 33 17 30) (23 51 50) 45 (38 49 7)
33: (18 51 22) 28 17 11 21 (55 57) (37 27 1 58 54 59 48 5 56) 19 (25 14 39) 49 46 (6 41 45) (50 29 42 20 8 12)
34: (50 53) (22 48 26 58) 5 (39 38 56 1) (42 23) (16 30 9) 6 (17 46 37) (25 11) (54 40) (52 3) 21 24 49 51 (29 33 60 31 28) 19
35: (60 28 26 20 45 8) 22 (14 16) (41 11 21 48 46 9) (33 23 59 49 32 29 51) (37 25 30) (6 38 19) (1 40) 39 (44 50) 17
36: 40 (51 5 12 9 59 50 29) (41 38) 31 (34 28 1) 8 22 45 60 (6 19 20) (21 16 26 30) (14 46) (23 17 37)
37: 23 (20 35) (58 50 31 40 21 33) (11 9) 25 5 (30 22 60) 51 (3 46 19) (8 28 59 41 24 6 54 17) 37 55 (4 45 36)
38: 51 5 (18 25 42 49 9) (19 31 8 14) 24 11 20 (58 40 16) 28 23 27 43 (59 29 30 54) 37 (33 22 12 55) (57 17)
39: (36 52 28 19 20 29) (21 23) (25 45 48) (11 17) 12 (38 18) (22 9) (6 55 60) (30 3 26 59 50) (4 8 5 46 41 14)
40: (41 14) 43 (30 21) 45 (57 8 9 26 50 60 31) (51 19 38 6) (25 15) 22 (5 42) 29 (48 11 4 17 20 33) (23 37)
41: (55 41 29 46 21 9 15 51 37) 8 49 (31 50 44 25 59) (4 7) (30 60) 24 (19 40) (39 5) (22 6) 20 (14 58) (11 45 38) 17
42: (19 42) 14 (55 48 49 30) 45 22 (16 58) (28 38) (1 31 54 7 40) 5 (21 34 50 9 60 23 29 11) 24 (46 8 59 25 43 17 6 37 26)
43: (25 9 33 20 16 6 51) (29 8 40 18 30 17 19 45) 5 (21 4) 31 26 (57 28 49) (60 15) (39 48) 42 3 (23 37 50) (22 38) (41 11)
44: (38 14 42 52 45) (49 34 15) (30 7) 22 (20 60 31 9) 51 (21 17) 5 48 6 19 23 29 16 (53 50 37 27 55 54) (28 58 1) (11 24) 41 40 18
45: (41 19) (22 46 25) 33 (58 45) 21 (20 6) 28 (40 17) 14 51 (57 9 29 11 50 5) 10 (16 34 23 30 38)
46: (50 30 37 26 51 19 22 21 43) 54 39 (8 29 58 16 44) 46 (60 59 57 11 4) (41 40 14 9 49) 6 24 (5 45)
47: 19 (41 26) (46 35 52 3 57 20) (34 4 27) (45 59) 8 (60 29) 56 (11 28 5 6 37 7) (31 9 30 42 17) 54 (50 53 25) (22 51 33) (14 58)
48: 31 (5 29) 56 (55 45 3) 22 (37 50 6 46 7 23 42 28 58 49 30) (9 11 40) (16 8) (39 17) (51 20 19)
49: (23 19 28) 15 46 (37 60) 11 (17 10) 1 (9 48 20 4) 45 22 (6 50 54) (30 25 5 2) (40 31 29) (51 34 14) (24 57 49)
50: 23 (4 60) 40 (22 30) (21 46 38 45 50 11) 55 (19 54) (51 6) (42 56 5) 59 39 24 (14 37) (29 9 17 20 25 58 31)
51: (25 28 7) (14 17 42) (16 11 51 45 3) 19 (39 6 52 49 23 46) 55 41 (21 18) (9 57 59 20 22 50) 29 (1 40 31 37 54) (30 58 24)
52: 50 29 37 (16 36) (44 17) 11 (25 19 1) (20 57 21 56 30 28) (41 31 59) 54 48 22 (6 46 55) (51 5) (35 9 26) (18 24) 45
53: (14 28) (20 9 30) (37 60 31 49) 16 11 (22 29) 38 (41 50) (5 6 26) 8 (42 4 19 7 25 24 51) (35 17 57) (58 23)
54: (51 25 29 18 50 27) (28 35) (59 6 23) (37 45 8) 5 (7 43 22) 30 38 (21 14 46 42 48 40 20) (17 9) 54 (34 3 16) (60 53 33)
55: (41 53) 22 (5 46) (51 50 25 8) (16 28 36 1 48 45 19 29 14 60 4 59) (26 42 9 37 30) 40 12 (54 20) (17 55 11)
56: (34 57) (42 8) (20 50) (22 37) 46 27 (43 19 30 38) (26 28 11) 41 5 (17 45 13) (55 25 35) (18 48 51) (29 21 24 60) (9 54)
57: (57 25) (58 7 52) (29 54) (45 1) 55 (60 20 9 50 59 21 51) 37 (28 11) (30 19 26 17 22 14) 40 6
58: (19 17) (58 20 49 29 1 55) 23 (11 5 41) (30 9 52) (50 25 45 6 22) 57 (14 37) 51 (26 18 60) 46 28
59: 54 41 (16 60 5) 57 58 18 22 (38 6 56) 46 50 29 8 (35 9 55) (39 25) (30 37) (11 51) (31 23 28) (26 17) (45 20) (40 14 1 59)
60: (51 17 19 38 9 33 29 8) (26 58) (12 45 3) (20 6) (41 22 24 4) (54 28) 25 60 15 23 37 (31 18) 5 (42 40 11 50 43)
