60 60
1: 59 27 40 51 23 24 39 29 26
2: 19 38 17 9 32 44 59 13 21 29 39 58 10 20 14 37 24 3 1 26 7 34 11 31 52 48 8 54
3: 26 23 5 46 3 31 54 1 40 44
4: 43 6 31 33 48 22 51 17 19 1 47 7 12 21 11 5 9 14 25 37 26 39 23 30 10 44 15 18
5: 18 49 27 39 36 16 35 29 7 4 31 48 9 20 23 2 26 43
6: 24 42 12 53 52 26 47 49 5 22 13 33 56 37 46 43 51 48 38 4 40 23 44
7: 54 29 7 39 42 41 18 28 36 25 31 32 27 24 48 3 55 53 15
8: 27 29 34 25 50 51 28 37 15 55 13 49 48 59 22 42 30 54 43 23
9: 9 42 52 35 58 14 41 17 46 6 48 43 59 12 31 33 40 2 57 49 20 3 25 47 4 60 32 54 11 19 8 16 26 30 21 27 1 53 36 22 45 29 50 7 44 15 23 38 18 37 5 34
10: 2 43 50 20 9 12 47 14 8 24 49 16 56 53 21 52 57 40 15 60 13 31 36 28 48 19 26 59 17 58 27 35 23 34 55 42 39 3 41 1 44 45 30 7
11: 30 32
12: 37 59 24
13: 29 18 49 32 14 27 22 43 17 11 57 13 58 51 44 46 21 36 56 54 10 48 60 3 5 28 7 35 16 52 15 38 40 26 20 6 1 25 45 23 4 37 31 39 9 34 59 50 8 33 47 53 55 19 41 24 30
14: 27 47 58 23 14 26 31 41 36 33 17 54 10 3 48 12 21 16 56
15: 30 12 35 41 10 20 14 26 43 49 48 52 3 60 13 18 31 7 56 33 37 15 22 6 1 9 59 36 29 44 28 45 32 34 54 51 57 2 40 17 5 8 11 24 25 23 53 47 55 21 46 27 58 19 38
16: 20 26 16 60 50
17: 2 38 39 58 25 35 48 26 57 43 40 34 23 24 1 4 52 10 14 12 41 31 28 5 30 33 54 53 27 42 44 45 49 6 13 18
18: 55 39 36 46 8 34 7 45 6 12 25 29 22 52 4 60 49 13 23
19: 49 14 32 55 26 4 56 58 5 36 19 23
20: 4 39 51 3 16 50 20 15 37 54 47 7 29 52 35 5 38 30 59 23 31 17 21 32 44 28 57 46 58 36 42 22 43 13 55 40 56 34 53 11 9 27 14 48
21: 18 7 57 27 22 59 5 26 38 4 24 58 16 42 12 51 13 20 6 17 28 40 25 2 29 50 41 33 52 53 19 56 44 11 1 39 21 31 3 34
22: 56 41 13 42 23 37 55 45 2 33 29 16 57 35 59 38 4 31 25 52 58 22 39 10 48 20 17 26 44 46 51 21
23: 10 54 59 51 34 6 42 19 40 22 37 49 33 11 38 18 29 1 58 16 36 30 4 24 14 23 55 26 17 53 45 5 12 3
24: 55 6 56 28 31 48 36 8 10 17 26 43 24 35 30 29 20
25: 60 56 6 17 58 55 25 1 47 16
26: 19 5 6 31 17 7 49 46 38 10 47 22 14 52 51 39 15 44 58 9 29 56 24
27: 28 21 59 38 46 29 11 20 56 23 8 2 24 5 22 60 1 41 49 19 39 43 52 3 45 35 25 9 7 47 26 57 17 48 16 13 54 51 34 58 6 31 14 36 10 55 44 30 18 12 32 42 53 37 15 33 4 50
28: 50 5 32 9 41 58 20 3 60 57 40 23 13 25 30 19 35 22 11 4 36 55 16 49 33 44 29 47 56 42 8 1 27 24 12 26 10 46 14 17 54 21 45 34 31 28 39 51 53 7 15 37 52 6 43 18
29: 46 35 12 50 10 42 2 52 19 4 43 21 58 13 25 44 7 14 51 39 48 11 38 40 3 18 1 27 23 5 60 32 20 8 9 28 53 16 59 30 22 57 31
30: 1 45 52 49 35 8 40 20 25 28 44 32 47
31: 50 14 40 15 35 29 17 12 54 2 47 27 46 23 9 59 41 53 19 4 1 36 10 26 30 3 45 48 32
32: 4 60 12 16 29 34 43 14 9 26 50 23 17 5 47 2
33: 6 8 47
34: 46 50 58 29 2 45 41 23 8 54 3 4 40 51 47 28 48 10 36 9 16 26 31 7 39 11
35: 21 38 60 57 51 19 29 9 28 10 58
36: 26 43
37: 44 3 31 30 37 36 58 39 9 40 8 41 38 4 12 7 52 21 16 14 55 25 53 60 29 46 2 23 18 15 20 42 47 28 48 51 10 54 34 11 17 49 19 35 57
38: 43 11 32 37 50 48 2 4 56 33 6 20 23 45 13 40 55 60 18 41 21 39 58 46 16 49 53 59 10
39: 13 11 40 45 5 4 15 32 52 28 14 12 36 7 57 20 10
40: 22 58 40 3 56 7 5 39 33
41: 33 13 37 10 50 43 28 52 60 21 49 27 38 17 23 2 41 14 47 11 42 7 5 46 53 18 51 4 26 24 30 3 39 45 58 54 36 19 25 35 32
42: 25 59 56 18 40 35 20 45 34 9 53 39 46 42 49 24 43 1 44 7 31 36 17 38 27 23 58 57
43: 58 36 46 9 23 57 22 5 37 32 4 14 43 7 34 13 12 33 30 26 35 56 31 39 2 54 29 38 27 21 59 3 1 44 15 50 60 53 41 48 25
44: 46 52 41 28 3 42 44 29 38 36 1 27 19 47 34 31 12 10 50 40 11 51 15 18 14 57 48 7 56 20 17 39 43 5 55 59 33 49 60 24 22 54 53 13 23 26
45: 57 56 25 21 26 54 29 33 24 12 15 31 53 19 28 5 55 40 4 41 14 23
46: 36 56 53 45 35 48 12 1 32 42 46 5 23 16 52 4 51 7 59 28 13 2 37 38 39 26 58 31 20 14 50 18 34 25 22 15 21
47: 57 42 39 30 48 13 56 53 24 41 25 27 33 5 8 45 21 14 58 47 55 16
48: 10 22 50 4 48 8 51 58 5 21 55 59 27 37 33 54 23 39 60 14 56 26 32 36 7 24 41 31 17 45 47 15 28 1 18 20 43 44 12 38 40 53 25 2 13 19 34 6 49 29 46 11 30 16 3 42 52 9 57
49: 18 47 27 28 32 39 40 16 22 35 21 36 17 56 57 7 5 2 53 37 33 20 58 44 25 14 3 31 23 48 49 51 4 30 55 9
50: 57 9 23 20 55 59 54 12 36 52 53 31 28 10 45 18 17 46 34 16 32 42 21 60 56 27 43 2 3 40 13 11 4 5 41 15 47 38 25 58 50 35 7 33 14 26 29 51 1 22 30 39 48 37 19 44
51: 24 11 22 56 7 29 6 59 4 45 27 9 21 1 33 43 16 41 47 40 38 8 53 54 57 31 28 15 48 17 44 32 34 55 5 10 49 18 36 39 2 42 50 19 13 20 52 46 12 35
52: 44 17 21 25 28 12 10 37 59 52 26 58 55 53 20 6 5 35 56
53: 19 20 8 55 39 1 49
54: 34 47 28 6 2 46 54 22 32 29 48 59 10 40 60 26 12 37 14 8 33 31 20 3 27 39
55: 33 29 35 25 40 50 1 36 59 58 15 14 16 54 28 3 57 8
56: 26 27 12 60 15 55 25 28 31 11 42 13 23 10 51 48 53 29 24 8 14 52 5 37 3 2 22 56 21 16 40 47 30 45 43 36 1 50 38 4 20 59 39 19 18 17 6 34 32 44 49 33 58 46
57: 12 55 35 57 52 7 54 31 5 50 43 27 48 21 51 24 41 13 25 37 10 17 1 29 58 19 53 15 34 60 2 3 14 4 26 6 36 20 33 49 23 28 11 56 9 8
58: 9 16 35 26 7
59: 2 25 46 15 4 7 19 57 52 9 16 39 24 13 6 14 21 28 47 3
60: 36 45 19 23 3 7 16 37 49 5 51 58 50 60 41 33 27 4 26 6 57 39 42 59 14 18 25 34 20 54 47 12 35 10 55 29 9 24 28 32 56 40 43 15 13 52 22 38 1 44 53 2 46 31 8 17 21 11
1: 15 21 (53 30 51 27) 56 10 (2 44 57 55) (23 3 13 17 48) (29 31 42 9) (46 4 50 28 25) 43 60
2: 48 (10 27 54) (32 41) (21 46) (60 56 9 15 51) (34 31 57) 49 59 38 (5 43) (22 37 17 29 50)
3: (21 2 9 50 13 59 27 48) (56 40 15 57) (55 31) (3 37 54) (14 44) 23 (49 7 20) (29 60) (34 28 10 41 43)
4: (21 27 56) 43 (41 45) 6 57 9 (37 46 13 32) 5 20 (19 59) 22 39 (18 23 50 28 38) (31 51 60) 49 (34 29 17 48)
5: (6 46 56 47 52) (29 48 39 19) (44 3 4 26 45) (60 40 20) (28 50 32) 17 49 27 (43 13 23 57) 15 (41 21 51 9)
6: 27 (4 60 28 18) (13 21 52 15 57 56) (24 33 51 25 38) 17 (48 59 23 26 9 54)
7: (29 10 60 15 21 37 4 7 26) (58 40 42 5 41 43 50 34) (46 27 49 44) (51 28 2 20 57) 59 (9 48 18) (13 39)
8: (29 48 30 33 47 27) (51 18) (55 56 53) 9 37 60 10 (34 57 13 28) 2 54 (24 15)
9: 5 (31 32 34 59 29 42 9) (4 10) (15 43 50) 57 (58 20) (2 26) (27 13 60 51) 49 (35 37) (28 48)
10: (41 60 15) 35 29 (31 23 44) 13 (26 17 28) (57 24) (48 2 38) (14 54 56 51) (52 37 50 34) (4 39 27) 22
11: 51 (21 15) (37 57 29) (38 44 27) (39 60) 4 (48 9 2 23) (34 56 28 41 13 20 50)
12: 43 (14 21) (17 9 15) (54 23 52) (10 6) (45 57 4) (29 46 56 32) (44 39 51 28 31 37 50 27 18 60 48)
13: 39 38 (17 50 56) (22 2 20) (21 47 51 8 10 18) 13 (44 6) (43 41) (46 59) (29 27) (15 28 60) (57 48)
14: 27 17 (49 28) 29 19 (56 50) (43 54 14 20 13) 59 (41 39) (55 15 57) (26 31) (47 48 32 10) (37 2 60 23) (46 9 4 45 44)
15: (59 10 4) (27 45) (13 55 44) 9 46 20 8 60 (56 57 48) 26 (31 39 28 50 51) 37 (15 7 43)
16: (20 58) 46 (13 55 10 21) (9 22 49 37 29 50) 16 (60 47 23) (25 51 34) (38 32 56 48) (28 5) (27 14 59)
17: 49 25 (56 41 2 20 28 24 4 60) 31 (32 44 22) 48 (50 23 57 15 10) (21 42) 27 9 (14 13 37 51 26) 52
18: 50 (37 13) (46 48) 44 (9 27 28) (49 4 23 7 29) 60 (56 38 17) (15 41 5 42 51 21)
19: (35 2 59 56) (51 37 48 31 60 4) (44 19 45) (15 57 26 27 21) (50 41 13) 29 10 28 (53 9 23)
20: (16 50) 15 (56 37 54) 28 (22 10 13 21 57 24) 29 42 (52 38 48 39 46) 27 (49 9 44 20) 53 60 (51 30) 5 2
21: 56 (28 46 45 4 15 38) (10 2 35) 13 21 (48 41 51) (50 60 20 14 22 57 59) (27 9) 37 29 (43 52 49 47)
22: 29 (13 6) 8 4 (50 28) (54 40) 49 (9 48 56) (60 20 46 27 44 21 18) 51 (26 23) 43 15 22
23: 19 (22 6) 43 44 (34 60) (48 56 10) (38 45) (3 18) (27 9 15 49 31) (32 13 1) 4 (50 20 46 17 41) (5 29) 8 42 28 (57 37 23 14)
24: (45 47 44 12 24) 56 21 6 (42 57 1) 7 (48 28) 26 (41 17 59) 60 10 (27 2) (15 51 23 13)
25: (60 46 55 43) (37 47 21 29) 57 (50 25 48) (52 56 9 59) (41 30) 18 13 (45 4) (22 7 8) 49 15 (17 27 42) 28
26: 15 43 (23 4) 22 (3 36 17 13) (21 58) (1 34) 56 45 (44 41 48) 16 (19 10 31) (24 46 28) (2 5 52) 27 60 (14 9 50) (32 57 54 6)
27: (60 1 54 47 48) (50 28) (51 17) 20 41 (21 15 8 57 42) 13 10 5 29 (9 43) (49 44) 31 (7 14) 56
28: (50 13) (7 24) (52 51) 48 (8 55 49 54 21 37 44 46 35) (15 30) (20 60) 59 (45 28 57 34 41 39) (56 17 10 27 29)
29: (1 8 21 55 7) (34 43) 54 (23 45) 5 27 (18 9) (22 28 26) (15 44 35 60 31 51) 2 13 (32 48 24 20 37) 50 56 57
30: 48 (41 29 27 17 8) (20 28 49) (10 11 50 47) 9 23 (4 15) 24 43 (37 31 56 13)
31: (45 17 20 13 57 34 24) (10 42) (46 14 9 54 44 37 3) 49 26 (22 27 7) (50 21 15 51 28) (29 60) 2 5 4 (48 43 56)
32: 50 (28 9 27 29 15 41 51) (43 46) (20 60 38) (49 39 31) 7 (11 30) (56 19 13) (48 2) 54
33: 4 38 6 (60 48) (50 27 41) (21 28 57) (17 55 47 45 54) 14 (49 56) (13 43 9 40) (51 23 22 44) 15
34: (20 42) 50 (23 54) 8 43 28 17 (21 48 46 15) 10 (44 32) (13 51) (27 18 56) (2 37 57) (9 60)
35: (27 29) (46 57 50) (22 13) (49 58) (28 9 10 51 60 42) (5 37 17) (20 55 31) (43 30 15) (24 52 41)
36: (57 28 23 60 15 27 50) (9 31 14 37) (43 46 7 10 51) (44 56) 55 (42 18 41 24 48 19 49 13) (5 39 20) 34
37: (57 46 48 54 22 15) (43 6) (8 41 27 12 4 23 28) (60 37) (9 49 13 20 38) (2 52) (50 56)
38: 56 (21 6 13) 26 44 (51 43) 22 23 (20 2) 41 48 (27 46) (42 29 60 35) (50 17 9 15) 37
39: (27 51 44) 22 26 (38 54 56 41 50 37) 42 (29 4) 5 (34 60) 48 (43 10 49) 1 (20 28 2 46) (7 13) (59 40 18 21 17 47) 53
40: 34 (39 56) (15 28 60 30 21 48 3 50) 13 23 54 (20 38 29 42 31) 44 17 (9 51 49) 45 (10 6 1 55) 37 40
41: 51 34 (17 60) 14 (15 13 31 48) 37 (9 41 45) (57 7 50 22) (10 43) (44 47) (21 27 28 38)
42: 8 (60 46 48) (50 7) (28 47 27 37 56 44 20 21 29 9 6 41 10) (51 23 17) (42 22)
43: (56 50 8 28) 41 57 (15 32 4 38 5 44) (10 42 24) (36 13 60) 9 (29 27 43 6) (48 51) 20 17
44: 2 42 (22 6 48 21) (30 43 20 17 15 50 26) 28 (49 60 37 29 27 52 51 13) (9 10 4 44 56) 3
45: (47 23 42) (39 60 48 13 41) 38 34 (30 46) (15 31 17 51) (27 22 28 18) (10 9 50) 56
46: (15 50) 42 56 (43 28 9 29) (51 46 48 31 34 44 22 26 27) (6 59) 3 (54 13 38 41 60 18 37) 20
47: 34 (47 10 49 14) (51 28) (37 59 30 56) (48 20 26) 13 50 (31 44 41 27) (60 33) 54 15 9 (32 4) (6 25)
48: (37 43 50 27 7 47 51 4 46 38 14) 48 (22 15) (6 57 5 10 8) 13 9 (56 54 20) 17 (49 34 24) (2 31 29) 44
49: 56 (10 49) (23 57) (51 30) 48 (18 15 38) 17 41 26 (53 8 42) (37 13 9 5 19 60) (27 6 44 28)
50: (55 51 27) 56 (16 8) 29 (34 50) (10 44) (57 9 21) 28 (46 41 60) 48 32 (13 20 38 43) 31
51: 6 (41 50 46 20) 27 (60 49 8) 26 57 34 (56 35) (21 44 15) (1 13 22 4 37) (29 28 48 23)
52: (60 57) 41 50 (26 30 18 51) (59 46) 29 (28 48 56) (37 52 20) 21 (15 39) (22 6) (10 9) 27 (13 2) 44 17
53: (6 45) 21 41 (43 17 56) (10 46) 51 (60 13 49) (15 28) 23 (29 44) (38 57) (20 37 50) (47 9 52) 48 (42 27) (7 31)
54: (37 54 48 7 43) (14 51 57 60 20) (55 27) 34 50 28 (2 23 9) (45 15 41) 8 (44 17 31) (13 3)
55: 38 57 (19 27 45 15 47 51 18) (23 53 7) (60 44) (52 10) 49 (25 24 56) 37 50 (48 8 13 28 22 20)
56: (10 57) 15 (26 47 56 21 6) 20 (50 43) 13 (25 22 40 44 14 51 27) (49 46) 28 (38 60) 48 (24 45 42) 19 52
57: 39 (35 42 13) (50 28) (59 29) (9 15) (51 60 21 22 37 44 55 27) (49 10 47 48 17 20 43 57 45)
58: (35 21 46 56 19 13 26 57 25 27) 40 (15 48) 28 (60 47) (43 22 50 17 34 49 14) 55 (42 9) (38 20 23 2) (41 37 10 29) 52
59: 46 (54 42 56) 1 (51 48 60 13 8) (38 20) 22 (52 50 43 12) (10 29 27) (9 44) (15 23) 31 55 (2 21)
60: 28 38 (37 9) 41 (25 10 16 15) (27 44 48 35 18 56) 43 (54 29 32) (13 57) (60 50)
