60 60
1: 51 25 54 29 33 8 50 55 56 45 19 41 32 40 9 5 20 58 16 36 26 30 12 14 31 24 4 13 52 35 57 17 3 39 43 48
2: 27 29 20 34 26 54 50 57 48 42 41 24 32 17 28 49 1 39 56 8 4 45 11 44 59 38 52 16 30 55 43
3: 53 25
4: 16 37 11
5: 24 19 42 46 40 21 2 44 54 12 56 52 8 25 16 60 35 26 23 31 36 50 7 27 14 34 6 41 17 58 32 33 49 38 9 53 18 10 39 29 30 45
6: 44 1 46 51 56 34
7: 5 42 50 11 57 22 26 33 35 3 8 16 45 46 59 25 10 36 9 1 32 56 31 60 53 37 7 58 28 21 20 34 49 52 19 17 30 24 40 14 29 6 23 48 43 47 54 55 38 4 44 51 15 41 27 18
8: 1 9 10 2 44 29 59 5 11 23 60 55 13 39 8 20 31 6 53 43 25 46 18 26 51 30 32 52 54 17 4 41 58 49 47 24 36 34 38 56 48
9: 26 29 52
10: 19 39 4 54 18 15 23 43 16 34 24 59 44 29 20 41 57 47 2 17 30 9 10 40 55 8 32 38 25 45 28 26 56 35 1 58 52 11 53 13 48 49 31 51 12
11: 54 43 50 42 11 25 16 59 2 38 3 13 46 15 18 52 56 40 32 7 12 14
12: 51 17 34 25 42 15 28 33 56 6 12 2 18 10 31 16 44 9 60 26 48 41 40 43 30 1 32 37 22 58 21 59 50 53 54 4 7 39 20 8 23 35 38 19 55 57
13: 48 56 25 42 39 52 40 41 58 22 46 8 18 31 5
14: 45 47 26 23 50 54 42 37 29 27 20 25 18 4 53 48
15: 33 35 25 32 2 5 9 6 50 7 57 53 41 14 36 21 56 40 60 18 28 38 39 54 51 15 59 10 58 11 27 42 8 44 30 55 13 26 37 34 20
16: 56 1 43 2 44 16 53 8 54 52 20 34 11 29 33 58 41 22 4 19 7 13 12 47 42 5 9 14 30 23 35 45 24 50 26 37 46 59 28 38 10 40 15
17: 9 52 51 27 3 11 60 40 49 28 8 13 17 2 38 24 47 21 44 18 15 30 57 48 56 16 20 5 55 43 7 58 6 32 35 10 33 26 45 46 4 53 12 34 39 36 1 14 59 37 25 41 23 29 31 54 42 22
18: 21 27 43 16 20 3 13 50 58 5 44 45 53 47 26
19: 44 32 20 18 38 55 4 13 58 36 47 12 22 29 8 10 6 11 15 33 39 59 19 50 46
20: 4 21 14 25 23 28 8 53 19 51 11 38 52 37 22 2 56 34 57 32 44 43 13 45 20 15 59 3
21: 24 50 2 34 19 14 32 7 17 25 59 57 1 48 6 33 37 60 31 3 15 47 13 38 30 44 49
22: 46 60 3 16 32 13 35 53 1 8 5 50 24
23: 39 55 14 43 27 11
24: 37 39 13 51 29 47 55 31 41 32 17 57 1 60 9 19 48 27 59 56 11 34 52 44 49 18 24 45 10 8 4 16 3 30 23 20 6 50 25 33 58 53 42 43 38 21
25: 35 59 4 15 44 1 34 29 46 10 30 19 9 42 22 36 58 57 51 24 32 49 60 5 25 33 7 3 37 18 47 26 52 14 13 43 53 54 40 48 8 55 2 11 21 38 6 45 28 12 20 16 31 50 23 39 56 17
26: 5 9 2 57 46 55 51 1 48 12 33 38 41 6 59 58 39 11 14 56 47 27 37 16 4 45 24 30 36 17 42 22 19 18 3 20 44 23 31
27: 11 17 49 58 30 5 14 55 32 27 53 59 47 24 18 39 6 26 23 15 9 44 60 28 54 31 48 57
28: 32 53 9 1 2 39 54 59 47 34 17 16 33 22 29 48 35 37 4 25 13 21 38 60 6 8 28 10 58 5 30 14 43 50 44 42 7 18 26 11 49
29: 1 9 54 48 39 49 50 33 41 26 6 4 8 52 38 25 7 37 47 18 20 53 44 30 42 14 23
30: 22 56 18 7 47 49 37 1 12 53 41 32 14 55 23 42 58 57 5 34 8 11 54 20 59
31: 56 29 39 26 12 43 27 33 49 7 59 32 58 47 5 31 45 21 52 11 28 3 2 37 53 46 14 51 54 30 10 9 25 38 57 20 8 35 41 44 19 42 36 6 60 16 34 40 24 4 17 55
32: 26 10 11 46
33: 15 27 11
34: 40 55 21 31 50 42 23 9 27 48 51 44 60 22 1 39 56 19 5 34 25 17 43 45 6 41 52 7 33 28 32 11 16 13 15 37 2 59 36 3 53 4 18 14 35 58 20 49 8 12 54 46
35: 60 14 8 54 31 36 12 3 16 20 38 51 47 44 33 34 25 15 27 32 13 56 10 4 5 21 46 2 40 52 37 48 58 43 45 35 23 28 19 26 6 1 18 7
36: 4 10 27 29 44 33 15
37: 56 44 47 39 4 28 36 12 49 30 35 8 7 33 21 15 51 23 55 34 45 42 6 59 52 31 10 57 18 20 11 54 53 29 48 16 19 41 27 40 13
38: 44 24 48 59 26 1 18 53 33 16 45 12 19 23 30 17 20 58 6 4 11 35 13 52 31 55 36 14 22 8 5 27 25 10 32 57 40
39: 34 31 24 15 16 49 21 56 39 41 18 51 17 35 19 42 57 7 11 1 20 40 30 29 50 14 45 3 6 23 28 37 47 13 9 55 10 59 54 26 22 44 8 32 38 36 12 53
40: 19 12 44 31 14 48 10 27 11 36 22 2 42 1 25 8 51 32 35 24 47 5 41 59 39 18 60 50 29 3 23 4 21 6 38 53 58 16 52 20 17 40 37 49 9 56 15 33 46 55 7 54 45 34 28 43 26 13 30
41: 34 22 4 39 27 36 2 50 32 13 3 35 18 23 15 43 24 17 26 8 53 10 9 11 7 44 60 25 5 40 52 54 46 51 16 45 12 14 29 20 59
42: 36 26 18 58 14 33 21 50 1 7 54 47 10 35 15 16 6 45 23 8 12 2 24 4 46 3 37 53 40 13
43: 22 5 41 19 36 47 53 23 27 54 15 46 29 44 26 40 24 32 13 31 7 6
44: 38 18 40 1 3 45 41 27 29 26 47 23 32 9 42 35 60 24 6 20 39 8 21 13 16 28 31 51 34 37 19 50 5 56 46
45: 48 40 39 29 36 16 60 45 28 50 9 26 49 11 12 44 1 21 6 24 57 13 7 55 15 31 18 19 37 22 56 8 47 51 27 17 43 33 52 34 3 23 30 25 2 5 32 20 53 58 4 35 54 42 41 14 59 38 46 10
46: 39 22 37 47 14 57 50 46 54 41 4 20 56 6 60 31 26 10 58 23 25 13 7 27 51 30 40 59 38 45 11 49 42 34 52 44
47: 13 9 39 6 22 55 32 44 3 40 28 26 33 58 16 42 21 31 11 50 35 43 14 51 54 1 19 24 12 60 29 38 2 10 5 17 46 56 47 4 37 7 27 23 36 8 52 34 41 59 15 49 45 48 57 25 30 53
48: 16 3 53 40 26 58 6 51 56 25 28 57 21 33 2 36 39 10 5 27 35 13 15 18 45 14 49 4 54 43 30 37 8 24 31 48 42 52 20 38 11 12 1 50 41 17 29 7 32 59 23 60 22 47 55 9 44 34 19 46
49: 43
50: 18 7 28 15 32 52 8 2 13 16 49 46 10 31 48 43 6 53 20 30 11 59 23 3 22 44 41 9 60 51 38 39 54 58 42 34 33 40 27
51: 20 7 8 59 6 9 35 37 48 51 27 3 50 15 47 34 49 38 2 22 28 41 23
52: 13 2 19 58 15 5 34 42 9 25 49 6 14 37 30 53 39 55 16 3 35 24 52 38 60 44 56 23 22 20 26 1
53: 31 38 30 39 11 48 4 15 19 10
54: 12 1 54
55: 56 13 1 52 11 17 50 41 14 7 2 8 47 58 22 10 55 40 31 6 18 34 43 26
56: 40 36 20 38 13 12 4
57: 10 2 22 20 15 12 45 33 57 17 34 39 48 50 29 23
58: 35 50 18 47 5 33 9 14 2 7 32 38 26 30 12 1 22 29 17 54 59 41 39 19 56 6 57 42 16 44 37 4 49 23
59: 1 10 40 32 15 52 3 57
60: 50
1: (58 52) 17 (35 45) (21 26) (40 42) 2 59 (39 28 16) (54 25) (8 29 30 12 47 44) 6 48 22 (7 10 24) (34 38 55)
2: (34 40 20) (8 41 12) (17 35 42) 25 (52 5) (55 58 51) (48 47 28 16 11 31) (45 21 15 26) 50 57 10
3: (41 40 52) 11 (44 24) (17 18 20) 48 21 (47 22 51 42) (35 7 39) (1 50) (34 45) 59 (25 26) 31
4: 35 31 (28 7 38 16 14) (40 42 41 53 48 37 46 1) (19 29 10 56 25 58 24 47) 2 (26 12 17) 20 8 45 (36 34)
5: (1 27 35) (45 7) (26 15) 58 (40 17 8 18) (31 41 34 44 22 28) (43 13) (52 47 48 30 25) (16 38)
6: (15 50 38) (44 8) 12 (40 35) 48 (42 43 17 58) (37 52 51 45) (34 7) 47 27 (55 19 46) 5 (26 25) 39 31 (24 28 29 21)
7: (37 50) (17 15) 46 31 (51 16) (34 39) (43 45) (47 55 42) 25 (58 35 28 11 5 30) (12 29 48 21 7 41 40)
8: 8 (17 25) (38 48 34 16 29 15 10) (50 45 2 35) (41 7 51) 28 (31 44 30 20 42) (12 55 1) 37 47 (5 13 39 40) (22 19 24)
9: 45 (40 25) 5 (51 48) 27 16 (15 58 44) 29 24 (17 12) 31 (34 39) (52 8) (1 28 47 50 10 7 26 41)
10: 32 (35 57 24 55) 46 (37 39 19) 42 40 31 15 (45 16 50 8 36 25 12 53) (10 59) 47 (28 17) (41 5) 48 (7 38)
11: (33 15) (31 19 53 38) (39 46 48 10) (45 11 24) (8 28) (4 26) 20 41 (55 23 17 37 25) (40 32 16 34 30 27) 47 (2 7 50)
12: 42 17 (35 11 25 47 34 19) (37 41) (31 57) (38 1 48 26 56) (16 10) 45 (40 5 30 58) 39 (12 54)
13: (56 48 15 38 20) (1 22) (21 41 42 43) (44 39 52 35) (47 10) (18 46 40 28) (34 24 19) 25 11 (17 45) (50 55) (16 8 37)
14: (31 39 30) 35 (23 11 52) (27 34 47) (58 5 45) (28 48 40 21 38) (41 42 55 29) (17 7) 1 16 26 (25 46 15) 20
15: (25 16 33 42) 51 (47 40 52) (37 43 34) 53 45 (7 15 35 50) 39 (36 12) (20 41 48 10) (21 11) 57 17 27 59 19
16: (5 17 58 48) 50 34 (44 18) 10 (39 28 1) (38 45) (7 35 42) 40 41 (47 11 24) (31 2 52 22) 4 37 (16 26 12) 25
17: 48 (41 38) (2 40 1 24) (17 21 12 47 10) (25 39 45) (28 57) (7 55 5) (31 27) 58 (34 8) 26
18: (45 55 14) (25 38 40 27 24) (58 10) (28 37 26) (29 13) 8 (42 48 44 34) (41 17) (5 50) (12 39 7 19 30) (35 11) 15
19: 10 (58 52 19) 1 45 (25 47 43 48 34) 12 (26 7) (31 39) 21 (35 16) (53 24 40 38 5 20) (44 37)
20: 51 15 (56 50 2 52) (29 26) (41 10 14 16) (46 40 25 38 57) (39 12) (30 1) (24 19 8) (37 20 18) 48 (31 45 17) (7 34) (44 35)
21: (48 40 45 39) 12 31 (5 34 17 24 7 25 35) (15 44 47) (37 18) 42 (20 28)
22: (48 12 57) 47 16 (28 45) (25 13 55) 46 30 (7 41) (40 39 43) 26 (50 34 19 17 20) 38 (51 52 58)
23: (34 35) (25 27 51 43 12 7 30 42) (5 20 57) 40 (58 45 16 48 26) (10 37 29) (50 47 41) 8 (52 24 46 44 17) 14 39 38
24: (43 7) (25 47 24 8 39 27 41) (44 42 40) 48 16 38 1 (5 10 17 45) (31 22) (26 52) (21 2)
25: 20 (47 15 13) (12 14) (24 1) (46 21) 38 (45 29) (7 41) (5 8 10) 25 (31 48 52 28) (3 35) 17 (11 40) 34
26: 40 (32 16 43 38 12) 25 (52 17 14 39) 29 10 (44 8 28 47) (31 35) 2 (5 18 45 27) (7 58) 42 (55 15) (1 48 9 41) 46
27: 35 (5 41) 36 (43 2) (47 48 50 26 38 46) (33 51) (7 31 34) 24 (44 14) (45 18) (27 17) (40 23) (37 15)
28: 7 37 2 (44 12) (45 39) 27 (51 48 16 17 10 25 20) 15 (50 28) (47 34) 40 (31 35)
29: (41 17) (24 16 48) (57 14 25) 5 10 2 (28 43 36 7 44) (31 39 1 58 19 37 47 8 45) 40 9
30: 21 (16 46) (8 24 10) (37 27) (40 7) (38 2 15 53) (17 5) (52 28 47 58 29 39 26) (48 1) (31 12 45 50 25)
31: 24 (17 38) 55 25 13 (5 37 31) 43 34 (21 47 8) 44 39 27 26 (1 48) (7 45) (10 35) (50 53) (12 40) 46
32: (30 11 59 31) 22 58 7 (50 8) (38 28 21 27 2 41 12 17 20 47 40) (25 24 10 35 34) 39 45 44 (43 5 15 19) 1 48
33: 25 (34 38 31 50 36) (19 28) (37 16) 48 (57 29) (42 24 58 5 15 1 35 7 40) 12 26 (45 47 21) 17
34: 31 (30 17 16 10) (37 8 46 7 45 12) (5 25 57) (15 39) (28 20) 21 52 (24 51 34 6 48 2 44 40 41 55 47) (35 50)
35: 41 44 16 37 48 (40 35) (34 25 5 10) (38 45 1 22 12 17) (51 47 52) (7 31 58) (42 28 39) 15
36: (43 48 15 1 34) (41 35 17) (8 47 25 7 37) (45 42 31) (38 39 5 56 26) 40 19
37: (52 58) (47 30) 15 39 44 (29 25 7) 31 45 (34 20 21) 46 35 (16 26 51 28) 17 40 48 (24 42 12) 14 4
38: 51 (50 24) 44 (47 40 25 52 53 26 35 45 15 48) 31 56 2 (28 8 16) (5 17) (58 21 11) (39 20 10 19) 29 7 46 12
39: (45 5 53 29) 31 (10 15 37 57) (47 46 2 50) (28 27 58 23) (8 17 41) 48 52 (39 44 12 24) (40 26) 25 13 (1 19) 34
40: (42 12) 25 (16 15 10) (31 43) (34 11 13 44 38) (50 7 55 39 37 35 41 48) (56 47 40 1 45) 17 59 (46 5)
41: (45 30 47 13) (58 43) (8 15) (26 12 44 31) 34 (17 24) (2 5) 1 55 37 (46 10 7 29) (39 50 16) (48 51 40)
42: (17 15) (30 29) (5 26 24) (50 46 11) (47 34 31 40) 7 (44 37) (48 28 45) 13 (12 58 2 52 39 16) (14 25)
43: (12 24 34) 35 45 (50 48) 40 16 (47 11) 20 41 23 (17 8) (55 7) 1 (25 49 10 18) 2 28 31
44: (24 6) 38 (5 8 28) 35 39 20 47 (17 48 19) (2 10 45) 26 (18 50 41 31 40 34) (15 25) 36 7 16 (43 52 37 46 21 12) (27 58 29)
45: (35 41 31 39) 17 (42 48) (5 57) 18 26 (2 45) 37 (1 24 10 16 38 7 14 20 25 47 40) (44 34) 46
46: 41 (46 11) (44 17) (32 47 26 31 45 50) (42 25 7 8 43 16) 6 (34 35 13) 19 (22 5) (48 40)
47: 29 (21 37) 44 42 46 (10 39) 48 (28 27 55 47 30 16 17) 43 (45 26) 18 (40 51 7 19 58 35 24 25 31) (8 14)
48: 34 48 (25 28 29) 38 (50 14 17 7 1) (10 24 57 21 8) 40 (37 45) (26 53 13 12 27 2 35) (47 51)
49: 8 47 30 40 (48 21) 5 (52 17 39 31 29 45) 51 7 50 (24 10 34 28) (27 46 37) 25 2 58
50: (21 57) 14 (16 11 46) 55 (5 2) (58 18 51 45 44 41) (1 25 15 39) (29 40) 42 7 (12 34 19) (48 22) (28 47 24 60)
51: 47 (8 45 15 31 24) (35 37) (40 39) 25 (51 44 48) 26 (1 17 12) 20 (34 7 41 46 10) (50 6)
52: (46 8) (48 9) 50 (34 24) 1 (17 25 47 59 35 38 41) 55 (37 31 16 13 52 7) (2 10) 45 (40 11 20) (29 5)
53: (30 25 15 37 47 28 8 29 39 38 34) (52 12 22) (43 24 20 7) 31 (40 10 45 16) (18 41 14 48) 5 3 50 (17 27 42)
54: (16 58 25) (2 50 31 5 42) (54 47 17) 7 34 (28 46 41 43 35 15) (1 30 8) 29 11 37 (10 48 45 14) (39 40) (12 27)
55: (52 38) (10 27 40 25) (12 8 48 55 34 45) (23 19) 30 (26 31 39) (37 15) 1 (17 47) (2 24 7)
56: (8 48 1 52) (25 11 35) (45 15 47 40 16 6 13 37 24 5 10) (12 44) (55 2) 30 46 (20 7) (26 58 34 31) (39 17)
57: (12 24) 7 (39 45 58) (48 21 17) 25 2 (38 20) (10 27 47 15 59) (57 1) (37 30 26) (46 31)
58: (10 31 46 40 13 34 47 28 1 26) 18 (42 7) (25 27) 17 (55 38) 16 15 30 48 35 (8 24 12 45) (19 50 52 5)
59: (41 34 37 21) (17 39 8 48) (27 40 15) (24 47 20) (16 25 11 31 2 38) 12 (28 19 30 50) (45 7) (26 10 46 51 58)
60: (48 15 17 50 24 25) (34 45 5 41 44 7) (12 28 46) 40 35 27 47 (21 52 31 22 8)
