60 60
1: 38 27 44 25 55 19 30 16 18 47 20 24 3 41 43 50 56 40 2 23 51 33 17 34
2: 8 26 6
3: 24 53 51 17 31 8 26 6 42 15 33 55 27 20 23 2 28 32 1 50 43 18 21 59 45 25 11 35 54 49 10 14 40 4 29 12 38 36 16 44 56 13 19 58 9 60 22 30
4: 12 3 17 16 29 44
5: 14 39 48 50 16 41 30 38 54 19 13 45 6 43 58 15 17 29 12 20 23 56 44 32 33 18 36 8 4 59 57 42 52 9 26 7 37 55 40 2 25
6: 27 8 50 22 34 31 36 35 39 11 4 43 23 25 21 7 18 42 2 46 28 55 16 37 48 49 10 3 45 53 14 1 54 15 58 9 52 47 57 17 29 24 19 33 59 13 32 40 20 30 6
7: 41 10 16 13 58 9 17 59 4 56 35 33 54 45 30 37 36 42 27 21 23 29 47 60 43 7 53
8: 1 29 56 52 39 16 34 23 20 15 59 4 25 53 22 2 32 5 41 37 35 24
9: 42 44 47 55 31 52 35 41 14
10: 33 22 43 18 37 16 9
11: 43 37 13 54 56 5 32 22
12: 31 52 15 28 56 22 11 60 39 58 50 6 38 9 21 42 40 45 7 29 44 27 37 24 23 19 35
13: 25 29 5 8 34 3 20 7 10 54 19
14: 45 24 27 20 16 3 26 28 11 55 40 29 1 43 12 18 36 9 57 33 48 2 10 60 54 59 51 13 38 8 15 56 41 25 49 35 19 30 39 31 47 23 6 7 50 4 58 21 44 22 34 42 17 5 46 14 37
15: 53 9 46 37 54 34 29 4 39 25 14 49 32 21 36 57 48 19 40 60 50 8 15 42 44 27 51 47 23 1 45 28 24 26 7 10 11 17 20 3 12 35 6 38 43 16 56 5 33
16: 15 36 23 48 21 19 60 52 7 54 1 31 12 57 28 55 34 37 27 40 58 39 42 18 17 9 32 20 3 53 59 13 56 4
17: 56 39 21 4 2 32 17 53 45 40 12 51 50 25 55 54 33 14 23 22 15 60 34 31 26 28 7
18: 55 50 49 8 39 6 59 13 18 23 36 56 21 11 24 1 28 5 31 53 7
19: 1 34 59 5 46 21 51 9 50 11 40 49 36 38 14 8 3 37 58 26
20: 58 5 18 24 51 42 47 9 16 25 56 44 39 48 35 15 41 45 23 17 6 20 19 59 3 26 30 46 13 32
21: 26 24 6 12 10 18 49 40 55 36 13 21 27 42 38 32 19 56 1 29 59 9 44 53 51 3 22 35
22: 54 24 15 3 4 23 13 34 28 29 36 14 7 31 27 16 5 58 51 22 55 38 50 43 25 33 39 1 45 49 26 9 6 11 41 56 48 53 19 40 52
23: 20 18 48
24: 9 2 29 25 30 51 55 46 27 23 33 13 31 19 37 18 14 59 7 6 53 42 49 54 44 17 22 34 32 38 39 21 52 47 56 11 41 24 36 48 35 43 12 1 26 5
25: 15 20 14 27 17 42 57 39 55 24 19 32 1 53 12 7 41 25 48 21 47 54 11 30 56 8 50 3 22 31 23 44 29 35 38 43 13 2 40
26: 42 17 46 28 2 21 60 8 45 35 53 44 37 15 27 10 12 31 18 26 38 11 3 22 41 7 57 59 9 33 43 54 58 24 6 50 4 1 5 56 16 40 29 23 32 13 55 19 34 48 36 52 49 39 20 30
27: 35 16 7 38 31 41 23 60 28 48 1 54 55 4 17 21 52 11 51 30 59 19 2 43 24 42 53 26 58 27 10 37 40 36 57 50 25 5 44 34 47 13 15 45 20 33 22 56 39 18 32 8 49 9 29
28: 51 54 8 41 29 18 32 17 53 9 49 59 13 4 10 46 7 11 36 5 22 25 27 43
29: 51 42 3
30: 27 1 22 46 35 8 57 12 18 43 5 42 51 19 4 49 26 15 10 40 37 25 45 31 59 21 54 41 6
31: 51 60 16 20 12 25 54 46 48 57 3 35 43 50 30 45 33 56 15 11 42 18 2 26 8 28 52 27 39 53 6 55 41 38 37 17 59 13 5 24 9
32: 25 32 36 12 52 14 30 2 5 35 19 51 46 57 16 54 33 55 18 7 8 4 49 3 22 9
33: 7 31 3 4 41 12 38 49 29 48 40 44 9 45 30 2 33 57 58 54 52 25 23 28 43 16 51 32 18
34: 2 46 22 25 43 28 16 36 17 57 20 11 3 58 23 1 41 15
35: 56 12 6 47 15 9 30 24 52 32 55 45 29 35 36 50 19 28 53 10 54 33 34
36: 24 50 37 38 18 54 55 53 3 33 58 30 60 25 34 20 59 45 51 35 44 26 19 28 32 36 21 2 40 6 4 9 42 49 48 27 12
37: 48 54 8 41 17 12 47 23
38: 44 4 49 60 40 31 59 25 56 19 39 13 20 55 47 17 5 14 28 9 30 3 23 36
39: 34 1 43 16 12 4 3 22 13 14 9 45 58 36 10 48 8 50 21 7 44 30 46 37 24 39 35 32 31 40 29 47 56 15 27 53 38 20 49 60 55 42 51 41 28
40: 35 5 38 36 50 33 13 56 7 52 3 45 8 44 60 24 9 39
41: 31 34 46 35 55 2 3 40 23 22 14 20 21 17 44 1 13 36 33 16 12 27 28 59 25 54 6 51 42 58 48 37 18 8 10
42: 44 30 49 60 36 51 33 29 23 48 15 37 56 9 16 43 55 57 5 24
43: 22 60 8 48 41 26 31 55 51 14 34 19 15 43 12 7 3 32 9 20 37 49 2 59 25 52 58 40 44 16 24 47 53 6 4 46 5
44: 46 58 32 39 25 45 31 50 6 30 33 52 55 49 38 43 54 28 13 59 36 51 44 22 26 20 17 42 60 41 2 15 3 12 7
45: 40 32 7 54 53 59 34
46: 26 15 37 59 1 30 56 45 8 19 39 44 47 43 3 60 48 49 35 10 52 21 28 54 23 5 13 6 29 16 18 4 57 24 9 14 55 33 11 46 36 20 51 58 41 34 32 42 31 40 2 25 27 7
47: 52 49 41 19 13 54 36 60 28 22 16 45 24 11 17 10 1 55 59 38 34 14 53 37 30 32 47 40 42 12 48 33 6 26 35 57 15 5 43 4 50 9 25 58 7 18 51 27 20 8 39 46 44
48: 24 13 26 30 11 15 1 7 3 51 9 12 18 54 37 14 16 38 2 29 28 52 39 45 20 33 48 55 34 8 44 58 40 43 6 56 42 36 4 35 32 21 53 22 5 57 10 41 27 17 60 31 49 50 19 25 47 46 59
49: 43 6 4 24 26 22 54 31 17 10 29 12 44 20 41 18 34 15 48 53 16 55 58 27 45 3 7 51 50 46 35 25 39 14 33 5 1 37 42 40 30 60 36 38 52 47 13 9
50: 50 47 18 7 30 43 13 28 33 27 6 4 25 41 5 32 46 21 49 54 60 51 31 57 15 8 36 29 37 55 52 44 11 40 10 24 53 48 2 16 9 35 59 38 12 22 19 56 14 23 39 17 26 42
51: 35 12 55 47 8 36 21 54 31 3 57 2 22 48 46 17 50 1 28 30 9 59 56 5 52 25 37 33 24 42 18 6 23 39 58 45 4 49 16 60 53 11 40 29 14 15 41 43 20 10 7 34 51 32 13 26
52: 17 49 50 8 38 40 31 42 3 15 51 1 36 43 2 45 5 25 35 28 39 44 26
53: 53 9 57 2 1 16 40 4
54: 39 40 18 31 24 25 26 56 1 11 30 4 23 12 59 47 44 17 10 14 27 21 48 42 55 19
55: 47 33 18 46 1 2 7 48 14 26 38 23 39 9 34 52 32 22 20 17 55 16 6 8 24 44 21 50 59 41 45 51 5 40 56 4 57 43 3
56: 31 17 21 23 38 55 14 60 42 32 25 8 39 27 11 44 13 24 10 2 45 52 28 15 59 26 20 4 18 30 58 51 43 1 37 50 9 56 33 48 5 47 6 16 49 22 57 3 12 7 36 54 46 40
57: 56 39 17 60 35 6 37 16 52 57 5 20 3 38 1 29 47 26 14 41 23 15 51 13 40 32 25 45 19 59 54 4
58: 30 13 8 27 45 55 50 49 56 20 26 34 54 24 22 39 35 23 29 6 37 60 7 25 44 40 14 28 59 38 57 16 21 51 33 36 43 5 2 3 53 52 4 1 12 11 47 9 42
59: 15 20 49 26 57 1 37 4 36 11
60: 46 39
1: (53 24 19 16 39 51) (57 18 56) (15 14) 49 (6 21 26 41) (55 46 8) (22 58) (54 34 52) 25 (48 27 30) 59 (3 47)
2: 51 3 8 5 (52 33 34) 53 (43 14) (41 1) (27 32 58 17 36) (46 6) 48 (25 44) (55 24 31 50) (56 26)
3: (44 15 58 57) (52 20) 38 (19 40 6 33) (25 22 46) (13 55 16 51 29) 36 (56 26 1) (39 14 41) (48 34 31) (49 43) (21 32 4)
4: (8 16 53) (33 5) 46 28 39 (7 36) 51 (58 38) (17 15) (14 3) (48 50 43 59) 32 (30 6 57 26) (56 27 49) 22 55 47 54
5: 43 (24 49 28 50 46 56 42) 31 13 (19 58 40 18) (20 8) (55 32 52 47 30 48) (14 26) (57 51 38) 11 15 22 27
6: (48 18 58 55 20) (21 57 50 24) (5 51 49 56 46 43) 15 (6 47) 2 30 31 14 (12 36) (41 35 26) 44 (3 22)
7: (48 43 22) (40 55) 32 (44 47) 15 (5 51 49 16 56 25) 28 (45 24) 26 (12 58) 50 39 33 (6 46) (17 13) (14 18) (7 27)
8: (5 43 41 19 55 27 26 37) (31 30 39) 14 2 50 13 (15 56) 47 (58 6) 48 (28 18 25 52) (3 40 51 46 32)
9: 21 (33 58 35 15 31 56 16) (7 10 6 3 20) 26 (55 36 53 42) (38 22 47 40 14 43) 46 (32 5 27 19 39 51 49 12) (28 48) (24 50)
10: (6 47 51 14 41) (13 46 21 27) (54 56 50) (39 7) (28 30) (35 48 3) (15 49 26)
11: 50 18 46 34 59 (58 6) 26 22 (12 14 28 25) (15 24 27 48) (47 19 56) 31 (51 3 54)
12: (25 30 4 41) (14 21 5) (44 37 47 39 36 43 54) 31 (49 16 33) 3 (56 58) (50 24 35) (17 26 32) (15 51) 48
13: (56 51) (38 26) 5 57 (39 24 18 3) 20 (7 41 40) (49 27) (11 14 48 44 50) (6 47 28 25 31 16 22) (58 21 46)
14: 15 (39 38 14) 19 6 (48 49 5 25 3) 17 (58 24 46 22 56 54 43) 50 (32 47) (41 55) 9 57 51
15: (35 22) (16 46 27 47) 30 (12 50) (34 17 44) 20 15 (51 52 48 14 39 56 31 8) 3 (59 43) (5 42 49) (6 26) (57 25)
16: (57 22) (4 51) 10 (58 50 47) (7 31) 43 53 (26 14 46) (41 5) (48 55) (39 15) 1 (6 56) 32 34 3 (8 42) 27 (20 49 33)
17: 5 (25 44) (4 41 52 54 24) 34 (50 38) (6 57) 56 (15 14) 27 (48 37 7 3 55 20) 17 (26 49 47) (28 51) 31 (1 16)
18: 41 10 49 (26 56 1 46) 24 (54 50) 30 (18 3) (33 55) (6 16) 47 31 (36 5) (51 21 14 20 32) (27 28 23) 48
19: (6 26) 30 21 50 (5 1) (54 48 47 57 3 22 24 14) (13 38) 25 (32 27) (15 46 16 35 43 12) 20 36
20: (13 49 25 55 20) (48 1 23) 39 (36 38 26 5 8 47) 59 (34 44) 51 57 (31 15 14) 56 (16 6 27) (41 58) (3 43 46)
21: 19 (16 17) (26 39 3) 36 (15 54 27) (46 18) 58 (21 30) (12 24 14 41 25 56 55 51 7 6 50) 48
22: (10 50 55) (58 30 48 11 24 22 39 56 27) 6 41 21 (32 12 43) 17 (26 51) (49 28) (25 44 3) 34 (14 47) 8
23: (24 14) (22 16 6 5 1) (55 3) (27 25) 26 (50 18 57) 8 (41 20 37) (33 12 51 46) (42 34 54 17 38) (7 15 56 58)
24: (27 24 47) (55 20 50 51) 12 39 (6 35 58) 40 (21 22) (8 25 56 18) (1 42) (31 15) (3 49 46 26) 36 (43 14) (48 54)
25: (33 13) (54 31) (15 3) (22 28) (30 14 25 57) (48 52) 46 44 43 (50 47) 6 (17 5 8) (32 36 38 20 58 51 1 49 56) (27 24) (41 34)
26: 26 49 15 19 (36 31 43 21) (58 54) (5 46 22) 51 (47 52) (57 59 50 2) (48 44 27) 20 24 (56 55) 14 17 30 3
27: (27 12) (25 22 24) (3 26) (21 30) (58 15 1) (16 36 14 39) 31 50 7 (54 49 6) (48 28) 46 (56 41) 47
28: 35 (52 41 51) (44 56 48) (26 6 36) (47 46 38 58) 22 (27 16) 31 (3 14) (33 50 34) 12 (18 17 39 15)
29: 49 26 (24 12 35) (14 21 51) (58 13 42) (3 28) (46 25 15 22 48) (33 39 6 27) (50 8) 4 (5 7 57)
30: (6 3 27 44) (47 5 58) (38 48) 50 39 (46 7) (42 51 36) 14 (54 31) 1 (33 35) (25 24 26 20 56 49) 32
31: (24 38 52) (48 39) 22 46 (9 43 26) (49 3) (18 25 16) 51 (14 33) (6 56) 27 41 (30 17 50 12) 54 44
32: (57 6) 16 (48 43 39) (17 35) (44 20 5 21) (15 24 3 36) 45 46 (55 25) (28 33 56) 26 (32 8) (51 47 50 11) 27
33: (49 40 7 48 55 51 35) 44 (47 15 27) 22 36 (50 33 46 41) (24 32) 26 10 (14 6 56 31 3) (42 1) (17 58 5)
34: 22 55 43 (45 6) (8 19 27) 48 (41 17) 16 39 49 (15 1 24 13) (14 26 46) (47 35 51 36 58)
35: (52 7) 3 35 50 27 48 (30 32) (24 25 31) 15 (46 6) 58 (39 47) (14 21 49 36) (20 12 51 9) 26 8 (40 57 41)
36: (51 41 21 40) (38 32) 49 27 28 46 (3 50) (47 42 56) 59 (26 52 24) (36 19 48 22) 58 (14 44) 35 (34 39 15 6 7) (18 16 5)
37: (12 26) 48 (24 51 27 36) 30 (39 50 47) (43 41 8) 46 (57 49) 16 10 (19 56 7 59 11 5) 15 58 31 (6 42 14)
38: 31 56 5 (52 24) (27 55 58 25 36 57 1 49 47) (40 12 22) (15 48 21 3) (39 19) 14 26 44 (33 50)
39: (48 58 52) (14 49 25 47) (44 56) 39 24 15 (60 8 20 26) 18 (51 16 22 55 31 6) (5 46 40 17) 12 (50 57 38 27 54)
40: 30 (49 47) (38 36 52 16) (14 3 53) (26 15) 43 (48 22) (17 55 46 45 27 5) (58 41 51) 54 (12 21 56 50 19 1 57) 33 39 6 25
41: (5 43 31) (27 14) (51 39) 20 (48 34) (57 9) 24 (25 7 26 22) (33 44) 46 (28 49 8) 55 50 1 (37 47 30)
42: (39 9) (6 16) 51 (56 27 47) (48 14 26 25 5) 50 58 (41 3 30 24 52) (15 46) 29 (49 21) (36 12 54) 31 (7 44 20)
43: 39 11 27 26 15 52 1 (3 7 48) 47 6 5 (31 30 50 42 14) (43 58 46 49 28 24 25) (34 56 51 44 22 33 55 10)
44: (42 47 55) (58 1) 25 15 (46 56 3) 41 (20 9 44) (4 24 52) 50 33 14 (36 54 40 38 12 48 27 5) (49 26 21 39 43)
45: (6 26) 30 57 (55 7 5) 47 52 (33 12 31) 44 (58 15) 39 46 (17 27) (36 3 22) (49 14 40 35 48 20 56) 51
46: (41 50) (55 46 28 19) (6 49) 34 15 (32 24) (39 48 26 47 14 60 44 56 30) (31 51 20 43)
47: 51 37 14 54 (55 38) (57 6) (48 35 50 1 7 46 27 39 25 15 20 49 24) (43 47) 58 (9 56)
48: (15 20) (47 41) (48 43 16 51 54) (27 24 25) 14 (55 46) (42 50 39) (56 31 49 6 26) 36 (22 5) 37 33 23
49: 59 (38 15 3 26 32) (14 48) (27 28 39 36 42) 56 (19 33) (24 50 44) 18 (6 46 22 51 30) 52 (43 21 47 58)
50: (6 51 3) (35 17 19 31) 49 5 (56 26) 22 27 (55 15) (18 47 40 36) 48 14 (25 52 50) 58 39 (1 44) 12
51: (3 41 46) 47 (50 19 15) 28 31 (27 55) (20 42 58 56) (30 49 39) 22 33 (17 29) 48 (1 32) 21 57 (51 14 24 36) (43 52 44)
52: (5 58 6) (33 35 49 26 57) (22 46) (55 40 8) 56 16 (24 27 47 50) 12 (43 48) 51 (31 44) (9 32)
53: (8 22 26) 39 (53 36 17 24) (35 47) (49 3) (28 45) (15 50 58 51) (21 48) (25 31 7 16) (27 18) (43 6)
54: 25 (15 48 58 14 22) (41 51) (35 44 32 16 50) 7 (36 45 31 33) (56 11 28) (30 6 13) 46 37 49 (57 5 3 17 47) 27 (26 24)
55: 42 22 17 49 26 (5 43) 6 58 (38 46 21 51) (32 47) 16 31 18 (3 56) 25 55 (44 9 14 24 50) (27 36 39) 54 (48 41 1) 35
56: 25 (26 14) 56 22 (17 51 50 20) 54 12 24 (31 1 57) 15 (11 5) (16 46 48 21) (7 40 55) 35 27 (8 39 3) 42 38 18 58
57: (14 53) (56 32 59 33 31 30 58 25 46) 57 (6 47 34 51 42 48 16 50 55 26) (5 27) 15
58: 6 14 34 (5 43) (48 26) (56 12) (41 46 47) 51 (44 49) (16 22) (20 7 33 19) 27 (3 36) 39
59: (7 14 38 19 28 45 55 50 5) 31 43 30 (27 8) (16 36) (24 3 54) (21 56) 6 57 (51 58 48) (46 20) 47 41 26 (44 18)
60: 27 57 (56 49 43 58 16 14 7 26) (44 36 38) (17 48) (46 31 15 50) (3 40 47 51 42) (39 12)
