60 60
1: 39 5 21 27 18 53 47 32 45 41 2 17 23 54 1 59 49 14 15 8 43 3 44 48 34 36 19 31 38 24 52 26 12 25 60 46 35 13 6 16 42 11
2: 56 16 59 58 60 32 22 37 3 39 40 6 55 10 51 18 42 15 44 14 47 25 38 8 2 34 28 53 41 43 31 11 35 26 49 27 57 52 48 9 33
3: 60 44 40 31 1 11 49 35 19 17 10 50 2 29 21 51 23 59 41 37 34 6 8
4: 40 29 34 60 32 9 12 50 30 19
5: 11 54 9 29 17 46 13 10 52 2 38 48 56
6: 16 57 27 33 25 11 9 38 59 17 13 22 12 56 10 44 46 50 51 5 8 18 7 42 58 34 24 60 3 53 49 14 31 43 19 39 32 54 1 37
7: 16 54 15 20 13 18 33 37 21 53 31 36 12 19 24 7 1 27
8: 59 33 43 56 25 38 7 11 15 8 41 45 2 37 22 12 16 46 23 48 35 28 52 39 21 3 20 55 9 18 1 34 40 4 49 10 42 31 53 32 6 17 13 54 24
9: 17 48 26 3
10: 9 8 32 55 11 12 37 59 43 25 26
11: 37 21 19 45 3 57 25 13 26 54 35 38 50 32 22 24 18 28 15 41 31 39 53 49 33 11 40 23 56 44 43 16 1 48 27 6 30 10 2 60 42 4 59 5 8 34 52 7
12: 12 35 53 6 44 60 13 1 18 38 51 24 28 7 19 2 52 20 59 47 48 31 55 32 58 27 5 16 57 14 56 37 21 23 26 49 11 29 54 22 40 17 46 30 33 50 9 36 10 25 45 39
13: 32 23 2 45 52 18 1 31 34 14 13 26 39 20 25 24 19 50 41 5 58 4 48 22 57 8 15 38 27 37 60 7 42 55 6 47 21 53 49 36 43 51 40 3 59 56
14: 41 19 44 20 23 58 36 21 59 57 11 39 26 32 5 13 45 53
15: 60 30 51 27 39 50 53 19 17 8 40 7 35 6 47 26 4 55 36 11 25 21 54 10 22 52 44 28 15 48 20 43 59 38 41 1 29 5 42 58 37 56 32 24 49 31 33 12 3 57 23 13 18 14 9 46 2
16: 17 55 27 24 3 2 49 53 32 52 18 20 1 44 12 58
17: 36 27 15 13 33 1 43 30 5 32 58 50 37 34 46 44 11 21 28 54 47 18 10 52 8 2 56 38 31 29 12 40 16 35 3 60 59 17 20 9 24 48 22 25 7 45 42 39
18: 7 12 48 35 3 46 15 23 56 6 36 60 47 21 42 52 25 9 53 1 30 37 28 54 14 55 8 27 32 5 49 50 22 41 24 4
19: 8 15 49 48 27 40 57 12 4 5 58 38 54 14 24 11 22 10 55 1 18 44 60 46 23 41 26 45 3 33 20 7 32 34 59 50 47 21 31 56 35 52 30 16 29 6 37 42 13 25 53 9 39 17 51 36 28 19
20: 6 37 20 42 27 25 43 40 23 7 60 48 58 16 50 38 1 17 28 52 19 44 14 24 33 4 41 51 18 59 8 2 57 29 34 15 9 45 3 35 55 26 56 13 21 46 53 30 10 39 32 5
21: 15 10 41 3 52 54 53 50 4 39 31 44 40
22: 42 60 5 9 57 10 54 52 51 38 12
23: 13 9 22 19 21 25 35 53 4 43 54 26 36 57 55 27 24 39 60 46 5 52 34 33 6 2 30 49 14 1 38 56 47 59 10 40 18 42 58 16 3 8
24: 5 48 49 44 12 24 31 8 15 28 46 14 1 19 51 41
25: 3 9 59 45 48 26 27 56 15 8 60 25 12 24 39 29 21 18 7 32 31 58 36 43 23 34 4 42 52 19
26: 60 31 40 38 56 13 22 12 36 16 11 15 9 57 24 8 5 34 48 10 26 32 47 42 29 21 55 19 54 14 4 59 6 30 39 25 50 44 1 20 3 33 45 7 23
27: 35 6 31 37 16 23 2 22 3 25 39 52 45 49 46
28: 51 2 15 55 3 40 43 49 38 24 42 50 44 32 6 58 8 25 22 26 59 28 41 20 31 4 17 29 37 34 33 30 16 11 45 13 60 19 57 47 48 1 35
29: 37 4 11 26 12 53 8 28 6 24 59 33 22 47 3
30: 45 44 3 24 16 47 23 42 14 51 46 38 21 12 28 6 13 52 43 40 54 17 27 37 32 56 5 60 49 59 58 31 39 55 19 15 26 8 11 41 33 29 18 2 36 4 50 34 57 48 35 10 7
31: 43 11 50 57 17 53 27 5
32: 30 3 36 53 29 13 58 21 2 45 31 43 44 52 26 32 24 6 34 23 9 48 16 12 8 57 41 10 17 5 56 50 4 51 40
33: 58 1 29 34 57 21 6 19 2 54 14 51 47 42 17 20 33 32 7 45 3 23 11 27 13 28 5 25 10 43 55 59 53 44 12 22 16 37 48 50 36 31 38 26 39 24 60 49 40 8 35
34: 48 4
35: 58 26 59 24 37 31 23 12 34 17 32 1 20 8 46 18 51 6 13 21 3 2 52 50 22 54 53 47 5 4 49 19 27 56 43 60 38 57 7 45 10 28 16 39 44 14 33 40 30 29 15 25 42 35
36: 44 3 7 6 31 33 16 1 5 2 9 19 30 57 25 54 58 4 8 47 18 21 10 36 60 51 56 48 43 42 11 46 52 39 50 49 37 13 32 35 38 29 45 53 28
37: 4 43 59 9 58 28 56 52 26 27 30 53 5 15 2 33 34 14 16 47 40 24 21 55 32 25 60 36 7 41 42 3 38
38: 23 5 50 15 25 10 26 60 39 55 43 31 58
39: 11 16 25 50 60 37 49 45 14 23 26 32 48 12 57 58 55 2 42 10 33 28 43 34 4 5 40 30 7
40: 19 42 38 58
41: 41 56 58 22 60 37 51 16 8 59 6 46 27 55 40 20 52 17 3 47 14
42: 5 52 11 58 55 12 13 21 54 22 28 51 46 60
43: 18 36 13 22 10 31 3 1 42 33 57 38 47 14 4 39 23 24 50 43 28 11 45 26 12 20 15 35 7 6 58 54 29 34 5 37 49 17
44: 6 46 27 13 22 60 29 15 20 36 54 7 16 57 58 44 11 37 12 2 45 32 39 28 48 24 53 34 17 40 55 26
45: 49 58 6 47 27 48 39 33 31 44 8 20 41 28 40 26 50 52 3 42 13 29 9 45 4 32 7 2 19 38 46 16 5 24 34 17 57 54 53 23 12 36 25 59 18 37 21 55 11 22 15 1 51 10 30 56 14 43 35
46: 38 2 10 34 56 19 4 46 31 48 6 33 21 26 35 39 45 53 55 42 51 60 37 54 20 36 7 30 47 32 52 59 49 22 23 1 50 16 11 24 17 13 12 57 8 44 5 58
47: 28 4 36 60 12 5 3 22 58 21 30 2 27 42 57 24 53 50 54 41 39 8 46 35 25 26 49 16 19 20 31 6 10 45 51 37 34 38 55 13 29 15 23 56
48: 4 7 6 34 24 39 2 11 22 19 49 16 47 56 46 27 12 15 50 8 37 25 44 40 48 13 60
49: 58 46 3 32 16 33 4 54 55 59 47 35 41 53 10 57 11 31 50 52 23 22 9 24 8 51 14 6 7 28 15 60 42 5 45 20 26 44 13 34 40 27 48 29 36 17 1 2
50: 11 14 45 43 8 5 48 44 2 38 46 58 59 54 4
51: 52
52: 14 27 50 18 52 33 45 59 26 60 10 48 38 56 44 57 13 46 40 58 5 35 1 17 3 19 22 51 15 25 8 37 34 49 12 30 47 28 24 21 11 54 55 6 31 29 23 20 2 9 16 42 36
53: 2 36 24 60 13 35 14 44 52 46 16 39 31 37 25 30 28 45 56 29 53 55 38 32 20 41
54: 9 1 7 49 18 37 35 13 51 21 19 3 43 10 55 45 2 47
55: 51 40 43 3 39 41 16 4 33 46 55 8 27 32 9 58 12 2 26 53 1 21 25 42 23 10 57 60 6 13 19 17 20 14 34 38 29 49 44 28 59 18 7 15 48
56: 17 34 14 46 26 55 43 49 16 48 40 21 32 57 28 56 24 18 31 9 15 52 45 10 12 19 35 8 38 60 42
57: 5 3 50 43 32 7
58: 4 45 9 7 22 47 52 25 39 48 12
59: 22 32 49 57 38 17 18 43 28 19 36 10 3 59 46 15 39 29 25 47 12 56 21 34 45 54 11 1 20 44 6 52 16 8 30 24 48 13 35 53 41 4 9 40 23 27 55 37 60 42 33 31 58 50 26 7 5
60: 21 41 10 14 16 53 50 35 33 17 32 56 40 37 23 25 1 47 42 39 8 11 15 36 19 6 49 7 38 24 34 59 20 9 48 4 55 44 5 51 12 52 30 31 22
1: (3 12 54) 13 (18 7 8 28 16 26) (55 46) (60 11 19) (6 23 35 36) 20 (49 43 17 52 33) 45 (1 59 24 15)
2: (33 17 47 37) (39 16 11) 20 (28 8 13 54 36 32) (44 5 23) 27 45 (1 50) 55 (3 46) (52 12 48 35) (53 15) 2 49 30
3: (30 9 57) (43 27) (26 18 32 8 41 33 1 28 13 21) (47 37 25 36) (49 54 15 6 11) 23 (35 55 29 19 52) (16 45) (17 2 20) 59
4: (48 23 25) (30 37 20 32) (36 11) (50 55) 49 35 (34 46 26) 13 43 (45 58) 28 (8 19 21) (47 29) (60 18 59 15 39)
5: (11 49 46) 22 6 (24 42) (19 43 37 12) (57 23 1 47 30 13) (15 50) (18 31 60 26) (45 17) 39 (36 38) 20 52 (59 14 35 33 32)
6: 43 (18 45 3) 29 41 12 35 (32 20) 36 48 (15 28 27) (49 8 47 2) (52 55 1 13 30 44 19) (33 60 23) (11 46 59) 26
7: (59 6) 17 (55 30 35) (39 26 45) (46 12) (43 54) (48 44) (13 25 20) (18 49) (8 15 11 37) (7 19) (58 60) (57 36) 33
8: (36 60 24 8 47 26 23 33 2 10 45) (59 52 17 30) (3 50 13 6 35 1) 56 (46 25 15 48 32 41 19) (11 28) 18 (20 49) 55 29
9: (19 56 49 6) (23 10) 4 60 (8 15) (54 59) 18 26 17 32 (5 52 37) 25 20 (12 55 2) (45 58 36) 22
10: (11 54 43 15 12) (56 21 19 3 52 8 60 35 30 39) (38 2 32 5 45 46 33) (22 55 20 59) 17 (23 26) 36 (6 47) 49
11: (6 45 52) (46 50 42 15 11 26 19 49 8 1 30) 2 48 (17 3) (12 28 36 59) (14 44) (60 29) 10 (33 39 5 31 43)
12: 52 60 44 7 (19 55 43) (25 12 22 8 39 45) 32 56 16 59 (4 29 47) 42 58 35 (6 46 48 15) 30 10 33 (17 18) (26 24) 1
13: (49 17 13 26 30 35 5 46 11) 6 (12 7 23 54 15 19 48) (55 28 59) 33 32 (42 14 53) 52 (43 36) (47 44 1 8 20 45)
14: (49 35) (24 15 39 43 50 53) (60 6) 52 1 13 (2 33) 45 (19 18 26 30) 56 (55 20 12 23 41 37)
15: (48 13) 25 (44 1) (8 43) (15 38 18 26 47 20 59 17 37 30 60) 55 24 56 28 (2 49) (7 35 11 45) 52 (19 21)
16: 7 (6 60 52 47 56 11) (2 49 53 41) (30 19 33) 35 27 (39 44) 45 32 (20 26 8) 1 (46 48 17 59 37) (55 28) (36 12 23)
17: (3 46 5) (9 12 35 20) (44 60) 56 45 (15 32 41) 28 19 (33 59) 43 17 8 31 (52 49 55 16) 30 (1 6)
18: 56 (59 55) 19 30 (52 20 8) 23 (13 2 43 45 54 7) (17 1 36) (6 16 15) (11 25) (12 35)
19: 7 28 54 20 (25 4 45 35) 12 (52 56) 13 11 (19 47) 46 33 (55 60 14 23) 6 36 1 (24 40) (15 3) (26 59 30) 48
20: (35 55 59 8) (16 44) (19 43) (17 33) (47 60 13 46) (45 26 20 15 53 14 49) (7 41) 52 (28 12)
21: 26 47 17 25 (54 55 3 20 45 1 13) (52 46) 37 (18 60) 19 (23 7 59 33) (12 32) 36 (35 11 56 14 8) 30 15 42
22: 27 (58 18 23 35 28 8) (15 46 47 60) 11 26 (49 2 45 17) 12 13 48 (33 59 41 42 43 6) (19 29 44 52)
23: (13 27) (60 59 15) (3 39) (47 43 25) (26 8) 18 12 (1 55) (35 49 38 19 46 45 33 52 30) 32 20 (14 11)
24: (7 8) (52 48) (18 33 12) (49 46 35 44) (1 15) 20 25 59 (43 6) (24 32) 56 26 (53 37) (60 29 16 11) 28 (17 19 13 23) (47 45 30)
25: 12 (11 36) 10 (15 2 27) 17 58 18 8 28 (37 23) 55 (6 25 26) 47 (52 59) 1 (19 35) (33 20) (38 60 45) (53 48 13) 39
26: (39 55) (59 10 28 49 44 13 11 14) 12 9 (25 52 33 23 19 35 45) 15 32 37 30 (46 29 2 43) (38 1 47 26 56) 20
27: 35 (55 11 48 12 17 52 15) 7 47 33 (25 1 44) (49 59) (19 16 6 31) 45 37 (23 18) 2 30 (20 41 13)
28: 30 55 11 (17 15 59 37 42 47) 28 (39 56 53 43 20) 52 (8 18 33 44) 35 (2 24) 36 49 (19 29 45 12)
29: (19 35 52) (32 26 3) 30 15 28 5 59 (36 12) (55 25) 53 (45 20 47) (49 44) 33 (4 17 43)
30: 53 (26 20 4 39) 19 12 (18 36 59 11 45 17 35 47 46 60) 37 (28 32) 52 (23 15)
31: (13 27 30 7 21 26 60 33 59) 2 (53 46 8) (1 11 28) (35 3 6 19 43) 15 47 12 (25 17) (38 32 56) (49 52) 36 (24 45)
32: (4 44 20 36) (53 16) (33 8) (57 55 37 59 39) (11 35 19 45) 14 (13 60 17 30 6 32) (1 49 15 18 56) (26 12) (28 10 46 2 25)
33: (8 45 23) (37 36 33 2) (11 55) (20 26 28) 35 (43 17 59 7 15 29 30 6) (60 49) (12 46) 19 52 39
34: (13 30) (59 19 49 48) 2 (26 46) 8 (20 23 25 60 3 17 52 39 37 6 55) (56 45 4 32) (43 44 33 47 11) (35 1) 28
35: 2 (28 12) (45 17) (59 1) (20 36) (3 11 35 60) 47 15 33 (46 27) (30 56 52 49) 18 23 53 (54 8 19) 43
36: 30 (59 14 17) (12 33) 53 46 7 19 (45 26 37 1 43 49) (47 52) (23 44) (60 25) (32 13 18 15 36)
37: 18 (46 29) (41 19 59 15 52 10 6 60) (11 33 39) 28 (30 47) 27 (8 43 44 17 36 48) (7 3) 13 (20 54 45) (2 12) 53 35
38: (12 53 1) 59 (19 30 60) 55 (37 6 8 17 2) (52 50 33 43 20 23 36) 13 15 (35 45) 40 (28 22 47) (46 5) 11 26 56
39: (27 17 19) (12 53 48 25 45) (47 1) 11 (36 2) (46 21 20 30) (38 6) (26 13 59 35) (44 60) (55 43 58) 15 (33 14 23) 8
40: (30 3 52) 55 32 2 11 (20 23) (12 48) (44 8 39 4) 37 19 26 (41 21) 33 56 (35 13 15 17 28) 59 49 (45 60)
41: (53 47 3 28) 41 (11 55 21) 32 (49 59 19) (18 37 45) (2 13 20 15) (30 60) (8 24) (1 14)
42: (46 1 47) (2 60 20 26) (8 35) 56 (45 37) (28 52 39 59 6) 40 (11 15) (25 17 49 18) (22 30 55 36) 43 23 (13 19 33)
43: (30 11) (54 36) 45 (25 23) (31 38 6) 56 (8 32 33) (35 39 57) (13 50 17) (15 59) 43 1 (37 10 28 20) (55 2)
44: 24 (33 35 45 26) (17 44 36) 59 16 53 60 55 (30 3 12 50) 48 2 19 6 15 11 (28 20 46 32) (52 14) (1 49) 21
45: (11 49 12 50) (20 14 25) 26 (44 54 28 32) 43 (39 46 52 17 19 56) 8 35 (45 59) (1 13 36) (27 47) (30 58) (33 53)
46: (20 49 55 47 35) (45 23 50 19) (18 56 27 52) (15 44 24 36 5 53 6) 48 (30 59) (1 42) (41 17) (8 46 12)
47: (41 49 46 19 1 26 58) (45 52) 30 (28 18 60) 2 15 (29 43 37) (13 35 23 48 17 54) (36 12 33 59)
48: (59 1 18 30 9) 49 19 45 (25 58 2 28 26) 46 11 (48 8) (55 32) (39 44) (52 34 33 20) 24 (17 50 12 60 15 36 5) (13 56)
49: (46 55) 60 (16 43) (27 12 56 2) (45 23 47 54) 39 (52 24) (3 28) 48 (35 30 1) (18 13) (15 59) (6 33 11 19) (8 36)
50: 4 (12 17) (3 52 18 26 36) 43 (19 38 20 47) 57 46 (15 32 11) 48 13 (35 6 33) (30 31 21) (45 39) 28 59 (60 49)
51: (52 6) 35 (2 55) (24 33) 12 (32 28 22 54 46) 20 (41 36 42 15 45) (3 47 49 13) 60 30 19
52: 22 (23 58) 56 (42 27 45 60) (17 32 5 12) (51 36) 46 (49 41 59 13 18) (1 19 37) (35 20 11 25) 21 52 8 (15 16 53 2 30)
53: 21 (19 59 44) (55 18 16 12) (47 15 6 53) (32 37) (46 20) (33 60 14) (13 23 7 45) (35 49 29) (2 1) 8 (11 31 36)
54: (46 11 49 43 22) 5 (8 18 17 21 19) 26 (33 47) 42 50 36 (35 1 12) (44 30 23) 6 52 (7 15) 45 59
55: (56 13 26 55 49 39 44 52 46 47 53) (18 30 38) (12 54) 8 59 23 20 (42 45 2) (41 33 19 15 16 37) (60 10 28)
56: (11 23 48 8 17 32 20) 56 (5 47) 41 (12 19) 25 (2 60) 46 (35 36) (52 30 6 59 15) 45 (18 37) (26 53) 13
57: (56 2) 59 (45 39 32) 44 (19 49) 46 (30 12) (52 28) 6 (26 33) (35 22 13 36) 47 (23 43 11) (15 55 14) (31 20)
58: (33 13 39 49 50 6) (25 42) (38 20 52) (17 41) (55 16) (28 59 2) (35 36 46 23 45 14 44 47 15) (30 37 32 12) 40 19 43
59: 28 46 12 (8 15) (3 41 23) 50 (45 26) 14 (37 11 20 49 52 60 25 33) 55 (2 59 35 1 19) (17 13 30 29 10) 6
60: (19 18 49 47 48 30) (4 44 52 25 12 41) (55 38 59 35 53) 23 (39 3 22 13) 28 36 37 (11 56) 1 20 (15 33 17 2 42 46) 26 6
