60 60
1: 57 39 20 41 54 36 4 50
2: 32 59 33 17 4 21 56 45 25 13 3 48 35 60 19 42 9 46 7 34 37 57 28 29 58 8 15 2 11 36 31 43 49 47 41 20 12 14 1 40 5 54 38 39 30 55 6 53 44 52 23 50 24 22 51 10
3: 30 31 50 8 14 16 19 27 18 39 13 42 43 2 44 20 7 26 23 41 40 22 25 33 6 29 49 53 5 51 9 12 48 55 57 34
4: 10 4 36 55 23 40 58 15 19 6 31 3 11 37 35 8 29 27 1 50 33 43 48 57 38 18 60 41 56 34 45 52 49 14 13 30 28 26 42 2 5 20 53 39 9 17 32 51 7 54 24 25 47 22 59 44
5: 24 2 5 20 32 11 19 26 56 31 34 53 16 50 38 1 58 36 48 59 44 52 49 51 10 57 21 23 9 60 39 28 27 8 47 12 35 3 30 6 14 42 18 33 45 37 46 15 29
6: 39 16 5 59 58 33 43 52 38 7 1 24 14 32 60 30 56 21 13 37 2 41 23 46 45 36 44 53 4 51 26 17 3 8 22 48 47 49 9 31 15 50 20 12 27 29 40 10 57 35 6 11 25 28 54
7: 40 28 4 51 2 44 32 34 22 41 7 20 29 43 46 36 49 38 55 42 16 11 52 25 3 21 14 8 23 31 48 17 54 10 56 57 26
8: 17 57 13 33 25 12 36 59 1 7 41 39 5 35 34 32 29 50 6 37 14 28 58 51 31 11 52 16 56 20 22 48 38 21 49
9: 28 57 30 26 59 36 37 50 41 15 39 21 11 1 32 51 43 10 8 20 31 7 44 4 3 9 49 17 29 45 23 27 47 2 40 14 60 38 52 33 53 13 46 19 54 22 24 5 25 42 12 58 16 6 55 34 35
10: 58 34 6 44 23 30 39 12 53 50 60 1 49 20 17 24 32 31 21 40 4 38 8 54 36 33 29 14 10
11: 45 46 9 35 34 10 11 25 52 20 57 26 17 36 30 54 5 49 1 40 3 12 48 19 22 23 6
12: 6 2 54 25 24 46 3 12 29 51 36 48
13: 48 1 58 27 57 59 42 44
14: 8 16 1 52 54 44 18 29 9 19 36 33 28 17 25 11 41 24 27 57 15 12 53 4 45 6 37 59 7 56 48 23 51 13 46 26 30 20 5 22 42 39 3
15: 39 6 19 44 25 22 10 48 45 21 59 7 12 47 36 33 40 49 27 28 31 15 24 8 13 43 37 16 51 18 11 57 3 5 54 42 50 20 41 58 55 30 56 46 29 1 53 32
16: 47 2 30 1 29 37 17 15 59 22 28 38 10 41 19 12 32 6 60 44
17: 12 47 31 54 16 27 44 20 57 35 28 55 8 32 11 56 51 45 34 7 50 2 10 3 29 46 53 52 26 14 24 22 59 6 39 17 30 13 43 15 36 60 18 33 58 38 5 4 21 25 37 40
18: 36 37 16 54 27 12 5 33 45 46 9 50 29 6 60 38 13
19: 20 53 28 11 12 58 7 10 16 4 59 32 33 18 52 49 55 2 57 29 24 9 5 47 42 40 37 17
20: 37 16 45 49 22 3 48 18 38 40 58 5 20 33 11 54 44 24 13 6 4 36 56 31 9 1 17 59 53 60 39 52 12 46 29 23 55 2 19 32 35 7 10 27 34 30 50 25 47 8 41 21
21: 31 8 37 15 33 48 28 4 47 34 46 10
22: 54 7 3 25 47 40 33 39 10 60 22 15 56 17 34 6 55 16 24 14 50 31 23 59 46 12 13 32 52 28 44 4
23: 29 1 41 33 16 6 52 31 46 21 34 58 59 39 45 44 60 30 36 4 57 28 55 5 35 11 24
24: 5 1 39 53 2 36 57 33
25: 37 14 60 45 18 2 42 24 39 20 5 52 48 27 58 17 1 23 8 32 19 10 34 22 9 41 49 30 15 38 16
26: 38 14 35 28 47 4 60 51 25 43 52 21 53 27 57 9 30 42 12 58 2 41 59 56 17 15 33 23 16 49 40 1 8
27: 4 39 34 44 41 36 52 8 40 60 1 29 54 51 5 10 26 11 2 33 7 57 12 53 3 32 45
28: 1 30 46 2 28 34 18 58 57 60 12 38 39 21 32 24 15 13 26 56 36 9 10 8 51 43 49 5 23 44 6 22 11 19 45 50 4
29: 9 26 30 31 15 14 37 8 32 42 46 59 2 3 38 36 33 19 52 21 44 22 29 43 11 23 49 48 10 13 39 25 6 40 18 34 27 1 28 4 20 60 41 35 12 17 47 45 16 56 54 53 57 50
30: 42 48 25 58 8 38 11 28 29 5 27 20 13 41 30 12 26 44 17 36 9 49 34 7 40 50 18 31 39 19 15 54 45 16 53 46 32 60 3 4 37 2 59 35 51 23 14 22 10 6 24 57
31: 47 12 39 24 2 20 56 5 11 26 57 35 23 59 10 51 48 53 46 43 54 38 41 28 31 27 32 15 9 60 40 30 13 45 52 44 19 50 42 1 25
32: 50 21 49 37 58 13 16 56 9 33 39 44 31 47 42 45 8 43 30 24 26 53 17 22
33: 5 59 26 44 1 6 18 21 14 60 15 4 12 55 56 27 51 9 30 7 45 54 25 3 58 23 34 16 33 19 52 43 31 40 48 29 38 36 28 46 22 11 39 24 57
34: 47 6 18 34 27 11 41 31 21 50 15 1 29 43 4 48 24 32 49 60 40 52 55 26 54 58 53 39 7 23 51 38 10 37 22 13 14 56 12 44 3 19 35 17 45 25 42 57 9 20 5 30 33 59 8 36 46
35: 5 7 49 20 27 4 30 14
36: 16 25 42 54 11 49 57
37: 17 31
38: 16 60 25 10 33 41 42 13 43 21 20 46 53 29 36 26 50 3 24 8 15 2 44 12 6 49 5
39: 59
40: 27 25 34 20 22 28 55 2 39 6 53 47 36 5
41: 22 44 3 25 33 42 46 11 23 21 56 28 7 4 50 2 47
42: 18 29 6 33 1 60 14 51 40 36 19 30 5 12 39 24 56 23 26 7 17 59 35 21 22 37 45 53 50 15 20 27 10 32 8 16 9 44 4 54 25 55
43: 46 1 14 10 48 12 25
44: 38 26 3 28 18 44 59 11 9 14 12 51 34
45: 29 38 9 12 21 24 32 22 27 55 20 53 2 26 34 37 4 6 45 16 10 47 41 36 14 17 1 23 7 52 42 48 19 40 49 5
46: 39 47 60 31
47: 31 23 14 46 60 53 52 37
48: 49
49: 14 28
50: 30 16 22 60 29 13 44 25
51: 33 16 20 40 41 17 6 19 22 43 11 31 32 14
52: 23 8 4 34 60 25 59 12 40 22 52 14 1 6 29 45 2 18 11 49 48
53: 40 17 43
54: 18 45 13 42 2 30 1 33 57 46 26 47 34 9 40 39 21 59 51 19 50 29 27 20 24 38 31
55: 2 60 39 25 41 12 6
56: 23 30 22 58 13 51 47 20 48 26 60 17 12 43 33 27 52 6 29 3 55 32 31 2
57: 28 21 19 5 1 38 25 52 54 8 34 4 36 45
58: 47 37 35 55 19 28 40 32 56 21 31 7 42 5 3 59 4 60 45 24 34 46 52 6 25 23 51 38 29 48 41 43 12
59: 16 21 43 3 55 56
60: 23 28
1: (54 25 42 34 16 52 45) (31 9) 8 (43 23) (24 11 13) (15 5) (27 14) (4 33) (57 20) 29 (2 10 6) 28 26
2: (7 24) 30 19 (9 29) 56 6 40 16 (2 52) 17 41 31 20 12 38 (25 3 54 26 27 28 45) (4 55) 5
3: (58 9) 14 4 29 34 15 (6 59) (38 22 7 30) 44 (12 41) (2 56) (17 5) (27 33) (20 11)
4: (57 19 1 33 26 30 4 23) 21 2 35 (42 27 28 45 9) (52 29) (41 20 22 10 6) 7 (17 14 34 58)
5: (5 20 35 58) (30 31 15 9 2) 40 (57 17 14) (8 19 18 42 38 6) (45 25) 28 (4 27) (33 3 23 11 24 34)
6: (8 9 6 17) (2 15 42 22) (30 34) (40 28 23 33) (5 38) (45 4) (58 52 16) 20 55 (14 51) 11 (3 10 56 18 29 12)
7: (41 19 4 45) 9 (58 15 22 20) (7 30 34) (17 2 3 27 8 35 14) 33 42 6
8: 17 20 (9 15) 27 (2 57 25 5) (30 32 42 10 34 52 3 29) (7 26) (38 14) (4 21 6) 28
9: 18 (5 14 42) (31 25 54 44) (45 28 20 34) (26 11) (3 30 33 19) 29 (4 6 2 32) 9
10: (2 9) (16 5 42 28) 19 (29 21 11 27) 7 38 (20 43 6 10 4 25 17 22 45 34) 15 (30 31)
11: (36 17 6) (34 29 31) 5 (20 30) (19 41) 27 4 (23 51 8) 44 (28 11 15 9 2) 33 (14 52) 7
12: (18 42 15 26) 11 16 9 (52 6 38) (20 12) (43 31) (19 3 29 22) 34 14 56 (8 45) (58 2 17) (30 27) 5 (28 44) 33 (10 55)
13: (9 14 22 34 30 18 8) (32 4 56 3 54) 28 38 (31 15) 2 (20 50 17 29 6)
14: 8 (25 52 4 5 26 10) (44 17 9 34) 35 (22 30 2 42) 6 45 47 (51 33) 3 (29 43) (7 49)
15: (30 38 25 34 33) 5 (22 21 28 16 9 42 17 31 6 14) (29 4 15) 26 2
16: (6 17 26) 23 22 36 14 42 (18 7 19 38 15) (45 29 25 32 5) (50 20 59) 51 3 (9 33) 8 30
17: (17 9 10 22) (20 11 14) (8 53 30 51 4 32) 26 19 (7 16 25 56) 6 34 42 45 (2 29) 37
18: 19 (30 14 5 28 42) (34 54 17 52 29 3) 4 (20 33) (15 44) 25
19: 31 25 29 9 (57 42) (16 30) (15 2) 14 33 (4 20 51 58) 54 (34 5) 28 (11 45) 3
20: (14 8) (3 17 45 30) 9 56 (34 40) (19 54 5 7 51) 29 (4 2) 15 (10 38 42 20) 35 25 (6 31) (1 11)
21: 54 6 15 (33 8) (32 20) (26 28 5) 9 (7 2) 38 (10 42 23) 17 (45 34 57) (41 29 59) 58
22: (50 45 9 28) (29 6) 11 14 2 (52 32 16 34 3) 17 15 41 (30 7) (20 25 42 40) 33 56 (8 51) 22 4
23: 26 10 33 (9 52 20 34 14 7) (2 4 22 31 29 11 30) 28 (25 3 6 58) 56 45 (5 60 41 42 47)
24: (12 20 33 38 15 10) (54 14) (25 28 4 9) (45 42) 22 34 (30 23) 58 6 (19 32 2 5) (31 17)
25: (12 52) (38 3 29 33 8 40 15) (17 26 57 14 34 55) (20 11) (22 30) (41 7 58 50) (31 4 9 6 42) (2 43) 36
26: 31 (45 33) 28 (30 11 4 27 17 5) 29 7 (32 44) (54 3 14 34 9 6 56 42 38)
27: 9 (26 35) (14 4 3 30 42 31 29 33) (15 25 56) (5 13 54) (40 18) (20 45) 17 (6 34)
28: 28 (8 31 2 6) 9 (4 14 15 44) (49 40 21 5 23 57) 60 (7 30 16) 58 (19 17 22) (41 26) (33 29)
29: 14 (10 4 56 9 12 6 5 30 52) (27 16 7 8 45) (50 19 54) (3 15 33 17) (29 23 34) 42 18 (20 58 38 2)
30: 4 31 (2 54) 11 28 (10 23 20 25 50) (9 14) (33 26 34) (35 3 56 30 5 15 42) (17 32) 16 (6 29)
31: (51 58) 15 9 (6 54) (20 3 5) 47 21 (10 56) 32 22 (17 46) (4 30) 23 (31 8 7) 29 (2 33 34 37)
32: (6 19 45 10 42) (31 8 16) 56 (15 5 28 25) (58 4) (34 17 9 27) (2 29) (22 51) (30 7 20)
33: 56 19 (3 51 38 54) 22 18 34 (20 6 26 9) (42 4 14 15) (23 32 17) (2 10) (21 27 8 33 41 24) (29 5)
34: 8 (7 29) (54 2 45 30) (3 4 58) (17 27) (20 10) 28 (9 57) (34 52 22) 33 (11 21) (25 44 23) (40 5)
35: (29 4) 30 (42 8) 17 6 (2 58 31 23 5) (20 26 34) 9 11
36: (27 6) 17 7 (2 10) (29 57 23 4) 28 (34 12 38 5 1) 18 (11 9 8) (15 24 45 42 40 30 20 33) 14
37: 6 2 8 15 (58 32) 17 45 (9 34) 42 16 (29 47 18 21 19) (4 20 25 30 5 14)
38: (8 31) (33 2) (29 4 9 45 7) (16 26) (34 44 5 58 54 30) (10 57) (28 17 6) (18 25 20)
39: 2 28 (32 9 22 42 10 27 5 8 15 40 20) 6 (31 25) (17 4) (1 30) (23 33) 24 (3 55 46 29) (14 54 34)
40: 15 (42 7 4 29 31) (3 33 10) (34 54 2) 22 20 (58 30 26) (9 27) (6 51 11) (17 19) (53 52 45)
41: (15 26 27) (31 23 2 3) 30 9 (7 45 38) (1 6 16 51) (20 55) 14 (8 25 58 4 29) 34
42: 30 (32 19) 38 4 (2 54 36) 34 13 (29 26 14) 58 (41 7 31 45 25) (9 3 15 5)
43: (15 59) 33 26 (3 51 9 31 6) (7 34 38 28) (58 53) 4 (32 29) (56 17 2)
44: (42 33) (14 50) 38 30 7 23 (44 17 28) (41 4 9 16) (20 3 2 29) (5 6) (27 10 31) (22 13) (34 32 15)
45: (32 11 14 58 28 57 42) 15 (52 5 23) 25 54 (9 31 27 29) 20 45 (18 30 2 34) (4 6) (17 33)
46: 33 (58 15 23 17 20) (43 30 9) (28 41) (31 29 11 38) 14 (47 18) (6 12 22 21 7) (2 34 5 54)
47: 41 6 (45 22) 4 (56 54 2) (20 31 34) (29 16) (58 9) (21 17) 5 (26 46 19 15 40 32)
48: (3 15 2) 4 52 (13 8 58) 7 (20 6) 21 (31 30) (34 5) 25 (29 45) 43 (12 56 11 33 14)
49: (35 45) 9 (29 7 32) (8 38) (3 11) 26 (6 52) (48 28) (10 4) (15 36) 2 (30 34 19 20) 25 5
50: (2 34 42 3) (17 54 30) 1 (28 31 8) 9 (20 32 4) 22 38 (18 10 29) 15 (41 6 5)
51: 3 (34 15 33) 42 (28 6 7) (17 58 5) (12 27 31) (14 56 30) (2 26 44) (8 54 4) 9
52: (7 2 23) (19 29 27 9 34 56 20 4) (58 33 5 47) (8 14 57 45 22) (17 11 6) (31 52 26 25)
53: 2 14 20 (17 42 5 27 10 40 15) 24 32 (45 19) (34 47 31) 26 (9 38 29) (4 30 6 3)
54: 22 (11 29) 18 (6 34) (17 10) 57 (2 33 12 7) (30 42 36) (4 27 9 15 1 20) (14 31)
55: (3 15) (19 17) 58 59 (7 22 2) (33 42) 34 23 20 45 (56 4) (9 40)
56: (42 4) (34 59 26) 6 (14 2 15) (41 22) (8 29) (17 33 28 7 20) 31 (5 58) 32
57: 31 (23 1) (27 26 33) (14 8) 30 (6 19) 29 (36 4 7) (13 28 15 2) 54 (11 5 3 24 9) (17 34)
58: (9 32) (33 30 17) 4 (25 6) (2 23 28 13 56 8) (19 15 26 20) (10 34 5)
59: (8 19 16) (15 31 58 4 23 26 54) (52 34 39 9 30) (17 33 2) 22 (13 29 42 20 14 44 5) 6
60: (18 42 58) 2 (6 46) 26 (55 22) (31 38) (20 34 47) 56 (23 16) 4 17 (33 30) (25 52) 9 (5 28 29) 10 50 27
