60 60
1: 56 22 42 29 41 48 39 58 31 47 4 24 25 27 37 6 35 49 30 57 13 23 3 2 16 14 21 59
2: 20 35 26 28 48 37 27 5 41 4 52 40 12 30 47 16 17 44 38 55 22 19 31 32 23 6 15 39 46 11 50 51 1 56 9 13 2 8 34 53 24 36 57 21 54 7 59 14 45 3 42 25 10 60 18 58 49 29
3: 53 18 10 32 40 51 21 28 49 50 60 9 17 3 2 47 11 46 6 14 35 58 30 20 7 44 22 31 16 23 29 38 13 48 45 55 19 41 25 33 39 15 12 24
4: 56 40 15 30 27 31 19 54 22 52 3 11 12 34 38 53 29 21 5 32 45 59 23 16 6 17 9 46 14 35 47 60 26 24 39 7 18 20 2 55 1 43 13 4 44 57 42 49 36 37 28 51 58 50 48 8 41 33
5: 2 54 4 17 14 6 23 30 25 15 29 49 59 10 41 20 8 53 3 32 51 16 9 28 47 5 34 37 19 45 11 21 27 48 35 1 39 7 44 50 60 13 40
6: 15 42 47 45 43 2 49 39 7 13 17 31 32 51 20 58 8 60 57 3 35 26 5 10 44
7: 24 45 53 1 13 4 30 58 27 52 34 8 29 23 60
8: 51 46 25 11 40 6 20 18 59 14 33 4 16 2 57 30 32 3 15 56 45 41 12 54 60 23 26 8 1 5 24 31 21 55 53 43 58 49 42 10 13 9 36 52 29 39 27 44 35 38 28 47 37 50 19 7 17 22 48
9: 38 27 14 22 47 12 33 35 57 20 28 18 56 42 1 36 43 4 31 40 54 58 41 29 6 11 16 2 15 19 17 48 13
10: 29 12 22 48 31 34 32 13 55 23 28 38 51 20 52 21 2 36 17 53 46 24 41 27 5 60 57 50 49 33 58
11: 20 9 26 46 33 51 59 60 19 43 30 32 11 36 35 3 13 17 42 7 21 2 55 58 38 39 53
12: 20 19 27 40 53 17 36 9 56 11 59 22 54 33 55 31 39 12 26 35 13 47 50 18 28 4 42 44 5 2 30 23 57 52 15 14 60 8 24 29 38 16 25 43 49 48 58 6 3 32 45 1 10 41 21
13: 45 36 12 41 34 29 50 28 8 53 58 16 38
14: 21 59 58 39 38 8 51 53 11 23 46 37 10 30 40 19 41 6 45
15: 40 28 35 26 32 38 5 21 34 8 31 7 36 14 39 45 53 29 50 46 48 11 24 6 20 19 9 25 58 54 52 17 57 13 37 33 1 55 15 30 22 3 27 42 2 10 59 4 12 60 41 51 44 47 18 43 56 49 23 16
16: 33 27 30 15 38 59 12 28 32 18 53 34 29 20 16 54 26 40 10 39 6 31 19 37 14 50 52 5 46 13 55 17 58 48 57 43 23 1 47 3 56 21 60 49 35 7 36 4 44 25 8 24 9 45 2
17: 39 53 9 26 52 54 30 59 2 7 56
18: 51 10 31 11 19 6 28 4 56 49 15 55 8 39 37 44 14 29 43 26 23 21 52 46 38 54 53 36 30 2 60 45 3 40 59 17 16 20 47 57 58 48 42 22 50 1 5 32 13 12 41
19: 23 31 34 26 32 54 51 4 38 60
20: 35 51 46 17 36 50 41 25 57 47 28 37 48 3 1 13 22 27 42 2 58 26 16 23 54 53 34 59 10 21 39 31 24 40 14 44 20 32 12 5 8 30 38 60 18 55 56
21: 10 50 2 17 41 1 49 3
22: 45 37 13 44 30 59 49 39 32 46 57
23: 49 27 47 18 48 38
24: 36 12 51 2 52 25 19 41 5 48 43 56 18 30 11 10 33 53 28 31 22 13 59 50 39 21 32 37 58 16 38 24 44 17 8 3 7
25: 7 57 40 52 22 10 35 36 18 1 51 30 16 17 56 31 43 9 54 33 26 14 37 55 21 46 2 23 49 32 11 45 41
26: 43 30 53 17 29 32 58 21 5 39 23 54 12 26 35 37 25 27 56 36 20 48 22 40 9 3 14 46 10 31 13 47 38 49 2 4 28 7 41 51 33 24 59 34 8 42 6 50 45
27: 33 23 41 31 16 10 14 9
28: 44 6 16 39 52 55 28 41 49 4 23 34 3 48 8 10 57 51 59 60 20 36 47 22 27 13 45 54 30 21 18 7 31 1 37 46 42 43 12 15 19 35 9 26 14 17 11 32 25 56 5 53 29
29: 16 14 23 36 5 22
30: 19 25 39 13 6 35 36 5 20 43 37 30 34 3 53 10 52 47 9 42 45 14 24 7 1 54 15 8 46 26 56 60
31: 57 24 14 12 58 3 35 31 22 41 59 23 21 18 7 10 46 30 29 40 11 4 50 8 26 48 9 39 37 53 47 49 34 17 52 60 33 44 56 54 15 1 2 19
32: 26 59 58 30 42 52 24 44 31 20 5 57 18 28 13 7 2 33 21 11 4 49 8 15 34 9 45 32 27 22 60 6 54 14 16 46 41 19 1 29 43 36 39 48 50 25 3 37 40 38 55 47 53 10 17 35 56
33: 51 7 9 55 31 22 50 17 2 54 32 35 41 12 37 57 13 20 21 60 1 46 58 45 33 53 28
34: 24 57 3 59 53 22 27 1 8 50 17 39 55 32 60 33 40 13 11 12 36 45 52 16 42 46 21 29 18 25 49 34 6 43 20 19 23 31 51 9 26 30 7 5 48
35: 50 17 39 27 44 38 55 57 3 48 14 32 25 6 19
36: 8 56 25 13 55 32 39 12 59 6 15 27 21 10 9 18 33 4 20 40 51 17 47 48 50 38 16 46 57 1 7 14 28 41 42 58 11 37 60 35 54 24 22 44 19 5 36 34 45 49 3 30 26 43 52 23 29
37: 55 49 34 42 54 5 13 35 10 41 50 45 22 57 58 27 51 15 18 30 26 38 6 23 47 11 29 25 4 16 60 9 36 1
38: 16 57 28
39: 50 48 60 46 18 19 34 38 33 39 51 59 55 27 43 6 17 44 1 11 8 3 14 54 47 4 23 53 5 35 58 37 52 41 32 49 45 12 28 31 29 21 24
40: 43 5 3 29 19 38 42 32 21 16 41 47 36 13 9 2 54 31 12 34 59 37 22 15 8 45 35 14 52 60 49 20 7 50 46 6 25 4 44 51 28 17 33 24 55 56 53 11
41: 2 23 24 6 57 55 32 5 37 13 8 1 39 11 30 19 42 36 47 28 44 14 40 7 60 9 41 48 21 20 52 16 49 34 25 38 12 4 53 15 45 54 51 33 43 58 35 31 29 27 56 18 59 46 50 17 3 22 26
42: 10 31 9 29 37 60 30 17 23 28 35 54 7 33 44 22 41 20 15 21 4 16 49 40 51 36 26 32 19 2 55 45 42 24 11 12 5 14 25
43: 39 33 58 13 1 35 8 27 36 44 51 7 55 4 24 21 34 10 19 56 22 17 43 14 28 32 38 15 40 53 5 47 48 26 18 23 46 50 52 29 3 2 9 45 37
44: 59 39 57 32 50 2 9 20 33 52 36 49 10 54 28 13 55
45: 26 57 10 27 18 43 49 33 41 25 16 32 21 51 46 9 52 8 37 45 12 22 50 4 7 56 38 44 11 23 36 19 59 60 31 55 53 47 34 6 28
46: 21 4 24 50 60 20 7 34 52 36 55 56 18 25 39 37 45 53 57 38 29 8 13 51 41 2 42 14 46 30 48
47: 38 25 54 11 52
48: 33 57 31 50 21 46 12
49: 2 4 52 22 26 50 57 49 20 44 41 46 18 16 15 12 28 34 38 32 55 51 6 36 13 31 42 30 23 29 39 53 47 54 37 3 25 19 24 43 58 17 1 33 27 40 10 8 9
50: 60 10 6 2 56 31 28 18 34 35 12 13 41 9 23 1
51: 60 32 56 17 38 51 50 36 30 33 12 55 22 48 40 47 42 29 35 18 7 59 20 43 9 53 52 34 39 58 27 49 19 5 37 44 28 16 1 46 41 6 14 23 8 21 31
52: 16 27 4 36 37 53 52 60 6 39 12 8 45 54 55 9 30 20 28 48 3 41 59 56 11 42 57 22 40 24 34 50 29 58 49 43 15 25 5 32 23 33 19 21 35 10 26 46 2 7 17 44 31 13 1 47
53: 29 32 30 7 50 16 18 36 41 46 57 33 4 15 52 34 13 2 38 56
54: 34 51 18 49 54 16 29 4 48 2 17 44 53 56 12 55 37 15 11 46 41 47 38 45 43 24 19 40 23 52 14 8 6 36 20 3 9 32 13 21 35 5 25 50 31 60 59 10 26 42 33 22 39 58 7 27 28 57
55: 24 27 60 53 47 21 22 26 15 40 45 33 39 52 11 17 57 25 46 6 8 13 16 5 3 14 55 29 34 20 28 4 31 48 42 1 2 38 18 9 35 36 56 44 54 12 10 51 41
56: 2 53 58 40 26 6 16 38 51 7 55 41 5 39 52 37 28 15 33 1 24 56 34 48 46
57: 8 45 40 26 13 30 15 6 58 17 24 31 34 49 29 59 55 19 39 14 46 56 1 44 16 60 9 37 54 38 41 43 51 42 10 36 27 7 52 23 25 57
58: 14 43 41 58 4 26 53 39 1 7 8 20 36 49 47 45 13 2 34 9 3 30 17 48 16 11 29 37 51 15 23 38 44 56 35 6 55 32 12 33 10
59: 6 29
60: 43 3 9 37 17 6 1 49 52 36 44 55 28 35 23 39 12 26 50 5 30 21 48 42 18
1: 4 (34 60) (20 15 50) 51 (43 18 32) 49 (9 21 12 2 39 41 58 25 56 16) 7 (31 5 33) 55 (52 57) (28 37) (8 30) 36
2: 20 54 (24 26 49) (41 43) 1 (33 3 16 11) (5 15) (52 42 55 10 4) (31 6) 53 (40 50 17) (9 25) (12 8) 58 (32 46) (2 56 21) (18 44)
3: (24 6 30) (58 12) (31 36 16) (18 40 43) (2 54) 28 60 (15 4 11 52 1) (35 8 41 21 55 49 26 20) 32 5 3 (34 39)
4: (53 28) (45 43 1) 54 55 (31 46) (2 36) 5 40 4 9 (19 7) (12 52) 32 (15 16 18) (41 37 39) (42 26) 49 (58 8)
5: (56 5 24) 15 (43 54) (60 8) (2 41 28) 18 (55 30 26) 12 (29 42) (10 40) 36 (16 39) 51 (6 52 32 34 20) 4 37
6: (16 57 12) 3 (5 14 41 50 39 32) (4 58 30 40) (18 37 26 54 8) (34 59 1) 28 56 60 2 (35 55 51 9 15) (36 49 45 52)
7: 4 15 (54 52 32 46 28) (40 34 41) (5 42 58 25) 17 36 24 33 (53 8 45 57) (3 51 11 6) 43 2 (26 30) 16 (56 31)
8: (54 51 32) 20 (45 39) (28 5) 26 18 (2 49 41) (12 14 31 34) (8 16 58) (4 7 6 13 46) (30 24) (40 57) (55 36 43 52) 15
9: (40 41 60) 30 (25 28) (2 32) 27 (26 36) 49 (54 5) (50 31 45 57 16 51 42 43 34 4) (15 12) (37 55 8) 17 (11 52 58 44 3 33)
10: (50 2) 31 (8 45) 3 (57 43 27 5 36 15 25 44 6) (32 21) 18 (37 12 42 20 30 24 58) (28 16 52) (55 26) 14 (54 49)
11: (42 11) (45 55) 34 (28 18) (32 12 36) (25 47) (9 8 37) 52 (3 5 2 41) (54 39 24) (14 40 15 4) 58 31
12: (42 52 50) 12 54 48 (39 34 4 36 40 20 41 2 13) (33 31 45 8) (51 24) (15 9) (55 26) (58 16 28 49 10) 60 3 18
13: 41 57 50 (55 43 2 49) (58 4) 44 3 (33 26 20) (1 54 9 8) (12 7 28 46 24) (34 15) (11 5 32) (22 16 53 30 40 6 37) (52 10) (36 18)
14: (42 28 20 16) 18 58 (25 12 5) (41 8) 36 (39 3) (46 54) 30 (35 40) 1 (31 57 43 55) (32 9) (4 26 29 51) 2 27 15
15: (32 58) 3 (31 56 5 15) 36 (12 53) (6 9 43 57) (8 37) (4 18 42 49 41 52) (30 40) (55 28) (2 16) 54
16: (57 45) 42 53 (34 29) (28 54 9) (51 37 38 5 25) 55 (49 36 27 52) (3 4 15 40 13) (24 8 56) (16 2 18) 12 32 (1 20 58 41)
17: (34 6 28) (33 26 43 18 24) (4 57 58 2) 11 (52 60 51 5) (39 49 20) (32 42 36 31 16) (55 9) 15 41 54 (10 8) 12 (3 40 25) (21 35)
18: 54 (55 50 25 32) 23 49 (9 36 20 8 24) 12 4 (15 46) (2 31 3 45) (43 28 16 34 41) (37 60 39) 53 51
19: (41 5 42) (4 43 28 31) (36 18) (52 30 45) (57 54) 14 (3 16 12 11) (24 34) (32 8 15 49 39) (2 51) 40 (9 35)
20: 30 (51 49 20 15) (42 18 32) (52 55 3) (34 58) (6 4 5) 2 (44 12 16) 40 (28 9) 36 (33 46) (41 54 8 10) (26 11)
21: 10 (45 3 32 39 31 51) 43 (16 2 54 60 18 25 52 4) 1 12 14 (40 24 15 20) 11 (36 46 26 28) (5 8 48 34 33 55) (41 42)
22: (29 3 8) (15 32 24 25 1) 4 10 34 (31 18 51 33) (9 54) (42 26 43 49) (2 45 28 55) 37 (12 41 20 40 52) 36
23: (5 16 12) 26 58 2 51 20 (8 28 4) 7 43 36 (42 49) (50 37) 34 29 (15 31) (45 19 25) 57 (39 18 54 41 52 60) (1 10 14 27 3)
24: (40 30) (16 57) 36 3 49 56 (20 55 39) 8 (1 32) (52 31) 15 (7 34 43 12 24) (54 2 4 10) (26 41 46) 42
25: 15 (54 3 37) (42 49 55 47) 12 (30 24) (52 45 2 20 28) (32 8 16 35) 36 40 26 (57 5 46 34) 41 1
26: (2 52 15 55) (8 45) (11 31) 36 6 49 12 (56 42 20 34 60) (37 41 17 4 16 32 19 54 57) 30 (18 28) 43 26 (58 25)
27: 52 35 (37 39 34 32 16 5 55) (9 26 2) (4 12 10 1 15 45) 8 (36 49 28) (7 41 43 23 51) (54 57) 20
28: (50 51 3 41) (10 16 8 24 12) (54 28) 49 (42 36 4 15 2 18 13 52 5) (39 32 33 26 60) (20 40 55 44 38 9 56) (43 45)
29: (43 7 51 16) 3 13 (8 12 9) 15 39 (52 46) 55 (58 59) 36 (2 4 31 57 10 40 42 41 53 5 28 1 49) 32 26 37 (18 34 54)
30: (2 37 15) (7 57) (17 42 26) (16 32 46) 8 25 (22 1) (5 58 3 11) (18 12 53) (28 51) (24 31) 36 (34 14 52) 4 49 20 (60 30 41)
31: (42 49 9 41 10 39 15 55) (34 51) 1 (2 45) (40 25) 28 18 (32 6) (24 48) (50 31 19 54) (4 20) (3 16 8) (33 26 12 27) (52 57)
32: 58 (45 20 49) 12 34 (22 6) (25 35 51 11) 4 41 (54 28 2 42) (24 43) 44 39 (52 33 8 16) 15 5 18 (40 3 26) (19 32 53 10 36)
33: 52 58 3 (9 55) 31 (40 45) (33 43 8 54) (32 42 4 49) (11 15) 24 (44 34) 48 16 (10 39 25 56 27) (53 51) (36 26 41 12)
34: (52 50 34) (15 10) 2 57 13 (28 36 41) 58 16 (55 56) (53 32 45 39) (19 37 4 5 51) (43 49) 54 (46 30) (26 40) 31 7 20
35: (20 42) 39 (8 40 9 41 32 30) (15 36 1) (5 31 11 43 37) 54 (6 4) (25 2 16 3 33 28 60 55) (58 52) (26 50 51 12)
36: (16 15 29 41 60 45 44 25 34) 28 (46 49 57 58 53 52 11) (2 13) (4 20) (43 18 24) (36 30) (51 40) (10 55) (26 54 42 9) (12 8 32) 37
37: 1 46 31 (39 51 40 60) (30 14 26 54 56 4 45 36) (8 43) (2 57 41 49 18 5) 22 20 (52 24 25) (42 15 32) 28 (58 33 16)
38: 26 (36 41 43 32 20 23 55) (51 24) (10 40) (45 19 46) (11 37) (4 14 3 2 18) 49 (39 9 35) (13 12) (15 47) (53 54) 58 (56 57 16 8)
39: (24 35 60) 30 (26 32 39 18) (12 8 55 11 6 44 43 14) 5 20 58 (4 28 17 52 2 16) (34 3 41 54 22) (57 36 15 46) 1 56 (31 51 49)
40: (9 41 57 42) (14 3) (32 54 5) (31 43) 56 18 (55 36) (8 26 51 49) 25 15 52 20 (12 16 34) (2 4)
41: 20 (18 8 56 32 14) 13 42 (40 2 5 55 39) (49 41) (52 50 26 28 57 51) (31 1 54 4) (21 45) (9 53 25) (27 3 46) (33 15) (58 37) 24 (36 10) 12
42: 54 (20 37) 57 60 46 42 (2 18 51) 52 (36 1 9) (30 8) (34 40 4 41) 6 49 (32 11) 26 (15 55 12 28)
43: (52 36 49 16) 45 (11 9 15) 43 54 51 4 (30 8 6) 40 18 (41 58) (12 57) 34 (25 26 24 32) (39 60 28)
44: (60 31 18 36 3) 57 28 (39 32 51 49) (42 40 16 8) 22 (52 2 24) (35 4 55) (58 43 20 45 15) (41 54) (5 6 12)
45: 28 54 (3 55) (41 46 33 12) 30 18 (4 13 15 40 8) (7 25 32 37 39 5 14 45 58 52) (6 26 57) (22 16 2) (42 34 36) 43
46: (51 46) (40 43) 30 56 22 25 26 (41 16 10) (48 14 36 45) 49 (34 28 2 3) (52 8 53 31 18 33) (15 11) (54 55) (39 32 4) (20 57)
47: (23 41 18) (2 31) 8 (36 20 32 52 30 45) (39 28) 16 (9 12 37) (6 55 43) (54 4 26) 58 (49 5 40) 1 15 51 3
48: 36 (4 15 34) (35 28 54 31) (32 52 10) (3 43) 9 20 (58 5) (60 1) (18 46 8) (56 12 39) 55 (2 51) 41 24 16 (26 23)
49: (31 8 5 40) (42 4 22 15) (49 44) (34 36 1 41) 52 (37 2) 6 (10 21) 12 28 (60 54) 18 51 (32 25 3 16 26) 58 (39 57) 45 23
50: 48 4 (16 60 31 46 15 10 18 44 13 51) (2 36) (8 52 35 49) (3 37) (45 39) (32 12 24 33) (43 54 41 34 20) 21 53 26 (5 40)
51: (45 39) (36 58 3) (56 54 5 40) (24 43 11) (8 57) (51 14) (46 41 26 28 4) (18 19 6 49 37 15) 55 (42 25) 20 34 10 2 33
52: (18 49 12) (28 46 10 25 47) 31 52 51 54 (7 8) 17 (41 16) 53 57 (34 43) 60 45 2 (55 56 40) (30 24 36 4 44 15 39) 32
53: (30 8 54 41 5 51 20) (17 12 11 10) (49 24) (52 39 40) (15 13 2 34 4 3 32 58 7 55) (33 45 43 56) 28 31 (26 46 16) 14 18
54: (40 25) (9 16 36 26) (4 42) (52 41) (49 18 28 20 39) (8 57) 37 33 (30 2) 47 5 54 (31 55 19) (15 17 12) 44 32
55: 16 (45 40 56 49) 36 (55 32 37 41 4 33) (44 51) 28 (34 25 39) 18 3 43 57 10 (54 35 15) (60 58) 52 (20 11 42 8) 12 (2 46)
56: 12 (50 46) (31 17 55 57) (43 56 32) (9 18) (1 30 20 40) (41 4 24 15 36 2 54) 26 16 (45 8) 51 (25 53) (58 28) 52
57: 49 (41 6) (31 8 25) (4 36 46 54) (57 44) (35 16 48 34) 45 (18 52 10 33) (22 9) 37 (15 1 2 32) (12 55 28 53 38 20)
58: 9 (32 54) (26 13 18 57 36) (16 24 7) (14 39 3 49 8) 58 1 (41 10 12 31) (33 52 4) (6 15) (51 20 2 43 56) 37 11
59: (24 18 4 45 34 12 57) (28 20 40 8) (44 11 54 5 51 31) (39 17) (32 2 22) (14 16 41) (1 52) (26 36 15)
60: (20 51) 57 (50 54 28 41) 6 (52 19 55) (42 33 15) 2 (30 12) 40 (5 18 36) (4 3 37) (11 39 46 10) (31 7) 34 (16 8 45 32)
