60 60
1: 34 39 (20 51) (13 54 25) (28 7 60)
2: 57 (36 4) (56 32) (29 13) (41 52 42) 1 12 (59 25 53 24) (43 51 10 17 14 60) (30 49) (46 3 21 27) (16 7 38) 54 (31 55) 2
3: 56 4
4: 45 (24 11 44 2 13 54 31 7) 58 30 (29 23 51 22) 15 37 (39 35 10 26 57) (48 19) 53 (59 47 16) (60 32 36 4 49 52 8)
5: (38 29 14) (46 11 52 51 23 20 47 4 2 28) 40 53 48 (49 15 22) 36 (43 58 44 32) (56 50 10 42 24 41) (30 39 54 7) 13
6: (56 6) 51 (34 19) (1 31) (32 47) 21 11 39 (36 42) (38 3 24 41 45) (14 37 57) (10 40) 8 (27 17) (25 23) (60 29) (5 54 58 4 20 59 33 7) (53 50) (52 46 48) (12 22) (2 9 49) (16 55 15 30 18 35) (13 43 44 28 26)
7: 23 (16 20 29) (34 14 50 38) (60 8) (45 21) 40 (28 31 35 9) (18 6 49) (41 58) (43 56) 53 12 27 (39 55) (19 22) (26 59)
8: (59 25) 24 (36 37) 8 42 (47 12 44) 60 (40 14 9 6) 4 (31 5) (7 10 51)
9: 38 (49 22 43 9) 13 (46 4 16 21 58) 53 (44 41 30 57) 17 (26 10) 7 33 56 (36 15) (40 2 54)
10: (14 12) (17 16 57) 42 (10 32 15 25) 11 (20 58 30) (3 43 18)
11: (40 42 31) (55 43 24 57 35) (33 30 49 3) 25 (22 46 28 12 59) (56 16 15) (36 52 5 21 26)
12: (22 14 13 31 7) 35 (42 12 58 5 57 17) 59 (11 3) 60
13: (47 15) 35 (23 4 20 25 49 12 56 21) 52 (40 55) 46 (14 50) (48 16 13) (39 54 3 1 8 60) 57 43 (18 34) (26 31)
14: (44 12) (45 18) (20 49 3) (38 22 4) 53 1 43 (26 34) 2 8 (30 11) (35 58 5 52) (46 16 57 48) (29 36) (59 39) (28 32 15 54) 40 (14 51 19) (25 17) 10 7
15: 58 28 (38 34) 40 (46 14 21) 54 59 (44 1) 19 (37 13) (2 35 53 50 30) 20 (33 32) 52 (42 3 9 22 6) 45 (25 39) 36 (47 12 16) 4 (31 55) 11 (23 56 10 51) (5 18)
16: 20 (5 23 41 50 37 22 11) (60 43 55) 26 46 14 (29 21) (16 2 52) (28 9 19) 34 (17 39 30 32 56) (40 6 10) (24 59) (44 53) 33 47 (7 4) (35 51) 12 58 3 (49 48) (57 25 38 8) 15 (13 18) (31 42) (45 36 1)
17: (30 60 10) (21 39) (16 58 6) (59 51 19) (40 55 9 53) (33 45 49) (23 7 1) 50 (27 26 47 11 15) 37 44 56 (32 34 3 42 22)
18: 17 32 (53 24 45 19 46 35) (18 15 54) (42 58) (27 5 52 39) (37 22) (59 29 26) 3 60 30 (41 43 10 21) (28 56 16 14 6 20 51) (8 49) (11 7 55 33 23 50 34 44 2 47 57) 4
19: (25 40 16 24) 8 49 50 21
20: (44 18) (49 38 24) (14 26 31 11) (52 39 35) (17 10 32) (51 20 15 25 4) 56 6 (41 58 13) 16 (19 40 5 50 57 47 28 46)
21: 49 36 27 (42 9 45) (26 57) 39 (58 31) 59 35 (15 5 4) (55 33) (44 28) (10 17) 2 56 13 53 25 (19 14 20) 48 (23 11 16) 24 54 (29 43) (46 38 8) (1 12) 18 40
22: 51 25 (6 45 8 44 57 46) (19 39 2) (22 60) 11 38 (3 50) 52 (49 36 23) (14 31) 29 (40 9) 43 41 15 (37 7) (21 34) (30 5 54) 12 (33 10 1 27 20) 47 (42 4 58 24) 53 (56 59 32 13 28 48 55) 35
23: 11 1 (59 38 40) (4 5 22)
24: 60 (3 41 2 45 34) (28 56) (43 26 49)
25: (1 18) (24 16) (31 51) (6 56 13 40) 28 (19 9) 58 53 32 (33 49 20) (26 23) 43
26: (37 40) (42 50 35 8 11) (45 44 39 1 46) (31 16 19 47) 3 (38 22 26) (56 25) (14 27) 10 (58 36) (43 32 28 7) (30 53 5 48 2 55 18 20 4 17) (6 33) 60 (59 21 13 12 24 41 34) (15 54)
27: (10 30)
28: (39 49 24) 9 (20 42) (15 25 40) (58 13) (34 6 59 36 50 47) (1 19 22 18 45) 33 (31 30 43) (7 56 38 23)
29: (31 12 11 3 15) (56 4) 22 (13 45 59 21) (9 34) 55 (33 53) 19 1 (42 29) 28
30: 57 14 9 (10 8 37 22 35 51) (53 6 2 1 20 44 26 18 45) (54 5 29 42) (47 30) (55 19 48 58 49) (60 15 52)
31: (47 6 31) (21 32 7 39) (18 52 11 24 13 15 17) (23 9 43 49) (3 44) 33
32: 41 (47 38 51) (30 8 7 23 31) (43 26 33) 50 24 54 11 (20 13 40 57) 34 (22 52 1 32 45 14 18 6) 17 25 55 (28 36) (4 56) 53 10 44 (5 29 16) (49 27) 48 (9 19 12) 59 (58 2) 42 3 39
33: (15 56 44) (54 52 19 38 53) (37 11 5 24 1 8) 31
34: (28 46) (3 57) (37 43 50) 38 (58 20) (40 5) 39 (52 6 54 21 30) (4 8) (36 51 32) 31 (15 12) (35 13 48) 55 (34 56 24 17 26 25 11) (2 10 14 7 42 53 59) 47
35: (35 9) 18 55 (25 23 8 17) 44 43 (7 19) (2 52 26)
36: 13 56 57 (40 24 45 25) 41 (42 44 15) (52 49) (28 43 36) (26 59) 19 (31 1 51 58) (48 18 16) 20
37: (49 41 5 37) 36 45 (4 27 30 26 23) 29 (32 52 55 24) 39 (58 21) 22 17 6 (9 57 35) 28 10 (60 20 38) (18 47) (40 15) (14 33 25 51)
38: 5 (25 53) (12 37 44 51) 40 60 (42 27) 59 (49 22) (34 9 50 33) (10 28) (52 23) (45 26 18)
39: (4 12 19) 3 58 17 (8 29) 14 (21 5) (15 42 52 33 16) 24 (55 26 28) 57 (50 38 54) (30 36 13) 47 11 (32 7 2 18 9) 27 (48 31 23) (60 56) 10 (39 40 1)
40: (1 38 29 21 49 14) 19 20 (7 4 50) (16 27)
41: (51 13 25) 7 (5 22 42) (4 1 37 55) 46 (9 49) 56 (59 45 16) (32 50) (23 10) (2 57 17)
42: (13 35 42)
43: 37 52 11 23 (45 32 20) (21 24 39) 7 50 (48 54 5) (6 2 46 57 10 15 14 60) (22 56 19 44 42) 29 (36 8) (3 16) 9 27 26 (28 33 51 59 4 1 31 58) (34 30) (53 40) 47 25 (35 41 43)
44: 59 40 (58 33) 48 (21 41 24 18) (45 34 56 27) (55 26) 32
45: 55 (42 32 6 18) (31 59 40) (34 46) (58 29 51 20) 45 (7 12 2 41 9 47 39 53 35 24 48 28 11) (60 57 43) (4 38) (27 49 10 22 37 54) 19 (15 33) (56 30) 13 (25 44) (1 17 3) 14 (21 36)
46: (26 25) 60 (7 43 55) (49 9 15) (31 34 35 23 44 27 16 6) 1 (54 5) 12 (28 17 2 30 22 19) (50 32 8 59 40)
47: (13 23 20) (4 46) (47 43 50 7 8 18) 45 (48 19 52) 41 (29 54 2 58 25) 60 (32 17 27 14) 24 6 (42 36) (35 21 9 15) 16 (51 55) 11 (57 22) (39 59) (3 40 49 37)
48: (53 27) (57 13) (44 24 9 6) (38 11 3) 46 (51 48) 32 (41 23 5) (42 54 56 52 26 14) (10 47 20) (50 37 25 34 16)
49: (42 22) 58 (17 36) (14 31 5) (1 34) (30 56) (2 13 49) 32 (10 19) 50 (3 8) (46 12 37) 15 (33 38 41 11 51) (26 53 48 24 4 59 25 55 29 28 45) (57 18 47)
50: (2 15 36 17 4) 43 38 (37 14) (51 40 56 7 48)
51: (55 42) 37 (3 15 50 48 6 59 60 9) 10 4 (17 2) 33 24 7 (11 14)
52: (19 51) (33 37) (32 50 41 4 25 21 46 45 60 52 26 39) 57 2
53: (45 19)
54: (23 49 33) 24 39 25 (8 7 50 14 3 19 28 48 9) (2 56) (45 44) (35 41) (16 29 21) 51 17
55: 12 (28 44 5 6) (54 7 10) 23 2 29 39 24 (17 60) (1 36) (26 32 31 4 50) (58 51 48 37) (18 3) (20 57) 11 (16 22) (40 33) 27 45 (38 8) 14 (9 25) (41 53) (47 15 30 19) 49 34 (56 55) (52 42 43 46 59) (13 35 21)
56: 51 (12 11 18 2) 31 25 (26 38 55 21) (27 9) (47 15 5) (14 10) (28 20 16 45 17 49) 13 22 54 (32 52) 34 (44 43) 33 (6 3) 53 4 30
57: 30 (47 53) (29 22 35 31 17 40 59 9) 41 (36 38 32) (3 25) 42 (28 18 2 56) (21 57 7) (16 23) 11 (6 33 39)
58: (42 3) 30
59: (16 27 31 14 52) (24 18 32 1 58) (23 54 10) 29 (39 12 40) (60 47 30) (21 28) 49 (36 50 11 9 7) (19 26 56)
60: 39 57 (29 28) (53 18) 10 51 (32 11 58 55 13 50 6 26) 8 38 24 25 9 (15 31)
1: (55 25) 2 (26 22 14) 13 (16 30) 28 (41 46 21) 15 59 (39 36) (17 45 23) (43 32) (40 49) (6 29) 33
2: (32 30 39 57 15) 52 (18 9 50) 47 (46 26) (35 2) (55 56) (51 6) (34 14 5 54 22) 45 (24 21 43) (49 41) (16 4)
3: (45 24) (18 49 29 13 22) (43 17) (16 55 57 12) (47 39) 56 (58 32 10) (2 11 6 48 15 31 14 34 54 51) 26
4: 41 (2 6) 56 (5 47) (13 51 45 34 4 50 16 43 22 3) (55 14) 37 (20 23 9) (39 32 18 29) 8 15 (26 21) 40 52 49
5: (12 23) (26 16 48 56) (38 22) (30 15) 46 (49 20 11 37 14) (6 33 21) (18 32 8 43 41 39) (34 55)
6: 47 45 43 7 57 30 (34 8) (22 25) 16 (31 20) 51 (6 55 32 15 60 28 37) (17 48) 26 18 (56 46)
7: (43 31) (12 50) 26 (59 6 46) 51 (54 40) 34 (41 55 32) 4 (5 35 8) 17 16 39 (2 1) 47 (14 18 45 28 57) 22 9
8: (54 8 55) (30 6) (13 35 33 26 43 34 46) (19 32) (18 21) 49 (39 47 14) 60 16 (4 22) 7
9: (16 54) (21 15) 6 32 39 35 (8 31) (30 59) (45 29) (43 17 51 25 22 38 37) (56 46) (55 28) 7 (57 48 60 9 47 41)
10: (55 32) (22 16 6) (2 4) (48 10) (8 27 18 30 15 34) (17 49) (5 9 14) 21 (60 45 41 38) (43 39) (51 56 20 59) 37 26
11: 29 34 (4 45) (48 47 10 43) 59 17 51 (32 21) 55 39 49 (5 22 20 18) 15 (56 57 31 33 12) (26 6 14 16) (60 23)
12: (39 11) (45 32 7 49) (59 15) (38 12 13 29 56) (55 14 34 8) (26 10) (6 46 22 2 16 21)
13: 45 (5 25) (34 56 26 15 21) 28 48 13 (6 1) (20 2 31 39 4) (55 32 49 29) (36 41 22 47 60 12) (9 42 16)
14: 45 (2 55 12 6 43 7) (34 50 14 5 10) 40 13 (59 32 18 16 56 26) (30 15) 20 (48 54 8 49 39 51 22) (37 47 21)
15: 6 (49 21) (11 26 46) 22 31 50 (18 55) 28 (34 17 9 47 37 51) (33 30 36 45) (16 60 10) 4 (56 13) 5 (20 43 14) 39 29
16: 13 (9 26 19) 6 (4 16 40 10 56 59) (18 54) (43 21 2 32) (15 39) (11 20 55) 36 (14 7 48 46) (57 25) 41 (17 47)
17: 21 (14 45) 32 2 (26 10) 12 (18 37 41 54) 55 (49 56 16 57 50 34 46 20 31) 35 (51 39 9 47 6)
18: (57 60 44 6 47) (16 28 15) (18 45) 59 (20 31 26 55) (30 49) 37 (13 21 56) 36 (7 10) (25 35 39) 38 32 14
19: 43 (54 14 59) (55 22 47 4 33 17 28) (40 45) (39 52 16 53 46 20 36) (21 32) (18 35 6 15 26 7 29) (25 30 49)
20: (56 26 47 34) (36 10 21) (15 6) (32 55 16 13 37) (43 45 14 1) (25 20 28 5 7) (48 30) 18 (22 40)
21: 19 (59 9 13) 56 (15 45) (17 16 40 44) 11 (18 52 22) (37 29 39) 31 (47 26 7) (43 6 57 34) (2 54) 55
22: (47 9) 18 (56 46 37) 32 28 (14 55 41 5) 57 49 (38 43 30 23 16 22 17) (12 26 45 7) 11 15 (6 29) 4
23: 4 38 (7 17) (21 59) 32 (35 22 57 39 28 43 13 18 15 41) (46 37 48) (5 54 47) 55 25 (6 16) 31
24: 48 (47 43 36) (55 26 16 6 51 21 28 8 2 59 39) (37 45 32 19) 25 (54 34 22) 49 33 (44 4) (11 60 31 5) (18 20)
25: (28 55 34 54) 22 (14 36) (1 38) 32 45 (48 20 19 41) (52 47 37 26 35 49 60) (8 21) (6 56) (15 11 2 13) 10 (57 43 16) 46
26: (18 59) (24 6 48 56) 60 (14 36 35 49 16 20 4 21 52 39) (11 44 25) (26 30) (9 55 32) (7 38 46) (37 17 34 13) 43
27: (7 56 47) (48 43 6 32) (45 37) 46 (40 18 59 39) (21 55) 38 (26 17 22 2 44)
28: (46 32) (24 39 20 43 38 29 34) (11 56 14 59 54 7 18) (1 15) 25 (36 26) (22 45) (16 55) 21 (57 6 60 49) 37 5
29: 30 43 54 (6 47 18) 40 (5 55 14) (39 37) 60 (21 2 7) (57 59 4) (16 32) 29 22 45 49
30: (15 6 11) 45 (14 49 57 32 30) 39 (17 5 4) (18 26 46 37) (58 16 59 10) 27 56 (43 34 28) 9 55 22 2
31: (20 43 36) (55 25 13 28) (31 16) 2 (34 46 32 39 7) (4 29 8 33 45 60 56 21 22 57) 59 49 (15 6 26) (11 12)
32: 49 14 (47 16) 6 (22 4 41 39) 59 2 (34 25) 17 (55 32) 10 5 (43 52 18) (45 57 15 26 48 31 37) (44 60) (46 20 56)
33: (43 38) (15 37 39 6) 17 28 49 (21 31 44 57 52) (16 18) (9 54) (32 22) (55 51) (29 26 25 45) 11 56
34: (55 44 1) 29 48 (49 6 26) (46 17 24) 32 (14 56 45 7 28) 13 (18 38 34 15 43 22) 16
35: 35 (37 43) 45 (46 11) (22 54 57) 4 (15 16) (21 30) (6 20 13 42 18 14 47 55 12 26) 7 34
36: (11 36) (34 45) (59 6) (55 22) 50 (39 9 15 8) (49 26 47) (4 2 43 16 5) (32 21) (57 14) 37 28
37: 22 (34 50 48) 18 (16 49 37 30 8) (51 43) (55 38) (6 15 17) 52 33 (41 47) 4 26 45
38: 21 (57 37) (22 60 34) (49 15 6) 39 (5 33 55) (26 40 16) (32 50 9) 20 (2 23) (28 14) (56 7) 45 48
39: 15 26 (55 31 20) (43 28) (5 17 21 57 13 34 47 32 14 60) 54 7 4 22 (39 52 37 59 6 1) 18 (16 45)
40: (34 28) 16 (9 7 43 45) 14 (22 19) 20 (23 57 8) (25 15) (21 6) (59 13 39) 11 37 50 (46 26 5 44 38 47 32 17) (36 55)
41: 32 22 (9 43 48) (18 57 47 20 26 24 49 54 7 6) (2 52 36 37) (16 45) 5 (55 44)
42: (21 16 51) 28 (29 26) 58 15 (32 12 6 17 49 11) (39 36 30 57) (55 42 34 38 10) (5 8) 18 (48 45 43) 47 (22 2 41)
43: 7 34 13 5 (47 36) (24 46 45) (2 35 56 26 55 9) (10 31) 25 (21 16) (22 50 6) 43 (32 11) (28 18) 14
44: 9 36 20 (21 17) 5 48 4 15 14 26 43 31 56 38 (45 18 46 55) (30 54) (35 32) 33 22 6 (8 16)
45: (4 21) 53 (47 7 17) 55 (54 28) (29 14) (24 38 43 16) 49 36 (26 44) 41 (30 45) 22 37 (32 18) 6 (56 15 52)
46: (2 49) (13 5 18) 34 (6 41 43) 15 (14 20) 11 22 45 52 48 (47 26 16 55) 21 9
47: 59 (31 16 22) 30 (39 13 49 47) (6 28) (5 34) 15 20 (37 18) 56 55 (26 8 17 32) (4 57) (43 45) 48
48: (22 13 50) (5 14 36 55 44 34 51 39 26) 45 (21 4 32 49) 54 6 47 (16 48 43 30)
49: 16 (2 28 46 19 17 56 24) 36 (45 49) (32 14) (21 30) (37 59 47 40) (38 11 41) 18 22 (5 31) (13 20) (4 6) 55 9 (7 54 25)
50: 47 (22 51 20) 6 (54 34 41 15) (26 32) (40 59) 60 18 (28 49) (13 43) (19 48) (55 16 38 52) 5 46 (7 17) 39
51: (41 22 34) (5 2) (32 36) (48 37 25) (17 56) 60 50 30 (6 14) (1 8) (47 20 16 45 54) 15 (49 18) (4 55 52 38 43)
52: (47 56 43 5) (55 4) 32 (39 31 34 59) 13 (18 16) (6 22) 15 (48 35 20) (36 52 37) (30 14 33) (38 11 2)
53: (32 22) (49 4 60) 14 (33 25) (6 5 43 48) (55 7 30) 34 (57 2) 45 15 (17 21 26) 29 (16 9 38 18) 56
54: (30 48 9 14) 4 18 5 (2 47 6 1) 56 (22 43 33 32) 21 (34 15 59) (46 55 13) (39 45) 26
55: (37 35) (16 44 21 47 56 13 32 15) 34 49 39 (22 6 17) (26 51) (41 2 18) (11 7) 45 30 29 60 (55 46)
56: 7 11 (32 13) (54 48 6 33 43) 3 22 (49 17) 16 (29 21) (28 26) (50 20 5) 18 (59 36 9 15 34) (39 24 57) 25 45 (2 55) (44 41)
57: 57 (36 18 48 2 4) 47 14 (41 20) (32 55 10 37 6) (22 39) (34 12) (11 30 21) (60 13 45) (49 52) (9 16) 43
58: (6 49) (9 34 45 36) (15 55) (59 7) (60 10 12 39 22) 5 (16 21) (25 20) 26 (4 44) 43 (28 14 18 30 37 17 32 47)
59: 4 49 (12 14 22 44 43) 7 45 2 (29 38) 23 6 (18 17) (47 55 57) 36 (16 21 51 46) (41 28 11 15) 32 34 (8 26)
60: (16 37 17 43 59 24 26 30 45) 13 55 2 (46 47) 1 4 52 (12 6 51 8 7 22) (39 18 38)
