60 60
1: (20 59) (49 43 5 42 44 19 41) (8 50 24) 26 27 (36 25 57) 51 40 45
2: 36 (29 12 55 4)
3: 47 (26 15 59 13 57) (50 55) 25 37 (51 18 14) (1 7 20 46 6) (27 35) (39 8 41) (53 45 11 38 28 58 31 16 22) (36 21 30) 32 (34 23)
4: 16 (4 34 45) (39 44) (9 13 7 1 32 37) (50 2 11) (41 57 28)
5: (3 25 58) (4 49) (26 51) (6 16 50 55 29 31 53) 40 41 56 (15 28 32) 35 27 (36 11 54) 23 (12 48 59 22 8 44 52) (33 37 17)
6: 15 23 (17 1 3 27) (42 28 31) 6 (16 13) 7 (22 56) (48 8)
7: (43 34 52 19 32 17 6) (3 15 8 60 10 58 57 7) 25 (5 9 18) (26 16 36) 35
8: (59 26) (31 14) (50 21) 54 (58 19) (22 37) (28 25 33 5 9) (11 3 53) 15 (55 60 48) (57 12 20 13)
9: 1 (36 43) (50 21) 42
10: (17 38) (48 13 19 22 56) (58 15) (30 33 12 36 29 46) (14 2) (28 11 21) 47 (32 7 26) (50 1 53 23 25 41 59 24 49) (40 27 37) 6 (45 10 5 35) (43 4 18 3 55 57 54) (9 20 51)
11: 59 (15 22 46 1 36 34 27) (30 29 33) (32 54 50 53) (49 28) (17 48) 21 26 (37 35)
12: 8 (13 29) 5
13: (45 18 50 46) 56 (16 28 54 12 26 60) 57 27 (22 21 9 37 29 58) (48 8 42) 17 (36 23 14 55) (4 1 3 32 15 7 10) 49 39 (41 47 5) 6 (51 20) 30 (40 59 52) 53 13 25 (33 35) (38 11) (34 19 43) (31 24 44)
14: 11 (46 18 31) (54 10 9) 24 (50 17 7) 55 14 58 (52 38 12 43 51 8) (19 21 27 42) 44 (47 36 60) (23 2) (41 49) (5 22) 32 35 (34 3 33) (48 37) 59 (25 16) (39 13 57) 26 6 (56 40 4) 53
15: (5 54) 24 51 (23 52 33 22) 16 48 (1 38) 28 (35 3 30 17 26) (18 20 42 15) (59 29) 50 (10 60) 7 (31 11) (27 32) 45 43 37 34 2 39 (41 12 13 8 6 4) (58 46 57 40) 36
16: 51 44 (45 52) (14 54) 27 29 19 (40 60 49)
17: 26 58 (28 36) (39 11) (42 29) 48 (41 12 60 31 2) 40 (37 47 10 9) (8 54 18) (38 13 15) (27 16 30 33 53) (43 59) 6 (7 25 50) 24
18: (29 47) (59 56 11 58) (12 41) 37 1 24 (5 28) 17 (20 31) (48 34) 22 4 (27 51 18) 2
19: 26 57 53 (14 49) (8 54) 52 10 (41 34 25 42 37 7 11 27 2 48) 22 20 (13 60) 18 (29 24) 33 28 (9 44 38 45) 59 (31 51 47 21 5) (36 58) 55 (50 35 15) (56 40 23)
20: (50 17 8 12) 40
21: (55 11 18) (10 37) (39 58 2) (25 5) (40 35 33 3 16 45 6 32 36) 54 53 (21 24 8 29) 34 (50 44 14) 12 (9 27 57 51) 23 59 (4 7 52 1 38) 47 (46 17) (20 13 31 22) (26 43 30) (56 48) (42 49) 28 (41 15) 60
22: (32 13 14 39) 36 19 (10 52 57 56 49 12 9 55) (46 37 1 24 11) (5 42 58 27) 53 (44 50 16 23 59 20) 25 (60 41 15) (40 31 7 2 38 30 45) (47 35 51) (18 21) 26 28 (33 4) 17 (22 29 54)
23: 60 (7 30 15) (56 35) (19 25) 32 1 (28 3) (58 2) 27 55 (36 33 26) 4 (20 6 34) (43 31) (53 38 39 12) (18 52 42) 21 (40 46 29) 10 (5 44 11 59) (14 9) (50 13) (8 17 45 23 48) 16 (22 54 37) (24 47)
24: (28 19 27) 9 (50 39) 30 (53 33) (26 34) 22 (4 17) (56 43 25) 8 47 (15 38) (12 37 58 21 13 42) 7 35 (54 51) 6 44 16 55 (57 40 10 59 49 23) 46 (36 5) (41 1) (20 45 52) 3 (14 11 24) (2 18) 60
25: 13 60 53 45 (20 11)
26: 2 55 (7 36) (5 52) (47 10) 30 (57 44 20) 49 43 58 (39 31) 60 12 3 (46 41) (26 14) 13 (48 45 28 42 54) 1 (24 15 59) (11 56 29 37 22) (40 4 23 34 25) (51 16 27 53) (8 21 18 50)
27: 49
28: 45 43 28 42 24 (39 21 47) 30 52 34 19 59 29 (22 4) (16 35 7) (15 53 41) (48 17 33 49) 38 54 (6 5) (37 26) 44 58 (27 20) (10 13 11 60) 55 (8 51) (23 14) (50 2 46)
29: (50 7) 28 (56 55 11) 10 (34 49 16) 33 (57 18 39 51) (36 24 4 1 3 31) (13 60) (46 20 17 27) (25 5 37 14) 53 (43 48) 8 40 12
30: (47 18 43) 11 (37 35 30) 48 55 27 (31 41 45) 9 (5 19 6) 25 60 (24 46 32 57 10) 51 (50 29 13) (59 15) 22
31: (33 25) 11 (49 40 6 36) 42 48 (10 24) 35 39 (46 12 57) 45 (55 47 29 1 30 20 8 32) (34 4) (41 26)
32: (1 33 30 59) 47 (20 40 31) 27 51 (25 14) (29 6) (52 15) (17 32) (34 46) 37 2 (48 39) (23 58) (7 12 22 26) (8 5 19 16 28) (24 18 55 36) 13 (35 49 10 45) 50 60 (4 57 42) 56 (9 54) (11 53)
33: 16 51 49 (36 22 57)
34: (11 54 33 44 47) (39 38 53 40) (27 35)
35: (51 8 43) (53 48) (55 44 9 25 4 36) (30 23) (14 60 12 33 16 19) (11 54) 52 3 27 (20 15 39 38 21 29) 32 (46 13 1 35 6) (22 45) (50 58 2 7) (24 42 40) 37 17
36: (37 41) (15 5 18 10 4) 3 13 (17 25) (50 26 52) (38 53) (33 36) 46 (48 7) 9 (23 22) (54 34) 49 57 (56 55 14 6 42 35 45) 28 (2 12) 58 (40 24 60 8) (43 27) (11 1 39) (21 59)
37: (52 51 4 40 41) (7 19 33 9 42 6) (48 1 13) 16 59 (34 23 50 30) 26 (3 47) (37 35 29) (25 55) 17 (38 45) 24 (28 49 43) 58 (20 21 46 44) 14 54 (22 15 39 18) (53 32 57 60 5) (8 27) 2
38: (14 45) 49 (6 4) 55 (22 28) 33 18 (24 59 51 56 17 3) (48 12) (23 41) (44 2 38 15) 40 (9 58 36 37)
39: (54 5) (51 1 42) 43 (38 49 17 19 56) (4 16 27 48 22 18 2 41 45 53 14) (33 32) (44 24 20 11 59 58) (12 28 35 34 31) (21 57 29 36 6) 30 (50 3 37 23 15) 9 26 10 40 (7 46 25 52 55) (8 39 60 13 47)
40: (46 43 37) 29 (7 12 6 14 41) 47 60 53 (13 30) 45 23 (3 18 59 28) 38 57 20 52 (56 33) 48 (10 39 5 32) 51 (19 24 22) (55 17 42 54 1 36 58) 16 50 27 (2 34 11 35) (26 49 44 40)
41: 30 (41 3)
42: 36 (5 18) 7 26 (42 24) (59 47 25) (40 29 58 6 4 22) 37 (15 3 46 32) 9 (35 20) 41 (11 57 28 51) 49 (16 33 30) 45 (17 54 44 31 2) 10 13 (53 50) (38 12) (55 1) 56 23 (39 34) (19 52) 43 27 60 (14 8) (21 48)
43: (35 52 53 19 6 8) 30
44: (8 60) (20 9 41) 3 (35 28 19 58) (54 11) (47 55) 30 (1 37 34 44 7 56 23 51) (27 29 42 25) (32 59) (24 50) 48 (12 17 33 6 5 10 15 26 38 45 16 52 57 2 43 46 18 13 31 40 39 36 22) (53 21) 4
45: 46 25 53 13 (28 7 43) 49 23 31 (1 26 5) 56 (22 47) 36 (21 60 24 20) (58 27) (45 2 3 32) (48 8 51) 50 (19 33 57) 17 (30 10) 34 (38 41) (12 42 16) (39 55)
46: (15 44) 16 56 (5 34 26 45) 14 19
47: (15 35 1 34 28 22 4) 45 (31 38 12) (58 37) 6 (50 29) 7 27 42 (39 40) 19 (18 13) 49 (32 10 60 17) (9 2 26 47) (57 36 51) (55 20) (33 14) (16 25) (11 23)
48: 57 28 35 (5 22 7 52 26 32 10 1)
49: 5 (37 1) (6 28) (47 50 29) (11 41) (14 8 32) (33 43) (9 53 24) 18 (51 56 45)
50: (39 27) (51 7 43) (52 45 58 40) (32 56) (22 48 44 55) 53 1 3 31 (28 30) (8 14 21) 47 4 (5 59 57 25) (49 18 41 34 19 9) 35 10
51: 27 56 (12 19) 51 44 (58 10 13 29) (53 11) (55 14 39 57) 43 48 47 (34 23) 60 26 (30 24 45 25 28 50) (20 42) (59 15 8 40) 4 37
52: (28 18 45 26 60) 1 38 (20 33 2) (24 17 55 36 29 11 42) 30 59
53: 30 51 55 43 15 (26 22 11) (18 23 32 35 16) (33 27 45) (7 44) (1 46 60 49 48) (31 29) (56 40) (5 58) 39 (42 24) (38 36 28 20 54 53 59)
54: 4 49 (28 51 12) 3 (52 14 27) (54 39 48 1 13 47) 9 40 50
55: (51 19) (47 8 25) 37 11 29 6 4 (16 40) 2 (3 21 52) 20 (44 5 36 30 38 49 60 56 58 42) (48 55 50 1 33) (12 7 32) 10 (17 24 14 23 53 39 13 31) (54 18 26 46 15 27 22) (28 35 9)
56: 40 14 (28 26) (6 13 37 36) (58 27 31 54) 7 5 19 8 (33 42) 2 (3 9 15 10) (43 51) (22 45) (50 4) 41 (55 38) 60 (32 53) (12 35 48) 24 52 (1 29) (23 11 30 34 47 17) (57 18 56 20 16) (25 46) (49 39 59) 44
57: 28 18 (21 53 17) 5 44 (55 27 34) (14 51 38) (43 50) (3 32) (42 31 13) 56 (37 20 52) 10 49 48
58: 60 (19 57 8 27 1) 35 (23 12) 46 (56 54) (13 6 9) (18 38 32) (3 55) (39 43) (17 10) 7 (20 42 25 30 53) (21 58) 50 (36 14) (2 59)
59: (55 19) 14 59 (40 57 45) (2 58) 32 31 54 (41 39)
60: (44 29 1) 27 (3 59 32) (4 7 50) (18 17 46 28) (23 35) (11 57) (49 24 41) 37 47 (13 22 42) 40 (52 6 36 19 20 38 26 25 30 12) (39 60 33) 15 (53 5) (54 48) 56
1: (45 22 47 13 4 48) 26 (56 54) (58 39 6) 9 (52 21 3 44 11) (49 60 40 42) (50 29 36 37 10 53) 31 (55 23) 18 35 (32 15) 24
2: 44 (17 52 15 21 4) (55 28) (10 56) (42 23 24 47) 59 (38 32 36 40) (35 18 37 58 14) 22 (19 45 26) 39
3: 6 (36 24 40) (39 10) 38 (42 29) 57 14 (54 56 8) (58 7) 5 45 (41 37 35 26 60 55) (50 21) (15 13) (23 44)
4: 18 (54 29 44 14 5 47 23 4 55 56) (28 13 2) (35 24 22 42 39 36 26) (60 38 31 21 51 10) (37 15 32 50)
5: (44 42 23 50) 45 (14 30) 24 29 (49 19 15) (7 37) (32 18) (26 10 28 57) 12 (36 39 22) (46 21 56 40 13 55) (1 48 8 53 60)
6: (56 13 21 28 5) (31 40 30) 3 43 39 44 (58 15 24) 36 6 (55 35) (7 47 37) 10 (14 60) 17 (49 32 42 38 23)
7: (48 13) 50 (15 4) 56 (53 29 37) 6 32 (44 10 28 60) 22 (42 36 19 7 47 55 39) 40 (21 24) (26 58 14) (17 3) 23 (35 45)
8: (5 55 23 13) (43 6 36 15 28 20 29) (56 14 32) 31 (45 42) 58 21 37 (12 51 44 35 1) (50 39 49 7 17) (3 19) (26 24)
9: 7 (56 14 58) (8 32 55 54) 23 (4 50) (42 22 30 44 37 24 19 39 21 38 17 13 47) (10 35 36 49)
10: 24 47 (23 51 31) (57 28 29 36 39) (13 19 55 10) 14 (58 22) (45 26) 40 (50 48 30) (15 56 32 44) (7 17 21 42)
11: (39 23 15 21 29) (26 8) (52 19 31 24) 14 (40 17) 51 (49 53 13) (56 18 25 47 3) 22 30 5 4 55 10 35 32 (36 60 44 34 28 42)
12: 55 24 23 39 (18 51 38 5 45 56 21 60 2 47 58 26) (40 22 29 36) (14 35) (42 17 15) (13 32 8) (54 20) (31 44 10)
13: 14 (44 21) 60 (55 23 4 8) 37 36 (47 22) (58 19) 29 (17 40 54 25 13) (42 56 51 15) (35 32 26 3) (39 45) (6 12 28 10) 30 24 57
14: 40 (29 13 54 26 35) 55 (46 36 50 3) (24 19) 58 56 59 57 (37 39 22 49 28 23) 38 (14 16 51 47) (21 42) (8 10 32)
15: (22 24 19 51 30 37) 8 (7 44 6 53 21 13 11) (56 60 3 23 28) 39 42 (15 36) (5 55 46 47 32) (10 17 35) (26 38)
16: (39 24) (55 56 47 15) 37 (5 32 4) (45 7 42) 35 26 (22 46) 53 (44 28 6) (33 29) (14 3 23) 17 (40 21) 13
17: (29 14 40 60 36 55) (18 22 21) 10 (5 32) (38 11) (20 24) 37 (58 44 13) (52 42) 35 (47 6) (28 15 23) 39 (7 56) (57 45)
18: 19 (55 57 50 42 7) 14 (23 30 29) (21 10 49 17 53) (60 38) 56 39 52 (22 37) (47 40) (18 15 44 58 36 32) (26 3) (13 24)
19: (58 16) (43 59) (14 39) 51 28 50 (1 30) (42 35 55 46) (47 8 7 37) (45 24) 32 22 (44 10) 13 (23 60 56 40)
20: 26 (47 31) 13 23 57 (18 3 44 32 25) 19 51 40 55 42 (53 58 29) (10 45) (24 22 1) (21 28 60 15 8 52 37 56) 35 39
21: (57 45 11 50 19 9) 36 (35 10 13) 3 14 (58 24) (44 39 22 26) (8 21) (37 23 42 28) 55
22: 42 (30 40) (39 10 3 33) (18 37 28 6 19 48) 13 (35 38 22) (50 55 8 23 21 60 24 56) (47 36) (26 14) (53 15) 32 11 (5 45 44)
23: 35 (3 19 58) (51 53 45 42 13 40 23 28 26) (21 60 10 39) (6 14) (5 38 36) (56 15) (55 32) 44 (22 37 24 47)
24: (24 53) (23 30 29) 28 15 1 (17 22 40 51 21) 13 19 36 (42 52 26 56) (49 31 60) 55 18 38 37 32 35 44 (45 14) (10 39)
25: (14 3 5 39 51) (7 24 37) (10 19) (35 50 60 42 1 21) (36 26) 22 (45 32) (29 23) 17 (31 30 55 58 56 13 44 8 47)
26: 3 (26 53) (55 28 8) (39 47 21 56) (5 31) 52 (13 40) (23 17 36 51) 19 (46 1 22) (44 11 42 45 37 7 60 10) (48 14 24 32 15)
27: 42 (54 28 32 47 35) (24 57) (11 60 40 10 21) (15 22 1) 6 (55 45) (26 53) (36 17 13) (16 50 30) (44 56 14 29) (58 37 3) 39 (18 19 34) (51 23 5)
28: (26 37 38 17 22) (54 5 44) (24 56) 23 (50 39 55 4 18 36 28) (45 15 11 10) 40 (19 51 13) (60 49 57 29) (6 32) 52 3 (53 48) (21 42) (8 47)
29: (11 30 10) (17 2) (40 5) 19 56 (37 35) (52 49 15) 13 (28 16 55 47) (39 60 32) (22 44 53) 18 23 12 (31 21) (26 42 51)
30: 23 (40 42 11 10) (39 21 15) (52 58) (53 3) 55 44 (43 51 24) (26 60 32 56 50 37 13) (30 28 45 17 31 41 35 22)
31: (26 6) (39 13 44 50 29 56 55) (17 19 30) (14 5) 45 (8 59) 21 (53 15 3) (47 23 32 22 42) (18 57)
32: (50 60) (10 55 14) (3 30 7 32) (15 49 48) (5 40) 58 47 (39 45 44 37 42) (31 13 23) 4 (11 56 57) (35 53 21 59 22)
33: 49 56 (15 55 40) 13 (14 5) 8 (44 11) 31 (45 21) (17 36) 37 38 (34 29) (10 22) (60 39) 32 (23 52 19 28 47) (35 24) (53 42)
34: (32 45) (39 15) (42 46 3 37 26 4) 36 13 (18 57) (21 40 44 11) (24 14 31 51) (56 50) 29 28 23 7 47 19
35: (13 56) 24 (22 34 60 36) (15 48 31 10) (30 44) 55 28 32 11 (23 58) (14 7 53) 42 3 47 40 (5 39 21) (19 43 37) (50 35)
36: 3 23 2 (9 45 53 32 44) 36 (24 1 17) 58 (19 40) 29 (11 21 15 38 35 33 52) (7 47 39) (22 60 14 56) 13 42 (31 10) (5 26) 55
37: 17 (3 30 21 22) 44 (36 10 19 47 37 18 32) 11 (5 42 29 55) (35 4 40 23 39 56 38) 8 51 (57 49 13 14 15 24) (28 26 60)
38: (36 19 57) 44 (15 24 37) 14 (58 42) 3 53 39 (47 13) (28 56) 34 23 (38 45) 60 (35 17 55 10 52 40) (21 22)
39: (34 36 58) 3 54 59 (21 45 35 26 23 14) 39 (29 42) (56 17) 22 (47 40 37 44 51 31) (15 60) (53 28) (4 32 24 13 55 50)
40: (32 17) (10 22) (31 36) 50 38 (29 55) (60 26) 35 (20 51 40 19 54) (16 53) (59 15) (42 14) 34 13 (44 1) (21 37 5 24 23) 39 47 56
41: 10 (36 56) (3 1) (26 37) 15 (28 41 60) (17 19) 4 (13 5 39) (59 22) (18 38 24) (14 42 40 49) (45 50) (21 31) 30 44
42: (51 35 13 9) (32 53 22 57) (39 21 36 31 15) (26 1 14) (52 44) 23 (45 17) (42 24 58 19) (55 56 6 47 60 28 37) 40
43: (42 17 40 14) (36 30 37 35) (28 26 44 15 39) 53 (50 7 9 57) 13 23 (56 24 10) (45 58) (29 49 51 1) 21
44: 44 26 (1 56 14 13 28 23 16 22) 53 (51 19 5 34 55) (38 46) 50 57 (42 60 24) (35 21 39 4 37) 40
45: 37 22 28 (25 13) (23 59 19 4) 40 32 (47 24) (39 35 53 46) 38 (15 49 36 50) 1 21 44 (16 56) (52 42 51 30) (45 31 10) 26 3
46: 3 21 24 (22 11) (15 42 45 35 26 37) (31 13 29) 60 (28 36 44 10 30 53) (14 40 55 56 58 23 32) 39
47: (30 13 22 45) (32 24) 55 (42 54 50) 19 (3 44 17) 21 (47 34 31) (10 14 28 39 40) (51 60 37 49 23 26) (56 18)
48: (36 29 39) 60 (38 30) (17 40 26 23 15 11 19 31 56 54) 5 (42 13) (35 45) (44 57) (28 32) (6 21 10) (53 8 14) (55 18) (51 37) 50
49: 42 (24 16 19) (57 26) 40 (39 60 22 11) (36 53) (54 37 56) (1 13) 21 45 (31 29 50) (27 38) 55 32 (5 28 14) 10 33 47
50: (56 11 22) (4 20 47) (17 3 10) 5 55 (32 35 42 24 40 30 19 36) (44 45 14 26) (21 15) (57 28) (54 23 37) (58 39 29) 13 51 (1 9 49 8 60)
51: 53 (44 15) (47 33 1 14 29 16 37) (5 21 57 49 45 42) (13 56 3 10 54 18 35) (51 32 55 38 39 22) (50 24 30 28) (19 26 40)
52: 39 (43 37 50 42 48 57 5) (28 32 60 56) (35 7 44 22 36 40) (21 14 55 13 24 16 23) 54 15 (26 19)
53: (56 35 58 50 45) 23 (5 22) 49 (57 29 40 34 25) 51 24 43 (60 36) (37 44 14 53 26 19 10) 11 (13 39) (21 42 55 28 8 17 3 32)
54: 42 (15 53 17 44) (59 60 14 22) 13 (37 26 54) (8 21) 58 40 (56 36 32 19 55 11) 23 (34 28 39) (35 16 10 24 5)
55: (32 56) 24 21 40 28 35 (52 53 47) (19 3 50) 45 (23 51 10) (39 57) (42 13 37 38) 29 22 30 (36 5) (26 14 8) (55 31) 2 44 59 58
56: 57 29 (46 26 5 13) (44 56) (45 18 32 23 14) 42 (19 53 36) (39 10 40 50 55 38 58) (51 24 6 49 22 60 21)
57: (14 21 48 24 26) (31 51) (37 45) (56 1 59) 13 (19 60) (42 10 36) (15 3 44 32 8 30 58 29 39) (50 33 7) (4 47) 40 22
58: 44 (8 47 24) 55 (23 3 40) 5 (38 19) (59 39) (32 7 35 56 36 13 50) 22 (15 37 17 21 53) (28 18 42 51 26) 45 (58 10 14)
59: 32 (26 21) (52 39 51) 23 (18 38 37 36) 13 (19 42) 15 24 60 44 (53 8 50) 56 30 (14 58 5) (1 59) (22 17 10 11) (40 3) 28
60: (21 60 24 26 30) (25 35 53 19) 28 (42 23 40) (47 55) 7 (15 17 58 45 22 37 8) 51 39 (36 16) (14 13 44 52) (32 29) 56
