60 60
1: (39 23 26 22 56) (48 42 20) (2 16 29 17 37 10 47 14) (19 35) (24 9 45)
2: (11 23 24 32 41 16 4) 55 21 (19 33)
3: (19 43) (35 30) 47 (15 31 38) (20 37 39) 59 42 32 29 (2 44)
4: (32 1 41) (46 36) (45 31 7 50) (13 58 20 17 33) (22 49 5 3 15) (60 26) 8 (4 10 53) (23 9) (34 28) (42 57 16) (21 14 52) 48 (18 30 35 6 38 47) (44 11 27 51) 25 24 (54 19)
5: 3
6: 60 42 (22 9) (1 21 35) (6 7) (34 33 28) 49 (43 32) (12 30) (4 11 56) 31 (17 44 23) (27 26 16 47) (13 48 2) (3 51) (25 10 52 53) (40 5) 46
7: (29 55 34 44 23) (10 16 38) (24 48 3 45 54 11)
8: 1 40 (58 44 30 43) (47 55) 9 (15 22 57 49 16 34 27 60) (18 37) (14 10 53 41 59) 12 38 (4 33 3) (19 28 21 8 17) (32 26 29 51) (5 20) (52 2 36 6) 56 (24 7) 45 (11 50 48) (42 35) (23 54 25) (31 46)
9: (20 56) 16 (26 7 36 5) 40 (32 57)
10: 49 46 (6 37 7 9 27) 26 (35 59)
11: (60 35) (52 25) (24 56) (4 47 13) 28 8 (48 1) 29 43 (21 32 46 12 27 36 14) (7 59) (9 38) 57 (39 45 16 22) 30 3 (19 26) (37 17 42) 54 (2 44 33)
12: (60 52) (17 27 38 19) (28 46 24 32) (20 33) (23 35 30 44) (43 50) (48 57 40 42 8 12) (25 39) 51
13: 12 (51 25 13) 18 33 35 (55 42 23 38) 46 (58 30) 47 53 (19 49 21 44) 14 (43 1) (4 26 34 32 29) 54 31 (52 48 15) 8 37 (9 5 24)
14: 52 (1 20 2 56 21 29 36 59 33 31 46 9 53 18 11 14 28 49 55) (44 7) (35 8) 39 48 38 10 (15 54 27) (12 30)
15: (5 4 8 56 50 46) 27 (53 3 10 29) 6 (54 30 55 47 16 12) (37 7) (14 33) (1 15) 38 (21 34) 44 (60 48 57) 51 52 25 (28 26 24) (42 32 36) (31 11) (43 18 9 20 22 40) 39 (45 13 2 19) 49
16: (58 43) 14 (12 27) 2 10 (57 26) (28 18 51) 13 21 (47 16) 36 38 (35 6) (32 9 7 40 15 23) (24 29) 39 54 (17 1) 45 (3 49 25 53 11) (59 60) (55 4 19)
17: 43 19 (40 51 37 22) (21 15 44 16 50) 9 12 47 14 42 23 28 (8 30 17 36 13 53 6) (56 46 4 57) (31 20 29 7 11) (52 41) (2 34 38 48)
18: (43 3 42) (34 45) (48 31) 53 5 (55 40) 27 (28 41 21 30) 1 (52 57 9) 2 50 (16 56 8 13 15 33) 23 (17 14 51 49) (38 36 7 18 37 10)
19: (55 34 54 48) (18 38) (53 42 36 14 30) (49 50 13 12) (35 21 33) (29 39 22 3 46 5) (51 56) (8 2) (47 17) (60 58 40) 23 (26 25) (6 10) (43 41 19) (37 57) (24 59 32) 1 11 44 4
20: (27 34 37 41) (5 26) (14 19) (56 52) (30 23)
21: (19 35 36 15) 24 51 (47 43 49) (32 16) (46 21 34) (18 45 28) (10 42 7 22) 53 (55 39 9 27) (48 31 23 59 57 41) 56 5 20 (37 26) (14 50) (60 11 33 40 29 17 2 54) (13 4 25 38) (30 8)
22: (47 29)
23: 4 25 (58 41) (26 36 27) (23 6 18 7 57) 45 (54 49 22) 20 (32 47 42 56 55 43 19 60) 12
24: (20 29 48 25 55 31 19 59) (26 35) 38 (60 43 42) 56 28 (54 37 58 27 40 50 46) (9 33 41 49) (51 39) (6 3 2 11 45) 52 (7 16) (32 18 53 44 24 34 57 36) 17 15 (21 5) 1 (12 22) (30 14)
25: 4 52 5 6 (58 54) 20 (13 28 19 31 46 30) 27 (10 23 1 37 25 21 44 12 38) (42 57 53 15 49 8 14) 59
26: (50 43 33) (59 29) 45 55 (22 60 8 52 11 26 25 4 23 2 17 47 10) 40 (30 51) (7 37) (6 46 42) (53 15 3) (16 9) 12 (28 14 48) (57 20) 54
27: (8 3 5) 31 (49 48) (60 32)
28: 29 41 30 (24 23) 12 (44 26 28) 40 (17 1 60 25 33 55) (6 15) 20 22 (16 18 46 11 35)
29: 1 (60 20 47 9 46 33 26 2) (22 34) (10 12 14 29 45 18) (27 8) 40 24 (49 25 21 53 39 17 55) (54 7 3 23 48 56 37) 11 (57 31)
30: 43 (22 45 26 59) (30 4) 10 (24 46) 20 47
31: (28 33 37) (35 55 18 20) (7 1 13 40 10) (12 34) 26 22 15 57 39 (45 11 54 38 48 46 30 17) (49 47 24) (50 36 52 59 23 42 60 32 41 58)
32: 48 5 (7 24 50 32) (58 3) 4 (39 20 10 29) (55 35 41) 22 (11 13 12 21 59) (8 28 2 52 49 26)
33: 1 (31 27) (23 55) (48 59 33) (45 19) (11 58) 6 (32 39) (40 8 42 26 50) 51
34: (35 24 48 26 9) (3 40 20) (30 47 8 4) (21 34) 58 (54 57 17 27 39 38) (18 37) (1 46 31 5) 55 53 (44 52) 14 43 45 (10 50) 41 25
35: (59 55) 26 3 (23 28 29 35) (11 36 24)
36: 6 (29 57 24 49 12) 25 30 26 (2 11) 52 18 (55 31) (17 38) (19 45 7 60) (56 41 23 43 44) 59 14 15 (54 35) 37 (39 48) 8 (51 9 13) 28 (34 36) (21 40 16) (10 47) 53 (5 1 50) 27 (3 46) 32 (22 33) 20 4
37: (31 29 52 55 3 49) 20 47 (38 21 2 10 42) (37 36 17 24) (12 50 40 1 15 9 59) 30 (16 28 32 26 56) (6 34) 58 14 5 (23 45 18) (7 54) (41 57) (46 25 8 39) (19 53 60)
38: (47 35)
39: (24 46 49 42 33 9) 54 (30 31 17) (37 14) (28 8) (44 50 40) (48 39) (43 3 34 13) 6 57 55 16
40: 11 (36 4 58) (18 26 14 7 45 29 47 49 53) 48 19 (60 56 27 37 35) (28 9 24 1 22) (13 17) 8
41: (23 39) 17 4 11 (53 40 1 46) 59 13 5 (58 18 43) (14 20) (37 44) 47 (19 42 52 33 8)
42: 43 (24 37) 42 (41 30 52 26 46 58 31 18) 10 8 (38 7) 53 (45 19) 44 5 (57 23 59) (16 28 1 15 32 22) 4 56 36 (34 20) (51 47 14 54 11) (2 12 27 21) (29 35) 60 55 (33 13) 17 48 3
43: (2 23 33) (55 13 20 15 5) (9 39) (22 6 44 45 60) (7 32 18)
44: (22 30) (2 23 54) (60 36 12 3 53 48) (29 25 4) 57 (40 26 45 31 39) 38 24 32 51 (1 14 27) (6 9 58 18 16) (56 55 5 34 11)
45: (31 54 23 60) (30 27) (33 48 13 57) (38 24 39) 18 (59 43)
46: 9 (56 44 47 27 55) (13 31 17 38) (6 1 54) 33
47: 19 (48 55 57) (59 4) (13 14) (46 25) (5 1 2 33 11 44 18 12) 56 (31 53 34 39 6 15)
48: 5 54 48 (6 21) (44 46) (56 38 19 37) (28 57 34 15 11 1 14 24) 55 (35 53) (22 39) 20 (43 4 12) (33 40 32 31 52 42) 25 (29 59 18 49)
49: 37 39 3 (17 44 27) 4 (38 13 48) 34 36 6 59 (29 24) 5 (11 40 30) (60 54 26 35 49 9 57) (18 45 8 43) 32 12 (28 46) (15 2 50 47 42)
50: (38 25) (49 51) (26 45) (44 54 20) (23 30) 40 33 52 16 (3 41 19 50 12) (43 36 27 42) (11 31 58) 2 (34 1) (56 5 6) (39 46) 32 (29 13 14) 28 (47 10) 17 15 (57 4 8 21 48 9 7 22 53) 55 24
51: 10 (24 18) (14 29 31 8) (12 9) 13 52 (22 39) 2 25 (41 23 54 15 32 11 4) 57 (53 51)
52: 50 (25 44) 31 2 (41 16 27) (6 5)
53: 37 58 (13 38) 31 23 59 53 (33 51) (8 9 3) (26 48) (55 1) (14 11 5) 52 28 16 44 (10 60 4) (15 36) (43 30 19 35 56) 20 (6 25 39) (49 46) (27 54) (50 29) 17 (18 45 34) (47 41) 2 57
54: (39 6) 31 (3 2) (26 10 5 60 15) (30 22) (48 21 1 16) (45 7) (51 32 54) (53 37) (38 17 42 25) 40 (41 24 35 47 52 33 34) (20 13 9) 46 44 29 (14 12) 50 (55 58) (36 11) (8 28) (49 23 19) (57 27) 59 18 (56 4 43)
55: (58 20 3) (23 21) (28 7 41) 59 (15 4 51) 29 (37 26 17 1 40) (5 43) (53 52 44) (34 12 35 47) (42 46 19 11 27) (14 24 31 60) (33 13 32 49 38) (25 54 6 2 8) 36 39
56: (1 55 38) 13 29 11 12 31 5 42 (53 9 16) 30 (25 45) 47 (39 40) (52 18 49 51 6 35) (56 21) 14 7 (19 4) 41 (22 34 27 60 24 10 23 28) 43 58
57: 43 (27 24) 9 (8 49 16 38 42) 29
58: (23 11 60) 16 10 4
59: (8 38 31) (35 17 40 13) 50 (42 44 60) 6 (53 55 43 56 26 7) 21 (19 37) 33 (15 45 59 30 39 3) (20 1 28 11 49 34 5 4) 24 54 (2 48 16 23) 41 (18 14) (10 29) 46 (57 22) (9 36) (58 25)
60: (46 24 45) (38 27) (52 34)
1: 55 14 (11 41 44 34) 25 (46 13 19 42) (15 18 6 28 54 36 56) 4 (29 16 8) (40 59) (50 47) (48 33) (31 53 37 24)
2: (14 11 32 54 6 3 42) 1 (43 49 18 47) 52 (59 55 21 24) 50 19 (51 26 8 15 16) (36 17 37 29) (44 53)
3: 4 (44 59 39) (18 16 49 42 55 32 7 35) (6 37) (26 27) (24 15) 50 11 8 (36 34 54 5 19) (29 53)
4: 55 (51 13 58 48 49) 8 25 (6 26 19 50) (47 59) (11 36 44 34 17 53 41 32) (56 21 23) (15 2 16) 40 (42 54 4 30)
5: (54 19) (52 37) 59 (44 21 50 27) 15 32 (25 49 47 43 13 41) (48 24) 9 6 56 (20 18 4) (53 36) (42 8) 34 55
6: (19 26) 33 (59 36 10 52 28) 46 (56 23 4 43 25) (54 50 48) 44 (17 55 49 39 47 16) 37 (53 6) (24 15 8)
7: (36 54 24 56 31 37) 32 (26 43 10 59 9) (8 6) (11 18 29 16) (15 21) (4 17 40 42) (50 55 23) 14
8: 21 (57 37) (40 36 59 12) 55 (8 50) 53 14 (19 39 15 54 27 29 26 34) 32 (49 17) (33 11) 13 (18 42) 4 25 51 41
9: (26 21 46 44) 1 24 (11 15) 37 (14 13) (4 49) (54 50 8 43) 10 59 34 (6 40 53) 16 (17 56) (18 57) (51 36 39 29)
10: (34 29 15) 6 (21 25) 16 4 56 37 18 (42 54 19 14) (53 58) (50 32) 51 8 (7 1) 30 (36 26) (59 31)
11: 19 (36 29) (24 33 44) 32 4 (47 35) (28 14 42) (17 51 2) 16 26 58 (56 50 21 55 48 41 54) (59 40 15 53) 49 31 (8 6) 7
12: 8 (25 24 6) (47 12 56) 44 (28 48) 14 (13 51 54 11 17) 16 (26 49) (37 31 19) 50 (36 32) (42 15 23 55 29)
13: (17 18 16 13 40 32 50) (43 45 21) (55 15 36) (19 46) (42 53 6 4) (11 31 39 54 41) (59 25 49 47 56 51)
14: (16 29 44 50 17) (53 8 36 20 47) (42 11) 55 (14 40 34) (51 25 37 54 18 19) 24 48 (15 56) (4 26) (41 21) (39 1 59 13)
15: 28 (13 31) 43 (51 24) (18 42) (55 48 3 53 15) (47 16) (26 8 59) (17 37 21 14 25 50 54 49 36 4)
16: (15 6 28) 26 (42 56) 17 (36 16) (37 4 7 57 2) (54 52 18 44) (1 50 53 11) 9 58 24 (8 59 39) 21
17: (19 39 17 42 41 12) 36 54 53 (18 40 16) (28 11 49) 8 46 26 (21 31 24) 34 29 4 (55 6 59) (37 50 1)
18: (31 53 16) 56 19 28 (44 21) (4 41 36) (13 8) (45 51) (18 37 34 24 43) (29 48) (15 42 49 54) (59 47) (23 14 40)
19: 53 37 (41 8 40 13 17 15) (47 54 59 1) 23 (4 16) (42 2 25 55 50) (19 33 24 48 3) 12 (20 36 11) (56 21)
20: 29 (17 4 43 21 42) (37 32 59) (3 31) (9 14) (26 55 28 30 41) 48 (36 12 53) (1 23 25) (15 24 34 54) (8 50)
21: 2 (24 36) (13 37 19 42) (50 18 16 54 14) (4 56 25) (34 55) (8 32) (29 6) 21 17 (11 59 15 48)
22: 36 (59 30 43) (44 40 48) (42 29 26 19 32 8) (21 56 28 54) 11 (1 24) (15 31 17) 6 50 (51 23) 4
23: 55 59 (19 45) (37 17) 4 (2 54 6) 53 (18 35) (51 56) 43 (41 8) 20 36 (13 12 21) 28 26 29 (58 16) (44 42) (33 25 31) (50 23 7) 1
24: (15 60 31) (56 42) (19 7) (32 50) (40 11) 24 (16 48) (12 44 4 35) (34 54 28 21 57 49 1) (36 45 59 37) (13 51 30) (8 2) 39 55 29
25: (6 11) 37 26 4 (52 28 29) (50 13 23 56) (12 59) 34 (47 54 36) 24 (25 15 16) 21 (55 8 53) (44 51 19 48)
26: (36 35) 30 8 (10 42) (23 31 20) (53 1 21) (16 55) (9 50 24) (11 33 54 15) 32 4 49 (28 6 40 44 37) (59 34) 29 13 (19 26)
27: (4 60) (45 53 46 42) (24 20) 50 18 (49 14 8) 21 (36 33 55 10 40 56 15 12) 54 (16 23) (44 11) (34 6 29 25 57 52)
28: (21 6 48 32) 25 (18 31 12) 40 42 (54 17 50 14 56) 37 (49 35) (8 11) 53 28 59 55 4 (16 39 26 15 24) 36
29: (49 32 59) (21 36) 35 28 (16 14) (8 22) (44 48 53 55 42 15 50 1) (17 26) 51 (7 56 37 24) (11 3 19 57 40 13 29) 54
30: 37 (26 25) 15 (53 8 50 13 28 12 21 6 34 3 54 36) (39 31 11 30) (49 42) (44 14) 19 (20 17) 18 (45 59) 4 56 24
31: (52 8) (50 53 24) (13 42) (45 17 59 33) (36 46) 6 (44 25 21 56 39 51) (48 34 4) (3 29 15 54) (37 18 27) (55 14 47)
32: 8 55 37 (6 51 21) (3 23) (15 11) (24 16 49 33 13 12) (4 42) 54 (36 48 50 43) 2 9 (44 27 19) 32 31
33: (6 26) (21 31 39 50 42 8) (55 46 2) 45 (48 59 15 28 54 47 41) (19 12) (13 11 18) 24 (29 4) (53 43 36 33 14)
34: (19 50 54) (53 17 36 31 37) (59 48) 4 15 18 55 (39 8) 21 (7 24) (34 56) 44 60 (47 42 13) (20 49) 29 6
35: (28 55) (3 12 59) (40 4 31 14) (21 56) 38 (1 16 32) 34 (6 13 11 53) 19 (35 42 36) 10 (49 8 54 48 24)
36: 16 8 (53 11 35 23 21) (4 59) (54 18 14 36 49 37 19) 15 9 50 24 40 55 (42 31) (44 17)
37: (41 54 53) (48 49 3 13 10 15 20) (55 18) (11 26 17 39 1) (37 29) 8 31 25 (19 21 40) (24 36 34 59 42)
38: (4 14 37 19) (60 54 3) (42 18) 25 (59 15 12 34) (56 17) 45 (53 21) 50 (55 46) (16 24) (48 8 44) 31 (57 49) (11 7 36 13)
39: 59 (3 1) 24 56 (44 39) 53 33 48 (11 47) (43 15) 41 (16 36 12 51 14 49) 32 (55 37) (45 29) (21 50) (19 54) 31 34
40: (8 34) 26 (33 37 28 54 31) (18 44 55 36) 6 15 17 (21 16 9) (24 48 39 12) (49 41) (59 50 29 56) 19
41: 24 (32 18 37) 42 (31 52) (56 55 8 23 36) 50 (20 2 54 53) (51 4) (19 21 34) (59 17) 28
42: (54 55 48 50) (6 49 39 8 56) 25 (4 1 15 33 37 19 26 23 59) (21 24 11) 13 31 (18 42) (3 12 57) 41 17
43: (23 42) (21 54) (45 39 48 34 15) 16 53 (56 36) (12 8) (13 11 49 17) (41 24 59 26) 3 (55 6) (30 50) (18 19) 57
44: 19 (24 53) 43 (12 36) (6 47 42 3 34 52 17 49) 4 46 39 11 13 (50 28 15) (8 55) 25 (59 48) (54 7 14) 41
45: (43 37 44 11 29 21 18) 50 40 (24 30) (54 53) 42 (60 56 34 36) (26 23 1 16 59 49) 33 (31 15 7 4) 8
46: (24 8 26) 15 (41 30 60) (39 37 25 13) 55 29 (12 28 34 4 21 50 54) 10 14 17 (19 6 48 59 42 49) 53 (11 36 31) 47
47: 41 56 (42 53) 3 (19 40) (38 23) (6 31) (15 55) 30 21 (26 50) 34 1 11 (29 36) 4 (46 37) 13 17 49 (16 22) 54 8
48: (47 54 1) (15 50 59 27 33 19 49 32 31) (36 29 4 13 14 17) 53 (6 21 24) (7 39) 12 (8 48) 18 (42 34 11 26 44 40) 45
49: (6 59 37 39 40 50 8) 4 (53 48 54 49 36 16 25) (29 57 31 18) (55 19 23 13 14) (15 27 21 10 32) (24 56)
50: 33 (32 17 52 34 53 24 31 19) (50 59 15) 26 4 (36 18 8 39) 37 (12 21) (54 49)
51: 33 26 50 (8 13 16 36) (18 15 55) 4 (42 21) (24 56) 12 17 51 (19 44) (6 54) 53
52: (36 42 8) (50 53) (48 56) (24 25 6 34 55 13 18) (37 51) 60 (11 31) (15 32) (17 41) (14 4) (26 54) (12 20)
53: (50 36 44 34 29 13 4) (14 55) 18 40 54 (48 21 16 53) (26 8) (56 6) (25 47 17 41 19 37 24 42) 59 (15 51)
54: 19 (50 16 13 51 26 49) (29 44) (42 7 39 25 34 46) 53 (59 14) (15 11 37) 48 31 21 (24 45) (54 8 36 4 23 55)
55: (2 44 21 36 15) (32 47) 50 (35 39 18 48 42 19) (43 23 16) (14 59) 8 31 (37 53 24 7 13 29) (56 26 46) (28 54 33 34)
56: (17 48 9 1 14 11) 15 (54 8) (29 19 59 53) 21 (6 20) (36 56 42) 18 46 (24 40 47 50) 37 (44 23)
57: (45 59 42 51) (49 39) (16 12 9) 11 31 (15 44) 24 (36 53) 37 (8 19 23 17 47 21) (26 48) (25 29 54 4 50 18 34)
58: 50 24 (31 41 13) (54 34 40) 37 (56 32) 19 (53 44) 23 (59 42 33 25) 4 16 55 8
59: 53 24 49 59 (33 25 55 54 35 31) (3 14 30 11 41 19) 16 10 (36 37) 21 32 45 (47 8 48 26 42)
60: (49 11 36 55) 4 6 (40 43) 56 (37 31 58) (12 29 28) (23 16 24 19 8) (42 15) 26 54 (44 59) (21 45 27 53)
