60 60
1: (1 56) (45 59) 31 (54 44 46 18) 28 51
2: (12 1 34 28)
3: (34 22 13) (16 9) 12 (36 48 19 24 28 7) 3 (55 5 4) (45 43) (15 6) 26 (56 10 46 30 42 51 18 52 29) (53 35 47 58 54) 2 (8 32) (27 11) 1 (57 21 59 14)
4: 9 (57 35 42 11 38) (6 37) (23 15 14 2 60) 53 (12 59 45) 51 (20 50) (10 27) (28 43) (49 22 18 4 40 41 29 8 48 56) (30 16 39 13) (1 26 44) (52 5 31 32 47 54 55 58) (19 36 25)
5: (28 19 22) 18 (60 14 17) 20 49 (16 57 59 32) (31 8 13) 37 (40 4 45 50 36) (42 12) 30 (54 7 43) (33 41 10 15 39 25) (29 34) 11 (51 26) 3 (53 6 56)
6: 29 (23 9 60) 37 (38 2 22 35) (32 57) 1 14 (28 3 8) (26 44 47) 53 39 13 (25 31) 20
7: (9 35 47) 22 21 (16 5 13) 49 (11 43 27) 36 (33 19) 50 38 12 1 (41 25 37 24 28 53) 10 (42 14 8 51 4)
8: (41 15)
9: 30 12 13 29 60 1 (18 40) 22 (16 2) (45 27) 6 11 (59 20) 46 50 (23 3 9) (39 4) 55 (35 41 38) (43 51 57) (25 7) 17 (34 28) (19 48 52) (31 49 21 44 53) (26 14) (15 5)
10: (21 9) 23 (36 57 43)
11: 53 (13 2) 45 38 (59 55) (19 34 54) 21 23 51 (43 24 33 7 29 44 30 20) (40 31) (56 35 26 32 5) (9 10 22) (41 1 8 57 49 28) 16 (15 25) (58 50 39) (3 37) 42 4 (47 52 14) 48
12: 58 53 (59 42 8) (37 6 27) 2 (52 15 25 51 16 43) 20 7 (1 5 18 48) (4 30)
13: (59 39) 53 19 (13 17) 24 20
14: 45 29 (31 7 52) (35 50) (58 6) 27 40 (8 60) (38 20 10 16) (5 44 51)
15: 51 43 (20 41) (26 11 40 50) (10 16 52 47 8 3 59 1 32 58) (31 13 37) 29 (60 15) 4
16: 24 45 20 54 (46 13 15 2) 29 28 43 (9 36) 40 (10 7) (41 31 52) (53 17 56 32 19) (60 44 48) (42 11 37 5) 59 (8 47 25 57) 55 12 (26 39 38 58)
17: (40 30 11) (28 44 34 56) 55 22 (39 50 41)
18: (29 33 25) (9 10 34 24 27) (17 15) 45 39 (60 59) 16 37 (6 26 19 48) 23
19: (24 29) (16 46 35 21 2 18) 8 (57 42) (49 6) 37 (48 45 55) 56 25 60 (27 26 30) (3 53 5) 12 51 (23 15) (39 13) (7 50 58 11) (38 28 17 33) (52 4) 47 44 41
20: (53 32 55 38 12) (41 19 46 42) 22 (30 15) 25 34
21: 27 55 37 (49 15) 48 2 (12 51 31) (16 10) (40 1 23 19) (11 45) 4 (36 59) (29 58) 42 (39 56) (44 18 7) (41 33) 20 13 (35 5) 24
22: 46 27 26 55 (58 14 51) 50 (7 45) 4 15 39 6
23: (6 1 30 52 32 47 46) (45 25 14 18) (17 3 29 49) (24 53 33) (55 10 2 54 26) (56 37) 60 (22 11) (41 42 35) (38 7 28 51) (20 44) 40
24: (53 30 52) 44 (19 43) 26 (8 18 21) (59 33 6) 11 (60 25 13) (54 22 5 51) 34 15 23 12 29 46 (37 27) (1 48) (24 17) (45 41) 28
25: 2 22 24 (49 3 20) 17 (6 59 4) 1 (51 47) 5
26: (56 55) (42 18) (59 10)
27: 4 (10 31 21) (5 17) (56 12) 53 8 (18 52 50) 32 59 51 (13 41 28 34) (24 38 54) 16 (43 1) (3 42) (26 39) (60 36 14) (30 44 11) (35 22 48 27) 9 (6 45) 7 23 15 58
28: (52 17 20 57) (45 8) 39 54 (28 30) (13 32) 50 (35 59 5 14 58) (15 38) 29 (27 19 21) 26 (36 3 44) 10 55 41 51 (34 23) 22 (4 1)
29: (46 2 27 25) (48 29) 34 (41 40 38 3 9 58 15) 22 55 (30 24)
30: 58 17 38 (49 12 57 5 36)
31: (37 9 38 4) (13 11 48) 30 (60 29 19) 58 24 (52 14 12) (32 7 3) 27 (39 33) 41 5 (17 40 50) (36 16 59 22 6 53 10) (57 25 8) (31 43) 46 (35 56) (26 55 23 45) 49
32: (39 54 9) (15 56) 51 (32 44 49) 22 52 (21 43 27) 11 55 (10 48 23 37 28) (2 25) (33 5 41) 36 29 7 (45 53 3) 31 (60 38 47) (16 50)
33: 50 (7 58 4 42 57 18 12 55 16 14 53 46) 31
34: (12 39 11 40) 53 (43 54) (51 59 27 36) (17 30) 16 (35 56) (52 38 7 1 2) 9 (48 4) 41 5 (10 6 42) 19 21 60 (58 23 49 29 28 50) (34 33 57 3 47) 55 20 (37 45 26) 24 (32 31 25) (18 22 15 14)
35: 33 36 9 (32 30) (37 25) (31 35) (47 43 50 60) (13 14 55 11) 51 44 (34 42 38 27)
36: (8 2) (54 25) (14 55 51 38) (31 11 42) (3 52) (5 10 16) (35 18) (58 48 57 27 39 50 46 56)
37: (21 13 17 24 53) 35 56 (7 32 34 40) 18 (28 5) 11 (19 14) 23 (22 60) 50 (10 3 36) (29 39) 37 6 59 45 49 38 (30 43) 2 15 (48 57) (55 4 16) (41 44 26 33) 9 42 (54 58 12 31 27 25 1 52) 46 (51 47) 20
38: 31 (48 37) 6 40 16 (60 27 58 41 56) 36 (12 55)
39: 40 (13 11 47) (22 29) 27
40: 59 (20 16 57 55) (1 30 9 46) 35 27 22 49 (41 51) 34 31 (2 15) (29 5 54 3) 23 19 56 36 50 (58 24 25) (17 10 39) 33 (60 6) 43 (38 52 13 45 7 47) (21 8 14) (42 32) 37 40 (4 26 28) 44 53
41: 29 (47 51) (2 34) (19 27 13) (5 52) (53 16) (58 10 6 1 48) 23 (9 50 8 17) (43 12 38) 42 39 32 21
42: (9 38 12) 53 23 (48 52) (24 42) 55 56 (4 2 33 20 22 45 15 29) 17 51 21 (58 35 49 13 31 60 1 41 57 5) 54 (43 16 10 28)
43: (11 56) 45 36 1 29 46 (32 28) (19 47) (52 8) (37 60) 57 13 48 (53 6 15 16) (44 10) (54 59 43) (33 42 18) 27 (20 17 49 50 41 26)
44: (44 50 24) 23 (1 57) 27 (9 35) (25 32) 49 (26 11 29 41)
45: 58
46: (5 58) (1 23) (16 55) 52 (8 39) (32 18 37) (36 33 12 45 11 26 2 28 29 20) 6 (47 22 44 34 13 19 59 60 17 7)
47: 15 54 29 33 (43 10 53 39 12) 40 (48 26 37) 6 55 42 (45 52 18) (31 56 30 9) (3 7 44) (21 19 51) 2 (50 38) (22 27) 46 20 24 (59 60 17 34 14) 5 (25 8 32 1 36) 13 (11 49) 16
48: (13 2 49) (38 47) 3 (16 39 30) (33 59) (11 37 6 7) (20 50 9 24 23 14) (10 34 21 27 53 35 25 51 28)
49: 23
50: (28 41 5 48 16 24 40) (35 32 46 22) (54 36) 49 27 (45 15 26) (55 43) 42 (53 6) (44 18) (14 57) (39 11 2 37 10) 33 50 8 51 (7 47) 59 21 (58 30 20)
51: (9 52 60) 13 32 (5 40) (35 15 1) (23 41 56) 16 (33 2 10 6 27 42) 28 (25 21 4 14) (51 36 26 12) 20 (24 54 46) (19 44 43) (48 22) (18 58) (47 49 17 31) (37 55) 7 45 (57 34) (53 50 30) 8 38
52: 29 (21 42) (18 44) 7 (30 4 27 41) 43 (48 24 35 14 20 59) 52 12 5 32 (51 56 45) (2 47 3 13) 15 (54 36 22) (28 39) 34 49 50 60 (6 46 11 53) 23 (25 1) 16 10 26 (37 58 40) (9 57) (17 38) (19 8) 31 33
53: 47 (25 8 15 24) (29 39) 50 (23 42)
54: 20 13 (29 32) (43 18 16 34 40 21 26 3 51 36 12 27) 1 (48 17 55 28) (6 47 60) 22 38 49 (58 46 5) 50
55: (41 55 40) (1 45 38 2 18) (27 24) 52 (17 37) 13 (60 3 22) 20 (59 21) (51 54 42 33 58 36 46)
56: (32 6 45 22) (2 19 33 28) 53 13 (9 3 29 36 37 46 16 23) 42 (7 24) (35 30 57 56) 5 (50 26 25) (49 43 39) (20 60 14) 12
57: 28 (19 37) (20 60 52) 8 (22 10 32) 2 (38 24 55 18 44)
58: 32 (35 60 25 24 52) 39 (18 48) 40 (30 51 59) 33 (29 13) (53 22) 5 20 3 (49 45 10) 44 (31 11 9) (21 47 8 4 42 23 28 26) (6 38 56 58)
59: (48 19 18 17 10 49 30) 20 (26 56 12 37) 33 16 (54 53 11 58) (46 35 13) (27 5 38 50) (7 23) (41 47 4 28) (3 60 6) 2
60: (33 1) (19 31) (60 9) 2 (21 11 44) (3 22) 49 26 34 59 (7 14) 27 (40 42 4 5 45) 32 30 (56 53 35 57 25) (10 39 8 24 18 48 50) (20 16)
1: (42 40 44 54) 47 (3 7) (12 23 24 2 25 1 37 34) 51 43 (46 9) (6 15) (4 28 52 55 27 41 11 60 21)
2: 37 (3 32 46 6 48 42 29) 19 (52 9) 51 55 4 50 11 (34 36 21) (23 16 40 25 59) 12 (56 60 57 47) 41
3: 47 (56 28) 55 (15 5 59) 29 36 (25 52 58) (27 48 60) (9 54) 23 (32 31) (40 19) (34 11 37) (3 6)
4: (25 15 28 33) 7 (40 31 27 5 34 60) 22 (52 51 11 37 9 12 21 3 58 4 42) (59 19)
5: 31 4 (14 34 32) 59 47 (58 46) (25 16 36 42 7 9) 11 (21 54 30 24) 56 40 (28 37 60) 3 52 27 12 (41 50) 51 19
6: (19 56) (31 23 22 5) (12 18) (59 58) (37 40 48 24 52 34 3) (50 46 14 51 27 43) 4 (25 47) 54 41 (38 9)
7: (23 16 52) (34 3 46 33 22 40 47) (37 21 11 48) (5 51 56) 12 (59 60 32 19 14 27) (9 31 50)
8: (24 50) (3 43) 31 19 (5 36 47 57 53) (6 40 15 7 14 4) 27 (16 46 60 52) (12 11 51) (58 28) 41
9: (56 35 34) (9 31) (4 47 6) (60 18 44 40) (3 10) 27 (32 37 42 29 7 16 48 52 41) (11 51) 58
10: (26 42) (5 57) (28 36 52) (58 27 31 14 48 34 60) 4 (41 18) (23 47 21) 43 7 (32 40) 37 (16 51 59 15 11 3 50)
11: 9 (27 35) (47 37 44 50 15 39 3 21 46 16) 31 52 (34 60 7 4) 59 19 (58 5 43 17 32 36 23 48 24)
12: (37 20) (30 7 31) 19 4 (51 54 3) (27 41) 24 (52 46) 38 56 42 (33 47 16 9 59) (34 5 21 2)
13: 37 (43 56 13) 47 (40 31 48) 51 28 (11 6) (9 39) (41 58 19) (27 16) 5 (15 55 52) 3 46 (35 7 54 42) (21 4 59 24)
14: 48 (31 27) (51 9) (3 47 60 7) (23 28 34 5 4 35) 6 (36 37) 52 (50 33) 56 (22 11) 40
15: 29 (52 16) (8 50 11 22) (37 34) (15 51) 24 32 (28 9) (43 21 53 40 47 42) 4 (19 3) (27 20) 5 (18 12)
16: 31 (54 43 50) 51 (52 19) (33 18) (4 47) 38 (40 41) 42 34 15 48 12 (5 27 7) 14 11 (60 56 21) 3 9 (32 37 46) 59 36
17: 19 51 (47 23) (40 46 59 5) (30 13) (24 43) (37 52) 41 (25 42 9) (54 55) (31 34) (28 18) 16 27
18: 3 (1 12 50 37) (57 9) (51 60 59 4) (52 24 21) (34 23 36 54) 47 (27 19 26) (55 5 58 33 43 46)
19: (7 4 51) (3 47 56) 16 (52 5 21) (43 41) 40 60 13 20 (37 31) (46 9) (28 34) 57 18 59 (11 24)
20: (23 21) (13 6) (14 54 51) (34 12) 5 (15 60) (47 16 11 46) 40 (28 50) 37 (52 59 57 9 43 42 55) (58 48) 25 (56 4)
21: (24 51 50) 10 3 27 (48 60) (37 47) (28 19 9) (41 58) 32 42 54 34 7 (40 55 52) 11
22: (39 25 28 34) (37 3 51) (11 23 9) (20 42 40 57) (52 55 47 4 46 50 54 60) 58 (27 56 32) 7 (29 31 17) (5 6 24)
23: (37 34 28 52 18 48 19 31 49 56) (27 58 11) 41 9 24 (10 53) (51 4 46) 32 40 6 59 44 (21 42)
24: (53 31 18) (19 51) (23 24 47) 34 55 29 13 (44 48 16 21 3 40) (7 58 56 37) (50 25 57) (27 11) 42 (52 60)
25: 31 60 (47 37 40 24 35) (53 51) 20 (7 52) (9 12) (16 4 36) 18 (29 32 48 6) (23 5) (44 56 34 11 58) 19
26: 27 40 9 44 24 (22 23 19 16 11 6) 59 (28 4) (54 46) 58 (50 31 34) 18 (52 51) (3 47 15 37 43 60) (5 56)
27: 24 (36 3) 37 7 (18 14) (39 41) 27 (55 47) (54 28 38 21 48 59) (32 34) 29 40 (31 60) (9 19) 4 (22 12) 35 (51 43) (50 44 52)
28: (17 6 16 24 5) (34 54) (50 32) (1 46) (48 42) (11 9 52 43 51 19 23 58 3) 28 (57 37 56) (27 59) (40 4 2 7)
29: (31 19) 46 (43 9 52) 28 (24 15 11 56 5) (3 54 53 40) (21 47 34 23 16 32) (41 37) (4 39 44 6) (14 18) 58 (29 42)
30: (28 19 35 56 20 37) 12 (23 51 58 48) (60 59 3 29) 5 (50 4 17) 31 34 (24 11) 40 9 (27 47 52)
31: (51 15 37) (40 34 27 6) (47 5 14) 58 21 (38 16) (32 42 11 33) 35 (9 36) (1 52 4 60 31)
32: (56 41 44) (4 11 47 57) 54 (6 15 20 28) (31 50) 51 23 58 32 (46 35) 60 34 (16 27) 40 3 (37 52) 5 43
33: 51 60 (46 50) (7 19) 31 (23 58 11 37 59 56 48 42 21) (34 24 55) (43 18 5 52) 35 (40 47) 32
34: (3 41) (34 18) 60 20 27 (9 52) (37 46) 28 29 (35 17) (2 54) 24 (48 11 5) 47 (51 40)
35: (9 19) (51 58) (11 34) (60 4 27 37 42) (7 3 35 31) (21 14 36 44) (56 28) 48 (40 59 50 6) 23 52
36: 38 7 35 (5 28 51 27) (16 55) 56 (46 10) 30 (54 47) 4 (50 40 52 21) 37 (34 32) (3 31) 43
37: 47 (51 5) (23 11) (56 37) (18 52) (24 7 16) (35 59) 57 55 (48 46) 40 (38 4 12) 21 32 (19 15) (31 43 50) (6 34)
38: (9 51) (35 23 37) (20 16) 36 (48 19 41) (4 32 29 54 34 55 11) 30 6 (42 14 58) (47 52 28 7) 27 (59 40 57) 31
39: (11 31 56 46 19 16 34 52 58) (9 22 6 36) (27 50 13 17) (18 40) (5 48 37 53) (21 32) 4 (41 47 28 60)
40: (5 60) 21 (15 9) (31 29) (39 11) (55 50) 17 (54 38) (47 14 34 58) (23 52) (4 40 51) (16 37)
41: (32 27 37 23 43 28) 24 (52 59 29) (34 17) (38 42) (7 31 44) (20 19) (21 4) (16 40) 5 (50 8 55 51 15 9 11)
42: (26 36) (34 53) 3 (23 50) (60 7 19) 5 (51 16) (55 40 20) (56 42 12) (43 33 52 47 27) 21 4 (11 41 35 37 58)
43: 34 (51 43 40 15 54) (56 11 52 10 42 41) 31 47 24 (12 35 37 3 5) (32 50 4) (27 9 7) 16
44: (11 14) (46 57) (17 32) (9 4) 60 43 27 (37 40) (52 50 24) (44 58 28 16 51) (23 19) (6 35 1 47) 21
45: (5 55) (47 21 51) (3 43 23 19 58 46) 34 52 (42 11 18) 60 (22 32 16 27 40 50 37) 31 (9 28 4 1 14 56 24)
46: (9 31) (47 22 29) 1 (37 43 50) 54 (51 24 3 19) (52 23 36 59 16) 20 (33 55 56 40)
47: (53 51 48) (40 43 4) (23 3 54) (25 41 16 32) (52 58 19) 39 (7 34 15) 37 35 (50 11 46 6 59)
48: 9 54 50 21 (34 52 12) (43 27) 59 38 (4 29) (3 47 42 24 18 32) (36 19) (51 60) 37 (41 31 58) 16 11
49: (23 42 7) (59 44 48) (60 4 9 58 32 30 50) 43 (54 47 5 11 31 37) (51 52 25) (34 56 21 40) 19
50: (34 51 54) 19 40 15 (7 37 11 53 44 48 32 36 52 17) (35 9 31 56 28 47 43) (50 22 59) 27 14 (33 60 4) 5 41
51: 50 (54 47 48) 37 36 (24 42 15 52 35 58 9 1) (41 14 32 5) (55 4 12) (3 28 51 27 19) 11 (21 22 23) (40 25 34 7)
52: 57 14 (16 37 11 55 27 40) (43 3 23 9) (28 19) (41 31) (34 46 4) (42 51 15 58) 47 24 52 (36 32 12)
53: (7 60 3) (5 59) (32 16) (20 24 6) (33 31 52) (19 50) (4 41) 43 (12 58 13) (11 37) 40 (48 23 9) (27 56) (47 51 34 42)
54: 24 (23 52 47 27 50 36) 3 (11 51 28 55 42) 1 (4 32) (37 34) (5 40 59 16) 43
55: (21 55 23) 46 (22 17 28) 50 19 42 (4 40 26) (20 37 16 9) (57 35 33) 11 3 (31 51) 47 (29 38 34) 36 (54 32)
56: (16 36 32 60 43 56 37 3) (52 34 21 59) (31 47) (38 51 58 11) 42 (19 1) (5 40 26) (23 27) 4 17
57: (42 33) (50 28) 9 51 (31 40 56) (5 10) (34 11 4 3) (30 43) (16 36 37 52 44) 60 6 19
58: (28 42 19) (36 29 14 16) (38 11) 52 (22 55) (33 3 15 58 40) 54 (12 34) (46 45) (51 31) 41 (30 21 27) (4 50) 37 59
59: 58 50 (12 13 16 4) (43 21 26 1 34) (9 37 31 5 25 55) (47 46 18) 40 (3 27 24 52) (28 15) (48 11) 60
60: 38 6 (18 16 51) (27 23 32) (57 4) (54 15 9 56) (35 14) (37 34) 55 (52 5) 46 (60 58 19 24) (31 43) (42 59 40 47)
