60 60
1: (40 27) (56 16 23) (37 42 8) 26 41 49 28 32 14 47 (44 29 34) 4 51 38
2: 8 (44 40 37 6) (50 56 3 20) 27 54 (11 49 41 57 18 31) 39 1 24 (28 34 53 59 5 60 2 7 48) 10
3: 23 (38 50) 4 29 (11 49) (57 17) (22 25) (51 46 40) 45 27 (31 41 8 36)
4: (59 6 38 43 33 32 54 10 22 21 24) (45 35 36 5) 4 (27 40) 9 37 (55 46) (8 29) 3 (42 57) 51
5: 15 32 46 6 (18 43 19 34 30 58 45 33) (29 56 11 2 9) (54 23) (26 12) (52 17) 50 (13 47 51 36) (37 27) 55 44 (59 38) 60 4 (24 1 28) 8 (31 39) 41 (22 3) 25 49 (40 35) (57 5) 48 (7 14 53) (21 10) 16 (20 42)
6: (38 60 52 44 58 25 43 40)
7: 13 (40 39 27) 6 (2 51 28 53 41)
8: 19 (49 30) (55 23 54 51) 21 50 (53 52 44) (45 39 46 14 3) (16 17 27) 22 (8 56 58 40 36) (29 43) 24 (59 9) 20 37 (28 10 7 13 4) (60 12) 42 33 (31 57) 35 (41 25) 47
9: 13 59 8 (15 4) 29 19 14 (27 41 54)
10: 38 7 10 (26 39) (12 6 9 30) 44 4 20 (36 23) (32 49 52 35 16 19 3) (43 50 22 25)
11: 59 55
12: (19 16) 46 (1 42 34 27 17 9) (25 12) 2 (43 59) 22 (29 32 15) (21 48 44 54) (53 57 23 30 8 40) (60 28 26 39 14) 4 5 35 45 6 (41 33) 13
13: (21 24) 20 18 8 (47 31 2 29 25) 55 3 56 50 (46 26) (16 42 60) 11 (33 30 54 5) 45 (15 53 14 34 40 59 52 36 10 38) (7 23) (43 37 35) 44 (48 19) 39 (28 13 4 12 49) (51 6 1) (32 9 17)
14: 45 (40 5 59) 56 35 (1 4) 54 (44 38) 32 41
15: (42 14 52) (57 32 29) (50 6) 47 (40 24 49 56 33 46) 39 (48 26) (36 44 11 43 1) (35 10) (55 41) 7 (37 19 28) 18
16: (52 5 38 4 35) 22 (34 51 45) (58 60) (7 55) (20 21 23 13 12) (47 24 29 6 16) 25 54 (48 17 31) (49 30 40) 2 43 46 (1 36 32 41 59) 28 (56 57 10 27)
17: (53 52) (46 29 7 18) (4 47) 59 (37 8)
18: 19 27 (26 43 12 30) (29 21 9 35) (14 16 5 11 4 17 48 46 39 49) (15 24) 41 (7 42 60) 37 (34 51 28 52) (57 23) (8 33 36 56 32) 22 (59 1) (54 31 18) (25 3) (6 10 13 47) (44 58 38 55) (40 20) 53 (2 50) 45
19: (58 18 40 30 39 48 10 36 12 22) (52 33 55 51)
20: (34 33) (11 30) (17 40 46 50) (57 1 6 47) (42 4) (39 14) (2 22 25 60) (23 38 58 3 28) (32 44) (27 49 29 24 26) 20 (5 10 56 51) 15
21: (35 44 20 9) (46 19) (21 31) (40 60) (18 2 5 15 4) (8 24) 11 55 (27 13 29) (25 12) 56 57 3 (52 38) 26 14 22 (49 34 39)
22: (58 19 7) 53 (2 27 34 43 50) (32 51 46) 60 (25 10) (15 12 22 3 13) (24 59) (42 39) (6 38 54 45 16 18 57) 17 (9 44 52 48 28 37) (36 5 11) 35 29
23: (19 31 35 3 45 54 44 43 10 51 21 28 16) (42 20) (22 53) 24 26 (56 13 34 12 38 55) 14 41 30 (60 36) 9 (52 1 59 47)
24: 53 13 (47 22 40 43 6) (18 32 34) (23 49 38 48 19 10 26 12 56) 1 (5 11) 50 (8 9) (36 52 51 25 24 21 16 3) 39 (41 29) 2 (4 55 44 46 42 27) 37 30
25: (21 46 18 47) 54 (56 22)
26: (48 29 52) 25 51 (21 17 54 59) (42 43 58 26 50) 47 (14 38 53 7 6) (3 35 36) (15 18 37) (11 33 32 9) 19 (5 45) 4 8 (46 23 10 39) (24 56 60) (34 28) 13
27: 19 (14 6 35 24) (43 7 34) 9 (16 8 13) (59 15 20) (39 27) 52 (47 21 32 25 45 36) 5 (57 29 12 11 2) (23 10) 18 44 48 (33 4 41 46 42) 37 31
28: (25 53 37 20 58 36) (32 51) (60 41) (55 33) 23 (34 22) 9 (59 38 39 6 17 18 26 45) (5 27 52 7 57 30 3 54) 47 43 (24 50) 14 44 (12 56 46 42) 2 (11 10 49 31) 29
29: 53 (15 6 19) (51 33) (18 48) (24 43 30 36 56 16 7) (10 14) (40 58) (2 23 59 44 38 25 31) (27 12 50 39) 45 34 (1 47 4) (22 57 54 60 29 28 5 9 20)
30: 32 (1 56 36) 29 (13 59 40)
31: 18 (40 55 1) 32 (15 54) 41 (51 56 50) (35 8 24 4) (6 9) (22 38 34 26 20) (25 43 30 48) (3 14 23) 12 46 57 5 (49 28) (16 10) (13 11 7 31) 33 (17 2) 27 53 (42 21 39 59)
32: 52 (4 47 31) (53 14) (9 40 42) (17 38 23) 49 (43 12) 60 57 (29 13 33 34)
33: (57 36) (22 17) 42 35 45 (25 19) 20 (56 44 28 9) (26 52) 48 (21 30 40 49 60) (10 14) (3 39 46) (7 8 2 32 24) (53 6 50 16 29 5) (33 34) 38 43 (15 51) 58 41 18 12
34: (3 6) (15 2 13) 58 (14 47 51 44 32) (50 11) (49 29) 17 4 (20 1) 5 (40 37 34) (16 18) (19 57) 12 36 7 (22 30) 24 53 (45 42 8 60 35 38 48 52) (28 23 25) (39 27 33 41 54 43 26 31 55 59 46 10)
35: 5 (40 20 36 30 44 8 33) (41 23) 22 58 (12 14) (48 9)
36: 38 (10 29) (5 31 27) 44 14 (60 8 37 3 7 42 30) 35 (1 23) (34 49) (4 11 52) (20 48) (45 26 59) (36 53 39) 33 (32 25) 21 (40 56 17 41)
37: (9 27) (7 18 39) 11 17 (13 23) (4 48 37 20 41) (47 34 16 44 28) (2 46 60 19 35 22 42 54 32) (57 31 21) (14 58 1) 10
38: 20 (1 37 42) (27 46 47) 53
39: (51 19 58) (15 57 43) 47 (56 40 38) 3 (33 60 31 21) (4 23) (59 8) (44 13 45) 25 49 (30 28 22)
40: 56 26
41: 35 (58 14) 13 28 12 (50 15) 20
42: (29 28 42 47) 39 (25 11 31 1) 32 (43 24 54 58) (27 20 44 33) (46 9 14) (22 48 41) 59 (57 19) 23 (17 34 36 60 49 45) (52 21) (5 7) 16 (40 4 35 30 13 2 55) (38 51 37 10) 53 (8 56) (50 3 6 12 18)
43: 59
44: (28 36 13) (53 58 35 45 11 46 50) (22 30 4 34 54) (7 38 37 26 23) (47 56 55 32 41 57) 52 44 14 (6 2 24) 60 (42 17 21) 43 (49 19 3) (33 39 15 20 16 40 1 18 5) 9 (27 10) (48 12 8) (31 29 25) (51 59)
45: 13 55 (57 17 26 2 21 59 22 28) (25 42 7 49) 9 60 (19 41 12 4 33 45 10 47) (34 54) (36 18 11 5) (38 56 39) (15 52 37) (31 6 58 46) (51 44 20 1) 50 (32 27) (14 29) (24 53) (48 3 40) (8 43) 35 (30 16)
46: (47 26 54 33) 38 60 (18 25 41) 12 (1 27 13 51) (44 55 42 9 45 34) 59 53 5 14 23 2 20 52 (4 15 57 40 21 49 8 36 32 24 58) 10 48 31 6 46 35 (17 37) 11
47: (36 23 51) (34 1) 5 (38 40 22) (6 50 32 48) (53 17 31) (57 49 60) 2 (9 29 47 37 12 54 30 3 45 46) 20 (28 11) (18 41) (42 26) 44 (52 7) (16 4) 8 (27 58 43 35) 14 (55 59) 21 33 (56 13)
48: 30 (53 17 60) 34 (39 43 59 25 41) 20 13 (49 2 3 32) (55 4) 37 35 (27 40) (1 12 31) (19 57 50 45) 46 6 38 (42 15) 24 52 58 (33 14) (48 51) 36 23
49: 5 28 (56 43) 11 (31 38 48) (22 33) (12 49) (18 2 20 8) (59 60) 25 (3 51 52 37 39 29 16 35) 50 (40 23) 19 (4 13 34) (55 15 9 24) (57 58) (54 7 53 21) (30 6 17 32) (27 26 44 45) (47 10 41 42 14) 46 36 1
50: (54 43) 21 (7 32) (60 46) (17 30 50) (12 14) (39 56) (48 45) 53
51: (30 8 49)
52: (26 29 48 30 55 43) (33 19) 58 3 35 (34 45 40) (5 47) (54 44) (1 7 28) (9 57) 59 (32 27 60)
53: (37 51 9) (12 48) 43 52 45 35 29 (36 31 18) 47 (16 39 26) (32 6 27 22)
54: 21
55: 60 (58 3) (36 46 33 29 18) 26 (10 37 49 12 54 15) (38 40 6 31) (50 28) 45 32 25 23 (7 51 57 55) (9 24 43 16) 19 11 42 (21 35 48 56) 52 17 59
56: 1 (22 21 16) (31 28) 37 (34 20 15) 7 (54 41) 8
57: 2 (59 5 4 57 46) 19 (48 56 11) (29 3) (39 16) 13 47 28 33 (36 17) 18 26 (20 24 15 8 52 27 51 32) (1 14)
58: 17 (44 11 28) 14 23 47 34 (37 21 25) (42 6 13) 29 45
59: (3 19) 45 (11 51 6)
60: 39 33 (17 14) 34 12 48 19 4 30 (28 11 56 15) (16 37 45 60 23 25) (36 40) (31 57) 59 2
1: (14 30 56) (23 37 49) 34 (5 31) 38 45 13 44 18 52 (42 16) 57 (48 24) (2 46 36 47) 12 20 29 15
2: (24 45) (21 22 2) (34 27) (31 18 7) (5 13) 12 44 (42 33 16 60) 28 (49 57 48 20 29 37) (46 47)
3: 22 52 10 20 (48 55 42) 57 (24 18 31 45) (44 59 13) (21 5 4 34 2) (33 28) 36 (26 39 8) 47 (23 49)
4: 16 (32 39 49) (45 44 31 10) (13 24 26) 48 47 12 5 (3 60 36) (46 1 57) (4 18) (21 27 20 29) (17 8) (14 37 42 9 34)
5: 4 (52 27) 49 34 (29 45 14 47 5 44) (36 31 22 13) (2 21 35 20 24) 18 57 (12 26) (42 33) 28 (46 16)
6: (16 28) (27 49) (10 13) (34 7 24 31 12 4 58 26 2) (33 46 5 18 15 47 59) (44 53 22 48 29 45 42 20 55)
7: 47 (56 28) 44 (45 29) (13 15 49 55 34) (18 52 37 26 36 50 17 2) 27 (31 42 22 8) 5 (33 16 10)
8: 24 17 (57 27) (9 42 33 21) (5 36 2 51 26 31 8 18) (39 47) 3 (56 13 34 49 12 4 1 35 45) (46 44)
9: (18 8 22 52 47 12 53) 13 (35 29 21) 55 5 (49 44 33) (10 28) 45 31 (26 32 46 27) (37 4 42) (23 24)
10: (37 5 28) 26 (22 44) (46 15) (4 16) 49 (19 8) (55 36 10 20) 24 34 23 (29 18 33) 42 2 (13 27 31 45)
11: (44 49 37 2 31 59) 34 28 (22 3) (46 55) 27 47 (18 13) (45 15 5) (26 42 24 36 60 57) 20 58 21
12: 12 (19 5 8) 44 (48 33 29) (34 27) (21 10 49 45 41) (53 47) (55 18 46 23) 35 50 (32 24 42 22) 60 (13 16 28) 31
13: (49 32 21) (24 58) (45 34 31) (23 41) (26 44) (57 18 42 48 30 22 27) 12 (46 8) (47 7) 13 16 5 (39 9 37)
14: 28 (42 23) 58 (13 57 21 41 36 49) (8 33) (5 37 46 15) (12 1) 44 45 (32 34) (27 29 18 50 31 26 35) 20 47 (9 48 60)
15: 20 60 41 (13 45) (33 49) (34 29 12 55) (5 46 22 44 56 9) (48 57 27) 31 (18 39) (21 26)
16: (13 22 49 31) (37 56 33 8) 18 (44 55 12 34) (10 57 47 53 23 1 5) 45 29 (27 16) (60 24) 42
17: (48 58 22 12 47) 55 32 (3 34 33 8 36 57) (26 13) (16 49 18) (37 42 45 60) (5 50) 20 (46 44 28) 31
18: (26 33 13) 27 (45 19 15 24 46) 57 2 (31 37 55 5 25) 34 (21 18 53 44) (49 42) (22 29) (47 17 28)
19: (27 60 57 33) (39 29 23 8 26 21 13) (15 52 22 34) 24 49 (12 18 5 45 44 10) (9 37) 42 (55 48 59)
20: (35 46 2 8) (47 57 21 23) (48 16 34 18 13 28 29 31) (37 45 56) (41 5) 38 (44 27) 42 (33 49 20 10 36)
21: (47 39) (31 54 27 8 55 56 16 23) (44 12) 36 (42 5) 25 (4 26) (37 45) 46 (24 21) (18 49 50 13 33) 58
22: 20 18 47 (24 31 37 39 49) 23 (44 3 42) (34 29) 35 (4 22) (53 28 25 16) 33 (10 5 21 8 45) 56 (19 12)
23: 42 (31 55) (28 1 5 34) 20 (10 27) (49 60) 3 26 (35 12) (13 48 32 37) 36 (8 39 46 24) (29 16 44 47 18) 58
24: 13 22 (42 46 44 49) (21 45 4 57) (48 29 34) (28 16 33) (55 15) (2 23) (24 26) (8 27 31) 18 (5 20)
25: (29 26) 13 24 (12 58) (5 49 3) (55 8) 45 (60 22) (6 20) (48 33 27 34 31 39 28 18 44 36 21 10 46) 16 42
26: (13 5) (20 18 45 55) (47 53 40) (33 34 15 49 10) 21 28 57 (44 24 12) (23 1 26 31) 36 (46 52)
27: (5 27) (53 3) 2 47 (46 1 21 4 22) 45 (24 16 29) (48 49) (20 34) (7 31 8 38) (42 57 36 18) 12 (9 37 28 52 44)
28: 2 22 (41 45) 13 1 (39 5) 18 44 (57 8 34) 33 55 31 12 52 (20 7) 60 (15 56 23 47 26) (42 58 37) (49 16) 29
29: 33 30 (45 21) (18 36 8 27) (52 58 9 12 32) (15 1 29 22 4) (26 16) (44 53) (42 24 57 20 17) 28 (55 3 47 13 34) (49 5)
30: (42 5 44 36) (52 47 19 20) (12 60 50 45 28) 29 35 (34 13) (24 18 33 16) 23 49 (48 31) (10 8 39 51)
31: (28 42) (46 45 34 23) 13 (32 37 53 2 21 27) (60 48) (55 56 18 44) (29 39) 31 5 (47 8 3 16 49 36)
32: (16 15 55) (24 26) (45 4 34) 47 13 (44 5) 49 50 (28 42) (1 37 30) 53 22 36 46 12 (10 33) (14 48 18 31 57) (52 20) 27
33: (60 35) (42 45 32) (49 39 12 4 52 13 47) 31 15 (36 5 28 48 20 8 57) (27 18 55 33) 26 44 (34 46 29 19)
34: (58 42 37) 34 24 16 (20 52) (26 32 29) 48 (21 36 60) (22 44) 56 (23 31) (13 46) (49 28) (27 18 12 47 45 2 33) 5 1
35: 22 8 53 (13 49 14) 31 (44 5 48 42) (27 16) (21 45) 55 (33 34) 41 23 37 36 18 10 (15 12) 52 46 (4 26 47)
36: 53 (10 46 55 49 34) (42 60 36) (57 27) (4 24) (33 22 48) (3 5) (18 26 23 19 15 16 29) (8 35) 28 (45 47 30) (44 13)
37: 45 44 (17 49) (34 55 24 1 27 2) (60 8 58) (5 56 37 18) (36 38 13) (4 47) (53 48) (46 26 22 15) (42 28)
38: 31 (32 34) 44 4 (24 42 49 6 18 23 26) (21 36) 14 16 (28 33 39 13 10) 20 (48 5 46) (45 1 55) (29 22 47 3)
39: 19 (24 10) (33 50) (20 49) (44 27 36) (60 18) (13 5 7 45) 48 (37 34 15) 42 (53 28) (26 22 31) 12 2 21 (29 57 8)
40: 46 16 (60 42 3 52 49 45) 2 55 (13 6 19) (31 30 4 36) 8 (21 1) (48 12) (29 44 15 39 47 7) 14 35 (20 33) (18 5 24 32) 34
41: (28 15 14 35 45 24) 36 (31 48 18) 27 (2 56) (8 42 23 33) (16 5 3 49 1 44 7) (46 37 47) 9 12 34
42: 42 49 12 (34 15) (58 24) 55 (38 48 13 32 31 44) (20 28 23) 47 (36 18 8 33 22 46 26) (27 4) 37 (5 1) 45
43: (49 50) 42 28 (8 29 48 4) (27 44 32) 10 (18 34 53) (55 45 26) 52 (23 12 47 39) 33 (16 24) 31 (15 13 6 5) 22
44: (13 45 27) (6 14 36) (29 15 22 44 49) (8 47 23 21 18) (5 28) (24 42) 46 10 12 (33 35) (52 2 34) 58 (20 37 39 1)
45: 27 58 (45 3) 33 5 (29 49 53) (12 50 39) 23 (46 42) (55 4) (60 47) (16 14 8 26 13) (59 28) 36 34 (44 52 18 22 48)
46: 4 45 27 (17 34 46 31) 13 (57 25) 12 22 50 (20 49) 5 (42 44) (28 8 38 33 16) 18 (15 47) (48 24 55 21 37 26 3)
47: 44 42 13 24 (47 49 25 39 16 53) (58 32 8) 57 (52 37) (38 17 5) 29 (15 28 20 34) 46 26 23 1 (45 18) 27
48: (44 16 15) 26 (2 36 49 55 35) (33 47 60) (19 22 48) 52 37 18 (27 42 45) (57 34 31) (46 13 29 53) 24 50 (12 5)
49: 47 (46 42 51) (2 39) 34 44 32 (10 45 20 33) 36 13 48 28 15 16 (18 55 5 49) 31 8 (1 21 24) 3
50: 29 (8 55 10) (47 31 50 15 28) 48 (42 5 3 49) (13 44 45 24 41 26 33 18) (34 22) 2 20
51: (1 42 45 49 18 29 34) 16 44 8 (26 53) (31 23 48 5 20 3) (57 7 46) (28 59 19 13 22 39 4) (55 47) 33 24
52: (13 5) 18 (32 36 10 53) (44 6) (33 49 55 15) 26 (42 21) (48 46) 8 (47 28 24 22) 23 57 (45 19) (17 34 16) 27
53: 7 (36 18 2) 50 (48 33 28 42 45) (26 31 22 44 13) 34 46 (5 17 29) 12 (32 47 24 23 38) 49 8
54: (8 4 34 52 46) 26 (13 44) (42 47) (5 31 22 12) (56 49 25) 37 28 18 (9 45 29) 14 (23 16 2) (55 50)
55: (44 45 15 4 28 52 48 49 47) (11 42 21) (19 16 23) (24 46 18) (31 34 13 55) 8 5
56: (18 60) 28 16 36 (2 42) 21 (30 39) 25 (49 45) (29 40 50 23) 55 (15 1 31) 5 8 14 (13 24 20 26) (57 44) 47 33
57: 29 (8 20) (22 33) (47 48) (57 21 28 18) 16 (49 37 52 55 45) (34 27 15 46) 44 (42 5 2) (12 31) (3 32) (39 60 4)
58: 55 (39 45 18 35 6 26) 37 16 (49 28 29 22) 52 5 (42 20 34 44 48 8) 41 (47 19 33) 46
59: (47 60 28 39) 34 43 (27 36) 9 (48 8) (49 26 18) (42 45 46 14 17 16 4 13 31) (2 29) 44 (5 12) (55 11) 30 23 (57 22 52)
60: (29 36 22) (37 20 18) 45 (8 50 44) (47 52) (28 33 60) (21 34) 12 (48 13 5 32) (2 42 46 49) (39 23 26 55 6 16)
