60 60
1: (38 11 14) 30 (7 17) (41 58) (57 49 19 25) (33 22 54) (40 27) (9 36) 29 (55 28 52) 4 60 26 47 (48 42 50 51 59) (2 20 46 18 32) (13 12)
2: 3 (35 31 34) (48 32 56 47 24 53) 21 52 57 (15 41) 33 (6 40 45) 19 (42 38) 37 22 (46 20 4 54 11 17)
3: (43 9) 8 (28 22 24 48)
4: (53 5 51) (23 28 59 16 45) 50 (31 57) 37 (25 26 14) 1 (8 46) 9 (49 7 39 29) (60 3 48) (18 10) 11 (56 21 42 20) (47 13) 36 58 19 (44 6 30 40) 4 (55 41 54) 2 43 15 (22 38 17 33)
5: 9 20
6: 34 36 (42 10) (2 38 45 55) 7 (6 31) (60 23 19 11 30) (16 26 57) 18 (44 17) (1 54) 59
7: 28 (51 15 31 37 54 34 25) (10 56 5 11 30 20 19 4) (57 16) 29 (33 48 32) (17 44)
8: (16 46) 21 (7 34) (47 27) 12 (39 56)
9: (20 31)
10: (33 14 26) 37 57 (5 11 42 36 29) 59 50 (12 47 13) 20 39 (31 53 21) (25 52 18) 32 34 4 2 (28 16 1 10) 23
11: (3 53 2) (35 8) 11 (29 18) 17 (6 36 5) (59 33 14 38 45 51 31 44 30) (7 32) (26 19) 4 (54 9 50 24 41) 47 42 (13 46 1 21 28 22) (27 25) 60 (16 34 40 37) 15 (49 58)
12: (20 17 9) 21 29 (12 33) 58
13: (41 10 51 19 40 48 3 24 8) (29 55 50) (11 28 44) (13 42)
14: (13 21) (48 30 24 60 5 41) (26 9 2) (52 29 4) (28 49) (53 11 16 17 6) 57
15: (20 29 43 11) 42 (5 27 2) 55
16: (17 51) 30 (24 40) 4 55 26 (42 1 58 27) (35 23 20 60) (12 22) (50 21 3) 36 59 (14 37 11) 28 (47 8) 48 39 (38 2 46 13 44 25) 43 (7 34) 57 18
17: 30 26 (17 33) 16 1 (46 27 31 60 44 47 14 37 12) (43 22) (39 11) 9 (57 58 41 56 29 4) (25 7 15 54)
18: 43 (33 1) 21 46 38 22 7 (11 19 17) 37 (45 41 39) (51 42) (8 48) (29 52) 32 23 (10 25) 53 5 30 60 (14 35 12 4 56 31 34) 24 (18 15 20 49 58 3 27 2 50 44 36)
19: 20 5 (40 42 12 25) 27 32 (18 4 29 53 7 47) (21 28) (6 11) (22 38 56) 1 17
20: (7 30) 8 25 (60 35 5 19) (22 3 17) (23 2 50)
21: (9 43) (57 17 15) (55 7) (52 53) (60 28 20) 6 24 (59 47 32 19 45) (38 39 51) (3 25) 41 (22 44) (54 50 37 14 2)
22: (8 45 53) (59 13 42) 20 (31 48 40) (50 17) 11 (24 23 12 16) (2 52 36 22 3 21) 39 7 54 (6 18 34)
23: (34 40 41 37) 46 (50 24 9) (13 7) (28 1 55 33 60 22) 20 (29 3 36 39 8 16 59 53) (25 12) (52 17 6 18) 44 27 (4 26) (30 48 10 35) 21 (43 11) 31 58 32 (14 23) (51 42)
24: 33 14 21 (16 13 60) (31 5 53) 54 7
25: (32 42) 21 (8 12 22 23 60)
26: 23 (28 20) 10 (45 33) 56 8 (32 36 43) (37 25 40) (41 13) (15 5 29 6 17 30) (27 19 48 42 12 26 39) 34 47 54 (51 18 38) 21
27: 8 52 (21 27 10 51 18 48 17 11 25 6) (39 30) (1 19) (57 33) 4 13 36 43 (16 2 9) (24 58 41 49) 54 (34 22 3 35) (28 44 53) (5 60 23 37 59 14) (50 29 20 56 12)
28: 43 (56 60 26) 21 28 6 (20 50) 32 (49 7 9)
29: (52 20 43 40) (47 38 13 4 5 8 36 51 59 7 27) (1 23) (25 14 24 12) 53 49 60 (16 15) (48 35) 9 11 58 46 (42 39) (21 31 34 2 29 22) 57 6 (45 41 50) 3 (55 30 54 37 28 26 44 17 33) (19 18 32)
30: (22 58) (20 34 2 56) 27 (45 15 31 14 18 24) (44 10 54 3) (55 19) (33 1) 4 43 (60 21) (30 13 12 53) (47 57 41 38) 35 37
31: 31 29 (19 34 52 24) (9 33) 21 (60 57) (3 50) (2 5 28 4 7 58 23 37 51 56 38 15) (53 13) (32 42 18) 6 59 (20 10) 39 17
32: 10 (35 30) (36 18) (56 19 11 23 12) (39 6 32 29) (48 7 20) (52 25) 3 60 (24 46 58) (28 9 17 16 55 42 41 54) (8 13) 50 (4 51) 44 53
33: (13 41) 32 (52 24) 33 (17 45 38) (40 30 42 22 19) (35 47) (4 54) 18 (15 46 26 25) (9 5 36) 48 (55 8) (21 56) (60 49) (11 50) 53 (14 43) 1 (58 10) (16 12 29 39 28 3 6) (34 44) 37 20 (7 59) 23
34: (24 51) (20 2) (6 9 7 43 44 27) (29 60 3 18) 34 (48 22) 55 26 14 (57 42 8 52 46) (49 37) (28 19 45) (5 23 15 59 36 12) (40 39 4 31 33 13 25 30 56 17 58) 16 (38 1) (54 53 47 41) 10
35: (44 24) 8 (57 41 51 45 19) 58 (17 11) 6 21 12 (22 15 9 33) (59 40) (39 3) (38 13 14) (23 26 29 42 7 56 43) 49 (10 31 34 30) (2 48 60) (46 55) 32 (47 16) (18 35) (4 1) 28
36: 26 (57 43 53 14) 45 15 (24 22 46) (29 8) 2 27 (33 4 16 9 20 6 47) (18 48 59 54 13) (60 42 19 35) (28 1 44 5 32 10 37 31 39 34 41) (17 55) 51 (21 58 38 36) 49 23 (56 11 3 25 50 7) (52 40 12)
37: (43 20 15 24 4) (52 45) (49 26 19 44 39 29 53 50 21 57) (51 34 18) 1 58 27 (59 9 22 41 10 16 8 47 36 12 30) 17 (6 11 13) 28 (46 32) (3 25) (5 40 7) (42 31) (33 35 37 23 55 14 54 56) (48 2 38)
38: 30 (8 50) (52 20 14 46) (54 1 55 36) (47 40 51 41 39 31 7) (21 5) (53 37 42) 34 17 (26 28 27 29) 24 9 (25 38 58 4) (49 56) (19 6 22) 48 11 (15 12 45) 10
39: 28 (57 53 30) 48 5 (59 43) (52 60 1 3 44) 32 (17 39 23) (19 41) (21 25 26 12) 29 (20 4) (55 31 56 58) 7 46 (15 8 49 37) 51 13 45 50 2
40: 9 22 (48 12) 21 57 17 (37 60) 41 (45 25 7 47 27 2) 49 (35 16) (13 58 53) (31 30 50) (44 59 38 8 36 19)
41: (55 39) (20 2 54) (41 59 1 43) (48 40 49) (28 12) (51 52) (33 38) 50 13 (25 56 44 35 11 19 36 21 23 42 34 15) 32
42: (60 15) 10 16 (25 43) (54 20 13)
43: 20 (47 25)
44: (15 9 59 14 60)
45: (53 41 27) 58 29 (15 33 9) 16 (42 34 31) 32 46 18 (51 39) (10 1 21 14) (19 55) (59 28 60 26 5) 57 (20 7 48 37 56) (44 50) 11 (54 43 13 4) (47 49) (40 45 35 8 25 36) (24 38) 17 (52 30) (22 12 6 23) 3
46: 45 21 55 (6 32) 34
47: (19 36) (16 27) (43 33 9) (5 4 37) (39 23 2 22 47) 29 20 24 (56 59) 14 35 (17 12) (8 25) 26 (32 30) 58 (15 53 34 57) 13 (46 51 6 10 45) 55 44 41 50 11 18 (21 49) (7 52 28 40 54) 38
48: 30 (1 39 9 31 45) (15 46 19) 8 (18 29 52) (22 59 58) (57 10) 38 17
49: 53 (42 18 46 44 41 58 4 36) 52 15 56 (37 54) (39 51 2 60 27) 25
50: 5 (53 27 11 48 40 46 12) (18 16) (14 26 6 37 17 22 24 1 29) (20 39 8 56) 55 (47 44 7) (28 52) 38 54 51 36 (21 45 35 15) (23 60 34 58 59 49 50 41 2 43 25 19) 31 (3 42)
51: (5 1 18) (30 23 47) (35 27) (41 42) 4 33 (46 52) (32 45 7) (36 25 9 59 37 20) 29 (39 53 11) 50 (57 38 15 17 34 48) 55 (60 49 19 8 6 12 13) 58 56 10 54 2
52: 8 (18 51)
53: (11 4) 44 31 (24 60 53 2) 15 20 (56 39) 7 (35 36 57 19) (43 27 49 58) (28 50 46) 25 (55 6 12 41) 9 (52 26 59) 54 (5 37 47) (32 18 40) (38 29 51 10) (16 17 1 45) (8 48) (23 14 42 3 30 13 21 34 33 22)
54: 13 54 35 39 (17 56 58) (22 5 60) (37 14 25) (46 53 52 34 9 2 11) 40 (47 44) 3 (57 1 21) 33 (15 19) (42 45) (10 49 18 6 4) 28 (24 26 31 51) (41 59 12 43 29 32 30 20) 50 23 55 (16 27)
55: (34 8 15 55 53 56 13) 46 (16 11 42) 3
56: 30 (59 29) 44 39 (1 54) (3 32 4 20 22) (47 56 31 45) 9 (60 58) 33 (51 53 17 36 16 7 42) 24 (28 41) (26 52 37 14 49) 11
57: (41 37 12 46 43) (14 7 36 20) (49 2 47) (1 3 48 53) (56 11) (38 45) (21 19) 29 (17 44) (55 22) 16 9 (42 8 5 50) (60 54) (4 52 25) (26 6) (13 57) (18 15 32 30 10 27 51 39 35 33) 28 (59 58) 24
58: (39 42 52 37) 57 (8 50 17 4 28 9) (56 30) (35 11 12) (21 54) 10 (31 26 46 5) (7 29 19) 41 36
59: 13 (21 47 59 14 38 44 5 25 30) (50 55 3) (7 31) 53 (33 39) 46 12 (52 40 27) (11 42 58 32 56 20) 48 57 (15 19) (8 36 49) 34 (1 41 22 35) (26 10 29 2) 16
60: (23 36) 29 (33 58) 39 (44 13) (15 32) 38 (59 51 28 50 43) (35 30 52 3) (48 47 34) 19 40 14 (10 25 54)
1: (10 27 39) 50 (54 30 29 45) 41 (48 33) 38 53 (57 37 51 35) (4 16 6 34) (17 11) (36 19) (18 23 56 59)
2: (21 4 36 27 51) (39 30 57 40) (35 29) 11 47 (14 50) (18 34) (37 15 1) (10 53 49 31) (22 54) (16 6 20 41) 59
3: (23 4) 45 (11 20 30 31 27 54 50 2 33 60) (57 37 35) (18 29) 39 (32 13 21 22 53) 59 (16 36) 34 55 56
4: (36 11 57) (33 54) (29 53 37 58 7) (16 34 47 49) (39 23) (2 51 14 35 38 32) 27 31 (1 4 18 19 56 30 17) (45 10)
5: 29 (10 31 7 59 15 24) (26 14 54) (38 58 20) 4 (53 47 45 37 39) (33 50 11) (57 19) 27 (34 51 36 18)
6: (47 53) 35 57 26 (6 27 54 51 31 23 38) (4 22 34) 33 46 (28 36) 32 (14 50 45 21 19 2) (11 29) 37
7: (16 4) (35 34 38 36 20 1) (32 6) (58 33 57) (17 56) (50 47 51) (19 22 8 39 18 45 21 11) 59 (31 29) (28 53 24) (23 40) 37
8: (58 22) (48 53) 34 (16 59 32 3 18 38 40 4 11 51 45) (52 37 50) 57 (13 27) (35 29 23 26 33) (47 25 39 55 36 20)
9: 34 (31 58 21) (12 1) (17 5 54 33) 32 (4 29 51 38 23 27) (44 36) 47 37 (53 40) 48 (56 14) (57 11 28) 45 (35 3)
10: (33 27) 57 (13 18) 7 26 53 (58 4) (34 6 42) (37 31 60 59) (32 45) (38 54 10) 35 23 47 (48 30) (51 36)
11: (36 22) 14 (6 58 10 35 56) 47 (59 33 1 51 19 11) (32 15 53 16) (7 2 29 54 13 27 38 57 41 4) (50 45) (55 23 17) (37 18)
12: (59 50 27) 54 (29 17 40 30 1) (34 10 16) (36 22) 37 35 (41 45 58 47) 53 8 (12 32 39) (33 25) 23 (19 26 38 51 18) 57
13: 33 14 (45 13) (42 60 59 51 36) (10 27 57 31 16 54) (37 35 32) (22 47 24) 23 41 53 1 29 (55 30 26) (39 40) 11 34 4
14: 30 17 56 (10 45) (34 57) 21 (23 11 35 44) 29 (59 24) (18 38) (60 47 37 16 36) (50 27) (54 4 1 33) 53
15: (54 11 21) 33 26 57 60 (59 7 44) 47 48 (34 35) 55 39 (45 4 37 31 42 2 30) (36 17 53 49) (41 29) (50 51 38 18)
16: (34 45 32) (57 14 50) (59 55) 47 (11 42) (27 23 37 54 7 35 10) (6 8) (4 29) (24 33 40 36 53 56) 17 22
17: (31 18 26) (58 54) (33 2 17 35 56 23 57 27 6) (34 1 21) (50 29) 32 (14 16 36 47 39 11 48) 38 (20 7 22) (53 45 37 19 12) (51 40) 4
18: 6 31 (51 11) 52 18 27 16 (47 36) 35 57 (4 30) (45 53 33 32 34) 48 (26 50 49 37 54 22) (10 19) (1 29) 23
19: (58 20 40) (29 1 7) 51 18 30 (47 48 37 33) 13 26 34 59 (60 41) 31 (32 53) 50 (54 6 27) 39 (11 35) (2 36 21 57 4 45) 38
20: (26 4 54) (30 16) 36 28 38 (18 53 32) 57 (15 59 33 9) 43 (21 34 22 37) (31 7 5 19 50 1 51 23) (10 12) 56 42 (47 39 2 29 27 45 41)
21: 39 45 28 (25 8) (22 16 12) (18 35) (29 4 19 26) 11 40 (59 37 57 10 23) 30 38 (33 27) (2 46 14 47 53 54 41) (24 50) (31 36 58)
22: (19 48 54) 16 18 59 23 35 (3 57) (29 56) 22 (4 36) 27 17 1 (21 45) (11 38) 30 (2 33 47 50 20 37 34) (53 25) 40
23: (16 20 18 4) 47 (10 39 31 25 6 33 22) (27 50) (26 23 36) 35 34 54 (51 45 37 29) (32 53) (60 41)
24: (27 45 30 29) 35 (36 37 31) (50 18 33) (47 22 56 53 32) (2 34 3 14 38) (23 13 54) (11 57) 16 21
25: (27 1) (41 29) 54 10 (59 39) (11 47) (45 53 16 4 26 32 42) 34 (49 37 18 50) (20 21 36 60 40 19 17) (7 38 57) (51 23) (33 43)
26: (59 16 1) 38 (39 6) 28 (29 33) (56 14) (50 11) (4 35) (17 45 37 36 26 34 10) 58 (54 57 23) 53 47
27: 50 (53 51 18) (15 11 57 34 29) (36 47 49 27 45 19) (16 54 38) (8 59 37 26 40 17 23 1 30)
28: 35 14 (57 19 50 7 27) (28 34) 29 (58 39 4) 54 (26 60 37) 33 38 (41 3 16) (10 32 45) (31 56 36) (1 23 53 47 11 13 21)
29: 11 (50 60 14 17 10 54) (53 35) (13 26) (45 4 48) 7 (56 12) 33 34 (36 51) (31 15 32 37 1 47 38) 58 19 (57 59) (39 23 29 18 27)
30: (59 35) (40 20 16) 57 (30 58 48 33 51) (1 56 17) 34 23 (18 29) (14 37 32 27 4 45) (54 38 47 7 53 39 60) (6 11 26)
31: 56 (54 24) 31 29 (48 4 22) 35 (34 45 37 17 40 58 59 7 53 23 18 2 38) 10 11 (6 50 30) 39 (9 36)
32: (57 25 23 39 41 10) (28 21 46 47) (29 7 18) 45 (26 36 53) 35 (32 11 56 31 2 33) 19 (51 60 1) (37 59 54)
33: (10 29) (54 57 18 41 56 2 37 11 45 24 1 47 31) 33 (34 27 51 35 53) 26 (59 17) (4 23) 60 36 (12 30) 7
34: 6 (26 35) (30 11 34 16 45) (54 22 51 60 36 29 18 59 31) (23 38 33 2 50) 7 (47 27) (55 46) 37 (53 41) (8 10)
35: 11 51 (37 59) (58 20 57) (35 45) 53 32 (33 41 18 54 16) (30 60 36) (2 23 40 27 29) 50 47
36: (32 57 51 26) 45 50 16 (10 4 47 18 27 56) 33 (41 1) 40 (59 22) (58 36 37) (49 6 53 11) (60 38 23 34) 29
37: (11 4 57 53) (38 34) (56 29 37 27) (54 23 33 18 7) (51 58 49 31 45 17) (36 47) 2 50 40 (10 39) 26 (16 30) 21
38: (31 29 48 16 45 40 41) (11 37) 50 (47 57 19 26) 35 60 (38 2) (6 4 36) (59 1 30) 33 53 (21 18) 34 51
39: 41 (48 47) 18 (50 17 26 49 39 8) (56 21 38 37 58 35 57) 36 59 (4 33) 23 (34 53 45 31 32 16 54 51) (10 29 27) 60 22
40: (33 19) 60 (23 47) 34 37 59 (54 11 4 29 38 13 50 22 41) (53 2 1 45 36 35) (26 16)
41: 49 (57 41 4 11 51 58 29 45 38) (35 40 34 26 47 54 21) 23 59 50 53 17 (39 1 14) (13 18) (37 56) (33 30 36) (32 2 27)
42: (25 53) 19 (49 51) (11 45) (32 29) (33 2 59 4 38 57) 15 (56 34 16) (13 54) 58 (37 6 55) (41 26 22) (31 50) 36 23 (18 10) (1 35)
43: (34 54) 41 28 57 (15 35 45 30 3) (37 17 36) (53 60) (4 47 18 50) 21 29 16 23 (33 27) (42 39) 26
44: (59 53 34 21 40 11) 13 (17 39 41 33) 36 37 (27 60) 47 (29 32 56) (30 45 6 57) 7 (35 4) (50 54) (16 18 23) 49
45: 21 (45 40 4 11 39 36 37) (26 30) (35 56 38) (18 29 47 51) (46 6) (33 22 34) (2 57 54 48 50) 53
46: (34 23 53 51) 45 (17 49) 29 36 33 (48 2 58 32) 37 (16 4 59 55 35 47 18 54 57) 1 11 38 (39 50 8)
47: (4 53 36 54) 19 10 (56 11 45) 50 (21 51 33 35 34 59 17 30) (60 57 47 1 26 43) (37 29) (16 40) (2 38 8)
48: 53 4 41 40 (34 29) (45 50) 27 (26 22) (23 32 1 16) (59 33) (37 2 35) (7 3 38 60) (57 13 18 39) 14 (51 36)
49: (1 27 56) (33 28 36 50 40) (47 14) (34 51 54) (53 11 37 57) (35 38 29 18 4 59 41) 39 45
50: (32 54 40 23 1) 28 (41 10 31 27) 51 29 (22 21) 13 (4 20) (39 11 50 53 57 18) 47 (36 33) 59 (16 60 45 37 58) 38
51: 37 (26 36 13 35 31 47 52 4 38 49) 57 41 (1 54 21 34 29 39 16 18 53 56 7) (11 50) 23 (45 32 27 60)
52: (49 29) (32 53 47) (39 59 37 27) (21 50) 22 (2 34) 58 51 (38 54) (45 18) 56 (48 33) (23 31 14 57) 36 (10 1 41) 60
53: 31 (27 23) (14 24 19 50) (18 51 10) 22 (32 40 36) (53 34 54) (4 29) 49 (33 45) 57 (56 11) (55 47 21) (59 30) (2 39) 38 37
54: (21 33 6) 17 (50 58 29 47 60 36 24 42 27 37) (51 7) (41 57) (34 26 1 22) 45 2 (54 56) 32 30 (49 4) 53 (11 38)
55: (29 38 59 51) 4 (47 33 46) (21 15) 37 (13 36) (54 57 23) 1 6 30 50 16 (32 35) (41 39) 53 (34 45 55)
56: 30 37 (39 56 34) (2 7 4 41 50) 59 47 (26 18) (19 8) (35 36) (49 27) 32 (38 31 17) (28 45 53 57 33) (58 54 51 55)
57: 29 (58 35 1 36) 39 10 57 27 (59 17) (21 51 4) (54 30) 47 40 53 (6 31 14) (45 2 34 48) (7 16) 37
58: (54 36) (33 35) 49 (56 29) (59 38 40 51 18 12 57) (4 34) 48 27 47 32 (30 39 11) 37 50 16 31 (53 60) 23 1 (17 45)
59: (34 48) 44 (31 45 1 53 37 36) (47 11 40 27 60 51) (35 29) (22 59 10 16 56 54) (57 21) (50 4) (41 39 6) (33 23)
60: 51 (56 50 39 17) (20 27) (49 40 18 6 1 14 44 42 24) (25 23) 57 (4 36 16) (11 32 34) (21 31 29) (54 30 35) 45 28 53 33
