60 60
1: 25
2: 12 22
3: 23 (40 37) (55 52) (11 54 32 13) 22 (19 18 58 39) (4 29 56 2) 20 45 (27 48) 31 1 (47 10) (5 34) 38 9 (15 30 51 21 12) 60 (7 42) (16 50 33 35 14 24) 44 26
4: (6 56 13) (50 15) (34 60 24) (41 43 48 45) (40 29 2) 58 (53 42 57) (33 27) (26 38 35) (51 44) (37 14 59 11 28 12) (20 21)
5: (22 37 8 35) (48 16) 17 (44 59 3) (10 58) 7 11 (24 18 57 53) 13 (38 49) 55 (2 39 5 12 40 60) (56 30 20 33) 6 (52 36) 19 23 31 (29 50 42)
6: (53 8) 44 23 45 (6 32 59 48) 17 (42 10 39 25) (33 47 27 49) (4 19 16) (13 31) (7 20) 21 (60 43) (46 29 38 22 18) (50 52) (14 51 54) 1 58 (11 15) (2 24 9) 26 57 (56 40) 30 36 35 41
7: (58 34) (24 14) (49 38 60 4 27 47 39 55 30 51 16) (22 8)
8: (4 24 1) (32 60)
9: 51 52 (38 31 2) 25 30 (27 19) (33 22 29 17 49) 48 21 (15 8 40) 28 18 (41 7 54) (45 1 59) 9 24 (47 37 58 32) (60 5 53 3 14 23 10) 35 26 4 16 (55 57 39 43 11) 46 36 (13 44) (50 6)
10: 51 (32 56 1 25) 60 (8 38) (20 49) 42 16 47 28 54 (55 30 14) (5 12) 39 (53 22) (52 33 15 18) (36 21) 45 (34 58) 26 (48 44 46) (10 50) (31 24) (11 35) 17 (59 19 41) (2 37) (9 3) (6 23) 40 13 57 27
11: 18 33 (49 1 2 51 10 15) 45 (46 4) (47 13) (22 8 54 26 16) (21 30 28 50 44) 35 5 52 32 (24 3) (41 56)
12: (16 3 51) (52 55 22) 31 (39 32 40 45 10)
13: 50 (11 2) (52 39) 25 (48 3) (15 38) (35 45 13) 43 19 (9 49) (41 17 58) (44 10) (23 24 32) 54 36 (6 56 30)
14: 23 (27 55 26) (42 2 9 56) (40 58) 34 (48 35 8 43) (49 6 22 30) (46 5) 47 54 (15 38) (17 16 28) 7 (59 11 31) (3 12 19 52)
15: (17 41) 44 (53 23 54) (51 9) 48 50 60 14 (56 30 59) (25 57 58) (22 3 35) (10 33 28 32 55 26)
16: (26 50) 17 37 16 22 (8 58 4 9) (6 45 7 14 54 28) (15 27 25 23 36 12 21) (42 1) (3 24 19) (56 2 30 5 11) 35 (10 60 46 44 13) (59 51 18 57 43 53 38 34 41) 39
17: (5 32 26 40) 46 59 12 (23 30 21) 58 16 (22 52) (33 35 44 60) 8 37 (43 10) 14 (41 29 24 50 42 2 49 20 31) 3 (4 34 27 53 47 11 57 9 48 6) (15 51 56 28 54 18 45 19 25 39) (36 55)
18: 11 (28 47 38 29)
19: (31 54) (34 57 9 49) (29 10 46 44) 51 (38 21) (15 5) (26 11) 45 (37 28) (18 32 48 19) 22 (8 42 1 33 55 53 24) (13 39 41) 4 (43 35 56) (20 3 30) (47 17) 16 (58 60 14)
20: 32 10 (54 29 27)
21: 58 39 (46 18 1 31 2) (3 34 57 12 47 19 4) (59 26 49 32 36 22 43 35) (8 37) 10 (28 25) (38 30 55) (50 13) 48 27 (51 9 45) 24 (52 56) (20 60 17 42 29 15 7 23) (44 5 53) (54 33 40)
22: (58 5) 15
23: (21 49 37) (29 35 55) 30
24: (8 21 58) 37 (26 6 15) 28 (4 34 40 38 13 19)
25: 44 (22 13) (1 19 6 55 36) (30 39) (23 32 47 58) (31 3) (7 50 42 33 21 53) (25 40) (8 18) (37 29) 28 (38 51) (24 10) (59 41 43) (27 48) (56 14 11) 26 20 2 (9 15 16) (34 57 5) 52 45 49
26: 51 48 14 44 1 (25 4 12 17)
27: (23 35) (7 26 2) (12 31 8 11) 19 (34 27 39 46 52 47 30) (44 56 5 25 17 41 58 59 48 6) (45 24 18 16 37) (1 22 60 9 15 55 49) (50 3) 10 33
28: (8 43 42) 57 24 (59 12 51) 15 (21 2 1 28) 20 (58 33 32 11) (37 10) 36 (44 14 26 18 9 48) (39 34 38) 19 40 (41 49 25 16) (54 23 60 30 17 3 13 22) 29 (45 35 52 56 50 4 31 47)
29: (47 57) 6 7 (36 31) 58 (23 5 13) (48 51 49 11 40 38) (20 37 19) (56 52 55 9 42) 16 (44 14) 1 (22 12 46 24 33 34) (15 54) (32 21) (60 53 18) (3 17 28) 50 (39 27) (35 26) 43 30 59 (8 41 4 10) 2 (45 29)
30: (36 24) (37 22) (51 20 50 7 35 41 54 9 38 17) 59 (8 30) 10
31: 47 45 (8 22) 4 (23 9 29 26) 41 (20 27) (33 60 10 37) 7 (31 12 11 5) 44 (39 14) 13 (55 38) 42 32 (48 51) 59 (50 3 1) (25 35 28 30) (24 46)
32: (24 25 3 18) (29 58 16 30) (14 38 48 49 15) (28 2 52 6)
33: (8 7 5 52 20 46) 9 12 (31 29 35 51) (2 30 1 55 24) 4 (39 28) (27 49 22 38) 25 (59 60 14 3) (56 41 50 13) (40 44 15 42) 6
34: 5 28 36 (53 37 19 50 23) 21 (25 51 12 14 16 10 45 29 15)
35: (16 52) 17 (14 10 57 37) 15 40 (2 9) (1 53) (28 23 8) (41 46) 49 21 34 25 (11 55 42)
36: (21 45 35 30 22 31 42 7 14) (2 41 28) 43 3 (34 55) 20 (32 51 13 52 46) 36 53 (16 37 26) (15 12 56) 9 (57 49) (24 48) (58 5 38) 4 (29 17 44 54 47)
37: 47 (19 5 60 21) (10 43 17) 15 13 (2 8) 27 59 (55 38) (11 50) (34 16 51 25) 53 7 40 (46 37 31 3 52) 26 9 (35 33) 49
38: (8 20 47) (22 18) (12 43) 39 (24 1) (60 21 25 10) (36 49 31 6 38 46 28) 16 (15 30) 48 (27 17 2 13)
39: 7 59 (53 9) (39 14) (35 21 2) (45 47) (49 40) 8 11 (28 15 58 38) 56 32
40: (46 7 14) 55 (37 23) (25 27 16 35 11 2 8) 45 53 (12 4)
41: (32 24 38 58) (3 26 43 15) (7 8) 34
42: (58 4) (2 47) (33 18) 37 (34 8) (40 41 25 20 57) (53 55) 1 (50 35 30 52)
43: (41 33) (20 35 47) 54 30 13 (38 2) (39 36) (46 14 21) 52 3 43 4 60 (19 31) (8 10) 16 (17 53 37) (50 15 12) (29 25 44) 59 24 (48 55 28) (40 23) 49 (56 1)
44: (40 44 27) (6 58 56 37) 33 (29 51 31 23 34) 13 (43 55 50) (47 42 12 57 35)
45: (42 23) 56 (51 17 5) (31 34) 39
46: (13 17) 56 (26 3 48 7 23) (52 14) 41 21 36 8 (4 37) 19
47: (42 52 11) (3 22) 43 58 (12 60 51) (35 53) 32 (13 44 28 31) (27 19 7 8 59 46) 1 29 (4 57) (45 34) (38 24 18) (54 39) 33 50
48: 17 (55 22 4 6) 50
49: 3 58 (11 57) (59 17 16 2 15) 35 (38 9) (27 26 36) 31 6 (19 4 45) 21 (40 30) (14 50 44 42 18 52) 46 (24 39) (43 48 1 41 7 8 34 12 28 22) (47 13 37 32 5 49 25 20 54) 51 (23 33)
50: (59 56 7 50 30 39) (43 54) 31 (13 47 26) (22 57 53 15 44 3) 45 (11 1) (4 41 40) (34 36) (17 19 33) 24 32 (23 46 58) 42 16 (5 52 25 55) 8 (12 14) (27 29 37 35 28 20) 21 48
51: 50 55 (23 54 40) (12 24 45 13) 46 (47 59 33 10 20 57) (8 58 56 17) 43 (5 4 29) (26 16 31 28 3) 18 (25 52) (2 36 60) 34 27 (21 7 9 22) 14 38 53 (39 32) (19 35 37) (6 49 41)
52: 51 (57 56) (13 16) 36 (39 6) (44 7 27 12 60 48) (33 53)
53: 16 50 1 6
54: 26 (27 52) (15 42) (44 60 11) 7 (12 2 1 17 22 31) (35 10) 24 (19 16 47 55)
55: (37 50) (60 58) (55 39 32) (13 3) (6 41) (36 52) 51 (43 22) (46 23)
56: 22 (31 21) 28 59 (9 1)
57: 59 33 25 (19 32 57) 56 24 (58 39 6 28) (21 13 11 8 40) (31 17 43 29 12 9) 7 42 (48 47 55) (51 49)
58: (49 51 34) 1 (60 38 14 27) (11 35) (53 30 52 4 44) 45 9 18
59: (36 14 7) 16 42 57 12 (19 24 15) (11 23) (58 33) (59 50 54 47 2 8) 28 35 (1 60) (20 51 32 41 55 56 49) (27 37) 9 (39 38 34) (40 21) (52 3) (26 53 4 13) (10 31 29) (44 25)
60: 10 (34 8) 56 48 (46 37 32 15 14 35) 1 41 17 24 38 (23 44 60) (51 25) (42 31) (50 16 20 27)
1: (35 19 10 54) (56 43 27 6) (47 38 33) (9 49 42 58) (21 53) 31 26 25 29 (3 50) 28 8 (60 16) 11 59
2: (27 16) 29 (54 40) (3 14 51) 39 (28 11 59) (36 49 33 5 35 32 13 38) (10 17) (37 9 4 43 21 42 25) 6
3: (5 31 41) (27 55 51) 25 (33 49 43 17) 50 (37 15 46) (16 32 36 19) 9 (14 47) (59 12) (11 10 28) (13 21 29)
4: (19 21) (24 3 11 36) (51 59 8) (16 50) (42 9 7 46 33) 28 (29 17) (26 58) (40 49 47) 31 48 (43 6)
5: (14 11) (25 29 5) (21 45 16 50 31 49 33) (22 9 51 37) (19 27 10 17 34 36 3)
6: 57 (14 53) (9 10) (5 13 38 33 27 44 29) 6 (17 25) 55 (4 51) 24 (52 48 32) 49 16
7: 30 (49 21) 33 9 46 (3 16 54) 52 25 27 50 (14 5 36) 39 (59 31) (47 57) (29 37 51) 40 (6 41)
8: 46 (35 47 50) (10 40) (29 49) (19 5) (38 41) 30 6 24 (11 37 17) (31 28 57 9 14 25 60 33 27) (39 43 21) 51 (42 16) (59 7)
9: 17 (31 58 36 9) (14 19 59 25 37) 21 49 (3 29) 16 (10 51) (39 33 13) (56 6) 28 27 15 (57 30 35)
10: 59 9 3 (21 38 34 25 5 54 37) (20 28) 35 27 (31 6) 11 (29 19) (17 43 60 30 12 16) 51 (13 10 15)
11: (9 58 5) (14 10) (4 59) (50 29) (35 6) (19 25) (57 18) (27 28 37 13) (40 47 16 49 17 39 54 3 31)
12: (29 3) 17 (51 27) (47 57 16) (5 31) 40 (21 38 49 50 54 36 26) 33 (4 34) (10 43 52 14 59) (44 28 2)
13: (52 46) (11 19) (59 47) 3 49 (6 21 29) (50 44 43 13) (28 51 55) (16 4) (37 24) (31 33 38) 10 9 57 (36 5 25)
14: 34 (4 31 3 60 7) 6 16 39 (50 58 29) 15 19 (26 36 43) 28 (17 46 25) (10 59 49 32 33 40) 51 9 35
15: 14 27 16 38 33 (36 21) 9 34 60 (41 54 11) (59 35 4) (17 39 37 28) (6 10) (22 19 32) (25 24 3) (13 29 43 50 49)
16: 17 (53 49) 5 (19 14) (11 12 9 28 3 37 29 50 40 51 10 25 27 60 38) (36 35 6) 54 (52 43 7 34) (32 59) 16
17: 60 46 45 49 (10 35 36) 48 (5 9) (43 57) (30 6) 50 (14 21) 28 (51 15 29 19) 54 (13 26 27 38) (37 16)
18: (11 58) (38 3 16) 29 19 (49 6 10 42 47 25) (9 27) (17 21 28) (32 51) 5
19: (5 51 21) 59 (19 16 17 27 54 28 43 37) (29 3 25 6 9 50 13 46 47 10 24 49 34 14) 57
20: (50 43 5) (28 30) (42 49) 33 (3 29) 17 (60 4 10 31 21 51 38 19) (25 59) 36 6
21: (4 49 25 9) 39 (57 29) (43 56 17 37) (46 11) 34 (28 24 6 19 10) (50 3) (36 51 59) 23 16 38 35
22: (47 33) (30 25 6 9 12 50) (38 16 15 5) (17 49 54 56 55 7 19 48) 36 27 51 (31 3) (21 28 2 10) (29 14 11)
23: (9 21 17 43 34 3 13 50) 25 28 (31 6 5) (10 16 49 27 45) 59 46 (51 35 55) 40 (14 44 15 29 60)
24: 36 (28 54 30 57 60 9 8 41) (59 3 11 38) 29 (50 13 32) (10 5 6) (43 16) (27 33 7 47) (4 31) 25 (49 19 17 51 21)
25: (25 43) (27 13 57) (32 59) (50 37) (10 6) (31 38 51) (60 9 21 42) (26 33 15 17) (34 1) (40 49) (16 28 35)
26: 41 (6 25) 19 (46 9 59 29 51 21) 14 (3 16 10) (24 28) 4 11 (54 50 17 31 36 37) (49 27) 15
27: (3 9 17 60) 47 (6 49 37 27) (4 40 50 58 54 52 20 7 51 59) 21 (38 33) 44 (25 16 29 10 31 14)
28: (9 38) 49 (19 28) (29 11 10 17 32) (36 57 16 24) (18 51) (21 47 35 31 43 15) 50 56 (59 14 34 39) (25 4 33)
29: (20 50) 47 (51 28) 31 29 (21 5) (19 23 17) 9 (34 18) (6 25 59 4) (44 33 32 43 36) (3 57)
30: (58 15) 21 (23 19 28 27) 5 (31 29 38 36 16 42 17) (43 11 32 25) (49 33 7) (9 6) (30 50 14) (13 3 10)
31: 49 31 10 (17 38 56) (36 37 19 47 60 45 54 9 33) 25 (51 29) (6 50) (14 44 5) 28 (43 12) 27 57 3 (59 21)
32: 28 19 (15 47 51) 36 57 (21 55 6) 20 (17 11 12) 49 (9 50) (13 8 29 3) 59 (39 10) 31 (41 60 25)
33: (10 3) (25 49 57) (29 15 21 44) (28 17 37) 51 (5 43 50 19) (47 11 4) 42 6 59 (31 27 52 9)
34: 14 (58 45) (10 24 19) 37 16 28 (27 29 60 7) 17 35 (41 21 25 36) (49 50 47 59) (44 51 4 3) 42
35: 5 6 (37 40 51 29) 4 (23 11 59 13 44) (17 9) (58 30 47 33 54 31) (36 49) (39 21 28) 60 (14 27 10) (43 3) 42 (15 16) (50 19)
36: (16 46 6 52 30 28) 50 (21 5) (59 38 43 17 10) (55 51 36) (25 34 9 13 29) 49
37: 37 (23 25 19) 46 59 (51 43 27 50 16) (55 4 31) 17 (49 10 24 28 35 9) 34 (21 3 29) 40 30 (42 36) 44 60 5
38: 30 (36 58) (37 9 60) (16 18 7 6 10 59) (14 24) (13 51) 41 (29 47 5) 33 31 28 (21 39 38) 19 (4 3 43 25) 32 49
39: (51 3 59 17) 45 49 7 (31 28 12 9 21) (39 52 25 43 29) 19 (57 38 10) (5 6 16) (27 47 50) 13 33 55
40: (33 29) 50 (42 43 12 14) 49 51 (24 3) 21 (59 9 57) 10 (44 28 17 25) (6 35 37) (4 5) 39
41: 30 (50 10 4 19) (9 49 59 31 36 46 15 43) (6 55 28) (60 16 11) 25 17 29 33 (42 35 27 51 13)
42: 31 59 (4 49) 14 5 16 (19 28) (54 57) (3 44) 36 21 (47 25) (33 17 50 60) (10 35 29 6 45)
43: 44 17 9 (16 50) (28 38 6) (25 19) 51 36 (37 55 57) 43 (49 14 41) (21 47 13 4 29)
44: 17 (54 11 3 25 27 60 44) 9 (6 52 19 26 21 49 13 47 4 28) 29 (59 50) (43 58 10) 33 16 5 31 (15 36)
45: 19 (6 12) 10 (4 58 9 51 40) (28 11) 31 (50 16 29 34) 27 3 13 (25 49 21) (47 17 39 36)
46: 17 (14 33 37) (51 27 6) (40 29) (31 16 19 50 60) 11 49 47 (21 38) 9 (43 36 55 35 10)
47: (36 17) 50 (42 25 44) (14 39) (18 21) 51 (29 19 11 10 59) (7 37 27 49) 9 31 28 (3 54 38 6) (43 57)
48: (6 13 27 46) (25 38 52 19) (31 21 3 15 36 5 29) 14 57 4 (50 26 49) (17 32) (9 60) (28 10 43)
49: (7 51 28) (39 57 23 36 37) 27 10 11 (38 5 17 14) (49 29) (32 19) (9 43 33 21 35 58) 13 (59 25) 6
50: 5 (33 30 9 31 43) (13 27) (47 10 60) (44 59 15) 29 51 (48 53 16) (50 42 17) (3 28 6) 4 (49 37) (11 55 25) (21 34)
51: (19 37) (59 52 60 31) 30 15 (11 28 26 21) (6 45) 33 (47 10) 57 (16 17 3 12 49) 4 9 25 (36 7 58 44 34 29 55)
52: (29 35) (6 5 46 27 14 25 43) 37 (49 32 55) 17 50 3 (11 12 13 47 42 21 28 33) (59 9 51 54) (58 36 10)
53: 36 40 (16 15 5 35 19) (39 52 25 9) (10 4 29) 42 (37 6) (51 58) 59 (34 47 21 50 17) 43
54: 13 30 14 21 (36 59 50 28 51 3 10 11 43 15 6) (20 29) 17 (49 9) (47 19 16)
55: (23 48) (50 14) (35 33 17 15) (7 10 19 40 57 31 37) (3 9) 25 59 (27 54 42 5) (12 36) (44 43) (29 21 55) 51
56: (13 50 51 52 6) 25 (3 19) (16 4) (10 5 60 14 15) 43 (59 44 11 21 33 36 29 39) (57 46 17 28 27) 45
57: (42 49) (15 35 57 50 10 36) (25 5) 21 (6 29 16) (47 19 44 59) (52 51 17) 4 (28 9)
58: 25 13 57 (44 50 19 3 27) (41 55 28 51) 36 15 (29 24 7) 14 22 (4 59 21) (9 49 10) (6 17) (5 47 32 42 16) 39
59: (25 39) 47 16 (27 37 9) (56 28) 51 (33 14 59 57 5 6 29 43 4 30 10 49 17 50 15 21) 31
60: (16 29 60 15 55 9 38 17 51) 21 (43 10 19 27 52 59 4 5) 3 (6 28 37 31 54) 7 58 (33 8 47)
