60 60
1: 51 2 45 (55 37 46) 15 (50 58) 56 23 9 (40 43 13 4) (6 1) 44 27 (60 21 14 54 59 30 11) 26 (38 3 10 17) (22 42) (7 52) (41 49 39) (33 25) (29 19 8 16) (18 32 31 34) (28 35 57) 24 5 (48 20)
2: 3 29 48 42 (50 53)
3: 37 43 45 48 44 (2 50 10 21) 25 (36 3 15 19) (30 54 29) 7 22 (57 60) 4 (9 20) (11 33) 32 5 (51 55) 28 (26 13 23 24) 35
4: (43 9 60) 56 7 (37 5 8 24 38 50 11) 52 40 1 54 22 (19 21 35 18 2 30 34 42) (20 10 45) (29 14 31 39 49 3 17 26 57) 55 47 (15 27 25 41 12 58 13) 53 (51 32 4) (48 23) 59
5: 8
6: 23 10 44 (31 9 42 2) 56 54 (12 40) (29 18 46 17 26) 38 (57 25) 1 5 (41 27 3 4 55 22 21)
7: (15 7 48 9 47 57) (30 6) (49 19 31) 32 58 28 40 (46 25) (38 53) 52 50 (5 11 39 56)
8: (36 34 10)
9: (1 11 31) (40 28) (59 10 8) (55 3) (24 20 50 46 56 7 54) (42 38) (41 22) 58 36 19 (47 12 6 4 33 25 26) 27 51 48 (13 16 2)
10: (35 38) (53 25 9) 31 6 (43 41 19) 54 34 44 49 (13 24) 39 (5 45 33) (51 48) (10 21 3 40 26 11) 1
11: 26 43 (8 47 57) 34 (30 40) 32 18 (33 55) (60 23 9 25 42 28 14) 16 (10 21) 52 (59 53) (56 12 38) (50 46 19 2 49 3) 54 20 (39 13) 44 (51 35) 5 (45 7)
12: (53 31 59 49 2 14 28 26 50) (39 54 40) (37 11) (4 23 51) 20 44 13 (43 36 32 46 19) (17 24) (8 27 16 10) (15 57) (34 12) (60 58) 6 25 9 (22 41) (55 45)
13: (34 11)
14: (43 55) 10 (4 23) (17 7 25) 18 (44 13 6) 14 (51 46 36 34) (35 56) 45 9 12 (50 32) (60 57 42) (39 58) 11 (24 33 52 16 21 48 2 8) 26
15: (38 54) 55 (43 59 53 52) 13 56 (40 26 16) (50 9) 8 28 6 (44 31 37) 36 (12 4 20 23 1) 42 (11 51 57 29 46 58 48) (49 27) (5 18 41 30 24)
16: 49 14 (25 19 31 26 12) 18 (3 5) 38 45 (42 51 24 13 47) 53 32 (37 36 29 22 39 35 50 48 43 34 28 10 33) 2 (56 46) (54 60)
17: 32 (37 23 30 25) (33 7 8 31) 57
18: 20 (43 54 4 39 15 49 11) (44 38 34) (58 2) (14 19 8 26)
19: 22 44 (9 35 8) 3 (20 33 27 12)
20: 15 50
21: 24 (54 7 26 59 1) 6 (57 14 38 8) (60 47 3) (25 11) (34 22 55 49 9 52) 17 (31 5 19) (30 50 27) (51 15 35 39) (28 21 53 58 32 44 36 13) 41 (16 23 46) (56 18 48) (33 20 2 4) (43 12 45 40)
22: (22 38 31)
23: 28 43 (38 56) 8 5 (60 22 15 7 42 11 54 36 59 2 30) (6 51 18)
24: 23 (52 58) (8 19 31 17 45) (47 40) (7 43 20) 2 (44 4 26) 36 (14 32 25 18) 16 (6 54) (60 56 51 11 24) (22 55) (38 34 48 53 27) (1 9 15) 46
25: (39 57 16 37) (15 25 26) (56 42 23) (60 29 45 46 51) (4 24 33) (9 50 53 13) (47 36) 35 12 (14 28 54 32 20 10 48 58 31 5 21 17) (3 8 38) 43 49 (30 18 1) (44 22 52 19 59)
26: (51 55 43 49 15 17 41 40 44) 6 3 (26 35) (39 33 16) 7 8 23
27: (9 7 31 56 55) 45 (59 60) (25 52 30 15 14 58) (48 57 11) (27 26) (20 29) (18 5) (40 1) (23 37) (3 19 22) 50 28 (38 46 16 39 51 53 6 47 41)
28: 34 (50 27 55) (16 10 20 41) 2 (43 42) (28 58) 60 (59 5 6 46 37) (48 47 26 52 19) 38 (39 14) (3 21) 51 (33 11 36 25 12 22 31 18 40 29 9 45 54) (49 7 17 1) 4
29: (5 31 15) 49 (60 24) (2 26) (59 48) 21 (17 23) 32 25 41 27 (4 16 57 39) 33 (38 47) 13 (18 6 45 56) 3 (43 29 53 44)
30: (32 44 15) 11 58 (60 51 30 47) (50 46 28) 5 52 (45 57 27) (35 25) (10 4 8)
31: 34 (15 45 42 46 6) (8 17 36) (30 51 1 24) (12 21 56) (13 2 23) (55 18) 60 (52 39) 41 37 (4 16 57 53 43 54) (10 22) (11 27 50) 40 (7 58) 29 (3 47) 9
32: 24 (49 50) 23 (9 19 39 35 27 31) 5 (15 4) 3 38 46
33: 36 (4 34) (37 35) 26
34: (1 37) (16 2 44 25) (34 6) 31 (10 57 54 28)
35: 48 (50 30)
36: (1 54 26) 20 52 5 (7 51) (15 55 12 35 58 44) (13 36 42 4) (11 32 10) 40 (27 33 9 30 50 18) (48 16 60)
37: 36 (31 15) 6 (18 30 21 28 34) (8 54) 49 (2 17) 35 (42 24 47) (41 51) 11 58 10 (16 3 27 46) (57 13 53 32 60 55 9) 43
38: (53 58 24) (25 29) 27 54 (7 2 10) (13 26) (60 5) 12 3 (40 45 48) 16 (55 21 4 30 32 1) 47 36 (43 9 18 17) 37 28 8 15 (23 49 6 31 38) 52 (46 44) 35
39: (20 18) (12 28 7) 6 (42 52) (16 50 22) (24 4 60 27 26 3 11) (57 32 40 45 54 53 8 30 21) 44 37 46 (5 49)
40: (17 9) (33 28) (54 19 10) (1 16) 7 (18 36 60 46) (48 2) (49 3 4 43)
41: (2 20) (36 11 38 54) (5 51 32 55) (10 33) (57 46) (49 35 1 6 58 37 17 29) (53 43) (45 40 22 48 13 25 47 50) (59 60)
42: 31 (15 12) 37 60 11 (47 51) 21 (7 24 8 9 25) 28 (6 41) (58 54) (55 4 18) (38 20 40) (33 48 59 16 50 34 27 36)
43: (17 34 21 55 7 2) (6 38 5) (52 26) (11 13) (41 14) 8 (18 51 48 29 42 50) 27 (56 31 57 60) (44 54 23)
44: 26 (11 57 39) 44 37
45: 35 (20 46) 1 21 (42 57 37) 49
46: (32 20 21 54 43) (47 57 29 13)
47: (25 30) (54 58 27)
48: (33 41) 20 (32 30) (54 22 44 12 51 37 2 35 8) (36 3 40 23) 18 (59 45 57 5 42) (1 60 7) (24 6 31) 27 (29 11 48 47) (56 16) (21 4 39) (49 34 25) (46 14)
49: (18 17 49) (27 20) 54 51 (5 36) (43 21) 15 48 (23 55 53) (14 19 42 28 41 58) (44 45) 50 1 (10 26 22) (31 6) (9 7 8 30) 12 (52 13 4) (2 16 57) (37 56 25) (3 33 60) (59 35) (46 34 24 47)
50: (27 17 48) 32 (20 43 53 33) (58 5 1) (28 24) (21 47 12) (18 16 50 57 31) (6 41 15) 26 (39 25 60 49)
51: 50 (48 37) 26
52: 58 (10 60) (9 13) (26 21) 31 (23 17 11 59 33 32 8 18 42) (28 15 2) (35 34 56 3)
53: (43 37) 29 (46 53 48 27 16) 8 52 (12 57)
54: 7
55: 54 (7 8 17) (21 2 58) (50 45 34) (6 3 55) (49 38 47) (14 26) (56 28 35 12) (39 22 31) 59 (37 27 10) (33 36 60 30 5 19) 9 41 (51 23 48) (40 32 25) (11 13 16) (44 18 24)
56: 9 (36 52 16) (3 15 53 26 5 60 14) 17 12 28 (7 21 13) 11 (37 20) (24 19 6 49) (2 38 8 45) (57 44) 56
57: 22 49 (27 10) (48 60) 29 9 55 6 34 (39 28) 23 (20 58 59 54 42) (26 44 50) (25 40 47) (16 32 5 43 11) 57 46 (3 4 21 51) 12 56
58: 13 33 (14 20) (40 22 1 32) 4 58 30 38 (10 26 34 28 59 48) (16 35) (5 8 11) (18 12) (29 15) 21 (57 54 36 42 19 23 43 3 45)
59: (41 53) 20 (15 7 48 6) (46 14) 21 (43 47 31 9) 54 60 (19 24 2) 23 (50 25 37) (28 57) (39 4 36)
60: 37 (48 57 4 5) (42 43) (31 2 51 54) 28 23 9 (44 26) (40 18 30 34 10 35) (60 6) (16 47 1) (41 7 39 15) (55 59 27) 49 (20 19) (17 29) (25 33)
1: (58 31) 4 (21 27) (45 25 24) (36 41 38 60 34) (28 1 10 9 15 50) 40 (49 6) 48
2: 49 38 (34 55 41) (40 59) 21 (60 18) 9 (12 28 4 1) (16 24) (3 14) 23 (11 31) (37 56) 52 48 (43 29 6)
3: 4 19 (55 16 38 57 52 6) (31 39 26 9) 11 40 (1 49 25 32 28) 2 (48 3 21 56 29) (58 10) (37 27)
4: (32 38 30 57) 60 59 (18 36 15) 4 24 1 (25 12 48) 42 (40 29) (14 28 6 31) (39 33 21 49 58 3 9)
5: 50 (48 43 4 1) 25 7 3 (41 27 21 29 56) (36 30 60 11) 15 23 (55 10) (49 57 38 6 16 28) (32 58 39)
6: 26 (42 24) (28 14) 49 (27 41 15) (43 50) 10 (39 38 21 59) 1 (56 31 23 57 34) (29 48 37 60 9) 55 (7 12)
7: (60 55 27 3 24 36 4) (17 7) (9 54 28 40 56) (59 39 49 48 11 31) 23 42 (38 43 14) 26 (21 1)
8: (1 49 15 25 17 30) 4 (58 42) 26 (23 11 14 56 48 53 12 38 52 55 39 18) (31 37) 24 (9 19 43) (5 21)
9: (1 38) 40 (25 4) (42 60) (12 55 59 49) (32 24) 27 28 (10 37 14) 7 (19 6) 36 (31 52 15 21) (11 56) 3 57
10: 14 10 (55 37) 25 (11 38) (58 12 8 16 34) 36 (40 30 31 57 52 60) 4 1 (9 3 41 28) 49 6
11: 4 (37 57) (39 24 1 48) (7 18) (36 56) 15 (52 30) 42 (14 41) (43 10) (21 28) (44 9 58) (23 55 12 3) 13 31 27
12: (31 42) (55 9 50 48) 11 56 (38 28 39 14 36) 16 (4 15 49 6 58 21 57) 12 (53 19 25)
13: (31 1 58 52) 9 (11 43 56 55) (46 12 41 37 4 16) 29 (15 14 10 21 36 25 49 3) 38
14: (11 12 21 27) (18 55 28 1 48 4 25 16) 24 56 (43 49 58) (14 59)
15: 58 20 24 31 12 (50 49 36) (27 29 4 56 18) 7 (38 21) 52 (60 23 37) (32 30 26 1) (3 59) 25 42
16: (26 31) (21 24) (9 27 42) (14 49) 60 (37 25 48) 53 36 (57 40 12 15 1) 28 (11 34 55 39 29 38) (58 50 56)
17: 12 49 (31 14 52 55 24 25 28) (4 1) 38 (56 26) (40 60 41) (50 43 21 37 6 29)
18: 24 (21 50) (15 1) (25 58 39) (31 42) (37 23) (48 4 40 27) (43 60 14 28 52 6 36 11) 49 16 (38 29) 55
19: (55 3 60) (59 58) 56 (16 7 32 21 11 49) (28 4 24) (25 1) 18 (9 27 10) (12 40)
20: (19 45) (12 18 36) 50 (9 56 49 39) (15 24 4) (28 46 42 41 3) 27 (59 21) (48 57 25) (11 58 60) 1
21: (48 56) (1 38 55) 29 (46 58 43 49 59) (10 14 37) 39 (45 21) (25 11 4) (42 31 6) 52 3 50 (57 28)
22: (4 55 12) (3 19 24 39 9) (41 31 49) (28 1) 16 (25 6 58) 27 (21 48 57 23 22)
23: 31 (14 48 4 52 17 27 15) (6 3) 25 (12 38 26 1 55 43) (29 32 21 49 60 24 11) (59 57) 58
24: (3 25 4) (24 50 55) (14 9 10) (42 39 1 49 56 15 59 38 12 32 29 48) 37 (16 21 31)
25: (24 25) (29 48 57 9 12) 55 (21 4 14 1 6 16) 11 (10 3) 50 (49 17 34) (60 42) (27 30 7) (59 41) (47 28) 38
26: (28 51) (56 25 57 12 11 10 39) (43 16) 26 3 55 18 29 58 24 36 (60 27 49) 50 (14 21 52 44 9 1) (6 33 15) (4 38)
27: 15 28 (38 29 49 47 6) (57 50 32 19 60 55 24 1) (42 48) (37 9 39 4) (53 36 21 30) (27 43 12) 31
28: (34 40 50) (7 28 16 57) 3 60 (30 21 55) 38 (56 49) 59 (1 11) 12 (27 9 42 58 25 23 15 39) (37 52)
29: 48 58 (53 15 46) (16 3 2 57) (4 43 6 28 29) 38 (1 41 31 27 25 60)
30: 35 21 17 (38 36 15) 48 (58 55 3 23 31 37) (30 25 11) 47 49 60 4 (7 1 39) 27
31: (15 22 7 38) 52 (10 55) (4 59) 28 49 60 (16 32 27 29 48 34 42) (12 9 50) 43 (37 1 17 21 24) (6 25)
32: 30 (17 3 21) (1 57 12) 11 (4 7 39) 37 (16 36) 52 (24 46 48) 41 58 (50 25 38) (55 14) 29
33: (48 40 49 25 1 36 58 19 17 11 9) (52 29) 50 (60 14) (41 55) 21 (42 28 26) 10 (16 3)
34: 1 (58 13) (49 43 24 52) 57 (42 18 21 48) 11 8 (28 37) 14 4 10 (60 31 34 12 55 16 33)
35: (30 19) (45 32 58 14 16 49 33 4 11 38 26 37 21) 25 55 52 (1 48 41) (10 3 60 36)
36: (37 42 36) (8 49) (15 14 23) 24 (58 3) (12 31 28) 59 48 9 56 (25 40) 33 (21 55) (16 38) 41
37: (16 15 12 33 38 60) (31 17) (39 44) (45 27 3) (59 28 49 48) (51 56) 53 (41 25) (1 55 4) (42 34)
38: 11 (1 21) (4 7 29) 16 (24 9 18) (55 27 6) (10 38 56) (25 42 23 58 15) 32 41 (43 22 28)
39: (55 12 26) 25 (32 18 4 27) (31 14) 7 (28 11 29 48) 16 (1 57) (50 44 21 10 59 60)
40: (12 9 1 31) (27 60) (24 39) (28 42) (58 7) 26 (38 41 21) (48 6) (15 57 11) (55 36) (4 10)
41: 12 6 42 60 (49 59 37) (26 50 9 1 10 21 43 28) (27 29) 55 4 (31 15 48)
42: (28 48 14 39 45 25) (58 11 6 36) 31 (15 1 57) (37 23 52 60) (16 49 43 9) (2 4)
43: (26 15 37 10 53 58 24) (50 46 1 23 41 4) 40 (3 31) 11 (38 28 21 59 25) 60 (49 12) (14 16) (29 18 57)
44: 14 21 (19 24) 15 3 (11 34) 57 (10 1 18 43) 60 (29 25 55 48 36 44 56) 38 12 (26 49) (39 6) 30
45: (28 4) 39 3 31 55 (1 29 21 49 58) (10 38) (30 48) 11 (41 24) 27 (16 25 56 14 12)
46: (14 40 49) 11 37 (57 12 48 25 45 53 27 21 32 41 30 24 15 1) 28 (6 9) (39 7) (16 38 31 59)
47: (60 37 31) (50 55 4) (9 16 27 38 25 59 21) (46 30) 11 42 (24 7 48 28 57 29 41) 49
48: 1 (43 42) 9 (28 2 58 57) (53 10 59) (3 35) 49 (36 40 15 50 14) (55 27 41 48 25 51) 4 (29 24) 60 16 (7 21 38)
49: (38 16 48) (28 18 56 41) (21 57 29 50) 40 49 (11 32) (25 26) (7 15 37 60) 45 (1 12 39 55) (10 4)
50: (3 51) (21 35 28 12 15) 36 (11 16 49 9 31) (25 32 42 7 27) (4 43) (50 55) (1 39 59) (41 2 30) 20 (57 14)
51: 23 (49 14 41 36 9 37 60) (11 16) (24 43 26 3) 55 (27 30 42) 57 15 (4 28 21 31 25) (12 1) (10 48)
52: 1 27 31 (49 28) 56 53 (21 43 38 36 14) (11 39) 25 (7 30 24 4 15)
53: 41 (4 59) 16 (10 24) 49 50 53 (25 39 38) (29 12 56 27 37) (2 31 21) 11 (7 15)
54: 10 (59 60 38) (6 36) (23 41) 18 (3 34 21) (24 48 31) (40 46 58) (43 47 28) (4 49 37 25 16) 12 (57 42 15) 9 55 (1 11 39)
55: 55 (3 4) 49 (26 36) (38 24) (21 15) (9 60 6 41) (37 42 31 1) 57 28 27 43 (11 14 12)
56: (23 52 49 14) 1 (48 7 15 55 4 31) (29 11 27) 6 (43 56) (21 24) (25 16 57) 9
57: 48 7 50 58 43 14 (41 21 29 59 4 31 60 15 57 34 27 12 56) (17 1 46) 25 (53 44 45 49) 6 (37 30) (39 11 3)
58: (42 15 38) 27 (28 21 37) 41 14 (25 58 52) (12 30) (9 50 49) 57 (18 1 47 55) (4 24 36) (31 7)
59: (27 55 21 1) (15 25 11) 58 (29 23 4 42 12) (49 52 9) (57 41 60 28 48)
60: (1 30) (21 24 42) (3 59 55 49) (11 50 29) 36 27 40 31 (39 52) (14 41 12 56) (28 23 4) (16 48 60) (57 37 25 38 43)
