60 60
1: (20 57) (14 48) (19 53 16) 46 (45 55) (37 31 60) 32
2: 54 (14 23) (1 31 6 39 55 21) (52 27) 16 51 (32 2 28) (45 34) (4 20 58 5 43) (3 22 18 56 11 53 49) 25 (17 40 60) 44 (57 33 13 19 7) 59 24 (29 30) 47 42
3: (35 37 47 32)
4: (58 27 5 44 11) (60 56) (51 14) (47 32 49) 6 39 (52 40) (41 29 59) (24 13) (45 55 21 46) 30 10 23 15
5: 36 8 15 (2 46 37 57) (52 20) (1 39 26) (35 51 13 18 50) 29 11 10 (58 7) (14 45) (33 28) 34 25 (30 47 3 17 16) (27 22) (53 24) (9 32) (21 43 56 4 55) 49 48 6 (38 42 12 40 44 54 5) (23 19 41 60 31)
6: 28 60 (45 55) (33 6 13) 40 (42 19) 27 41 15 51
7: (15 30) 7 (10 29 5 3) 20 (6 8 56 55) 46 (52 57 48 14 51) (24 54) (1 38 41 25 19) (35 4 13 12) (53 21 33) 34 45 9 (60 50) 31
8: (48 22 10 5) (40 26 7) 15 60 (14 50) (23 21 51) (31 13) (2 33) 24 (49 36 35 30) (39 27 17) (29 59 12) (32 43)
9: 43 (56 50 59) (55 14) (22 46 27) 26 16 (33 37 9) 31 (11 15 18 34 53) (36 7 23 42 57 39 25 4) 32 (13 60) 6 (35 51) (2 30) (41 40 19) 20 45
10: 26 (11 47 22 1) 19 15
11: 52 47 (29 60) 24
12: 54 (2 51) (11 55 8) (14 57 6) (36 32 27) (50 45 30) (15 39 3 60) 5 (46 35 58 7 24) 19 (17 34 44) (43 28 42) 13 (56 40 22 1 53)
13: 35 (52 29 59 31 33 51 18 26 39 58 49 37) (34 12) (24 30 32) 54 (55 21 13 20 5) (10 14 50) (3 25 48 38 46 23) 19 (36 28 8) 11 53 (27 45 15 4 17 22 2) (47 40) (57 41) 9 (56 43) 16 60 (6 42) 7
14: (43 39 29 35) 20 13 32 17 51 (23 50) (14 18 12) 9 55
15: 57 (39 36 44 3) (46 1) 50 48 (12 58) 59 (20 24 29 16) (32 21) (15 38 33 25 49) (14 17) (5 28) 19
16: (8 51) 13 18 (9 39 43 27 32) 15 25 45 (10 37) 24 (49 55 56 40 57) (58 19 5 53 52) (11 38 60) 1 (47 50) 30 (14 12) (28 34 23) (31 4 59) 17 46 16 (7 42 33 21) 26 41 (20 36) (35 48 22) 6 (2 44 54 29)
17: (44 49) (46 20 3 56) 11
18: (50 32 21 54) (41 8 11) (55 45 2) (47 31 7 19) 43 39 (20 37 42 22 51) (27 35 40) (18 3) (36 30 25 23 53 16 29 58) 57
19: 8 (43 17 25 21 1 15 45) (47 20 37 36 58 48) (55 27 56 52 10 41 60) (9 12) (30 53 2 16 26) (33 49 28 34 42) 44
20: (28 36) (47 42 30)
21: 58 21 51 (49 47 9) 37 (34 24 1) (18 46 17 55 6 32) 56 (29 3 13 40)
22: (41 24) (4 60)
23: (55 43 17 13 56) (16 36 19) (14 45 28) 30 54 (39 10) 37 (24 18) (29 58) 48 (41 21 57) 26 5 8 27 (52 12) (40 22 23 33 3 44) (32 7 1)
24: 50 (59 12) (1 15) (28 27 52 47 44 34 24) 14 (13 35 60) (43 33 26) (4 11)
25: (60 40) (44 21) (58 24 49) (47 33 20) 37 (4 15 29) (6 25 53) (8 51 43) (28 1 30 41 50 45 11) 56 2 55
26: (18 36) 30 57 (10 56) (55 60) 3 13 58 (23 39 11 20 33 16 21 37 9) (27 12 17) (46 42) 40 2 59 41 (22 43 26 15 28) (38 19) (5 29 49 45)
27: 8 (3 60 35 37 9) 12 (58 52 55) (29 40 13 48 21 32) 25 50 (53 44 38 6) 14 (39 19) 5 (31 7) (20 10 28) (4 34 18 56 11) (59 36 41) (1 42 27 57) 49 (2 51) 54 (46 23 30) (15 26 16) 22 45
28: (10 7 11 48 28 9) 54 26 42 (25 57 19) (39 52 47 12 31 41) (2 55) 45 (15 20) 33 (30 23 38 16) 5
29: (30 19 55 4) 20 (48 46 42 14 43) (17 18 8 57 41)
30: 20 (2 4 6 59) (14 58 52) (56 49) (30 28 12) (15 22 11 10 33 13) 38 (17 25) 21 50 (8 36 19 31 18) 5 (40 57 27 46 26) (44 45) (29 54 1) 42 (53 7 24 23 39 51 43 34 3) 35 9 47
31: (11 60 41 47) (23 38) 34 (21 29 19) 3 12 (7 49) (24 5) (14 55 56 2 37) (54 31) 6 (18 58 8 45 10)
32: (19 46 10) (27 16) (12 29) (35 3) 38 (50 20 43) (59 31 13) (11 51) 60 (56 45) (22 9) (58 55 42) (18 23) (17 14) 2 (6 32) 25 37 (57 7) 49 (15 30) 1 (44 21 52 4)
33: 50 (34 39 54 13 44 33) (30 1 28 5 9 47) (27 18 49) (31 10 40 17) 12 (41 51 14 60) (20 21 16) 6 (53 42 35 32) (11 45) 4 (36 3 37) 55 (43 2) 59
34: 6 (10 32) 28 (47 31 18 37 53 42) (7 59 38 29) 3 12 (23 2) (36 35) (25 40 39) (5 48) 8 21 (52 24 33 60 17 44 50 14) 26 (9 13 56) (55 43 51) 57 34 (58 49)
35: 19 34 38 21 51 (23 46) 10 (31 36 56) (42 60 15 59) (26 22 41 44) 28 49 (43 57 9 13) 25 30 3 (32 16) 14 45 (18 6 35 58) (5 17 40 24 1) 12 (53 37 48) (27 2) 20
36: (42 8 30 13 22) 52 (27 24 12 54) 19 (3 1 15 31) (26 18 46) 49 (9 37 14) (55 2 5) (23 53 58 21) (59 38) (7 34) 56
37: 17 29 (12 20) (10 56) 30 (26 53) (34 55)
38: 45 35 48 17 (5 54) (55 9) 36 42 (40 53) (10 38 44) 13 (24 33 11) (12 28 8 46) 21 60 (58 43) 49 19 27 59 (52 32 1 7 16 29 51 4 37) (22 50 26) (56 3) (57 18 2 14 30) (15 34) (20 47)
39: 15 28 (5 21 39) (2 54) (14 26 22) 58 55 1 (17 7 3) 29 44 (38 51 33 30 53 49) (31 35) (12 45 20 41 16) (19 18) 10 40
40: 46 50 11 (58 20) 23 21 (33 25 4 10 26 36 30) (34 19 40) (47 29 51 14) (17 5 32 45 59 42 28) (9 39 2) 13 (24 43 41) (27 56) (6 22 1) (15 55) (44 60) (3 12) (48 8) 38 (57 49) 54 7 (16 31 35 37)
41: (14 38 29 53 59) (52 32) (58 3 25) (18 1) 44 22 16 (39 11 35 2 27 26 34) (36 43) 51 40 41 (8 55 57 56) 24 (4 21 30) 13 31 5 9 (15 42) (17 12) (47 45) (28 10)
42: (25 8 49 38) (20 9) (13 44 34) (33 30 36) 27 52 54 40 19 39 5 (45 47) 41 42 (50 6 37) (10 26)
43: (20 30) 42 (33 55 11) (39 1) (9 34)
44: (46 12 16 31 4) 53 23 55 (29 9) (50 7 1 2 37 54) 6 57 36 38 (39 60 10 33 52) (45 44) 48 (49 13) (51 18 24) (5 28 17 15)
45: (28 57 23) (47 4 53) (34 7 41) 54
46: 44 (51 32 26) (18 8 36 25 22 55) (1 15) (12 59 17)
47: (60 49) 8 (55 30 10) (45 24)
48: (37 17) (49 53) 1 (42 40 60 54 22 59 18 51) (44 5) 8 (30 33) (11 43 28 39) (45 3 48) (58 24 56) 38 26 16 (55 12 50 46 27) (47 34 7) (31 25) (15 41 35 36 2 23 21 29 14 10) (52 57) (32 13 19) (4 9 6)
49: (53 9) 5 8 (55 12 43 3 45) (56 14 6 41) 32 (54 51) (48 29) 31
50: 33 44 (12 26 6 32) 42 51
51: 52 60 (27 10) 34 (32 22 26) 51 19 44 (55 8 1 54) 20
52: (45 19) (55 41 34 35) 36 (49 53 47 2 24 22) 21 39 (26 33) (23 59 27) (58 37) (30 17 50 18 29) 31 (32 13) 11 48 (43 54 56) (57 20)
53: (31 50 33 58 28 9) (22 20 30 26) (7 21 48) (3 54 4 57 13) (51 40) (2 34 10 37) (11 6) (42 41 38 19) 53 25 60 (23 15 36) 16 (8 32) 24 5
54: (41 60 40 57) 24 (50 22 55 23 18 33) 48
55: (14 12) (60 55 45)
56: (59 22) (20 5 43) 16 (44 19 21) 15 29 (18 14) (1 35 26 9 23 8) (31 4 28 41 13 54) 6 57 32 (10 49 37 30 38 17 50 12) 24 (40 47) 27 2 (46 33 60 11 48) 34 (53 56 58) 39 7 (52 42 3) 36 51 55
57: (4 27 8 22 56 2) (24 30 53) (59 13 11) 37 (7 23) (3 57) (16 60) (18 12) (29 19) (43 41 28 35 45 10 21) 26 (47 36 51) (9 25 5) 32 (14 1 44 54 42) (31 48) (38 34 46 52 49 17 50 58 40) (6 33)
58: 17 (58 52)
59: 40 (34 11 44) (1 18 57) (28 54) (37 8 12) (22 42 59 6) (30 47 55) 17 (39 7) 43 31 (36 13 3 48) 46 21 (16 24) (10 58 49 56 27 35 41)
60: 16 (46 23) 58 (12 49) 34 55 29 8 42 60 (31 24) (54 41 30 3 21) 25 (47 35) (14 17) 48 (11 56 39 18) (37 1) (52 5 50 28) (7 22) (2 6) (33 4 10 53 20 27 51) 15
1: (33 25 7 27 30 40 43) 46 (24 38) (19 41) 56 (5 39 23 59) (2 48 10 36 32 15 16 51 35 60 21) (57 12) 44
2: (30 60 53 19) 36 (56 2) (57 34 38) 48 16 (8 18 26 13 44 32 40 52 12) (9 41) (39 31) 25 (27 35 5 33) 28
3: 56 57 (7 12 53 40 18) (38 59 31) (27 32) (26 30 2) (33 23 21 34 17) (35 36 13 60 5 49 39) (48 15 41)
4: (53 45 24 27 57 22 33 48) (2 44) 41 5 (56 29 25 7 60 16) (13 30) (40 38) (9 32)
5: (41 44) 35 4 (57 31) (26 42 7) (2 39 27 34) (56 60 49 48 30) (36 16) 12 (38 28 40 8) 15 33 (13 53 23) 5
6: 30 (53 48 9 27 6 12 7) 60 49 (40 57) (16 21) 31 44 (50 56) 4 (33 59 2 35 25) 34 (32 42 13) 5
7: 23 (34 16) 57 9 (31 12 48) (5 28 30 38 53 39) (27 13) (2 8 44 56 7 32 59 36) (40 18) 60 45
8: (29 30 23) 19 (36 13 47 5 25) (40 51 31 12 16) (59 38 49) (42 7) (41 48 60 27) (34 57 56 18 46 53)
9: (41 28 44 27 9) 30 (26 42 19 57 5) (7 14 36 53 48 34 49) 43 (16 35 21 56) (33 38) 40 (13 32)
10: 34 (39 4) (41 28 8 16) 13 38 (47 51 40) (27 44 57) 19 (37 30 53 31 48 23 33 42 35) 32 56 60 (59 26 7 5)
11: (32 5 18 53 17 30 59 27) (31 26) (52 9) 2 (57 12) (48 33) (41 56) 10 13 28 (38 16) (43 24) (40 4) (60 25)
12: 37 (7 55) (56 19) 39 27 (15 48 35) (28 23) (57 31 41 5 8 49 40) 38 (14 59 16 24 33 32) (26 60) (46 34 50) 44 (36 13 30)
13: 30 (48 13) (56 35 53) (9 6) 27 (21 32) 38 (5 7 40) 42 24 (2 33 57) 16 (26 12 23 36 4 41 44) 59 8 (34 14 52)
14: (15 5 23) (35 56) 60 13 (55 14 36) (39 16 2 27 38 12 4 24) (29 31) (1 48 30 34) (32 33) 41 (7 40) (57 8 49 9)
15: (26 39 4 32 25 60 24) (13 8 40) (16 48 27) 46 (53 56) (41 30 35 9 36 7) (19 10 44) 15 5 (12 38 28) 6
16: (18 1 57) 60 (2 16 39) 40 (56 23 5 33) (26 41 13 35) 27 38 (59 15 53) (32 28 44) 48 (9 19)
17: 37 13 (26 38 60 57) (48 35 58) (2 39) (41 44) 19 (46 30) 52 5 59 (16 29 21) (23 14) (33 40 56) (15 32 8 12) 34
18: 34 (30 18) 13 21 56 (52 35 57) 41 (36 59 9) 23 (29 2) (39 44 46 16 60) (33 48 38 27 14 26 54) 5 32 31
19: (9 2 56) (13 51 28) (53 7) (6 57) (40 16 18 12) 32 38 48 30 (10 31 27 5 1 35 26) 39 29 15 (42 23 52 36)
20: (9 52 43 2) (40 15 42 14 26) 18 (7 17 1 60) 28 (37 32 39 19 56) 13 (29 25) (5 16) 51 (27 30 33) 38 (35 53)
21: (52 33 2 16) (48 27) 56 (57 39 7 36 4) (31 40) (60 8 30 18 34 35 53) 21 (13 41 19 23 5 15) (26 59 25) 38 32
22: (56 41 10 32) 46 60 18 (13 59 57) (12 35) 51 26 39 (30 27 40 5 38 48) (8 53) 36 (9 16 23 52) (54 2)
23: (13 48) (9 26) (5 30) 44 (60 56) (27 36 52 28) (34 31 54) 8 32 (57 40) (18 4) (45 14) (23 53 16 2) 35
24: 59 (60 41) 48 23 (44 36 8) 11 (52 56) (34 40 22) 16 (24 57 13 54 7) 12 (21 53 35) 2 (47 30) (31 38 15 25 5 4)
25: 34 60 (46 18 48 16 35 41 13 19) (53 7 28) (27 42) (40 9 5 30 57 2) (15 32 25)
26: 10 (52 9 36) (38 19 50 57) (53 48 46 24 39 37 30) 41 34 27 (26 16) (56 35 40 5 51 42 8 23 28 13)
27: 12 (36 9) 38 (40 52) 51 8 (24 41 23) (18 48 13) 57 59 60 30 33 42 (4 16 27) 2 (6 19 56 26 5) 32 35
28: (48 19 56 38 15 57 44 39 2) 30 (35 23 24 16 59 33 25 27) (60 53) (40 12) (28 41) 45 5 13 (34 26) (6 20)
29: 2 (60 44 52 21) (57 26) (14 25 4 56) (38 23 30 40) 49 (41 27 34 31) (32 16 48 11) (18 13 8) (37 7 39 15 5)
30: 12 37 (27 59 20 5) (25 28 57) 43 (16 42 53) 39 23 (18 35) (36 26 9) (29 13 32) (30 7 19 2) (38 33) (47 52 4 40 60 48 56) 8 41
31: (1 5 8) 59 (56 53 60) (36 31) (49 40 52 7 2) (41 28) 35 (16 44 57) (32 30 34) 33 39 48 9 13 (27 18)
32: 14 (57 53) 21 13 (23 4 15 40 3) (38 18) (2 35) (34 27 56) (41 50) 48 (49 5) 52 51 (12 9 33 1 8 16 32 46)
33: 30 (15 16) (7 48 33 56 2) (40 53 13 26) (6 24 19 8) 23 25 (44 54 39 38) 34 9 57 50 (42 52 28) (5 43 60)
34: 5 (31 33 9 13) (30 7 59 16) (37 42) 36 40 (57 12 43) (56 35 60 2 45 41 51 34 19 38) (48 53 24 21 52 27)
35: (39 30 18 27) (48 5 52) (7 57 16 56 13) 32 (8 35) (14 12 33 9 38 24 41) 59 60 40 (3 34)
36: 18 (34 35 57 38 15 13) 40 (48 33 19 23 30) (59 27 41 56 12 9 8) (26 5) (46 52 53) 44 (16 42) 20
37: 3 (13 25 9) (60 21 57 33 1 16 56 19 32) (18 26) (42 23) 48 34 52 36 35 40 31 (53 44) 38 (59 27) 5
38: (34 32) 48 (5 36 57 7 28) (30 15 39 41 53 42 13 56) 35 (26 31) 38 27 44 (40 16)
39: 13 (26 5) 4 (59 42 34) (8 18 41 14 27 40 60 52) (44 39 28) 9 48 (33 16 56) (2 12 23 15) (30 43)
40: (34 39 40) (21 57 59 4 16 8 2 27 25 23 42 18 9 26 13 12 35) (41 30 38 54 33) 5 (6 53) (48 56)
41: 52 (26 42 25 31 40 41 53) 39 (4 57) (16 59) (19 29 9) (56 35) (23 33 7) (18 28 54) 13 6 (45 27 60 49 22 5 48)
42: 36 (16 12) 19 (9 32 30 18) (41 56 42) (34 33) 35 (57 28 60 5 27) (29 53 43) 40 (38 20 6 13) (48 2) 50 (26 59)
43: (23 34 33 30 5) 25 (52 56) (35 57 26 32 19 59 49 48 12) (2 24) (8 29 13 40 16) (9 18 41 14) 38
44: (48 41) 50 51 15 (46 32 57) 59 (42 19) (44 23) 16 (35 5 17 4) (33 40) (30 25 24) 34 (27 12 2 38) 56 39
45: (49 9 28) 12 27 (42 1) 23 13 (38 48 5 32 41 7 47) (26 2 35) 31 30 (18 4 16) 44 (57 40 6 39 25 52 55 19) 33
46: (32 48 21 4 30 26 57) 40 7 9 (38 1 12) (13 60) 15 59 (56 27 44) 17 (16 35 29) (36 5)
47: (52 59 3 24) (48 11 45 21) (60 13 38 34) 57 (41 4 30) (33 20 5 42 2) 31 40 (25 28 16) 18 (19 56) 10
48: (49 19) 23 (44 27 57) (48 13 56) 52 (8 34) (29 15 53) (16 7 28) 60 38 (35 5 59) 1 (54 40)
49: (30 27 19 32) 42 8 13 (48 34 21) 16 (25 44) 2 (52 57) (36 56) 31 47 (40 35 26 59 15 4) (5 60) (17 39) 33 38
50: (32 8) 12 (5 38 48 27) 57 (15 24) (60 18 44) 30 (33 9 16 56 53 40 52 25) (34 14 54 42 13 7)
51: (25 9 12 33 60 40 2) (27 18) (34 53 51 16) 4 (57 32 44) 41 5 (35 13 8) 46 (38 56 39) 49 (50 7) 21 (48 6) (30 14)
52: 30 (42 24) (11 19) (58 4 7) (32 23 36 60 38 57 28 51 34 5 2 13) (44 27) (16 48 56 41)
53: 12 (44 56) (39 5 7) 45 (34 53) 49 (13 36) (16 2 25 30) (57 18 1) 35 (27 33) (9 48) 37 (52 19) (41 60) 38
54: (53 48 2) 7 (23 12) (27 5 45 13) 28 (36 39 59) 51 (16 38 52 49) 57 (40 60 42 44) 33 (31 56 18 30)
55: (48 21 12 27 36 34 52) 2 (25 33 13) (19 6 51) 18 (5 37) 14 (23 28) 54 (26 39 46 41 44 16 31 38 29 1 43 32 56 59 60 7 9 4) (49 40) (55 47)
56: (49 16 36 30) 59 (19 40 60) 52 23 (35 13 38 25 12 32 17 5 21) (56 48 9) (26 41) (34 57 4 27) (7 37 2) 31
57: 23 (41 48) 35 (38 29 44 56 53) (52 32) (16 1 45) (34 9 27 7 15 5 30 40) (18 26) (59 13 54) 12 (28 2) 57
58: (56 31) 27 12 (36 2 25 16 38) (40 53 18) 5 4 (35 34 41) (13 26 59) (57 39 19 23 30) 60 (21 15) 58 32 (52 48)
59: (24 33 8) 15 32 (57 36) 41 34 (59 4) (56 35 38 48) 26 (46 9) 40 (30 2 27 16 13 52)
60: (44 57 38 35 11) 34 (60 55) (4 40) (6 53) (48 31 27 22 9 54) (24 7 12 33 13) (56 19 25 8) 1 (2 5) (26 51 16 32 47)
