30 30
1: 5 19 1 11 15 29 25 7 22 21 12
2: 18 20 6 2 15 3 9 5 28 14 10 12 13 22 27
3: 7 21 11 19 17 14
4: 21 29 8 27 1 12
5: 8 12 9 24 13 7 26 5 11 20
6: 19 4 16 30 11 14 22 5 13 24 6 20 15 3 28 1 25 26 23
7: 22 25 5 24 28 4 13 21 29 18 14 9 27 1
8: 17 20 25 14 15 11 29 2 8 19 13 21 26 10 6 5 23 28 3 18 4
9: 24 15 6 27 17 9 26 3 8 30 20 13 23 14 11 29 12 22 2
10: 30 18 1 15 21 29 28 9 19 5 4 7
11: 14 4 29 1 16 8 20 15 9 18 10 5 11 13 24 28 25 22
12: 23 8 21 22 7 12 3 6 30 1 5 13
13: 14 22 12 20 30 2 24 10 7 8 16 23 11
14: 28 18 30 4 27 8 23 15 19 9 2 11
15: 4 6 9 16 11 24 18 22 5 20 3 21 12 8 23
16: 21 5 6 20 4 30 16 22 9 10 18 15 8 29 2 1 19 26 13 11 23 7 24
17: 18 25 1 13 8 4 21 16 7 17 9 14 26 11 22 24 3 20 27 23 6 2 29 10 5 28 19 12 15
18: 19 24 16 15 5 6 27 25 22 20 17 9 1 13 18 4 28 14 3 12 29 21 8 10 26 30 2 11 7 23
19: 24 3 20 30 1 17 8 23 12 4 9 7 29 27 6 18 11 25 28 13 26 5 21 19 10
20: 18 7 6 25 17 5 21
21: 27 21 10 29 13 5 22 20 15 17 12
22: 20 13 18 11 15 17 12
23: 13 21 23
24: 3 4 26 10 17 16 24 12 28 6 1 11 21 14 8 25 19 15 22 9 18 2 5
25: 7 9 24 17 8 27 26 3 20 22 5 21 15 1 30 25 12 10 16 4 29 2 6 23 13 28
26: 26 5 13 21 14 11 18 23 8 29 3 17 15 27 6 30 9 20 19 10 28 7 16 22 1 12 2 25 4
27: 5 19 7 10 9 17 3 29 21 20 23 30 26 13 24 11 22 8 1 14 6 18 16 12 2 4
28: 23 5 22 16 20 1 9 8 27 29 28 14 17 25 13 10 15 21 6 2
29: 10 17 14 11 18 19 25 4 21 26 22 7 24
30: 8 17 30 19 11 26 9 28 27 24 18 10 16 1 25 5 29 22 3 6 12
1: (17 4) 18 (30 19 24) 6 (11 12 26 10 7 25 1 28 27 16)
2: 14 8 (17 16 18) 9 (28 25 13) (26 2) (27 24)
3: (25 8) (2 17 15) (9 27) (24 6 30 19 26) (12 18)
4: (6 27 10 17 11 18) 8 (25 26 24 7 15) (29 19) (16 14)
5: (20 28 18 6 26 25) 27 (19 16 1) (7 15 5 30) 10 (21 24) 8 (2 17 11) 12
6: 26 25 19 (30 15 12 20 2 28 24 17 9 8 16) 27 (18 6)
7: (10 26) 18 (17 12) (20 16 3 19 29 25 27) (5 13) 1
8: 14 (26 17 27 4 11) (13 15 30 18 24 28) (5 19) (8 12 25) 16 9
9: (7 25 18) (26 19 15) (30 28 16 14 27) (24 5) (11 17) 10 (9 2)
10: (24 16) 13 (11 25 26 17 30 2 27 21 18 29) (8 19 28)
11: (18 26 22 30) 14 1 15 (6 29 16 9 5 17) (19 11 27 24 13) (3 8)
12: (26 13 27) 5 (1 18) (12 2 25 9 21) (22 4 15 17 24) (30 19)
13: (16 7 27 8 19 5) (26 6 18 28) (25 2 22) 21 (11 9 17) (12 23)
14: (27 13 6) (7 3 2 8 28 29 11 18 24) (17 9 26)
15: (8 21) (26 28) (10 14) (11 18 9) (16 6) (2 22 24) 1 (25 17)
16: (11 27 30 13 6 18 24) (15 17 16) (28 25 26)
17: 25 (26 22 24 28) (18 20) (17 8) (9 19) (29 27) (3 21 30)
18: (19 2 7 30) (29 26 15 14 16 10) (24 17 11 20 8) 27 (18 22)
19: 16 (17 27 29 6) 26 (19 14 18 8 24) (30 3 1 10)
20: (16 18 15 2 28 21 17 25 8 13 22) (26 19 5 9 11 27 6)
21: 24 15 28 (3 20 12 8 23) 25 (26 10) (17 4 16) 1 (21 27 18) 19 (7 29)
22: (7 6 1 29) (16 11) 2 9 (21 26 12) 27 (15 30 28 17 25 24 13 18)
23: 8 26 (17 6 15) (16 12) (28 9) (27 19) 23 (18 25) 13 14
24: (5 25 24 18 29 15 13) 16 (6 7 30) (19 17) (9 11 27)
25: 7 (20 30 25 17 18 8 29) 11 1 (19 26 24 28 6)
26: 25 (17 18 29 16) (19 8) (5 30 24 26) (9 27 6)
27: (4 25) 14 2 (21 28) 9 (17 18) 26 (30 19) 7
28: (26 19 11) (30 18 14) (6 25 28 2) 17 (10 7 24) 8
29: (30 16 8 18 17) 26 (11 7 21) (10 25 9) (1 19) (28 4) 27
30: 30 25 (10 27 6 26) 12 (16 19 14 9) 13 18
