30 30
1: 23 4 13 17 12 30 26 27 24 16 1 9 2 8
2: 29 1 3 20 12 6 8 21 15 5 13 7 4
3: 14
4: 20 21 1
5: 29 19 9 13 14
6: 4 15 7 29 18 28 26 25 3 11 13 1 10 20 9 19 27 12 22 16
7: 17 10 15 4 5 1 19 18 12 29 9 6 30 3 26 11 28 24 27 16 13 7 23
8: 22 26 27 14 28 12 29
9: 26 20 1 10 24 19 5 21 8 27 13 2 16 23 29 9 11 12 4 25 28 15 7 3 6 14 22 17 18 30
10: 5 9 13 23 7 29 27 22 15 1 21 16 19 24 30 4 2 25 3 20 28 8 6 18 11
11: 21 2 29 17 18 4 15 19 25 24 5 14 11 27 13 6 16 26 30 23 10 28
12: 5 14 2 20 22 10 24 11
13: 15 30 28 18 25 24 19 11 21 17 9 8 20 6 27 7
14: 30 27 18 14 26 3 7 19 4 25 6 28 22 29 21 17 10 20 11 12 8 15 16 2 24
15: 25 8 3 24 27 4
16: 18 6 11 21 28 9 19 16 13 30 29 4 10 5 3 7 8 22 1 27 26
17: 22 2 21 16 11 19 9 7 15 14 24 29 17 1
18: 10 17 26 15 6 13 18 2 9 20 22 14 11 21 24 16 1 3 7 29 30 19 25 27
19: 13 30 27 17 4 21 26
20: 22 8 29 21 12 18 17 3 20 15 25 28
21: 20 2 5 22 13 12 18 1 7 21 16 14 30 24 29 6 28 9 3 11 27 15 25 26 23 4 10 19
22: 27 22 30 15 19 26 20 10 23 28 14 18 12 1 9 29 11 8 25 6 7 4 13 2 3 21 16
23: 19 30 20 17 8 25 22 28 24
24: 29 26 28 22
25: 20 12 11 1 25 10 8 21
26: 15 16 27 5 22 24 12
27: 20 25 27 26 12 7 14 28 6 30 1 11 10 22 4
28: 16 24 5 10 21 12 17
29: 6 27 8 19 24 12 21 7 5 30 18 22 11 16 26 14 1 4 9
30: 10 29 16 21 1 23
1: (9 17) 1 (22 2) 27 29 6 (18 4 25 16 21 7 30 10)
2: (21 17) (10 18 22) (9 11) (12 14 1)
3: (6 10) (2 22 14 20) 18 (15 9) (7 21) 16
4: 9 (11 2) (29 14 19 6) 27 (22 7 21 10 1 16) 15
5: 16 (21 10) (28 29 9 2 12 26 7 11)
6: (13 21 29 27) 14 22 16 10 9 7 (18 2) 11
7: (7 10) 17 (27 22) (2 9 6 21) (14 13 16 18) 29
8: 22 16 (23 1) 10 20 (9 14 15) (13 29 25) 2
9: 10 (9 7 5 1 21) (13 6) 29 (16 17) (22 18)
10: (18 16 11) (28 14) 27 (6 22) 9 (30 21 7 25) 12
11: (27 10) (18 6 14 17) (16 25 11) 12 (13 7 29) 9 (22 21)
12: (26 29 2 21) 1 (6 20) (8 14 9 28 25) (22 27) 7
13: (5 10 16) (6 19 2 1) 18 (9 21) 7 11 22
14: (8 5 14 22 3 29) (18 17 11 21 9) (12 27)
15: 11 (13 6 10) (26 18 9) (21 7 2 20 14) 22 17
16: (17 28 7 11) (1 18) 29 22 (6 14) (30 21) (10 9 26 16)
17: 18 (17 14) (7 1 9) 19 (23 28) (13 11) 20
18: 14 (6 7 11 22 29) (18 16) (9 13 21) 10 20
19: 14 (23 29 10 21 22 9) (18 7) (11 6) 17 16 (13 5)
20: 22 18 27 (13 21) (6 9 2) 25 (20 4 14 23) (12 10)
21: (11 13 21 25 18 20 19 22 30 2) 29 17 (9 16) 4 14 28 10
22: (23 18) 17 27 9 20 (26 21 10) (14 12) (6 16) 22 (29 8 24)
23: 11 (30 7 1) (9 22) (10 21)
24: (12 21) 1 (11 15) 7 13 29 (18 14 23 17 9 26 28) 10
25: (6 20 25 14 22) (11 23) (15 10 18) (27 9) (13 21)
26: (14 6 24) 11 29 8 (27 19) (18 9 7 16 22 1) 21
27: (1 29 8 22 18) (16 26 27 19) 7 10 6 (11 15 14) 9 13 21
28: (23 11 8) (20 13) 9 (10 14 27) (7 22 24 21) 6 16
29: 8 (17 24 6) (7 10 21) (16 22) (9 2) (5 14 11 30 20 18)
30: 22 7 (1 13) (14 21) (27 10) 18 (9 23 16) 11 (19 29)
