30 30
1: 3 4 26 7 16 18
2: 11 28 16 1 7 13 22 25 27 6 17
3: 6 28 4 30 20 13 21 2 12 1 25 22 23 5 9 18 7 3 17 29 26
4: 19 2 21 22 18 14 8 26 7 11 28 30 6 15 16 5
5: 9 7 25 14 21 24 19 13 17 1 5 20
6: 3 27 15 14
7: 20 17 26 9 14 21
8: 27 3 1 23 12 7 26 2 6 14 21 4 30 17 24 20 28 15 22 5 16 11 9
9: 21 17 23 4 29 10 5 8 28 9 11 7 22 24 16 30 19 25 1 20 2 14
10: 5 25 30 21 27 7 13 1 18 19 28 20 23 10 12 22 17 3 29 6 26 11 9 14 16 4
11: 19 29 28 8 17 7 2 1 21 26 16 30 13 5 27 12 10 14 23 4 18 24 11 22 6 3 9 20 25
12: 26 29 3 16 28 20 5 14 4 15 11 30 18 1 25 13 21 27 22
13: 9 26 28 16 4 21 22
14: 24 13 27 22 16 26 14 9 23 12 18 8 6
15: 13 30 9 19 22 28 24 18 17 3 21 10 4 7 6 14 2 5 12 16 11 26 23 27
16: 17 28 27 5 29 20 26 18 13 8 4 16
17: 12 9 22 28 6 10 23 4 5 24 29 21 26 17 2 16 18 8 25 1 3 20 7 13
18: 11 1 9 21 14 23 5 26 2 6 29 20 18 13 28 8 24 4 16
19: 14 10 12 2 13 28 7 29 19 8 5 11 22 24 9
20: 25 3 8 4 18 9 30 21 19 24 26 6 7 10 22 20
21: 19 10 21 8 11 5 18 30 9 14 6 13 26 2 22 1 20 3 17 23 4 25 24 16 28 29 27 12 15 7
22: 20 2 11 22 24 26 19 28 16 12 29 3 5 8 27 17 15 14 4
23: 6 1 15 27 10 9 25 18 28 19 4 30 29 13 11 14
24: 25 11 14 13 9 22 12 1 21 3 4 30 28 7 6
25: 10 7 29 21 2 28 27 15 22 18 5 23 20 11 25 30 4 26 14
26: 14 22 4 28 1 26 7 2 9 5 27 21 17 13 24 11 30 23 29 18 10 16 8 6 15 19
27: 6 23 7 2 20 19
28: 22 3 23 11 5 25 9 20 17 26 1
29: 29 6 1 20 14 3 19 22 27 12
30: 21 23 25 4 2 30 7 1 19 14 8 24
1: (28 9 11 2 18 8) (24 30 12) 3 (29 5 26 23 10) (17 21)
2: (19 4 18 17) 15 (8 22 27) 30 (11 9 21) 25 26 3
3: (15 17) (3 22 12 10 29) (1 21 20 28 11) (6 24 8)
4: (10 1) 13 (11 22 25) (24 20) 9 30 (17 18) 3 (23 15 12) (26 8 21 16)
5: 28 (10 12) 4 (3 16 15 18 26 21) (5 25) (22 19 17) (11 8 9)
6: (21 18 29 11 4 8 15 27) (24 26) (17 14) 2 (23 3 10) 20
7: 26 (8 20 15) (9 25 19 30) (5 2) (24 1 27 4) (10 21 17 3 11)
8: 4 (26 11) (22 14) (20 19) (21 30 18 9 17 16)
9: 20 (11 14) 26 7 (13 3) (21 23 9 15) (19 5 17) 18 28 8 (10 24)
10: 11 (15 10) 21 23 (20 26 9) 25 (17 19)
11: (2 10 4 18) (25 11 24) 22 (19 23) 15 21 (26 9) (8 28 12)
12: 17 (21 29 22 19) (15 11 8) (3 24 14) 10
13: (17 11) (19 12 10) (5 18 21 16 24 14) 26 (2 3 23 15)
14: (9 23 10 6 8 30) (5 25 26 14) 22 4 (11 21) 24 (15 18 7 29 12 19)
15: (21 4 22 6 26 12 23 8 25)
16: (2 17 11) 4 (13 10) (14 21 22 26 16) (1 8 18 15 9) 12
17: (2 9 15 16) (7 17 28) (26 22) (21 11 5 3 10 8)
18: 26 (10 18 23 1 3 20 17) (4 12 16 21 14 11 25 15)
19: (11 27 29 20 10 4 15 19) (22 9) (5 26) (30 23 21)
20: 16 29 (5 17 18) 22 (21 10 8 28) (9 3) (27 20 11 7 12 25)
21: 7 (30 5 10) (12 11 17 21) (13 15) 20 (24 18) 9 (8 25 3) 4 26
22: (12 10 2) (19 8 15) (21 28 24 20) 14 26 (9 22 11 3) (29 25 17 4) 13
23: (15 8 26 21 11 27 28 3) (17 14 9 25) (10 30) 18
24: (20 15 18) (9 26 19 17 30) (21 11 5) (14 22 8)
25: (9 25 3) (28 2) (30 17) (12 10 5 11 24) (20 21 23)
26: (13 17 11) (22 16 8 15 10 3) (21 7) (12 28 25) 20 (14 4 18 26) 1
27: 2 11 (6 21) (8 15 14 25) 26 (22 10 29 23) 12 16
28: 25 3 (10 21 11) (17 24 23 26 19 15 16) (12 22 8) (18 4 13 2) 9
29: (16 3 25 29 19 9 10 11 12 22) (23 21 18 17) 26
30: 24 (23 10 12) (15 8 20 25 11) (26 30 21 4 3 9)
