30 30
1: 12
2: 6 15 7 8 29 17 18 20 3 4 21 14 24 12 19 10 1 26 27 30 22 11
3: 19 6 22 27 8 7 3 1 15 23 14 21 12
4: 2 24 1 3 12 16 11 10 28 17 22 27 21 13 25 29 6 23 26 9 8 7 15 5
5: 10 16 23 20 26 14 9 19 18 22 6 29 27
6: 12 16 10 11 14 19 8 27 5 20 1 3 18 28 13 9
7: 23 22 20 1 15 24 16 14 8 3 29 28 18 25 17 2 30
8: 1 29 30 3 16 5 13 8 10 25 28 22 18 19 17 9 14 2 11 7 26 20 21 24 4
9: 23 8 17 16 5 1 4 12 25 6 29 26 9 14 24 18 11 20 28
10: 27 17 1 14 5 7 2
11: 28 11 14 16 19 1 30 3 29 20 8 6 21 15 7 22 10 2 17 5 23 12 4 9 26 24 18
12: 12 23 26 2 19 6 20 5 9 13 8 30 15 1 4 3 28 21 17 10 11 16 25 7 18 24
13: 9 24 23 25 16 19 12 5 11 20 1 29 7 18 26 14 27 4 8 22 13 3 28 15 21 2 30 17 6 10
14: 28 13 25 9 1
15: 5
16: 21 5 15 27 6 16 24 30 9 11 28 19 23 12 10 1 20 4 8 14 3 13 18 29 2 26 7 17
17: 12
18: 28 3 15 4 29 9 27 26 7 10 5 17 24 23 6 12 25 14 20
19: 21 26 22 24 7 6 13 14 17 23 4 28 15 12 3 10 1 8 9 19 18 25 2 27 20 16 29
20: 24
21: 10 13 21 22 8 15 29 7 9 23 27 11 19 2 5 26 28 24
22: 10 18 17
23: 5 25 4 14 15 17 11 20 18 1 30 22 23 12 29 27 9 7
24: 4 20 11 7 5 22 13
25: 9 7 3 17 10 21 20 18 6 24 25 2 16 30 4 1 14 11 29 27 26 15 22 19 8
26: 2 11 19 6 22 1 17 21 23 7 5 26 16 18 29
27: 7 12 10 19 27 29
28: 3 14 5 13 27 29 17 16 15
29: 6
30: 23 13 1 25 19 8 20 9 11 14 26 30 16 3 7 10 29 12 28 17 4 6 24 22 18 5 27 15 21
1: (3 13 19 10 11 6 9) (26 16 14 7 30 23) 25 (8 2 4) 12
2: (12 25) 7 (26 11 21) (8 13 4 10 16) 19
3: (28 4) (19 3) (25 7 13 6 30) 2 11 16 12 (8 18)
4: 23 (24 16) 11 (25 19 9) 30 (2 18 12) 8 13
5: 23 15 21 (10 9 16) 6 30 26 12 (24 11 4 13 8) (18 28)
6: 4 (25 26 12 16) (29 30 11 3 13 2) (18 9) 5 19
7: 21 19 30 (4 8 11 16 23) 12 (26 13) (18 24 3 27 25 10 2)
8: (19 21 3 8) 7 16 (2 25) (30 12) (11 9) (4 6) 13
9: (9 16 18 13 23 25 8) 12 (14 19 5) (11 30 4) 21 6
10: 19 (5 8 6 27 21 12) (13 2) (22 25) (30 16) 18 11 4
11: (23 12) (4 6) (24 9 11 26 25) 8 (2 13 16 21 30)
12: (17 11) (27 18) 16 (30 19 6 4) 12 1 (3 13) (23 2) 9
13: (6 12 19 24 14 28) (16 30) (21 13) 8 4
14: 5 (19 10 30 11 9) 2 (25 13 28) (3 16 7 8 23 18 6)
15: (4 25) 23 (16 12) 19 (28 21) 13 30 (3 11) (7 2 18)
16: (16 8) (12 9 11 25 30) (6 5 26 19 7) 4 (13 28)
17: 16 (10 8 22 18 28) (9 23 25 2) (19 7) 12 (13 4 11 26 30)
18: (8 25 5 6 30) 23 12 (9 22) 16 19 (7 13) (11 26) 2
19: (13 8 3) (5 27) 30 (19 16 11) (2 21 6 12) 26 25
20: 30 (18 11 9 24 8 6) (13 16 7 12 19 5) (2 23 25)
21: 19 4 (8 3 25) 11 12 (16 26 2 21) (13 30)
22: 30 (5 13 21) 4 19 3 2 (25 24 7) (26 8) (23 11)
23: (16 19) (23 4 21 30 5) (9 18) 11 (26 7 3) 13 12
24: (21 7) (20 4 18) 12 (8 30 13) 9 16 25 (19 11 2)
25: (7 19) 8 13 (25 18 30 4) 14 (23 9 12)
26: (19 26) (4 12 16) 13 5 (30 18 9 21 25 2) (11 8)
27: 5 (4 30 16) (2 6 13 18 25 10 27 3) (21 19 23) 28
28: 14 18 (8 16 12 11 21) (9 6 7) 4 (30 13) 19
29: (23 18 5 4 27 25) (21 8) (13 7) (19 11) (26 2 9) (28 16) 30
30: 12 30 (2 23 13) 7 (8 25) (16 11)
