30 30
1: 25 5 13 11 23 8 18 14 17
2: 9 13 21 7 2 5 4 1 23
3: 24 18 7 25 6 8 23 21 4 15 5 13 22 3 28 2 16 12 26 29 19 9 30 14 1 27 10 17
4: 29 14 16 2 6 10 23 4 15 20 21 18 5 7 8 27 22 25 28 9
5: 18 1 29 11 28 26 6 25 14 10 4 22 21 19 5 23 15 3 17 8
6: 18 16 21 1 25 12
7: 17 9 27 2 12 26 21 30 14 23 6 19
8: 20 5 12 8 3 6 25 2 28 24 15 21 26 14
9: 2 16 18 15 25 4 5 1 12 20 30 9 28 22 8 23
10: 29 18 20 13 6 4 8 9 10 23
11: 24 5 7 8 6 12 16 28 18 25 17 9 13 4 15 3 23 21 2 29 10 19 11 20
12: 29 14 10 12 3 8 7 25 5 26 2 19 22 30 28 13 18 17 21 1 16 11 4 27 9
13: 24 23 8 4 20 18 6 12 7 22 21 17 19 1 5 14 9 16
14: 24 10
15: 2 15 19 12 16 30 28 3 4 22 8 24 27 14 7 23 21 26 29 9 20 11 10 5 6 17
16: 11 7 23 8 15
17: 17 29 4 3 15
18: 8 21 19 11 25 6 12 13 20 18 22 9 14 29 16
19: 25 15 10 11 14 12 2 4 9 27 13 24
20: 18 5 19
21: 22 23 1 6 25 3 11 5 14 4 19 12 16 8 30 20 27 17 13 24
22: 3 10 18 24 23 12 5
23: 18 12 14 8 28 22 19 26 23 15 20 3 5 25 1 11 16 30 7 10 2 24 13
24: 30 3 24
25: 2 16 3 12 22 14
26: 18 6 21 2 22 16 10 9 19 30 14 23 24 3 1 27 7 26 15 5 17 13 8 12 4
27: 18 24 12 30 10 3 23 16 15 9 29 1 8 28 21 2 17 5 14 19 26 20
28: 4 29 3 28 2 24 12 8 16 23 10 14 25 20 5 11 1 6 17 9 22 26 30 15
29: 16 17 18 27 11 8 13 3 22 26 7 29 25 30 6 10 15 20 4 1 24 5 2
30: 6 27 1 14 3 26 25 5 24 10 9 23 21 17 12 15 29 16 18 13 30 19 2 7 20 11 4 22 8 28
1: (30 26 27 5 2 6) (12 23 21) (13 3) 9 28 29
2: (2 4 11) (28 29 15 3 23) 30 25 9 (27 19) 7 (12 26 8)
3: 30 25 26 (21 8 27 22 15 23 11) 5 (24 3 17 12 29) 28
4: 11 (26 9 28) (15 5 4) 21 (30 17 13 19) (12 2 3) 10 29
5: (4 12) (1 8) (22 28 13) 2 (3 5 20 26) 29 23 (21 30) (11 9 15 27)
6: (7 11) 29 5 (15 4 30 26) (8 10) (3 21 18 13 28)
7: 15 (23 16 29 26) (4 2 12 13) (3 11) 30
8: 3 (21 23 30 5 12) 15 11 (26 1) (29 8) 9 18 (4 16) (28 10 27) 13
9: (19 26) 15 (27 30) (18 3 11) (12 13) 4 (9 7 10 28 2)
10: 11 5 15 (29 10 22) (19 23 27) (14 12) 30 3 (28 4) 26
11: 16 29 23 (12 1) (18 15 11 30) (19 21) (5 28)
12: (15 9) (19 25 7 21 12) (26 6) 18 13 (22 8) (11 23 3) 30 27 28
13: 1 26 (29 2) 11 (19 21) 23 3 (10 18 12) 30
14: (18 8 4) 13 (21 12 23) (25 15) 5 3 (27 26 19 7 1) (28 30)
15: (15 16) (17 3 4) 8 (27 29 5 9 28) (23 30 19 26) 11
16: 15 (9 18) 28 11 (23 13 27 3 26) (25 6 12 29) (4 21) 30
17: 27 (28 15) 5 3 26 (7 11 17) (1 30 21 29 12) 13
18: 1 (5 22) 9 (10 12 30 20) 3 (4 27) (6 29 26) 11 23 (13 18)
19: (5 13 20) 26 15 21 30 (23 27) 3 (11 7 12 18)
20: (11 4) 27 18 (28 30 10) (9 23) (13 29 15 8) 21
21: 5 (18 26) 13 (4 30) (7 6 12) (11 8) 15 27 (2 3)
22: (12 29) 5 (28 15) (9 4) (25 3 30) 13 21 26 (18 23)
23: 11 21 7 (4 28 22 2 27) 5 (26 1) (13 23 9 16 30 10 3) 15
24: (28 22 3) (30 23) 8 19 11 29 (14 13) (15 24) 21 (27 26)
25: (8 3 9) 29 (30 23) (19 18 1 21) 12 (4 28) 6 (5 11)
26: (23 5 3) (15 28 7) (12 29) (30 8) (27 26)
27: 30 21 (29 26) 4 (19 12) (7 15) 3
28: 8 (3 5 27) 28 23 (30 4 15 11) (12 9)
29: 10 (30 5) (27 15) (29 11) (28 12 4) 18 (3 17)
30: (9 24 12 29 3 7 23 15 26 27) 30 (28 21)
