30 30
1: 14 23 30 17 28 10 22 29 16 12 19
2: 9 23 26 2 30 8 12 7 19
3: 30 6 11 10 8 27 18 20 4 16 14 13 7 22 9 3 19 15 24 5 2 28 17 21 12
4: 20 28 10 26 21 22 6 3 12 1 30
5: 20 11 22 29 2 5 27 26 15 25 4 7 18
6: 16 20 10 2 6 19 11 26 24 25 27 21 22 18 23 4 9 29
7: 10 29 5 19 26 27 25 9 17 16 3 6 28 4 11 22 1 15 24 21 8 2 12 13 20 30 14 18 23
8: 1 30 26 28 20 15 10 2 29 13 12 27 17 23 16 18 22 9 14 4 24
9: 23 14 26 10 11 21 17 6 4 9 3 2 22 16 12 24 18 1 5 27
10: 23 3 22 6 19 2 26 1 17 8 4 5 27 21 9 11 25 28 7 24 16 14 12 15 29
11: 16 1 5 10 11 29 3 7 19 26 27 4 28 18 17 20 2 14 9 24 12 15 23 22 13 30 25 21 8 6
12: 12 28 7 8 6 16 22 24 20 14 3 9 21 27 15 18 25 17 29 23 11 30 4
13: 20 24 11 18 7 19 14 8 6 21 5 17 9 22 16 12 3 10 1 2 13 30
14: 19 9 12 10 7 15 18 8 14 30 1 29 17 3 16 4 27 22 24 20
15: 10 1 23
16: 19 23 4 10 14 24 9 5 26 3 11 13 12 27 16 15 2 22 25 18 17 21 1 20 29 28 6 7
17: 7 1
18: 19 4 30 22 11 5
19: 4 18 10 29 8 7 3 6 26 5 23 24 13 17 30 1
20: 18 19 2 8 23 15
21: 8 23 6 3 4 30 27 11 17 10 1 12 18 19 26 29 21 13 5 24 15 28 22 20 14 7 25 2 16 9
22: 29 20 15 30 22 28 16 10 5 27 3 19 9 7 11 25 21 17
23: 16 13 19 15 12 22
24: 28 8 29 16 10 22 24 14 20 18 13 17 9 19 21 6 12 25 23 27 11 30 4 1 3
25: 25 6 7 22 16 29 18 28 23 24 19 30 4 27 26
26: 13 26 6 12 14 16 25 27 7 21 24 29
27: 12
28: 17 7 13 27 28 10 3 29 18 12 30 5 16 19 9 11 14 15 25 26 22 2 6 24 23 8
29: 8 23 10 30 12 14 21 22 28 3 13 7 9 19 1 17 5 4 20 2 29 18 6 16 25 27
30: 26 27 4 29 30 5 9 17 2 21 16 19 28 7 12 11 1 13
1: (30 13 15) (9 14 8) (29 19 21 16) 7 (4 11) 10 24 17
2: (11 30) (29 3 13) (2 20 16 5 21 9) 6 (7 8) (28 10)
3: 28 4 16 (13 14 19 24) (10 11) (7 9) (21 22 12 3) 29
4: 25 6 10 (18 9 24 11) (12 14) 7 (3 5) (21 29 16 19 30) 8
5: 21 5 22 19 28 (18 7) 11 (13 29 30 10) 16 3 9
6: (12 9 3 21 4 26 11) 28 (29 13 6 24 19 7 16 10) 25
7: 28 21 2 25 (30 22 29) (5 12) (10 11 26) (3 14 13 19 17) 16
8: (10 11) (3 19 14 29) (24 20) (13 2 7 28 21) 12
9: 7 22 28 (6 3) (29 21) (24 30 12 16 8 2 14 10 13) (9 11)
10: 19 1 (13 16 22 28 14) 6 (21 11 29 24) (8 4 3 9 15 7)
11: (30 24 9 10 18 22 3 21) 13 (11 5 12) (7 6) (28 16)
12: (3 11) (13 1) (8 2) (14 23 7 12 29 4 9 30 28 26) (10 16 27) 24 21
13: (13 19 26 30 21 16 29 3) 24 8 (7 23 11 28)
14: (14 28 26 24) (9 3) (11 13 10 12) (7 21 29) (1 8 16)
15: 20 3 21 22 8 (5 11) 10 (23 16 7) (14 12) 28
16: (9 7 14) (25 23 10 6 22) (12 8) (13 3 16 1) 21 (24 11 28 30 29) 26
17: (13 24 22 11 7 19) 21 (12 3 29 28 16) 30 (10 9 14 8) 1
18: (25 9 24 7) (20 28) (12 3) 11 (21 14 5 19) (29 16) (13 8 6)
19: (3 21 10 25 29 6 14 1 18 24 23) 13 28 (20 22 2 30) 16 7 11
20: (5 11 16) 29 (4 22 13 14) (6 8 7) 12 (24 3 21)
21: (11 29) (4 6 30 24 16 12 22 7 3) 10 13 21 9 26
22: (1 22 4 11 10 5 24 3 23 6 21) (28 12) (16 25 14 13 29 7 8 9) 18
23: (10 25 11 16 8) 29 (24 7) (12 9 2 15 6 20) (21 1 19 28)
24: (10 28 19 25) 26 8 (7 3 24) (14 21 11 9) (13 12 6) 16
25: (25 11) 29 7 (12 5 28 22 24 10) 16 (26 21) 6
26: (9 5) 10 25 (16 19 26 6 4 30 28 7 8 21 11) 2
27: (28 21 8 16 3) 14 24 12 7 (5 25 26) 9 10 (6 22 11 30 29)
28: (16 4 22 7 11) (29 28) (24 21) (8 10) 30 3 (12 25 1)
29: (6 8) 30 29 22 (28 16) 26 (14 10) (12 21 7 5 25 11) (24 1) 19
30: (13 14 25 30 12 7 1) 3 (29 21) (19 11 18 4) (24 28 2 22) 8
