30 30
1: 7 22
2: 11 17 18 3 5 23 29 14 12 15 9 7 20 6 21 27 30 13 22 24 4 10 19 25 16 8 26 2 28 1
3: 19 6 5 29 22
4: 21 8 22 26 25 29 23 4 15 12 20 7 1 24 19 2 10 9
5: 22 27 23 20 14 17 2 8 24 3 19 16 30 1 13 9 15 6 25 5 10 7 4 11 21 18 26
6: 1 24 22 11 4 17 2 30 27 20 5 26 12 28 7 25 19 6 3 10 14 18 29 23 16 15 9 13 21 8
7: 16 10 3 23 20 30 17 28 5 24 26 14 12 21 8 7 15 4 6 18 22
8: 13 10 3 15 19 6 23 26 29 7 14
9: 8 17 2 10 24
10: 23 11 15 16 22 28 30 14 12 27 18 2 19 5 7 24 6 21 8 25 13 29 9 1 17
11: 5 13
12: 26 17 18 3 4 19 28 29 13 27 2 22 25 21 23 9 8 24
13: 6 3 29 23 1 15 22 30 20 24 19 9 8 13 28 12 16 27
14: 28 18 13 22 26 6 14 19 27 24 10 23 12 16 30 5 8 7 17 3 21 29 4 25 9 2 20 15 11
15: 8 17 4 30 14
16: 6 10 23 4 12 17 26 16 8 5 18 22 28 29
17: 20 11 30 26 13 16 12 6 29 25 1 8 3 7 22 18 17 21 14 19 15 4 27
18: 11 14 28 20 25 26 8
19: 7 17 22 19
20: 4 18 30 6 28 3 12 13 23 17 9 10 27 1 25 26 7 16 20 15 21
21: 2 1 16 8 27 3 15 14
22: 29 24 6 2 8 3 12 4 26 9 22 7 13 10 20 21
23: 12 28 19 23 11 21 17 16 4
24: 23 9 14 6 16 17 24 10 3 30 19 7 8 13 28 11 25 5 2 18 21 4 20 1
25: 3 30 22 2 1 7 28 20 18 15 24 12 9 5 13 10 8 23 11 6 19 16
26: 23
27: 28 15 11 29 23 18 30 14 17 5 1 6 9 16 8 20 21 2 24 12 22 25 4 3 10 7 26
28: 11 2 29 5 7 16 24 1 12 17 3 21 27 22 10 26 4 30 15 19 28 18 6
29: 4 30 10 5 18 29 27 14 3 6 12 15
30: 13 19 12 30 22 27 29 5 23
1: (20 28 25 4) (21 17 27 5) (2 10 6 13) 24
2: (9 22) (12 6 10) (25 28) (24 4 21) (2 5) (14 27)
3: (29 25) 22 (12 5 21) 17 27 (28 14) (13 2 24) (20 6 8 7)
4: 14 12 4 (22 24 29) (28 5) 2 (16 6 15 7) (17 23) (20 27)
5: 27 (11 10 7 16 28 5 2 3 24 29 25) 14 (6 30)
6: (20 24) (22 28 3 13 25 2) 17 (6 27 16 10 8) 5 (14 7) 29
7: (27 1 17 7 6 24) 22 25 (19 8) (28 2) (10 14 4 20) 5
8: 15 7 (4 5) 10 (21 2 9 14 18) (17 13 6 22 25) 27 (12 16) 24
9: 2 14 (20 25 12) 22 4 (6 5 24 10 13) 27
10: 20 9 (14 22) (7 27) (5 16) (29 4 8 2) (25 28 24 6)
11: 25 5 (17 6 14 23 24 10 28) 2 (27 18)
12: 29 (28 2 23) (17 6 4) 25 22 (13 27 10 14 20) (7 16 30)
13: 6 20 8 (13 10 25) 5 (17 22 11 2) 30 24 14 12
14: (27 17 6 10) (14 8 5 15 18 29) 2 (21 24) 7
15: (8 4 20) 28 (10 2) (14 29) 6 21 (27 17) 5 (13 7 25)
16: 10 14 (24 23 6 28 7) (16 13 25) 17 (5 2 27 20 21)
17: 14 (12 28 17) 24 (20 15) 2 (23 27 10 16 9) (5 7 19) 6
18: 5 (28 27 7) 29 10 (6 12) (14 25) 17 (24 16) (20 2)
19: (25 2) (30 4) (8 12 24 13 14 28) (6 5 3 19 23 10) 17
20: 4 (24 27 17) (18 13 7 2) (25 14 20) (5 22 6)
21: 2 (5 27) (23 4 14) 17 (28 12 22 10) (20 7) 24 6
22: (5 1) (2 4 14) 12 17 (19 3) (25 6 27 22) (16 13) (7 10 30 28)
23: (25 24 10 16) (27 6) (2 13 20 7 4) (12 26) (8 14 30 23 5)
24: (9 22) 7 (5 10 13) 27 28 (4 24 25 14 12) (2 6)
25: 6 (10 5 20) (27 12) (2 17 18 14 4 24)
26: (28 5) (20 6 2) 12 17 27 8 (7 18 14) 16 4 22
27: (12 20) 17 (30 6 21) (13 10 2) (14 29 28) 5
28: 16 2 (28 7) (10 13) 27 20 (18 6) 25 (23 24 12 14)
29: 16 4 13 (27 22) (30 29) (2 28) 10 12 (17 3 6) 8 14
30: (27 15 25 24) (20 6 14 30 28) (7 13 2) 10 17 (5 29)
