30 30
1: 19 26 21 5 20 14 24 27 10 12 15 4 1 13 18 7
2: 26 27 19 8 14 17 3 5 13 29 22 12 18 1 4 10 6 7 15 28 2 11 30 16 20 21 25 9
3: 17 4 18 10 8 13 20 15 7 19 22
4: 27 14 30 22 5 10 1 9 15 2 23 11 18 17 21 7 26 25 19 13 3
5: 20 27 22
6: 26 9 4 19 5 16 21 22 25 23 3 17 15 28 18 11 12 10 14 7 30 1 27 24 20
7: 10
8: 27 3 9 21 19 15
9: 15 22
10: 29 11 12 13 6 3 23 30 22 10 7 9 14
11: 27 15 14 19 12 30 21 18 28 16 23 17
12: 1 3 30 21 14 15 24 12 11 8
13: 10 30 25 15 6 3 13 17 29 16 24 27 9 5
14: 15 29 24 3 14 25 8 10 9 16 2 19 12 21 26 6 20
15: 5 21 20 28 17 14 1 30 8 15 4 11 24 12 2 6 29 19 10 25 18 3 9 13 27
16: 18 13 4 15 29 14 22 1 5 6 2 9 23 3 7 24 21 27 8 17 30 11 28 10 20 12 19 25 16 26
17: 8 10 13 14 6 12 24
18: 24 5 19 22 21 30 1 16 9 8 25 23 17 3 11 2 20 29 7 13
19: 25 15 9 12 22 18 6 21 23 13 14 7 30 10 11 5 29 17
20: 22 20 15 25 23 8 9 19 21 2 26 7 29 6 11 18 13 12 10
21: 7 5 3 4 9 26 11 27 2 15 16 12 30
22: 14 7 20 27 3 13 11 5 19 26 18 6 16 15 9 29 10 12 30 8 4 25 21 1
23: 28 1 22 25 6 8 15 30 5 21 17 16 4 2 7 11 19 26 10 14 13 9 23 3 24 27 12 20 29
24: 13 21 19 12
25: 4 25 30 24 16 28 15 5 9 27 12 22 20 13 18 17 3 8 14
26: 8 29 14 11 18 28 9 21 6 12 3 16 19 20 4 27 1 23 25 22 13
27: 26 14 16 12 29 24 25 11 7 19 17 18 5 28 3 6 9 15 20 23 1 4 27 10 13 22 2
28: 25 2 8 23 20 4 14 11 27
29: 16 2 5 19 9 3 18 30 10 14 7 13 29 12 17 24 22 1 6 21 23 25 15 26 8 28 4
30: 4 22 18 1 21 12 16 29 11 5
1: 1 (29 12 4 18 15 2) 27 (16 26) (6 23 30 22)
2: 15 (27 4 23 16 20) 2 (18 14 29) (21 28)
3: (26 21 10) 16 (14 6) (13 29 22 2) (18 25 12) 4 23 (8 15 27)
4: 21 (22 27) (29 23) 15 (26 1 28 6) 25 (16 2 3) 30
5: 18 (2 22) (27 6) (30 25 19) (29 21 4 13) (1 16) (23 15)
6: 23 (16 2) (17 14) (27 29) (10 26 22 15) (20 13 19)
7: 2 (16 3) 20 (18 29 22) (6 27 23 19) 10 4 (1 21)
8: 29 (28 22) 17 3 (20 18) 26 14 (16 15) (12 2) (25 23)
9: (15 20 21 25) (23 4) 29 10 (27 18 14) (6 26 2) 13 22 (19 8) 16
10: (23 10 29 16 15 2 3 1 20) (6 27 13 17) (22 4 7) 19 14
11: 22 (21 6 28 16 20 26 18 30 10) 4 2 (12 19 23 27) 15
12: (11 2) (10 19) (14 12) (15 26 29 16 25 24) (20 6) (17 30) 27 (21 23) (22 1)
13: (26 1 23 18) 3 (10 19 24) (16 4) 2 15 (13 20) 17 22 27 29 25
14: (6 1 4 25) (22 14 23) (15 19) (26 10) (16 28 17 27) (2 12) 11 29
15: (15 12) (6 16 27 3 9) (22 11 19) (25 21) (1 29 20 4) 13 (2 8 14 23)
16: (30 18 11 26) (25 29 16 23 27) (6 14) (13 22 2 21)
17: (27 11 4) 25 (15 13 2 19 23) (29 18 3) (6 16)
18: (15 6) (27 22 11 29) (20 30) (19 3 4 16 2) (26 1) 25
19: (1 2 18 27 6) 15 (8 26 23 20 14 3) 24 (11 16 4 22) 29
20: (2 6) (15 22) (28 27 16 26 18 5 3 14) 1 (20 25 23)
21: (18 30 4 1 12 20) (16 2 14 24 26 6 15) (11 29) (8 22) (23 19)
22: 5 (25 20 27) 16 (3 23) (19 2 6 10 26 4 29) 18 9 30
23: 23 (26 4 6) (28 29 11 19 10 27) (16 18 20)
24: (12 27 29 6 13 25 23 1 16 18 14 17 15)
25: 29 (25 6) 4 (13 18 2) (19 22 23 20 28) 16 (14 15 27) 26
26: (4 27 1 20) 29 (23 6 22) (21 14 16) 2
27: (4 23 27) 16 (8 21 11) (13 15 2 5 28) 22 (26 1) (6 25)
28: 26 2 25 23 11 29 27 (16 6 15)
29: 29 (26 15 20 10) (2 30) 14 (16 22 18) 19 (27 13 23)
30: (6 13 19 18 2 12 23 21) 22 (4 25 10) 16 11 (15 29)
