30 30
1: 21 17 15 8 3 6 14
2: 7 10 19 5 9 17 16 23 1 13 3 12 18 25 6 29 21 4 27 20 8 14 15
3: 4 9 23 18 7 20 2 22 17 3 27 25 15 10 28 24 12 26 1 6 8 11 14 29 21 13 5 16 30 19
4: 18 23 16 12 24 11 28 29 7 15 9 22 10 21 17 25
5: 18 3 12 21 20 8 28 16 22
6: 23 2 22 30 25 14 12 20 1 19 18 26 5 29 8 27 3 9 24 11
7: 4 30 8 14 6 19 2 21 16 10 1 18 29 28 7 13 15 24 22 20 5
8: 12 17 20 8 2 14
9: 25 20 23 9 5 3 12 24 10 11 29 8 15 30 19 7 17 21 26
10: 29 24 2 1 8 12 26 28
11: 13 17 24 2 15 1 22 26 14 3 20 12 21 19 5 8 29 6 18
12: 28 14 15 16 18 13 5 12 19 24 1 21 27 3 9 20 4 29 6 2 8 11 26 7 17 25 30 22 10
13: 16 18 24 19 12 14 25 23 29 1 30 27 7 20 13 5 26 17 22 2 28 9 10 21 4 8 3 6 11
14: 24 4 3 16 6
15: 26 24 22 5 1 3 15 12 21 10 11 29 9 6 19 16 8 14 27 20 4
16: 16 3 28 6 4 25 5 26 14 18 22
17: 5 29 2 23 15 3 22 24 10 9 18 16 28 11 20 14 19 4 30 26 7 27 21
18: 21 12 1 22 30 4 25 5 7 17 2 10 3
19: 28 11 25 15 30 20
20: 9 2 24 3 21 5 22 14 4 28 20 13 7 25 1 27 11 26 8 12 30 6 10 29
21: 18 13 26 23 11 12 5 24 2 20 16 21 7
22: 8 12 17 28 30 5 25 16 14 15 29 6 19 2 4 23 9 18 22 24 20 7 27 1
23: 11 28 26 13 17 10 2 20 23 14 16 8 6 18
24: 19 27 14 1 20 7 24 21 3 15 2 8
25: 29 24 16
26: 22 9 24 23 7 28 30 2 13 20 6 16 15 25 18 17 14
27: 21 24
28: 11 22 29 24 4 27 20 1 30 23 13 26 5 10 8
29: 24 19 5 6 9 4 27 23 11 29
30: 24 27 9 12 2 22 25 21 16 14 8 26 6 30 18 17 1 11 23 7 28 3 10 4
1: (24 7 22 13 18) (3 12) (11 15) (2 6 10) (28 30 20)
2: 30 21 (11 3 20) (18 8) 7 (13 12 23 22 24 6 17) (26 10)
3: 13 (3 17 11) (18 14 1) (16 12 9 24) 20 15 (5 6) (30 2)
4: 16 29 (22 18 3 20) (15 14) 2 30 13 (12 17) 7 28
5: (16 11 18 21) (29 17) 20 (28 9) 12 (13 2 22 15) (3 6 7)
6: (12 29) 3 20 (26 13) (16 2) (15 11) (23 22) (14 7) 30 1
7: (21 24 13) 26 (20 3) (22 2) 4 9 17 (18 12 7 30)
8: (20 6 7) 13 (1 11 2 15) (8 30) (3 12) (9 24 28 22 5 23 10)
9: 2 (20 3 17) (13 15 6 9 12 29) (4 30 22 26)
10: 9 (18 28 15 20 17) (2 7) (12 3) 23 13 4 30
11: 23 (6 15 21) 13 (12 9) (17 4) 20 (30 19) (29 3 28)
12: (3 13) (15 21 5 12) 22 20 (6 11 30 8 9 4) (18 2 10)
13: 13 (2 7 21 12 28 26) (3 11 20 23)
14: (23 15 6 7 17 30 22 12) (26 8) (3 20 13) (24 16 11) 1 2
15: (12 17) (9 19 4 3) (26 24) 2 11 1 (7 15 22)
16: 14 (4 5 25 13 16 15) (3 21) 7 (17 26) 30 12 (22 2) 23
17: 18 (4 2 22 13 9) 30 1 (26 11) (3 23) (8 12)
18: 12 7 6 5 (23 17) (16 4) (3 30) (13 11 22 21) 26 2
19: (6 13 12 9 22) (24 15 2) (11 29 3) 17 7
20: (26 8 22 20 24) 13 9 11 23 (5 3 19 15 17 28 7 12) 2 (21 6)
21: (7 3 1 9 30) 5 (17 13 20) (18 15) (12 24 11 21 4 2) 27
22: (15 5) 11 (18 7 26 22 30) (6 28 17 4 3) 16 (13 12) 20
23: 29 23 (28 21 9) (13 22 26 3 2) 30 (4 17 6)
24: (10 13) 11 12 (28 24) 17 (14 22 26 15 20 25 6 4 27) 30 (29 9) (7 21) 3
25: (26 20) (12 22 30 2) (13 18 19) 4 (3 9 6 16)
26: 17 (20 30) (15 12) 16 28 (11 10 21 23 3 6) (9 13)
27: 6 22 (28 12) 29 (3 2 17) (20 24 30) 15 13
28: 19 (17 4 3) 22 (30 23 7) (13 26 12) (10 16) 5 20
29: (12 11 9) 28 (3 6) (7 20 13 10) (15 22 17) (2 25 4 29)
30: (13 20 28) 9 26 (3 17 30 22) 7 19 12 (18 6)
