30 30
1: 7 19 21 9 11 16 14 6 23 20 13 1 2 18 8
2: 2 4 24 12 22 28 20 26 21 7 27 25 1 13 16 15 6 23 30 8 5 10 9 18 19 14
3: 22 29 1 28 20 9 26 8 4 21 14 15 7 13 3 5 11 23 2 25 18 24 6 10 27 19 30 17
4: 22 25 28 14 7 29 9 26 3 20 1 30 12 16 17 19 27
5: 14 17 2 27 9 16 6 11 25 15 5 1 12 13 18 23 4 20 21 7 19 8 10 3 22 24 30 26
6: 28 22 2 6 8
7: 2 3 4 25 19 8 29 17 5 6 18 9 24 11 13 1 15 14 27 28 12 23 16 22 20 26 21 30 10 7
8: 13 20 3 12 1 4 11 28 5 21 9 14 2 15 25 24 8 23 10 18 6 26
9: 11 21 5 17 4 24 23 22 15 27 13 8 10 29 26 16 6 25 2 12 14 1 30 7 20 19
10: 30 18 19
11: 20 10 15 30 26 13 18 16 11 23 17 22
12: 25 18 1 19 6 16 11 12 20 8 24 13 28 17 5 7 9 3 26 27 15 14 22 29 23 21
13: 13 24 19 29 3 28 14 10 4 18 21 30 16 2 26 12 1 27 7 17 9 22 11 23 20 6 15 8
14: 5 4 29 26 22 14 15 24 11 18 2 6 23 13 30 10 8 16 1 27 21 20 19 17 25 12 7 28 9
15: 6 3 13 9 28 12 17 21 24 26 1 18 11 23 29 2 10 20 16 7 25
16: 3 17 30 5
17: 13 15 3 25 27 11 22 29 7 8 23 10 1 14 9 2
18: 7 11 20 2 8 19
19: 7 13
20: 30 8 4 17 19 9 16 29 2 27 7 1 13
21: 6 22 27 29 15 25 5 3 1 12 18 13 17 7 28 8 21 23 24 26 30 16 2 19 11 20 14 10 9
22: 8 10 27 29 1 6 14 5 2 17 23 7 16 18 11 13 20 12 28
23: 11 10 20 18 30 9 21 13 5 8 4 16 28 14 6 22 15 7 12
24: 5 29 17 3 26 4 1 10
25: 10 7
26: 4 15 27 29 10 8 11 1 16 3
27: 1 14 20 8 9 30 2 29 11 13 6 22 21 23 16 10 17 18 25 3
28: 2 25 6 24 3 19 21 12 5 10 30 1 20 27
29: 23 16 21 20 9 29 22 26 25 6 7 30 12 1 28 17 8 4 10 27 14 19 18 13
30: 22 14 17 2 21 23 3 28 24 16 29 4 25 26 10 13 27 5
1: (13 7 17) 15 4 (21 12) (1 24 14 28 27 9 3) (2 26 5) (29 20 8 22)
2: (21 15) (22 3 18 27 5) 9 (1 17 6 14) 20 (30 8) 7 28 (2 13)
3: (30 5) (27 12 16 13 4) 8 17 (24 15 3 7 21 26) 28
4: 24 26 14 29 (9 20) 13 (7 23 30 2 3) (8 5)
5: (30 21) (9 16 3 28 2) 23 (12 7 5 24 14 22) 8
6: (8 9 2) (6 1 21) (12 14 28 27 13 22 15) (29 7 3 23) 5
7: (22 9) (25 1 15 3 23 18 12 20) (21 29) 7 4 (14 19 2) 5 (17 13)
8: (26 22) 27 (8 29) (7 6) (12 17) 21 5 (1 2) (13 20 23 14) (9 3 18)
9: 27 (7 12) 5 (29 20 21 8 1) 13 (17 4 14 15 3 23 2)
10: (11 14) 13 (9 17 7) (27 2) 21 (5 22 26 30 25 3) 23 (24 29 28) 15 8
11: (22 15 17) 21 (3 26 1 12) (7 18 13 27 8 5) 11 (14 9) 23
12: (23 12) 4 (28 7 5) (22 29) (14 9 13) (2 8) 21 15
13: 20 (27 19 7 13) 3 29 (12 2 17 5) (30 1 14) (22 15 8 23) (9 21 11)
14: 3 14 (5 1 4) 9 (29 23) 17 (21 27) 12 22 8 30 (7 2) 13
15: (23 14 13) (21 7 9 2 26 5 12) (8 17 11 3)
16: (21 23) 14 (15 4) (13 2 7) (20 5) 30 11 (22 29 26 1) (12 27) 9
17: (3 27) 12 (22 29) 16 (11 30 15) (14 24) 20 (9 5 4 21 13) 7
18: (1 11) (27 22 15 7) 13 (2 21 5 14 8) (12 10) (3 29) 23
19: 2 (18 21 20 12) (3 1 5) (4 9) 28 (14 10 7 13 29)
20: 5 4 14 (18 11 8) 29 (9 21) (28 22) (1 2 27 15 13) 23 (7 3 12)
21: (9 12 28) (15 5 7 29 14) (2 3) 27 (30 1 23 13 8 21)
22: (27 5) (14 23 13 2 4 7 12 11 9 17 3 30) (29 21 6)
23: 9 11 (13 5 7) 1 30 12 (3 29 2) 21 (27 8) (14 22 17) 15
24: (2 13 12 3) 21 (8 7) (9 15) 30 5 14 28
25: 9 8 27 3 (14 5) (12 15) 28 (7 30 4 2 17) 21 29
26: 2 (24 7) (29 13) 9 11 4 14 21 5 (3 15) (12 30 8)
27: (29 5 28 7) 13 (12 20 21 9) (26 2 17 14) (4 3 30 22)
28: (22 23 12 29 2 7) 30 (3 6) (15 8) 21 4 13 14
29: 27 12 21 22 (29 30) 17 20 9 (24 7) (15 26 3 14 4) 13
30: (27 13 23) 3 9 29 5 (11 21) (20 4 14) (7 10 16) 2 28
