30 30
1: 24 27 1 6 17 10 26 2 29 15 19 13 7 8 4 5 16 11 21 18 30 14 25 3
2: 25 21 30 5 9 16 26 14 13 15 7 22 17 8 2 10 27 1 11 23 24 3 12 29 19 20 6 28 4 18
3: 14 7 6 4
4: 9 30 21 15 29 6 8 24 18 26
5: 2 26
6: 4 15 11 23 22 7 25 29 6 3 21 1 14 28 2 20 12
7: 23 1 8 16 21 13 25 5 28 10 12 27 3
8: 13 2 7 16 24 6 19 4 28 3 17 5 9 12
9: 20 11 12 22 18 16 1 23 25 7 3 5 17 9 28 15 26 29 2 19 8 27
10: 5 19 18 12 14 29 26 7 25 21 27 3 2 8 10 22 16 30 1 4 15 24 9 6 23 13
11: 28 7 13 4 12 29 27 24 17 20 2 14 15 21 25 1 22 23 6 9 19 30 16 10 3 5 8 18 26 11
12: 28 15 17 1 21 27 13 7 19 26 25 22 9 18 30 23 12 8 11
13: 29 22 20 9
14: 26
15: 30 9 24 25 1 12 19 17 4 29 5 16 20 6
16: 6 4 15 23 24
17: 27 1 4 14 8 24 21 9 12 28 3 29 11 18 20 23
18: 24 27 5 9 23 12 21 10 7 30 13 28 16 14 6 11
19: 27 7 19 9 8 16 22 21 5 10 13 4 11 6 15 2 3
20: 22 12 8 4 6 19 30 5 27
21: 11 22 2 17 20 30 9 24 6 18 27 23 8 1 14 10 12 15 29 3 13 25 16 4
22: 5 3 26 11 8 14 24 30 15 18 25 1 23
23: 27 18 16 2 14 17 9 7 3
24: 12 23 10 7 2 19 13 20 3
25: 27 3 12 20 10 15 8 23
26: 25 18 23 11 1 22 30 15 3 19 6 16
27: 18 27 12 13 14 11 29 19 22 7 26
28: 26 27 22 15 13 24 16 17 14 18 7 29 2 21 19 30 8 4 20 12
29: 13 29 19 24 30 7 1 27 2 11 23 17
30: 17 8 15 14 16
1: (15 17) 22 12 2 26 (9 6) (11 7 1 21) (29 10)
2: (8 6 23) 19 21 1 (2 29 11) 5 9 (28 24 10)
3: (24 6) (22 9 23) 7 (21 2 26) 25 (17 8 10 19 11) 1
4: 28 (17 21 3) (16 1 20) 10 (2 8) 19 (6 15 11)
5: (1 22 2) (11 19 9 18 20 15) (10 8) 7
6: (2 20 26) 21 (15 10) 4 (6 3 18 16) 8 19 11 1
7: (1 11 18) (2 8) 28 (29 10 12) (27 24) (3 6 23 9) 19
8: (4 22) 9 (19 28) (20 21) (1 25 12) (7 17) (30 10 2 11)
9: 10 (15 11) 4 12 8 (2 18 9 19 13) (21 23 17)
10: (10 19 11 7 1) (18 25 24) (21 2)
11: (26 27) 9 22 2 (6 18) (11 21 17) 29 (12 1 19)
12: 7 25 11 15 (9 12) (8 20 10) 18 (28 21) (27 24 17) 6 2
13: (8 27 19 28 12 11) 1 18 (10 24 29 21) (7 2)
14: 30 10 6 3 (27 21) 18 (11 22 28) (2 23 17) 1
15: 2 (16 21) 4 30 (6 26 28 12) (11 19 9) 10 22 1 25
16: (28 1 8) (18 26 9) (23 2) (15 21 10) (11 19) (7 30)
17: (28 2) (29 21 30 8) 15 (12 9 11) 23 1
18: (28 23) (26 10 21) (22 9) 1 2 17 (12 4) 27 11
19: 20 (28 19 27) 9 8 (11 10 26) 29 (2 24 12 1) 15
20: (24 28) (11 25) 6 (13 21 9) (15 17) 2
21: 6 (18 28 11) (10 4 12 7 17 19) 2 1
22: 11 (21 26 27 6) (10 13 28 20 2 19 12 9)
23: 16 (10 21) 29 22 2 26 (18 7 11) 25 (24 12 6 17) 9
24: (21 8 4) 18 (15 11 2 16 10 28) 1 29 (22 17)
25: 9 22 15 21 (12 6 11) (7 10) (2 1 26)
26: (5 11 2 14 10 1 4 12) (27 22 28 9)
27: 9 2 10 25 7 28 23 (17 29 11) 27 12 18 (20 1) 21 19
28: (9 2) (6 7) (12 11) 17 (8 18)
29: 1 (4 29 2) 9 11 (15 27 10) (6 21) 28 17 13
30: 22 18 (12 11 2 15 20 4 10 29 1) 28 (26 21)
