30 30
1: 21 19 6 15 10
2: 14 19 12 22 25 21 11 28 13 30 5 9 18 23 20 26 10 24 2 27 17 29
3: 21 24 8 17 19
4: 18 2 28 17 6 13 14 15
5: 28 22 16 30 11 25 26 15 9 14 12 17 27 24 5 23 10 21 7 6 4 2 20
6: 21 12 8 20 6 19 24 9 14 7 30 23 27 3 28 15 13 22 18 10 11 4 29 25 2 5
7: 24 23 14 29 27 4 8 15 26 12 17 11 20 9 7 22 5 18 16 21 2 3 6 1 10 30 19 13 25 28
8: 25 23 21 9 3 27 26 18 19 2 15 5 29 11 28 24 1 17 13 4 12
9: 5 15 20 12 30 29 14 26 1 2 19 13 8 11 24 10 6 18 3 28 7 9
10: 30 10 22 25 19 15 29 12 23 7 14 8 13 9 16
11: 13 24 9 30 12 2 26
12: 20 11 26 4 28 2 17 13 25 3 5 18 27 14 29 9 1 16 19 30
13: 11 10 9 14 17 18 12 29 30 28 24 21 16 22 25
14: 25 14 30 16 10 21 13 4 7 2 23 1 12 3 27 8 17 28 18 19 15 20 11 29 6 5 24 9 22 26
15: 23 30 26 6 10 20
16: 22 27 20 15 29 9 28 6 16 24 26 11 7 18 8 10 1 23 25 12 14 5 3 21 2
17: 11 6 15 25 1 30 7 2 14 18 23 21 28 17 29 22 9 3 13 16 26 8 12 20 24 5
18: 7 22 1 27 23 12 29 24 4 13 20 18 5 6 25 9 11 2 26 16 28 19 17 10 3 15 21 30 14
19: 6 2 1 5 22 10 13 7 26 11 30 4 27 8 20 19 18 25 28 14 15 12 24 21 3 29
20: 25 7 26 17 13 3 27 20 8 2 29 18 1 23
21: 12 18 16 2 28 21 25 24 10 19 4 29 23 11 1 7 5 6
22: 28 3 5 15 30 1 27 26 18 25 14 2 22 20 12 9 21 24 16 17 23 19 7 11 13 8 10 4 29 6
23: 24 28 29 23 5 20 6 1 21 3 10 12 14
24: 14 17 10 2 12 6 7 29 8 5 22 3 11 25 21 15 19
25: 11 21 28 9 30
26: 22 11 27 6
27: 16 27 17 25 9 6 15 3 13 30 26 4 28 18 2 5
28: 17 7 3 2 8 26 14 28 13 9 6 12 29 30 20 18
29: 25 7 28 20 4 13 9 5 30 29 6 27 22
30: 6 13 25 14 29 1 19 8 12 10 11
1: 17 14 8 (22 19) 9 18 (7 12 16 30 23) (21 20)
2: 5 (27 20) (28 4 18 2 7 12) 8 (22 14 6 16 9) 21 17 (11 19 24)
3: 7 (17 22 27 28) 8 (24 6) (19 23 12 9 14 20 16 18)
4: (19 29) 21 (5 22 18 6 8) (7 14 12 27)
5: 2 27 24 (23 29 9 14) (18 21 6 8 12 16) (19 5 17) (7 22)
6: (7 6 5 22 29) 1 15 (28 27 30 17 18 19 4 14 24 23) 16 (21 26) 9
7: (10 24 18) (20 28 14) (29 5) (21 7) 6 16 (19 9) (22 17)
8: (10 16) (14 17) 19 (28 20 9 24) (3 6 22 30) 7
9: (11 5) (14 6 2) 29 17 (7 9 27 18 8) (12 13 16 10 22 28 25)
10: 16 (5 22 18 21 30 10) (6 9) (23 14 15 7 2) 13 19 (1 24)
11: 8 (25 26) 6 (13 22) (19 30) (16 18 2) (17 5) (24 12 14 9) 7 21
12: (30 22 2) (17 16 19 13) (23 8 18) (24 6 5 11 21) 10 28 (14 9 7)
13: 12 (19 6) 30 8 (22 14) 9 2 (10 17 18) (4 11) 20 (29 28 7 27)
14: (17 6 23) (10 16) 30 (13 9 4) (12 22) (14 24) (28 5) (18 19 7 2)
15: (16 4 6 17 8) 5 1 (14 27 24 9) 22 (7 10 18 19)
16: (13 17 16 18 14 21) (10 5 12) 7 22 27
17: (18 4 8 2) 17 13 (3 24) (20 12 27) (22 5 14 7 28)
18: (14 4 18) 28 (12 21 13) 16 (17 22) (7 6 9) 19 (27 20 2 8)
19: (10 9 22 1 6 8) (24 2) (19 3 7 14 18) (30 12 21)
20: 23 7 16 (29 22 15) 2 (6 28 12 20 5 9) 19 14 18 17
21: (3 18) 17 (7 5) 8 14 (16 1 19) (21 13) (25 6) (24 23) (2 22)
22: (10 29) 19 (22 18 24) 14 (5 17) 16 (26 2) (7 13) 6
23: 17 (22 20) 21 (16 23) (5 18) 2 6 (15 7 14 10) 8
24: (16 9) 23 11 (18 21 8) (3 17 13) (7 6 22) 14 2 (5 19)
25: 19 (21 6) (29 18 14) (16 27 13) 22 30 12 (20 5) (10 24 8 7 17 2)
26: (9 20 17) 19 (2 18) 27 22 5 (16 11 15 12 8 7 28 14)
27: 29 (14 16) 7 18 19 (8 2) 20 22 12 (5 26 6 27)
28: 7 (4 12 6 25) 17 (13 8) (29 28 21) (16 23) 18 14 5 (27 22 9 19) 2
29: 16 21 (29 20 13 30) 2 (7 23) 8 (12 22 10 6 9 18 14) (19 17 24 28)
30: 12 (6 25) (29 13 5 7 17 14) 2 9 18 (27 10) (22 19) 11 (15 28)
