30 30
1: 28 29 22 21 7 20 15 16
2: 16 25 10 2 9 27 14 4 30 17 20 28 13 24 8 26 11 3 18 15 5 23 1 22 7 21 19 12 29 6
3: 27 16 1 25 23 24 12 4 19 14 6 26 20 11
4: 22 27 9 4 2
5: 29 7 6 19
6: 23 24 7 17 28 5 6 9 27 30 3 16 4 12 8 18 22
7: 12
8: 19 10 11 24 15 12 9 20 17 13 26 18 5 25 2 6 29
9: 30 15 14 21 19 2 25 27 1 17 11 22
10: 6 27 10 11
11: 19 8 21 2 14 4 28 24 17 30 27 5 13 1 20 6 26 18 7 15 9 29 25 12 16 11 10 3 22
12: 17 30 28 4 14 26 9 22 7 2 18 16 1 5
13: 25 4 23 5 9 6 28 29 27 11 12 26 3 20 19 21 10 14
14: 4 10 2 27 1 12 30 25 19 6 29 22 28 16 13 11 8 17 18 9 26 5 14 24 23 20 15 3 7
15: 12 28 24 6
16: 13 8 27 26 25 18 21 24 5 19 3 20 11 2 30 23 29 7 1 28 15 16 9 22 10 6
17: 18 27 20 24 1 12 21 10 22
18: 29 18 3 20 26 11 17
19: 16 7 5 29 21 20 15 12
20: 1 25 9 3 8 10 13 24 4 22 11 26 23 29 12 6 15 17 20 7 21 27 19 5
21: 25 17 27 30 8 14 7 3 18 28
22: 8 15 30 13 9 5 14 1 28 3 4 19 18 26 29 6 10 23 11 24 7 20 27 16 2 25 21
23: 28 7 3 29 1 30 2 12 13 6 18 22 23 19 14 4 25 8 24 26 27 11 9 5 21 15 17 10 20
24: 27 4 16 1 18 26 3 9 8 24 2 20 15 6 29 25
25: 9 12 5 20
26: 29 20 16 21 28 25 9 27 1 23 26 13 15 18 10 8 3 22 17 30 14 19 5 24 2
27: 7 17 14 15 20
28: 2 8 29 25 13 7 28 27 5 14 19 20 3 23 18 10 6 12 1 16 17
29: 29 8 5
30: 12 17 26 22 27 9 4 10 15 13 25 19 29 11 8 24 30 1 23 16 20 18 2 14 7 21 28
1: 14 (12 30 16 17) (22 28 26 11 9) 2 (3 20 24 23)
2: 16 (4 23) (24 28) 12 (22 14 11 9 30) (8 2 26)
3: (6 28) 14 11 (20 21) 13 18 (26 22) 23 (2 16 24)
4: 30 (12 2 23) (4 24) (22 3) (13 6) (14 20 11)
5: (25 16 29) 28 20 19 12 (13 6) (14 26 23) (11 8) 2 22
6: (28 22) (5 10) (24 2 20) (14 15) (6 3) (11 16) (23 13) 8
7: 6 (5 21 19) 30 (23 1) (27 22) (12 11 2 16) (28 14) 20
8: (11 30 24) (2 22 26) 20 29 (16 6 28) (14 21 23)
9: (4 30) 20 12 26 2 8 (16 11 25 22 23 13 6) (24 14)
10: 13 30 (10 8 14) (2 16 23 20 17 26 22 11) 28
11: (23 9) 20 (10 2 13 18 8 14 22 16 11 3) 30
12: 8 6 30 (2 28) (19 11) 23 25 17 3 20 (13 15 14) 7
13: 11 (8 2) (22 20) (26 30) (14 16 28 23)
14: (21 14) (9 30 12) 27 (3 26) 22 (13 2) 28 11 23
15: (1 30 14 27) (2 23) (20 11 9 8) 22 (19 16 24) 26
16: (30 3 22 26 24 2 6) (16 28) (12 11) (1 14) 19
17: (11 23 30 18 9) 2 (21 8 27) (26 12) (14 28) 20 6
18: (14 6 26 22 18 30 11 17) (16 21 28 12 24 2 8) 23
19: (11 14) 26 (16 13) 28 (5 22) (30 9 8) (20 23) (3 2)
20: (26 27) 18 (22 19 28 3) (2 13 30) (16 11 20) (8 1 17) (24 25) (14 23)
21: (22 19 2 11) 17 (13 9 26) 23 (16 30) (1 20)
22: 14 30 12 2 6 17 (11 23 20 4) (1 26) 16 9
23: 26 (2 28 22) (3 16) (30 20 23) 6 13 14
24: 15 17 (30 20 23 22 3 2) (26 8 11 24) 6 (14 16)
25: (30 3 21 28) (11 16 26) (24 13) (23 8 22) 2 9 20 14
26: 3 11 30 (14 2 12 24 13) 23 (16 26 8 18) (20 22)
27: 21 20 17 (24 28) (30 9) (22 14 3) 11 (4 13) (6 23 26) 10 16 2
28: 1 (2 28) (30 21) (11 22 16) 13 (23 26 6 12) (15 14)
29: 16 18 1 (22 24 8) (2 5) 19 (29 26 20) 28 30 14 13 (23 11)
30: (11 23) 30 6 22 (14 21 2 9 12 26 16)
