30 30
1: 30 15 3 11 16 22 8 23 2 10 21 14 9 4 7 28 26 17 1 27
2: 2 27 12 4 28 20 22
3: 15
4: 15 28 22 8 23 14 19 4 21 26 11 3 12 29 17 16 10 6 9 24 7
5: 25 26 22 17 7 23 2 3 9 10 30 6 16 19 21 1 18 13 5 15 27
6: 26 11 2 29
7: 1 2 6 17 26
8: 19 22 2 3 9 8 14 5 26 15 21 23 4 30 29 18 11 20 16 12 1 10 17 25 6 7 24 28 27 13
9: 8 30 23 1 12 26 22 5 24 15 29 20 19 28 3 7
10: 19 6 7 1 17 5 10 16 11 14 21 12 30
11: 5 26 23 7 1 16 30 20 12 14 4 2 24 22 15
12: 23 24 29 13 17 6 9 10 15 3 4 26 18 21 7 27 22 14 16 25 20 28 8 30 5 19 12 1 11 2
13: 20 22 23 27 11 18 21 17 12 6 28 8 26 9
14: 29 18 4 30 11 26 16 1 17 7 14 25 27 3 20 23 2 21 5 8 12 28 6 19
15: 19 17 16 5 28 27 6 9 21 11 7 1 20 12 8 30 22 23 15 4 14 29
16: 19 30 2 6 29 18
17: 13 27 4 7 22 11 14 5 29 3 26 16 18 25 21 8 15 12 9 19 30 1 20 28 24 6
18: 1 21 18 25 19 7 29 3 11 20 8 14 5 30 26 17
19: 27 12 13 19 28 17 23 15 5 7 1 2 21 8 16 6 26 3 4 25 18 9 14 22 30 10 29 20
20: 6 12 24 19 13 1 8 4 20 11 23 25 3 17 14 22 16 18 30 5 27
21: 27 3 26 5 14 21 1 2 24 23 17 25 9 6 20 29 11 8 18 10
22: 16 6 8 20 19 14 3 10 25 24 5 28 22 17 1 9 4 30 12 21 15 23
23: 22 18 23 19 2 20 17 5 24 4
24: 18 20 10 4 8 30 27
25: 7 19 29
26: 9 11 12 25 20 1 23 14 28 26 6 7 16 5 24 19 17 4 27 8 30 13 22
27: 2 16 4 9 29 22 24 26 1 3 18 28 7 17 13 6 11 10 15 8 23
28: 26 15 23 24 18 4 30 1 2 7 28 20 10 6 8 3 22 27 12 9 14
29: 24 5 11 13 6 10 30 29 20 22 8 15 9 27 25 2 17 7 23 4 1 26 28 14
30: 30 8 10 1 6 3 7
1: (28 11 12) 30 (15 19) (9 10) (20 5) (18 8 22 29 7) (21 26 1 17 27 14)
2: (21 5) (6 14 12 16 2) 29 (11 23) (7 19 1 8) 28 27
3: 5 (17 18) 30 (19 14 1 4 27) (8 20 12 9) (21 28 22)
4: (19 24) 22 27 (26 1 29 15) 11 (8 14 28 4 17 23 12) (20 2)
5: 20 (9 8 19 29 10) (22 23 21) (26 12 11 17 14) (15 18 5)
6: (13 17 14) (7 27) 16 (29 30) 12 (28 22 4) (15 5) (19 10 26 8 21 20)
7: (5 29 4 27) 18 15 (12 19 30) (25 10 11 9) (26 14 1) (8 17 28)
8: (21 17 22 8 26 19 27) 1 (4 20) (18 30 15) 12 (13 28) 29 (9 24) 14
9: 29 (28 22) 26 21 (1 12 5 4 13 17) 27 (19 8) 15
10: (28 21 19 4 12) (10 24) 5 (1 8 29) 27 30 22
11: 13 (1 8) (4 12) 29 10 (21 17 18 26 27 14) (20 15 6)
12: (15 12 28) (13 20 10) (9 8 14 19 2) (17 22 4) 26 11
13: (17 20 26 27) (8 29) 5 (12 19)
14: (29 10 21) 20 11 (12 17 19 15) 18 (26 8 28 14 22) 1 4
15: (19 28 29) 11 22 3 4 (5 17 1) 12 (27 8 9 15)
16: 12 26 (15 1) (14 20 5 8 10 11 4 19) (22 27 17)
17: (10 19) 12 (27 20 8) (22 4 21) (23 5) (18 7) (29 13 26 14 1 15)
18: (24 27) 5 28 23 (17 16 18 20) 8 (21 13 12 19 14)
19: 26 17 5 12 (9 15 23 4) (14 10 20 22 19) (8 25) 16 18
20: (19 14 11) 15 29 (2 9 22 21 18) (24 8 26 20 17) (28 23) 12 13
21: 10 21 (8 22) 14 12 (19 4) 5 (15 13 17 18 1)
22: (9 2 28) (27 29) (12 19) 11 (23 15 26 8) (1 20) (13 5 22) (4 17)
23: (22 23 13 12) (27 19 20) (5 15 9) (14 8) (26 1 29 21) (11 28) 4
24: (23 11) (29 12) (4 9 21 28 26) 17 (27 22 20 8)
25: 18 12 19 20 (21 5) 14 (29 8 26 17 22)
26: 1 (17 12) (14 18) 9 29 (5 27 19 21 6 11) (7 28 13 4) 8 26
27: 5 (14 13) (1 26 12 21) 2 20 (29 24 17) (28 19) (15 8)
28: (2 22) 12 (13 17 26) (9 4 8) (15 1 29) (14 27 28) 19
29: (8 29 15) (16 9) (4 21) 17 (19 12 18 6 14) (25 27)
30: (16 19 12 14) (15 9) (30 10) (24 26 18 22) (20 11) (8 17 1) 28 (29 5)
