30 30
1: 30
2: 5 10 2 17 8 22 18 4 24 30 15 1
3: 7 30 20 27 10 6 28 2 13 1 4
4: 29 15 26 25 24 8 6 18 7 20 13 28 2 3 12 27 30 10 19 16 4 9 14 22 1 21 11 23
5: 3 16 15 2 12 20 25 11 22 27 29 7 10 28 13 5 19
6: 11 10 29 26 19 8 15 3 1 18 30 21 2 23 25 6 22 16 9 5 7 17 14 12 24 28
7: 15 11 1 8 9 12 21 30 3 28 10 14 13 17 5 2 6 20 19 18 7 24 22 25 29 26
8: 20 27 11 16 30 9 10 26 23 15 5 17 6 4
9: 30 23 20 26 27 1 3
10: 24 21 19 22 12 9 18 23 7 28 4 11 2
11: 4 12 1 17 22 29 16 28 2 19 25 9 15 20 14 8 26 3 10 13 23 6 24 27 11 5 18 30 7
12: 2 9 3 27 25 28 5 1 18 8 11 30 16 29 22 23 26 15 19 14 4 13 20 17 21 24 6 7 10
13: 15 18 24 6 29 5 3 12 16 4 27 9 20 23
14: 22 27 15 16 23 7 12 10 4 30 1 20 2 8 11 13 3 19
15: 13 18 2 17 19 29 9 28 26 16 20 7 8 11 5 12 21 1
16: 30 13 26 28 9 23 22 29 12 18 5 11 8 3 2 17 25 14 4 20 6 15 27 16
17: 23 13 4 8 1 14 27 25 15 9 16 12 7 30 24 28 3 26 11 2
18: 28 9 13 20 24 29 11 6 2 3 19 22 25
19: 22 13 28 10 14 17 7 21 19 9 16 26 2 5 6 25 20 12 29 11 15 23 30
20: 24 26 21 7 10 29 9 22 1 11 27 4 12 8 23 2 15 28 3 17 30 20 13 14 5 6 19
21: 23 12 5 18 17 24 1 13 2 15 19 25 30 6 9 10 14 4 16 29 21 22 28 20 11 27 7 26 8
22: 9 2 27 3 25 8 6 22 1 7 21 13 30 15 14 11 20 28 26 16 23 4 12
23: 6 3 12 23 5 22 15
24: 15
25: 16 12 8 18 7 5 20 3 21 30 29 17 4 13 14 26 22 28 10
26: 6 17 26 24 30 25 29 1 19 27 18 12 8 20 21 7 11 16 10 9 13 3 5 22 2
27: 26 11 22 30 18 19 2 14 24 5 29 23 3
28: 1 27 10 5 15 30 24 26 14 29 19 7 13 28 18 21 20 3 9 6 4 17 8 2 11 22 25 16 23
29: 14 15 24 9 17 23 12 20 16 4 6 2 3 21 30 7 8 11 28 26 5 13 25 18 10 1 22 27 19
30: 26 25 2 19 4 3 23 29 9 14 5 11 6 12 16 22 24 20 7 17 18 13 10 30 27 15 21 8 28 1
1: 30 (9 2) 29 (28 4 6) 7 (26 22) 21 (3 12) (15 20) (17 14 11)
2: (7 11 16 12 5) (2 17 21 15) (26 14 3 10 20 28) 6 (27 18 29) (30 19 22 4)
3: (9 17 13 30) (18 26 6) (16 5 4 7) 27 (22 23 25 20 14) (12 28) 11 29
4: 11 (10 30 25) 8 (13 20 29 28 4 16) 22 (21 12) 14 3 (2 17)
5: (21 13) 16 8 (25 26 15 7 20) (29 27 23 5 12) (19 30) (11 2 28) 6
6: (20 12) 26 4 7 (28 11 30) (19 3 29 16 8) (23 13) 18 22 6 21
7: (17 22 15 6) 7 (10 4 11 19 3) 28 (30 20) 25 (21 12 14) (5 26) 29
8: (26 25 11) (6 7) (14 16) (4 20 21 17) 15 2 (30 12 28) (29 22)
9: (4 6) 10 (28 17) (21 11 7 30 22 12) 26 (20 13 29 16 8 18 15 19)
10: 5 2 6 (11 21) (7 20 25) (26 12) 29 (3 28) (4 30 8 19 14)
11: 11 10 15 (27 4 7 26) (14 20) (6 18 8 21 22) (16 5) (19 28) (29 30) (12 17)
12: 17 (6 5 22 15) 14 (11 16 19) (26 21) 25 30 (23 13) (29 4 10 7 20)
13: (7 26 12 5) (20 25) 28 4 (21 16) 15 (3 17 11) (19 30 22) (14 18 29)
14: (25 17 6 22 19) 16 (7 29 4) (30 21) 20 12 27 (28 11)
15: (20 13) (21 4 29) (16 12 19 22 30 17 8) 23 24 28 (11 5 14) 6 (7 2)
16: (11 8 5 17 16) (13 29 25 15) (21 26) (22 6 12 19 30 28) 4 14
17: 6 (8 28) 26 15 (12 2 29 11) (19 21) 7 (30 16 20 25)
18: (28 27) (16 13 29 6) 30 (7 2 11) 15 12 21 (26 4) (10 25)
19: 7 4 21 (10 18 20 12) (5 26 15 28 19 30 14 29 27 6) 11
20: 11 (4 22) 25 26 14 (9 7 15) (18 12 13 21) 3 (29 30) (16 8 19 28 5 20)
21: (7 20 29) (21 25) 4 (6 22 15 28 12 19) 10 30 26
22: 22 (30 14) 27 26 (20 28 18) (16 5) 6 (12 19 10) 11 (25 4) (2 7) (23 29 21)
23: (10 20 11 9) 29 13 (8 6 14 16 23) (4 19) (27 21 22 30) (28 17) 12
24: 20 12 (6 11) 4 28 (7 27 18 17 13 2 26 29) (30 21) 10
25: (12 22 7 29 30) 26 17 (19 21 4 28 11) 5 (16 6 18)
26: (29 15 7) (9 11 30 8 27 6 26) (22 12) 4 25 (20 16 28 21) (17 19)
27: (13 9 21 11) (30 4) (22 29 3 12 17 16 8) (5 20 26) 14 28
28: (3 18 25 20 16 17 12 6 15) (4 22 5) (29 21) 19 (11 28) (30 10) 7
29: (21 6) (12 5 18 20 4) (25 19) (11 26) (30 13 27 16) (7 15 28)
30: 11 (7 14 21) (25 22 3 19) (17 27) 30 (8 9 28 16 29 26) (1 6 12) 2 20 4
