30 30
1: 29 15 23 2 30 24 26 5 18 3 21 1 22 6 14
2: 28 16 7 2 21 8 23 12 6 27 4 22 11 1 10 29 24 15 19
3: 22 27 29 24 16 15 7 14 8 20 25 21 23 12 13 28 3 6 11 1 19 10 5 4 9 30 18
4: 21 18 8 16 2 19 28
5: 16 5 29 10 23 3 22 26 25 12 21 7 8 11 6 20 4 27 2 1 15 30 13 18 14 28 19 24 9
6: 17 18 5 2 27 12 15 23 16 26
7: 14 4 21 12 24 20 6 23 2 8 18 19 17 16 5 27 11 3 9 15 13 26
8: 11 22 15 7 4 26 13 24 12 10 16 2 23 8 21 19 27
9: 14 4 12 10 29 27 24 23 7 25 21 26 28 17 1 13 8 6 9 20 19 15 22 3 11 5
10: 21 23 5 28 16 20 8 27 14 30 18 22 2 11 19 6
11: 7 30 21 29 16 13 24 18 17
12: 26 28 8 9 7 14 4 17 6 29 24 30 22 1 10 11 13 18 23 20 16 15 27 2 12 5 3 19 21
13: 29 28 23 10 26 22 16 9 8 21 7 25 13 19 2 24 20 5 6
14: 8 17 7 9 22 11 20 6
15: 22 4 18 8 12 9 19 13 5 21 1 3 14 16 17 23 26 7 25 29 11 2 24 10 30 27
16: 3 27 22 6 25 13 9 20 28 4 14 8 29 2
17: 27 29 14 7
18: 28 19 17 1 7 12 15 8 23 9 26 13 27 5
19: 10 30 23 4 17 2 27 29 28 19 9 7 13 6 24 1 22 16 15 18 3 11 21 8 5 20 14 26 25
20: 12 23 9 7 20 19 15 11 3 22 24 28 26 18 4 21 30 8 16 13 1 27 2 6
21: 23 8 5 1 16 28 27 21 29 9 18 3 25
22: 3
23: 20 15 28 13 3 7 10 2 30 14 6 17 1 4 23 16 18 8 5 22 29
24: 13
25: 24 30 28 11 29 7 18 4 2 21 13 17 27 22 25 14 9 19 16 8 1 20 26 12 10 5 15 6 23
26: 22 15 29 14 10 18 23 17 16 26 5 11 24 12 7 21 6 19 1 4 30
27: 6 17 19 11 15 16 2 20
28: 4 8 27 30 26 29 20 10 22 24 2 9 19 13 1 25 7 17 5
29: 14 1 23
30: 21 14 27 24 7 8 23 20 22 1 13 9 4 3 10
1: (29 28) (9 3 21) 2 (5 30) (12 1) (25 23) (18 15) (26 19 20)
2: 7 (19 6 8) (25 10) (4 28) 20 23 15 1 (12 16 27 5) 13 2
3: (16 21 9 3 5 15 7) (19 20) 12 (30 1 22 23)
4: 16 25 (20 9) (5 15 8) (12 30 19 23) 28 (2 26 3 7)
5: (9 25 5) (10 26) (15 28 6 21) 3 (12 19 7 18) (13 23) 1
6: (14 25) 16 (7 20 23 3) (19 10 13 9 27 5) 26 (12 1) 2
7: (25 9) 11 (23 8 28) 5 (18 15 30) (14 20) 26 (17 2 3 12 19) 13
8: 28 (9 4 3 14) (10 5 15) 21 (16 8 2 30) (25 18 7) (19 20 13 12 23)
9: (3 12) 16 19 (25 15 18 21 30) 28 (9 20 5 13) 7 14
10: (2 26 28 25) 19 23 (9 30 8 3) (13 12) (5 15)
11: 3 (12 19 26 27 8 15) (14 9 10) (7 2 5 25 20)
12: (18 9 7 15 2) 20 12 (6 5 8 3 26) 25
13: 9 (11 30 15 12 16) 23 28 (18 19) (20 8 13) 7 24 (5 3 25)
14: 30 16 3 (26 25 12) 15 23 (10 7 19) (29 9 17 1 5)
15: 7 20 (19 27 3) 6 (2 26) (5 23) (18 8 9 1 12) 25
16: 4 (21 10) 7 (19 27) 8 (26 6) (12 5 3) (13 11) 2 (25 23) (15 20)
17: (14 6) 27 11 9 (18 19 15 26 25) (28 23 12) 7
18: (21 23) (3 26) 10 20 (6 7) 11 19 12 15 (1 5) 4 25
19: (10 7 28) 2 (27 25 9 4 13) 3 (20 12 18 5) 19 15 (26 8)
20: 30 28 10 5 13 25 (20 12 3) (27 16 19 7 14 23 9)
21: 7 8 (5 19 10) (9 1) (2 21 12 20 4 26 3 13) 30 (11 25) 15
22: (23 3) (2 13) (30 28 8) 10 (19 9) 26 (20 14 15 5 25 12 16) 1
23: 25 (3 1) (19 20) 5 (29 2) (21 8 26 15 10) 9 12 (18 6) (13 23 7) 30
24: (11 15 20) (2 28) (30 26 13) (5 8) (1 7) (12 19) (9 3 25)
25: (16 3 13) 5 (28 19 21) (25 9) 15
26: 25 1 20 12 (15 19) 26 (8 13) 18 (6 9) (7 28) 5
27: 2 25 (8 6 19) (10 7 17) (28 9) 21 (16 18) (20 3 5) (12 15) 30
28: (10 23 4) (5 13 3 2 12 25 20 21) (9 16) (19 18)
29: (17 3 1) (26 21) (16 11) 2 (25 15) (13 19) (9 28) (5 23 12)
30: (3 15) (28 10) (5 23 20 19) 26 (11 12 1) 25
