50 50
1: 5 24 38 14 1 16 3 42 23 32 49 10 50 36 39 48 40 44 4 6 17 27 13 9 35 37 41 11 21 8 26 19 30 31 2 15 7 43 46 18 20 12 33 34 29 47 28 25 45 22
2: 43 30 29 25 35 39 9 22 42 5 11 45 13 16 2 1 48 19 37 18 4 47 36 38 6 40 33 3 44 23 17 21 28 32 14 46 34 26 12 50 7 10 8 49 27 15 20 41 24 31
3: 14 27 19 23 40 39 4 20 22 46 8 47 10 28 3 1 29 25 32 33 41 43 9 30 5 21 37 44 16 7 42 50 6 13 12 31 2 48 11 15 45 26 35 24 49 17 36 18 38 34
4: 15 8 24 42 7 14 18 16 21 44 6 12 47 29 2 40 10 34 33 26 22 37 50 5 17 4 11 43 35 45 36 3 20 23 13 31 32 48 19 38 1 9 25 39 27 49 28 46 30 41
5: 34 29 42 38 48 20 39 47 11 50 18 25 23 30 10 45 8 17 28 13 24 44 36 49 31 19 3 35 1 9 32 26 33 7 37 5 40 22 16 41 21 4 2 14 6 46 15 12 43 27
6: 8 48 47 1 28 20 46 49 34 37 5 42 12 7 14 33 30 2 16 19 41 15 4 38 27 21 44 17 10 22 40 29 26 35 13 9 25 45 18 43 3 32 23 24 36 31 6 50 11 39
7: 1 29 37 23 8 14 47 9 2 48 21 31 11 49 7 17 18 20 15 22 12 39 5 24 36 35 34 13 19 43 10 33 42 50 40 27 4 6 32 46 26 41 44 30 16 28 25 3 45 38
8: 5 8 10 30 7 13 27 36 31 37 46 6 44 2 12 18 21 38 42 47 22 26 16 15 29 39 17 24 11 4 25 9 1 45 28 14 40 50 32 19 3 35 33 20 34 43 49 48 23 41
9: 38 9 40 44 23 18 21 43 45 33 11 25 41 26 29 34 2 32 1 48 4 13 19 5 24 3 12 22 37 49 30 46 35 20 47 50 28 15 39 42 8 7 10 36 31 17 14 16 6 27
10: 47 45 33 20 29 6 38 7 17 8 9 31 40 3 43 32 2 44 41 27 10 21 15 24 18 48 35 12 34 25 39 28 11 4 30 36 37 42 14 26 22 50 1 16 5 13 19 49 23 46
11: 24 13 3 36 16 38 39 9 25 42 40 47 35 33 34 49 32 5 10 45 44 20 18 1 22 14 27 48 46 31 7 23 29 30 12 26 17 19 37 2 50 8 28 6 4 21 41 15 43 11
12: 3 44 31 15 19 20 37 46 30 17 35 28 41 26 34 27 32 47 39 13 4 23 22 1 8 12 33 48 2 38 6 18 11 40 43 16 9 24 5 10 49 42 14 45 25 29 36 50 7 21
13: 31 49 6 32 36 1 19 13 5 33 11 17 22 46 16 23 21 10 40 43 30 9 26 14 29 34 39 37 38 41 35 48 50 15 45 27 8 7 44 12 28 25 3 20 4 47 18 42 2 24
14: 2 27 15 13 17 4 21 6 45 23 43 19 24 36 37 40 32 29 41 35 44 20 18 33 12 14 46 34 3 47 42 25 26 39 8 11 28 31 16 10 1 7 5 49 9 50 48 22 38 30
15: 46 30 20 7 37 23 5 47 2 9 4 24 1 21 27 3 15 42 31 48 45 25 8 6 19 44 22 28 49 38 39 26 35 11 10 17 36 13 32 43 12 14 41 34 18 33 50 16 29 40
16: 49 38 19 39 29 15 26 37 1 28 7 23 36 12 32 25 2 20 47 41 22 21 43 18 35 11 40 48 9 33 34 4 30 13 14 46 50 3 16 24 17 5 6 27 8 31 10 44 45 42
17: 36 17 29 42 35 16 7 5 27 14 13 10 32 39 9 26 1 6 33 49 45 43 47 18 12 2 41 38 40 15 50 3 24 8 25 37 21 11 31 30 46 19 20 22 44 4 34 48 28 23
18: 4 22 6 41 24 31 12 3 48 27 50 8 2 20 38 39 37 47 16 11 29 44 15 40 32 35 13 30 1 19 43 17 18 14 49 33 26 5 34 9 28 23 42 10 25 21 46 7 36 45
19: 14 13 1 33 29 12 49 17 35 15 38 5 8 42 26 23 10 48 37 40 46 32 27 31 47 16 4 3 30 39 24 43 9 25 41 7 2 22 11 28 44 45 21 19 20 34 50 6 18 36
20: 41 27 38 19 43 9 16 28 13 40 33 15 2 26 46 14 6 32 25 24 1 12 11 47 30 39 37 8 35 44 23 18 31 48 10 4 3 50 7 49 36 5 42 20 34 29 22 21 45 17
21: 12 4 1 50 46 6 16 19 47 42 27 43 37 34 32 30 18 31 29 3 25 14 28 22 15 10 40 36 45 33 44 38 7 8 21 9 11 35 41 17 20 5 48 39 2 13 24 26 49 23
22: 41 33 31 7 3 42 12 30 20 18 22 25 46 50 2 45 27 34 23 1 14 13 48 5 37 40 21 26 6 36 10 8 19 4 29 9 28 38 35 44 32 11 49 24 15 47 39 17 43 16
23: 15 33 27 38 29 30 40 14 39 19 4 18 45 17 47 20 41 10 31 32 46 9 1 6 48 36 7 23 12 16 3 13 50 25 35 11 43 28 26 44 2 34 49 5 21 8 24 37 42 22
24: 27 3 45 49 11 14 1 32 16 39 26 38 12 22 42 43 6 25 36 31 17 19 13 46 5 48 9 41 20 24 35 47 28 34 10 21 2 50 7 4 18 44 40 37 15 33 8 29 30 23
25: 24 13 19 39 42 45 36 46 8 11 15 1 5 40 44 26 22 10 41 30 2 14 27 29 9 6 12 28 38 25 34 3 49 32 17 20 18 43 37 23 35 47 33 7 48 50 16 4 31 21
26: 14 41 32 45 33 22 35 27 46 39 15 7 44 28 42 9 30 26 18 37 2 34 24 13 6 11 29 43 16 19 48 12 4 10 3 25 20 17 21 23 38 36 5 31 8 49 1 50 47 40
27: 14 19 8 38 39 7 36 26 46 22 25 29 4 10 34 33 45 27 48 11 9 30 37 43 17 18 28 47 20 50 24 32 41 44 5 2 16 21 3 15 23 40 13 12 42 6 1 35 49 31
28: 43 17 42 40 49 45 50 44 34 2 35 7 4 38 28 9 31 21 18 8 46 24 48 39 26 16 32 15 41 20 3 11 33 47 30 22 12 27 6 13 5 1 14 25 23 19 10 37 29 36
29: 45 23 32 24 28 47 22 29 19 31 42 35 44 26 14 15 17 50 16 4 48 8 13 39 37 5 10 12 41 3 34 21 46 6 9 40 2 27 18 36 49 25 38 11 1 33 43 7 20 30
30: 33 40 32 28 24 23 41 39 10 12 27 2 19 36 37 6 17 25 38 16 8 14 4 26 15 49 35 45 5 7 34 22 1 13 43 47 20 9 11 42 30 3 48 31 46 29 44 21 18 50
31: 24 27 40 6 42 14 2 46 34 50 39 48 29 30 11 8 33 44 37 18 31 43 45 47 1 28 13 10 7 12 20 4 23 5 21 35 16 9 36 15 32 22 19 17 49 25 38 3 41 26
32: 39 35 38 28 45 13 34 27 9 12 47 4 7 8 26 11 31 42 44 49 21 30 22 5 50 1 40 14 15 23 20 46 16 36 43 33 18 48 32 2 10 6 25 17 19 41 37 3 24 29
33: 41 27 48 31 7 26 40 39 8 11 30 32 45 37 25 19 21 15 22 34 33 47 4 16 46 20 1 42 13 10 35 29 38 18 14 9 12 3 2 6 5 50 43 49 44 17 36 24 23 28
34: 19 15 45 6 1 47 26 2 31 23 29 10 42 44 25 41 49 8 34 35 24 32 21 33 40 37 36 16 11 9 7 48 22 4 5 50 14 43 17 39 13 18 38 46 28 12 20 30 3 27
35: 28 5 31 43 46 12 42 6 33 1 41 32 14 21 22 13 17 34 40 45 16 7 44 15 39 9 20 37 35 48 26 24 27 25 50 10 8 18 30 11 23 29 38 47 2 49 3 4 36 19
36: 10 40 14 13 3 38 42 21 29 45 46 44 33 12 31 20 30 23 19 49 22 43 26 5 39 48 15 18 16 32 35 37 25 50 17 28 24 6 7 27 41 9 8 1 34 36 47 11 2 4
37: 37 5 30 38 40 41 34 26 14 47 35 8 36 24 32 28 42 13 12 4 19 9 25 33 16 44 18 23 2 43 48 7 11 10 1 21 17 31 6 29 3 39 15 22 49 46 50 20 27 45
38: 40 36 11 41 18 21 23 25 10 30 4 24 8 12 15 9 39 27 43 34 2 47 26 1 33 28 13 37 42 5 35 3 46 44 22 38 7 19 17 20 50 16 29 14 6 31 32 45 49 48
39: 4 50 16 28 2 30 3 1 8 37 44 18 34 27 25 9 20 43 11 33 10 7 40 46 12 41 49 31 15 38 32 26 17 5 21 35 45 42 24 48 13 47 39 36 6 19 22 23 14 29
40: 40 29 48 5 50 37 14 19 47 17 26 42 2 49 41 27 4 44 32 34 39 1 8 20 3 15 35 45 24 25 23 6 22 38 46 10 16 7 43 36 33 11 12 18 21 9 28 13 31 30
41: 12 35 25 14 43 31 37 20 11 50 5 19 8 47 46 29 13 33 2 36 6 44 27 38 17 3 49 21 9 34 42 7 10 45 15 39 32 1 30 23 16 48 24 40 22 28 26 4 18 41
42: 24 38 13 11 31 2 43 19 42 10 34 50 36 15 37 16 1 48 40 29 28 26 20 33 49 30 25 22 39 8 23 45 41 47 35 44 46 17 12 18 32 5 21 7 6 4 27 14 3 9
43: 48 41 37 31 24 18 1 19 4 13 25 45 50 23 40 29 44 8 12 38 22 7 11 14 20 36 32 49 35 3 5 39 28 26 34 47 17 21 46 9 16 30 15 10 27 2 43 6 42 33
44: 21 18 28 8 31 14 30 36 39 19 17 35 45 37 20 10 11 43 4 12 1 15 29 33 6 25 5 22 13 16 41 24 40 42 9 50 7 23 27 38 46 2 49 26 47 48 3 44 34 32
45: 44 31 23 24 40 19 37 12 27 10 35 16 45 43 39 9 2 14 1 36 15 6 8 26 3 48 5 41 50 46 29 7 22 4 13 47 20 33 11 25 21 32 18 38 28 30 49 17 34 42
46: 26 29 1 15 5 36 6 38 7 16 37 40 19 34 45 46 8 30 28 14 13 20 32 21 12 35 41 4 11 24 49 42 17 25 48 18 2 9 44 3 22 39 27 23 10 47 31 33 50 43
47: 11 14 47 10 21 18 27 1 8 25 3 50 26 13 15 24 43 5 42 35 40 49 48 20 12 22 39 34 30 19 23 4 7 41 9 28 45 38 31 17 29 2 44 46 37 36 33 16 32 6
48: 49 24 5 30 7 48 13 35 15 25 28 10 6 39 20 22 14 8 46 23 1 4 45 18 3 26 29 34 33 47 9 12 38 17 40 19 36 16 11 42 2 27 50 37 32 43 44 21 41 31
49: 47 18 33 26 40 6 25 24 19 44 35 48 28 3 16 21 27 17 31 13 1 46 15 49 8 43 14 30 4 22 45 29 11 34 20 23 42 32 37 10 41 5 7 9 38 36 2 12 50 39
50: 33 10 19 22 23 8 6 42 47 2 50 49 4 46 34 20 9 43 48 11 28 18 27 15 17 24 30 41 26 14 32 29 35 37 25 40 12 21 31 39 1 5 45 38 44 13 7 3 16 36
1: 2 37 20 12 3 50 24 44 49 9 4 21 17 47 43 40 5 41 19 42 6 18 14 25 23 35 16 13 26 29 30 28 48 27 39 32 8 22 38 15 11 31 1 36 10 34 33 7 46 45
2: 17 29 41 13 20 16 4 19 10 18 43 6 42 24 12 50 37 47 39 22 35 11 30 28 25 15 40 46 34 3 49 9 36 2 31 8 27 26 14 48 44 21 23 38 1 32 33 45 7 5
3: 5 9 24 38 40 43 19 18 49 29 39 45 15 17 21 47 6 37 31 26 33 22 1 25 23 44 14 50 4 36 34 42 20 3 30 46 41 2 10 11 16 35 48 28 13 27 32 7 12 8
4: 21 23 35 16 10 33 5 4 15 9 1 45 41 44 46 31 17 2 19 48 13 37 26 50 29 22 36 6 42 32 39 8 34 25 12 43 28 30 14 11 3 40 38 47 20 7 27 24 49 18
5: 1 30 19 11 49 6 40 35 28 46 36 44 33 43 50 45 13 27 25 12 37 5 42 29 2 41 14 16 34 8 32 48 31 39 3 4 38 17 10 23 20 22 9 7 15 18 47 26 24 21
6: 21 50 35 24 36 15 6 46 2 26 5 39 9 12 17 37 43 22 30 38 23 11 29 40 28 20 49 47 18 4 45 34 10 41 32 42 31 16 13 3 27 48 8 33 14 25 1 44 19 7
7: 48 4 27 8 18 34 11 22 3 45 19 33 16 41 25 20 6 1 47 49 2 28 12 7 46 24 21 30 40 13 36 17 50 37 5 35 42 26 10 15 29 23 38 43 39 9 31 32 14 44
8: 1 19 11 4 12 31 29 26 23 28 45 43 25 34 2 36 13 15 39 21 50 33 35 18 48 20 41 27 40 47 46 22 30 42 44 16 9 37 8 17 3 5 38 14 49 32 10 7 6 24
9: 47 34 48 30 46 31 26 37 3 24 22 9 17 19 4 13 35 10 6 1 16 20 41 38 21 18 15 2 50 11 49 5 12 45 39 36 23 25 8 33 32 43 27 42 7 28 14 40 44 29
10: 32 13 8 5 40 2 48 44 21 12 11 6 27 17 36 41 18 43 30 46 37 1 25 47 49 24 4 10 14 34 3 23 50 16 45 35 15 19 28 33 38 20 39 31 7 26 9 42 22 29
11: 41 36 14 47 20 42 5 32 8 21 3 43 15 17 6 25 28 7 31 22 2 37 29 40 13 34 49 18 30 12 33 4 50 39 35 48 26 45 23 11 19 24 16 46 27 9 1 10 44 38
12: 15 10 38 29 48 23 41 7 14 32 28 26 46 22 43 27 20 36 25 49 8 11 33 37 18 6 31 4 24 19 50 17 13 12 2 47 40 42 44 16 34 30 5 39 9 45 21 1 35 3
13: 47 16 32 2 12 24 42 15 49 45 21 10 9 3 19 22 39 38 29 48 36 25 27 33 46 35 8 20 40 34 30 1 28 26 41 37 7 13 44 43 14 6 18 31 50 11 4 17 5 23
14: 44 46 49 30 42 3 7 17 48 33 37 40 36 41 39 18 11 24 50 13 22 25 35 9 14 23 16 19 47 1 5 10 43 27 15 38 6 31 29 12 4 8 45 20 32 26 34 21 2 28
15: 22 28 46 41 47 34 42 2 26 3 4 30 20 14 23 11 13 8 9 36 43 25 12 21 24 50 44 32 6 16 48 45 15 49 29 39 19 35 37 7 31 27 33 5 10 17 1 18 38 40
16: 34 43 8 22 20 35 1 24 39 37 12 19 44 31 27 45 32 21 16 10 33 38 47 4 6 26 48 30 29 17 3 18 7 28 5 9 46 25 13 41 11 36 40 15 2 42 50 23 14 49
17: 37 3 17 5 11 8 22 41 33 13 9 7 29 31 32 50 43 44 47 16 42 38 48 20 10 30 28 49 2 39 6 27 12 4 40 25 14 45 18 36 35 1 46 21 26 34 23 24 19 15
18: 4 42 27 31 20 41 2 23 5 33 18 15 30 47 46 40 8 9 16 14 49 21 22 45 11 26 12 37 19 43 17 34 29 39 36 6 44 24 1 7 32 10 13 25 38 50 48 28 35 3
19: 17 2 46 41 28 43 18 26 14 22 15 34 9 39 37 44 8 19 6 4 30 1 20 12 13 33 49 11 3 45 16 42 21 36 47 23 31 38 40 25 29 27 50 48 32 10 35 5 24 7
20: 35 16 4 12 38 45 43 14 44 49 19 30 25 11 34 2 26 48 5 15 9 32 28 41 24 8 18 13 6 10 37 36 22 31 42 3 29 20 1 21 47 27 33 39 7 40 50 46 17 23
21: 44 25 49 14 9 38 28 12 40 43 46 24 45 29 10 13 21 4 30 6 42 27 35 5 15 19 36 17 3 33 34 32 18 20 1 48 22 31 47 37 7 39 2 11 50 8 41 16 23 26
22: 20 21 22 40 6 37 28 50 15 43 7 47 38 12 4 25 1 39 41 48 9 11 8 29 35 27 19 23 26 32 2 31 10 49 44 42 46 24 16 34 3 30 33 36 17 45 13 5 18 14
23: 17 25 36 44 28 21 10 12 41 20 46 13 22 34 35 50 18 39 4 9 16 27 15 11 37 31 24 33 7 6 26 29 42 47 14 48 43 1 32 3 23 38 30 40 5 49 2 19 45 8
24: 6 16 49 42 18 7 33 27 21 41 26 31 4 22 48 24 3 23 30 46 28 35 25 45 8 9 1 34 40 14 36 5 19 15 13 38 20 37 47 17 11 2 10 29 12 43 32 44 50 39
25: 27 23 17 25 47 21 32 43 20 12 33 44 31 6 2 5 50 4 41 24 42 46 7 18 49 14 30 9 26 37 3 48 16 45 1 19 36 40 22 13 29 11 10 39 8 28 38 15 34 35
26: 35 12 40 36 21 42 29 45 10 34 19 28 15 27 24 14 1 6 26 33 8 32 22 23 46 5 11 38 7 43 17 44 4 9 49 2 25 48 3 18 41 39 31 20 50 47 30 16 37 13
27: 22 25 50 10 27 42 12 14 20 23 28 15 26 33 8 49 40 39 35 44 5 24 4 45 6 29 31 2 13 16 9 36 37 34 38 7 30 48 21 47 11 3 32 1 19 43 18 41 17 46
28: 38 11 22 1 44 25 6 4 47 41 2 8 46 26 21 45 30 40 10 18 48 17 5 33 12 35 27 14 49 50 16 34 13 32 42 9 29 37 39 3 19 20 28 24 36 31 43 23 15 7
29: 5 44 9 21 13 10 17 37 8 34 27 49 11 1 19 33 15 36 42 45 48 24 32 20 14 41 23 38 25 7 43 50 31 46 3 28 12 26 30 39 6 40 4 2 18 16 29 47 22 35
30: 11 41 1 40 42 12 23 9 15 4 36 5 2 21 28 47 35 48 19 44 10 49 7 18 32 38 31 20 17 34 37 3 14 13 6 25 8 43 50 46 27 16 26 45 39 30 22 29 24 33
31: 30 17 39 18 13 15 48 41 21 14 36 26 42 23 45 22 24 12 38 50 20 49 37 10 7 33 32 16 25 35 2 1 44 29 8 4 40 28 34 43 5 31 9 27 47 11 19 46 6 3
32: 26 10 19 6 23 42 31 9 30 1 40 36 20 35 47 13 49 5 39 37 41 38 45 33 3 7 27 44 18 34 8 14 16 46 25 32 22 48 28 4 2 24 29 21 15 17 50 12 43 11
33: 42 38 6 45 13 5 4 30 40 16 35 17 44 29 27 10 15 2 26 8 1 3 49 24 21 37 36 48 28 33 18 19 23 7 47 32 31 46 34 41 12 14 43 11 39 25 50 9 20 22
34: 5 20 11 1 39 23 44 22 38 31 48 40 13 7 4 6 10 45 50 16 2 9 18 25 24 33 19 17 30 35 49 32 26 41 34 12 37 14 8 21 36 15 42 28 3 47 46 29 43 27
35: 18 21 3 14 28 36 29 41 44 9 25 7 5 45 50 19 20 16 38 39 40 35 49 47 48 32 46 23 6 1 15 13 4 37 42 31 26 24 2 17 10 34 12 33 8 11 22 43 27 30
36: 11 41 24 5 23 28 16 13 8 26 49 15 48 46 34 7 31 4 37 14 45 20 10 21 6 19 43 2 25 33 44 30 29 22 18 36 17 27 47 39 42 35 3 50 1 40 32 9 12 38
37: 41 34 40 8 26 35 50 20 23 9 5 43 36 45 7 38 14 10 32 25 28 19 30 27 37 3 39 31 1 29 46 17 42 48 13 2 44 11 15 4 49 47 12 22 24 18 6 16 33 21
38: 9 43 41 10 44 25 5 4 32 22 19 24 36 27 8 13 40 26 49 2 47 12 1 34 21 15 16 17 48 38 45 46 50 18 11 6 28 37 14 3 20 39 33 29 31 35 42 7 23 30
39: 1 18 5 19 34 35 42 2 50 49 26 28 30 44 48 12 17 38 25 13 16 15 45 41 31 4 20 11 47 46 40 33 36 10 3 7 24 22 29 39 27 8 9 14 6 23 21 32 43 37
40: 6 24 25 30 31 13 39 18 44 10 4 29 43 28 41 32 46 1 42 23 26 33 15 34 47 21 12 38 8 5 37 9 45 35 2 40 50 49 48 7 11 3 14 36 17 22 27 16 20 19
41: 33 45 11 49 25 48 23 28 47 35 5 39 7 24 30 8 4 43 27 19 18 15 46 29 21 34 26 40 36 32 17 38 3 44 2 9 16 14 10 12 50 37 1 42 13 6 41 31 20 22
42: 17 30 35 43 34 50 48 32 8 18 16 47 45 22 20 24 28 6 19 29 11 37 41 21 3 4 39 23 49 46 5 26 33 2 36 9 13 27 10 38 31 15 7 1 44 14 25 12 42 40
43: 16 11 40 22 42 4 36 34 41 27 19 47 6 50 20 7 21 13 46 32 48 5 26 37 14 43 35 31 38 29 2 8 18 1 33 49 24 45 10 17 28 15 30 9 44 23 3 12 39 25
44: 5 32 35 8 17 13 41 21 24 16 27 46 18 19 3 34 22 28 36 39 25 50 20 33 43 6 29 9 7 26 49 40 11 23 12 14 15 37 45 10 48 47 42 4 2 1 31 30 44 38
45: 26 44 8 18 27 10 2 13 45 17 37 12 16 19 38 7 14 43 21 15 5 22 41 40 28 32 4 42 35 36 29 25 47 20 33 24 6 48 46 34 31 39 50 49 9 1 3 11 30 23
46: 6 9 3 23 35 28 38 29 50 1 2 19 49 32 12 31 13 15 33 21 22 41 25 18 42 14 36 39 5 40 34 24 20 10 46 27 37 17 48 47 8 11 7 45 16 26 43 44 4 30
47: 42 16 29 38 12 49 44 47 46 13 19 48 31 50 23 7 10 15 39 45 24 37 9 33 8 4 11 2 41 25 28 26 5 36 14 22 27 20 3 30 21 18 34 35 1 43 32 40 17 6
48: 29 15 14 40 23 34 35 38 18 44 11 8 49 12 36 16 3 41 9 33 4 27 5 42 30 2 17 46 31 48 50 26 22 10 24 1 45 7 28 47 20 13 39 25 43 6 37 21 32 19
49: 49 17 42 30 34 15 19 29 9 20 28 47 46 43 4 48 23 5 31 32 50 25 6 13 37 18 2 41 14 45 24 16 8 39 11 10 38 27 22 36 33 44 35 3 7 12 21 26 1 40
50: 26 49 30 2 46 12 13 16 20 9 43 40 32 50 17 5 7 38 29 33 4 25 24 22 44 41 47 18 3 35 45 27 34 1 14 21 6 48 31 36 15 42 19 11 39 28 23 37 10 8
