50 50
1: 12 7 11 24 50 25 38 30 29 13 17 48 39 35 34 33 23 42 6 46 20 31 27 1 22 21 36 4 15 10 19 26 49 5 8 37 2 14 44 40 45 41 32 47 28 3 18 43 9 16
2: 47 13 27 21 14 48 4 37 32 46 8 20 15 2 33 44 41 9 36 35 11 16 31 34 39 43 6 38 19 26 25 42 28 50 45 23 7 40 49 18 12 22 3 5 1 10 24 17 30 29
3: 30 28 49 5 16 26 3 44 10 34 11 15 1 21 37 35 19 8 50 20 48 4 14 13 40 2 9 17 36 27 31 6 32 24 23 39 12 33 42 29 46 43 38 7 22 18 47 25 45 41
4: 34 15 10 23 18 6 14 4 30 25 42 19 35 27 49 29 45 16 5 12 36 13 7 50 48 24 8 33 21 22 44 2 9 43 47 17 26 39 28 3 20 32 37 11 38 41 1 40 31 46
5: 5 1 2 18 11 13 36 50 10 7 4 47 28 19 12 34 38 16 45 27 9 29 25 23 20 48 14 49 46 3 44 21 8 26 24 35 40 30 32 33 15 41 31 37 42 6 22 39 43 17
6: 45 40 13 23 27 48 32 11 21 37 35 46 6 19 10 2 14 44 49 15 17 16 34 31 24 42 28 18 7 41 25 4 50 29 36 22 39 9 3 43 26 30 47 8 33 38 20 1 12 5
7: 30 31 4 47 48 18 15 42 12 6 2 36 16 17 27 35 29 24 28 39 25 10 33 38 50 49 21 41 11 3 23 20 43 13 26 8 14 32 45 19 1 44 34 37 46 40 22 9 7 5
8: 6 18 46 11 48 36 43 37 14 21 24 1 39 28 7 40 47 44 15 32 50 9 25 20 41 5 30 22 23 10 27 35 2 42 38 31 17 29 26 19 49 4 45 34 8 33 3 13 16 12
9: 29 13 35 21 9 3 30 46 31 18 26 17 5 24 8 2 22 28 20 48 50 43 47 15 38 36 39 6 10 16 37 27 7 1 40 23 34 41 14 45 49 42 12 32 11 25 33 19 44 4
10: 24 39 45 19 34 4 28 20 30 22 27 36 33 41 17 15 44 13 29 49 7 10 43 32 42 8 5 12 16 23 50 48 6 37 26 47 40 3 1 14 9 35 21 18 11 38 31 2 46 25
11: 21 24 44 34 46 39 14 43 37 45 31 36 23 8 9 32 3 49 17 10 41 29 33 15 35 19 50 4 22 27 2 1 7 12 48 5 38 30 6 28 42 47 16 40 20 25 26 11 13 18
12: 4 34 35 13 22 45 38 2 16 49 18 26 41 3 19 47 39 5 42 28 29 21 50 27 40 24 30 9 36 46 11 32 20 37 7 33 10 43 14 8 1 48 15 12 17 6 25 31 44 23
13: 47 20 11 21 37 50 17 3 38 29 26 22 9 43 33 25 44 48 28 5 15 32 30 8 2 6 13 27 18 35 7 23 14 36 24 19 12 16 49 4 34 45 39 42 40 46 31 10 41 1
14: 18 46 29 14 7 13 10 32 19 20 47 31 2 39 3 15 36 8 41 42 26 6 11 44 22 33 27 5 16 45 38 34 23 40 17 43 4 24 9 12 25 28 48 1 21 50 35 37 30 49
15: 32 43 40 22 46 42 18 10 41 16 5 24 13 2 19 31 38 26 45 12 28 17 47 39 49 23 20 50 25 6 29 35 8 33 15 4 27 7 30 21 3 37 44 1 11 9 48 34 36 14
16: 49 44 2 17 46 38 41 12 5 26 11 40 18 13 39 35 33 4 30 8 3 21 37 28 16 9 48 27 6 24 32 10 42 36 43 22 50 45 15 23 25 34 1 14 31 19 29 20 47 7
17: 6 37 24 35 8 16 3 47 29 2 31 4 21 23 15 28 40 17 41 7 12 10 39 9 26 22 46 43 30 42 49 50 25 36 27 38 44 14 1 11 18 19 34 48 20 45 5 13 33 32
18: 25 36 5 42 17 11 44 21 2 20 22 35 40 28 29 50 13 27 14 30 6 24 37 16 48 1 26 33 18 34 45 10 15 9 46 3 12 31 47 23 19 39 8 32 4 7 49 41 38 43
19: 43 35 36 14 38 27 39 48 10 5 22 18 15 12 11 26 41 9 25 49 17 21 4 32 40 16 42 45 44 34 23 2 37 7 29 46 33 1 24 19 13 31 6 8 3 47 28 20 30 50
20: 6 17 28 15 16 25 39 5 13 38 48 44 47 12 19 45 3 20 4 27 14 26 24 43 32 9 11 49 29 7 18 31 40 34 36 41 1 2 23 33 21 46 10 37 35 8 22 42 50 30
21: 18 9 4 47 20 5 16 2 34 15 40 13 6 14 28 50 38 42 1 19 44 35 7 36 10 37 39 33 48 8 31 11 49 41 29 22 26 30 21 43 46 24 17 25 12 45 32 23 3 27
22: 43 1 17 10 27 28 39 12 29 11 9 20 42 2 23 15 35 8 22 13 44 5 7 33 47 31 24 26 18 41 37 14 48 16 36 32 6 30 3 40 4 50 45 25 34 46 38 49 21 19
23: 47 21 22 43 9 14 1 34 15 29 50 35 23 46 2 44 28 41 45 7 16 20 18 3 5 4 19 27 39 13 31 36 40 32 42 17 6 12 8 30 26 49 33 38 24 25 11 10 48 37
24: 45 26 29 8 21 11 46 5 18 3 15 37 7 20 32 17 19 12 28 39 30 40 14 24 2 50 9 35 34 47 22 36 41 13 44 10 38 16 25 49 27 43 42 31 33 48 6 4 1 23
25: 12 15 3 47 33 46 8 23 45 32 35 5 43 22 11 30 40 10 31 41 29 18 48 50 6 20 2 36 34 38 1 7 25 37 21 49 27 42 44 26 28 24 4 39 14 19 17 13 9 16
26: 2 38 30 47 42 3 40 14 18 27 45 22 1 44 31 46 11 8 34 43 7 32 9 10 26 17 21 39 4 33 24 49 6 13 48 29 20 50 28 12 16 41 37 19 35 36 23 15 5 25
27: 10 34 46 22 25 49 28 13 14 23 11 32 6 24 9 50 44 31 39 47 12 4 40 30 18 38 3 27 48 2 8 33 29 35 20 15 41 42 21 17 16 37 36 1 26 5 45 43 19 7
28: 44 43 5 12 2 30 9 49 23 19 36 18 11 47 3 22 39 10 1 20 38 15 35 32 48 25 46 29 31 34 50 7 8 14 26 33 42 28 24 21 4 37 16 13 41 6 27 17 40 45
29: 10 34 19 46 12 42 4 35 16 23 13 5 3 33 15 49 38 39 26 20 11 48 28 44 2 45 43 9 36 24 7 6 21 14 1 50 47 41 31 17 27 40 18 8 30 22 25 37 32 29
30: 19 36 46 45 28 13 21 24 49 26 29 37 15 39 12 11 14 20 27 5 34 7 44 18 8 35 30 22 4 33 17 23 40 31 32 50 10 9 47 2 16 38 3 48 25 42 43 6 41 1
31: 32 4 1 30 24 33 8 19 16 22 6 38 20 27 14 35 46 28 47 42 2 49 34 11 29 10 15 45 43 26 13 23 17 48 50 37 39 44 40 21 3 7 25 12 9 18 31 41 5 36
32: 45 20 31 25 29 15 7 37 42 1 8 26 38 27 16 9 11 23 32 3 22 46 47 4 43 6 40 39 13 2 34 17 48 44 18 33 12 50 24 36 14 30 19 41 5 10 21 28 35 49
33: 13 36 19 34 8 49 46 30 6 45 40 32 23 2 50 37 9 41 27 44 21 26 38 5 17 33 10 16 42 4 25 12 48 20 43 22 24 3 14 29 1 47 7 15 39 28 18 31 11 35
34: 42 29 13 48 49 20 3 22 26 9 35 5 33 32 36 39 27 46 41 24 12 4 14 31 21 16 10 18 1 47 45 8 44 37 6 25 19 38 50 30 40 34 23 11 17 15 7 2 43 28
35: 29 39 42 11 25 10 41 33 22 28 15 31 8 27 16 49 38 4 21 30 13 14 2 40 7 3 1 23 6 9 5 37 45 36 17 19 20 26 32 46 47 24 43 48 18 12 50 35 44 34
36: 47 49 23 3 38 40 48 43 25 19 36 33 13 42 2 20 14 4 6 34 41 24 17 46 21 8 29 10 31 7 27 22 5 15 35 26 37 39 18 12 16 44 1 45 30 11 50 32 9 28
37: 29 16 35 3 15 36 10 12 20 8 46 34 33 25 24 50 27 26 13 30 23 48 18 40 41 6 38 44 9 1 37 2 42 4 14 21 7 28 47 45 11 32 17 22 39 19 5 31 49 43
38: 11 38 5 8 50 37 42 1 36 13 3 12 34 7 41 23 20 19 14 15 21 18 47 45 25 39 16 29 33 27 30 2 31 48 35 46 10 28 6 17 26 49 43 44 4 24 40 22 9 32
39: 18 30 29 31 22 7 23 8 35 19 44 48 2 4 28 46 34 14 12 5 49 11 15 24 20 6 32 39 42 9 40 37 13 41 1 16 47 27 45 50 25 3 17 38 36 10 33 43 21 26
40: 6 5 33 31 43 49 37 2 23 27 40 46 47 36 24 9 32 18 48 15 3 41 44 39 13 12 10 29 7 50 22 30 34 19 35 21 4 8 45 14 28 38 1 25 16 20 17 42 11 26
41: 6 50 3 34 37 45 5 7 22 46 10 23 29 20 43 13 24 33 39 30 25 44 41 27 48 8 42 47 15 26 14 31 11 4 40 2 1 18 35 21 19 32 16 49 38 17 9 36 12 28
42: 50 15 24 33 23 35 42 12 11 16 43 48 39 20 8 47 25 36 45 10 4 1 31 41 22 13 6 2 26 44 46 40 32 37 5 30 49 17 34 14 29 18 7 38 28 21 27 3 19 9
43: 35 49 21 48 13 2 19 16 50 7 33 31 46 37 4 15 20 24 25 28 34 17 22 1 40 6 32 14 9 30 45 11 39 12 38 10 47 44 23 5 41 42 18 43 27 8 26 3 29 36
44: 21 10 30 27 42 12 1 40 16 4 50 29 26 18 13 23 49 47 11 8 2 36 48 17 33 44 41 25 39 45 28 22 46 7 32 37 43 15 6 20 9 34 5 31 38 24 3 19 35 14
45: 5 16 48 27 34 45 6 46 38 13 4 23 42 26 10 30 43 40 29 7 35 19 31 2 1 8 21 49 47 22 24 37 25 32 20 17 11 50 39 3 41 18 36 28 9 15 14 33 44 12
46: 27 15 4 6 19 3 40 26 9 43 50 35 34 47 8 37 14 5 17 33 32 29 36 13 20 44 41 10 42 2 16 24 49 38 1 23 18 22 30 7 46 21 31 39 48 25 45 28 11 12
47: 5 17 16 25 43 9 50 10 11 1 12 14 31 3 41 39 18 42 20 2 49 30 6 8 44 47 46 40 45 29 36 27 23 32 34 35 37 24 38 26 15 4 33 48 21 19 7 28 22 13
48: 32 22 8 18 2 10 24 4 35 37 13 11 27 46 29 23 47 5 30 48 1 50 25 14 33 40 39 42 43 20 34 19 6 45 3 12 49 44 21 26 28 38 17 9 16 15 41 36 7 31
49: 11 37 29 22 36 15 17 39 33 43 32 7 42 13 8 28 3 19 9 48 40 26 41 49 20 47 5 25 35 21 50 23 6 24 27 16 45 44 30 10 2 12 31 1 34 38 18 14 4 46
50: 38 9 18 11 40 35 25 39 13 30 47 32 5 1 23 22 29 43 45 4 3 8 21 19 2 49 16 44 15 6 36 41 20 48 42 10 46 26 31 28 27 17 37 34 33 12 50 24 14 7
1: 7 29 35 3 38 45 28 6 22 8 48 47 33 40 32 4 46 21 31 5 2 26 42 11 30 37 18 14 27 10 9 49 19 50 23 16 39 34 15 43 25 12 13 24 1 20 36 41 44 17
2: 24 25 44 17 39 4 20 5 26 47 19 37 6 48 2 50 41 40 32 38 23 15 14 11 29 8 34 18 43 49 45 42 28 12 10 1 3 30 22 35 7 9 13 31 27 16 36 33 21 46
3: 2 41 32 45 33 42 23 49 39 10 25 18 17 14 4 31 9 46 35 6 50 24 15 20 21 12 13 44 47 1 43 34 36 48 27 5 40 37 29 8 11 16 7 38 30 19 28 3 26 22
4: 43 47 16 26 45 29 13 42 19 23 34 50 10 1 9 15 24 40 2 21 12 44 14 22 6 46 49 48 37 38 8 33 7 4 35 11 20 36 30 32 17 31 5 41 39 28 18 27 3 25
5: 46 47 36 9 14 6 30 3 44 1 19 26 32 48 4 21 42 38 11 28 40 34 45 16 22 50 23 37 41 5 35 20 39 25 43 49 24 2 18 27 12 8 15 7 10 31 13 17 33 29
6: 45 15 13 34 19 41 5 48 12 31 16 29 20 33 1 2 10 4 28 3 17 39 49 46 47 37 23 42 40 6 50 8 36 25 35 30 32 14 11 22 7 18 21 26 27 9 43 44 38 24
7: 23 28 47 2 32 50 38 8 9 34 39 15 20 5 42 13 41 17 44 1 29 19 26 46 25 21 31 7 6 40 18 14 36 4 48 12 33 11 10 37 35 22 27 24 3 16 49 45 43 30
8: 40 12 10 33 19 11 23 20 48 45 43 9 26 31 3 39 25 42 4 30 17 18 22 21 2 28 6 14 34 49 37 27 5 29 7 41 46 32 47 35 8 24 13 44 50 36 38 15 1 16
9: 32 24 19 49 45 22 43 6 20 21 33 34 16 11 28 26 13 23 37 42 27 3 44 9 25 30 46 8 29 48 12 2 41 39 18 10 40 17 7 14 31 1 15 47 5 38 36 35 4 50
10: 49 48 27 26 23 6 31 46 44 5 50 1 45 12 42 25 41 33 39 13 30 2 47 22 21 11 24 10 9 18 40 19 3 29 16 20 28 8 43 36 4 7 38 14 34 35 17 32 15 37
11: 37 44 20 22 13 11 8 33 32 29 1 45 2 26 12 6 27 25 41 34 28 10 5 14 4 48 35 21 50 7 46 9 17 19 47 49 3 16 42 38 40 39 31 15 23 36 24 43 18 30
12: 36 30 41 16 35 25 18 10 4 47 43 39 9 40 45 2 20 15 19 17 33 38 44 24 3 1 5 50 26 13 14 42 6 28 46 32 11 21 7 8 29 48 27 31 37 12 23 49 34 22
13: 40 7 3 11 33 28 39 10 31 14 43 21 24 42 48 8 30 4 15 41 1 16 29 44 32 6 34 47 13 36 22 23 46 20 38 25 50 37 2 26 49 18 5 19 27 17 35 12 45 9
14: 35 9 7 24 39 5 26 18 17 34 6 46 44 48 43 14 3 10 2 4 45 25 11 8 32 30 36 29 40 37 42 28 15 50 47 31 33 20 21 13 19 38 41 49 16 12 27 22 1 23
15: 16 43 26 20 7 49 11 27 33 14 47 2 42 32 38 46 29 13 44 6 17 37 23 9 10 36 40 41 19 48 30 1 21 45 4 22 8 3 18 15 12 50 28 24 31 34 39 35 5 25
16: 9 8 40 38 7 28 22 44 43 37 21 48 3 20 16 33 13 1 12 35 45 36 18 4 24 23 11 46 15 10 14 50 19 25 39 27 2 32 31 29 41 6 30 49 34 47 42 26 5 17
17: 34 39 45 5 49 24 16 25 46 13 47 21 22 41 40 30 28 4 9 29 18 14 31 20 12 23 8 32 2 19 7 17 10 33 42 36 1 38 37 6 26 15 43 27 48 44 35 3 11 50
18: 1 6 3 4 13 28 43 10 36 34 44 26 38 33 50 18 41 46 37 32 5 16 23 39 30 12 48 9 21 11 29 8 35 45 47 49 20 2 24 27 7 40 31 19 42 15 22 14 25 17
19: 4 35 34 37 38 49 17 12 16 1 33 30 7 48 9 39 10 6 41 14 27 45 47 29 42 40 50 28 22 20 11 43 13 2 44 46 24 36 23 21 3 18 32 8 25 15 19 31 5 26
20: 40 10 31 3 4 50 45 2 8 41 1 48 35 26 37 22 7 15 43 18 46 49 5 34 21 24 44 28 32 42 11 9 27 29 16 14 39 23 17 12 25 36 33 20 19 38 47 13 6 30
21: 50 8 29 31 26 3 16 38 37 32 33 12 34 44 42 20 17 11 19 1 7 5 47 18 14 39 40 43 24 21 45 2 6 35 10 49 36 15 48 46 30 23 22 4 41 27 9 13 25 28
22: 7 36 29 6 41 34 47 14 15 3 9 43 27 50 30 4 44 24 12 13 45 10 20 42 48 38 23 31 26 19 39 22 1 28 40 32 49 17 33 37 46 11 25 5 35 21 16 18 2 8
23: 46 34 37 42 2 45 13 48 38 39 16 4 32 49 20 6 30 41 47 28 27 26 11 24 50 3 33 18 10 15 22 35 29 36 23 5 8 7 12 17 43 9 31 21 40 19 44 25 1 14
24: 47 21 23 26 34 38 5 29 15 33 39 7 40 49 46 24 28 9 4 30 44 22 18 12 35 17 14 8 1 45 48 41 32 3 20 36 16 2 19 11 37 10 43 50 42 13 25 31 27 6
25: 38 1 11 24 26 4 37 27 15 3 25 6 41 47 35 43 28 13 36 45 5 18 49 7 17 12 31 44 33 22 32 30 29 14 21 20 34 10 19 16 39 50 8 48 42 9 23 40 46 2
26: 14 18 40 41 9 30 43 5 34 3 1 24 4 42 50 23 47 15 36 44 29 22 28 16 38 39 21 35 26 7 31 33 13 27 48 19 6 12 46 8 32 2 17 11 20 45 37 10 49 25
27: 13 26 24 43 33 4 20 12 46 47 32 34 40 25 15 14 39 23 50 22 21 16 2 42 45 5 37 35 38 30 19 18 10 27 1 6 49 48 7 44 17 9 29 3 31 11 8 28 36 41
28: 4 30 48 20 34 36 24 35 27 14 10 47 5 46 41 1 33 11 8 45 31 26 23 2 19 6 13 43 21 12 49 39 37 28 25 17 16 9 18 40 32 44 38 15 42 29 22 50 7 3
29: 2 1 42 9 7 3 41 48 12 36 16 20 44 37 34 22 8 17 23 47 13 10 40 24 19 43 25 46 11 28 35 33 50 14 6 18 5 27 4 49 31 15 45 38 21 30 26 29 39 32
30: 36 41 33 34 15 11 31 6 9 18 48 8 28 42 16 45 10 20 14 35 39 44 26 21 13 19 27 7 23 30 38 3 32 4 40 2 17 46 1 5 12 43 47 37 22 24 25 50 49 29
31: 50 26 17 40 44 36 9 18 20 37 23 21 1 46 42 13 8 2 38 35 15 7 32 34 4 48 12 29 3 39 33 27 47 6 41 31 49 10 45 24 43 11 30 25 5 28 19 16 22 14
32: 28 27 16 48 11 45 41 14 21 13 22 10 23 33 31 46 26 38 29 50 4 20 1 24 17 5 9 36 7 44 3 37 32 40 35 2 49 39 42 34 8 43 30 18 6 47 19 12 25 15
33: 1 14 12 3 10 45 7 19 39 20 35 30 8 44 4 21 22 23 42 16 41 31 40 28 25 32 26 6 37 13 48 34 33 18 47 43 11 15 49 50 17 2 27 36 38 29 5 9 24 46
34: 37 40 12 5 4 29 38 25 26 28 49 24 14 19 18 44 16 7 6 21 34 41 8 45 47 10 35 48 32 31 20 23 46 33 39 43 13 11 27 22 36 15 42 9 50 3 2 30 1 17
35: 21 3 13 34 18 1 22 11 42 33 44 28 8 35 27 38 15 30 39 29 40 41 36 48 47 24 50 49 17 12 23 9 43 7 46 2 6 26 4 37 5 32 10 20 45 16 25 31 19 14
36: 40 35 39 22 3 1 17 5 43 32 15 29 37 12 14 48 31 16 7 13 44 9 26 19 41 2 20 18 27 21 36 30 45 8 33 46 10 50 28 4 38 23 47 24 6 42 49 25 11 34
37: 6 16 37 43 11 2 49 42 8 47 31 24 36 26 35 29 44 38 19 33 15 23 28 50 1 12 18 10 41 20 21 7 13 14 46 22 34 32 39 48 25 40 30 3 45 17 27 4 5 9
38: 35 27 33 10 5 47 3 23 12 6 22 41 46 50 38 21 48 13 30 31 15 45 37 39 4 28 16 19 11 17 9 14 18 40 44 7 29 24 42 26 1 34 43 2 20 49 8 32 36 25
39: 40 24 37 43 20 34 46 19 30 27 10 31 35 8 18 15 49 3 6 32 29 33 1 16 2 39 44 38 13 14 5 45 17 28 12 42 26 11 22 41 36 4 48 47 9 23 21 50 7 25
40: 22 46 39 30 18 20 12 44 19 34 15 2 35 32 28 43 6 41 10 21 40 45 48 50 9 11 49 33 1 31 8 47 7 23 38 25 37 42 16 17 14 5 4 29 13 26 27 24 36 3
41: 5 43 3 29 10 34 37 42 31 2 16 15 46 33 19 6 40 49 28 32 35 7 20 18 50 9 45 30 47 22 4 41 17 24 13 8 39 21 11 1 36 27 12 26 38 23 44 14 48 25
42: 16 23 46 13 37 38 1 28 7 18 26 21 44 3 43 4 24 25 14 19 42 10 22 30 31 41 47 34 15 17 8 40 49 11 29 48 35 50 6 9 27 5 12 36 33 45 2 32 20 39
43: 36 15 38 23 42 7 2 20 1 22 45 34 14 17 4 33 30 24 21 40 3 37 25 47 27 5 48 13 12 18 11 28 41 35 8 50 26 49 10 16 43 31 6 44 9 39 46 19 32 29
44: 29 31 24 43 34 11 18 25 19 42 23 21 39 41 8 35 36 4 3 5 44 6 27 37 32 17 46 7 49 20 2 38 15 10 12 48 28 1 26 47 33 40 45 50 9 14 13 22 16 30
45: 36 3 20 23 19 47 26 41 29 25 46 27 48 30 21 50 17 49 2 18 44 5 8 32 43 14 10 13 24 45 6 31 33 9 16 35 42 1 40 12 11 15 28 38 7 37 4 22 34 39
46: 16 49 40 23 29 13 31 21 22 48 42 8 34 12 7 38 30 43 45 5 35 25 37 10 41 3 19 11 26 33 46 44 15 27 47 39 20 36 6 9 4 18 32 50 1 24 2 17 14 28
47: 24 29 1 42 4 28 18 5 8 11 17 47 49 34 10 48 35 40 16 37 33 13 45 46 21 3 44 2 14 32 20 27 39 22 43 26 38 23 7 12 25 50 15 6 31 30 9 41 19 36
48: 15 50 34 17 16 49 4 19 33 40 31 13 7 32 44 27 47 6 43 24 9 25 41 23 5 36 29 38 22 20 46 11 10 37 26 42 39 1 14 21 28 35 18 48 12 30 45 8 3 2
49: 20 31 8 40 13 47 29 32 46 49 45 21 4 19 7 48 9 26 41 28 14 39 36 11 12 24 15 44 1 43 17 34 22 25 5 10 2 16 27 35 50 30 38 23 6 33 37 3 42 18
50: 21 13 41 12 44 10 24 50 42 47 23 28 19 45 29 30 40 46 8 35 25 14 18 9 17 33 4 7 16 32 39 36 11 20 22 26 49 43 38 27 5 1 31 3 2 6 48 37 15 34
