50 50
1: 26 38 20 4 19 1 41 30 23 37 28 35 33 48 39 5 49 3 42 15 9 47 22 46 27 24 21 43 29 36 18 2 34 25 7 45 40 16 32 31 12 8 50 14 44 13 11 10 6 17
2: 34 36 12 29 10 27 50 46 23 40 30 44 21 32 41 35 16 49 2 24 13 20 31 37 11 18 39 14 8 48 45 22 17 7 5 47 26 33 43 9 15 25 19 3 38 28 6 42 1 4
3: 9 1 21 33 4 28 32 25 13 36 45 3 11 26 50 29 37 15 22 38 27 40 16 30 7 18 24 48 23 6 10 17 31 35 19 39 12 46 34 49 44 5 47 43 2 41 14 42 8 20
4: 7 1 50 38 37 16 21 36 10 29 13 19 9 15 4 24 39 41 28 26 45 40 34 2 25 31 12 17 32 30 46 8 23 22 33 27 11 3 44 48 35 14 49 18 20 42 5 47 6 43
5: 32 8 18 2 40 49 27 4 24 21 41 25 23 44 6 45 35 48 26 12 13 31 39 29 47 7 42 22 37 1 3 11 50 34 43 20 16 14 19 5 15 33 9 46 17 28 38 10 30 36
6: 24 34 11 37 20 46 6 43 42 33 47 9 22 10 49 41 44 39 15 27 35 19 26 28 31 3 25 16 5 29 48 4 50 1 14 18 8 23 40 12 38 30 17 7 32 21 36 13 45 2
7: 45 26 24 12 50 13 31 22 38 27 19 46 42 20 32 2 39 6 21 10 48 28 35 29 16 17 36 1 11 18 49 33 25 40 41 30 14 34 43 47 23 9 37 44 7 3 4 15 8 5
8: 19 3 41 25 20 6 23 42 44 7 35 30 50 11 1 46 47 45 2 38 10 32 12 9 43 14 8 16 15 33 26 22 17 48 36 40 13 27 21 34 18 28 31 29 49 4 24 5 39 37
9: 48 33 1 28 16 8 13 44 47 23 27 25 7 22 21 34 43 17 40 11 12 26 35 38 37 36 41 9 50 5 31 42 6 39 19 24 4 32 49 45 30 3 29 15 46 10 2 14 20 18
10: 14 27 50 24 1 25 20 38 12 19 34 31 4 13 11 17 26 23 29 36 43 42 46 47 33 21 6 49 37 15 5 48 41 28 32 40 39 2 9 30 18 44 35 8 3 7 22 45 10 16
11: 35 31 16 49 40 2 14 24 11 21 46 22 1 4 7 10 12 42 30 33 20 27 26 48 32 37 29 25 38 18 15 36 44 41 9 6 39 23 47 5 3 34 45 17 19 13 28 50 8 43
12: 7 2 9 23 22 49 10 6 45 18 17 8 24 43 31 32 33 35 15 29 19 5 11 46 38 4 26 50 3 34 21 20 44 13 37 41 40 25 12 36 1 42 39 47 48 30 27 16 14 28
13: 10 9 7 21 16 1 46 13 8 14 24 39 34 2 40 11 45 37 26 43 33 6 30 3 38 15 5 41 17 50 25 44 20 18 35 27 32 48 31 42 49 23 29 36 19 12 28 4 22 47
14: 33 14 21 41 7 40 18 50 11 3 15 44 38 16 10 36 35 37 47 46 23 17 43 24 29 1 31 13 48 27 19 32 22 5 8 39 26 12 9 34 45 2 4 42 49 25 28 30 20 6
15: 39 49 28 24 40 36 15 2 31 33 23 50 18 47 7 41 34 46 11 26 8 32 30 19 43 35 48 38 21 37 25 29 14 1 44 5 22 20 10 9 3 27 17 4 16 13 6 42 12 45
16: 32 34 14 31 25 20 19 17 46 8 4 47 41 18 33 30 5 50 35 24 43 6 13 37 3 45 27 29 2 44 22 42 48 7 21 11 15 26 39 36 23 9 28 40 38 12 10 16 49 1
17: 11 42 34 5 19 50 38 45 9 16 31 49 44 4 39 22 43 17 13 47 32 35 24 2 1 10 36 26 29 12 20 30 14 27 33 7 21 18 37 6 23 40 3 46 28 41 8 15 48 25
18: 8 2 1 27 22 5 37 43 42 3 31 24 29 13 44 26 25 48 21 50 47 19 38 45 20 17 9 6 23 16 40 32 4 11 33 46 14 28 41 49 39 36 30 7 18 34 35 10 15 12
19: 36 22 24 35 17 37 29 49 34 25 32 42 43 18 20 11 39 1 19 28 7 12 30 21 6 31 4 3 9 33 26 23 13 46 45 44 15 16 47 8 50 5 48 2 38 41 14 10 40 27
20: 38 33 10 17 2 35 45 13 34 29 43 6 24 4 41 7 36 30 12 23 44 21 18 31 27 47 39 49 32 3 42 26 9 20 40 50 25 28 8 14 22 48 46 16 15 19 5 37 11 1
21: 45 27 35 10 23 34 44 16 22 36 43 2 9 17 30 4 26 11 1 18 48 41 50 24 42 5 15 49 8 37 38 20 46 13 40 12 31 6 19 29 33 39 47 7 32 25 21 28 3 14
22: 24 13 14 40 22 9 46 43 42 6 47 30 29 17 3 45 21 4 7 39 12 36 26 33 23 48 37 35 5 1 49 2 34 10 32 11 50 44 19 15 25 28 16 38 27 31 8 20 18 41
23: 1 26 37 14 39 12 19 45 46 50 25 31 38 30 27 44 47 3 18 33 29 20 24 10 22 6 48 43 21 8 4 7 15 40 13 5 23 28 42 36 41 9 2 34 32 11 17 16 49 35
24: 13 8 23 18 28 24 36 3 45 14 10 29 47 27 37 5 16 33 34 12 46 41 7 6 17 4 11 35 20 25 48 44 50 1 43 21 22 49 42 9 19 15 39 26 2 32 38 40 31 30
25: 29 37 11 15 20 30 32 26 4 18 9 23 42 45 10 47 49 1 46 36 33 12 38 22 24 7 3 19 8 31 21 5 28 27 41 6 35 34 50 16 13 17 48 2 14 25 43 39 40 44
26: 14 15 23 31 39 47 34 46 38 2 41 19 3 12 16 48 36 11 17 26 43 50 22 29 35 20 5 30 27 45 25 28 32 40 44 4 9 8 49 10 33 18 13 1 6 21 7 24 42 37
27: 25 30 17 46 48 41 12 3 42 9 26 14 44 13 20 18 29 24 32 40 45 28 11 4 33 7 21 27 22 19 2 5 15 49 6 36 8 43 16 37 38 34 23 31 47 50 10 1 39 35
28: 47 7 37 40 46 36 33 38 3 6 2 18 4 24 30 28 8 31 17 25 19 13 35 10 15 5 50 45 44 43 29 14 20 12 42 16 11 48 32 39 27 21 9 49 34 1 23 26 22 41
29: 9 44 30 49 43 17 20 34 50 24 35 31 11 29 22 45 5 4 14 40 28 25 1 2 36 26 16 18 8 32 3 41 48 39 47 46 19 13 7 27 23 42 12 6 15 10 37 21 38 33
30: 31 38 22 25 26 23 18 40 10 12 46 24 4 17 48 20 39 35 14 2 16 19 44 50 34 33 43 3 37 30 5 15 49 9 47 45 7 13 36 28 42 21 41 1 11 29 6 32 8 27
31: 27 38 12 28 30 34 25 32 11 47 29 41 43 7 37 40 2 4 48 22 45 17 42 10 26 50 19 39 14 36 5 1 33 20 49 23 15 21 9 13 24 46 8 44 31 18 6 16 3 35
32: 21 43 10 16 44 7 32 50 14 30 19 5 9 1 18 3 25 39 24 2 6 17 23 37 29 48 47 11 33 12 46 35 28 34 41 20 36 49 13 31 22 40 38 15 8 26 45 27 4 42
33: 19 17 24 18 14 36 26 48 31 11 8 1 20 9 3 13 22 39 12 21 40 44 35 45 30 10 47 7 50 28 46 4 43 6 16 33 5 38 32 34 49 23 2 27 42 25 29 41 15 37
34: 16 42 28 26 32 6 30 24 12 36 35 7 9 19 41 29 21 3 40 38 39 37 1 46 25 22 49 2 8 11 20 45 27 10 44 18 34 47 17 4 43 48 15 23 13 14 50 31 5 33
35: 23 43 34 36 1 38 15 41 26 25 21 4 22 30 2 50 32 5 18 11 24 6 42 49 9 16 33 14 39 20 3 7 13 19 44 47 17 27 45 31 12 37 35 8 28 40 46 48 29 10
36: 50 42 21 18 9 38 46 15 28 40 20 44 34 5 17 11 2 41 29 16 30 43 6 47 45 14 8 48 39 7 49 1 36 22 31 35 12 32 25 3 26 27 13 33 37 24 4 19 23 10
37: 33 37 30 44 7 36 8 15 29 42 1 39 28 41 22 35 17 16 14 20 38 47 43 10 32 6 23 5 3 26 49 31 25 48 2 50 40 27 34 46 19 4 11 12 45 21 24 13 9 18
38: 33 35 49 1 14 25 6 10 2 20 40 42 27 36 16 37 41 12 21 28 46 31 43 15 9 17 5 29 32 18 26 23 7 24 30 3 34 48 13 47 45 44 38 22 8 19 39 50 11 4
39: 45 17 48 50 21 18 40 5 4 13 37 32 49 39 33 1 27 20 12 7 10 44 30 28 6 36 47 2 46 14 15 35 19 22 43 34 24 16 42 25 3 26 38 11 31 9 8 29 23 41
40: 9 5 8 14 1 28 35 30 7 46 47 36 31 11 20 39 21 44 29 3 18 45 43 27 24 15 48 49 19 50 34 32 2 10 38 17 12 22 16 33 25 13 23 41 42 40 6 37 4 26
41: 28 6 13 29 4 32 42 40 15 33 44 21 45 41 18 50 27 49 7 5 46 16 12 31 19 39 26 22 37 48 8 24 34 38 35 25 11 47 9 10 1 43 3 17 20 30 36 14 23 2
42: 29 47 17 26 31 44 32 23 13 34 1 43 20 7 11 37 14 36 30 12 28 33 42 19 41 18 46 3 9 16 25 22 6 24 15 45 50 10 8 4 48 49 27 5 21 35 39 40 38 2
43: 14 30 24 42 3 18 28 15 49 29 36 27 1 16 7 8 33 17 43 31 5 11 2 38 50 32 48 40 35 9 20 19 10 45 12 44 21 6 41 37 13 47 46 25 26 4 39 34 23 22
44: 1 9 17 32 19 13 24 43 33 14 50 21 20 23 12 41 7 22 35 46 47 31 48 2 34 49 28 38 15 6 27 42 29 30 11 45 44 3 37 26 25 40 8 39 16 10 36 4 5 18
45: 39 42 48 45 36 11 5 25 44 22 12 29 20 7 31 18 8 50 14 32 38 47 34 26 3 10 46 16 43 9 19 21 28 6 49 15 35 41 2 27 37 24 23 40 1 17 4 33 13 30
46: 10 24 44 32 38 15 46 21 50 8 18 11 6 12 41 2 7 47 9 30 37 1 45 40 4 35 26 13 48 20 5 14 19 31 3 27 36 39 29 43 49 34 22 28 25 16 33 23 17 42
47: 13 3 27 8 47 28 48 29 4 46 5 19 6 44 2 10 15 36 49 12 43 37 35 22 25 11 7 23 20 42 24 9 33 50 31 18 30 38 14 45 17 1 41 40 39 34 21 26 32 16
48: 39 27 29 9 21 42 4 2 47 49 20 7 18 33 31 11 26 50 38 45 41 48 43 16 30 14 40 15 8 28 34 6 3 23 19 35 12 32 5 24 25 17 46 22 37 10 13 36 1 44
49: 15 10 41 21 27 1 30 47 43 7 24 32 38 12 50 48 23 9 42 37 6 28 22 35 31 26 13 11 45 40 34 4 18 44 46 20 8 2 39 36 14 3 25 49 16 17 33 5 29 19
50: 41 47 37 27 46 24 14 45 15 2 42 35 8 40 12 28 48 7 38 43 31 20 13 29 6 36 22 30 11 9 3 32 23 5 25 10 19 33 1 50 18 21 16 49 39 26 44 34 17 4
1: 37 36 22 46 34 41 2 47 6 18 50 27 5 16 7 17 21 24 1 10 26 9 19 42 29 25 3 35 20 45 33 31 49 12 38 15 39 30 44 40 32 8 28 48 43 14 11 4 23 13
2: 19 1 49 24 6 4 17 32 29 15 10 9 26 11 35 45 42 30 33 23 22 40 12 18 43 20 21 39 8 14 41 2 7 28 50 3 36 34 37 46 38 44 47 25 27 5 31 48 16 13
3: 45 8 1 14 31 22 17 10 27 26 49 23 20 46 44 6 24 41 33 13 18 34 40 47 37 50 7 32 48 3 2 42 19 25 38 29 35 21 39 28 30 43 16 9 4 11 5 36 12 15
4: 14 32 42 18 47 39 22 36 43 50 33 24 27 2 20 10 38 21 48 11 4 40 9 44 28 29 35 30 7 12 1 49 34 37 8 46 3 31 45 6 13 41 5 15 16 19 26 17 25 23
5: 19 38 47 26 29 22 30 20 21 10 16 46 8 25 4 24 2 36 48 23 50 14 7 1 13 45 34 40 43 11 6 3 42 32 49 39 35 9 15 12 18 5 33 17 27 44 28 31 41 37
6: 35 20 15 18 9 10 45 44 8 33 42 27 40 7 28 16 22 30 24 26 29 23 3 31 36 50 2 49 19 37 1 11 25 39 5 48 12 46 38 14 47 17 6 13 4 32 41 34 21 43
7: 10 35 26 3 46 27 9 32 44 19 5 14 41 7 18 42 16 33 49 43 29 13 37 2 4 25 40 12 24 30 34 45 36 11 28 6 31 1 23 38 50 47 22 39 20 15 21 8 17 48
8: 42 33 41 12 15 24 9 47 25 30 44 20 1 13 26 6 36 2 5 50 10 40 18 23 16 35 17 8 19 32 3 4 49 38 14 29 28 46 27 37 31 22 21 7 48 39 43 45 34 11
9: 22 25 38 42 34 23 44 12 8 39 19 40 46 28 11 29 7 10 17 4 14 31 37 27 36 26 13 1 15 3 50 21 41 16 18 43 2 47 24 32 30 9 35 48 33 5 6 45 49 20
10: 49 11 28 17 22 34 48 20 27 23 32 37 16 19 13 36 1 18 41 40 38 46 5 14 33 47 6 44 31 3 7 24 4 21 30 8 50 15 26 9 2 10 25 12 45 42 35 39 43 29
11: 38 42 10 5 12 39 18 46 47 27 30 32 26 7 17 15 48 3 45 40 9 33 29 23 37 43 1 19 16 6 22 25 11 31 2 14 24 28 21 36 49 50 20 35 13 8 41 34 44 4
12: 5 37 39 35 43 12 9 33 38 22 7 18 34 49 3 29 20 30 46 17 1 21 19 25 6 16 32 41 23 42 28 48 31 11 36 27 45 26 4 15 44 24 14 2 8 10 40 13 47 50
13: 34 29 21 28 6 12 45 5 7 32 36 33 4 41 2 3 26 24 37 49 35 9 14 27 30 23 44 15 50 40 8 31 20 1 11 38 16 25 42 13 10 39 19 17 22 43 48 47 46 18
14: 43 10 44 14 28 19 25 45 50 21 5 32 26 20 8 49 47 22 24 1 37 9 46 33 3 13 41 40 35 27 6 17 2 7 15 39 12 31 16 18 30 4 38 29 34 48 23 36 42 11
15: 19 3 16 48 11 21 23 38 47 33 2 41 40 50 25 34 24 9 12 22 28 32 5 26 4 29 7 10 49 6 13 27 17 15 37 14 18 20 35 30 31 45 36 44 8 1 43 39 46 42
16: 10 28 49 11 50 38 6 23 46 7 31 30 14 45 17 36 43 48 44 5 19 42 47 13 3 22 8 25 18 2 29 33 24 26 39 16 34 15 27 35 4 40 21 9 37 1 32 41 12 20
17: 3 4 17 44 28 47 31 10 22 5 16 49 29 6 33 2 39 40 26 8 18 13 32 38 45 46 43 1 35 11 30 23 9 24 42 48 37 7 27 50 21 34 15 20 36 14 25 19 41 12
18: 24 28 29 7 39 41 49 16 20 32 22 4 15 50 19 45 2 30 25 9 27 6 34 3 11 38 37 23 44 10 43 17 21 1 46 12 18 36 8 33 31 13 42 5 35 48 47 40 14 26
19: 14 22 24 16 39 34 28 48 18 25 1 2 44 8 5 40 30 9 15 38 45 20 35 41 19 49 31 42 50 43 12 7 17 26 13 47 29 6 3 11 10 32 46 33 27 23 21 4 36 37
20: 46 34 37 4 38 5 14 16 20 31 49 43 3 45 41 23 30 27 1 32 9 22 6 50 11 42 21 29 25 15 2 7 40 12 33 24 36 18 48 13 10 8 47 39 44 17 19 35 28 26
21: 8 46 37 11 17 20 6 19 22 10 29 21 13 50 41 43 1 33 45 34 25 36 14 12 32 9 42 4 24 35 15 3 44 40 7 16 27 48 18 23 5 49 39 38 2 47 28 26 31 30
22: 43 41 50 21 12 42 27 47 37 24 33 38 19 44 1 29 3 35 32 36 45 18 16 8 40 49 46 26 6 13 4 15 48 10 9 23 17 34 31 7 11 30 25 14 20 39 22 5 2 28
23: 23 46 39 31 42 40 2 38 22 21 18 25 36 10 15 50 19 34 4 20 12 24 7 27 32 48 28 13 44 35 5 29 1 43 11 45 47 9 26 3 33 6 49 30 41 17 14 37 16 8
24: 49 22 40 11 5 30 18 24 1 15 13 26 46 29 7 2 16 9 19 31 44 6 35 14 47 36 28 37 48 3 23 38 10 33 50 43 21 4 34 45 27 25 20 8 17 39 41 42 32 12
25: 7 44 22 21 17 23 27 5 2 18 13 11 38 39 28 46 49 40 41 20 3 8 24 37 47 34 14 15 1 10 33 45 43 29 6 48 9 35 42 26 50 36 16 12 25 31 4 32 30 19
26: 48 29 14 50 33 43 27 28 4 40 34 32 3 17 39 31 9 22 46 41 11 37 7 26 38 19 44 10 13 5 8 16 18 47 42 20 24 23 21 49 36 25 45 2 12 1 35 15 30 6
27: 3 28 44 7 9 32 49 36 2 50 21 8 42 17 26 19 24 37 39 4 15 11 20 18 45 31 13 1 38 41 6 14 12 43 29 27 23 34 30 5 40 22 16 48 46 35 10 47 33 25
28: 48 49 13 9 45 42 8 17 3 6 20 28 2 44 38 46 33 5 29 34 23 36 15 18 32 37 25 39 19 47 24 40 41 4 35 7 21 31 30 26 43 27 16 12 22 1 10 14 50 11
29: 9 4 39 41 40 20 12 34 16 2 23 8 30 33 25 10 48 42 1 18 36 44 24 15 46 11 29 32 43 13 27 28 26 5 35 17 37 38 31 3 47 14 22 21 45 7 6 19 49 50
30: 34 45 24 37 5 30 39 40 7 35 10 12 41 17 49 47 44 8 20 16 50 19 6 38 27 26 31 4 32 42 28 23 9 21 36 33 43 11 14 2 48 3 1 25 22 46 15 13 18 29
31: 26 40 28 41 27 49 31 12 19 16 42 37 32 44 21 39 9 11 13 14 47 33 23 38 8 10 18 36 4 43 46 29 45 35 1 22 2 34 25 5 20 15 30 6 17 50 48 3 24 7
32: 44 43 31 12 17 1 16 6 28 8 26 3 22 7 2 19 25 29 10 39 9 32 21 13 47 14 11 24 41 48 18 46 27 34 30 40 38 50 15 4 37 45 36 5 23 35 49 20 42 33
33: 20 40 48 31 50 4 17 11 15 25 39 28 27 6 30 14 5 45 2 33 18 35 21 19 12 8 22 44 42 9 34 23 32 7 10 16 36 37 46 24 3 29 13 26 43 41 49 1 38 47
34: 9 6 12 40 26 47 41 14 20 45 21 18 34 22 33 23 17 32 13 48 1 7 50 3 44 24 27 36 30 4 35 49 15 10 11 43 25 16 28 39 31 2 46 29 38 5 42 37 8 19
35: 43 28 20 25 17 50 30 44 40 6 49 34 42 19 11 31 45 22 26 24 32 9 46 2 21 18 36 8 37 14 39 12 7 29 41 38 3 5 16 4 35 27 1 47 23 10 13 33 15 48
36: 46 48 23 12 10 14 27 42 18 31 7 41 9 38 36 35 13 37 17 11 5 30 40 2 28 8 22 1 20 47 50 33 15 39 4 29 19 26 49 44 3 16 25 6 24 21 32 34 45 43
37: 19 24 5 46 28 43 22 49 20 10 44 47 1 8 29 31 12 41 37 25 18 4 42 26 38 30 48 13 27 21 23 2 6 17 32 40 14 7 35 11 3 9 39 50 16 45 36 34 33 15
38: 30 40 13 15 9 8 11 10 19 34 3 26 18 6 25 1 20 47 49 37 28 32 17 24 36 42 43 5 27 23 4 46 2 12 31 16 45 21 38 44 35 50 14 33 41 7 39 48 22 29
39: 27 1 29 5 21 32 12 17 49 26 23 44 31 3 50 42 36 43 37 14 7 38 25 33 20 40 41 47 8 13 35 48 2 4 19 45 22 9 28 15 24 11 16 34 46 18 39 10 6 30
40: 42 40 13 6 19 8 1 20 11 29 43 49 12 9 50 25 10 39 3 44 41 2 33 48 28 22 34 32 26 37 18 31 38 24 47 21 45 15 23 30 46 7 35 16 27 14 5 36 17 4
41: 11 38 1 14 23 12 37 41 18 21 25 46 7 48 27 4 50 13 2 24 17 20 8 5 45 30 15 33 9 39 44 28 47 36 43 40 32 22 26 19 35 3 6 34 16 42 10 29 31 49
42: 37 7 30 47 4 38 34 16 42 22 50 1 8 41 44 49 24 35 32 18 33 3 45 46 17 26 29 31 21 20 28 19 39 10 25 27 15 6 43 2 40 14 13 9 36 48 11 23 12 5
43: 48 9 37 7 13 33 50 26 25 28 20 11 49 34 47 27 41 19 14 23 36 42 30 15 3 1 44 5 10 6 45 21 35 32 24 17 40 38 2 31 39 46 12 43 16 22 18 8 4 29
44: 16 17 30 45 15 38 29 3 33 48 11 50 37 8 7 13 42 24 23 12 40 46 35 10 19 49 31 1 5 43 14 47 27 21 20 39 28 26 36 18 9 4 32 25 34 44 2 41 6 22
45: 34 28 22 43 12 31 27 37 50 24 16 8 42 15 36 2 48 30 17 40 6 39 3 14 26 23 1 4 38 32 5 44 11 29 25 35 45 13 7 47 20 41 9 33 49 19 10 46 18 21
46: 4 33 22 20 23 32 13 44 17 41 35 38 46 36 21 10 3 31 9 11 16 18 48 26 30 1 42 29 27 24 49 47 2 50 19 45 12 25 15 43 28 37 14 39 7 8 40 6 5 34
47: 44 47 34 26 43 11 4 21 25 5 32 7 39 28 33 13 49 16 46 29 12 48 37 35 42 14 41 8 31 1 9 3 19 45 2 30 23 38 40 22 24 18 50 20 10 27 17 36 15 6
48: 12 1 27 3 17 40 14 28 41 5 7 48 8 32 10 29 6 15 50 26 24 36 44 31 25 37 42 39 16 46 9 11 4 49 43 30 21 20 19 2 22 38 18 45 35 33 23 47 34 13
49: 38 3 40 1 23 43 12 27 46 35 37 45 48 13 47 29 20 50 10 4 16 6 11 49 21 28 5 7 8 44 42 25 26 34 41 31 18 9 14 32 33 30 36 22 17 39 19 15 2 24
50: 40 22 20 27 34 42 24 2 25 41 4 13 21 50 5 19 36 16 1 45 47 48 18 49 7 14 10 38 11 30 32 15 6 28 9 43 33 31 35 46 8 39 37 44 3 29 23 26 17 12
