50 50
1: 9 30 22 18 24 34 46 11 43 47 41 13 28 4 23 49 48 27 39 44 3 25 35 26 33 42 29 32 1 31 21 14 7 45 37 6 15 40 36 20 8 12 10 2 17 38 19 50 16 5
2: 39 24 33 30 41 32 44 6 25 17 19 49 45 37 47 13 38 35 21 29 2 14 16 31 50 43 15 18 22 36 11 9 5 7 10 12 23 48 1 34 28 46 26 20 4 42 3 27 8 40
3: 12 27 8 16 18 45 1 38 3 44 33 26 46 35 2 22 50 40 34 42 17 7 47 49 32 21 4 19 10 28 24 15 11 30 20 25 31 29 39 36 13 14 43 37 41 48 23 5 6 9
4: 1 4 6 28 8 40 35 13 21 49 46 27 17 47 37 23 11 43 22 48 25 12 33 18 7 45 10 20 5 34 16 44 3 32 39 42 36 41 30 19 38 26 50 24 2 14 31 29 15 9
5: 47 15 26 28 2 31 38 46 50 1 22 10 49 19 6 14 43 30 34 42 39 32 24 7 8 16 41 35 21 11 20 37 9 13 17 33 25 3 27 48 18 4 23 40 44 45 29 36 5 12
6: 8 48 2 44 49 35 41 6 5 24 26 16 30 17 29 21 42 37 4 7 12 36 43 46 45 18 10 19 25 28 47 20 33 14 32 31 15 34 39 22 38 3 50 27 9 23 13 11 40 1
7: 20 41 28 17 16 23 22 6 18 39 3 8 25 26 12 1 15 45 27 9 24 2 48 42 37 21 43 46 5 19 31 14 7 36 30 11 50 34 44 13 49 40 32 4 10 38 29 33 47 35
8: 31 35 14 27 44 46 37 49 12 45 21 20 50 17 13 6 9 30 22 11 29 23 39 28 42 38 24 25 16 41 4 32 33 5 34 47 48 2 18 10 40 36 15 19 1 26 3 8 7 43
9: 38 18 39 24 9 22 31 4 47 35 33 11 46 14 17 28 49 30 3 43 23 41 7 20 15 19 29 1 50 6 16 12 42 26 48 8 32 13 37 21 34 5 44 25 45 27 36 2 40 10
10: 44 42 38 13 48 45 10 32 46 39 6 7 23 15 26 41 47 49 8 14 25 34 19 21 9 43 27 3 28 12 37 16 35 18 40 31 30 2 11 36 50 17 4 1 24 29 20 33 5 22
11: 37 4 5 12 42 7 16 19 29 50 20 44 36 13 43 23 46 27 30 15 35 45 17 25 39 33 9 3 41 24 1 6 40 2 10 47 31 11 18 21 26 22 34 14 8 28 49 38 48 32
12: 35 41 44 1 22 18 40 16 13 20 12 46 33 30 25 9 2 28 26 36 45 14 5 19 21 39 23 49 3 43 17 15 48 7 8 27 24 10 38 6 42 47 32 29 50 34 37 11 4 31
13: 40 17 31 27 11 8 4 1 18 14 48 32 19 30 2 21 5 12 35 3 22 49 41 34 15 43 50 45 13 42 6 9 23 25 28 29 16 37 46 26 47 39 44 7 24 36 33 10 20 38
14: 14 4 37 16 13 27 39 28 34 40 26 32 7 44 45 29 19 25 8 12 5 49 3 38 30 47 15 24 31 36 41 2 22 1 33 50 6 9 43 11 46 17 21 48 42 20 35 23 18 10
15: 26 43 5 10 38 47 42 41 4 30 50 2 28 17 15 25 20 24 33 21 39 3 9 49 31 16 44 11 32 12 18 22 6 23 34 1 27 14 37 46 45 48 13 8 19 35 36 7 29 40
16: 37 18 44 43 40 4 29 5 36 22 28 9 33 21 12 42 3 32 1 30 39 23 38 45 19 16 24 26 27 41 6 31 7 13 50 35 10 17 2 11 20 47 8 25 15 14 49 34 48 46
17: 7 17 37 13 48 19 45 23 6 2 18 4 43 3 41 11 30 8 20 21 35 39 12 5 40 44 49 27 10 9 36 22 26 42 24 15 16 46 33 32 29 50 1 25 28 31 47 34 14 38
18: 15 28 49 7 47 26 10 27 38 9 6 43 39 5 44 41 8 25 23 19 35 42 40 2 46 12 29 14 16 1 50 34 37 32 33 22 13 45 31 48 24 3 21 20 4 11 18 17 30 36
19: 6 1 27 18 21 14 20 23 29 8 38 30 49 17 40 4 33 19 32 48 41 36 25 37 46 9 44 5 31 43 45 16 26 39 2 12 22 42 28 10 15 50 47 24 13 7 34 3 35 11
20: 2 40 14 43 8 37 10 12 5 46 22 16 28 42 19 17 49 4 24 7 6 31 21 25 32 44 47 50 20 18 29 3 27 41 36 30 15 45 35 34 33 9 26 48 13 1 39 11 38 23
21: 14 22 43 23 50 46 2 45 18 15 49 9 1 35 25 48 33 32 11 27 4 6 21 17 37 30 44 19 41 42 16 8 38 31 3 7 29 24 47 36 5 12 10 39 40 34 20 26 28 13
22: 29 26 20 44 13 23 32 9 6 28 41 3 24 18 43 2 17 1 36 33 10 5 15 22 7 48 39 4 47 11 35 42 37 16 19 31 45 25 21 38 40 50 12 30 46 14 27 34 49 8
23: 28 25 47 41 9 26 32 24 1 35 44 5 12 38 10 27 19 2 31 14 40 45 34 23 37 36 6 17 29 3 39 7 49 4 8 22 13 46 15 50 43 18 11 21 33 30 48 42 20 16
24: 37 21 41 50 49 30 46 4 7 44 28 43 14 25 15 3 11 2 13 48 34 26 8 39 47 5 29 12 31 35 1 10 45 24 6 20 23 18 9 33 38 16 32 42 40 27 19 36 17 22
25: 19 47 30 37 3 10 5 15 33 27 35 38 22 34 13 49 7 16 20 18 25 4 41 9 24 44 14 48 50 46 36 31 6 17 1 42 26 11 8 2 39 23 12 43 21 45 28 40 29 32
26: 10 39 33 1 40 50 20 18 43 24 32 30 22 47 21 7 15 23 46 48 28 3 19 13 44 9 26 11 4 14 38 42 16 27 17 45 29 34 5 36 31 35 25 8 41 12 37 2 6 49
27: 33 4 46 31 3 11 40 38 39 22 8 7 48 49 2 17 9 47 50 25 32 30 41 15 27 34 10 13 18 24 44 28 16 35 37 6 19 43 26 1 12 23 45 36 14 20 5 29 42 21
28: 41 4 50 35 32 47 44 39 8 37 27 6 2 19 5 49 3 36 15 7 10 14 28 30 43 11 18 40 24 42 13 22 12 38 17 33 45 20 25 21 26 9 34 1 46 31 16 48 29 23
29: 43 37 6 30 28 32 36 19 42 44 26 13 21 27 9 48 41 46 24 40 8 29 47 34 4 25 35 23 49 5 12 16 15 39 7 50 2 45 31 10 3 17 14 38 20 1 22 33 11 18
30: 46 23 8 25 44 35 15 9 33 41 2 14 26 29 21 11 16 34 38 6 17 28 32 31 20 3 1 49 19 18 12 43 50 13 45 10 27 30 47 7 42 36 22 37 4 39 5 40 24 48
31: 41 39 31 9 27 33 44 3 32 46 28 4 16 48 5 35 17 11 21 50 43 47 36 18 30 8 12 14 13 1 23 20 22 37 40 25 24 15 34 10 42 45 19 29 2 49 38 26 6 7
32: 33 1 24 16 41 36 48 47 39 22 34 3 14 21 40 31 23 44 38 37 12 13 35 5 10 45 30 26 9 27 50 15 29 2 49 18 11 28 8 42 43 20 7 32 17 46 4 25 6 19
33: 22 8 23 49 4 44 33 40 3 18 35 24 10 28 20 19 1 48 32 41 7 42 17 27 6 29 46 36 16 9 31 38 45 2 39 15 25 50 21 13 47 43 14 34 37 11 26 30 12 5
34: 9 49 2 6 29 43 46 16 8 13 36 28 32 5 18 30 40 12 47 11 27 10 7 44 19 39 15 35 42 48 20 37 14 38 26 23 34 22 3 25 50 1 41 17 21 45 24 4 33 31
35: 7 4 43 45 3 9 20 12 30 16 38 33 18 17 28 22 29 10 37 24 49 44 11 19 2 5 35 39 13 50 48 8 21 27 36 25 46 47 42 34 26 6 31 40 14 41 23 1 32 15
36: 37 5 20 8 18 9 45 19 17 31 27 15 10 6 40 48 28 34 47 46 30 32 22 21 25 14 38 39 44 2 1 41 16 36 26 42 35 24 23 50 43 12 49 4 7 13 33 3 29 11
37: 2 16 17 20 32 40 29 41 30 38 15 28 34 26 12 22 18 4 35 33 27 21 24 48 5 46 3 43 14 23 50 25 8 45 9 1 6 10 13 11 19 44 47 42 39 31 37 49 7 36
38: 46 30 50 29 20 40 5 17 31 43 35 42 28 13 48 4 27 36 38 16 32 2 15 39 8 10 37 47 19 23 11 3 34 6 21 24 12 44 33 1 45 18 9 22 26 7 41 49 14 25
39: 23 14 47 15 42 5 25 43 21 40 45 49 4 3 1 13 24 2 10 19 32 46 35 27 28 18 50 17 9 36 38 8 39 34 48 12 11 20 22 7 33 29 30 37 26 6 31 16 44 41
40: 23 9 10 24 21 39 16 38 6 22 18 3 31 50 37 41 28 42 8 4 48 32 19 11 1 13 12 29 27 36 43 47 33 45 40 44 7 5 25 46 2 34 49 17 35 15 20 14 30 26
41: 36 19 42 1 3 24 37 23 50 28 11 30 21 44 38 29 4 40 10 14 43 48 39 26 27 6 25 47 22 12 45 33 2 5 16 18 46 17 8 15 35 13 7 20 41 31 32 49 34 9
42: 50 21 26 7 39 3 40 1 5 23 33 24 43 19 42 12 45 30 28 31 38 14 35 22 25 37 17 4 10 34 46 29 49 16 41 27 15 6 36 32 47 11 13 48 20 18 44 9 2 8
43: 12 41 29 4 49 19 6 35 11 9 42 24 44 34 20 3 17 36 1 23 47 18 22 38 46 40 21 2 15 7 50 8 30 28 39 5 43 33 48 31 45 25 27 37 10 16 32 14 26 13
44: 2 40 5 28 31 36 8 27 44 13 23 48 32 41 30 35 21 33 20 1 19 43 15 24 16 11 26 29 46 7 39 17 18 9 49 45 47 42 12 22 50 10 3 4 25 38 34 6 37 14
45: 10 35 30 13 11 26 49 20 25 14 36 6 24 19 34 3 1 27 16 23 5 9 43 50 42 47 28 2 22 12 7 4 48 31 21 33 45 41 46 44 8 38 15 39 40 18 29 32 17 37
46: 31 9 6 3 18 30 16 33 11 7 25 36 38 24 37 19 17 15 39 46 23 41 2 8 48 35 10 50 28 44 29 40 47 22 32 21 14 1 45 27 20 4 49 26 13 43 42 34 12 5
47: 42 33 14 16 22 21 47 28 27 13 38 43 12 19 49 31 2 34 50 23 41 36 5 45 18 15 1 25 48 11 7 17 9 46 8 24 20 44 10 6 30 37 40 4 39 26 35 32 3 29
48: 35 29 4 42 40 24 26 21 7 2 48 17 25 32 27 38 8 5 23 34 14 16 3 6 37 36 11 13 10 39 46 31 19 9 20 47 50 33 1 30 45 28 22 44 15 41 43 18 49 12
49: 13 4 5 32 12 34 48 41 20 39 36 19 31 15 40 43 37 35 23 22 25 26 21 28 33 9 16 7 49 18 42 46 45 50 1 47 30 3 10 6 29 2 38 8 17 11 44 24 14 27
50: 19 42 13 18 41 30 12 6 17 34 48 16 50 31 38 28 5 23 22 21 4 47 20 35 44 45 24 26 3 15 2 37 1 10 27 25 8 29 43 36 33 14 39 9 32 49 40 46 11 7
1: 4 43 37 18 35 6 8 49 38 48 46 2 11 47 19 12 24 5 17 39 1 40 30 27 16 7 14 44 33 10 36 21 15 3 45 41 28 25 42 31 23 29 26 50 13 22 20 32 34 9
2: 10 28 16 24 29 23 6 33 1 21 42 30 34 20 27 32 15 14 13 36 12 22 47 31 4 17 2 50 18 41 48 11 25 8 45 46 7 26 43 3 44 37 35 40 49 5 9 39 38 19
3: 25 30 14 37 31 45 21 19 35 9 47 26 4 41 48 39 17 22 11 44 13 6 15 33 43 18 1 34 38 5 50 10 46 2 3 49 23 16 24 27 12 7 28 40 36 32 29 20 42 8
4: 18 10 34 23 6 27 29 4 43 44 25 24 31 46 16 22 9 7 38 42 32 3 41 45 50 15 36 17 33 49 19 2 20 26 1 21 30 28 5 37 13 11 35 14 40 8 12 47 48 39
5: 6 1 50 5 46 16 15 3 47 25 17 44 22 27 39 28 42 40 37 11 48 35 12 20 13 31 18 19 41 30 4 33 34 45 32 24 8 23 7 43 2 29 26 14 49 21 9 10 38 36
6: 4 39 49 22 7 34 44 35 10 42 28 30 18 15 9 45 17 21 24 32 41 19 23 48 20 8 29 46 1 37 26 36 47 3 14 50 38 12 2 13 5 31 33 27 6 25 40 16 43 11
7: 7 17 4 24 35 8 45 49 37 32 19 25 47 5 33 41 43 48 36 28 50 22 40 46 15 29 13 11 3 38 31 16 39 42 14 20 27 6 23 18 30 1 9 44 10 26 34 21 2 12
8: 36 48 31 9 6 35 47 29 26 44 14 23 34 25 13 33 17 37 38 8 3 40 15 20 45 27 50 41 18 46 24 21 7 4 32 42 12 1 39 28 19 5 49 10 2 11 22 16 43 30
9: 20 25 33 26 19 35 11 1 42 50 36 7 22 27 15 12 41 43 32 9 17 23 47 48 10 13 38 3 16 5 46 21 8 14 2 6 28 37 49 31 30 24 45 44 39 40 34 4 29 18
10: 37 2 24 40 41 34 44 21 9 7 47 45 14 17 1 29 33 42 26 39 32 10 27 18 6 49 4 48 31 25 20 19 3 11 16 5 46 15 50 13 38 30 22 28 35 43 12 36 23 8
11: 3 15 22 37 50 20 36 13 12 9 49 33 41 4 40 29 35 24 46 10 8 2 48 44 23 14 43 17 5 39 11 34 25 42 18 32 1 16 45 47 31 19 28 6 7 21 38 27 26 30
12: 49 17 48 2 4 34 10 44 37 40 31 22 5 9 39 41 42 12 8 14 38 33 45 36 27 21 1 50 26 47 25 28 18 29 3 19 24 32 6 16 23 20 30 43 15 13 7 46 35 11
13: 46 41 28 37 35 20 10 1 48 14 27 18 4 49 36 43 32 31 44 13 6 40 23 50 11 15 17 3 45 21 29 16 42 22 24 47 19 30 25 12 8 26 5 39 9 7 34 38 2 33
14: 46 24 27 5 37 30 41 36 18 38 12 47 25 20 23 2 11 14 7 21 43 22 48 4 17 40 34 50 49 19 33 6 26 13 3 44 8 45 32 39 1 35 10 16 29 15 28 42 31 9
15: 2 46 41 36 20 1 34 4 15 47 17 7 49 33 31 44 11 35 14 27 32 6 39 25 40 12 18 16 8 42 50 23 45 9 30 5 3 29 26 13 22 24 37 43 19 48 21 10 38 28
16: 25 21 22 40 49 45 19 32 5 8 26 37 30 12 24 17 6 27 7 46 15 14 23 41 3 4 31 11 47 38 29 39 9 33 48 1 10 16 36 34 44 18 13 28 50 35 2 20 42 43
17: 22 20 10 37 39 28 40 48 1 47 3 9 16 23 2 18 25 15 50 46 49 44 5 41 11 34 8 14 17 30 31 19 38 45 32 24 21 35 33 26 7 13 42 36 43 6 4 29 27 12
18: 27 17 16 31 36 41 37 50 38 47 24 48 28 9 32 18 40 6 5 44 25 14 1 12 4 23 20 33 10 46 49 35 19 13 7 29 8 34 3 21 42 43 45 2 39 11 22 30 15 26
19: 42 15 29 3 2 38 45 5 41 32 31 11 1 24 36 10 7 12 22 23 18 37 28 39 47 40 6 30 8 27 46 35 20 21 33 49 17 14 13 50 16 25 26 19 34 4 9 43 44 48
20: 33 28 14 46 27 18 48 1 32 20 45 44 24 23 9 22 40 19 39 4 49 50 42 11 16 37 26 15 2 25 10 31 43 8 17 6 30 29 36 12 5 34 13 38 7 47 35 3 41 21
21: 38 19 11 23 35 40 6 15 44 46 8 26 48 9 45 47 18 10 43 14 41 13 31 2 4 37 42 1 22 29 34 24 32 50 17 36 3 5 39 30 21 16 33 28 7 25 49 12 20 27
22: 1 32 35 2 7 37 42 4 12 25 10 16 47 49 11 20 30 36 9 38 15 34 22 13 26 45 31 5 39 17 19 46 24 43 27 48 6 29 28 40 44 21 41 18 33 23 50 14 8 3
23: 13 1 19 50 2 43 25 42 24 27 49 33 11 3 29 40 46 8 5 26 39 23 10 47 16 7 14 34 35 20 37 22 9 12 41 36 4 6 45 18 30 28 15 48 44 32 38 31 21 17
24: 29 14 38 6 35 10 31 21 15 23 42 49 16 12 47 3 36 50 25 17 2 40 44 5 1 43 4 8 9 24 33 20 34 19 11 41 28 39 27 48 22 45 37 13 30 26 7 46 32 18
25: 22 9 44 12 37 5 30 17 33 40 1 25 15 26 47 23 16 38 42 13 2 8 45 50 35 10 7 49 32 28 41 20 31 43 24 3 11 4 19 34 29 36 6 21 14 48 27 18 46 39
26: 6 34 11 29 10 42 46 44 47 36 25 18 24 15 4 37 1 27 19 16 14 45 33 40 22 32 2 31 38 5 35 43 20 30 7 17 21 13 9 8 41 26 48 50 23 39 49 12 3 28
27: 33 35 18 17 48 8 10 44 36 20 21 27 4 47 19 43 22 6 28 31 11 1 24 14 9 12 49 15 13 37 39 40 5 16 46 23 7 2 30 41 38 3 34 32 25 45 50 26 29 42
28: 27 50 7 3 19 35 12 26 2 46 33 42 40 48 1 31 13 21 39 30 47 6 4 23 20 14 34 41 37 24 22 43 18 17 25 11 38 44 16 29 49 8 15 5 10 45 9 32 36 28
29: 45 5 44 14 12 22 38 32 26 41 47 11 29 37 39 34 9 2 49 16 30 43 24 20 4 28 17 15 13 36 6 40 3 1 19 25 46 7 23 48 31 18 35 42 8 21 10 50 33 27
30: 36 23 22 50 42 34 38 40 46 25 14 21 29 9 13 4 33 3 6 32 28 10 20 7 31 1 2 27 43 19 8 41 24 47 35 30 17 11 16 48 45 39 5 49 18 44 15 26 12 37
31: 26 14 4 31 36 27 21 24 47 40 19 1 16 32 28 17 29 39 2 45 44 3 33 6 49 30 7 11 37 22 46 18 13 48 10 42 43 41 34 15 9 23 8 25 20 38 12 5 50 35
32: 8 25 30 1 41 28 39 50 14 16 23 3 36 40 32 20 42 22 37 35 2 31 15 6 26 33 4 18 12 44 5 29 7 13 47 43 27 24 17 46 10 21 9 38 45 11 19 34 48 49
33: 23 49 24 42 44 8 19 50 16 30 14 22 43 11 48 18 47 21 20 5 2 12 1 38 31 33 17 45 13 26 25 36 46 9 40 32 41 7 6 29 34 27 39 35 3 4 28 37 10 15
34: 11 10 14 22 33 25 15 42 45 50 26 8 47 2 40 6 46 18 29 1 16 20 4 48 28 17 24 36 38 7 41 13 9 21 34 44 30 12 31 49 27 37 23 3 5 39 43 32 35 19
35: 5 10 22 2 41 9 16 4 33 21 45 29 32 43 50 28 1 6 42 18 46 25 26 11 37 7 47 34 38 36 48 19 17 15 3 24 13 39 35 20 49 14 44 40 8 31 27 12 30 23
36: 48 17 1 8 14 33 45 9 21 6 38 23 34 10 30 20 7 2 47 31 3 32 25 46 40 50 12 42 35 15 16 49 22 41 44 28 43 36 5 11 13 24 26 39 18 4 19 37 29 27
37: 22 17 38 42 35 3 19 24 6 29 21 18 4 44 36 15 45 41 13 43 8 50 9 16 25 34 12 28 39 27 46 37 10 49 47 5 7 23 31 20 33 26 11 32 40 1 48 14 30 2
38: 32 28 19 24 36 33 38 8 15 6 29 30 37 2 23 45 43 5 42 48 35 9 34 41 22 46 39 16 25 20 27 40 50 12 11 1 10 49 14 26 47 7 17 13 3 21 18 4 44 31
39: 48 36 24 30 31 33 12 2 11 1 9 3 21 49 27 18 32 20 22 13 29 19 40 14 8 26 47 46 50 16 17 25 42 28 6 38 5 44 34 35 23 41 39 43 7 15 4 37 45 10
40: 18 23 9 19 14 10 30 41 45 34 32 26 40 12 37 29 49 3 22 24 21 36 35 7 1 20 4 38 11 25 44 31 2 13 46 16 48 15 28 33 50 39 5 42 43 17 6 8 47 27
41: 10 34 44 13 22 11 40 48 3 25 29 39 26 47 35 23 38 18 41 50 8 49 30 21 1 2 42 36 15 16 45 9 17 27 24 6 19 7 4 14 20 28 43 31 5 12 33 32 46 37
42: 16 14 3 50 40 20 5 34 47 41 9 7 11 25 13 37 29 2 26 28 8 17 10 24 36 19 4 35 32 45 22 49 33 1 39 21 46 48 30 31 43 44 6 18 42 12 15 23 27 38
43: 29 1 40 38 36 15 18 14 37 34 13 22 4 25 12 2 7 27 3 47 28 33 31 17 49 45 8 43 11 16 23 44 20 32 35 9 39 26 46 42 6 41 30 50 19 24 5 21 48 10
44: 50 30 23 39 5 28 37 48 32 7 49 42 25 26 10 3 46 12 29 16 20 11 17 45 9 22 13 4 47 41 14 2 43 31 33 15 35 8 27 1 18 21 24 19 36 40 44 6 38 34
45: 40 3 1 7 50 19 8 28 26 41 35 38 43 22 25 39 33 36 20 37 21 18 45 12 31 48 42 4 29 49 2 9 11 15 47 44 27 6 32 24 34 14 5 23 16 17 13 30 10 46
46: 43 40 46 5 1 26 6 35 29 25 9 42 37 50 21 31 49 47 39 14 11 27 4 44 8 10 45 28 3 34 15 33 23 48 36 41 32 7 24 12 18 22 30 13 20 38 16 19 2 17
47: 34 42 40 13 30 20 41 12 22 24 43 31 16 47 33 17 21 15 39 7 1 10 2 5 9 45 23 37 19 18 28 32 11 46 44 50 36 29 49 14 6 4 38 3 26 27 35 25 8 48
48: 17 50 33 11 32 3 8 18 4 49 1 30 2 16 37 44 27 19 24 48 40 26 23 34 28 38 35 25 21 22 36 43 46 39 6 45 41 12 9 7 13 47 5 15 29 14 20 10 31 42
49: 27 43 30 26 20 22 15 47 36 41 11 32 19 7 34 3 18 29 39 25 50 23 31 9 40 28 45 38 8 14 2 48 13 10 35 6 21 1 33 12 16 17 49 37 5 24 4 46 42 44
50: 50 17 28 12 41 27 32 34 4 30 22 8 11 33 6 35 1 7 3 40 15 20 9 26 44 19 38 24 18 14 37 43 45 16 5 10 36 13 23 29 49 31 25 46 47 2 21 48 39 42
