50 50
1: 38 50 33 14 34 22 46 29 24 49 21 6 1 44 9 11 16 42 19 7 15 2 20 3 18 5 32 4 35 8 23 37 17 25 43 41 13 27 30 36 31 48 40 39 26 12 28 10 45 47
2: 33 41 19 11 45 40 15 24 43 31 2 5 16 14 12 38 29 36 34 50 21 30 17 13 48 18 6 25 35 7 23 37 28 46 3 20 27 47 4 42 22 8 9 32 10 44 26 39 49 1
3: 20 48 1 43 47 22 13 11 5 42 50 15 37 30 29 28 12 10 4 21 9 46 7 41 25 14 3 19 2 35 27 26 38 49 45 39 16 36 40 17 32 8 31 23 18 24 33 44 34 6
4: 50 36 4 14 1 44 9 8 18 40 6 31 16 43 39 19 27 37 15 23 32 7 20 22 46 42 17 33 3 45 12 24 2 35 13 5 47 10 21 26 48 34 11 28 49 30 29 38 41 25
5: 2 44 20 26 38 21 33 5 29 23 36 25 12 22 24 15 42 4 41 8 31 47 43 16 13 50 7 46 18 1 17 37 39 48 34 19 28 27 10 6 11 14 30 3 35 40 49 9 32 45
6: 49 22 40 31 13 41 48 9 32 42 46 1 2 25 28 43 45 14 26 35 21 4 27 44 33 17 30 3 8 11 12 24 15 6 47 34 10 7 16 18 50 36 38 37 29 19 23 39 20 5
7: 26 3 30 4 23 50 22 38 29 27 44 12 41 33 40 31 21 16 34 7 13 45 20 37 24 49 48 14 39 6 36 10 11 46 47 15 8 19 42 25 18 17 43 35 32 2 9 1 5 28
8: 27 33 9 16 30 34 31 6 40 12 11 2 42 18 46 37 35 38 41 39 7 1 14 21 49 8 26 48 22 23 45 3 47 4 29 28 50 32 15 24 10 20 5 43 25 19 36 13 44 17
9: 18 41 8 36 24 2 31 33 25 32 11 26 38 46 27 17 7 35 15 1 28 10 19 4 23 34 16 9 50 48 12 39 44 3 29 42 22 45 47 5 30 6 21 14 43 20 13 49 37 40
10: 22 38 32 13 1 27 17 41 46 29 10 39 3 44 14 20 36 15 28 21 25 11 30 23 35 8 19 50 18 12 37 6 7 45 26 40 16 48 47 5 24 49 2 4 9 33 43 34 42 31
11: 25 12 39 7 47 3 6 37 29 35 32 41 50 44 1 45 34 8 40 24 16 13 18 15 5 4 19 28 9 31 49 30 21 36 17 42 48 11 2 26 22 46 38 14 43 20 10 33 27 23
12: 8 32 33 21 3 24 39 35 13 6 15 27 37 4 18 5 1 48 42 16 20 50 28 47 26 17 11 2 10 45 12 36 30 22 14 19 38 49 29 23 31 43 7 41 34 44 40 9 46 25
13: 6 27 37 21 25 47 8 50 2 35 14 31 5 48 10 44 12 30 3 36 39 33 16 19 24 9 15 29 40 22 11 4 28 38 32 41 7 34 1 18 17 42 43 23 13 45 49 26 46 20
14: 49 24 48 32 13 23 5 36 21 25 8 41 11 4 6 35 40 19 38 37 47 18 3 17 34 7 43 46 1 31 39 50 27 14 22 45 2 44 28 15 30 10 20 12 26 9 29 16 42 33
15: 45 46 19 21 18 15 10 38 35 40 12 30 31 5 42 37 16 39 20 11 47 49 28 41 2 32 25 23 50 48 1 43 13 34 7 33 6 29 26 44 9 24 4 27 22 8 3 14 36 17
16: 22 10 2 25 45 24 9 46 47 33 50 28 31 12 11 37 21 44 27 18 39 17 42 49 41 7 32 29 8 30 1 16 35 20 43 6 48 15 40 23 38 36 26 34 19 5 3 14 13 4
17: 4 22 26 12 46 31 49 33 19 38 36 15 43 32 8 23 45 13 40 27 37 3 29 30 1 34 50 42 39 25 44 28 10 6 20 14 24 41 11 21 17 5 16 35 48 9 7 18 47 2
18: 49 14 44 22 21 24 28 37 41 16 5 13 47 20 6 39 17 35 42 45 19 2 40 29 25 30 15 50 43 38 8 48 23 18 31 32 9 34 12 3 7 26 11 10 4 36 27 46 1 33
19: 37 14 10 40 32 21 47 39 19 11 16 9 30 41 27 31 4 36 34 7 29 49 18 15 8 5 50 2 17 3 48 25 1 45 23 13 6 26 35 44 12 42 28 22 38 33 24 43 20 46
20: 3 37 4 14 20 22 9 36 46 13 29 23 32 43 21 11 15 2 33 8 12 27 48 40 47 41 1 25 16 28 38 49 5 45 19 42 39 35 7 31 30 26 10 17 24 34 50 6 18 44
21: 13 11 22 42 12 33 21 4 18 10 3 48 24 28 15 49 2 6 1 36 39 50 37 8 32 27 45 16 30 19 5 26 29 9 44 20 43 47 38 31 46 41 25 14 34 17 7 35 40 23
22: 29 3 18 2 24 38 20 27 17 34 8 22 40 19 41 31 30 16 14 49 50 7 39 1 12 32 44 35 5 11 48 43 10 13 26 45 9 23 15 36 4 25 47 6 42 21 46 37 33 28
23: 36 17 32 28 24 10 44 35 15 26 47 27 4 5 30 18 29 13 48 11 21 8 20 41 46 33 40 45 7 49 6 2 9 3 22 37 12 39 50 42 14 23 38 19 1 34 16 43 25 31
24: 41 45 6 37 31 2 20 30 44 5 14 33 8 9 7 3 21 47 15 40 4 38 46 13 11 36 23 39 35 16 49 34 43 42 12 28 32 22 18 25 48 1 50 10 24 29 17 27 19 26
25: 50 9 34 26 24 19 35 36 39 17 6 45 8 46 21 5 1 2 13 4 12 41 14 28 20 22 33 47 43 7 15 27 16 23 32 37 3 30 42 10 44 18 11 38 29 25 49 40 31 48
26: 22 36 45 34 23 17 2 29 40 32 27 4 19 11 31 16 25 39 35 1 8 5 7 21 49 6 37 18 10 41 12 48 26 20 44 50 3 15 14 46 33 13 24 47 42 28 43 9 38 30
27: 6 18 7 41 49 45 5 36 28 46 20 44 50 31 8 1 33 38 25 40 12 4 22 21 2 47 43 30 19 3 27 34 29 42 23 14 48 17 39 11 15 9 13 16 26 35 10 24 32 37
28: 41 30 26 1 13 22 18 9 50 45 2 19 34 21 32 4 14 15 43 47 37 28 23 40 3 17 10 8 27 11 25 12 48 33 36 24 16 7 31 20 44 5 49 6 29 38 35 46 42 39
29: 12 22 25 16 43 45 27 23 2 48 19 14 9 47 31 7 46 32 26 44 5 18 29 34 37 33 24 10 8 50 42 6 3 28 13 38 20 17 39 41 1 35 21 36 40 4 30 49 15 11
30: 41 40 44 14 39 48 16 50 25 17 24 33 47 1 29 7 8 45 15 31 42 9 10 2 43 28 46 23 13 20 30 21 36 49 26 5 37 35 11 3 6 4 19 12 18 22 38 34 27 32
31: 48 45 23 35 39 20 16 28 32 1 49 22 8 43 31 50 38 3 26 44 18 41 37 9 4 36 46 2 21 6 7 33 47 29 10 40 34 13 14 42 11 5 15 19 25 17 30 12 27 24
32: 13 14 40 46 1 50 19 45 18 37 33 31 5 30 3 42 23 17 24 7 12 21 15 47 8 22 29 4 28 44 43 27 16 36 20 49 38 11 34 25 35 2 9 26 48 41 6 10 32 39
33: 32 18 1 27 44 30 17 46 36 20 4 7 37 28 43 10 29 31 21 13 11 50 3 12 5 47 39 40 16 41 9 35 14 15 2 22 34 49 19 25 24 48 23 42 6 8 38 26 33 45
34: 26 9 20 37 29 45 27 19 32 11 2 3 22 30 49 35 21 5 33 12 34 17 18 24 4 42 41 28 38 6 48 46 7 16 13 15 47 43 44 14 39 1 25 31 36 8 10 40 23 50
35: 43 9 24 36 45 40 8 49 11 14 30 17 42 46 7 41 22 19 3 28 25 33 34 12 35 21 32 23 48 1 39 26 13 6 47 15 16 27 50 38 29 10 31 37 44 2 18 20 5 4
36: 36 5 43 38 48 20 3 22 45 15 21 25 26 19 49 10 1 46 34 37 28 50 13 35 24 16 39 6 41 2 30 47 11 44 4 27 8 12 18 31 14 9 32 23 7 33 42 17 29 40
37: 25 12 45 6 47 32 8 29 9 20 16 18 4 31 11 34 15 40 24 14 43 28 2 17 39 13 30 22 5 10 23 37 46 33 41 44 48 19 36 35 38 1 26 50 49 21 3 7 27 42
38: 18 32 5 44 17 49 3 20 38 6 11 8 35 40 43 15 42 13 48 16 4 36 21 24 10 9 33 47 37 27 34 31 14 19 1 45 46 7 25 30 2 29 23 41 22 39 12 26 28 50
39: 15 43 8 22 27 3 13 26 31 11 49 42 41 19 16 24 39 25 4 30 10 29 36 35 34 21 5 40 23 47 50 1 20 28 14 48 2 17 45 38 32 46 18 7 12 9 44 33 6 37
40: 49 4 30 50 33 9 23 37 26 45 20 35 44 38 32 5 7 36 10 14 1 34 28 3 8 22 43 25 31 13 16 24 47 27 41 40 17 6 12 11 19 21 42 2 18 39 48 15 29 46
41: 6 36 38 14 32 1 12 20 10 27 34 29 7 49 19 15 41 43 24 23 35 18 3 13 31 9 44 30 45 28 47 2 42 11 16 37 46 50 33 25 48 5 22 40 39 21 26 17 8 4
42: 46 30 35 26 32 25 9 17 4 12 33 41 36 18 45 49 5 6 48 7 11 20 47 8 43 29 24 38 3 19 22 2 27 40 34 23 14 42 21 28 50 44 10 1 13 37 16 39 31 15
43: 10 46 31 29 11 36 6 27 48 35 7 17 2 41 3 20 38 21 40 15 33 43 47 30 18 5 23 32 49 28 24 16 34 4 9 1 12 44 25 13 50 45 37 19 22 8 42 39 14 26
44: 47 11 6 34 22 33 48 39 24 18 32 45 19 25 21 20 37 4 15 9 8 3 29 7 42 14 38 46 17 35 10 12 50 23 28 40 41 26 27 49 13 5 16 2 30 44 1 31 43 36
45: 19 23 36 43 32 47 27 42 14 24 4 25 30 1 6 18 38 8 48 21 49 22 34 17 3 41 12 29 13 2 50 26 28 5 33 39 10 44 15 40 11 9 37 16 7 45 20 35 31 46
46: 38 5 46 33 13 24 1 40 31 21 8 42 17 12 27 10 29 6 15 23 19 9 25 11 39 14 35 44 28 45 7 18 41 16 2 50 47 36 30 20 48 22 32 37 43 34 3 4 26 49
47: 25 42 39 7 30 19 36 5 3 50 29 22 49 11 40 32 45 47 4 16 27 21 44 24 38 15 20 1 17 12 8 10 33 26 41 13 46 18 31 34 35 43 2 14 6 23 9 48 37 28
48: 21 12 49 50 1 41 33 25 36 38 22 14 24 23 20 3 35 40 29 47 2 8 39 37 46 17 5 18 6 43 13 42 10 19 15 7 45 31 34 28 32 9 48 4 27 44 11 30 26 16
49: 39 14 26 27 11 38 31 2 33 9 24 16 1 20 42 21 41 43 32 3 8 46 22 10 49 4 5 28 47 34 15 44 23 48 19 13 17 35 40 30 37 18 12 6 29 45 7 36 25 50
50: 27 41 20 12 3 32 40 4 8 46 31 5 16 43 1 42 28 17 34 24 47 30 33 44 6 36 14 9 48 21 23 35 25 45 37 39 29 15 26 50 2 7 38 13 19 22 11 49 18 10
1: 29 36 32 26 24 5 16 49 48 46 42 22 30 19 3 27 2 37 41 4 23 7 15 33 10 18 47 35 6 28 38 45 14 9 13 34 17 12 44 20 40 31 39 8 43 11 25 1 21 50
2: 11 5 31 15 34 37 25 2 17 41 21 35 4 18 45 29 12 27 22 44 47 20 6 8 32 3 16 9 49 48 36 24 39 23 28 43 33 1 19 10 26 42 13 30 46 40 7 14 50 38
3: 36 48 33 18 43 30 47 4 49 38 34 10 28 1 35 22 50 2 6 20 45 25 44 41 21 3 37 14 26 5 13 8 16 17 29 11 24 31 42 12 7 19 40 9 39 15 27 46 32 23
4: 23 26 50 8 9 27 29 48 1 46 12 35 44 39 31 21 3 47 38 36 32 37 22 24 16 18 43 5 41 28 6 14 19 20 40 49 34 30 11 4 7 10 25 45 13 33 42 17 2 15
5: 49 33 31 37 34 25 26 3 22 16 24 35 41 15 38 46 50 32 18 44 6 47 39 28 2 42 20 13 9 43 1 5 29 10 12 40 21 19 45 17 4 30 8 7 48 23 14 11 36 27
6: 29 42 27 21 17 50 37 41 49 7 39 11 25 30 32 28 24 12 5 40 1 15 36 10 20 16 14 34 18 33 2 26 23 38 9 13 47 46 44 43 31 4 35 3 22 8 19 45 48 6
7: 47 11 8 18 23 34 22 36 38 20 32 45 19 31 48 39 49 43 41 4 40 25 50 27 17 14 7 13 9 10 37 42 5 33 24 28 12 1 21 3 46 2 16 30 35 15 29 26 44 6
8: 28 31 29 25 15 37 50 48 14 27 21 30 10 16 3 35 46 43 32 33 13 5 23 19 40 49 7 39 24 17 8 11 2 36 18 12 47 44 26 42 4 9 38 41 45 6 20 22 34 1
9: 44 18 10 14 29 24 41 30 23 26 5 46 36 38 19 43 3 27 15 47 48 4 13 20 25 31 40 45 12 2 9 37 32 16 35 17 50 6 21 11 1 8 39 28 34 22 49 33 42 7
10: 3 48 31 40 6 25 33 26 50 20 9 1 29 28 15 36 35 7 43 2 8 46 32 30 4 17 12 19 42 23 5 39 47 41 24 21 37 13 22 38 27 14 45 16 10 44 49 11 18 34
11: 15 22 17 38 5 21 41 2 30 33 37 8 24 23 27 20 9 13 1 4 50 18 42 47 26 7 34 28 29 39 32 10 6 48 3 19 12 11 43 49 44 25 46 31 35 36 14 40 45 16
12: 8 16 47 31 22 40 41 18 12 24 34 29 19 39 20 32 27 10 3 26 37 13 9 48 7 21 28 25 43 50 6 42 45 36 23 2 11 5 14 4 46 15 38 17 49 35 44 33 30 1
13: 4 50 40 6 33 34 36 24 26 37 12 3 31 45 13 19 49 47 8 23 14 18 43 39 30 44 16 28 2 25 46 17 9 35 32 42 15 48 27 20 7 38 1 10 41 29 21 22 5 11
14: 48 1 26 15 11 21 28 8 18 42 24 25 35 34 40 31 43 46 22 2 17 3 4 13 50 49 38 33 19 30 23 32 29 7 10 6 5 47 16 39 44 9 45 20 12 27 14 41 36 37
15: 27 37 2 14 39 3 42 18 23 20 16 6 46 8 33 11 41 25 48 9 32 29 28 34 19 22 38 24 1 26 45 21 44 40 47 7 36 50 43 4 49 10 35 17 31 12 13 15 30 5
16: 20 17 26 5 16 21 35 14 9 1 41 12 13 49 27 18 32 34 28 46 37 33 40 24 30 45 42 25 44 36 19 8 2 29 15 10 7 6 31 43 3 48 47 39 38 23 22 50 11 4
17: 21 2 35 29 49 9 5 40 19 44 20 41 43 16 27 6 26 42 8 37 15 1 7 18 30 25 46 28 34 47 10 38 45 24 32 11 14 39 3 4 17 13 33 31 36 50 22 23 48 12
18: 20 26 29 21 32 27 31 47 5 17 38 40 10 11 30 44 6 9 49 46 19 18 28 45 34 48 24 43 4 3 13 33 2 1 16 8 15 23 41 36 35 25 42 39 14 37 50 7 22 12
19: 23 44 49 38 19 6 37 12 32 3 24 26 28 2 46 14 42 27 9 48 17 41 45 16 35 18 10 11 13 8 31 15 30 43 7 21 1 25 5 34 39 29 4 36 47 22 33 20 50 40
20: 36 15 10 20 14 46 21 22 8 38 9 35 11 16 42 31 12 29 17 34 25 30 18 24 40 37 45 50 33 43 7 49 19 6 26 23 39 48 5 27 1 28 2 3 47 13 41 32 44 4
21: 34 1 22 13 36 49 24 31 14 15 3 35 40 8 43 5 30 33 48 38 42 9 7 26 37 20 29 32 2 6 39 47 4 25 23 17 46 28 50 11 19 18 41 45 12 27 44 21 16 10
22: 13 25 16 28 6 32 23 21 27 43 46 8 19 38 2 5 9 20 14 37 30 47 26 49 3 15 18 24 4 50 17 40 39 31 35 7 22 36 41 10 45 48 42 1 11 33 12 44 34 29
23: 31 21 15 30 40 44 7 14 50 38 10 19 37 46 4 22 8 5 11 12 29 20 33 13 48 39 32 47 17 34 6 42 45 25 1 18 26 16 3 27 23 9 49 35 43 36 24 2 41 28
24: 32 31 34 20 11 2 35 50 39 42 17 44 25 15 48 36 49 45 4 9 28 16 21 19 8 46 3 12 26 38 43 1 37 22 13 14 33 18 29 7 30 6 47 10 5 24 40 27 41 23
25: 5 14 29 24 11 32 7 23 27 25 31 43 4 19 46 39 41 16 49 35 33 38 36 8 10 13 28 44 15 45 30 6 9 40 1 22 12 20 2 48 18 37 47 26 21 17 50 34 3 42
26: 28 18 38 35 11 26 12 33 49 42 16 1 40 29 23 15 9 30 5 31 27 47 50 14 6 3 34 17 45 13 41 37 32 44 36 25 8 7 46 2 39 43 20 10 48 24 22 19 4 21
27: 28 9 16 21 3 48 36 47 44 49 4 39 19 23 24 30 22 2 10 25 1 6 7 14 27 20 29 15 13 50 32 42 43 12 38 26 33 18 45 5 31 17 46 37 35 40 41 8 34 11
28: 12 30 40 19 6 42 43 36 13 17 9 7 1 46 31 29 28 44 24 34 15 10 20 48 18 50 39 32 21 5 37 4 35 33 26 16 22 45 49 38 41 27 3 47 14 25 11 2 8 23
29: 42 35 1 50 32 22 49 13 16 3 18 29 31 9 8 11 19 2 23 30 44 10 21 20 25 6 24 39 17 7 12 41 40 37 45 48 4 43 38 26 14 34 47 27 28 46 5 33 15 36
30: 21 41 19 14 4 23 32 33 49 45 39 22 26 3 46 30 15 2 36 5 42 37 43 34 12 40 11 25 6 28 9 17 20 44 13 10 27 48 35 38 24 7 1 8 50 47 31 16 29 18
31: 47 37 26 29 40 8 46 34 1 24 11 30 19 14 44 48 21 41 42 23 16 15 4 25 50 6 20 5 18 2 28 39 12 33 22 49 10 38 31 3 9 7 13 45 43 17 35 36 27 32
32: 32 18 6 21 10 38 34 22 23 2 29 36 4 33 42 13 11 43 8 44 30 19 31 49 41 37 16 3 39 48 17 50 47 9 26 25 14 27 35 5 24 1 45 40 20 7 12 46 28 15
33: 25 21 44 13 20 1 9 33 17 18 29 40 47 28 14 8 48 12 16 3 37 24 6 36 4 35 10 39 41 22 34 19 7 5 32 11 46 50 42 38 15 2 23 43 26 45 31 27 30 49
34: 26 32 2 7 25 46 20 36 3 18 33 47 24 42 12 37 43 27 50 34 13 8 28 35 48 44 10 6 49 1 38 39 45 22 41 17 21 19 40 5 29 4 30 23 9 15 31 14 11 16
35: 39 49 8 3 34 13 45 18 40 17 38 6 27 26 10 48 1 14 22 31 42 15 44 46 21 2 24 47 41 50 32 28 25 12 4 33 20 30 43 9 19 37 7 5 11 36 23 29 16 35
36: 11 32 42 26 1 37 9 38 2 41 14 43 48 22 20 18 34 35 30 27 3 10 45 13 44 19 21 31 17 7 16 6 4 47 5 23 50 29 8 46 15 40 24 39 28 36 25 49 12 33
37: 14 42 50 9 16 4 41 49 22 36 11 43 33 19 47 26 38 25 31 48 29 34 30 23 24 35 8 13 27 45 18 2 46 21 20 44 5 3 28 10 1 39 32 12 15 7 37 17 6 40
38: 42 6 12 4 27 26 19 28 21 41 25 36 24 10 18 31 50 16 29 37 38 2 47 7 32 13 1 46 44 17 22 9 48 11 33 3 45 15 14 39 5 20 30 43 49 35 23 40 8 34
39: 20 50 12 29 27 44 7 49 30 33 22 32 40 24 5 15 21 43 28 48 1 41 42 25 37 13 34 31 2 11 9 35 8 26 23 10 46 47 36 3 45 16 6 4 14 39 18 17 38 19
40: 46 1 34 27 26 44 23 45 42 4 3 28 8 19 13 22 21 24 7 14 37 17 20 12 32 40 31 47 5 41 29 16 25 30 11 15 49 36 9 39 43 38 2 6 50 35 10 48 33 18
41: 40 18 26 17 15 29 43 41 4 5 12 47 34 6 46 2 32 48 10 37 50 28 14 13 31 22 27 3 38 35 9 36 49 33 16 30 7 11 45 42 23 25 19 8 1 44 21 39 20 24
42: 6 28 2 13 20 29 25 48 35 8 4 49 24 36 30 23 45 7 39 37 3 40 14 15 41 38 9 46 44 42 17 33 16 21 34 47 5 22 50 43 11 32 18 12 26 27 10 19 1 31
43: 50 21 28 38 12 3 7 24 11 26 25 19 31 13 20 8 29 23 36 41 22 34 32 39 1 14 43 15 2 42 35 45 4 33 17 16 10 49 48 44 27 40 5 37 46 9 6 30 47 18
44: 10 48 14 44 8 30 39 12 35 46 32 28 26 45 21 27 31 4 1 13 17 7 19 22 15 29 34 33 24 2 47 43 23 5 37 41 20 3 50 49 6 36 9 38 42 18 16 25 40 11
45: 43 4 16 35 32 40 10 41 36 3 30 17 44 5 6 23 29 14 22 13 11 21 49 2 7 19 18 8 25 42 1 38 37 15 45 28 33 31 47 39 9 20 24 26 34 46 50 12 48 27
46: 12 27 18 21 43 5 34 45 16 9 48 1 24 7 38 8 32 25 28 13 2 33 19 14 15 49 22 44 31 41 42 37 23 50 35 29 47 46 17 30 36 40 3 20 11 26 4 39 10 6
47: 29 33 36 18 40 3 31 47 25 43 45 17 39 30 11 1 20 7 14 12 50 10 37 8 13 23 38 35 46 5 49 42 32 24 2 41 19 16 21 6 44 48 28 22 15 34 26 4 27 9
48: 8 28 29 23 37 6 39 45 3 42 11 41 17 36 26 49 33 22 14 7 47 31 34 9 12 40 27 43 15 20 4 2 35 48 44 10 5 21 38 25 18 32 46 19 24 1 13 50 30 16
49: 37 11 16 38 35 5 32 33 46 27 48 42 34 43 10 15 3 21 9 47 36 29 2 14 20 22 8 26 39 31 18 6 50 13 12 40 30 45 23 7 1 17 28 4 49 24 41 44 25 19
50: 24 50 39 8 28 6 49 43 48 47 27 41 30 10 4 9 25 46 37 15 33 32 40 31 19 22 16 17 11 21 34 3 12 26 20 2 42 18 13 44 35 7 14 23 1 45 5 29 36 38
