50 50
1: 20 21 42 3 22 12 15 33 37 25 48 47 46 27 8 40 34 17 16 28 6 5 23 43 11 29 31 32 9 14 35 45 7 41 39 13 49 4 19 1 50 30 10 2 24 26 36 38 18 44
2: 11 1 30 36 35 39 37 5 17 2 46 8 4 12 31 41 32 21 44 15 22 13 38 42 19 28 48 27 49 24 40 34 10 47 43 26 3 16 23 6 29 50 7 25 9 14 45 20 33 18
3: 16 7 37 32 27 43 10 38 8 33 5 45 18 30 50 46 9 21 26 4 24 44 36 39 41 29 31 17 13 14 1 11 49 34 12 15 20 19 28 35 6 3 23 47 25 48 22 2 42 40
4: 46 44 38 7 4 12 15 37 36 17 18 43 50 8 31 16 35 6 28 13 47 42 24 22 9 49 48 32 40 30 11 21 27 39 20 33 34 2 10 25 23 5 3 14 26 19 45 1 41 29
5: 28 30 11 31 49 24 29 8 6 32 14 17 4 46 19 16 34 44 21 9 22 36 13 50 41 26 2 37 18 40 35 20 42 10 1 38 15 12 33 23 5 39 3 43 7 27 25 45 48 47
6: 6 10 25 33 17 39 50 23 45 49 20 9 28 15 4 22 42 35 34 48 7 30 11 5 14 12 27 24 2 32 38 1 36 41 44 3 47 29 13 16 8 18 40 43 46 26 21 37 19 31
7: 44 18 42 4 34 8 16 20 33 2 17 49 9 7 31 43 29 26 24 36 12 27 47 1 15 19 3 13 46 35 32 40 39 11 50 45 30 23 38 22 6 10 14 5 48 28 21 37 25 41
8: 8 20 6 3 41 31 35 2 45 28 30 17 10 22 19 15 26 14 46 39 43 25 24 47 5 9 44 49 34 16 37 12 11 1 38 7 50 32 29 42 18 40 48 23 33 21 4 36 27 13
9: 3 18 4 2 29 6 1 27 48 25 35 36 12 8 28 20 39 44 45 22 42 23 5 37 24 46 21 34 13 7 41 26 49 33 30 10 31 38 32 16 9 17 15 50 43 47 40 19 11 14
10: 43 27 49 16 29 40 36 25 11 10 24 12 23 5 4 18 21 19 22 46 15 47 35 2 32 3 42 20 33 45 13 28 31 1 50 48 7 8 39 37 6 17 44 41 14 30 26 34 38 9
11: 20 29 48 49 22 10 8 25 13 33 7 19 41 35 17 15 40 6 24 5 47 1 30 16 9 21 4 37 11 18 50 2 43 34 38 45 32 42 14 12 46 26 31 3 23 44 36 28 39 27
12: 47 9 5 18 30 14 7 20 48 21 17 38 41 2 31 43 39 42 11 44 8 50 28 40 25 29 32 36 45 26 37 22 35 27 1 10 3 19 12 4 15 46 49 24 6 33 34 23 16 13
13: 7 47 19 20 41 49 46 45 9 1 35 44 14 38 17 3 13 36 11 10 25 12 32 5 37 4 16 42 24 15 33 50 43 48 2 40 26 30 22 6 29 27 39 18 34 8 23 31 21 28
14: 49 50 40 14 32 30 5 37 22 46 31 27 16 4 38 13 44 21 41 3 11 29 19 48 1 33 25 39 8 26 45 6 43 24 7 9 12 35 10 15 23 36 47 28 18 34 17 2 20 42
15: 41 19 16 28 39 44 36 47 40 22 48 25 37 30 7 2 8 15 21 23 26 31 43 14 33 49 9 50 10 38 32 5 20 45 27 42 11 1 24 17 13 34 46 4 35 6 29 12 3 18
16: 18 30 37 49 34 16 11 3 9 10 44 40 21 43 13 6 26 46 25 28 19 31 2 42 24 36 17 50 5 48 8 12 23 22 20 45 39 33 47 15 32 1 14 41 35 29 27 7 4 38
17: 3 15 35 5 2 1 10 49 40 16 30 38 22 43 39 26 7 14 20 13 11 28 12 21 6 29 42 44 25 47 9 46 18 45 41 34 4 8 24 33 27 37 17 48 50 23 36 19 32 31
18: 28 34 30 48 15 21 18 26 2 32 24 37 14 42 7 17 35 12 13 29 16 25 43 1 40 41 23 38 50 10 8 45 19 39 47 44 5 6 3 22 27 49 33 20 31 46 9 4 11 36
19: 22 1 26 3 9 50 24 33 41 4 42 30 36 32 28 16 25 29 40 46 35 15 39 19 44 5 17 8 7 43 2 20 47 49 34 27 45 21 10 38 37 13 23 6 11 31 14 48 12 18
20: 45 39 1 28 31 44 42 37 6 18 22 32 24 8 50 40 21 15 27 11 38 19 47 17 16 46 3 48 41 10 25 14 20 23 2 34 43 5 7 4 36 9 35 33 29 30 13 12 26 49
21: 44 5 50 18 13 39 24 7 26 43 15 22 40 12 35 37 6 11 28 38 3 4 27 45 9 14 30 32 23 8 41 47 10 46 25 17 21 19 33 48 49 16 31 1 20 36 29 2 42 34
22: 22 25 34 32 14 10 30 13 47 29 24 3 43 35 44 16 11 21 7 1 23 27 12 17 39 9 5 20 19 2 37 6 26 33 18 38 31 40 28 50 48 42 36 46 41 8 15 45 4 49
23: 40 49 48 31 14 25 41 23 33 34 46 2 8 50 39 24 29 10 44 45 27 13 3 37 7 36 17 22 28 18 19 35 9 11 47 6 26 21 4 1 42 5 38 12 16 20 43 32 15 30
24: 47 49 3 8 31 35 4 28 40 44 16 11 23 20 12 7 50 46 48 9 34 30 33 13 14 37 45 21 18 26 1 19 15 38 29 39 6 27 42 32 10 36 2 41 17 24 5 43 25 22
25: 31 22 28 48 44 8 12 49 17 36 11 43 10 25 35 41 23 33 19 13 7 37 21 45 30 15 3 2 6 38 39 26 5 46 4 27 9 42 14 18 16 24 20 34 32 40 47 29 50 1
26: 8 24 47 46 11 49 40 38 13 15 26 29 44 6 2 48 12 1 4 32 3 37 50 18 20 25 22 42 41 34 17 23 31 9 21 10 30 27 45 7 19 16 33 36 28 39 5 14 35 43
27: 27 5 33 3 18 44 22 30 32 13 45 12 39 14 43 19 40 8 29 34 10 26 41 48 46 1 15 38 49 6 36 20 23 9 21 31 28 37 7 25 4 42 50 47 2 24 11 16 35 17
28: 15 27 13 14 22 37 40 2 43 8 31 36 41 45 16 46 19 6 9 1 35 10 39 17 7 4 25 23 28 33 24 18 30 21 32 12 48 49 29 11 42 5 3 34 20 50 44 26 47 38
29: 30 46 10 7 38 48 23 33 18 16 20 21 45 26 2 42 32 37 15 49 34 36 13 14 31 19 25 28 5 43 1 11 50 12 27 17 24 3 9 39 4 47 40 41 44 6 35 8 22 29
30: 36 7 33 27 43 30 13 4 2 26 34 18 40 32 48 17 39 22 12 8 35 9 6 31 21 38 1 25 45 10 19 47 23 46 5 50 29 3 16 15 11 49 42 41 37 28 14 44 20 24
31: 31 22 16 2 3 36 25 23 37 15 44 11 8 41 33 10 4 38 1 35 18 21 6 46 13 20 40 48 12 9 29 30 17 26 45 49 5 47 27 39 7 32 42 19 24 14 50 43 34 28
32: 42 7 18 36 47 34 38 21 23 12 45 48 29 19 35 4 49 30 8 28 39 10 1 6 24 17 26 9 27 11 14 43 25 2 32 44 31 50 41 33 3 13 16 37 22 15 40 46 5 20
33: 49 37 43 47 18 1 40 7 4 11 5 46 29 6 3 23 19 39 20 13 28 48 45 2 21 32 12 41 44 35 38 10 34 25 50 8 16 15 31 42 30 14 36 26 9 33 24 22 17 27
34: 1 41 25 28 3 47 17 2 20 13 50 38 46 49 7 10 30 48 29 26 31 43 42 23 37 21 22 32 36 16 44 14 27 34 39 12 40 45 5 35 4 8 24 33 19 11 9 6 15 18
35: 29 12 37 21 47 7 30 32 19 13 31 20 48 40 1 49 10 3 27 42 22 9 33 38 8 45 11 39 2 14 17 36 28 35 43 5 24 44 18 25 46 50 23 41 4 16 6 26 34 15
36: 10 32 3 45 25 2 24 6 5 21 28 7 46 13 9 20 19 50 14 31 12 16 43 40 26 1 11 34 49 41 17 27 18 23 33 42 47 39 48 29 8 15 38 4 30 37 35 22 44 36
37: 37 35 46 24 31 10 6 27 30 47 42 50 3 38 34 41 2 22 49 21 32 1 33 39 40 20 23 8 43 18 14 13 12 28 16 36 15 7 44 29 19 17 45 9 4 26 48 11 5 25
38: 18 2 5 14 1 16 26 31 24 43 50 32 6 38 46 9 13 40 3 23 35 15 44 33 39 45 48 49 12 37 19 29 4 27 17 22 20 34 10 8 36 21 25 47 41 11 7 30 42 28
39: 29 25 37 33 12 16 17 9 42 40 22 36 8 31 27 30 41 50 32 18 34 20 28 13 2 43 1 3 38 10 45 5 6 35 11 44 4 24 46 19 7 15 14 21 26 48 49 47 23 39
40: 1 33 13 9 14 28 32 2 36 42 7 38 22 11 44 6 24 41 48 20 50 17 10 31 29 18 45 12 16 27 35 3 39 30 43 19 15 21 26 4 40 5 25 46 49 47 8 34 23 37
41: 17 3 50 41 12 21 40 18 22 48 49 45 11 30 39 7 15 19 6 33 38 28 8 4 35 47 27 32 5 34 26 44 46 10 1 14 13 43 20 9 23 29 37 36 2 42 24 25 16 31
42: 15 27 20 9 34 23 3 39 26 18 22 19 30 6 21 36 33 10 24 45 49 7 42 28 50 13 43 29 1 46 16 4 11 47 2 8 40 14 12 37 38 41 32 35 31 44 48 5 25 17
43: 45 22 29 12 4 15 43 31 2 19 13 1 8 28 26 3 47 49 40 44 7 37 35 23 11 42 36 34 48 25 9 32 38 24 14 17 18 27 39 33 41 50 5 10 20 16 6 21 46 30
44: 23 11 35 13 22 20 50 19 14 34 5 44 4 1 6 12 41 7 18 42 32 16 49 28 25 27 33 21 45 30 8 47 2 10 9 31 43 40 15 46 48 36 39 38 17 24 37 3 26 29
45: 9 14 7 35 46 26 40 29 49 33 20 44 27 17 37 18 12 31 3 2 28 25 36 38 16 1 22 13 4 11 30 43 32 39 15 21 45 5 47 48 10 24 42 8 23 41 6 50 19 34
46: 1 39 11 20 13 7 50 19 43 21 31 30 29 6 42 24 48 35 23 40 26 14 33 3 25 38 17 32 27 4 44 5 2 28 10 34 9 12 18 8 16 41 47 49 45 37 15 36 46 22
47: 20 28 8 42 27 43 13 22 30 40 17 4 15 9 46 48 2 21 6 18 1 33 5 49 45 23 12 16 35 11 37 31 41 32 39 19 44 29 26 36 10 25 50 24 47 14 38 3 7 34
48: 25 33 7 13 15 12 44 1 48 14 19 5 47 36 30 18 6 20 4 37 32 40 46 35 31 27 26 50 24 39 42 11 49 41 21 23 29 38 9 3 34 28 8 43 22 45 17 10 2 16
49: 26 22 13 28 8 7 32 27 39 9 45 15 41 30 42 23 17 40 11 6 38 18 49 4 44 43 12 29 19 31 48 37 47 25 36 1 2 14 46 3 24 35 21 33 34 10 20 16 50 5
50: 21 45 1 47 31 22 36 34 46 25 6 32 4 16 49 2 40 19 11 20 24 12 37 8 27 28 15 43 17 44 29 42 18 39 14 50 5 48 9 30 35 3 23 13 10 33 41 7 26 38
1: 16 18 46 32 19 7 10 6 26 48 17 36 31 30 40 11 12 43 37 3 41 27 5 8 23 38 49 50 44 28 9 45 47 42 21 13 1 29 33 2 34 24 14 35 25 22 4 39 20 15
2: 35 19 30 40 50 44 49 43 46 42 12 32 7 8 16 28 36 4 29 41 10 20 13 1 5 22 25 27 2 23 3 34 39 45 18 31 38 26 14 21 17 48 37 24 15 9 6 47 33 11
3: 46 49 44 48 12 11 28 21 29 37 36 47 7 34 26 19 30 27 14 2 35 38 16 39 5 18 4 1 42 17 10 45 32 33 3 50 43 8 15 22 23 31 24 6 40 13 41 25 9 20
4: 47 41 40 2 12 22 39 42 13 21 3 16 32 26 19 33 18 49 29 4 10 24 48 15 14 35 1 27 43 17 34 36 31 5 50 23 45 30 9 7 11 25 37 6 20 8 38 28 44 46
5: 36 18 42 41 8 22 31 30 14 1 28 40 12 20 16 13 48 15 9 3 45 27 19 2 26 17 21 37 4 23 25 46 38 44 39 35 43 10 50 49 7 6 24 5 33 11 47 32 34 29
6: 4 29 36 44 35 32 49 11 31 9 12 33 40 28 34 8 41 43 19 16 47 23 17 50 10 21 45 2 37 1 25 42 38 5 7 39 26 6 24 13 20 14 27 15 22 48 46 3 30 18
7: 30 12 42 9 44 37 1 25 28 10 22 26 5 8 49 47 13 20 36 18 11 33 32 3 7 39 4 48 16 19 6 27 46 23 34 24 31 43 2 50 41 45 40 15 21 17 38 29 14 35
8: 35 4 1 22 43 8 17 45 36 13 7 20 25 6 21 38 26 14 12 29 27 5 46 31 49 23 30 11 18 15 50 47 28 9 41 37 3 34 19 2 42 48 44 24 40 39 32 33 16 10
9: 4 48 36 47 9 37 8 2 40 50 39 24 29 38 3 7 15 19 21 5 46 10 17 22 6 35 14 23 42 44 16 1 31 13 43 30 33 11 28 20 26 27 34 25 18 32 45 49 12 41
10: 27 31 13 46 8 3 49 45 2 47 39 50 22 16 42 37 12 4 44 41 40 15 23 28 36 21 7 18 11 33 17 35 6 1 19 32 30 48 43 20 34 14 29 9 26 5 24 25 38 10
11: 44 34 37 31 3 6 27 50 5 38 15 49 1 35 12 10 23 18 21 45 7 11 42 39 43 13 22 41 48 46 40 4 24 36 25 19 29 14 47 28 32 17 30 26 2 33 20 9 8 16
12: 1 9 32 34 28 30 40 20 7 6 45 3 38 49 26 12 21 13 25 24 35 8 10 18 5 36 15 33 4 43 29 17 44 14 46 31 11 37 41 16 23 42 48 2 50 19 27 39 22 47
13: 34 32 26 11 17 48 43 24 12 38 16 45 35 4 22 30 19 8 39 25 9 5 36 41 40 1 14 42 49 47 7 10 28 33 29 3 20 46 37 18 13 44 27 31 50 15 21 6 23 2
14: 38 47 4 27 28 39 36 50 45 34 22 14 30 32 11 24 31 37 33 9 13 41 43 44 40 26 8 20 16 46 42 3 23 19 35 6 17 25 12 1 48 5 49 2 18 29 21 15 10 7
15: 48 26 22 2 33 36 32 17 9 31 27 46 24 13 18 15 47 1 44 10 20 50 4 14 25 11 45 23 37 39 6 38 19 49 43 40 28 34 16 35 21 5 42 41 29 3 30 8 12 7
16: 2 3 39 9 5 47 15 36 13 10 1 44 6 25 7 31 40 45 50 35 42 41 38 16 12 34 18 27 19 48 26 29 22 8 24 23 46 4 49 14 33 28 21 43 32 17 30 37 20 11
17: 19 30 13 28 5 11 44 45 32 3 26 38 9 22 18 17 1 37 27 40 33 41 46 29 2 35 24 36 49 8 47 43 15 14 10 48 6 42 23 12 16 4 50 34 39 25 7 21 31 20
18: 9 45 48 11 30 34 31 4 29 3 12 13 21 8 47 15 7 27 41 22 26 2 39 44 42 18 40 50 16 33 37 46 23 43 17 49 35 36 32 25 6 1 38 19 10 14 28 24 20 5
19: 31 40 24 1 39 43 49 26 16 22 23 8 50 12 7 20 46 48 35 25 42 41 9 2 17 45 37 4 11 28 19 27 47 18 29 33 21 3 14 10 34 15 6 13 36 44 32 38 5 30
20: 27 50 44 24 33 6 14 12 39 36 5 18 11 17 48 46 45 40 4 9 3 32 43 22 28 35 10 2 34 47 20 7 23 15 1 49 38 13 37 25 41 31 29 30 8 26 19 16 21 42
21: 24 46 21 19 15 23 48 3 18 9 16 5 35 26 10 25 38 20 50 30 7 6 12 32 49 22 17 47 41 39 13 33 43 40 27 4 36 45 44 11 37 34 8 29 28 42 1 14 31 2
22: 27 35 17 8 2 45 14 36 19 10 50 37 32 20 24 16 33 46 44 39 3 6 1 9 7 49 42 4 25 29 18 41 13 48 38 31 43 47 28 40 11 22 23 26 15 5 21 12 30 34
23: 45 49 43 3 46 27 10 24 1 50 28 19 5 17 14 11 9 26 37 47 32 31 40 38 4 12 20 16 36 34 2 18 22 39 42 6 15 7 25 23 8 33 29 35 30 41 13 48 21 44
24: 24 12 26 11 1 45 39 23 28 4 36 32 2 21 5 44 22 19 25 7 31 38 10 15 47 37 14 43 8 27 49 34 29 9 13 35 48 30 41 46 50 18 42 17 40 6 33 3 16 20
25: 25 18 4 7 37 6 22 5 24 1 15 38 33 40 10 12 9 16 27 8 47 50 35 26 45 13 28 30 44 46 3 17 23 14 42 11 39 2 19 36 32 29 31 20 34 48 41 43 21 49
26: 2 16 8 17 27 14 40 1 10 11 23 46 20 18 6 12 34 37 19 24 35 4 7 43 41 31 21 28 44 22 39 32 3 48 36 5 38 45 30 33 26 50 49 47 13 9 42 15 25 29
27: 12 34 37 6 29 46 15 20 36 18 25 14 42 50 43 45 1 28 21 4 33 3 49 35 48 44 31 38 41 17 47 9 7 19 13 32 11 24 16 23 40 2 8 39 30 26 27 22 5 10
28: 20 14 47 25 22 35 45 36 39 8 31 15 29 44 48 42 7 4 9 40 43 6 13 16 38 49 32 17 33 3 26 10 24 21 37 41 19 30 28 46 11 50 12 18 34 1 5 23 2 27
29: 35 39 30 20 28 17 33 41 6 15 14 8 16 47 32 4 50 1 29 34 46 7 22 49 44 24 12 45 2 10 23 5 13 11 36 19 9 42 26 3 25 40 21 37 43 31 38 18 27 48
30: 47 39 17 10 44 33 22 6 25 18 4 49 1 11 9 43 50 20 24 46 19 23 41 37 30 28 13 26 5 42 29 48 14 2 15 34 32 38 40 21 36 45 31 27 7 8 12 35 16 3
31: 40 39 15 12 30 25 16 34 9 5 49 36 1 48 3 23 28 45 37 24 6 29 17 43 38 26 27 22 32 21 50 31 42 8 33 46 7 13 2 44 18 14 41 47 35 19 20 11 10 4
32: 35 5 48 23 20 37 32 15 16 21 33 46 28 34 30 10 40 2 49 38 26 24 18 31 6 17 22 13 9 39 11 14 8 27 42 47 44 25 36 1 7 3 43 29 45 12 50 19 41 4
33: 47 43 27 4 38 31 39 11 2 3 23 42 36 33 15 7 35 28 5 9 10 20 30 22 8 26 46 21 40 19 49 32 18 25 41 34 6 24 50 45 29 37 44 48 12 17 13 14 16 1
34: 9 1 48 13 45 22 26 8 6 27 19 50 28 11 23 39 43 16 24 12 38 3 36 15 40 34 31 14 10 20 25 37 49 41 46 2 21 44 33 5 47 29 42 7 17 32 30 35 4 18
35: 14 12 49 4 15 8 13 18 20 5 2 9 19 1 7 41 3 27 48 38 10 31 21 37 36 42 17 33 23 24 34 32 28 26 45 44 11 50 22 47 16 6 29 35 46 25 39 40 43 30
36: 21 4 37 3 8 2 33 25 45 18 1 30 15 29 14 13 23 5 46 17 10 49 43 36 40 11 7 39 20 32 38 16 9 19 27 28 22 42 35 50 6 26 48 31 12 44 34 47 24 41
37: 10 11 6 3 44 43 17 12 20 21 45 47 31 37 32 38 39 33 13 23 42 49 8 4 27 24 30 40 14 9 15 41 50 26 28 36 34 5 22 29 18 2 35 7 16 19 1 48 46 25
38: 1 15 36 28 38 22 30 7 29 25 41 35 2 21 18 48 20 39 43 27 44 34 33 17 6 13 11 46 31 50 42 49 5 16 19 47 32 14 3 37 23 9 4 40 10 24 26 45 12 8
39: 7 9 23 50 16 2 1 3 14 47 31 34 41 38 29 49 42 6 20 40 15 26 18 8 37 17 10 48 27 21 22 39 19 24 25 4 43 33 5 35 30 44 28 13 32 45 36 46 11 12
40: 49 12 21 44 18 25 33 43 26 30 23 37 34 1 45 36 27 19 20 5 6 14 8 10 24 31 4 28 40 11 50 9 39 2 16 7 47 48 22 13 29 46 35 3 42 17 15 38 41 32
41: 19 39 13 49 30 24 11 36 48 41 16 4 44 37 9 1 47 26 25 18 17 35 38 50 3 7 6 31 21 29 33 32 15 28 12 8 5 10 34 45 42 20 14 43 27 23 2 22 40 46
42: 34 21 19 13 1 6 10 7 42 8 17 5 14 26 23 46 4 44 31 25 11 49 36 18 39 33 3 30 45 24 48 40 43 12 28 9 2 47 16 38 15 20 27 50 41 29 32 37 22 35
43: 7 29 18 19 41 20 13 48 16 31 2 34 3 26 1 32 15 44 12 37 45 38 46 49 11 5 8 21 43 23 40 50 27 4 10 42 14 35 33 25 30 47 36 17 9 39 22 24 28 6
44: 22 37 41 7 21 25 3 44 28 27 23 29 48 24 46 33 16 17 10 14 26 32 35 45 9 1 5 50 20 4 43 18 39 31 47 42 19 13 34 49 6 40 15 30 12 8 36 38 11 2
45: 42 44 32 2 37 46 50 39 27 31 26 34 3 6 28 11 41 21 19 17 36 49 29 1 48 24 8 16 35 23 22 7 40 45 15 43 4 9 47 12 30 25 10 38 18 20 5 33 14 13
46: 33 40 11 1 36 25 35 2 10 44 31 39 7 30 3 48 18 6 5 46 13 12 14 34 45 41 47 8 16 21 26 22 4 20 15 37 9 32 42 27 19 23 17 29 43 49 50 28 38 24
47: 8 46 3 25 15 29 10 40 27 38 20 21 39 49 31 28 26 9 2 32 44 42 45 1 34 48 33 13 12 22 35 17 36 19 7 43 4 41 23 14 6 5 37 24 18 50 11 30 47 16
48: 4 37 41 23 35 22 42 3 50 32 21 15 31 18 40 7 38 1 5 49 8 2 29 34 13 19 45 14 27 36 10 17 48 47 11 28 43 25 24 26 12 9 33 30 44 16 20 39 46 6
49: 15 25 20 40 14 31 37 29 39 34 27 3 1 10 11 9 48 32 13 12 45 36 4 18 7 41 24 5 38 44 42 16 26 22 28 30 19 47 23 35 43 49 21 46 17 8 50 2 6 33
50: 33 44 4 1 45 30 22 48 25 6 43 40 13 8 32 46 15 19 38 35 29 5 26 9 36 14 50 41 10 34 23 18 16 42 7 49 47 3 39 2 31 17 21 20 27 37 24 11 28 12
