50 50
1: 30 34 32 35 7 24 44 39 9 17 37 49 25 29 50 46 6 1 3 47 45 5 42 18 41 38 21 33 22 14 20 19 26 10 43 27 48 4 11 12 8 23 31 36 16 40 15 28 13 2
2: 43 49 21 2 42 32 50 46 17 14 11 3 12 35 41 25 36 13 23 39 15 19 16 1 38 28 30 27 9 10 31 47 5 18 22 6 20 26 48 29 34 40 33 24 8 44 37 7 45 4
3: 18 30 6 16 32 50 3 10 31 43 33 34 27 23 8 39 35 19 42 22 15 28 47 12 4 26 11 25 38 40 29 2 21 1 45 37 46 41 7 49 36 48 20 13 14 44 9 5 17 24
4: 16 4 19 30 12 48 34 13 35 26 23 18 6 24 8 27 1 38 43 3 2 49 10 50 31 11 14 36 15 20 45 40 44 22 28 39 21 47 41 7 25 17 29 37 46 32 33 9 5 42
5: 13 28 41 40 36 6 26 14 18 21 35 38 31 7 46 17 33 29 39 23 5 48 4 3 10 22 20 43 12 32 45 50 44 16 9 15 1 11 49 37 2 27 8 34 19 25 30 42 24 47
6: 3 36 24 33 19 23 7 46 15 32 28 2 13 44 27 25 22 42 39 17 48 34 35 9 1 11 10 18 37 45 50 26 41 4 16 5 12 38 8 14 40 43 30 29 6 31 49 20 47 21
7: 11 46 36 43 8 24 15 44 23 35 19 17 30 49 10 22 21 16 1 20 45 33 31 50 28 42 48 7 41 38 34 12 32 5 18 14 27 2 47 40 39 6 4 25 37 9 29 3 26 13
8: 12 31 45 14 26 3 23 44 43 25 30 28 16 22 38 17 48 37 24 32 50 11 36 39 35 8 1 18 15 21 10 34 29 19 4 2 41 27 6 40 49 13 33 20 5 7 47 9 42 46
9: 8 29 37 26 19 11 17 3 49 9 34 39 1 16 7 27 18 20 24 50 23 48 15 13 21 41 10 12 28 36 22 46 5 35 30 4 25 40 32 47 45 33 38 31 44 14 42 2 43 6
10: 40 8 31 47 5 30 41 9 29 2 25 46 39 50 34 27 21 18 14 24 32 15 6 45 13 11 23 17 38 19 43 28 26 35 3 22 48 12 16 36 20 44 10 1 37 42 49 7 4 33
11: 19 2 38 20 5 16 50 17 10 39 33 41 15 12 47 36 46 45 14 9 26 18 27 23 42 22 24 28 35 34 6 29 48 1 43 21 25 31 4 30 8 44 32 37 7 40 11 3 13 49
12: 43 23 44 25 2 28 41 45 5 15 13 10 47 40 3 37 17 22 12 50 39 31 8 21 26 14 16 34 29 46 38 42 9 33 7 11 4 20 35 1 6 27 36 30 24 18 32 49 19 48
13: 22 9 40 38 27 5 48 26 36 11 15 14 30 19 12 50 16 25 20 41 18 23 24 45 28 4 37 33 7 46 2 10 3 49 29 34 35 17 13 43 31 32 1 6 42 44 21 8 39 47
14: 14 20 1 48 19 16 8 39 47 23 44 13 37 36 41 25 28 5 18 21 27 30 11 49 45 46 26 38 33 24 40 22 35 32 6 31 29 50 43 42 3 4 17 7 2 34 9 12 15 10
15: 33 40 14 50 34 8 9 45 30 36 46 48 26 23 13 35 43 25 28 3 11 24 20 12 22 27 37 19 18 7 21 38 1 15 32 39 2 6 29 49 41 16 31 44 47 10 4 5 42 17
16: 31 47 18 2 36 21 7 15 29 22 23 16 26 4 20 32 38 41 25 12 17 11 13 50 5 35 43 30 3 19 42 40 8 45 39 9 6 44 28 24 46 14 1 37 10 27 49 33 48 34
17: 47 50 39 45 15 38 16 18 5 21 49 32 1 30 17 10 41 27 42 7 24 6 23 36 4 25 22 9 2 31 28 44 35 34 33 48 13 29 37 3 11 46 20 43 8 19 14 26 40 12
18: 1 40 9 27 2 6 50 38 45 37 4 15 13 31 22 35 17 23 47 33 46 44 28 3 25 5 24 12 32 34 11 42 48 14 10 21 41 8 16 18 19 30 7 49 36 43 39 26 29 20
19: 29 39 27 33 6 32 22 23 36 48 30 4 1 46 47 40 41 15 35 12 14 49 42 44 17 10 20 8 45 18 38 37 26 5 7 16 11 2 28 25 13 19 31 50 43 21 34 3 24 9
20: 2 19 45 44 4 23 8 48 15 26 31 5 41 28 32 49 35 14 17 13 11 21 30 7 24 9 47 40 38 3 36 12 29 42 22 27 20 10 33 43 1 37 50 16 34 39 46 6 25 18
21: 23 35 9 16 38 45 28 22 43 11 37 36 27 4 29 24 1 14 8 7 31 17 46 34 39 47 5 32 2 50 33 12 20 21 48 19 15 26 13 10 25 41 40 30 42 6 18 49 3 44
22: 41 23 19 20 10 28 48 25 31 43 14 30 47 27 37 17 35 11 4 16 50 12 33 2 24 29 49 8 44 1 18 15 13 42 40 45 7 6 21 32 34 9 39 36 38 5 22 46 3 26
23: 38 15 18 46 36 25 24 20 29 41 33 44 7 19 32 27 23 39 14 47 43 6 13 34 21 3 16 42 5 17 50 2 37 8 49 9 4 26 12 28 22 48 10 45 35 40 1 31 11 30
24: 30 46 9 8 33 38 45 21 48 18 40 19 36 35 31 28 43 11 37 5 2 32 39 42 26 41 12 47 24 17 4 20 16 3 10 1 44 13 50 25 29 23 27 49 14 6 34 22 15 7
25: 16 11 38 10 40 34 9 30 19 14 29 45 6 26 23 21 48 27 3 41 25 36 1 13 24 15 17 5 4 33 7 37 47 44 31 2 42 50 12 32 46 39 20 8 43 49 18 28 35 22
26: 15 33 43 35 23 41 26 47 1 4 16 12 14 31 27 22 39 19 32 36 38 44 20 45 7 13 3 37 18 10 46 42 6 28 2 49 34 24 29 30 48 17 5 21 50 11 25 9 8 40
27: 25 27 14 17 23 1 36 34 43 40 13 47 5 7 31 24 45 8 39 22 29 49 19 32 18 20 15 26 6 37 38 2 44 46 28 16 48 9 12 33 41 50 30 3 10 4 21 35 11 42
28: 25 20 46 11 23 5 10 18 33 28 24 47 13 1 27 34 35 15 17 19 45 43 6 38 3 49 14 50 30 16 7 42 2 22 26 29 40 4 8 12 41 9 36 37 32 44 31 39 48 21
29: 44 46 36 40 11 27 1 8 26 4 34 47 30 23 21 31 13 18 28 14 12 37 50 16 25 29 24 42 38 3 17 19 22 9 41 35 32 2 48 49 43 39 7 45 10 20 5 33 15 6
30: 14 35 17 43 50 4 27 20 10 2 48 26 37 3 23 8 21 33 41 19 49 18 32 24 40 39 9 31 30 25 5 13 6 42 11 46 44 16 29 22 7 28 45 34 36 38 15 47 12 1
31: 26 28 41 22 25 20 48 17 33 15 10 16 21 36 47 13 34 39 18 14 40 27 11 44 19 50 35 43 23 46 2 42 7 30 37 24 1 6 31 3 12 9 32 29 5 45 49 8 38 4
32: 5 49 8 32 42 39 6 18 10 19 34 36 16 45 33 26 2 7 28 3 43 4 40 24 27 22 17 25 47 13 11 29 50 31 23 41 37 14 35 44 30 20 15 21 46 9 48 12 1 38
33: 10 27 40 8 19 9 11 23 13 47 3 22 32 49 34 35 46 48 26 2 36 18 43 5 4 16 37 33 39 45 44 14 15 17 50 12 28 21 41 38 30 6 29 7 24 1 42 20 31 25
34: 36 34 49 44 19 31 46 13 10 50 23 45 15 22 8 42 2 27 17 38 47 11 43 25 7 39 26 12 4 29 37 35 30 9 28 41 40 32 18 14 33 48 16 24 20 3 21 5 6 1
35: 29 24 30 35 8 7 50 23 26 11 31 28 39 14 36 33 42 16 37 6 43 34 2 15 19 5 18 22 49 45 21 20 32 4 9 12 44 27 13 47 1 41 48 3 25 17 38 10 46 40
36: 25 45 5 28 3 18 34 27 43 9 2 22 38 7 16 33 41 35 17 46 48 37 49 21 29 1 11 20 8 47 14 6 12 4 24 44 15 26 42 19 32 31 36 13 50 40 39 23 30 10
37: 24 38 14 5 43 29 36 44 37 48 15 23 45 35 32 18 46 47 13 39 9 33 50 49 12 3 16 31 19 10 25 8 30 28 22 7 34 42 41 17 2 1 40 20 11 6 27 26 4 21
38: 32 23 37 36 44 34 6 39 49 25 19 42 48 30 16 4 7 9 46 1 50 10 3 20 12 26 21 35 29 13 41 11 40 5 28 31 22 17 14 43 2 47 38 24 33 27 18 8 15 45
39: 10 18 14 26 41 20 17 30 40 35 28 46 49 48 6 11 44 9 21 1 13 4 31 39 5 29 42 24 43 2 19 50 45 27 7 47 15 8 34 38 22 12 37 32 16 23 33 3 25 36
40: 29 28 25 6 42 33 7 12 10 27 11 4 16 23 34 41 14 21 46 5 20 30 47 39 49 24 45 18 26 32 40 35 17 3 43 37 15 19 22 2 44 9 38 31 1 13 48 50 8 36
41: 38 18 48 50 37 14 41 28 11 12 30 1 20 8 39 43 45 36 13 3 49 40 31 22 2 16 23 7 42 19 4 26 15 34 10 9 27 24 6 47 33 32 25 17 44 46 21 29 5 35
42: 49 26 16 24 14 7 4 21 27 2 15 28 34 10 43 37 47 20 40 41 32 36 8 38 18 25 1 48 9 5 17 12 31 30 44 33 46 13 3 22 39 29 45 50 23 19 6 35 11 42
43: 33 15 35 17 3 34 39 18 32 43 7 8 22 27 41 13 1 36 12 28 49 37 20 4 21 19 14 23 6 10 45 16 44 47 50 48 5 29 24 11 40 38 26 9 42 2 25 30 46 31
44: 47 9 41 45 15 44 33 27 24 18 3 31 11 35 25 1 10 17 21 29 40 8 28 4 36 23 42 34 13 49 37 38 14 26 19 43 20 16 5 22 6 7 12 30 32 46 48 39 50 2
45: 48 27 20 44 26 19 23 43 37 17 41 5 2 1 8 34 15 13 7 40 32 11 10 38 50 3 33 25 30 29 9 36 28 39 14 4 22 35 45 42 46 16 12 21 18 6 31 47 49 24
46: 41 18 12 1 47 49 7 40 22 50 23 28 11 35 36 26 4 43 5 16 3 17 39 25 38 14 21 8 13 2 9 24 29 32 46 34 10 37 45 48 30 20 42 31 15 33 6 44 27 19
47: 16 34 20 39 7 15 2 23 40 1 27 4 17 42 25 9 44 32 46 31 21 35 38 33 26 30 29 50 48 8 47 18 10 13 11 19 24 36 43 3 45 12 22 5 41 6 28 37 14 49
48: 17 27 26 7 34 5 43 40 20 24 14 1 8 19 38 21 39 11 9 29 49 44 48 12 37 46 6 33 18 22 47 10 3 28 23 36 4 41 25 32 42 15 2 30 35 50 13 31 45 16
49: 3 14 22 49 23 9 33 1 18 15 11 19 10 44 21 46 5 48 6 20 12 17 27 35 13 24 38 37 25 34 31 30 4 2 42 41 8 39 29 36 45 26 40 7 43 50 47 32 28 16
50: 23 47 33 48 40 12 28 38 22 50 32 35 17 49 9 15 39 7 21 3 25 8 19 29 43 18 42 46 2 11 10 44 37 4 5 41 1 31 24 14 26 45 27 6 36 34 20 16 13 30
1: 10 27 24 30 25 45 7 44 33 8 43 36 11 18 35 38 47 28 29 9 50 46 6 21 40 39 42 12 23 14 37 31 17 20 32 22 16 4 26 2 1 13 5 49 41 19 34 48 3 15
2: 17 14 23 10 33 3 13 29 31 37 41 35 20 16 42 26 18 11 46 45 24 7 44 38 1 39 2 27 9 4 19 36 48 22 30 50 21 47 40 12 15 5 49 6 43 8 25 28 32 34
3: 36 31 4 43 8 30 44 2 40 26 49 17 41 16 29 22 23 46 50 6 33 47 14 42 10 28 45 38 9 35 12 7 32 34 20 13 48 25 15 24 18 3 27 1 11 21 19 5 37 39
4: 37 30 10 25 38 32 50 23 17 20 47 29 44 14 36 35 46 3 5 2 27 19 6 48 49 43 16 42 4 9 13 22 11 18 1 34 26 12 31 33 8 7 24 21 40 39 28 15 41 45
5: 5 4 3 49 2 44 33 34 24 30 22 6 13 39 31 7 11 42 23 50 18 48 29 43 36 19 9 27 46 20 41 28 8 37 17 1 40 45 12 38 25 26 47 35 10 21 14 15 16 32
6: 2 17 22 18 39 48 9 40 45 33 43 8 41 16 3 37 42 24 34 30 46 31 20 28 1 19 11 38 10 44 15 13 29 49 35 32 50 14 27 21 47 25 6 36 5 23 12 4 26 7
7: 3 31 39 30 10 16 1 49 38 48 14 25 44 50 35 17 36 26 13 23 27 32 47 46 18 21 43 19 42 15 9 11 8 7 45 4 37 5 40 24 28 41 2 20 6 12 34 33 29 22
8: 45 40 42 6 8 11 38 37 7 25 36 33 21 49 34 27 2 28 31 22 30 20 5 18 39 41 13 24 32 19 43 4 26 46 35 15 50 14 47 23 10 1 48 9 12 3 29 44 16 17
9: 1 49 37 2 4 36 31 30 29 26 12 13 32 16 44 9 38 39 35 25 27 40 14 18 50 11 23 41 17 3 22 21 6 7 34 42 19 47 45 10 24 8 20 46 5 48 28 43 15 33
10: 13 20 46 44 38 47 25 28 35 12 34 33 24 31 23 6 16 37 30 21 50 18 15 26 8 2 41 17 45 1 7 10 19 48 42 36 14 29 22 32 9 43 5 39 27 11 3 49 40 4
11: 46 48 50 25 33 5 49 43 4 13 6 47 36 16 24 38 20 1 10 35 30 41 29 14 3 15 22 37 2 21 11 39 32 23 34 31 19 17 18 12 40 27 44 9 28 42 45 8 7 26
12: 35 50 33 27 28 13 6 19 47 5 29 18 24 45 40 30 32 21 37 23 17 4 46 10 42 44 9 2 39 36 31 34 7 26 48 15 41 16 25 8 14 3 20 49 38 12 11 43 22 1
13: 44 38 42 48 14 23 41 10 30 17 1 28 6 46 7 32 16 2 22 45 18 50 21 33 37 34 35 4 47 20 9 31 29 11 13 15 39 25 26 19 5 3 36 24 12 43 49 40 8 27
14: 10 43 13 32 31 11 41 18 1 12 45 16 27 29 39 44 28 23 49 35 21 48 26 50 7 33 14 17 19 8 37 42 30 2 34 6 40 38 9 22 25 4 3 15 47 24 20 36 46 5
15: 40 34 12 45 44 30 2 37 25 21 10 20 28 5 27 29 9 42 19 43 3 8 26 18 38 6 32 36 16 23 15 13 7 31 11 49 4 46 14 33 39 41 24 35 48 1 47 50 17 22
16: 46 5 11 16 10 32 18 37 26 38 22 42 43 31 25 17 4 27 6 33 50 28 29 8 9 34 21 15 39 23 1 49 48 19 40 13 14 12 7 36 24 35 3 20 44 47 41 45 2 30
17: 19 2 11 40 29 30 20 47 4 37 17 22 33 26 14 41 6 3 39 25 49 34 36 45 32 42 15 8 9 7 23 44 10 12 21 31 50 1 28 43 35 27 38 16 5 13 48 18 46 24
18: 41 29 3 7 28 16 24 26 5 10 13 30 17 38 46 39 40 27 47 36 20 9 6 33 12 48 45 18 34 25 42 19 4 37 15 11 35 43 31 32 8 14 2 21 44 23 1 22 49 50
19: 33 17 9 34 20 27 6 48 3 12 35 19 42 37 30 11 4 7 1 15 26 10 2 31 44 29 32 13 21 45 47 50 18 5 16 24 36 43 28 8 39 46 14 49 22 25 41 38 40 23
20: 18 32 21 26 3 31 19 38 29 7 50 49 2 5 44 43 6 17 48 39 40 47 24 34 30 16 25 36 12 35 11 42 20 41 1 10 14 33 15 45 13 22 37 23 27 9 4 28 46 8
21: 50 1 29 3 48 33 15 21 24 35 38 13 49 25 30 43 7 18 12 40 31 2 41 20 46 22 4 47 39 19 10 9 17 28 37 16 34 23 5 45 36 6 27 14 32 8 44 11 26 42
22: 49 12 14 2 32 43 48 33 3 45 17 8 19 18 35 46 6 26 39 41 20 38 1 30 23 27 44 47 24 42 4 22 31 16 28 13 5 40 29 37 21 34 15 25 11 10 36 9 7 50
23: 10 43 33 22 36 37 19 28 9 25 40 17 4 27 35 13 26 24 7 5 12 50 45 29 32 15 14 18 11 1 42 47 8 16 20 34 39 49 23 48 46 6 38 2 3 30 21 44 31 41
24: 38 37 10 4 33 32 22 41 35 30 48 2 27 34 19 3 46 11 40 25 13 12 49 21 47 36 6 39 43 42 15 29 31 18 23 17 16 9 26 1 7 50 14 20 45 28 44 24 8 5
25: 7 14 46 33 23 18 10 45 22 47 12 35 34 48 26 29 36 15 43 49 4 24 3 8 13 20 38 27 37 21 32 31 1 6 41 28 19 40 39 2 50 11 25 30 9 42 44 16 5 17
26: 37 50 35 24 15 47 28 21 12 43 45 48 30 49 9 25 17 20 42 7 44 46 41 22 32 8 2 14 40 27 4 6 33 36 13 23 16 1 29 26 31 34 18 19 3 38 11 39 5 10
27: 37 10 5 19 3 40 46 21 38 26 12 39 30 29 16 11 23 22 32 4 28 7 33 9 42 44 43 47 24 50 18 13 8 27 35 20 49 15 31 34 14 6 17 1 36 45 48 25 41 2
28: 6 9 45 47 2 19 33 15 32 44 42 30 8 20 7 16 12 11 39 5 25 17 34 37 24 23 35 3 22 43 26 1 49 38 14 50 29 13 48 28 4 41 36 18 31 46 27 10 40 21
29: 38 22 25 14 48 39 12 7 28 15 47 11 3 20 37 6 24 23 50 1 27 46 8 16 29 4 9 36 21 45 33 30 18 34 13 35 2 42 41 43 32 31 5 19 44 40 10 26 17 49
30: 46 50 48 39 7 3 12 42 6 23 9 22 1 36 28 26 29 10 4 5 33 38 41 40 32 43 11 24 14 35 31 13 2 45 19 34 47 27 30 37 21 15 18 8 17 25 49 20 44 16
31: 23 26 21 49 13 3 41 32 29 27 45 42 1 33 7 50 9 20 38 31 4 22 12 25 46 2 17 36 6 34 16 10 43 48 47 37 15 35 28 11 30 14 8 40 18 39 19 24 44 5
32: 17 4 7 30 15 43 41 20 11 25 45 27 5 44 6 46 31 37 42 18 50 10 33 35 34 40 38 23 48 47 12 8 19 13 22 36 16 24 32 39 49 9 1 29 3 28 14 21 2 26
33: 9 13 48 25 18 37 19 26 30 12 40 39 27 43 33 20 45 11 8 35 50 36 44 46 29 17 6 2 7 1 47 21 16 3 38 23 4 49 15 10 42 5 41 32 14 31 22 24 34 28
34: 11 13 16 43 21 44 4 39 42 2 17 30 41 48 45 28 38 32 9 40 18 25 35 49 3 37 47 24 8 19 33 6 5 29 31 7 12 50 1 10 27 14 34 15 20 46 36 22 26 23
35: 14 42 1 12 33 31 18 48 10 20 41 35 37 50 15 32 39 2 4 22 34 23 21 5 13 19 7 36 25 11 27 16 43 47 40 8 28 9 38 6 44 3 29 24 45 26 30 49 46 17
36: 40 11 32 28 5 8 13 47 6 9 31 35 2 27 23 21 19 4 33 37 20 38 44 49 34 10 18 12 24 30 22 42 26 46 3 1 17 25 48 15 36 45 16 50 14 7 41 29 39 43
37: 46 27 47 36 23 4 13 11 34 19 41 42 14 43 50 40 45 12 5 20 17 49 44 3 37 32 29 35 6 10 22 31 21 1 38 16 8 7 25 33 24 30 9 2 26 48 18 15 28 39
38: 49 32 10 35 30 21 15 1 18 11 47 43 33 40 29 44 20 41 28 9 36 12 25 19 23 34 2 7 16 37 17 6 38 48 31 45 13 24 39 8 14 5 22 3 50 26 42 27 46 4
39: 14 22 2 31 7 46 29 34 39 38 42 32 37 45 27 3 28 17 26 19 8 44 24 1 13 49 25 11 36 47 10 9 4 48 30 21 33 20 15 23 35 43 50 6 5 12 41 16 18 40
40: 47 36 2 27 25 46 6 41 5 17 11 10 4 14 16 1 7 29 8 18 26 23 35 45 39 24 30 22 31 28 42 34 50 49 9 32 48 13 33 3 37 40 12 21 15 20 44 19 38 43
41: 31 41 20 16 5 46 3 35 40 25 12 15 22 38 37 19 33 39 13 10 23 48 4 7 44 1 32 45 18 29 43 24 17 21 50 9 2 27 8 34 42 14 47 11 30 6 36 26 28 49
42: 42 47 25 46 40 35 4 45 24 49 33 31 13 19 39 6 7 18 38 43 9 26 17 12 15 5 14 41 16 44 48 28 27 2 20 32 8 23 22 21 1 11 30 50 29 34 36 10 3 37
43: 23 17 43 1 10 15 9 48 25 11 41 42 18 39 6 26 45 29 49 32 13 2 24 22 30 38 3 31 20 7 4 36 14 47 33 35 44 12 5 50 27 46 28 21 34 8 16 37 19 40
44: 15 3 31 46 1 37 41 48 38 28 12 39 40 17 36 18 16 11 4 20 45 22 44 13 32 19 5 42 14 30 2 8 50 6 29 49 9 35 7 21 47 10 27 33 23 43 24 26 25 34
45: 31 34 50 44 1 29 17 3 9 42 7 20 33 40 36 19 14 6 2 25 47 16 15 32 38 4 24 11 45 35 49 21 26 30 18 8 23 48 5 39 28 43 10 27 41 13 22 37 12 46
46: 3 26 42 18 15 40 13 50 2 44 29 21 1 32 47 16 4 30 31 36 27 5 11 9 48 20 34 8 49 35 22 7 33 24 6 17 38 14 10 41 46 23 25 37 43 39 19 45 28 12
47: 47 24 37 29 5 28 36 7 33 26 4 11 31 17 23 13 43 16 42 35 41 27 45 50 9 14 6 49 32 44 18 12 2 21 30 10 46 38 1 22 3 25 19 40 15 34 48 39 20 8
48: 34 41 46 39 13 3 10 26 12 7 17 48 18 5 22 8 1 27 32 28 33 9 21 30 49 36 43 6 25 50 24 16 37 35 4 38 20 15 47 29 44 19 2 23 14 11 40 42 31 45
49: 44 8 25 19 22 21 28 35 11 30 2 47 15 16 40 39 12 7 5 1 33 46 36 32 48 3 24 23 37 9 41 43 45 4 20 6 34 14 26 49 18 29 17 50 42 31 13 38 27 10
50: 36 24 13 3 50 32 9 8 38 25 15 43 17 41 33 19 14 12 44 16 46 23 37 34 40 49 45 26 28 2 7 22 31 35 42 1 48 30 10 21 27 4 39 6 29 5 18 47 11 20
