50 50
1: 29 6 19 34 8 41 9 32 13 36 22 43 50 24 10 23 37 35 31 46 4 1 30 40 7 14 47 21 26 11 25 18 48 15 17 45 38 20 39 28 49 33 12 5 44 42 16 3 2 27
2: 19 7 39 31 8 27 44 3 26 25 28 13 38 36 50 49 48 14 34 22 43 23 12 35 1 17 30 46 16 2 20 33 40 45 29 5 6 10 11 21 37 9 32 41 24 42 15 18 4 47
3: 29 22 20 6 14 28 18 21 17 10 42 3 47 11 33 12 9 49 8 7 32 38 34 19 16 24 4 5 23 31 36 30 26 13 45 27 46 43 25 44 35 15 41 48 2 50 40 39 1 37
4: 7 23 35 24 12 30 49 42 1 5 25 2 4 41 11 26 19 3 48 18 39 16 43 38 6 22 14 33 27 21 8 40 47 31 28 29 50 17 45 34 37 13 32 44 15 10 36 46 20 9
5: 29 13 1 16 26 3 9 22 27 41 18 40 28 21 12 10 8 33 32 11 30 35 25 7 39 23 19 48 44 36 37 42 46 34 38 4 24 43 2 5 14 50 47 17 45 6 15 49 31 20
6: 50 17 11 26 12 8 16 34 4 2 41 13 20 43 38 35 44 25 32 7 6 14 22 21 5 30 1 45 29 15 31 18 36 33 23 48 46 9 3 27 28 37 39 42 10 49 47 19 40 24
7: 24 50 29 27 18 15 42 34 43 5 13 17 7 30 2 9 49 46 8 12 14 39 35 36 4 45 48 10 38 44 3 41 28 32 11 22 19 26 33 40 21 25 23 16 31 37 1 47 6 20
8: 9 29 15 31 43 19 22 35 42 36 7 27 18 45 12 16 8 47 48 44 30 3 10 21 34 40 41 39 6 38 23 1 33 46 5 20 25 4 11 17 49 26 24 32 13 37 2 50 14 28
9: 30 19 18 27 36 24 45 35 16 1 23 33 39 26 34 4 15 50 48 38 32 44 47 14 25 40 10 6 12 21 17 37 3 8 13 29 2 11 41 20 49 43 46 42 31 5 22 7 28 9
10: 24 35 38 20 16 44 22 49 12 18 17 25 26 34 7 46 41 50 39 37 10 45 8 48 14 27 40 43 31 47 1 28 2 21 32 5 9 6 33 42 36 3 29 11 30 15 13 4 19 23
11: 23 28 38 32 9 45 10 37 4 2 26 24 5 25 33 36 44 22 1 8 21 43 47 11 17 31 20 34 49 27 41 40 19 3 15 35 13 7 16 48 39 12 46 6 42 29 50 30 14 18
12: 15 45 47 14 50 39 12 17 23 48 33 46 28 4 27 29 6 9 5 49 41 13 35 16 1 40 7 30 42 11 43 20 18 8 37 32 36 25 34 3 44 24 2 19 21 22 31 10 26 38
13: 10 5 42 7 49 12 21 14 35 34 22 39 8 4 28 45 19 25 26 20 1 41 9 2 37 44 47 6 11 33 29 27 46 36 31 17 40 13 23 18 3 15 32 48 38 43 24 30 16 50
14: 39 23 30 21 5 36 12 8 31 29 43 24 27 32 38 11 42 35 1 28 22 6 47 2 20 50 16 3 25 44 14 10 41 15 13 9 17 19 7 48 18 33 26 49 45 34 37 40 4 46
15: 39 49 2 10 17 43 38 36 12 8 40 22 15 35 37 25 9 4 33 1 20 41 47 3 48 14 16 31 26 13 29 7 50 11 30 27 19 6 21 34 5 45 24 42 18 32 23 28 44 46
16: 43 29 30 41 40 50 24 26 19 31 11 23 1 49 17 32 36 35 4 34 46 38 33 20 14 16 8 6 15 44 7 22 13 28 21 27 39 42 48 45 2 9 12 25 10 47 5 3 37 18
17: 19 50 36 11 47 35 34 33 4 14 1 7 24 25 12 31 2 42 48 15 3 44 39 32 6 28 18 10 16 46 13 37 23 22 26 41 17 20 40 5 8 29 38 49 21 30 27 43 9 45
18: 37 49 43 8 19 31 50 22 39 24 46 21 45 12 29 17 33 18 2 26 41 3 42 36 27 11 5 7 34 13 20 44 32 47 30 15 10 38 40 48 14 28 16 6 1 35 23 4 9 25
19: 50 36 6 12 16 17 29 30 7 9 14 24 20 26 10 32 8 42 45 3 27 44 49 39 38 33 34 21 43 23 47 13 41 48 19 2 35 22 18 5 11 31 25 1 28 37 46 40 4 15
20: 50 20 16 25 42 44 34 47 30 37 38 29 4 18 2 17 48 21 10 27 39 32 13 46 31 14 7 43 26 19 45 9 5 8 11 35 3 40 12 49 6 36 1 15 41 28 22 33 24 23
21: 26 47 10 14 44 22 48 35 23 29 42 32 50 11 45 34 21 12 24 17 6 13 7 27 1 41 43 18 5 25 20 39 19 3 49 36 33 2 4 16 46 40 30 31 28 8 37 15 38 9
22: 31 15 48 24 21 38 23 50 29 1 35 32 49 7 44 43 13 28 6 33 40 30 5 42 10 4 9 41 47 36 34 37 39 11 8 26 14 20 12 22 45 46 17 18 2 27 19 16 25 3
23: 28 10 44 45 7 23 3 43 33 2 26 37 34 41 16 17 12 14 32 24 21 5 9 19 11 27 29 20 48 6 18 13 46 4 15 50 38 1 35 47 25 22 36 31 42 30 8 49 40 39
24: 13 2 12 44 7 6 11 41 23 35 25 49 1 19 30 33 14 38 27 17 20 21 45 40 18 24 34 48 50 15 28 31 43 9 46 3 16 36 5 37 42 39 22 8 4 47 29 32 10 26
25: 46 13 35 1 10 31 40 12 9 3 2 23 43 44 11 33 32 25 36 5 39 8 28 19 29 20 14 45 22 41 38 24 6 49 26 37 7 50 47 48 16 4 17 27 30 21 42 18 15 34
26: 46 44 6 8 37 31 9 36 21 23 7 3 30 22 32 28 14 38 26 49 16 48 27 47 12 10 15 42 19 11 13 20 17 24 41 40 29 50 1 2 18 34 43 4 25 35 5 33 45 39
27: 37 19 26 24 40 21 4 30 15 11 42 13 38 34 17 36 20 49 29 1 50 7 16 9 39 8 25 33 48 47 32 5 3 18 44 6 2 28 12 27 10 43 35 45 22 46 23 41 14 31
28: 45 32 15 9 11 6 43 16 3 5 24 49 50 25 30 33 13 41 44 29 34 19 18 36 7 35 27 14 38 42 31 8 4 22 47 17 20 39 40 37 1 23 21 48 12 46 10 28 26 2
29: 37 2 48 18 39 4 16 46 8 5 15 42 34 9 47 45 50 24 32 33 21 26 44 29 35 23 40 17 13 14 3 25 12 43 6 22 11 10 19 38 30 28 20 7 1 36 49 27 31 41
30: 43 11 29 41 15 46 10 9 34 17 19 25 44 37 49 26 24 12 39 42 48 28 27 47 4 2 35 45 21 3 40 14 8 20 38 16 23 5 30 1 22 36 6 32 7 50 18 33 31 13
31: 36 48 15 12 38 22 25 1 21 2 44 20 32 18 8 41 9 40 30 43 46 24 6 4 45 34 31 28 26 7 29 35 16 50 3 17 37 39 49 33 14 5 13 19 27 42 47 11 10 23
32: 10 37 11 41 45 39 5 49 9 22 34 30 16 15 48 14 20 32 46 33 47 13 7 28 23 31 8 18 25 24 26 35 42 12 36 17 43 50 1 3 29 2 27 6 44 38 4 21 19 40
33: 6 26 34 43 36 4 32 37 49 31 22 40 27 33 46 41 7 29 42 19 38 14 3 8 20 12 21 17 18 44 39 13 45 24 47 25 35 5 48 10 9 50 16 1 2 15 11 23 28 30
34: 18 35 13 36 27 38 9 7 21 19 23 48 8 22 12 24 4 25 42 37 20 17 49 3 47 41 2 32 44 6 33 16 45 5 29 15 31 10 11 14 1 39 26 50 34 43 40 28 30 46
35: 40 20 28 9 7 45 8 15 39 11 4 25 27 37 47 32 21 49 1 34 12 19 50 16 17 13 14 41 24 36 35 29 44 23 42 18 46 48 2 38 22 3 43 5 10 30 31 26 33 6
36: 19 27 20 34 42 13 17 45 1 38 18 21 43 5 10 28 36 6 23 47 25 4 24 39 22 8 50 32 48 7 15 41 31 49 9 33 16 30 26 3 14 29 40 2 37 12 44 46 35 11
37: 32 16 2 22 5 10 46 14 38 41 26 39 19 9 3 31 42 33 17 6 24 11 28 27 23 40 25 36 45 15 18 12 50 30 8 37 21 44 1 35 4 47 13 7 43 34 48 20 49 29
38: 11 46 40 25 35 9 27 45 13 41 36 44 8 23 16 5 48 38 3 7 50 21 10 42 32 30 20 33 37 18 15 2 43 29 12 4 49 24 1 14 22 6 26 28 47 39 34 19 31 17
39: 32 9 11 19 20 6 44 33 23 29 2 48 30 12 15 22 25 40 18 37 45 14 28 46 39 50 8 5 36 3 41 17 34 13 42 47 26 43 21 31 35 7 16 24 38 49 10 27 1 4
40: 43 19 9 30 8 16 47 21 27 24 12 31 18 10 36 6 13 7 3 26 5 15 25 29 14 39 38 35 33 40 2 20 49 34 48 28 23 45 4 37 42 17 22 1 50 11 32 41 46 44
41: 28 20 32 23 41 5 12 26 47 7 50 40 24 15 2 36 45 6 33 39 18 31 10 21 48 1 46 22 14 17 3 38 29 8 43 9 42 37 30 16 49 25 27 35 4 44 34 11 13 19
42: 13 50 1 42 22 15 49 46 32 38 12 37 3 14 36 2 11 35 41 7 4 28 20 24 19 43 8 48 18 47 9 30 26 10 45 34 17 40 5 27 39 31 21 6 29 33 25 16 44 23
43: 4 1 10 36 6 25 46 14 18 44 26 30 19 40 15 21 2 8 37 31 41 39 32 43 33 20 7 47 5 24 29 16 12 3 28 11 22 17 13 34 38 45 42 48 35 23 50 49 27 9
44: 47 48 9 29 31 32 37 39 22 17 50 28 36 35 43 38 16 24 4 20 10 8 13 14 41 5 34 12 7 2 18 42 44 27 1 19 40 46 30 3 15 33 26 21 45 25 49 6 11 23
45: 37 35 46 2 48 18 34 38 17 23 19 30 20 28 16 43 1 25 39 9 41 15 36 29 8 11 4 12 13 32 22 21 3 6 44 26 7 50 31 27 10 40 45 14 5 24 42 47 33 49
46: 28 40 36 27 16 26 47 7 6 50 49 23 29 9 14 15 35 44 34 37 10 17 38 33 24 43 42 45 32 5 4 19 12 2 3 25 46 22 48 31 30 20 41 13 39 21 11 18 8 1
47: 36 16 23 46 31 11 5 43 42 40 21 12 29 9 18 33 8 19 47 39 32 20 50 10 17 24 38 15 3 1 22 6 25 7 44 37 28 26 4 48 49 34 45 30 14 35 13 2 41 27
48: 33 28 13 35 30 2 48 34 20 22 41 25 17 32 36 40 29 44 18 31 37 42 1 46 7 12 45 6 9 8 26 10 39 11 23 3 15 21 49 16 27 4 38 50 19 14 47 5 24 43
49: 43 38 39 6 25 32 16 41 10 42 12 49 20 3 46 15 34 29 2 35 31 18 13 47 5 1 30 9 21 19 50 37 45 48 40 24 27 36 33 22 11 4 44 28 26 23 17 14 7 8
50: 46 43 2 34 37 36 8 15 9 25 4 35 48 5 45 6 30 28 12 50 3 33 26 17 40 31 20 18 29 1 21 16 11 22 13 24 42 10 7 23 41 19 27 49 14 38 47 44 32 39
1: 5 26 17 28 1 25 30 34 49 47 2 33 23 46 27 3 15 7 4 35 45 39 32 50 42 36 48 44 16 24 10 8 9 14 41 37 12 6 21 20 19 43 13 31 29 40 11 18 22 38
2: 37 39 23 33 38 5 6 29 50 19 35 41 26 14 31 12 40 49 4 43 34 10 16 30 47 21 48 1 11 28 9 24 25 18 27 2 15 44 7 32 3 36 42 8 20 22 46 13 45 17
3: 1 28 36 13 31 45 47 3 24 33 9 34 41 37 4 2 25 49 12 6 27 5 15 18 22 50 43 10 20 8 26 38 16 32 11 39 19 17 40 29 42 44 7 35 14 23 48 30 21 46
4: 4 11 46 48 10 36 37 5 39 8 18 49 44 32 25 43 29 33 2 17 42 1 16 31 50 7 28 19 14 34 23 15 3 30 22 47 40 24 13 45 26 21 27 12 20 41 35 38 9 6
5: 30 46 37 14 7 41 19 44 38 47 25 31 11 16 49 40 23 17 22 4 20 36 10 43 48 15 3 24 2 1 5 45 35 8 32 12 9 27 6 18 39 28 34 29 42 50 26 33 21 13
6: 24 15 42 35 33 32 48 36 29 19 11 16 12 7 28 43 49 37 46 31 38 39 45 25 47 5 3 14 8 20 17 34 27 22 9 40 41 23 6 2 21 30 10 13 50 26 1 44 18 4
7: 40 10 7 25 37 41 14 8 35 4 24 15 6 28 47 48 21 3 18 26 27 39 49 2 13 19 12 32 30 33 22 42 16 43 5 46 1 9 34 38 31 23 50 36 17 29 45 20 11 44
8: 18 31 22 19 16 11 35 33 24 3 50 47 34 15 38 42 20 36 25 2 21 12 32 46 14 49 7 37 40 9 41 28 43 8 39 5 17 48 4 30 45 13 44 10 1 23 29 6 27 26
9: 18 10 33 39 12 8 24 49 48 38 41 11 30 1 50 5 31 45 4 19 40 27 23 36 47 14 34 26 46 3 37 22 35 44 43 6 28 17 42 20 16 21 32 25 7 13 9 15 2 29
10: 21 32 17 47 11 28 22 1 35 2 4 19 20 5 45 25 27 18 10 13 30 9 44 26 39 23 48 42 14 15 36 24 16 8 33 50 3 40 31 6 49 41 7 38 34 12 29 43 37 46
11: 37 44 41 4 38 24 47 45 28 2 13 46 6 20 29 12 23 21 9 43 39 1 22 30 35 17 50 18 33 42 34 25 7 19 10 5 15 31 3 40 16 14 48 36 8 26 27 49 11 32
12: 19 39 35 40 24 29 7 6 50 25 20 30 5 42 32 27 13 2 36 21 26 8 16 17 43 34 22 48 18 44 41 47 31 11 9 38 12 4 10 14 45 33 15 37 23 3 46 1 28 49
13: 26 14 32 37 18 27 2 38 6 17 12 9 7 50 1 46 3 22 29 23 41 31 16 36 48 15 24 19 45 10 35 13 43 49 40 25 28 39 4 20 5 21 47 33 44 34 42 30 11 8
14: 27 39 47 4 31 35 9 26 28 46 10 37 29 36 43 21 14 16 17 45 23 32 40 11 2 50 42 33 1 19 41 24 30 15 49 25 34 13 5 20 22 3 38 18 8 6 7 44 48 12
15: 38 46 19 1 28 18 44 12 25 16 7 10 29 14 33 42 35 48 15 39 41 6 5 23 36 13 24 26 40 20 32 22 11 9 30 43 4 50 37 21 49 45 8 3 2 31 34 17 27 47
16: 37 12 3 32 21 50 42 2 44 47 46 19 38 41 43 25 36 31 15 1 33 10 23 29 4 9 7 30 11 22 24 35 17 14 28 6 27 34 49 20 5 18 13 8 26 40 48 39 16 45
17: 30 46 17 2 49 16 13 15 20 40 11 50 35 4 45 14 10 19 8 41 6 28 31 33 5 23 44 18 47 36 34 7 37 25 38 24 26 32 21 3 27 22 43 48 42 1 12 39 9 29
18: 37 17 39 4 10 26 3 21 12 28 41 42 47 1 48 45 35 20 19 9 36 6 31 29 38 34 18 32 14 13 5 23 24 33 43 22 49 46 16 25 11 8 7 30 40 27 15 44 50 2
19: 12 26 46 9 5 13 23 21 3 2 31 8 25 44 18 28 19 47 32 35 16 49 10 29 41 30 20 15 11 34 4 39 1 42 22 27 14 50 37 38 24 40 7 6 48 17 45 36 33 43
20: 14 50 38 18 17 19 5 15 39 22 23 41 46 31 11 40 1 12 13 42 20 45 36 49 6 34 35 24 48 47 3 30 2 32 10 37 27 9 4 43 7 25 28 8 21 33 16 26 29 44
21: 8 15 37 3 14 31 16 41 38 1 36 13 2 12 40 4 49 48 18 43 27 19 24 44 32 30 45 23 50 10 22 26 21 46 5 20 25 47 7 17 42 35 34 33 6 11 9 29 28 39
22: 19 49 50 17 11 41 14 6 44 12 7 2 8 37 48 42 15 27 13 26 28 30 43 40 29 31 32 3 47 24 46 45 4 23 36 20 25 22 1 9 21 5 16 35 34 39 38 33 18 10
23: 15 7 32 48 50 39 49 47 44 30 19 4 43 40 3 33 24 37 23 27 8 20 2 6 46 34 35 21 26 22 45 18 10 9 12 11 31 16 29 41 1 36 42 38 28 5 14 13 17 25
24: 48 7 45 44 14 41 17 9 22 1 16 34 30 13 47 6 38 25 12 43 21 11 19 24 35 32 2 49 33 29 23 46 20 31 28 4 42 3 15 39 8 26 37 10 36 50 27 40 18 5
25: 32 47 48 4 20 16 14 12 22 35 34 6 40 15 3 10 23 49 45 41 17 36 37 19 11 25 1 18 2 44 8 5 50 27 42 13 28 30 31 9 43 21 46 38 29 33 24 39 7 26
26: 1 19 21 29 34 11 2 28 27 50 42 3 24 7 46 16 25 39 47 10 45 18 33 17 8 49 38 15 6 12 41 32 5 23 31 14 22 37 36 44 35 4 20 30 13 9 26 40 48 43
27: 1 35 8 32 18 22 21 26 31 50 10 28 41 9 17 25 45 48 23 43 4 13 20 36 24 12 7 38 49 42 16 14 19 47 29 40 46 44 27 6 2 3 39 5 34 33 37 30 15 11
28: 8 15 28 46 3 30 9 41 17 1 33 2 6 24 21 38 47 18 20 40 27 22 13 48 26 19 43 23 14 5 34 42 10 7 4 12 29 35 32 39 11 50 16 45 31 44 37 25 49 36
29: 39 28 35 13 12 50 15 34 44 16 5 49 48 3 46 7 17 1 33 43 45 24 4 36 30 9 6 25 29 41 37 21 47 31 19 32 18 11 20 23 14 22 2 42 40 27 10 38 26 8
30: 6 47 1 21 3 19 32 25 16 28 12 23 7 35 44 38 18 45 24 50 49 17 2 9 46 42 30 48 31 36 14 43 13 40 34 27 37 39 26 5 20 33 41 11 22 10 29 4 15 8
31: 27 41 20 45 25 2 21 31 43 49 30 48 40 17 24 12 13 36 44 37 50 46 19 33 10 42 3 14 22 11 32 26 7 38 1 39 4 35 16 28 18 6 34 29 47 23 5 9 8 15
32: 34 25 33 39 17 14 35 41 44 31 48 36 7 10 43 8 38 11 2 42 6 29 1 23 4 22 24 32 15 3 9 5 19 37 12 30 50 49 21 13 18 26 47 40 45 27 20 28 46 16
33: 18 33 27 8 26 29 9 6 22 4 36 40 41 3 15 39 49 21 13 28 16 38 11 7 35 37 23 48 44 12 1 17 30 10 43 14 31 47 5 34 32 46 50 19 2 42 24 20 45 25
34: 34 42 24 29 8 30 5 45 4 9 16 25 33 39 46 22 2 13 35 49 17 48 27 10 20 31 14 6 3 7 23 41 11 43 21 37 47 32 38 28 26 12 36 44 18 1 15 50 40 19
35: 2 31 46 7 10 36 23 47 44 40 38 9 34 29 16 43 49 26 5 8 19 45 11 41 35 18 32 4 33 21 1 28 3 22 20 14 50 37 25 6 39 24 15 12 48 30 13 27 42 17
36: 3 4 47 38 19 28 25 40 42 12 16 18 13 36 29 32 27 6 9 21 2 20 39 10 14 49 31 17 23 7 35 26 37 30 48 5 44 24 46 22 50 11 8 45 43 1 33 41 15 34
37: 40 50 8 42 44 41 36 23 5 7 39 6 38 28 46 2 47 48 30 10 12 14 11 26 18 27 17 22 21 43 19 31 32 20 37 45 9 4 33 24 49 1 3 29 25 15 13 16 35 34
38: 8 43 45 23 19 1 20 24 27 18 50 13 10 7 30 46 40 11 2 38 48 17 44 29 22 37 35 33 49 9 21 15 36 25 28 5 14 4 41 26 12 31 16 34 47 39 3 42 32 6
39: 1 20 28 16 45 34 26 38 43 35 14 29 8 40 12 3 33 21 23 24 5 22 42 41 17 27 4 11 13 44 19 10 39 48 7 50 49 46 31 18 37 32 25 30 9 47 2 6 36 15
40: 7 24 21 41 50 9 35 20 43 1 17 37 48 42 18 25 22 46 47 44 4 36 6 11 14 5 23 12 26 40 13 10 31 49 28 32 8 38 27 3 19 39 15 34 30 16 45 2 33 29
41: 19 33 43 14 26 3 16 49 5 34 37 45 35 36 44 18 20 28 1 50 22 41 42 12 6 32 31 15 23 4 10 21 9 25 2 7 48 11 8 17 29 24 30 47 27 40 38 46 13 39
42: 30 2 33 27 8 50 24 18 47 37 46 38 7 49 43 31 6 14 41 12 1 5 45 19 34 36 4 48 42 40 17 44 35 39 29 15 9 25 28 26 16 22 3 20 32 13 23 21 11 10
43: 27 36 24 48 29 10 17 15 38 42 2 7 37 1 34 8 21 26 12 5 6 33 16 41 31 45 39 9 20 46 49 25 43 35 40 11 18 13 32 30 44 47 19 4 22 28 23 50 3 14
44: 39 37 29 2 13 28 4 33 3 50 49 46 5 22 25 7 41 48 10 19 14 16 34 43 24 21 38 9 47 36 45 27 15 35 20 44 42 23 8 31 40 26 11 32 1 6 17 30 18 12
45: 23 2 4 5 38 24 35 28 34 14 45 47 13 41 25 9 3 17 40 26 50 1 22 36 39 32 8 20 31 18 6 29 21 15 37 12 19 7 48 33 43 30 46 49 42 10 11 16 27 44
46: 47 48 12 9 1 34 29 31 28 30 17 41 19 37 10 13 18 22 23 3 14 15 8 33 45 42 49 16 44 50 46 43 39 40 25 2 21 5 38 32 6 4 36 11 20 26 24 27 7 35
47: 24 2 40 41 32 18 7 36 30 9 16 12 11 43 14 10 23 22 17 49 46 31 39 42 27 21 13 25 3 15 4 33 44 47 28 48 45 19 20 38 34 6 5 50 1 35 29 8 37 26
48: 26 41 1 10 40 24 32 34 14 30 33 3 11 17 13 28 2 8 19 44 49 27 47 6 9 46 35 22 37 50 45 15 48 31 7 16 18 5 39 21 29 12 36 25 20 43 38 4 23 42
49: 27 34 7 29 12 17 41 9 22 30 48 16 38 1 35 10 15 4 31 3 39 24 19 18 8 11 2 36 47 50 45 44 20 40 42 23 28 26 49 33 13 5 43 32 21 6 25 37 46 14
50: 40 36 8 9 43 23 4 11 34 25 20 45 39 48 22 32 31 29 44 7 50 33 47 2 5 16 19 13 46 49 21 17 24 37 18 42 15 38 30 12 1 28 27 10 26 35 41 6 14 3
