50 50
1: 6 25 5 18 22 24 14 31 7 4 41 13 46 32 33 42 9 3 36 40 34 47 21 38 12 16 11 37 15 23 17 50 8 20 45 2 44 48 29 26 30 1 43 39 35 19 28 49 10 27
2: 24 11 36 12 7 28 45 15 18 50 32 27 48 30 49 25 33 17 39 14 8 5 22 23 6 31 37 21 1 16 38 40 29 46 35 2 26 44 47 42 13 3 10 20 19 4 41 43 34 9
3: 44 27 42 3 12 18 32 24 48 45 23 2 38 17 20 1 6 46 40 10 49 41 30 8 29 19 22 26 47 37 9 28 43 4 11 50 15 21 36 14 7 34 25 31 35 39 5 33 16 13
4: 33 41 21 3 18 5 44 23 9 2 28 38 34 26 42 1 40 30 49 29 43 45 39 15 27 14 35 32 46 16 19 4 50 7 8 6 24 10 36 25 48 11 37 22 20 47 13 12 17 31
5: 3 32 45 20 35 36 44 13 43 42 18 24 12 33 40 46 23 26 34 47 27 19 2 14 5 1 17 31 9 25 11 28 6 49 39 10 38 16 7 50 37 4 8 15 30 29 48 22 41 21
6: 29 2 40 39 26 12 35 25 27 47 44 1 11 30 49 4 5 24 46 36 16 41 34 9 10 19 18 8 17 45 23 43 21 22 14 3 33 32 15 38 50 7 37 6 42 31 13 48 20 28
7: 36 45 40 30 4 6 20 10 46 47 5 1 9 13 21 7 48 31 23 2 19 38 3 25 32 33 43 14 16 50 17 42 39 41 12 34 49 35 27 15 11 28 24 29 8 26 44 37 22 18
8: 16 40 24 21 14 18 41 38 8 30 43 2 32 39 4 42 15 5 3 29 12 11 17 1 20 25 31 23 10 50 49 6 27 22 46 13 34 26 33 28 9 45 35 36 37 47 48 19 7 44
9: 22 6 24 13 29 19 16 21 40 20 38 14 39 11 30 10 48 28 45 37 46 8 18 25 12 17 26 1 42 33 43 31 4 23 36 34 5 47 3 50 7 27 15 41 35 49 2 32 44 9
10: 34 27 45 36 16 15 21 47 22 8 28 29 42 31 20 4 1 43 9 11 49 3 39 41 10 38 32 40 14 12 19 13 37 50 6 48 7 26 30 23 24 5 46 18 44 17 2 25 35 33
11: 6 25 34 22 23 30 27 1 41 50 36 13 38 40 48 35 21 8 16 49 20 14 44 28 3 15 47 29 45 10 19 33 32 11 42 39 5 17 31 2 18 4 37 24 26 7 43 12 9 46
12: 43 9 30 39 12 47 17 28 21 15 36 13 45 48 42 10 8 5 4 33 41 32 31 38 11 22 23 27 49 2 50 46 14 34 6 44 3 29 40 20 7 25 35 24 16 18 1 26 37 19
13: 24 4 7 27 22 11 30 40 20 42 10 47 45 16 32 37 43 12 21 28 33 44 3 23 8 17 19 34 41 36 38 48 1 35 50 15 13 14 39 29 31 25 46 6 9 26 18 2 5 49
14: 10 30 1 41 34 22 26 39 27 45 33 19 43 49 28 24 37 25 18 7 42 3 23 40 44 48 31 36 15 5 29 47 13 32 20 6 35 9 46 12 50 2 16 17 4 38 11 21 8 14
15: 29 5 36 6 20 2 11 23 28 30 42 34 10 33 50 21 43 32 27 3 14 1 15 12 4 7 8 46 19 39 13 31 24 49 22 26 44 47 35 18 38 9 45 37 48 17 25 41 16 40
16: 25 22 40 50 44 9 42 19 30 39 20 37 32 49 10 4 1 12 17 47 27 43 2 21 13 8 29 46 48 5 3 45 23 7 11 35 28 26 16 33 34 6 38 41 24 31 18 36 14 15
17: 2 25 18 31 40 33 49 16 23 20 48 38 9 5 3 44 37 39 8 50 43 17 10 24 46 30 12 21 14 1 13 15 27 32 11 34 47 35 4 42 45 22 36 6 19 41 26 7 29 28
18: 38 31 15 37 12 3 13 22 21 40 18 16 45 43 5 26 32 36 1 48 24 6 44 27 8 10 4 49 7 9 17 35 25 19 33 14 2 47 34 42 23 11 46 41 50 29 30 28 39 20
19: 23 7 12 43 17 11 4 41 26 16 31 49 45 50 8 39 5 48 34 38 19 46 27 36 22 21 13 2 35 24 47 33 3 44 32 6 14 1 29 30 40 28 42 18 37 20 25 15 9 10
20: 27 45 20 48 4 49 24 38 6 34 31 10 26 32 13 8 1 41 15 9 16 36 7 39 47 19 5 17 33 12 43 35 11 50 21 3 2 23 42 22 29 44 28 25 37 46 30 40 14 18
21: 37 46 20 18 24 40 49 26 45 32 16 19 50 35 39 31 22 42 29 36 41 17 23 43 14 27 30 6 12 3 11 33 8 1 9 5 2 28 7 15 48 10 13 38 47 4 44 34 25 21
22: 8 14 30 41 25 28 1 5 44 48 20 42 35 29 3 43 10 31 37 32 33 22 38 49 15 50 36 21 47 13 12 45 23 34 19 24 6 2 26 18 11 4 9 17 39 46 27 16 7 40
23: 42 31 37 21 32 3 50 9 34 46 11 13 14 19 17 33 43 27 20 10 16 30 39 40 44 41 25 28 23 47 26 49 2 12 5 6 15 38 29 22 1 48 8 4 35 18 24 36 7 45
24: 40 38 4 37 7 44 20 49 19 47 32 8 12 34 46 17 28 14 33 13 45 21 6 29 1 22 42 39 41 23 26 2 27 48 3 9 16 5 30 10 15 24 25 31 43 50 11 36 18 35
25: 42 11 21 46 48 8 15 40 5 32 19 36 29 45 28 16 34 50 27 31 35 39 30 20 43 23 44 3 47 10 1 22 41 33 12 2 26 25 4 24 9 14 38 17 18 37 49 6 7 13
26: 9 38 10 6 44 48 36 37 35 13 15 34 7 16 33 12 25 26 47 46 40 23 49 1 3 28 27 39 21 17 11 8 5 24 32 19 30 18 20 41 4 2 22 43 45 42 29 14 50 31
27: 32 41 28 45 31 1 33 39 18 12 27 15 2 6 46 37 14 24 25 7 8 16 35 11 13 47 42 19 3 17 22 36 38 43 40 4 10 26 5 34 44 23 50 49 9 29 21 20 48 30
28: 2 9 6 47 45 3 24 32 30 25 8 31 16 29 49 40 12 22 20 35 48 1 39 42 34 11 10 18 13 41 7 44 46 14 17 4 37 36 5 50 38 28 23 15 43 21 19 33 27 26
29: 20 22 21 34 19 29 23 13 46 4 44 8 7 5 9 37 48 35 32 42 43 47 40 10 1 41 6 14 49 24 2 30 17 31 26 11 25 18 36 15 38 39 3 16 28 27 50 33 45 12
30: 48 7 5 2 13 17 14 50 40 39 16 12 29 44 33 9 24 41 27 18 31 3 28 42 20 45 34 30 11 4 32 22 10 43 19 26 36 49 46 21 6 8 23 1 37 38 25 35 15 47
31: 3 40 15 16 38 36 50 25 18 19 48 43 6 44 10 4 21 7 33 17 46 28 22 20 12 39 32 2 11 23 42 41 37 31 49 34 9 45 1 14 47 13 5 27 29 26 8 24 30 35
32: 11 13 23 50 9 28 22 40 43 8 45 4 10 20 30 14 2 38 42 36 49 18 1 37 35 41 25 34 32 19 3 29 15 16 44 5 48 31 24 39 27 17 46 12 26 47 7 21 6 33
33: 22 20 2 23 30 17 26 36 1 12 38 24 25 19 41 46 44 15 31 43 35 21 40 50 13 9 16 3 49 37 18 47 33 7 28 48 4 42 39 8 14 10 34 27 32 11 45 29 5 6
34: 40 17 44 50 16 9 32 26 41 10 11 36 47 5 2 18 23 25 49 28 20 48 42 30 24 34 19 27 4 29 14 13 6 8 22 37 33 43 1 21 12 15 3 7 46 35 39 38 31 45
35: 30 47 14 2 48 41 33 26 40 28 10 23 34 21 5 38 42 16 13 46 6 43 20 7 44 36 27 9 45 19 25 31 11 32 18 49 15 35 39 12 1 50 37 8 22 3 17 29 24 4
36: 48 19 44 29 6 24 23 2 17 47 36 10 46 33 12 4 50 30 43 45 41 40 37 49 16 1 28 38 22 20 25 11 27 18 39 32 8 15 35 7 13 42 3 26 21 5 34 14 9 31
37: 14 45 36 26 3 22 30 34 21 23 49 35 40 25 24 12 15 1 32 27 46 5 33 4 42 44 48 11 29 2 13 9 28 20 19 10 43 16 18 37 8 50 31 17 39 7 38 6 47 41
38: 44 6 1 2 27 48 28 26 47 7 12 25 30 22 45 38 14 13 15 21 46 50 31 36 8 17 42 33 16 34 9 4 32 43 37 10 5 41 39 24 49 20 3 19 29 11 23 40 18 35
39: 12 18 14 13 42 8 16 33 31 37 19 36 50 5 47 11 46 2 32 44 34 45 22 6 7 4 24 10 21 40 39 35 38 17 15 1 25 26 30 9 3 27 23 41 48 20 29 49 28 43
40: 12 4 23 15 16 43 37 3 24 26 13 35 21 29 19 42 20 25 11 18 5 48 46 22 14 28 27 17 33 32 39 30 47 2 38 7 10 8 44 31 34 45 36 41 40 9 49 1 50 6
41: 32 33 19 23 12 31 45 5 40 29 41 13 3 38 43 17 11 8 30 47 42 24 4 22 14 35 27 25 10 9 21 46 1 26 36 49 16 48 37 6 34 28 7 39 18 15 20 44 50 2
42: 1 50 32 39 22 42 45 31 40 25 37 41 2 35 10 44 34 20 19 6 3 18 9 30 29 5 46 21 27 12 11 28 36 13 17 8 24 47 38 4 49 26 33 16 15 48 23 43 7 14
43: 35 32 22 20 7 2 40 8 16 24 9 10 1 5 17 21 27 39 49 33 41 14 45 13 4 11 26 3 18 15 12 19 44 29 23 6 25 30 46 31 50 42 43 37 47 28 38 36 34 48
44: 38 4 14 2 37 25 24 32 47 22 18 48 10 7 20 12 15 19 45 17 21 30 35 26 8 46 42 33 27 39 23 36 50 28 41 13 31 6 29 44 16 9 49 40 34 1 5 3 11 43
45: 38 42 14 41 32 35 37 16 47 31 5 25 30 12 9 21 24 23 50 19 2 48 8 20 10 6 7 43 34 26 15 33 45 11 18 29 46 36 17 4 44 3 13 28 1 40 49 39 27 22
46: 31 7 6 33 48 23 11 15 40 42 36 37 9 34 18 17 22 21 32 45 38 19 13 43 10 28 47 3 1 46 29 8 24 44 26 20 30 4 50 25 35 41 12 27 16 5 14 49 39 2
47: 8 48 16 32 33 15 1 5 13 21 3 7 14 36 12 25 50 42 6 31 24 37 26 43 27 35 39 23 47 38 17 29 4 40 18 28 46 30 22 10 2 44 45 9 11 20 41 34 49 19
48: 18 26 41 42 44 8 28 17 30 43 11 22 1 2 12 46 10 37 5 34 25 38 23 15 39 3 16 13 47 36 35 33 7 21 24 4 19 50 40 27 20 32 29 31 48 9 49 6 14 45
49: 10 11 44 5 14 3 28 1 42 12 47 50 16 43 20 6 33 39 36 37 4 45 8 34 22 9 23 17 21 46 40 24 26 30 27 38 48 32 41 19 29 35 7 31 2 49 13 15 25 18
50: 26 13 20 23 41 10 4 18 33 22 42 47 16 31 5 49 34 37 27 36 25 24 43 39 45 29 46 40 48 1 15 9 11 19 12 3 30 28 17 7 21 38 6 14 2 44 32 8 50 35
1: 37 9 14 23 22 12 35 15 41 16 39 40 17 43 28 34 21 45 6 13 10 19 38 47 30 3 27 33 44 4 18 32 25 11 42 8 46 31 50 48 29 1 2 36 26 49 5 24 7 20
2: 16 19 11 42 32 28 29 9 23 30 38 13 6 44 18 8 2 5 1 25 3 47 21 36 39 43 17 14 46 27 50 10 12 48 22 24 31 41 34 15 37 26 7 45 35 20 4 40 49 33
3: 49 29 26 40 17 37 38 21 19 3 5 9 12 45 10 32 33 35 41 4 22 47 23 39 24 15 44 50 8 20 46 34 42 48 14 25 30 2 1 16 18 7 28 31 11 43 36 27 6 13
4: 34 2 50 31 13 49 37 42 5 12 48 27 30 35 19 41 47 14 25 7 11 39 3 33 32 15 6 8 10 43 17 45 26 4 21 22 44 36 9 24 23 16 18 38 40 29 28 1 20 46
5: 20 50 35 1 31 48 30 32 8 17 6 18 21 43 28 12 26 41 2 37 5 36 45 34 16 40 42 39 22 47 4 7 10 24 29 44 49 15 19 9 23 13 27 46 33 25 11 38 3 14
6: 30 11 32 9 43 19 40 2 21 33 3 38 12 18 44 27 28 45 20 1 50 10 25 37 42 15 23 13 24 29 47 39 36 16 8 48 6 14 31 34 35 7 5 26 41 4 17 22 46 49
7: 49 13 5 6 32 3 43 27 21 40 39 14 28 44 38 33 2 1 41 11 25 35 36 48 45 37 18 15 34 26 10 8 24 30 16 9 42 19 20 7 4 29 50 17 47 23 31 12 22 46
8: 24 5 22 27 31 16 15 20 3 23 13 48 34 41 19 43 35 36 21 42 9 40 32 46 37 33 12 7 14 8 38 4 26 11 25 45 2 30 44 29 17 10 50 18 39 47 49 6 28 1
9: 11 9 6 1 39 44 32 18 50 46 36 34 14 24 16 30 28 25 26 5 15 38 8 49 35 21 4 41 13 10 12 47 17 7 33 37 48 40 31 2 22 45 43 23 19 3 42 20 29 27
10: 24 2 10 19 39 49 40 17 15 38 18 12 46 8 5 50 45 41 26 3 20 23 37 11 1 29 4 34 47 16 42 43 13 32 31 35 21 30 28 27 22 48 14 7 33 6 9 44 25 36
11: 3 13 37 25 47 42 22 45 30 1 10 40 50 19 15 18 35 4 29 24 27 26 11 23 43 6 39 49 33 28 2 7 21 31 17 34 36 41 8 5 16 14 46 9 38 44 20 32 12 48
12: 24 7 42 44 43 49 34 35 38 3 29 47 6 1 19 11 40 33 4 8 45 5 16 21 10 26 23 12 27 41 9 32 15 22 50 17 20 31 37 2 18 13 28 25 30 14 39 46 36 48
13: 29 42 13 12 7 21 14 3 40 30 8 28 6 43 26 20 24 2 39 10 16 46 17 1 15 23 37 5 9 19 4 25 48 45 34 41 50 27 18 33 32 11 35 38 31 22 44 36 49 47
14: 49 48 15 44 3 14 39 20 4 41 10 43 25 35 2 24 42 31 19 45 7 36 23 21 37 18 17 46 47 6 50 34 13 26 16 5 9 27 22 11 38 33 40 8 12 1 29 28 32 30
15: 15 31 30 24 25 42 44 47 5 49 48 2 38 9 17 21 13 10 16 33 12 28 19 20 39 32 46 18 14 50 8 36 27 3 29 26 34 6 4 22 35 23 45 7 1 11 40 41 37 43
16: 29 20 42 43 26 46 50 30 19 22 37 45 17 21 15 10 16 5 27 34 33 36 31 7 39 18 32 49 23 11 38 13 25 14 44 12 40 1 24 3 48 4 28 8 35 47 2 6 9 41
17: 11 45 4 15 3 37 7 46 13 50 17 1 36 16 40 24 43 30 32 38 25 10 23 29 35 19 18 22 20 33 34 27 12 44 14 49 9 42 6 5 41 2 31 8 48 21 39 26 28 47
18: 40 38 3 31 48 34 13 47 28 2 16 43 35 7 23 49 29 22 8 36 37 44 42 19 4 15 1 12 25 45 14 41 50 21 39 9 10 11 32 26 20 27 24 6 5 33 18 30 46 17
19: 9 45 47 1 10 8 29 4 25 11 36 19 34 17 15 7 48 38 13 31 12 42 50 43 6 35 22 18 41 37 49 3 16 44 39 21 14 32 23 20 30 33 27 46 40 5 28 2 26 24
20: 50 26 35 8 14 37 11 15 45 42 31 34 4 40 16 23 19 7 9 25 2 46 6 1 30 39 36 10 49 24 20 38 47 17 12 28 21 3 41 29 22 27 43 44 33 13 32 18 48 5
21: 8 2 43 49 45 10 11 24 15 1 33 39 3 32 46 41 16 40 7 47 50 35 30 26 14 29 22 19 25 5 20 44 6 27 28 17 18 12 34 4 21 9 38 13 48 36 31 42 37 23
22: 8 4 47 5 30 46 13 27 38 14 1 48 40 23 26 45 9 43 12 35 11 28 15 41 22 17 18 32 29 6 21 16 25 19 42 50 49 39 34 2 20 7 36 37 3 33 31 10 24 44
23: 11 30 44 12 22 15 2 48 6 37 47 27 21 14 38 1 32 18 17 43 10 40 25 31 49 20 33 50 26 34 3 9 35 13 16 45 46 4 41 36 8 7 42 29 24 39 28 5 23 19
24: 42 49 47 14 13 27 41 43 29 4 16 32 20 30 26 25 3 5 36 44 33 23 1 18 2 48 34 31 21 11 28 38 39 17 10 40 45 46 24 22 37 35 8 50 19 7 9 12 15 6
25: 9 18 2 5 6 35 41 49 27 43 45 7 15 21 3 33 40 8 38 14 22 46 12 29 37 47 16 19 25 20 48 28 34 11 13 4 17 32 24 1 30 42 23 31 44 36 10 39 50 26
26: 6 42 43 38 45 46 18 12 30 5 50 10 37 20 15 11 14 23 33 2 24 19 49 13 29 9 1 28 25 26 31 21 8 7 17 27 35 44 48 41 4 3 47 36 16 34 40 22 32 39
27: 40 21 8 30 44 13 25 14 11 48 5 22 38 6 31 33 46 15 29 17 20 4 42 24 23 37 39 34 32 3 41 9 28 7 49 10 26 18 35 47 36 19 1 45 43 12 27 16 50 2
28: 22 30 9 25 4 38 42 44 45 34 8 35 24 12 46 21 32 39 50 31 16 7 2 48 14 23 33 20 27 5 43 6 40 11 19 10 47 36 15 3 37 1 26 13 41 49 18 29 17 28
29: 4 11 6 46 37 34 30 33 20 17 29 18 27 16 40 32 23 38 8 12 44 43 26 50 48 49 24 22 13 10 28 5 41 39 31 7 42 25 45 14 9 35 47 3 21 19 36 1 2 15
30: 41 20 5 29 10 28 16 39 34 24 47 23 49 7 26 44 18 36 25 21 43 2 46 45 50 17 37 48 38 27 12 22 13 1 4 19 14 32 35 15 9 6 40 42 33 31 8 11 3 30
31: 36 10 17 44 11 4 31 27 39 43 19 22 49 37 48 38 18 1 34 21 24 30 41 15 28 25 14 7 42 35 29 6 9 26 5 46 50 2 3 33 13 16 20 47 40 32 45 8 23 12
32: 32 18 25 35 23 39 19 11 50 21 34 27 40 31 38 26 24 5 14 49 46 37 16 12 13 28 3 30 43 6 20 8 15 42 36 22 33 29 7 10 17 45 9 47 44 48 41 2 4 1
33: 8 39 37 46 10 43 21 15 30 3 20 47 50 41 33 26 17 36 31 4 34 40 29 9 7 13 18 35 28 23 14 5 16 49 38 2 19 45 1 12 6 42 32 22 11 44 24 27 25 48
34: 5 16 33 4 22 20 6 30 39 27 24 48 42 44 47 32 41 13 18 23 11 25 40 31 29 10 34 14 9 3 46 19 17 43 2 50 15 28 45 1 36 35 8 7 21 26 12 49 37 38
35: 5 26 20 46 17 50 3 21 45 38 6 4 32 47 9 7 39 31 13 22 8 34 42 30 10 44 11 18 27 40 49 15 12 25 14 16 43 19 23 29 48 35 36 41 28 2 33 37 24 1
36: 2 27 19 29 6 41 31 37 48 40 43 18 47 32 12 25 20 17 22 45 49 10 36 11 38 35 24 15 21 3 7 28 1 46 44 42 26 4 16 50 14 9 13 8 30 34 39 33 23 5
37: 8 10 46 13 14 23 30 40 18 27 22 19 1 11 45 24 17 29 5 35 44 39 28 49 48 20 3 37 43 16 50 21 7 31 41 36 26 6 12 9 47 2 33 38 25 32 4 34 15 42
38: 39 8 43 26 22 42 36 46 1 35 21 49 28 7 3 27 16 41 5 24 4 6 50 45 20 32 13 25 34 9 2 47 29 44 18 40 19 12 38 37 14 11 33 48 30 10 17 31 15 23
39: 27 17 47 15 50 9 40 6 11 39 35 31 2 26 14 44 3 16 12 36 25 30 28 10 20 21 48 24 49 23 45 29 4 32 5 1 33 22 7 38 43 13 19 46 8 42 41 18 37 34
40: 15 37 10 20 23 19 27 14 11 46 25 6 32 36 17 28 29 24 30 31 45 12 16 49 22 39 34 43 18 21 50 8 35 44 1 9 7 13 41 3 26 42 40 38 4 2 48 47 33 5
41: 13 47 19 12 32 37 46 10 35 7 50 49 36 4 33 39 31 43 34 14 2 16 41 11 3 18 40 8 1 5 45 9 24 20 48 6 21 25 44 30 28 38 22 26 42 17 15 27 29 23
42: 41 25 21 20 2 50 43 11 30 33 28 16 42 47 34 8 10 36 32 17 44 5 13 46 35 4 19 7 24 14 26 1 27 45 37 23 12 9 48 15 3 38 18 31 40 6 29 49 39 22
43: 34 47 21 27 12 29 50 37 41 15 17 46 38 23 49 19 39 10 44 11 36 43 42 14 18 30 8 33 7 48 3 40 24 5 4 9 26 20 28 16 31 1 2 6 35 22 25 13 45 32
44: 6 32 27 13 14 43 39 8 17 50 31 40 41 24 37 3 20 16 21 38 34 4 47 26 30 35 12 44 45 10 25 1 2 42 19 46 7 36 49 15 9 5 23 28 22 18 29 33 11 48
45: 11 38 9 35 47 4 49 6 50 8 21 14 30 31 28 7 34 12 5 39 17 32 1 10 46 48 16 29 22 15 25 44 26 36 20 43 19 18 42 13 33 40 3 45 37 41 27 24 2 23
46: 16 10 31 7 30 46 21 6 34 42 47 36 35 38 43 26 22 1 8 44 12 11 19 15 48 17 23 9 32 50 27 25 29 13 3 14 39 20 37 33 18 41 45 24 4 5 49 2 28 40
47: 2 7 1 37 30 31 18 45 20 22 4 47 35 8 38 34 42 13 44 27 10 15 46 32 14 26 17 50 41 11 24 49 21 36 25 9 16 29 6 23 5 43 40 28 3 48 39 19 12 33
48: 5 29 32 19 25 3 6 7 36 38 41 9 21 10 47 27 37 49 34 35 40 42 22 33 43 30 39 45 4 26 50 48 11 31 23 15 28 16 20 46 2 14 12 17 24 13 1 8 44 18
49: 34 35 41 9 50 6 46 18 15 39 10 26 20 14 36 19 3 17 1 48 27 5 2 7 32 12 38 24 23 37 47 11 29 43 21 16 40 44 8 22 42 30 31 49 4 45 25 13 28 33
50: 6 35 34 41 9 29 47 25 40 14 30 12 48 21 3 27 5 39 4 42 36 31 11 15 7 38 37 43 32 46 33 28 18 44 49 16 13 10 50 8 23 22 26 19 45 17 2 24 1 20
