50 50
1: 48 26 1 13 45 10 17 47 11 27 37 21 16 9 6 46 20 8 15 12 31 3 42 43 14 30 38 44 25 39 29 5 19 32 22 7 35 49 36 24 50 40 23 28 33 41 4 34 18 2
2: 50 7 33 38 30 29 14 5 23 37 25 46 3 19 27 8 28 21 9 44 10 13 42 39 11 22 26 2 41 31 45 32 1 6 47 48 16 4 35 15 18 24 34 20 40 17 43 12 36 49
3: 16 31 41 10 38 40 22 27 20 48 17 36 34 7 39 1 44 2 28 29 42 5 25 15 43 26 47 12 14 30 3 9 32 45 23 49 33 11 46 37 13 18 35 24 8 4 50 19 21 6
4: 15 47 2 49 1 26 33 30 32 48 40 37 25 45 44 43 16 6 34 12 39 18 28 19 7 29 5 8 31 10 24 27 11 36 3 20 21 13 35 4 14 23 22 50 41 46 9 38 42 17
5: 20 23 2 21 16 43 28 10 22 14 44 25 37 36 47 4 35 41 31 49 29 13 12 3 39 32 17 1 26 9 50 24 11 7 45 33 27 6 18 38 46 15 34 19 48 30 42 40 8 5
6: 50 8 14 10 15 23 18 9 26 21 1 48 11 5 19 45 6 27 13 32 37 42 38 12 33 17 7 40 29 34 43 36 49 20 31 4 44 39 35 2 41 30 46 16 47 22 28 3 25 24
7: 11 43 44 30 8 47 4 5 1 37 23 36 17 14 31 26 24 19 39 29 15 22 7 41 21 6 18 2 45 33 38 32 34 27 25 16 10 49 20 9 3 40 42 28 12 35 48 13 50 46
8: 38 44 47 31 28 16 19 29 20 39 10 41 13 23 18 14 21 22 7 2 45 25 42 35 27 30 1 36 26 8 9 5 48 4 40 37 24 6 11 33 46 12 32 3 43 17 50 34 49 15
9: 3 19 21 10 5 35 32 26 2 8 11 6 38 29 33 36 31 41 34 20 48 12 4 25 40 24 30 46 15 9 45 16 44 1 49 17 7 23 14 47 37 39 42 50 13 43 22 27 18 28
10: 36 30 34 25 6 35 20 13 9 16 4 8 33 31 26 3 17 40 11 1 48 39 38 37 29 23 47 15 27 24 42 14 44 18 46 12 43 2 19 28 41 45 22 21 7 32 50 10 5 49
11: 7 4 19 34 25 48 29 15 40 9 23 3 30 17 35 1 36 27 41 38 32 43 39 50 31 14 33 45 37 13 11 28 18 10 47 8 2 12 46 42 22 24 5 20 44 6 16 49 26 21
12: 21 6 3 45 25 33 4 1 36 42 46 13 15 47 5 39 30 17 50 27 7 32 8 22 14 26 19 2 48 28 11 24 16 41 49 35 38 40 37 23 31 29 20 12 43 18 10 44 34 9
13: 5 28 29 47 37 15 9 10 4 49 3 30 17 36 6 12 35 45 22 33 26 32 27 24 23 48 19 8 14 20 21 43 25 40 39 16 42 13 31 34 7 11 50 46 1 18 41 44 38 2
14: 28 15 10 37 24 7 11 50 5 21 36 14 22 19 3 16 12 8 18 38 46 20 30 9 17 31 25 27 29 4 35 34 1 47 40 43 49 44 23 45 26 48 42 13 6 39 32 41 2 33
15: 45 46 42 4 44 35 8 47 34 14 32 16 25 30 6 22 5 50 3 48 21 29 13 40 49 20 23 36 1 17 33 18 12 39 7 38 26 31 2 41 37 9 27 28 43 10 15 24 11 19
16: 32 48 50 37 12 39 41 43 45 11 23 42 21 35 18 38 24 40 5 26 49 10 3 44 29 15 16 4 30 6 25 47 20 2 28 22 31 27 17 33 36 1 8 46 7 34 9 14 19 13
17: 25 10 36 40 24 19 50 42 9 5 16 26 48 20 38 21 46 29 11 47 8 28 49 3 14 23 13 45 33 4 37 15 18 22 43 2 39 12 35 27 7 34 17 32 31 30 1 6 41 44
18: 32 37 11 35 3 38 47 22 8 43 24 10 20 36 27 30 4 50 2 48 31 25 49 18 44 15 40 19 23 6 41 9 42 34 45 16 21 13 46 33 26 28 29 14 1 5 17 39 7 12
19: 11 23 44 46 17 38 9 19 6 10 49 18 8 36 26 4 43 15 39 7 42 16 24 21 41 29 5 48 34 28 20 33 50 32 22 2 45 13 31 40 14 12 47 1 25 35 30 27 3 37
20: 37 47 21 26 22 14 15 24 39 45 42 20 3 8 10 48 25 38 28 27 1 41 32 50 2 34 6 35 12 31 17 7 33 5 36 16 49 44 43 11 19 4 18 13 40 46 29 30 23 9
21: 36 15 43 25 37 31 35 10 12 1 16 45 18 41 21 39 42 27 9 23 47 19 5 11 28 50 34 32 14 4 3 33 49 24 40 26 8 44 6 38 30 29 20 22 48 2 13 17 7 46
22: 21 23 9 15 13 29 10 32 38 42 1 43 47 41 36 30 5 3 33 8 19 7 20 44 39 24 46 25 50 37 18 4 12 31 14 26 35 45 17 49 40 16 48 34 22 2 11 28 6 27
23: 33 1 26 34 3 32 14 5 29 21 19 8 38 31 15 23 37 35 28 39 17 50 48 49 10 40 27 36 43 13 7 18 41 6 9 25 45 20 12 47 44 4 24 22 42 16 2 11 46 30
24: 37 50 9 23 8 12 41 10 46 20 15 4 2 31 38 11 14 17 18 21 13 19 48 3 42 24 7 40 27 5 30 25 32 35 22 33 47 29 34 39 6 43 26 49 45 36 28 16 1 44
25: 42 20 7 10 14 3 41 17 19 11 1 9 25 46 15 6 12 37 33 4 48 45 35 27 50 13 43 31 40 44 38 30 21 5 32 26 49 29 47 36 18 34 2 8 39 22 16 24 23 28
26: 12 50 21 43 13 15 42 2 16 30 4 40 31 45 23 3 11 14 27 10 41 25 6 9 17 47 7 33 8 32 46 18 49 28 29 19 39 44 5 37 1 34 35 20 38 26 22 24 48 36
27: 32 33 41 24 28 31 35 40 46 21 26 11 39 49 7 48 13 6 50 1 43 3 4 20 37 36 23 38 25 17 14 30 5 44 9 8 47 42 2 29 15 22 19 27 16 45 34 12 10 18
28: 28 21 25 37 48 19 2 26 11 1 40 50 5 36 38 39 41 8 12 15 3 9 44 20 6 46 24 10 22 33 43 34 35 30 23 18 16 45 7 29 27 32 13 42 31 49 4 47 17 14
29: 4 12 28 39 33 50 14 34 46 9 16 26 1 2 25 44 45 24 42 27 15 29 49 10 43 35 30 13 31 19 7 21 36 38 48 32 17 41 8 40 6 18 3 5 37 22 47 11 23 20
30: 13 46 44 38 19 9 3 42 4 30 40 35 20 34 33 6 5 11 32 39 26 47 37 36 23 45 8 14 15 43 2 41 7 50 16 25 24 17 21 31 12 18 10 28 48 1 27 49 22 29
31: 47 39 7 50 8 44 40 20 1 48 5 25 15 2 24 26 28 37 16 23 14 13 3 42 19 9 38 29 31 11 18 4 30 27 41 21 17 34 33 46 35 36 32 43 12 6 22 10 45 49
32: 2 35 20 42 5 48 10 39 25 23 41 22 3 24 28 11 7 21 29 44 37 43 16 13 9 14 31 34 17 40 47 6 27 36 32 30 8 1 49 19 45 4 50 12 15 26 18 38 46 33
33: 20 10 24 14 46 9 29 32 4 28 16 50 39 49 36 30 25 19 5 13 38 45 27 11 33 44 47 31 37 18 26 1 6 3 21 43 35 12 2 41 48 22 40 7 15 34 23 8 42 17
34: 24 14 49 18 25 12 26 34 6 33 20 38 30 19 5 1 37 28 11 10 13 35 17 43 47 41 21 45 7 23 42 4 44 36 27 39 31 9 2 22 46 48 29 8 16 50 15 40 32 3
35: 11 25 41 4 15 48 40 38 29 47 12 18 32 30 31 21 45 35 46 6 26 22 10 5 9 1 24 3 20 27 43 7 2 42 50 16 37 28 17 19 34 23 49 33 14 13 8 36 39 44
36: 20 23 1 37 15 36 6 41 50 3 13 33 28 2 29 46 11 30 24 31 8 32 22 47 12 17 44 42 40 38 34 21 7 4 5 27 35 18 9 45 39 25 16 14 26 19 49 48 43 10
37: 2 7 4 1 40 50 3 12 35 44 37 16 8 38 26 21 43 49 27 31 45 36 48 46 13 18 29 28 41 6 32 30 10 15 9 39 19 22 33 5 20 34 17 25 24 23 11 14 42 47
38: 50 40 42 18 34 7 19 47 29 44 38 20 10 11 17 45 16 12 48 22 37 9 27 8 26 46 28 30 32 35 6 3 13 31 4 49 14 21 1 24 2 15 5 39 23 43 41 25 36 33
39: 17 20 16 18 21 44 13 27 32 14 8 28 22 46 19 40 34 50 31 6 10 48 41 42 39 49 29 5 43 24 36 35 26 30 2 9 15 38 25 23 1 11 33 4 3 47 45 12 37 7
40: 13 44 38 16 4 5 6 39 20 17 8 35 12 29 45 34 31 3 23 1 33 25 36 28 2 49 42 21 32 24 7 14 40 26 30 18 46 48 22 47 50 11 10 19 27 43 37 9 15 41
41: 28 25 31 6 23 45 26 14 46 34 39 49 13 1 24 50 22 12 41 10 43 36 7 8 40 21 27 4 42 47 33 9 38 11 37 44 3 5 32 16 18 20 29 35 2 15 17 30 48 19
42: 5 35 21 11 16 28 23 26 3 18 32 20 15 44 4 48 38 17 40 1 43 2 13 24 9 25 6 31 47 33 22 49 27 41 29 12 37 42 10 46 50 39 34 8 7 45 19 30 36 14
43: 20 7 41 27 30 47 1 8 29 24 5 34 44 6 33 11 37 10 28 25 21 26 12 13 23 32 2 45 39 49 19 36 40 48 4 42 50 15 35 18 3 16 43 17 22 14 31 9 46 38
44: 48 20 41 50 6 26 37 2 3 47 12 31 7 9 40 39 24 15 11 44 17 30 13 36 49 32 38 8 46 25 4 1 23 14 29 5 19 43 21 34 33 22 10 42 16 28 18 35 45 27
45: 26 5 14 24 41 35 47 44 7 6 10 19 20 21 12 39 40 29 2 34 3 36 49 33 31 22 48 8 38 25 42 23 43 30 16 17 4 46 15 27 32 37 45 28 9 50 13 11 18 1
46: 21 24 1 48 35 34 47 28 46 16 15 37 23 42 27 11 4 32 49 6 10 45 20 14 19 30 33 13 26 43 40 7 44 31 8 39 38 50 3 12 41 29 18 2 25 9 5 22 36 17
47: 32 37 28 31 42 7 38 10 8 39 13 16 34 33 14 35 21 11 27 18 30 5 1 15 12 48 6 26 41 2 3 44 22 4 29 45 17 9 43 19 47 46 40 50 23 20 49 24 36 25
48: 9 25 16 30 38 44 47 21 26 14 27 42 2 41 39 8 43 6 37 31 15 32 33 48 1 29 22 45 20 18 11 5 36 23 50 34 4 35 10 3 7 40 28 17 49 24 19 13 12 46
49: 10 23 37 8 43 48 44 30 19 9 35 38 7 39 27 34 1 20 32 45 29 26 16 41 18 46 40 36 50 22 17 14 47 4 5 25 21 33 12 15 2 49 3 24 6 28 42 11 31 13
50: 27 2 28 43 38 21 12 23 40 20 50 29 30 22 45 9 3 36 49 35 7 25 42 10 41 15 18 11 46 39 13 6 17 4 8 34 33 47 37 48 26 19 5 24 44 32 31 1 16 14
1: 17 47 18 36 24 8 45 44 31 7 12 35 6 16 1 10 46 43 38 25 27 50 30 28 15 21 33 11 39 4 9 3 5 32 29 23 40 13 49 37 42 19 14 2 26 48 20 22 41 34
2: 17 23 7 13 35 24 18 42 27 9 26 31 16 29 39 50 41 20 19 40 44 46 12 38 25 34 28 36 21 15 14 6 22 30 37 32 8 1 49 11 47 48 33 5 4 3 10 45 2 43
3: 44 35 40 29 6 16 17 12 22 32 23 21 1 2 9 31 42 30 38 4 37 36 43 28 25 7 50 49 34 3 20 41 14 24 26 18 39 27 15 13 45 48 46 33 8 11 47 5 10 19
4: 1 4 21 3 16 18 40 6 28 10 42 46 44 25 27 38 43 8 14 9 22 34 23 12 15 30 33 48 49 20 39 13 24 7 31 2 5 36 50 26 47 11 41 35 19 45 17 29 37 32
5: 5 22 7 13 10 27 50 25 6 48 12 31 14 35 16 47 8 15 40 33 2 11 36 4 43 28 45 32 39 23 1 26 41 42 38 17 19 49 30 24 9 3 34 46 37 44 18 21 29 20
6: 26 47 18 28 1 33 45 35 23 2 44 12 39 16 21 50 3 10 24 20 5 11 32 6 36 46 14 42 48 9 37 22 27 4 15 41 8 19 17 30 49 34 43 25 13 40 7 38 31 29
7: 34 10 24 25 44 27 21 7 1 36 35 6 11 22 2 17 37 20 12 14 39 3 50 48 15 16 28 43 40 5 9 4 32 13 47 30 29 33 31 19 23 46 18 45 8 41 38 26 42 49
8: 11 27 35 23 40 43 41 1 26 31 28 3 7 6 22 4 20 24 16 10 37 49 46 8 19 33 36 15 25 18 13 50 47 14 45 29 34 44 5 42 21 9 39 32 12 30 2 48 17 38
9: 26 15 50 33 23 5 2 25 24 20 9 22 34 14 37 46 3 19 18 17 41 43 47 27 40 8 12 35 32 4 38 6 11 49 31 48 13 1 28 36 16 44 7 39 29 30 21 45 10 42
10: 44 4 13 32 25 28 27 24 40 38 21 3 17 37 29 9 41 2 18 14 42 50 45 6 10 11 48 5 49 35 20 22 23 34 31 15 12 26 33 43 36 16 47 30 46 39 7 1 19 8
11: 16 13 6 42 36 32 24 48 49 38 17 46 8 22 44 50 2 15 7 4 30 1 10 18 33 3 20 35 27 11 39 43 19 14 5 40 21 23 9 25 29 47 37 26 41 45 28 12 31 34
12: 36 2 1 10 35 47 44 50 49 17 37 3 6 4 25 7 28 19 24 9 13 16 12 20 27 26 8 43 40 41 18 23 33 46 29 30 39 42 34 11 21 14 5 45 31 32 22 38 15 48
13: 35 20 19 5 21 22 23 7 8 41 6 29 15 3 47 31 18 16 2 36 12 27 25 34 11 40 37 46 28 43 17 9 50 30 44 42 39 1 38 24 10 13 45 4 26 49 14 48 33 32
14: 40 32 7 13 21 49 48 8 10 37 50 33 44 16 9 30 5 45 20 47 11 36 24 27 12 34 17 18 14 15 39 43 6 35 19 38 1 23 41 3 2 29 26 22 25 46 4 31 42 28
15: 2 19 32 13 43 24 6 9 7 44 27 5 49 11 26 28 29 38 35 17 16 33 36 8 15 30 21 20 3 48 31 1 23 45 37 10 39 4 50 46 14 34 47 18 12 22 41 25 42 40
16: 4 46 2 6 10 30 18 24 8 47 26 44 22 34 40 23 19 36 5 7 41 17 12 29 31 37 25 27 48 16 3 33 45 9 28 11 42 14 13 21 20 35 39 38 15 32 50 1 43 49
17: 14 11 33 7 43 35 4 23 21 20 44 38 3 26 29 47 13 16 31 30 8 18 37 49 36 42 2 39 5 9 12 1 19 6 27 40 28 24 50 15 45 46 32 22 17 10 48 41 25 34
18: 11 27 3 17 14 40 19 34 41 23 35 44 21 25 2 10 20 15 26 7 4 47 16 18 37 9 46 39 29 6 33 36 22 50 45 43 38 31 12 28 42 30 32 49 24 48 8 13 1 5
19: 33 25 14 27 1 22 7 16 31 24 30 5 20 48 11 32 36 43 39 19 45 23 37 17 4 42 35 15 41 9 13 50 3 10 34 26 29 44 8 49 47 40 12 18 21 28 6 2 38 46
20: 28 46 26 24 37 23 14 32 5 9 41 48 43 44 50 22 40 16 39 47 42 1 18 2 11 8 17 31 38 27 7 45 25 13 49 15 35 34 36 30 33 4 6 20 21 3 10 12 29 19
21: 37 36 2 46 15 47 13 23 31 44 22 42 34 4 1 50 30 7 40 8 39 5 21 43 24 45 11 3 41 14 10 27 28 35 25 32 48 19 12 17 16 9 20 6 38 33 49 29 26 18
22: 26 14 22 6 38 32 40 19 31 45 43 24 20 15 7 25 50 16 48 1 35 4 21 5 27 34 47 17 30 37 39 9 44 49 10 46 33 11 12 36 2 41 8 28 42 13 23 3 18 29
23: 9 47 15 35 26 27 4 21 10 49 22 16 45 8 50 25 42 29 43 12 18 46 34 19 33 39 20 48 23 36 1 7 14 17 24 5 40 3 37 13 2 32 28 6 41 30 44 31 38 11
24: 35 38 15 9 39 19 4 29 8 46 36 43 18 45 33 40 26 24 30 3 2 31 34 11 50 20 10 47 44 6 28 48 42 37 25 13 1 5 21 16 23 22 41 32 12 17 49 14 27 7
25: 36 31 17 5 33 30 8 13 23 28 40 2 21 35 38 19 27 22 6 45 25 41 43 26 20 9 49 12 3 32 18 15 42 10 48 37 7 50 44 39 11 47 34 46 29 4 16 14 24 1
26: 36 16 48 35 11 44 4 1 23 14 50 3 34 13 45 20 9 7 29 19 2 12 39 37 5 42 30 21 33 38 28 41 31 10 27 6 46 17 24 47 32 26 43 15 49 40 25 22 18 8
27: 48 2 15 16 27 42 17 35 6 23 30 44 9 47 45 28 43 20 25 36 33 4 7 24 50 38 46 22 29 37 3 14 34 19 8 18 11 10 21 1 40 41 39 32 31 26 5 13 12 49
28: 1 47 31 7 35 4 30 19 25 34 17 38 40 15 39 28 3 29 24 16 20 12 49 45 32 48 8 33 13 42 11 37 27 44 18 26 21 14 6 41 9 46 36 5 23 10 2 50 22 43
29: 17 29 15 35 12 3 47 45 13 34 43 27 38 32 42 4 49 46 48 37 24 5 11 25 23 6 50 33 41 26 16 36 1 40 22 7 31 20 9 28 10 8 39 21 19 30 18 2 14 44
30: 5 48 8 22 7 45 43 36 10 38 9 17 19 44 13 4 46 24 2 50 35 39 3 40 20 34 23 27 41 29 49 30 31 16 25 15 6 32 14 42 21 18 37 1 11 28 26 12 33 47
31: 4 18 23 12 46 31 47 7 25 27 2 17 42 43 22 26 15 19 44 9 13 48 39 21 30 3 28 49 40 36 32 34 24 14 10 8 38 29 16 33 11 41 37 50 6 35 1 5 45 20
32: 33 3 2 38 28 5 24 31 39 32 34 7 4 18 8 50 21 23 16 30 17 26 47 48 1 9 10 36 46 40 12 49 11 14 13 44 6 22 35 20 15 25 19 41 42 27 37 45 43 29
33: 40 26 46 19 45 21 41 6 34 47 7 14 49 9 38 25 43 5 4 32 18 20 29 35 33 27 39 11 42 37 12 30 10 48 3 15 23 17 24 36 28 16 8 50 1 31 13 22 44 2
34: 10 48 50 3 25 12 34 1 44 29 13 47 43 22 15 30 19 4 41 45 24 26 27 8 20 39 6 37 46 36 16 5 28 31 40 21 32 17 35 9 42 14 2 33 49 11 18 7 38 23
35: 47 43 14 31 40 24 13 17 30 49 9 20 2 18 15 35 5 21 50 3 6 38 42 23 41 28 48 39 46 34 33 11 16 27 8 36 26 37 29 19 32 22 1 7 12 44 10 4 45 25
36: 35 34 21 16 26 11 31 7 42 10 9 5 24 38 32 28 2 20 13 41 47 30 4 23 33 27 46 48 43 39 1 15 22 44 3 6 12 19 37 8 49 40 36 25 14 45 17 29 18 50
37: 40 43 22 45 24 41 17 34 18 14 36 7 11 16 13 48 26 35 28 21 32 46 29 30 1 37 10 4 9 31 19 15 50 47 39 12 42 33 8 2 25 44 3 6 38 20 5 49 23 27
38: 26 20 3 44 18 37 17 11 23 45 8 35 22 40 27 9 4 41 16 38 42 25 43 10 19 24 12 33 1 7 39 5 28 2 15 6 32 14 30 36 13 31 50 49 47 21 29 34 46 48
39: 7 31 49 30 39 34 10 13 42 41 26 32 33 43 12 9 48 2 36 47 5 28 29 15 21 19 3 16 20 40 44 38 46 23 1 27 11 37 4 50 8 22 25 35 45 18 6 14 24 17
40: 39 15 10 6 43 41 14 44 11 49 42 38 25 48 3 30 50 13 34 4 32 46 35 27 22 21 9 20 29 24 16 12 31 26 8 33 18 2 17 40 28 23 37 45 5 36 1 7 47 19
41: 4 23 7 11 8 27 36 17 3 20 44 32 45 48 24 25 1 16 33 34 42 5 28 26 47 9 50 15 39 6 38 2 21 30 29 12 46 19 13 40 37 18 10 41 49 14 43 22 35 31
42: 12 46 31 48 27 23 45 38 21 11 44 6 40 50 16 2 5 7 14 19 33 13 10 8 41 36 29 17 25 1 35 30 34 3 42 37 26 28 47 18 49 32 39 24 15 43 20 22 4 9
43: 7 18 25 42 24 34 5 40 6 22 13 4 11 37 8 23 17 1 26 16 29 28 9 46 33 10 45 35 20 15 41 3 2 38 50 36 31 14 19 49 44 43 12 48 47 30 39 21 27 32
44: 29 34 27 13 32 17 26 14 31 47 25 7 23 22 48 24 38 12 28 40 10 49 3 8 16 20 44 11 30 9 39 46 18 33 6 35 45 37 4 21 41 50 2 42 1 36 43 15 5 19
45: 12 45 16 37 14 26 7 18 41 24 15 33 6 3 32 27 10 38 31 28 36 49 13 4 19 50 29 40 20 42 22 43 46 34 44 23 2 11 25 21 48 5 1 8 39 9 47 17 30 35
46: 9 42 36 37 35 17 6 28 19 32 8 47 2 27 41 49 18 48 31 34 10 30 33 26 43 50 21 39 3 11 16 14 23 13 4 24 25 1 5 20 45 46 40 44 12 38 29 22 7 15
47: 8 44 48 1 27 39 33 46 26 28 12 37 15 49 9 13 17 3 35 41 20 38 7 36 25 5 31 34 47 40 16 42 2 32 43 10 50 14 11 21 30 24 6 18 23 19 29 22 4 45
48: 48 34 17 16 24 31 10 11 4 28 43 49 1 41 33 23 46 21 20 19 7 8 29 2 36 3 32 13 50 18 47 5 30 26 35 25 44 22 15 42 9 40 6 45 12 38 27 39 14 37
49: 26 27 46 10 8 17 41 18 31 22 24 15 37 2 5 11 30 25 43 29 1 32 14 19 40 42 35 50 49 3 7 38 16 6 28 4 13 23 39 47 21 44 9 20 36 33 12 34 45 48
50: 45 47 1 16 40 39 48 35 36 42 24 2 11 9 25 32 7 18 41 22 50 13 17 14 23 28 10 26 33 46 30 4 38 12 15 6 49 20 43 37 27 44 31 8 19 5 34 3 29 21
