50 50
1: 16 7 4 22 50 30 12 6 5 13 32 42 1 25 47 40 11 33 17 23 41 43 14 26 9 27 21 3 19 20 31 28 8 35 44 45 18 34 36 10 37 15 24 46 49 2 29 48 38 39
2: 19 28 22 14 10 29 44 5 49 41 42 23 48 17 50 4 1 8 7 11 16 31 32 21 40 34 47 15 20 37 39 18 25 38 26 46 43 9 45 2 30 33 13 3 35 36 12 24 6 27
3: 29 37 1 46 4 33 35 23 14 43 17 26 19 20 24 22 9 28 3 25 38 32 7 21 44 34 18 31 5 42 12 49 50 2 47 11 48 40 10 39 27 45 6 16 13 41 15 30 36 8
4: 48 23 45 3 2 1 31 35 38 50 9 27 36 17 22 39 5 33 10 28 34 14 25 37 20 46 42 21 43 26 7 24 11 16 15 49 19 8 4 47 18 30 13 40 32 44 29 41 12 6
5: 4 24 39 17 48 41 11 7 26 40 30 13 45 16 32 21 19 18 49 6 38 15 1 29 31 5 12 44 27 50 9 3 22 42 28 35 33 37 2 23 46 8 25 14 47 43 10 36 34 20
6: 47 10 13 36 5 16 39 40 41 6 22 29 44 3 26 35 7 49 38 17 4 9 30 14 46 15 20 23 31 1 2 8 42 37 25 33 27 12 28 32 48 18 24 45 21 43 11 34 50 19
7: 25 21 1 44 34 48 17 12 8 24 11 33 22 50 43 4 38 39 35 32 28 10 23 19 3 47 42 5 13 9 20 16 46 49 18 30 14 27 36 40 6 31 7 15 26 37 29 41 2 45
8: 32 21 20 22 47 24 30 4 13 26 45 10 35 43 36 3 1 2 11 31 49 28 15 8 29 25 33 46 23 12 37 44 18 42 16 27 17 41 7 34 9 40 50 19 6 48 14 39 5 38
9: 42 31 7 38 33 17 25 26 15 39 6 40 48 43 13 32 18 34 8 4 24 3 20 37 46 10 41 27 16 1 9 11 45 12 44 5 29 2 22 36 21 30 49 47 50 14 23 35 19 28
10: 16 17 45 34 41 22 18 9 49 36 3 8 28 26 50 43 10 46 40 11 13 4 20 29 33 42 19 47 48 24 6 30 7 27 21 25 15 44 5 39 1 31 38 37 35 32 14 2 12 23
11: 11 4 34 23 20 31 26 46 12 30 13 29 18 22 47 8 7 38 44 48 39 9 49 3 45 28 15 32 2 6 37 50 14 1 21 42 36 19 25 17 5 41 10 40 35 43 16 24 27 33
12: 3 37 27 21 10 47 14 33 8 4 44 32 48 7 2 45 24 11 16 49 1 35 23 15 29 41 6 43 19 22 5 30 25 20 39 17 18 12 26 42 28 31 9 13 34 46 38 40 36 50
13: 17 3 20 4 32 21 28 26 8 39 50 6 10 36 42 34 31 2 29 22 14 9 18 47 46 35 19 30 11 7 5 16 25 27 1 49 15 12 40 37 43 45 38 41 13 23 33 24 48 44
14: 3 31 37 4 50 34 36 17 1 35 9 30 19 42 23 33 2 32 7 48 43 29 41 15 25 44 10 6 21 27 26 18 28 20 24 12 39 11 40 22 38 45 16 14 8 49 46 5 13 47
15: 22 2 15 48 49 40 45 13 21 30 10 39 18 23 35 33 17 27 43 6 11 14 5 37 24 31 38 41 4 29 16 28 34 12 25 7 20 3 36 26 50 46 19 32 47 9 8 42 44 1
16: 7 31 11 36 23 47 17 45 19 24 39 40 26 14 35 18 34 12 50 13 42 43 8 16 3 4 1 46 44 49 21 38 32 28 25 15 6 33 30 29 27 48 20 9 2 41 22 5 10 37
17: 1 45 19 38 35 36 28 12 3 8 11 30 26 31 32 16 29 24 34 48 20 49 17 2 42 5 7 39 21 43 46 15 18 25 6 33 50 37 10 14 22 44 27 13 9 41 23 4 47 40
18: 30 28 18 42 29 12 26 2 6 47 24 7 50 32 27 46 36 5 10 35 45 11 8 4 23 43 1 37 3 19 21 49 22 17 25 40 41 38 31 39 44 48 15 9 14 33 34 13 16 20
19: 37 9 23 32 49 2 22 26 48 24 35 40 6 12 17 1 3 4 45 42 31 34 29 14 50 33 8 43 36 30 21 5 38 10 11 25 20 46 44 39 47 7 41 28 19 13 16 27 18 15
20: 25 7 32 36 28 45 6 27 44 34 9 29 23 33 40 20 30 22 24 31 14 38 1 13 17 37 50 15 49 2 35 4 12 39 26 3 16 11 21 10 18 41 43 46 42 19 5 47 48 8
21: 3 42 8 1 41 36 13 9 44 47 10 31 29 20 49 2 24 43 37 32 45 23 50 40 48 14 15 22 27 5 30 4 38 17 6 16 46 11 25 33 19 12 39 26 18 7 34 35 28 21
22: 46 40 38 5 42 4 17 32 9 8 19 45 30 7 28 11 31 48 16 20 34 47 2 49 35 1 6 12 24 27 33 50 14 39 21 29 37 3 41 15 23 10 22 36 13 18 43 26 25 44
23: 28 49 1 24 34 13 35 5 42 38 50 40 32 44 20 25 23 33 45 29 7 6 3 27 2 18 37 16 8 15 26 11 43 31 4 47 12 39 21 30 9 10 19 41 48 46 36 17 14 22
24: 12 46 27 11 6 20 5 22 30 35 38 24 29 44 39 19 31 32 37 13 1 2 40 16 18 49 34 3 4 33 25 21 50 7 26 17 8 42 41 48 23 15 14 36 43 9 28 47 45 10
25: 21 50 25 29 9 41 43 28 1 31 36 19 37 16 11 4 46 27 22 17 23 32 33 2 38 35 3 13 24 20 5 40 15 18 34 42 14 26 48 30 8 44 49 7 47 12 39 6 10 45
26: 40 7 36 30 47 41 19 31 14 50 10 48 49 13 1 43 4 11 9 2 27 3 28 8 38 17 20 22 12 34 23 26 29 46 5 33 6 21 15 25 18 39 44 35 32 37 42 16 45 24
27: 23 6 32 20 12 16 15 50 17 5 14 30 37 10 36 33 46 40 45 26 41 48 44 42 4 2 21 22 38 13 19 49 25 8 11 28 7 9 47 35 39 34 43 3 31 27 1 18 24 29
28: 40 48 43 50 27 7 35 34 37 39 47 9 36 25 30 38 24 20 14 32 15 19 13 5 21 23 44 22 17 45 3 8 26 18 1 6 29 16 28 33 4 12 46 2 41 31 11 10 42 49
29: 25 18 44 5 45 7 15 50 26 6 1 24 4 39 35 37 47 30 22 16 38 28 41 19 34 46 11 23 17 27 20 36 31 40 2 10 43 29 9 48 12 33 21 42 49 32 13 8 14 3
30: 12 18 6 30 42 15 20 40 17 41 13 11 8 1 10 28 37 21 46 24 43 36 29 39 48 3 33 26 2 32 49 35 23 31 16 27 38 47 25 22 44 7 5 45 14 50 34 4 9 19
31: 38 5 45 44 35 28 42 16 19 2 12 10 29 50 43 22 31 14 32 36 30 34 27 40 17 15 47 37 7 11 24 6 39 13 23 25 9 18 46 4 20 33 48 21 26 8 3 49 1 41
32: 31 26 40 22 39 13 16 30 48 12 19 8 1 45 23 24 10 37 15 18 29 20 33 5 41 17 3 50 2 34 25 4 49 46 14 43 6 35 36 21 42 11 44 32 38 28 27 9 7 47
33: 7 6 42 28 50 37 39 17 40 22 20 8 14 9 31 5 36 1 48 43 46 4 47 35 25 16 38 45 2 13 44 24 26 15 30 10 18 3 11 41 32 34 21 29 19 33 49 27 23 12
34: 13 2 26 14 39 10 5 3 45 16 34 8 4 22 28 46 21 42 24 18 44 47 25 11 1 37 48 43 49 7 50 12 41 35 31 20 36 30 32 40 23 6 33 17 19 9 15 38 27 29
35: 21 48 15 8 20 38 23 37 39 42 41 14 47 31 27 19 6 44 26 5 22 1 17 12 9 16 18 4 2 28 35 24 34 30 7 50 11 13 46 10 29 45 49 40 25 36 33 3 32 43
36: 22 14 41 18 25 10 42 6 33 24 3 48 1 37 47 11 16 2 27 43 13 15 21 7 17 39 5 19 46 28 44 23 34 9 49 40 35 36 45 4 32 50 30 38 8 29 31 20 12 26
37: 9 29 18 25 23 30 4 40 49 15 3 21 38 5 14 24 16 35 8 17 34 28 2 31 39 41 19 47 22 10 48 11 12 36 33 7 1 37 46 50 32 13 20 26 42 45 27 44 6 43
38: 42 40 43 6 17 19 5 27 26 31 50 46 2 3 10 14 4 37 23 34 12 7 1 32 21 25 9 30 15 29 11 38 49 22 35 28 33 44 36 13 39 47 45 20 41 16 48 24 8 18
39: 29 49 6 13 25 11 36 40 22 48 31 45 50 7 47 9 39 26 19 37 44 16 1 21 17 24 5 4 3 41 18 34 42 23 20 15 10 43 35 28 14 27 12 46 32 33 38 8 30 2
40: 45 6 29 43 37 36 31 26 42 49 9 44 19 5 30 17 7 41 22 47 46 3 12 14 10 24 34 18 32 28 11 20 27 2 50 38 4 1 8 39 35 25 33 48 15 21 16 23 40 13
41: 47 37 21 4 19 9 22 11 42 32 7 27 16 48 50 18 36 31 3 8 20 41 17 10 25 5 24 39 38 40 45 26 6 23 28 12 2 14 43 29 15 44 13 46 49 30 1 34 35 33
42: 38 42 47 12 29 14 1 30 32 11 45 22 31 21 10 15 25 17 46 48 43 24 23 49 8 41 20 3 39 19 36 37 34 2 28 44 50 4 33 40 6 35 18 27 26 13 9 7 5 16
43: 7 20 10 2 17 30 46 29 50 43 38 41 11 8 27 28 21 39 45 1 49 24 22 25 48 34 12 44 37 32 16 13 23 14 31 4 6 18 42 19 26 9 3 40 5 35 33 36 47 15
44: 45 7 46 3 19 24 13 32 37 48 18 14 42 41 31 2 6 25 39 38 26 22 44 21 5 15 1 23 47 9 28 33 36 8 16 49 40 43 10 12 34 50 29 4 35 17 20 30 27 11
45: 8 14 29 7 1 38 13 27 21 11 22 10 5 15 3 32 16 36 25 24 23 34 39 2 50 9 30 49 41 33 19 18 37 46 17 40 35 48 42 26 45 6 43 31 4 47 28 12 44 20
46: 38 8 39 29 2 31 11 10 41 24 13 40 7 28 32 9 26 44 45 1 20 34 4 46 42 22 36 49 18 19 23 33 6 14 16 21 48 47 17 5 35 3 25 37 15 50 43 30 27 12
47: 26 18 40 38 33 37 36 15 31 8 17 43 50 30 4 47 49 28 16 2 44 14 39 11 23 7 35 46 32 29 20 5 48 41 34 27 13 3 12 10 42 1 19 9 45 21 24 6 25 22
48: 2 34 5 19 32 1 25 38 47 11 6 15 16 13 26 4 33 12 8 27 44 49 48 14 31 37 23 50 9 3 22 10 29 17 39 42 43 40 24 7 28 18 35 30 20 46 41 45 36 21
49: 29 47 37 1 10 3 24 39 16 15 33 43 40 6 17 2 26 35 27 8 46 45 25 23 13 14 50 31 9 30 20 11 19 4 38 36 7 21 41 5 48 32 44 18 12 34 22 49 28 42
50: 13 2 20 30 35 10 9 1 41 4 28 24 26 14 29 18 39 32 11 47 49 25 34 46 16 23 22 19 43 36 37 38 7 33 45 27 31 44 42 6 48 15 8 21 3 17 50 12 40 5
1: 36 12 22 45 27 4 49 38 37 47 43 11 28 39 14 26 25 16 3 13 7 23 29 42 20 34 31 5 17 48 46 10 41 21 2 19 15 30 32 18 44 33 35 40 9 8 24 1 50 6
2: 6 7 33 1 3 11 50 47 25 41 40 38 49 16 37 35 14 12 24 30 15 44 20 10 39 5 23 22 36 18 27 9 19 2 48 45 4 32 46 28 13 29 21 17 43 34 8 26 42 31
3: 4 15 41 20 24 17 36 35 34 49 25 14 11 44 50 48 29 21 13 46 1 33 5 22 8 12 3 45 42 40 26 43 31 2 18 19 32 10 38 23 30 16 9 39 47 27 28 6 7 37
4: 38 49 25 22 18 36 14 43 24 23 33 4 16 34 2 1 48 45 12 31 17 28 40 41 10 29 42 15 9 7 39 26 21 44 50 37 19 35 32 13 27 5 47 6 46 11 30 3 20 8
5: 26 4 16 8 22 18 10 23 5 43 12 42 30 46 21 27 19 50 45 44 14 37 36 11 3 24 31 33 9 20 6 7 32 15 41 1 28 38 34 13 17 48 49 29 39 2 25 47 40 35
6: 43 12 20 4 34 42 48 13 25 18 7 10 37 27 44 45 38 15 6 32 24 30 1 3 41 5 21 35 31 40 2 9 17 16 14 39 19 36 8 23 33 28 50 29 22 11 46 47 49 26
7: 36 16 27 20 22 30 11 26 9 7 44 3 17 46 31 38 23 41 40 39 25 8 49 48 13 32 12 21 43 18 35 34 45 10 50 24 15 2 33 28 1 5 29 19 37 47 14 42 4 6
8: 15 25 26 36 4 39 42 20 31 33 2 14 48 6 23 44 37 40 50 38 22 18 10 27 5 45 11 34 24 17 29 43 41 46 19 21 9 7 32 8 12 30 28 49 16 3 13 35 1 47
9: 5 15 39 7 46 10 33 40 12 2 14 49 3 38 27 9 6 19 29 20 4 48 42 35 13 16 25 34 47 11 22 1 37 43 44 36 45 18 50 23 32 41 31 26 8 17 28 24 21 30
10: 40 2 15 4 11 18 32 44 25 36 41 50 5 8 12 39 24 3 16 37 35 33 34 30 42 38 19 7 21 29 31 6 49 26 1 47 9 45 48 46 43 10 13 20 17 23 22 28 27 14
11: 29 40 10 24 4 18 16 21 25 8 34 28 45 14 47 27 22 42 49 43 26 33 17 31 15 6 50 12 3 37 1 19 44 2 38 35 23 32 20 48 46 9 36 11 13 39 30 5 7 41
12: 12 20 40 9 17 3 6 38 18 22 10 11 32 2 4 7 26 21 19 43 15 33 47 48 16 25 13 42 30 44 29 50 34 14 45 41 23 46 27 36 35 39 31 28 5 24 37 49 1 8
13: 24 32 38 21 20 42 19 7 35 27 22 37 13 49 46 36 4 29 14 44 17 18 1 31 6 9 39 3 34 50 47 5 45 48 41 26 11 23 30 16 33 28 12 8 40 15 25 10 43 2
14: 47 23 30 16 28 13 36 19 5 31 39 9 41 8 10 50 43 6 18 4 42 1 14 48 21 33 40 17 27 32 46 38 15 22 11 45 20 7 49 3 37 26 12 24 35 34 29 2 25 44
15: 36 35 22 12 7 11 40 45 32 21 29 44 49 27 31 4 17 50 5 25 37 33 2 30 19 3 48 28 43 20 14 16 39 42 23 34 24 47 8 46 41 9 15 13 26 18 38 1 10 6
16: 16 44 47 29 48 7 15 30 25 31 39 21 43 22 38 33 46 37 8 9 27 20 13 50 11 24 10 32 41 49 6 42 36 34 12 19 17 3 35 18 4 40 23 1 28 5 2 45 26 14
17: 46 18 42 20 48 3 12 21 11 39 5 25 50 43 14 15 2 4 49 36 7 28 19 33 29 10 1 30 35 16 40 17 41 31 24 32 27 13 34 8 45 22 44 9 38 26 37 23 47 6
18: 48 21 50 31 12 40 25 41 18 7 46 38 24 8 17 28 37 4 5 39 44 23 35 9 45 47 22 26 14 19 27 36 6 32 49 15 33 10 29 42 13 30 20 2 1 11 43 34 3 16
19: 39 10 23 15 22 17 24 43 20 19 46 6 13 45 40 32 1 21 49 30 2 14 37 5 9 35 34 44 26 27 38 36 11 4 47 31 42 18 41 33 25 16 3 29 12 50 28 48 8 7
20: 6 25 7 28 43 42 37 20 8 44 45 12 48 35 18 50 1 11 47 23 41 34 22 30 9 39 13 46 31 19 27 24 16 10 49 33 15 21 14 36 29 40 38 2 4 32 17 3 26 5
21: 10 20 12 23 48 44 47 50 24 27 16 14 25 28 36 31 29 40 39 22 38 11 35 9 17 32 8 30 45 43 1 4 37 18 49 15 21 3 41 7 2 19 5 6 33 46 42 26 34 13
22: 50 26 22 33 11 2 3 31 19 12 21 18 37 6 1 27 36 10 15 4 49 23 44 32 45 8 47 46 14 28 13 9 38 5 16 29 34 17 7 43 30 40 20 24 39 35 48 42 41 25
23: 20 24 28 9 44 15 34 23 11 47 5 32 35 12 27 16 48 2 49 41 39 19 50 7 6 25 21 30 40 31 38 4 1 46 42 37 8 14 17 33 10 13 18 26 3 43 29 45 22 36
24: 26 14 41 42 34 44 13 35 20 43 17 48 8 24 30 37 40 16 3 25 45 10 50 21 47 1 18 7 5 32 36 49 46 31 11 23 33 39 2 12 6 28 9 22 38 27 19 29 15 4
25: 40 48 23 4 15 46 29 5 12 38 31 37 39 36 14 34 45 24 35 28 49 25 7 50 30 22 27 33 18 3 19 16 42 1 9 13 8 44 43 2 20 17 21 32 11 41 6 26 10 47
26: 28 44 29 9 10 20 32 22 5 35 31 19 4 37 38 40 7 3 45 25 1 15 50 42 36 48 11 16 18 6 41 33 30 49 13 17 26 23 43 27 46 2 21 12 47 24 8 14 39 34
27: 50 29 42 34 33 26 8 5 23 14 37 24 16 30 28 38 46 35 4 36 7 19 27 25 15 39 21 31 45 6 12 47 43 18 32 3 9 44 11 48 49 40 13 10 17 1 20 2 41 22
28: 25 10 9 3 4 48 42 16 21 38 34 27 2 36 6 29 45 49 24 37 30 35 26 28 5 46 11 23 19 50 39 13 41 44 1 14 32 40 31 8 20 15 7 22 17 47 43 18 12 33
29: 37 11 14 50 13 26 41 48 23 36 49 15 34 2 1 16 21 3 17 30 35 5 47 7 20 46 10 9 27 29 24 42 6 8 12 18 43 45 19 44 28 32 39 38 33 40 22 31 4 25
30: 44 50 30 47 12 33 6 5 15 35 31 19 29 22 13 27 41 32 37 17 43 11 36 16 21 26 48 23 28 8 9 38 14 34 42 45 7 20 39 46 1 40 49 2 3 24 10 18 25 4
31: 1 14 38 15 6 11 37 49 33 34 10 31 30 23 35 2 25 3 36 21 45 46 24 17 18 19 39 12 8 16 28 9 48 27 20 29 22 32 50 7 47 4 41 13 5 44 26 42 40 43
32: 17 14 35 26 28 43 5 8 4 21 10 30 47 23 13 40 31 50 16 33 12 22 3 44 6 15 11 18 25 9 39 49 27 1 32 36 38 37 19 29 7 48 45 34 20 41 2 24 46 42
33: 35 46 20 49 18 23 6 4 29 40 25 36 28 12 32 47 38 13 31 14 37 44 7 41 8 11 5 27 22 26 39 43 17 50 2 48 10 21 3 1 45 19 24 42 9 15 34 33 16 30
34: 22 29 41 14 35 10 16 27 46 23 26 30 50 6 21 20 17 24 45 44 3 31 13 11 4 47 34 39 32 40 42 8 36 43 18 38 37 19 9 48 2 7 25 28 15 1 12 5 33 49
35: 25 50 5 34 30 44 49 23 16 40 13 10 35 15 24 1 22 28 7 46 45 26 6 17 36 20 27 48 42 33 43 9 47 29 14 39 12 11 32 18 19 4 8 41 3 2 37 31 21 38
36: 12 20 9 10 33 45 22 19 36 15 49 13 16 8 6 42 30 18 17 35 46 1 31 44 25 37 4 32 40 11 7 26 21 47 48 14 3 23 34 28 29 50 24 27 43 2 38 39 5 41
37: 42 3 15 20 9 31 49 43 1 32 11 21 10 45 12 2 19 18 7 13 22 14 28 37 44 38 34 39 29 47 46 23 35 33 25 40 17 4 16 8 27 48 24 50 41 30 36 6 5 26
38: 19 48 38 7 37 47 25 10 27 18 11 34 21 12 8 3 30 24 5 29 9 13 26 2 16 46 49 4 44 28 23 17 31 32 33 14 50 42 22 15 40 39 41 35 36 6 20 45 1 43
39: 13 21 17 26 45 24 34 8 9 1 16 37 6 18 39 2 27 23 10 11 5 14 49 50 47 41 33 46 42 25 28 43 22 36 3 31 35 38 7 30 20 29 44 32 40 12 15 19 48 4
40: 16 17 39 44 23 36 26 28 8 7 31 46 37 24 32 47 48 3 15 11 29 12 41 2 38 21 27 10 42 45 34 6 13 18 20 33 5 30 35 1 25 43 22 9 40 14 4 49 50 19
41: 18 33 5 14 31 19 32 3 21 12 43 20 38 29 16 34 6 23 40 1 17 25 26 9 50 13 37 7 39 45 28 4 42 46 36 27 8 15 2 41 44 47 49 22 48 10 35 11 30 24
42: 38 22 44 47 19 21 42 14 45 41 5 49 10 34 17 31 35 25 46 32 20 27 50 2 3 26 48 37 33 28 7 11 12 15 6 18 16 13 29 24 9 40 39 8 30 4 1 36 43 23
43: 48 21 50 27 19 14 2 46 25 4 37 28 43 38 29 49 1 3 5 31 42 45 24 39 30 16 41 47 35 6 23 15 20 12 8 40 11 22 44 9 34 32 17 33 10 26 18 13 36 7
44: 2 15 39 12 46 16 50 32 36 40 19 4 17 30 5 18 34 7 21 20 41 35 6 24 25 37 49 26 45 47 27 23 29 9 1 13 3 48 10 8 44 43 38 22 14 31 28 11 42 33
45: 42 40 14 10 28 15 17 47 11 31 20 21 2 48 3 5 22 26 37 24 18 35 44 43 25 6 13 30 16 50 46 8 38 45 27 49 9 19 7 41 39 32 1 12 4 36 33 34 23 29
46: 17 6 42 16 29 48 44 46 32 10 1 30 20 39 2 9 41 5 40 19 23 21 18 26 24 11 8 12 14 33 35 49 47 50 34 25 45 31 36 43 3 22 15 37 7 28 27 4 13 38
47: 9 13 45 43 17 25 5 8 3 33 42 12 44 36 24 2 16 10 27 4 6 1 15 47 19 40 31 38 22 48 18 46 29 23 28 26 35 7 37 32 34 30 50 21 41 11 20 39 49 14
48: 38 11 8 3 40 46 13 31 47 37 50 2 16 26 23 32 21 17 45 34 28 33 15 43 22 18 42 5 6 49 39 20 48 12 36 30 25 4 10 27 41 44 24 29 35 14 9 1 7 19
49: 37 1 12 28 19 16 50 34 5 25 31 43 33 38 23 39 48 49 24 30 40 4 2 27 9 22 13 18 15 36 45 17 6 8 21 11 42 26 10 7 46 29 47 32 44 14 20 41 35 3
50: 3 19 18 17 38 35 6 43 15 14 33 22 8 29 9 25 21 13 45 47 50 5 42 26 12 40 20 24 49 7 10 28 44 31 1 41 39 32 11 48 34 36 27 30 16 4 23 37 46 2
