50 50
1: 24 27 15 14 42 19 18 40 37 7 49 28 44 10 13 36 23 32 5 45 38 1 3 21 39 48 31 12 41 2 8 35 34 11 20 47 30 6 43 29 50 33 17 4 16 9 46 25 26 22
2: 2 48 17 4 14 43 10 7 34 40 42 45 5 8 18 33 23 15 16 9 25 39 13 36 11 29 35 22 41 21 1 31 6 19 37 38 46 28 12 30 47 32 49 50 44 20 27 24 3 26
3: 27 7 18 46 16 50 8 5 15 28 38 26 48 19 4 40 6 11 22 34 33 3 14 9 17 23 37 36 30 47 41 24 44 12 10 49 42 21 32 45 31 39 1 43 35 2 29 25 20 13
4: 45 37 32 27 44 5 16 41 21 15 23 19 25 39 34 20 3 36 48 30 33 24 46 4 8 10 38 7 28 11 50 1 9 47 12 14 17 2 49 43 40 29 31 6 42 26 35 13 22 18
5: 13 3 50 26 46 45 47 9 10 36 2 30 48 25 29 42 14 23 31 16 28 20 37 38 34 21 7 32 27 43 5 41 24 11 1 40 17 4 8 6 22 44 39 33 12 35 15 18 49 19
6: 46 32 7 10 14 6 40 33 39 35 15 23 45 18 27 44 19 22 43 11 21 48 16 1 9 17 5 12 24 25 4 47 34 26 28 2 50 3 13 41 36 37 31 8 29 38 42 49 20 30
7: 27 15 7 49 38 6 35 32 26 5 30 28 4 14 1 10 29 48 47 8 24 16 36 31 42 22 44 11 9 33 46 40 3 13 17 45 25 41 37 43 39 20 34 2 50 21 23 19 18 12
8: 13 11 14 20 21 34 36 37 32 30 39 10 38 4 8 5 43 48 26 25 28 35 47 17 2 31 40 46 50 27 18 9 22 23 1 44 49 19 45 33 6 41 29 16 7 12 3 42 24 15
9: 35 20 49 15 8 30 6 28 2 43 21 31 29 25 38 18 42 16 50 7 4 41 48 32 17 45 3 10 24 40 33 5 36 13 19 46 14 23 9 37 44 22 47 26 34 12 11 39 1 27
10: 19 43 25 47 15 46 13 33 39 50 35 40 48 3 9 45 29 6 31 4 11 42 49 22 27 14 32 41 24 34 30 17 44 23 12 7 8 21 10 1 20 16 38 18 5 2 36 28 26 37
11: 24 25 10 48 35 22 2 4 42 21 29 23 11 19 14 38 37 40 28 27 45 32 31 16 36 26 18 5 7 39 13 17 8 3 49 33 50 43 12 15 1 30 34 20 46 47 9 6 44 41
12: 11 39 18 37 28 22 35 40 47 19 41 12 23 31 29 48 21 46 7 36 42 16 38 9 32 6 4 10 5 8 24 33 17 14 43 50 30 3 26 44 13 45 34 1 2 15 27 49 25 20
13: 41 39 34 24 17 49 23 8 11 30 38 48 13 25 1 33 35 26 4 36 47 6 43 7 42 12 32 50 3 46 37 44 14 28 31 21 20 27 2 9 19 10 18 5 29 45 22 16 40 15
14: 6 23 32 49 24 7 37 13 27 21 20 12 41 11 47 9 26 5 29 33 36 10 46 4 44 28 16 38 1 3 30 43 45 15 35 2 19 34 50 14 40 48 42 17 25 8 39 18 22 31
15: 43 11 32 28 6 19 25 47 24 35 30 45 36 40 31 15 4 29 23 7 1 16 38 12 3 44 9 5 49 34 42 10 37 48 17 39 18 21 27 2 33 22 46 50 8 13 14 41 26 20
16: 19 30 2 14 41 15 7 4 24 36 13 11 6 44 29 5 35 42 21 20 46 8 34 39 28 50 27 40 23 1 26 10 9 38 32 18 22 43 37 17 33 49 25 16 12 48 45 3 31 47
17: 34 6 47 46 37 48 29 14 26 38 25 8 10 49 7 39 22 33 44 35 4 40 41 31 36 16 11 24 15 18 30 17 9 45 20 13 28 32 1 5 2 3 42 12 43 21 23 19 50 27
18: 9 21 13 2 11 46 38 3 22 34 23 40 27 26 14 30 39 15 28 43 33 36 1 7 17 32 31 47 16 37 24 44 25 42 35 49 29 41 20 4 10 48 6 12 45 8 50 5 18 19
19: 44 6 20 16 21 10 15 40 31 13 49 11 33 24 12 38 47 36 32 19 41 48 37 43 34 4 42 39 50 8 5 28 26 45 22 2 30 46 9 35 7 27 3 23 18 29 25 1 14 17
20: 9 8 15 34 28 13 17 23 14 11 21 12 39 44 29 25 24 46 50 33 37 35 10 41 27 2 1 45 18 49 31 19 6 40 5 30 26 20 47 22 4 38 16 48 42 7 36 32 3 43
21: 42 33 4 37 16 49 28 43 46 20 1 22 50 11 45 39 2 3 36 6 14 13 25 48 30 40 8 38 26 24 29 12 19 15 34 44 32 27 5 35 18 7 31 17 23 9 47 10 21 41
22: 38 16 15 43 30 4 17 32 39 42 48 36 7 49 1 27 22 13 46 41 11 25 10 29 14 40 18 12 47 45 28 6 8 37 19 9 33 35 34 23 50 2 20 5 26 3 21 24 31 44
23: 22 5 23 6 21 36 28 26 30 1 16 50 27 40 19 34 35 3 7 39 37 49 48 29 43 44 33 18 11 14 4 47 38 42 10 24 45 9 17 2 13 32 20 31 15 46 41 8 25 12
24: 36 1 43 16 20 42 35 19 40 30 23 41 50 11 14 39 34 18 33 2 3 8 12 48 37 32 46 5 25 38 4 21 28 45 9 26 31 44 6 47 7 15 29 24 13 27 17 10 49 22
25: 30 14 45 5 8 15 10 9 7 34 50 4 33 13 48 24 46 40 27 35 12 25 29 49 17 23 32 3 2 38 28 1 19 37 22 20 26 21 16 18 11 42 36 47 6 41 43 44 39 31
26: 48 15 30 41 22 25 32 2 35 10 12 7 39 1 28 47 27 9 31 11 43 4 23 24 49 20 19 44 42 18 6 17 46 34 36 45 37 29 13 33 21 3 40 8 5 38 14 50 26 16
27: 19 2 28 46 13 11 25 45 14 50 49 3 34 8 21 41 20 36 22 38 43 5 12 30 35 32 48 33 4 39 29 6 27 10 23 26 15 1 31 24 42 9 16 40 18 47 44 37 7 17
28: 3 41 39 4 47 28 14 36 32 22 35 46 11 34 27 26 42 20 8 30 49 5 25 48 43 7 37 45 15 33 29 38 10 13 44 23 18 6 24 2 19 1 16 31 9 50 12 17 21 40
29: 47 29 38 1 20 16 24 3 44 34 30 15 31 14 12 13 48 42 50 28 27 10 5 7 33 9 11 2 25 46 23 40 8 17 32 35 6 4 49 37 26 22 19 39 43 21 18 36 45 41
30: 15 40 16 37 42 26 6 1 19 13 8 20 28 49 39 23 12 18 35 46 36 27 32 33 21 22 44 3 7 14 43 48 30 41 4 29 31 17 11 45 47 38 5 9 2 10 24 50 34 25
31: 20 44 16 3 27 7 12 35 23 26 9 37 45 32 21 39 13 41 49 22 47 30 17 11 19 6 18 38 31 10 48 29 36 43 50 33 14 4 24 42 8 46 5 1 15 40 25 28 34 2
32: 39 29 35 49 2 50 28 20 43 24 46 41 27 22 26 30 47 37 12 6 42 15 19 40 1 36 32 17 21 10 16 8 38 9 44 31 14 18 11 33 45 34 5 7 13 23 3 48 4 25
33: 12 37 9 35 17 4 22 10 18 32 44 24 16 36 34 40 2 26 27 23 30 14 41 21 43 47 31 1 13 5 48 50 20 39 8 15 28 42 46 25 3 19 11 38 45 33 29 7 49 6
34: 44 3 13 21 49 27 23 42 4 50 9 43 17 6 45 48 20 32 1 46 19 14 38 30 25 5 29 37 7 33 16 41 28 18 26 2 47 11 35 10 22 12 34 31 8 24 40 36 39 15
35: 15 48 44 13 18 23 16 34 33 35 22 10 39 45 41 8 30 5 1 40 3 38 17 36 32 21 6 19 11 46 37 12 26 50 7 28 14 4 20 42 29 43 49 47 9 31 25 2 24 27
36: 29 44 35 47 5 27 31 28 46 39 1 17 11 36 24 8 2 40 45 9 21 33 4 13 30 7 6 20 12 38 50 41 15 25 48 49 14 23 3 10 16 32 37 26 18 19 34 43 42 22
37: 6 47 32 2 22 49 38 4 48 37 1 16 12 43 7 46 23 36 35 45 42 8 39 19 17 14 25 11 29 33 13 26 20 9 18 44 40 3 5 34 41 10 30 27 21 31 50 15 28 24
38: 12 43 13 45 28 11 44 41 20 37 30 23 17 3 1 48 36 15 46 21 9 18 27 24 33 7 16 6 35 49 39 29 50 4 34 8 10 42 38 26 25 5 19 22 14 47 31 40 2 32
39: 4 49 48 44 11 14 1 32 2 22 19 43 47 30 8 24 39 5 36 25 13 23 50 37 29 35 28 18 26 10 27 3 21 17 46 12 42 33 6 7 15 34 31 9 38 20 41 16 45 40
40: 4 46 34 20 14 2 15 30 41 11 21 44 50 35 8 7 39 1 43 10 36 6 19 9 31 22 40 16 38 47 33 12 25 37 32 42 17 48 27 18 45 13 24 3 26 5 28 49 29 23
41: 14 13 4 12 1 15 46 42 43 40 21 49 26 16 32 39 31 35 20 36 37 45 50 25 30 3 23 19 47 17 22 34 5 27 18 24 10 2 33 7 38 48 8 28 41 6 44 9 11 29
42: 39 2 36 8 10 3 48 16 29 33 1 25 43 13 35 42 47 22 15 30 34 40 12 27 21 9 31 18 41 37 23 50 19 44 24 38 11 28 45 14 17 7 5 26 32 46 4 20 6 49
43: 36 34 23 20 8 48 35 32 29 27 49 2 41 19 4 1 26 3 7 44 39 43 25 37 40 24 6 17 10 30 15 38 28 5 31 11 47 9 21 14 45 16 22 33 42 12 46 18 50 13
44: 50 8 23 2 3 28 14 26 49 45 48 25 29 39 44 40 47 13 20 18 21 24 42 32 7 17 1 22 43 31 36 33 10 27 6 37 9 5 35 19 41 16 38 4 30 15 11 12 46 34
45: 17 3 33 9 11 26 30 13 37 7 5 32 48 6 12 46 49 25 38 19 10 21 18 36 4 15 44 14 31 23 35 45 28 41 34 22 2 1 42 40 50 8 39 16 43 24 27 29 20 47
46: 30 14 8 15 37 46 28 1 5 22 3 34 33 26 20 23 49 16 21 35 17 6 38 40 31 27 47 12 4 44 19 7 13 36 29 41 2 42 39 24 43 18 50 45 48 11 10 9 32 25
47: 42 30 14 21 41 44 34 28 2 32 38 17 43 9 45 50 5 18 37 8 25 20 49 35 40 12 22 7 24 3 27 36 10 16 23 29 47 6 13 48 11 19 15 39 26 46 31 33 1 4
48: 48 27 45 47 16 40 20 12 14 43 19 5 31 38 1 41 35 3 33 29 26 28 44 13 9 22 17 18 49 2 42 10 8 34 50 4 30 37 15 32 7 39 25 36 6 11 24 21 46 23
49: 11 39 3 47 33 4 31 44 50 46 23 8 35 15 25 45 24 17 34 37 49 18 26 40 22 28 13 43 48 10 16 38 6 5 1 12 19 7 42 30 20 14 36 2 9 41 21 32 29 27
50: 30 35 7 34 4 41 8 29 24 26 49 19 9 17 32 12 36 37 38 31 28 3 27 18 46 13 1 14 50 10 43 40 20 5 48 39 33 45 11 22 2 23 15 25 6 42 44 21 16 47
1: 46 50 20 45 43 42 3 11 6 41 22 18 16 38 21 32 48 47 31 33 28 2 17 29 10 7 5 40 24 25 15 13 30 27 14 39 26 9 1 23 36 44 4 35 49 34 37 8 19 12
2: 47 37 1 48 33 25 46 49 19 17 28 44 23 15 45 31 22 16 4 13 32 5 9 43 41 29 34 6 42 18 26 35 36 7 21 30 38 27 14 12 2 11 24 50 10 39 3 8 40 20
3: 17 10 37 22 48 13 27 43 5 23 20 47 26 30 9 8 49 33 36 34 19 28 46 39 21 35 12 40 41 25 7 14 18 2 3 31 29 11 1 16 45 38 50 15 24 44 6 32 4 42
4: 49 23 17 39 27 31 28 43 13 12 35 3 33 7 4 11 29 37 24 42 30 45 6 19 34 50 16 8 38 32 48 41 1 20 46 40 9 25 36 5 14 47 15 2 10 22 18 21 44 26
5: 17 6 47 26 29 27 44 28 24 2 11 36 40 14 20 31 38 16 25 45 41 13 4 30 39 18 22 32 33 3 21 9 42 12 49 35 8 10 7 46 50 23 43 48 15 1 37 5 34 19
6: 48 10 30 9 14 25 37 49 3 29 38 8 5 31 28 13 22 24 41 44 34 46 23 11 40 39 35 50 26 1 7 18 17 21 36 32 6 2 20 27 12 19 43 42 33 45 4 15 47 16
7: 37 47 34 9 43 20 2 11 42 45 39 7 4 40 1 29 41 6 5 27 22 46 15 36 28 23 17 33 31 26 13 24 48 10 14 50 21 32 35 38 25 12 8 49 18 16 19 30 44 3
8: 24 22 3 39 6 29 27 38 41 36 34 4 11 25 17 42 8 50 16 2 35 14 7 23 32 49 31 28 43 20 26 18 5 1 45 37 30 9 13 12 47 19 40 15 48 10 46 44 21 33
9: 26 21 8 9 40 47 10 6 33 24 11 42 1 18 46 28 15 38 20 41 45 32 37 5 7 49 44 4 2 12 13 39 25 48 27 34 50 29 14 22 35 16 31 30 43 3 23 19 36 17
10: 2 49 13 6 30 28 47 24 11 16 48 33 19 17 39 12 21 7 42 44 35 31 38 50 26 29 15 5 32 22 1 18 20 10 37 40 46 4 41 34 23 43 14 3 27 9 45 36 25 8
11: 24 19 10 46 50 2 25 8 18 39 49 42 4 22 33 3 32 5 26 29 9 21 11 43 6 41 35 31 34 14 17 28 12 48 47 15 7 36 30 40 38 1 27 37 16 13 44 45 23 20
12: 35 37 44 41 26 16 10 11 17 45 2 9 34 48 20 42 49 24 36 32 50 27 23 8 33 30 6 31 19 43 4 25 15 1 3 7 5 39 46 12 14 29 21 22 40 13 47 38 28 18
13: 34 48 14 27 15 19 33 20 29 35 36 41 30 10 11 12 7 32 22 28 26 50 16 25 37 43 47 44 3 39 31 18 40 2 1 8 9 23 42 17 24 4 21 13 49 6 38 46 5 45
14: 30 14 35 40 19 17 2 12 25 33 32 48 38 39 4 43 10 1 41 15 3 42 24 18 23 20 31 28 46 34 49 50 6 13 27 21 7 8 9 44 45 16 5 11 37 47 36 29 26 22
15: 2 3 11 7 19 33 30 41 50 35 6 5 1 31 13 37 12 40 21 24 18 9 45 29 46 48 49 26 4 43 44 38 32 16 23 47 22 15 36 10 42 17 28 25 34 20 14 8 27 39
16: 24 31 39 46 13 37 28 19 32 38 22 49 16 7 21 43 41 27 15 4 14 1 30 3 17 36 2 47 44 48 10 29 42 45 9 33 6 11 12 8 25 5 20 18 50 34 35 40 23 26
17: 47 5 39 23 24 15 30 21 17 16 27 6 44 41 32 10 3 11 31 37 26 29 45 9 34 49 7 35 20 38 46 25 1 43 42 40 2 8 48 50 18 13 28 22 4 36 19 12 14 33
18: 40 46 2 36 47 35 22 3 33 43 37 30 27 15 1 9 8 48 10 5 42 44 32 11 23 14 41 4 34 45 7 49 13 19 38 26 18 24 16 50 28 20 39 17 25 31 12 21 29 6
19: 34 17 48 9 14 36 24 25 8 10 28 32 31 4 7 12 35 23 49 5 22 38 33 44 42 39 19 11 15 6 46 40 16 1 21 27 2 50 37 43 26 41 3 20 18 45 13 29 47 30
20: 46 16 4 11 41 9 19 2 44 49 43 20 3 48 28 14 13 36 42 37 35 29 25 1 15 33 38 50 17 47 34 24 45 26 7 40 27 22 30 6 18 39 10 12 21 31 8 5 32 23
21: 38 11 37 47 44 40 12 9 20 10 18 19 4 5 6 41 36 13 7 21 8 17 22 48 1 33 49 50 29 14 43 2 16 23 25 32 26 46 34 3 35 27 15 31 42 30 39 24 45 28
22: 20 37 32 24 14 41 27 21 30 11 49 46 5 15 38 17 44 45 40 23 10 47 42 48 19 34 8 50 2 16 12 31 9 4 29 28 35 22 25 13 39 7 36 33 6 1 18 43 26 3
23: 6 42 5 15 50 33 43 47 25 29 21 22 7 49 23 13 38 30 4 1 3 32 26 24 34 41 28 19 45 36 44 8 11 35 40 10 2 31 48 27 12 20 39 16 17 18 14 37 46 9
24: 9 6 10 21 33 48 32 17 27 23 42 15 34 35 38 46 36 39 2 28 22 13 24 37 3 45 18 1 19 8 7 50 16 41 43 12 26 40 5 25 49 29 47 44 14 31 20 30 11 4
25: 44 14 17 5 19 41 49 32 1 47 45 16 29 38 50 11 9 18 34 23 3 42 33 30 13 20 10 31 15 12 37 21 7 39 35 4 27 25 2 22 6 40 28 46 24 48 8 36 43 26
26: 35 17 50 13 49 32 39 3 1 25 44 4 15 8 42 6 19 36 5 11 21 40 41 26 16 10 23 47 45 29 27 48 20 7 43 18 22 9 34 46 2 14 24 30 33 31 28 37 12 38
27: 35 22 32 23 24 8 16 6 41 33 2 38 5 13 14 21 9 43 3 12 15 17 36 39 31 7 46 11 48 44 20 25 49 45 40 26 30 28 10 50 27 29 19 34 18 4 1 37 42 47
28: 25 29 7 49 40 1 42 43 39 3 37 48 36 26 23 44 19 24 16 2 33 35 13 50 28 14 32 6 30 34 4 10 17 41 11 46 38 12 15 22 45 9 18 8 5 27 47 21 31 20
29: 16 41 17 43 2 45 15 22 48 1 33 34 30 37 11 21 13 31 26 36 39 24 3 8 35 19 12 32 28 38 23 42 4 49 20 40 18 14 47 5 10 44 50 29 25 9 6 27 46 7
30: 9 5 26 3 16 49 2 25 29 35 31 22 43 4 38 15 23 30 14 48 6 8 7 11 46 24 17 44 41 39 20 13 32 34 12 28 37 19 36 21 27 42 1 40 47 33 18 45 10 50
31: 48 45 37 20 21 43 46 44 31 9 16 10 25 35 18 33 4 7 40 30 39 24 47 15 36 19 42 14 49 22 3 8 5 1 50 17 38 11 34 2 26 41 29 12 28 13 32 23 27 6
32: 29 42 4 31 23 21 6 10 30 8 47 26 7 19 48 3 16 40 50 24 11 25 41 35 5 46 49 33 2 15 12 39 17 1 38 45 13 20 43 28 27 44 14 34 18 32 36 22 9 37
33: 1 24 23 37 18 21 45 20 35 30 29 19 14 31 48 42 4 8 38 22 10 12 46 6 47 33 41 2 25 27 7 11 15 16 3 44 17 9 36 39 13 50 28 5 43 26 32 49 40 34
34: 47 35 28 33 44 3 46 50 2 22 27 26 41 5 30 24 7 23 12 32 6 20 43 45 34 11 16 4 1 13 42 15 37 8 18 38 10 31 19 48 25 39 9 21 40 14 17 49 29 36
35: 39 41 37 25 12 30 27 42 43 18 10 50 13 9 36 29 4 5 35 21 24 15 16 44 19 47 2 11 32 45 33 1 7 3 17 8 34 6 40 48 22 38 49 28 20 26 46 14 23 31
36: 43 48 10 41 5 6 3 11 38 2 39 36 47 12 28 35 49 31 24 26 50 1 13 40 19 46 17 14 22 21 23 16 44 29 30 9 34 7 27 8 42 15 18 20 33 32 37 25 4 45
37: 33 26 44 16 47 24 19 9 37 6 14 8 48 27 22 3 31 12 50 20 23 42 30 2 41 5 28 1 29 25 34 21 7 40 49 15 36 10 18 39 17 13 35 4 32 38 11 46 43 45
38: 16 34 8 23 15 28 13 19 50 20 9 3 10 44 43 32 47 29 17 2 7 42 33 45 49 1 26 5 31 40 24 38 27 11 37 30 4 25 21 41 39 46 36 14 48 22 12 18 35 6
39: 33 1 30 48 45 32 19 13 2 42 43 21 41 12 16 25 36 4 3 38 14 10 47 34 5 22 11 44 27 35 28 31 49 15 29 26 24 37 17 6 18 40 9 7 20 50 23 46 39 8
40: 16 6 33 20 25 40 12 15 26 45 7 11 14 24 17 22 1 23 29 4 10 43 41 21 36 38 13 50 39 3 5 31 28 30 49 37 8 48 42 27 34 44 18 32 46 19 9 2 35 47
41: 18 6 24 20 5 12 19 32 46 10 41 23 38 49 7 35 25 36 37 2 30 17 16 13 40 39 22 14 44 48 34 50 27 45 1 43 15 21 9 4 29 11 33 42 26 47 8 3 31 28
42: 42 46 2 34 41 15 17 22 37 38 1 32 25 36 31 24 13 18 5 8 47 39 49 6 14 35 27 43 28 48 23 4 40 19 21 16 26 50 30 20 33 9 10 44 45 3 11 7 12 29
43: 34 49 5 15 48 12 1 43 25 16 22 37 7 44 18 20 27 45 40 11 31 14 47 6 28 9 24 4 10 30 23 32 19 46 8 13 26 2 35 50 21 38 41 36 29 17 3 33 42 39
44: 42 43 32 23 50 2 19 44 4 30 17 27 18 21 47 49 37 40 10 29 25 12 7 31 46 34 39 20 22 3 11 6 45 28 38 14 24 9 41 13 8 26 35 15 16 33 48 36 1 5
45: 37 39 29 28 7 19 10 14 15 36 1 6 2 27 8 26 11 31 46 50 13 23 44 12 32 16 3 5 47 34 9 33 21 45 22 30 18 41 20 35 25 17 24 49 40 42 48 38 43 4
46: 7 10 25 20 37 50 4 8 5 15 47 12 43 27 38 24 34 21 36 32 42 49 46 13 17 41 3 29 16 40 48 9 35 39 26 2 44 18 45 23 6 11 1 31 28 19 14 33 30 22
47: 16 21 1 10 8 15 40 35 9 20 26 43 47 44 29 24 32 49 34 5 17 41 3 14 38 12 31 2 23 37 19 25 7 18 27 42 50 36 30 6 46 33 22 4 45 39 11 48 13 28
48: 43 47 4 1 18 30 29 12 23 34 2 19 5 16 13 40 26 15 9 10 36 45 3 25 24 37 46 27 31 44 7 33 28 39 48 11 49 17 42 22 41 35 14 20 38 21 32 8 50 6
49: 22 28 14 38 11 48 50 1 2 10 6 44 5 40 9 37 30 36 8 24 3 45 26 31 16 12 15 7 34 17 32 27 39 19 20 33 47 35 42 23 29 46 43 21 41 18 4 13 25 49
50: 28 48 3 42 25 16 10 49 14 36 31 18 23 11 34 24 5 2 17 4 26 1 29 38 47 20 43 44 9 7 6 40 45 19 50 39 41 15 8 33 46 30 37 13 22 12 35 27 21 32
