50 50
1: 46 11 47 13 23 12 17 16 1 6 10 36 49 27 5 3 42 24 50 33 39 32 21 8 25 28 19 7 34 29 38 37 26 15 22 48 40 9
2: 34 3 28 27 35 17 5 19 50 18 48 8 37 41 49 32 31 26 46 15 38 4 45 43 22 36 11 14 12 1 29 30 21 10 39 13 25 9 24 33 40 42
3: 12 25 6 19 22 46 18 14 37 50 34 3 28
4: 41 46 50 9 35 30 42 4 16 1 47 38 15 43 48 31 12 10 17 28
5: 21 31 41 30 37 48 33 34 8 13 22 1 25 16 7 2 10 15 5 45 9 17 39 18
6: 18 48 24 33 46 43 19 17 28 27 39 3 34 26 50 40 6 25 31 29 8 42 23 21 4 14 47 49 13 44 7 41 15 9 12 30 11 36 32 37 22 1 5 2 45 10 35 20
7: 26 18 15 41 38 49 11 9 2 48 46 6 17 25 43 45 14 7 50 3 12 44 16 40 20 27 22 32 28 37 23 30 35 39 34 10 1 42
8: 15 35 37 29 48 34 41 20 7
9: 29 31 20 40 46 13 41 12 48 49 33 19 35 16 43 11 32 6 28 9 1 8 3 44 50 42 47 36 15 45 2
10: 41 40 36 27 14 28 47 32 21 6 13 24 5 4 29 22 15 2 30 10
11: 41 39 25 35 17 33 37 1 12 26 15 16 40 2 42 47
12: 13 44 29 22 40 47 4 50 25 38 24 31 6 10 35 26 41 21 5
13: 4 26 50 46 21 38 39 24 16 29 36 30 44 42 40 1 45 5 17
14: 30 45 27 46 16 13 3 5 28 41 24 8 2 50 32 29 25 49 39 31 42 14 10 47 21 37 12 4 1 44 6 22 9 38 40 26 18 36 48 20 17 43 19 34 15 35 11 23
15: 22 19 43 38 21 8 17 36 31 47 25 5 26 23 4 50 2 18 45 20 3 29 24 9 30 33 12 7 37 46 14 15 10 13 44 16 40 34 27 6 42 41 39
16: 9 30 11 26 41 36 46 5 45 43 40 38 49 24 22
17: 50 24 47 22 15 7 3 12 37 2 36 20 39 45
18: 7 9 41 16 50 32 38 30 48 17 49 28 18 27 29 39 13 37 33 5 12 43 31
19: 21 46 27 1 12 6 34 14
20: 41 43 42 34 10 33 26 28 40 6 29 24 12 15 27 4 38 39 8 20 36 50 13 17 9 47 18 37 46 25 5 1 11 22 45
21: 18 38 32 26 20 27 44
22: 20 46 13 43 29 41 36 45 49 2 7
23: 8 4
24: 35 46 8 1 22 39 45 28 9 33
25: 15 44 48 29 34 49 18 5 17 19 45 1 2 39 31 11 9 33 20 22 7 25 23 28 4 26 32
26: 31 35 24 41 9 7 13 6 14 38 26 32 4 25 1 3 50 11 27 29 22 10 21 42 36 17 2 15 20 16
27: 39 25 17 22 33 20 37 3 46 36 29 26 10 11 21 42 44 14 12 41 49 9 40 4 43 48 19 38 18 30 7 31 5 8 28 23 24
28: 2 18 37 33 8 31 5 28 27 43 1 21 9 20
29: 35 21 36 28 43 41 11 2 31 8 17 42 6 50 5 48 44 30 9 18 1 4 40 38 29 46
30: 3 30 14 41
31: 2 47 11 32 39 23 34 29 49 48 25 41 5 22 16 12 43 24 10 14 3 50 7 31 20 45 4 27 28 1 46 15 30 8 38 35 26 36 13 44 17 18
32: 42 21 48 22 50 17 49 45 19 25 39 12 24 32 41 2 6 31 7 5 35 13 26 18 8 29 1 11 44 43 16 36 37 20 4 3 9 30 28 34 10 27 46 14 23 15 40
33: 30 5 28 9 48 1 22 13 40 44 21 26 16 41 38 17 27 47 31 3 37 2 19 18 24 32 25 11 23 36 45 15
34: 5 40 9 24 47 41 7 18 21 36 27 35 2 43 13 11 26 39 6 46 15 22 50 23 30 10 29 44 19 3 33 34 16 28 17 48 49 38 31 25 42 45 20 12 8 4 32
35: 21 26 9 6 42 50 39 43 14 27 25
36: 18 31 7 5 19 22 17 45 49 8 21 47 10 29 6 25 46 1 20 27 35 38 26 50 3 41 15 48 13 42 23 2 43 28 44 40 12 11 32 33 4 39 36 34 30 24 16 14
37: 19 26 7 20 46 3 44 18 25 14 41 9
38: 14 30 1 6
39: 40 26 1 50 20 43 2 48 27 21 36 35
40: 9 6 22 43 45 25 1 23 7 12 18 40 30 19 46 4 37 2 38 36 17 20 31 26 13 49 48 5 33 44 16 11 21 14 15 42 27 32 8 29
41: 44 4 3 17 29 34 32 45 5 43 9 26 33 1 41 7 22 31 24 40 27 28 25 2 12 18 37 14 36 23 48 39 49 8 50 11 13 10 47 15 20 16
42: 30 25 1 27 21 24 31 38 41 17 34 44 29
43: 12 29 5 3 48 19 41 21 38 47 18 50 8
44: 4 2 50 37 5 24 43 10 44 25 16 15 9 42 40 19 23 35 22 28 1 39 41 8 17 49
45: 28 45 15 22 48 41 30 16 34 36 2 20 27 25 29 4 40 3 38 11 14 24 6 33 26 19 50 13 9 5 7 1 23 44 21 47 37 31 12 32
46: 20 37 46 41 40 32 18 39 25 6 5 44 27 22 28 26 11 10 47 8 31 33 34 21 15 3 35 4 13 50 1 16 9
47: 3 33 8 7 11 50 19 13 9 17 41 32 48 34 20 21 39
48: 34 22 16 5 6 44 19 7 20 42 40 33 47 46 10 2 49 1 39 17 14 31 30 41 26 21 29 8 18 23 38
49: 12 2
50: 4 36 46 15
1: 26 19 4 14 36 48 44 31 2 32 38 39 28 42 40 (5 1) 11 29 24 46 9 13 (7 25) (41 33) (20 45) 6
2: 15 49 14 41 26 (36 7) 25 39 31 11 6 10 5 29 (40 48) 9 32 (45 44) 22 34 (33 28) 17
3: 33 7 6 45 2 32 43 3 (41 30 47) 36 9 27 (14 26 37) 34 31 46 1 17 15
4: 29 27 15 32 46 31 (10 20 26 6) 44 40 36 50 23 45 12 2 34 14 4 25 13 41
5: 14 (31 32 27) 12 33 (1 16 45) (34 20 13) 10 44 5 48 46 2 41 36 15 18 25 (40 28) 6 (43 29)
6: 12 7 26 48 15 (19 3) 29 32 (9 36) 38 35 14 20 46 6 10 45 40 34 1
7: 8 18 7 (6 27) (26 40) 31 34 (48 22) 37 25 (36 1) 32 15 17 45 41 5 47
8: (40 48) 43 34 27 46 (15 23) 36 (24 5 41) 44 (14 32) 20 2 9 (29 31 28 1) 6 47
9: 18 44 5 15 32 29 (45 9 37) 6 34 16 (46 47 35) 27 25 7 26 4 14 33 20 24 41 (2 1) 28 40
10: 6 14 7 36 12 2 46 1 27 4 31 (41 15 10) (26 44) 34 32 48 (20 5)
11: 6 47 (16 1) 36 33 7 26 34 27 20 2 31 29 32 41 14 40 25 45 9 46
12: 1 9 3 11 41 (32 36 6) 31 34 18 49 4 40 43 20 15 19 45 14 2 27 17 7
13: 45 6 47 (36 32) 33 22 14 10 41 (5 1) 46 15 2 (9 12 34 18) 26 40 31 20
14: 19 14 10 27 36 (45 41) (2 6) 31 35 (37 40) 32 (48 26) (30 7) 38 15 3
15: 11 26 17 45 (10 25) 33 14 1 6 44 (8 4) 50 46 31 36 32 9 41 5 34 20 2 40 7 15
16: (44 5) (41 33 36) 31 32 9 (34 14) 7 46 18 (11 13) 15 48 (40 4) 45 (1 26)
17: 36 15 11 (31 25) 27 (7 42) (6 2 26 4) 40 (44 14) 33 13 47 29 5 41 20 18 34 (32 1) 48
18: 41 15 34 36 14 5 (29 18) 43 31 6 46 (48 20) 37 40 2 28 (3 7) (27 25) 32 (33 21)
19: 34 (43 2) 3 14 25 (32 40) (37 45) (48 47) 6 15 (44 27) (9 1) 36 33
20: 41 20 (8 26) 17 7 22 28 6 31 14 39 (36 27) 46 45 32 37 (48 9) 47 34 40 15 21 25
21: (42 26) 39 (28 14 35 47) 29 (40 43) (45 34) 46 1 13 48 5 36 2 (32 19 33 6) 15 10 27 12
22: 15 1 (7 33) (31 14) (3 32) (26 34) (27 2 25 40) 44 41 36 17 24 12 6 16 (5 46 10) 20 45 48
23: (14 40) 45 48 31 (36 27) 44 (32 1) 7 41 34 25 33 15 6
24: 33 36 (27 13) 12 31 15 26 17 34 32 (6 44 1) 2 42 10 16 (45 20) 14 41
25: (34 46) 33 20 (45 6) (1 44) 7 14 (5 31) 12 37 35 11 (15 32) 27 36 26 40 25 (2 41) 3 42
26: 14 (20 37) 16 48 31 41 15 1 27 (32 11) 21 (45 2) 33 26 34 36 7 39 (13 46) (25 6) (35 12) 40
27: 45 34 32 1 (33 41) 20 19 21 7 10 (42 39 6 14) 18 31 2 (35 15) (36 46) (26 40) 28
28: (10 3) 9 20 (1 2) 7 36 25 18 46 28 14 44 29 33 6 34 31 (27 41 24) (45 4) 32
29: 14 43 45 48 10 6 2 (40 8) 22 29 15 31 32 27 12 20 41 9 (34 13) 36 25 (18 26) 42 1
30: 2 4 13 34 10 6 38 36 32 7 45 29 (27 14) 33 15 18 30 (48 31) 40 (5 16) 42
31: 45 40 48 31 (27 29) (6 32) 42 34 15 41 14 (36 46) (4 18) 5 25 9 (26 12) 28 2 33
32: 47 (9 31) (33 18) 10 6 7 21 46 1 2 36 (25 41) 34 40 26 45 14 32
33: 28 (9 47 48) 40 18 5 20 6 25 (1 41) (15 45 36) (2 27 24) 11 34 46
34: (14 46) 15 31 (7 6) 34 41 20 47 25 3 48 32 (2 36) 5 42 1 19 8 45
35: 26 36 32 (12 11) 14 4 46 44 9 31 (8 7) 6 24 2 29 39 34
36: 20 6 14 34 2 1 45 (15 10) 29 40 (16 26 22) 41 31 13 32 17 39 36 (27 33) 50 9
37: 46 44 3 27 (20 28) 5 (18 33) 11 6 (15 7) 40 (41 8) 32 2 45 17 1 14
38: 1 43 (26 13) (18 29) 14 40 12 (31 16) 45 48 (4 27) 15 2 33 (7 34 21) 20 42 36
39: 17 11 15 2 34 25 36 (41 35) 14 20 (47 6) 5 1 (24 18) (32 7) 13 27 (31 46) 44 48
40: 33 46 15 6 9 12 (27 32) 14 (7 39) 41 34 36 20 45 11 10 29 44 48 (16 13) 1 2 40
41: 11 14 4 (45 7 32) 9 16 2 20 8 22 34 30 (48 5 46) (31 43) 26 (47 42) 6 (15 12 33) (44 27) 37 41 29 (36 10) 18
42: 13 34 (20 44 26) 36 4 48 (6 32) 40 11 35 29 15 7 14 9 2 1 27
43: 34 32 6 16 39 2 35 15 28 (7 36 20 9) 27 (40 14) 18 22 29 31 41 44 4
44: 15 (25 46) 42 6 (41 13) 44 21 34 29 48 33 32 9 (27 31 37) 40 36 7 (45 14) 12
45: 5 41 9 (34 16) 17 7 (15 45 33) 14 (31 40) 2 32 36 13 (24 6) (25 20) 22
46: 36 20 46 22 34 3 14 29 (27 2) (7 6) (24 16) 15 9 40 13 50 (1 37) 48 4 31 19 32
47: 10 1 (41 48) 11 15 14 9 6 36 46 20 4 33 31 17 12 (34 43 45)
48: 14 (40 47) (31 25 18 34 8 9) 32 (6 29) 45 27 33 (4 5) 7 (36 2 1) (41 39) 43
49: 36 16 31 41 40 (44 34) 27 48 (7 1) (6 14 25 32) (2 22) 9 18
50: 47 18 36 (9 35) (41 39 43) (20 14) (46 13) 31 45 (44 32) 1 7 29 4 (12 3) 17 6 2 34 15 26
