50 50
1: 4 29 45 48 33 1 50 19 35 42 8 36 5 44 10 14 2 15 49 20 32
2: 37 34 45 39 20 11 3 40 9 19 13 24 5 36 38 31 49 16 22 27 50 10 12 47 17 7 42
3: 44 31 24 20 33 27 25 7
4: 5
5: 41 39 18 48 7 9 20 3 45 38 6 21 12 4 23 49 47 5 27 35 50 17 16 46 22 42 31 2 14 29 28 43 24 40
6: 38 41 33 35 34
7: 43 25 4 22 40 34 27 35 11 26 13 21 41 19 29 20 36
8: 26 2 24 31 8 44 45
9: 27 6 10 36 4 12 40 35 28 48 50 49 19 22
10: 39 38 28 13 6 29 41 50 16 36
11: 18 23 41 47 35 14 5 50 45 2 48 11 34 38 27 24 1 22 15 36 25 17 10 42 7 33
12: 8 41 48 33 13 5 35 44 30 31 46 1 25 22 49 6 24 19 39 28 45 20 15 17 18 2 3 29 12 37 42 38 11 23 43 9 7 4 47 26 27
13: 45 26 6 9 48 43 32 20 38 30 46 21 15 40 49 23 14 1 18 50 8 29 13 24 7 16 19 12 3 39 41 25 22 34 4 33 35 28 10 36 47 5 42 11 37 31 44 17 2
14: 42 7 41 38 31 8 18 24 11 17 5 19 50 28 6 12 33 13 40 27 39 29 4 14 1 20 9 44 47 49 48 37 2 10 30 3 34 15 35 36 43 25 16
15: 10 39 44 20 19 36 11 43 34 12 16 3 30 9 29 8 4 38 17 1 49 27 21 46 5 7 26 2 48 14 32 42 22 18 25 28 13 47 37 35 6 40 33 41
16: 47 2 24 1 38 16 20 27 5 3 14 4 9 17 6 13 19 46 25 43 31 34 45 22 35 33 12 29 11 37 30 48 36 50 21 44 10 18 39 8 41 28 40 42
17: 8 18 5 20 3 29 17 46 24 14 25 33 41 43 31 19 30 40 47 36 39 2 35 1 34 16 45 15 9 48
18: 19 4 25 12 17 26 28 35 48 46 40 16 9 44 29 43 23 11 33 18 2 8 1 39 5 41 13 7 3 22 42 47 30 31 45 20 32 34 27 10 15 50 37
19: 30 16 7 4 20
20: 12 37 28 35 45 22 23 3 19 20 27 38 41 44 1 36 32 4 40 18 43 25 6 5 8 47 2 13 48 30 50 14 49 16 34 29
21: 14 10 36 15 3 26 42
22: 23 6 50 36 4 26 24 43 20 5 9 45 2 38 31 7 35 25 33 46 39 19 3 17 18 14 48 11 42 16 13 41 1 47 28 44 29 8 34 27 22 21 32
23: 37 2 35 16 15 39 26 18 13 33 47 19 3 12 22 17 4 23 24 50 31 9 8
24: 9 19 3 35 26 37 30 48 24 22 16 38 42 8 17 27 32 13 31 5 28 41 45 44 15 6 4 23 29 50
25: 18 49 28 20 44 31 13 38 11 43 4 7 26 23 29 21 32 10 3 41 50 15 36 34 19 35 40 9 1
26: 23 5 6 28 8 35 32 4 13 24 15 21 19 3 46 45 9 50 25 47 33 36 2 40 16 12 14 1 42 37 17 48 39 27 26 20 7 43 38 30 31 34 41 10
27: 3 49 40 25 33 39 43 14 24 7 26 30 9 50 11 21 8 12 18 1 22 38 23 27 19 45 34
28: 15 18 8 12 13 22 45 10 4 24 17 26 7 34 3 38 30 6 40 9 44 49 32 35 23 31 11 48 25
29: 23 27 34 48 6 4 19 41 46 2 11 49 31 37 43 29 16 8 10 1 30 39 45 35 32 24 3 15 25 20 36 44 28 42 14 47 18 40 21 22 38 50 13 9 17
30: 42 50 5 25 7 40 48 28 12 23 15 21 41 24 14 6 29 13 43 33 47 45 19 18 38 44 35 4 39 8 46 9 34 49 27 10 22 32 2 3 36 26
31: 26 20 9 34 35 12 6 41 19
32: 8 29 9 23 39 28 42 2 27 31 49 7 47 16 37 34 11 32
33: 30 43
34: 40 19 27 5 35 3 4 37 13 14 34 50 15 10 22 49 7 29 12 44 11 8 31 21 46 26 42 45 39 25 38 17 16 33 36 20 48 28 1 43 47 30 32 18 23 9 2 24
35: 18 35 23 36 5 47 39 25 24 49 31 22 2 19 15 44 42 14 43 4 41 38 6 32 21 8 45 37 10 34 29 1 50 17 40 9 7 3
36: 44 17 38
37: 50 26 41 2 43 32 33 48 47 14 31 39 13 5 38 15 24 19 7 45 16 34 9 20 28 37 3 22 40 10 29 30 36 12 44 25 42 21 11 18 8 35 6 49 17 4 1
38: 36 2 25 49 39
39: 47 2 1 26 6 17 44 33 40 20 37 3 36 31 50 34 15 39 24 12 8 11 29 19 16 4 43 27 21 9 5 32 28 41 23 42 7 14 25 38 45 49 22 18 35 10
40: 12 14 15 6 38 16 50 18 7 39 36 31 24 23 49
41: 42 21 22 3 32 48 27 14 5 34 30 50 9 6 7 45 46 15 35 43 37 17 10 28 47 31 36 4 40 2 8 12 49
42: 11 5 8 27 21 23 18 48 30 10 38 16 34 29 14 13 46 9 2 7 33 4 28 12
43: 43 41 49 9 34 40 27 19 37 15 16 25 4 33 13 18 20 22 1 12 48 8 47 21 35 42 14 50 11 24 31 5 46 26 7
44: 49 44 12 26 5 15 23 45 42 6 30 25 3 47 33 18 9 39 34 50 19 16 27 1 41 32 21 22 36 8 14 48 11 37 28 4 40 31 13 35 29
45: 3 17 34 9 37 18 41 47 5 13 12 23 50 43 30 4 35 20 40 32
46: 5 28 18 21
47: 46 37 27 34 3 10 50 22 11 26 44 1 21
48: 41 6 34 44 40 7 35 26 36 16 45 1 19 33 48
49: 40 49 7 17 35 20 38 43 22 16 24 32 19 14 30 45 10 48 15 31 8 12
50: 39 8 41 15 45 5 17 7 3 22 34 50 11 21 20 49 29 12 9 16 26 33 43
1: 29 13 37 1 47 18 12 43 20 15 26 (34 22) 39 (17 48) 11 (35 27) 14 16 25 44
2: (17 32) 35 23 5 (26 29) (41 22) 38 39 14 18 13 34 11 12 8 1 15 30 16 (37 20) 42
3: 30 22 20 15 29 (24 44) 2 21 12 47 13 50 39 25 37 27 45 34 41 35 (28 26) (23 17 16) 5 14 18
4: 35 44 22 30 41 (39 12) 26 5 37 (45 25) 18 15 1 24 19 42 43 16 29 28 9 14 13 (7 23 20) 34
5: 44 43 37 20 26 (4 16) 30 13 24 (35 15) 12 39 46 14 22 11 2 34 41 45 50 42 17 18 5 1
6: 26 (5 37) 24 28 12 (10 31) 16 14 44 (41 20) 48 39 40 22 (15 9) 30 35 (13 29)
7: (19 39 48) 12 37 (26 50) 43 (34 22) 13 27 14 30 28 5 2 18 25 35 49 42 11 32 40 3 41 15
8: 24 (42 39) 29 17 16 15 44 30 35 26 8 41 27 22 (13 34) 23 50 14 12 20 (1 37 49) 32 43 (28 18)
9: 45 24 44 14 15 31 18 39 (22 23) (41 25) 43 (28 34) (13 2) 5 50 (27 26) 17 42 (32 37) 35 16 12 (30 29)
10: 13 (1 9 42) (41 18) 35 (25 34) 11 (39 30) 29 2 26 16 37 28 (15 47 14 49) 21
11: 28 39 (13 14) 47 50 22 2 37 34 18 7 43 25 (32 16) 29 44 12 42 27 15 11
12: 27 26 45 18 (14 42) 16 20 12 5 50 (30 15) 40 13 (9 37) 44 28 31 43 (39 34 23) 2 (41 49)
13: 14 37 24 (13 34) (42 45) 20 (26 28) 12 (7 15) 30 18 (25 16) 43 (2 22 10) 23 44 29
14: 40 27 14 (15 49) 41 1 37 34 35 (16 26) 29 39 11 21 13 43 42 (17 5) (22 20) 44 30
15: (25 43) 12 37 26 24 30 11 (29 40) 28 34 17 14 50 (44 41) 35 (39 49) 1 21 13 23 18
16: 13 42 (20 39) (15 49) 19 16 50 48 5 18 17 29 43 2 44 32 37 (24 10) 23 40 14 22 34 26
17: 39 45 24 17 29 (37 49) 16 11 36 23 22 2 14 50 28 (34 5 41) 13 15 26 18 12 35
18: (12 17) (42 5 43) (25 30) 15 44 11 22 16 45 14 (28 27 40) 37 23 20 18 39 35 29 34 (46 13)
19: 34 (9 12) 16 25 18 (13 44) 27 (35 43) 49 17 37 14 (1 20 30) 31 2 15 48 (7 24) 39 26 (29 23) 22
20: 20 5 (13 29) 50 (25 19) 34 18 (2 16) 12 3 7 14 (1 17) (39 45) 26 22 (37 31) 43 15 49
21: 25 13 39 15 (22 34) 46 41 27 47 42 (26 16) 5 7 44 35 50 30 37 43 29
22: 49 11 22 47 7 9 37 15 35 12 5 (30 16) 27 20 18 43 (41 34) 44 13 (28 50) 24 29 (39 23) 2
23: (26 32) (35 27) 34 44 40 12 42 28 (45 18) 29 25 (23 11) 24 39 (30 13) (20 5 22)
24: 13 24 29 2 49 34 3 (8 27) 16 40 35 23 28 14 22 12 17 (39 5) 30 43 (37 26) 11
25: 3 16 43 11 37 (12 26) 7 14 35 39 13 17 (30 28) 22 15 44 18 38 29 27 20 34
26: 26 15 37 (25 50) 21 28 23 (22 47 7) 12 (30 44) 48 27 34 39 8 13 18 31 43 24
27: (44 11) 29 (43 9) 24 27 2 12 (41 18) 32 (7 42) 15 30 3 20 47 26 39 (16 14) 34 (22 5)
28: (18 10) 22 (25 24) 12 26 29 34 41 42 16 13 30 (20 46) 9 39 32 5 15 44 37 14
29: (16 13) 10 30 15 1 17 25 (39 35 42) (32 14) (34 20) 18 12 50 5 44 24 7 22 29 37
30: (17 28) 24 20 49 42 15 (16 12) (14 33) 41 26 37 (45 34) (19 29) 13 44 18 27
31: 37 (23 17 39) 32 29 12 24 (3 44) 41 14 40 25 16 (5 35) 13 18 (49 2) (34 43) 8 28 26 22
32: 28 26 (45 1) 39 22 29 34 24 37 41 (20 15) 13 44 25 32 (49 30) (35 18)
33: 44 3 43 (42 26) 23 48 12 27 13 50 22 14 34 11 16 1 39 17 (18 37) 15 30 6
34: (15 35 16) 18 48 50 17 27 7 43 14 47 20 (26 25 29) (28 13) 45 34 2 (41 44) 6 31 (11 39) 42 30 37 32 22
35: 26 37 24 44 13 29 41 49 14 9 45 (7 17) 5 (28 34) 23 6 31 30 20 12 35 (25 1 39) 16 48 (15 43) (22 11) 18
36: 40 (26 16) 7 15 9 44 39 (14 37) 17 35 21 30 (13 29) (2 34) (41 48 20) (1 10 38) 11 25 22
37: (2 32) 47 20 24 41 18 39 43 14 (26 12) 45 23 13 (35 16) (29 44) 15 34 37
38: (26 12) 13 14 24 11 42 (36 2) 34 37 15 6 35 25 29 27 20 (10 49) 5 39 22 (30 16) 40 28
39: (50 15 12) 23 17 13 (30 22) 26 10 44 5 2 29 14 18 27 40 37 38 32 35 39 34 16
40: (26 9) 25 30 15 18 (34 28 14 20 48 43 27 45) (5 13) 29 (41 37 16) (17 49 44) 39 (7 35) 2
41: 13 10 31 (26 24 17) (39 37) (30 5) (22 15 14 29) 35 (16 12) 48 25 7 6 43 18 11 20 44 45 50
42: 32 30 (1 2) (11 12) 22 (44 21) 39 16 41 26 29 5 15 (18 13) 43 14 24 37 34 35
43: (26 13) 30 37 (15 34) (12 22) 43 17 5 29 45 41 39 20 (7 33) 50 25 16 27 49 (18 35 14)
44: 30 47 (34 3) (15 44) (13 12) 39 22 1 24 (18 35) 8 48 28 (16 25) 20 37 (36 14) 29
45: 24 29 8 13 1 (22 20) 12 50 2 26 (28 11) 34 41 (39 37) 48 44 35 27 30 (17 49) 18 16 5
46: 43 12 (15 18) 47 29 (26 16) 5 (30 41) 22 42 17 34 13
47: (26 20) 2 5 13 (43 39) 17 32 37 44 14 34 22 23 11 29 45 16 35 41 30 18 (12 15)
48: 16 (24 5) 44 41 22 (9 15 13) (1 37) 26 (48 42) 34 30 43 (29 28) 17 49 (12 11) 18 14 20
49: 2 39 49 1 25 50 40 13 (32 5) 37 (20 28) 41 43 30 14 27 12 15 (29 38) 35 44 34 9
50: 43 (25 13) 11 30 40 41 27 (9 23) 50 37 39 1 45 10 34 (24 26) 2 14 35 44 29 16 22 (5 47 20) 18
