50 50
1: 33 35 6 3 47
2: 9 10 41 15 18 38 37 50 6 24 39 4 35 5 31 36 17 45 12 26 30 23 20 8 42 32 16 7 49 19 2 14 1 27 34 47 29 3 46 40 11 13 28 22 25 44 43 48 33
3: 23 39 44 27 50 20 3 40 34 21 47 42 15 48 46 7 29 6 2 25 8 4 12 1 41 36 18 32 22 31 17 9 26 38 19
4: 48 17 32 34 26 13 12 47 9 29 37 39 3 20 11 36 46 1 22 19 14 41 43 16 31 15 27 30 28 40 7 23 38 2 24 33 5 25 50 8 45 42
5: 24 38 22 2 7 25 20 36 50 21 49 16
6: 46 5 39 32 23 7 49 1 41 40 3 17 31 48 37 11 30 20 14 19 47 4 6 15 18 10 22 13 34 24 38 25 28 35 27 33 12 36 16 26 50 9 2
7: 6 39 16 2 7 24 22 47 3 48 21 40 9 49 26 23 14 29 17 43 41 42 4 1 34 15 19 20 32 37 31
8: 26 45 13 35 2 18 40 41 25 31 7 33 34 38 50 5 36 11 23 4 21 10 8 16 46 28 1 48 15 29 27 20 37 49 24 44 3 14 47 39 22 12
9: 2 8 43 30 48 3 1 47 4 29 27 37 13 17 21 11 49 46 19 12 24 20 5 26 9 45 16 25 50 32 22 44 15 6 38 36 33 39 42 31 18 7 10 34 41 14 23 35 28
10: 15 16 41 40 7 46 45 14 22 30 39 28 6 35 44 32 26 13 12 49 50 1 34 21 3 4 31 2 19 5 42 20 27 36
11: 46 11 2 9 41 44 15 30 24 10 4 16 18 12 1 25 35 6 34 20 21 45 50 3 37 5 28 14 40
12: 43 9 46 35 19 23 29 16 49 14 7 33 24 4 17 13 26 22 1 6 21 27 34 28 42 32 41 5 15 48 18 31 36 30
13: 47 45 38 21 28 17 32 35 36 41 18 22 40 6 5 8 24 49 16 23 19 26 12 37 25 33 11 50 7 20 42 34 43
14: 3 24 5 31 2 35 22 25 34 48 9 46 16 41 40 15 23 39 14 6 36 43 12 1 47 42 21 32 44 4 26 38 8 49 30 37 13 45 7 17 27
15: 49 15 31 1 19 25 18 38 32 22 23 28 24 29 9 26 50 37 36 20 40 21 43 13 48 14
16: 21 41 46 30 39 16 15 47 31 23 9 17 10 29 48 28 40 43 32 2 24 45 20 33 14 36 27 4 50 3 22 49 26 34 8
17: 2 40
18: 1 48 4 5 27 23 36 46 43 34 42 3 32 26 2 14 40 13 25 18 50 21 24 37 38 31 33 49 6 22 10 47 16 45 30 29 7 15 11
19: 10 23 33
20: 45 6 27 37 16 18 1 41
21: 18 13 16 30 47 35 49 9 41 50 1 14 43 25
22: 15 1 50 4 2 49 13 10 19 32 16 46 48 11 34 5 21
23: 21 12 17 37 33 26 19 7
24: 9 10 17 2 42 14 22 33 49 31 25 35 3 27 7 11 24 44 20 6 30 28 5 16 15 21 36 19 1 23 41 4 34 13 37 50
25: 1 49 11 44 9 22 2 34 30 42 21 35 26 33 45 50
26: 49 14 32 6 22 30 11 42 26 12 31 37 33 24 8 9 44
27: 47 6 34 21 28 15 3 48 33 42 22 9 10 16 39 12 38 27 49 11 4 32 7 8 44 19 40 20 45 37 1 50 43 14 24 23 36 17 13 30 18 35 2
28: 47 44 37 50 27 17 9 23 29 2 6
29: 26 27 47 20 18 28 12 35 23 15
30: 15 33 4 31 21 46 7 39 29 41 20 28 43 25 44 36 2 38 30 12 16
31: 13 23 38 11 4 46 2 6 16 12 21 15 18 17 28 24 39 27 8 42 19 37 47 41 36 45 29 31 40
32: 35 29 20 47 43 38 30 13 45 14 27 28 21 22 15 46 1 6 50
33: 26 3 25 23 43 14 24 46 11 22 6 34 44 50 5 10 35 42 28 17 31
34: 49 4 25 20 12
35: 38 41 23 25 13 37 46 39
36: 4 28 11 41 31 46 7 27 3 16 49 1 21 20 24 30 42 18 10 50 45 13 23 29 43 33 47 44 25 48 37 12 5 17 35 34 19 32 40 15 14 26 8
37: 11 23 50 15 17 12 31 26 9 33 39 8
38: 42 43 50 5 1 48 39 23 35 25 19 34 29 14 15 17 9 24 49 11 41 30 46
39: 30 38 6 42 27 41 17 1 16 33 34 50 40 37 15 13 10 23 20 39 47
40: 47 38 31 1 48 42 32 27 7 5 39 6 19 46 3 24 29 26 9 33 16 40 34 14 11 41 30 49 15 43
41: 40 24 28 16 32 12 6 49 31 25 2 44 9
42: 48 42 47 21 9 35 25 40 12 34 45 32 38 18 49 8 36 43 20 30 7 19 29 50 46 4 39 6 13 31 10 15 17 44 27 24 3 23 2 26 1 41 11 5 33 28
43: 37 26 19 31 35 8 33 17 16 44 15 23 12 9 30 39 29 1 7 13 11 50 24 10 43 49 28 4 42
44: 22 24 21 33 40 49 7 3 32 8 29 14 6 39 45 27 34 35 19 44 2 25 30 48 4 15 42 17 13 1 5 31 28
45: 50 12 2 44 36 25 21 41 10 14 29 28 23 34 6 1 35 15 48 39 37 27 26 20 33 30 49 42 32 40 22 43 19 3 31 24 17 4 45 47 13 8 38
46: 33 20 7 2 17 14 49 19 36 50 41 35 25 21 16 44 22 4 26 27 34 6 38 1 37 8 13 23
47: 50 30 22 43 46 16 44 23 38 45 27 32 49 41 3 17 47 35 19 18 7 11 14 40 9 29
48: 47 48 22 49 8 50 44 4 39 23
49: 8 47 12 35 6 9 21 44 3 18 30 26 37 13 36 33 1 29 27 10 41 5 49 24 19 39 50 11 15 43 23 38 17 16 34 22 4 28 7 31
50: 16 18 20 32 34 41 8 45 11 1 10 28 38 42 14 15 12 24 21 44 2 25 30 50 23 22 13 6 37 43 40 35 33 36 31 19 49 27 7 17 29 46 5 4 9 47 26 3
1: 32 25 21 (22 46) (40 36) 6 (11 42) 27 50 49 24 (12 8) 7 4 3 39 (10 2) 44 18 14 38 45 43 20 9 15
2: 8 28 24 (17 27 22) 7 16 4 30 44 (9 41) 45 50 2 10 31 5 25 18 42 14 46 11 3 6
3: 45 14 7 44 4 8 (33 2 50) (18 47) 27 6 49 40 (36 24) 10 1 (11 42) 3 16 9
4: 42 12 27 14 22 18 50 (3 30) 11 6 (44 49) 36 46 48 31 (43 10) 16 (9 7 24) 34 45 2 8
5: 4 (18 8) 14 22 42 36 24 40 38 44 12 49 33 9 50 10 11 6 2 13
6: 24 44 6 40 12 (9 32) (49 20) 7 39 27 31 2 10 18 13 14 26 46 28 41 42 3 11 (50 45) 1 33
7: 23 44 13 7 47 42 12 6 8 24 (30 2 5) 46 50 4 40 27 36 9 10 3 49 (43 14 18)
8: 16 (27 14) 37 3 (4 46) 49 13 44 (45 8 9) 26 31 42 43 2 50 48 36
9: (37 49) 2 12 26 (42 43) 6 16 4 40 15 21 9 50 7 38 28 41 14 (3 11) 25 27 47 24
10: (2 24) 16 (9 19) 33 42 22 8 27 43 39 18 11 50 45 36 49 6
11: 37 27 49 33 24 (18 40) 31 43 (8 13) 22 38 (50 9) 36 42 (11 26 2) 47 25 (4 6)
12: 10 50 3 13 (23 43) 30 (14 11) (6 2) 27 (41 29) (4 36) (8 31 34) 37 9 (26 49) 42 45
13: 50 45 42 27 49 44 10 8 9 (21 46) 24 22 32 (12 18 14) 31 35 15 (39 6) 2 36 4 43
14: (21 36) 16 32 26 38 27 (18 12) 10 (47 9) 4 (14 8) 40 44 15 2 (50 24) 45 11 7 33 (6 46)
15: 4 32 10 (45 36) (50 18 43) 9 24 (27 14) 40 39 29 30 42 2 31 22 8 12 3 (15 38 7) 6 16 44 (49 11) 37
16: (16 2) 6 20 5 (41 30) 10 43 14 39 8 24 (40 50) 4 49 (36 9) 27 12 46 (31 47 21 13) 7 18 (22 11)
17: 14 (45 37) 47 9 33 (44 3) (39 36) 28 49 7 (12 31) 4 23 (24 13) (50 6) 38 42 27 16 46 2 43
18: 9 12 (31 11) 36 27 47 15 (3 42 6) 2 13 50 18 8 (29 49) 20 21
19: 42 3 (40 22 27 24) 7 23 (46 43) (31 6) 38 9 50 2 4 10 45 12 44 15 47 49 13 36
20: 42 (7 4) 46 36 5 39 3 45 9 34 6 (30 11) 29 27 10 15 16 32 (8 24) (2 50) 13
21: 32 12 (50 42 24) (11 5) 46 3 49 22 15 44 16 14 13 7 36 8 45 (25 27) 31 18 30 23 9 10
22: 10 27 47 33 (14 46 15) 13 (48 44 12) 50 49 (7 8) 4 6 45 18 3 2 25 16 26 32 9 (24 5)
23: 2 31 46 9 6 48 33 (24 7) 49 19 18 39 13 35 36 42 4 15 (8 45) (3 12) 29 (43 47) 16 27 (37 50) (38 28) 14
24: 18 (24 26) 9 13 (16 38) 44 12 42 5 (36 2) 33 27 40 49 7 8 14 43 6 (11 41) (4 50 45) (31 15)
25: 35 (24 8) (11 50) 13 41 18 38 3 36 (46 42) 15 2 6 33 9 (14 44) 45 5 (30 34) (21 4)
26: 15 37 45 4 50 (25 23) 9 18 (14 40) 3 (16 36) 46 7 8 33 43 13 (42 10) 49 12 29 6 26 2
27: 6 (18 16) 46 10 45 4 27 2 42 47 14 29 40 (36 49) 12 39 8 32 9 (50 3) 24 20 44 28 31
28: (27 31 10) 12 49 8 15 (9 6) 2 (33 44 43 42) (29 4) 24 16 (45 50) 13 11 30 41 32 36
29: 18 45 7 (4 42) (15 43) (8 9) (38 40) 2 30 36 (3 44) (28 16) 49 47 31 32 50 12
30: 50 26 16 11 2 32 45 24 10 (18 21) 9 47 (25 38) 14 30 (44 12) 6 (27 42) (39 49) 36 4 43 40
31: 44 14 3 40 42 49 33 43 7 31 16 26 50 15 6 8 24 9 10 45 4 (18 12) 41 2 37 30 36
32: 3 41 9 26 (14 50) (27 47) 36 42 10 12 4 2 13 6 22 40 45 18 7 44 (15 16)
33: 12 24 40 49 23 37 4 44 13 19 43 2 45 (46 50) 18 42 6 8 25 9 (26 1 30) 27 36 16 39
34: 14 42 13 25 36 (27 9) 2 (24 49) (22 7) 40 16 10 39 8 (46 45) 50 44 18 33 6 11 12 3 4 38
35: 29 10 36 32 50 45 11 38 (24 12) 44 25 49 46 33 1 21 6 (47 8) 14 2 9 (13 43) 27 42
36: 49 10 31 (14 30 9 6) 3 50 2 (4 27) (8 13) (46 24) 5 12 (45 42) 16 15 18
37: 45 23 46 (8 18 26) 4 (15 24) 50 49 13 11 20 31 6 (14 7 28) 39 27 2 36 (43 9) 35
38: 35 32 27 46 47 40 39 30 14 (31 4) 18 6 (50 9) (45 3) 49 15 42 13 2 5 8
39: 40 44 2 42 8 4 39 27 14 10 9 16 30 38 3 49 48 (43 37 31) 6 (45 7) 35
40: (15 10 16) (13 3) 41 (2 39) (50 11 42) 4 (17 36) 7 (6 18) 40 (8 31) 27 (14 45 44 47)
41: 47 45 30 49 50 38 6 14 39 10 2 3 16 (9 36) 7 12 11 21 31 4 35 20 46 (42 24 8) 13 40
42: (25 2) 45 24 38 31 9 (27 3) 7 13 26 18 (12 40) (14 44 33 43) 36 (39 10 50 42) 4
43: 38 30 12 36 4 33 21 40 18 2 7 42 (15 13 43) 32 14 (45 9) (16 27) 50 49 47
44: 48 24 11 49 42 44 27 26 2 45 47 9 28 30 8 43 14 33 (46 3) 36 50 (25 10) 41
45: 10 42 16 44 (20 32) (45 25) 18 13 50 14 (27 8 47) (31 4) 9 36 11 2
46: (38 31) 2 22 14 33 (35 32) 50 8 6 3 16 (9 42) 18 (47 11) 4 30 36 12 40 10
47: (27 39 7) (16 2) 9 8 (49 14 28) 13 48 (18 1) 36 32 (45 42) (21 31 4 40 6) 50 3 29 47
48: 12 45 15 (7 42) 38 22 27 3 8 (2 16) 18 44 40 48 (9 6) 4 14 36
49: (5 10) 15 40 25 (24 36) 43 7 2 47 49 (6 13) 50 42 (22 38 46 21) (34 9) 48 (45 14) (26 8) (27 12) (16 44) 18 41
50: 5 (48 50) 3 46 33 24 21 42 36 (13 22) 39 8 (15 38 37) (45 47) 32 25 (4 6) (2 28) 49 (43 16) 9 11 27 (10 18)
