50 50
1: 16 12 35 50 26 18 6
2: 38 1 33 7 48 46 45 19 41 2 39 42 13 22 16 26 36 18 5 50 30 9 34
3: 39 33 14 46 30 21 7 36
4: 1 5 50 12 16 2 46 4 24 39 42 33 35 38 23 32 22 11 47 49 26 31 18 44 29 7 15 27 43
5: 37 19
6: 33 18 47 37 8 45 24 6 43 28 16 44 2 9 30 19 31 13 4 41 17 38 15 20 3 29 40 1 34 36 35 27 12
7: 48 17 42 50 38 34 4 27 45 25 21 8 15 28 26 16 7 37 43 33 36 18 14 13 35 11 2 6 12 9 46 5 24 1 44 10 20 3 32 47 40 31 30 41 39 29 49 23
8: 45 12 33
9: 31 5 16 8 36 45 37 30 44 7 13 42 4 14 22 35
10: 6 10 38 33 19 8 31 17 1 47 40 45 7 15 34 30 13 5 25 22 36 39 11 24 32 9 49 21 26 50 3 12 29 28
11: 28 32 8
12: 46 19 37 20 26 33 8 36 6 39 50 29 9 18 40 5 1 35 15 32 7 42 14 16 31 43 25 23 3 13 10 30 12 48
13: 32 11
14: 20 47 27 33 41 36 26 31 48 9 30 23 19 3 6 22 40 44 7 38 42 2 16 4 5 12 29 14 11 10 17 15 18 49 13 24 28 45 35 8 21 32 1 25 50 43 34
15: 19 12 14 4 36 42 7 32 11 48 41 38 16 40 34 47 39 5 9 45 33 27 8 20 26 17 43 3
16: 8 27 46 41 23 34 1 29 19 5 39 50 20 49 14 18 33
17: 22 28 27 21 2 41 31 50 3 6 24 17 23 18 36 14 30 5 10 46 16 12 1 38 45 40 7 15 37 39 8 33 26 48 49 19 43 13 32 4 47 44 29 35 11 20 34 9 42 25
18: 50 41 10 28 11 1 8 49 45 24 13 20 46 35 30 15 34 38 37 18 16 2 23 9
19: 37 42 26 28 9 47 27 3 34 5 29 45 14 19 33 22 10 21 32 6 20 12 44 39 48 43 40 35 46 24 4 16 41 1 25 49 30
20: 30 47 44 2 20 41 15 39 19 8 49 21 26 3 50 43 7 14 42 22 9 18 46 11 29
21: 23 11 35 37 40 21 46 19 28 33 16 43 20 9 2 6 44 39 8 29 49 24 17 45 50 1 27 13 31 34 10 12 14 5 22 48 15 3 26
22: 8 31 17 24 26 50 40 6 47 7 19 49 33 11 34 25 22 30 28 39 41 45 48 5 29 42 4 23 27 1 32 13 46 36 21 38 20 15 43 18 9 16
23: 16 11 45 12 35 39 3 41 28 13 4 38 1 2 14 19 30 26 36 9 23 27 46 43 40 44 48 20 18 15 17 42 5 29 49 33 32 22 34 31 6 25 24 7 10 21 37 47 8 50
24: 47 28 29 21 5 23 25 6 46 41
25: 12 37 39 27 31 30 5 43 20 9 33 21 42 50 11 38 18 24 36 32 41 19 29 7 49 22 10 1 46 4 8 14 13 6
26: 22 11 40 24 12 36 4 44 45 13 16 20 26 18 47 29 49 21 31 39 32 37
27: 5 19 45
28: 22 26 47 9 28 13 36 21 23 7 2 17 45 6 25 38 8 27 15 3 24 48 5 35 34 46 12 1 43 33 32 42 37 4 18 39 40 49 11
29: 36 16 14 24 7 34 23 27 47 38 19 39 21 22 3 37 46 44 42 20 45 17 33 15 31 10 5 50 49 35 8
30: 16 36 20 47 32 40 46 35 11 41 26 45 33 31 8 43
31: 45 4 12 47 7 30 25 32 50 23 48 21 42 13 44
32: 35 5 31 16 28 29 44 4 33 42 25 19 26 45 22 36 14 38 46 2 21 18 43
33: 23 36 42 14 24 37 44 43 4 46 17 29 6 26 49 11 18 2 25 12 47 9 8
34: 19 6 10 14 11 49 47 16 33 3 26 29 48 12 50 28 24 13
35: 40 45 9 20 33 48 22 36 12 15 47 39 5 35 41 25 42 32 49 19 26 7 31 27 50 43 38
36: 4 32 24 42
37: 10 9 18 49 17 44 22 8 43 45 39 38 46 4 50 12 29 5 2 32 30 47 33 48
38: 27 32 3 31 21 22 50 34 4 17 2 42 15 6 46 13 9 20 28 44 5 43 38 48 19 49 24 14 23 26 10 11 8 40 37 36 33 25 45 41 18 39 7 29
39: 8 23 17 36 45 25 46 43 4 27 6 24 39 29 22 1 50 9 10 5 32 40 42 34 18 16
40: 50 20 25 39 43 42
41: 29 44 14 16 22 39 3 43 15 40 17 20 18 48 36 34 7 2 24 41 13 23 46 4 31 27 8 33 35 28
42: 10 46 32 38 43 34 18 44 26 45 12 11 17 9 39 37
43: 32
44: 14 39 37 4 26 5 20 8 33 42 50 12 31 43 2 17 30 6 47 1 22 19 25 29 27 45 44 21 3 11 16 18 23
45: 5 45 7 33 19 39 40 16 15
46: 4 11 47 34 21 10 18 44 15 25 40 2 33 37 19 39 38 8 3 1
47: 50 29 35 47 39 34 18 48 21 31 43 27 4 14 1 20 5 45 42 37 40 28 3 7 15 46 24 44 2 26 12 10 16 36 38 11 8 17 30 19 41 49 33 9 23 6 13 25
48: 34 31 24 9 10 3 8 30 28 35 22 25 2 6 48 36 44 37 7 23 45 27 50 18 32 17 33 4 43 21 19 47 12
49: 15 9 43 49 36 25 22 5 34 40 50 38 31 17 2 39 35 23 41 28 29 30 11
50: 31 6 26 46 1 50 8 16
1: 22 (18 10) 16 19 39 46 12 44 4 21 23 2 (25 28 6 47) (14 50) 17 7
2: 37 48 23 14 (41 47) (4 32) 17 6 (18 28) 33 7 (49 38) 21 20 44 46 2
3: 29 (48 17) 14 19 44 28 15 46 23 21 (38 10) 7 41 12 47 34 20 6
4: (37 15) (38 6 47) 25 (39 46) (19 22 36) 28 33 31 9 (48 26) 7 17 41 23 14 44 32 4
5: 35 44 (16 29) 14 (19 10) 4 9 2 32 25 17 15 7 28 22 12 38 (49 37) 24 23 27 (21 45) 47 39
6: 12 28 38 34 7 25 50 6 48 23 47 10 19 24 22 (39 33) (21 1 14) (17 44)
7: 41 12 47 31 35 4 22 15 (17 9 28) 29 7 45 (25 14) (2 20) 38 3 48 10 23
8: 46 38 48 16 (41 12) 22 23 30 15 47 9 39 (25 44 33 28 11) 37 29 18 20 10 (21 17) 50 6 7 14
9: (35 47) 25 42 17 (12 37 23) 39 49 (2 48) 10 (14 6 7) 28 22 18 15 38 21 33 20 19
10: 12 47 25 42 7 (39 37) (19 21) 17 10 38 46 29 34 14 48 (18 23)
11: 28 15 (23 10) 4 (18 46) 22 42 (17 33 47) 34 25 7 38 14 30 (49 20 13) (44 21) 26
12: 15 7 33 8 4 26 44 12 (28 35) 14 42 (31 17) 6 (10 1) 34 19 21 48 47 23 (25 37)
13: (34 6) 2 26 14 10 38 21 (25 41 12 7) (22 47) 23 9 17 18 31 28
14: 21 (7 38) 34 14 33 47 23 41 20 17 29 19 9 (44 32) 16 15 3 25 12
15: 4 12 7 (47 17 29) (18 38 49) (28 45) 41 21 20 (46 35) (10 23) (6 14) 22
16: 17 6 41 34 2 39 7 30 32 45 15 29 50 4 (22 47) 21 23 (12 44) 19 (9 26) (18 1) 14
17: (6 7) 17 10 28 (21 38) 44 22 (49 37 15) 41 33 39 (29 23) 47 42 (48 14)
18: (20 12 2) 1 38 41 6 16 (39 48) 33 14 (47 42) 18 (37 4) 7 46 (44 25) (23 17 26) (28 22) 32
19: 32 29 (21 46) 23 20 14 6 (25 17) 5 35 44 (47 27) 10 19 38 (16 2) 34 (15 12) 22 48 45
20: 23 26 6 41 22 38 19 14 12 (44 30) 15 18 7 35 16 40 29 20 25 17 21 47
21: 17 28 38 25 31 32 3 26 24 10 23 (7 44) 48 14 29 21 (47 46) 22 19 20
22: 23 20 26 9 14 28 32 49 (39 25 17) 10 21 37 2 (44 22) 35 41 29 (4 38 48) 19
23: 4 22 39 44 28 48 18 (7 41) 49 12 14 (29 38) 31 17 21 16 (33 47 23) 24
24: 23 (4 28 48) (41 22) 19 47 7 (39 10) 25 36 33 26 6 (29 14) 17 38 (34 21) 18
25: 19 31 38 33 47 40 12 48 44 35 28 (23 17 49) (39 46) (7 22) 32 10 14 24
26: 34 14 23 15 1 (22 7) 28 44 (17 32) 35 2 26 30 42 10 38 (19 21) 50 47 33 20 12 4
27: 38 41 4 44 (48 7) 29 35 (47 23) 15 6 14 17 (16 21) (22 25) (19 39) 28
28: 28 19 32 10 (38 11) 22 6 21 41 17 14 7 47 34 (23 24) 48 (18 49)
29: 34 22 41 (39 16) 10 25 23 4 38 19 17 24 (20 14) (32 26) 6 47 33 12 49 (21 37) 44 7
30: 7 47 6 48 23 37 17 14 22 (18 10) (12 44) 25 20 2 3 19 (49 31) 9
31: 14 17 48 47 25 (26 4 29) 9 (6 50) 23 21 12 (30 44 41) 49 10 7 (32 38 35) 22
32: (4 48 28) (35 14) 39 30 (12 13 42 25) 43 17 7 23 15 (36 26) 11 31 22 10 38 19 37
33: 28 48 22 41 35 (3 19) 23 25 45 30 38 (16 15 8 47) (32 4) 12 6 37 21 (29 44) 46 7 10 34 (17 14) 2
34: (19 14) 10 (42 28) 15 (47 48) (17 38 18) 21 23 29 2 39 46 49 6 41 (22 7) 16
35: 12 21 7 41 35 29 17 19 47 28 49 48 30 6 (14 32) 4 18 1 (9 23)
36: (6 47) (48 32) 26 29 10 30 (3 33) 9 14 7 35 25 (28 39) (38 41) 12 (2 49) 17 15 22 23
37: 5 25 9 48 7 46 17 29 38 6 21 42 12 28 47 26 44 23 (33 18) 19
38: 18 35 10 49 (29 14) 46 23 42 2 25 38 17 (37 32) 7 47 22 28 4 15 6
39: 23 38 45 29 41 19 (2 28) 4 (46 44) (20 35) 7 42 3 10 (25 12 47 16 40) 26 37 21 15 17 (22 49 39)
40: 15 14 41 17 (39 47) (23 49) (22 19) 21 (6 46) 7 (12 35) 26 38 45 10 30 28
41: (14 20) (18 7) 19 38 35 22 (47 17 15 2) (6 49) 16 41 25 30 23 24
42: 32 14 12 (19 39) 25 33 44 7 23 20 (17 22) 28 36 (40 2) 29 4 31 9 47 38 15 35
43: 38 19 (44 21) 48 41 (28 20) 40 (6 47) (39 49) 7 35 12 (42 30) 14 25 17 22 23 15 37 32 4 33
44: 7 19 (46 14 21) 26 (47 17) 20 42 38 41 29 23 37 33 (48 44) 4 31 9 6 32
45: 7 8 31 27 26 15 39 21 35 45 42 (10 30) 17 19 23 44 29 22 32 (2 6) 37 38 9 (48 14) 18 47 28
46: 24 3 41 25 22 30 20 7 4 38 17 37 39 12 19 28 16 32 18 2 33 42 (50 47 29) 23 21
47: 37 17 44 24 31 4 26 30 10 28 (33 35) 14 34 48 19 15 23 47 46 29 (22 7 6) 20
48: 37 21 38 (19 23) 17 31 14 15 7 (12 34 41) 35 (47 48) 22 2 28
49: 33 26 25 20 21 (37 47) (29 49) 10 18 38 7 19 16 (23 28) 34 4 22 35 14 17
50: 50 34 7 40 (1 2) 48 10 14 (23 44) 49 17 4 18 (21 38) 39 12 22 20 31 25 37 (47 16 29 35)
