50 50
1: 9 27 50 22 48 1 49 38 4 33 11 15 34 28 12 13 7 8 26 2 31 23 43 3 32 25 35 17 19 40 37 10 44 47 41 24 45 21 6 42 36 14 30 5 16 20 18
2: 33 31 6 44 23 21 13 10 35 27 19 36 32 39 46 7 50 40 11 20 34 4 47 38 17 43 2 5 16 30 1 14 41
3: 21 42 11 37
4: 25 40 6
5: 5 29 50 18 36 38 25 10 46 23 30 14 40
6: 41 21 22 45
7: 44 18 24 46 19 32 2 14 48 28 45 47 16 5 8 42 23 21 17 10 27 49 20 9 4 35 12 26 29 22 33 41 1 7 40 38 6 36 15 34 39 13 25 43 30
8: 19 6 30 41 36 14 33 47 22 50 13 24 16 4 40 43 49 27 12 35 45 3 44 34 32 5 15 38 29 21 48
9: 42 39 9 24 30 41 23 12 29 14 37 3 46 45 38 11 34 19 1 6 17 26 2 15 22 28 32 10 16 21 18 27 47 35 40 4 31 43 7 48 44
10: 3 23 24 44 50 10 17 42 22 35 13 12
11: 42 48 1 29 6 4 25 45 26
12: 33 29 4 20 49 41 2 8 38 5 27 16 34 43 14 28
13: 22 37 25 43 27 15 9 40 4 44 45 10 34 11 13 8 20 38 28 36 5 1 50 42 2 48 31 47 35 39 49 46 14 32 12 21 16 24 6 23 17 29 3 26 19 33
14: 2 50 43 33 49 27 23 8 47 35 48 30 15 21 39 29 3 22 26 34 7 36 32 18 41 19 45 31 5 4 13 16 37 12 46 11 20 44 6 17 24 10 1 14 25 40 28
15: 8 5 43 9 29 30 19 39 47 28 42 45 46 1 20 12 17 41 16 50 14 2 27 35 32 26 3 7 24 44 37 34 23 21
16: 34 40 21 43 7 5 44 45 2 27 26 24 16 9 32 23 19 49 41 48 25 8 4 39 31 15 28 37 17 46 47 38 29 1 36 3 22 12 42 11 35 18 50 13 30 6 10 33 20
17: 5 40 47 31 41 48 49 17 1 18 43 10 4 14 27 23 21 15 3 42 29 34 44 38 28 13 25 46 7 12 20 35 6 26 8 19 11 33 16 32 45 22 39 50 36 24 9 2 37 30
18: 21 27 39 28 50 22 15 43 2 47 3 42 17 34 40 30 24 36 23 37 5 46 4 32 8 11 26 19 45 16 20 38 25 35 12 14 48 44 6 18 10 41
19: 38 43
20: 42 34 20 18 13 35 45 5 2 11 6 16 25 38 24 32 44 17 10 37 9 27 41 29 49 43 21 14 22 47 28 4 31 30 8
21: 23 28 18 49 19 16 3 47 24 22 26 35 31
22: 19 49 14 13 33 36 41 25 7 1 24 5 46 12 10 39 31 43 17 3 26 42 8 28 27 35 30 4 37 9
23: 12 36 11 41 26 35 9 38 31 34 19 32 1 5 45 47 23 24 2 25 8 50 39 13 44 49 3 18 42 20
24: 49 40 10 2 5 7 21 32 38 31 50 18 4 35 16 3 9 27 28
25: 17 29 10 9 24 40 42 38 31 25 8 44 1 20 4 23 43 45 32 34 6 33 15 21 36 13 48 41 28 11
26: 50 10 20 48 16 24 49 3 46
27: 38 10 21 39 47 30 12 6 17 35 48 4 43 19 34 40 31 16 29 2 23 26 42 14 44 11 37 9 32 41 25 8 24 13 18 50 22 33 45 15 7 46 27
28: 47 49 32 50 14 20 38 1 16 46 3 7 28 4 29 27 21 18 42 8 31 40 34 24 33 22 2 41 19 30 23 36 11 35 44 15 37 43 5
29: 31 39 5 20 38 43 19 7 24 25 17 2 15 16 29 6 1 27 12 21 14
30: 3 17 36 27 32 46
31: 28 35 1 14 30 3 31 20 37 44 48 50 25 6 21 16 19 46 9 18 27 26 49 38 47 41 8 10 17 42 39 4
32: 21 42 17 46 50 15 34 44 23 24 26 19 12 47 36 3
33: 26 18 19 1 47 48 27 3 31 37 38 28 41 30 23 17 6 7 5 16 44 40 32 25 24 50 14 39 46 9 15 13 35 4 10 42
34: 4 18 6 43 42 8 39 2 7 47 1 13 32 26 23 24 25 34 5 30 45 20 21 27 40 48 33 10 29 12
35: 36 30
36: 29 6 22 21 27 11 31 16 28 20 15 44 5 19 1 12 3 46 38 48 49 23 33
37: 15 19 20 30 13 32 9 37 45 43 34 38 7 11 6 21 46 26 3 24 48 40 17 31 1 5 33 44 10 22 27 41 4 47 50 49
38: 49 25 10 50 16 40 9 27 23 43
39: 39 38 50 19 14 5 29 46 25 21 2 48 43
40: 34 13 37 18 1 44 40 21 20 22 49 41 29 39 3 46 5 14 24 4 50 43 30 11 17 31
41: 25
42: 24 38 47 36 23 19 11 44 37 7 2 46
43: 38 28 13 15 11 37 6 31 32 17 14 27 34 4 49 33 25 45 18 10 44 9 46 40 20 43 21 12 24 30 2 5 47 26 8 22 36 29 16 41 23 42 7
44: 24 28 6 46 40 41 44 11 8 5 21
45: 42 15 48 44 29 31 12 22 30 26 35 43 14 21 39 9 8 28 34 4 5 47 3 49 27 45 38 6 32 17 36 18 16 7 37 20 41 13 11 23 46 33 2 25 40 24 19 10 1
46: 16 14 33 39 31 45 20 34 27 49 30 25 40 42 15 21 17 18
47: 47 16 43 33 7 37 31 45 17 32 27 42 18 25 44 38 24 4 46 20 35 23 2
48: 6 32 5 34 42 3
49: 2 32 22 12 44 47 4 26 1 20 37 13 6 50 19 8 18 38 5 21 33 34 11 40 35 7 30 49 41 36
50: 24 44 36 39 47
1: 7 14 25 36 40 28 23 29 49 17 22 (15 45) (2 37) 13 31 11 9 (16 33) 1 34
2: (39 28 42 17) 13 18 49 (27 1) (45 20) (7 29 16 47) (24 23) 14 2 12 43 34 15 9
3: 13 (30 17) 10 (1 36) 15 21 (16 33) 14 8 32 31 (26 37 45) 48 18 23 40 9 (22 24 28)
4: 2 22 12 9 24 16 34 18 8 33 20 (14 28 7) 43 (37 31 13) 17 40 (47 1 11) 49 (25 27) 45
5: 45 17 29 14 33 (8 22) (18 37) 7 43 40 34 36 (5 23) 16 13 2 (28 24) 12 48 20 (15 39) 1 (49 44)
6: 9 45 17 (49 18) 8 (29 25 20) 13 43 44 34 1 11 31 37 7 (4 16 33) 27 (14 36) 48 2
7: 14 (7 29) 16 33 (47 22) 28 (1 9) 42 27 24 15 17 (49 45 43) 37 2 34
8: (49 14) 20 31 15 27 (25 23) 22 13 45 43 1 12 7 28 16 18 44 17 34
9: 13 16 (38 1) (23 27 24) 45 33 (15 17) 43 25 31 20 22 9 7 37
10: 22 2 (27 18 24) 20 7 37 (17 1) 5 25 34 14 31 16 45 (43 13) 33 10 38 26 9
11: 43 1 23 3 (36 28) (17 42 49) (16 27) (37 13 45) 40 18 25 (9 44 14) 20 2
12: 10 9 (22 13) 8 15 18 (16 49 1) 27 32 (34 43) 45 14 29 (17 36) 23 7
13: 14 8 37 20 34 (1 23 33) 49 (43 27) (40 16) 25 10 13 (7 17 22) 45 2
14: 1 13 (20 43) (46 33) 45 7 12 40 8 15 18 5 14 22 (39 9) 2 17 (31 29 28 27)
15: (9 32) (1 46) 14 45 (25 17) 28 16 37 8 (33 43) (13 18) 7 29 (36 27)
16: 7 (43 13 2) 14 26 21 15 46 45 29 17 27 16 20 47 (8 18) 9 28 33 31 38 24 12 36 1
17: (47 27) 16 30 29 15 7 40 14 32 37 (10 22) 43 9 13 17 (2 45) 31 20 (1 46) (25 18) 33
18: 1 33 7 18 47 (14 20) (5 45 24) 34 (17 27) 46 28 31 23 16 49 40 9 (21 43)
19: (8 31) 49 45 14 21 42 27 9 1 (36 16) 15 22 32 (28 2) 7 13 37 29 17 18 (39 23) 33
20: 26 15 13 36 23 28 37 45 25 (14 40) 31 34 20 29 43 (18 47) 1 49 46 12 7 17 16 2
21: 45 20 2 (24 31) (43 46) 44 (27 1) 13 40 34 8 9 15 (7 14) 36 28 25 17 29 18 3 32 6 37 49 (39 16)
22: 10 7 13 (17 6) 27 1 (18 36) 43 21 20 16 (14 8) 28 45 37 40 49 9
23: 43 36 16 7 13 33 42 (14 15) 21 9 28 5 32 38 17 1 25 23 (34 47) 45 2 27 (18 10)
24: 44 34 8 15 40 47 16 (33 9 14) (22 1) 20 10 50 21 43 28 7 26 (42 23 25 13) 45 18 (29 27) 37 32 17
25: 41 17 4 7 1 20 5 43 14 (23 34) 25 39 22 45 16 (33 29) 18 13 38 11 31 46 27 47
26: 13 (33 22) 15 23 31 14 (45 43) 18 21 49 32 1 17 7 37 34 9 27 11 16
27: (18 37) 15 47 (20 8) 29 (14 31) 2 30 13 17 38 36 (45 46 24) 12 7 (33 27) 28 22 9 1 (43 34) 16
28: (9 12 7) 14 22 21 44 (1 18) 45 20 (17 25) 31 (28 33) 36 15 (16 13) 43 24
29: 11 8 (29 43) 13 39 27 (12 5) 20 28 45 17 16 14 25 9 7 15 40 (34 36)
30: (7 9) 34 2 20 15 40 31 37 45 18 35 22 33 (49 17) 43 27 (14 1) 8 16 28 46 5
31: 17 37 14 28 45 13 27 40 20 24 29 2 43 23 33 47 21 36 16 31 25 9 1 46 22
32: (13 45) 34 18 37 16 8 17 14 24 30 48 47 43 20 (23 15) 27 (9 49) 7 28 2 25 (33 1)
33: 2 46 1 (25 22) 43 14 17 (36 47) 16 34 45 49 (13 28) 8 12 37 7 27
34: 7 (28 16) (14 18) 13 12 20 34 9 17 46 45 8 (25 1) (2 48) 40 15 27 37 32 43 (23 49)
35: 24 (20 16) 9 28 8 47 2 14 7 23 15 31 (49 27) 21 17 22 1 10 33 45 (18 13)
36: 8 5 13 45 28 (7 17) 18 43 (32 1) 50 30 14 (35 42) 23 25 (49 22) (16 2)
37: 16 40 (45 1) 22 33 (20 27) 9 (31 42) 14 28 37 18 13 17 3 49 47 15 43
38: 24 37 33 47 (17 25) 12 31 18 29 36 8 2 (39 49) 42 16 (43 23) 20 (19 28 5) 13 27 45 (7 9 1)
39: (2 17) 50 45 15 22 (16 18) 13 14 (39 33) 31 (29 9) 40 27 7 46 23 34
40: (38 13) 7 4 2 40 18 17 8 28 (9 44) 25 (43 5) 24 27 14 37 16 34 1 46 (49 33) 45
41: 1 2 14 12 33 31 27 28 8 45 (6 40) (37 22) 20 43 23 7 25 18 16 15 17 (9 49) 44
42: 43 11 (20 9 15 31 45) 27 16 18 (23 1) 10 17 48 47 33 32 7 25 (46 13) 28 22 3 34
43: 15 2 (1 20 22) 17 12 45 27 7 34 25 19 18 13 16 (14 29) 37 8 43 9 28 (39 47 38) 40
44: 9 14 31 20 43 17 23 40 44 33 10 (18 47) 45 37 7 25 (16 42) 36 2 (50 1) 8 (49 15) 32 13 28 27
45: (15 13) 46 6 1 (9 37) (14 34) 45 47 23 17 16 (27 20) 18 25 8 11 7 43
46: (13 15) 5 7 37 44 42 30 39 40 26 27 33 (31 47) 22 18 36 28 16 45 2 14 (9 43) (17 32)
47: (7 15 2) 17 14 8 47 16 (27 20) 28 18 9 37 42 13 33 50 23 45 1 (49 32) 21 34 (31 43)
48: 16 39 (25 11) 1 36 45 9 8 17 7 (31 26) 33 34 14 (18 37) 13 27
49: 20 1 46 (13 8) 28 23 16 21 26 36 17 (45 49) 24 (37 40) 14 22 31 43 12 7 38
50: 15 10 32 18 8 (28 49) 26 13 (40 14) 1 (5 37 38) 23 39 31 2 (16 17) 27 24 33
