50 50
1: 48 46 5 2
2: 33 44 36 14 10 47 1 35 9 8 30 46 7 18 49 27 2 3 15 19 21 40 29 37 12 11 4 5 26 23 13 43 48 50 45 41 32 39 16 24 17 28 6 31 22 20 38 42 34 25
3: 8 4 49 41 17 44 31 23 2 29 18 34 42 10 22 46 20 7 32 25 19 48 27 1 15 24 40 35 13 37 16
4: 4
5: 22 23 27 17 19 18 24 25 4 9 31 14 44 43 32 8 33 42 11 2 5 10 34 1
6: 39 40 2 24 38 30 47 27 13 10 4 3 44 35 14 32 45 9 16 22 37 42 11 6 48 7 29 31 50 41 36 20 49 15
7: 13 42 19 4 34 33 37 38 11 29 5 6 12 44 39 8 48 10 36 23
8: 10 36
9: 28 21 4 14 30 49 11 23 6 24 26 32 31 38 36 34 46 19 15 9 43 22 2 25
10: 22 18 48 45 5 50 13 42 29 19 20 30 12 9 26 39 28 25 46 15 14 6 41 8 11 43 17 31 33 3 40
11: 3 32 18 8 7 37 14 11 33 44 38 43 36 42 13 6 1 27 10
12: 20 22 44 36 1 3 48 23 12 35 42 24 34 50 9 17 37 32 41 8 49 10 25 11 30 16 46 29 21 26 7 6 39 27 38 18 40 28 19 4 2 15 33 45 31
13: 3 32 27 36 42 50 10 8 22 18 28 20 33 7 35 38 13 41 40 23 46 15 12 2 30 31 48 34 39 9 21 1 26 49 11 43 37 4 19 44 5 29 6
14: 18 45 12 3 21 27 48 42 11 20 31 14 32 41
15: 39 4 26 36 48 17 27 42 16 40 14 32 49 18 45
16: 2 20 41 23 26 9 6 37 22 27 31 30 42 50 5 18
17: 39 38 14 32 21 9 12 36 25 2 3 24 13 5 26 29 16 4 28 40 22 15
18: 43 44 40 24 29 37 27 2 23 33 6 46
19: 8 31 5 35 43 34 45 13 33 39 38 19 41 7 47 27 48 6 44 21 37 25 23 3 18 46 28 16 1 24
20: 37 2 8 46 44 27 26 21 48 24 7 4 9 39 32 35 36 30 16 33 14 3 13 19 43 42 28 25 40 11 47 49 31 15 34 10 20 38 18 17 50 12
21: 32 43 36 1 12 35 28 46 34 39 17 45 10 9 27 13 38 24 3 11 48 23 29 19 31 20 4 2 25 15 40 5 41 44 21 7 37 26 22 14 42 16 33 6
22: 31 23 15
23: 50 30 23 13 46 45 38 35 32 39 49 34 10 16 44 1 15 18 31 19 29 36 43 37 41 48 8 11 14 24 6 7 17 42 2 26 40
24: 35 41 37 32 7 49 23 8 9 10 21 12 28 50 34 24 43 31
25: 39 45 33 24 36 43 21 41 48 5 44 16 17 1 50 6 2 4 40 8 30 47 49 37 35 29 15 42 31 9 46
26: 20 17
27: 49 44 23 33 26 34 48 21 27 6 30 39
28: 27 29 5 50 20 16 1 3 49 39 18 47 22 10 43 19 13 35 30 11 32 9 48 45 24 34 25 36 42 38 8 31 14
29: 8 14 29
30: 6 22 5 44 36 19 35 11 48 3 32 28 13 38 18 12 50 39
31: 6 8 19 29 32 11 27 7 26 43 25 17 10 50 47 2 4 21 39 14 12 35 30 36 37 31 33 23 9 18 34 46 22 1 3
32: 39 5 42 15 41 45 38 2 49 9 27 37 46 25 40 43 13 34 11 21 14 8 26 16 50
33: 5 26 46 14 35 17 38 45 33 49 48 29 2 24 36 13 15 10 1 40 3 12 8 32 6 19 43 7 44 31 39 18 4
34: 30 35 19 7 39 34 25 40 11 42 33 43 47 16 17 18 1 49 9 28 3 4 27 8 6 31 41 20 15 10 48 21 38 2 23 26 14 46 5 12 24 36 50 29 32 22 13 37 44
35: 35 14 37 31
36: 48 47 43 16 1
37: 1 9 11 40 43 23 49 39 15 25 50 34 30 36 33 29 20 26 41 47 19 18 35 16 17 3
38: 13 6 45 17 40 34 32 30 29 19 27
39: 14 23 10 50 30 17 21 43 24 5 13 44 7 36 19 26 45 11 39 35 37 38 31 42 1 12 34 20 16 28 27 22 18 4 47 29 9 6 46 15 41 49 33 32 8 25 3 2
40: 29 50 43 30 45 15 31 34 13 1 3 42 32 2 5 39 47 18 21 22 36 19 8
41: 48 35 28 36 9 46 27 13 29 33 25 4 26 18 42 30 22 11 32 20 23 31 6 2 37 19 34 40 15 47 3 24 50 45 41 38 39 44 21 49 8 7 43 16 12 14 1
42: 17 44 2 46 50 5 41
43: 45 34 38 9 35 20 23 28 22 29 12 16 49 48 3 6 4 44 10 8 18 47 17 32 33 41 1 19 39 26
44: 48 7 35 25 5 27 47 36 32 15 31 30 10 50 9 39 43 14 33 16 41 20 12 17 13 3 29 18
45: 30 13 32 21 44 43 50 40 48
46: 32
47: 13 23 36 16 25 42 12 2 15 37 18 5 40 8 4 27
48: 17 2 20 15 11 41 22 32 28 42 37 4 6 9 44 50 35 43 45 26 8 24 38 14 5 33 27 23 29 16 46 1
49: 32 36
50: 5 19 45 41 2 26 42 14 49 46 50 7 47 25 34 31 22 10 21 33
1: (48 33 21) 39 37 5 13 34 28 2 31 36 25 12 40 19 3 23 11 (41 43)
2: 23 6 (18 9 31) 20 50 (1 42 41) 40 2 39 17 33 12 21 25 48 3 (47 13) 34 5 16 32
3: 44 (41 14) 2 13 (19 43) 37 20 31 12 34 28 33 21 17 (11 39) 30 6 40 10
4: 25 6 (33 21) (31 12) (15 13 3 43) (39 7) 4 41 47 5 17 34 48 9 20 2
5: 28 40 (5 13) 10 42 (21 7) 16 (33 39) 32 48 34 25 19 50 47 30 44 2 17 1
6: 41 (11 9 18) 10 33 (48 13) 16 23 31 30 (6 2) (7 34) 19 38 (27 12 25) 39 21 43
7: (3 2 24) 23 44 21 20 33 41 (6 34) 31 50 13 (19 11) 12 39
8: 47 5 28 12 29 48 40 25 3 11 (10 24) 32 33 20 (31 41) 13 2 34 (19 43) 7 39 23
9: 10 (37 31) (13 24) 34 44 5 20 16 32 17 41 6 39 2 48 (25 28) 21 12 43 9
10: 12 8 5 7 6 23 34 (13 24) (21 28) 43 50 11 33 2 31 3 (20 39) 44
11: 31 7 10 (13 21) 5 (34 2) (30 23) 32 11 9 41 12 20 6 39 37 (28 48 14)
12: 41 17 44 47 33 21 10 31 39 (30 20) 34 13 12 (7 43) 14 2 24
13: (6 34) 20 (41 11) 23 10 47 (28 13) (32 17) (40 21) 19 39 2 3 44 33 7 45 30 38
14: 5 17 44 11 (48 34) 2 15 33 (41 9) 39 20 29 14 6 21 (31 35) (10 28 50) 32 23
15: 22 (25 3) 23 39 34 (47 21 48) (20 10) 9 40 41 12 32 17 44 13 33 2 6 37
16: 39 15 41 48 (43 19) 2 28 17 32 20 21 (47 44 36) 37 12 25 34 3 23 6
17: (10 37) 3 26 5 31 (48 33) 44 20 38 15 (42 39) (43 34) (23 21) (2 25) 12
18: 44 11 13 14 15 23 12 43 47 (41 10 31) 20 37 34 5 (40 28) 19 2 3 33 30 39 16
19: 9 34 (50 30) 38 5 28 20 37 (12 3) (31 10) (41 33 40 19) 39 (2 7 43) 13 21 23
20: (2 6) 14 34 3 44 43 12 10 20 21 48 37 41 13 16 (39 26) 28
21: (13 45) 24 12 27 40 17 31 41 25 9 14 34 20 19 2 21 32 50 39
22: 3 12 39 21 2 9 30 43 (40 16 5) (50 17) 41 31 6 34 10 28 13 48
23: 34 (39 3) 5 9 41 31 22 12 23 (13 27 47) 21 19 18 7 24 37 (16 2) 43 48
24: 34 2 18 41 25 9 20 23 33 (19 21) 3 (5 12 28) 39 (17 6) 48 24
25: 10 (21 34) 3 (31 41) 37 9 17 19 (50 39) 2 12 (20 44) (47 28) 5 32
26: 34 12 (9 48) 33 2 15 20 (13 50) (32 16) 37 31 17 (10 43) 39 (41 27) 21 23
27: 18 12 31 5 41 (27 28) 48 (32 6) (34 19) 20 47 38 13 16 15 21 (14 11) 3 39 2 44
28: 2 30 10 13 21 20 43 41 12 19 48 34 39 24 17 9
29: 44 13 (43 18) 12 (7 29 17) (21 23) 34 33 39 37 28 25 38 6 (40 48 41) 2 10 31 3
30: 16 25 (9 13) 44 (40 28) (31 12 27) 37 39 20 6 2 38 34 10 23 (41 45)
31: (31 24) 28 3 9 16 2 19 40 10 (25 35) 5 23 6 (33 39) 34 (21 50) (14 13) 44 12 41 20 22
32: 40 (44 45) 43 15 (38 31) (17 5) 49 28 33 21 34 (41 12 20 3 23 48 9) 13 24 (46 2) (39 14) 6 11 30
33: (33 10) 27 (13 12 34 31) (5 39) 50 11 41 20 18 25 37 7 (43 48) 2 44 19 21
34: 50 23 2 31 (21 19 27) 40 32 34 20 37 5 28 12 3 41 39 38 24 43 13 (7 9)
35: 23 3 19 34 25 20 48 39 44 43 21 33 31 37 13 12 35 (6 2) 24 30 (28 41)
36: 17 6 47 (25 15) 9 28 49 13 23 37 8 41 12 21 (11 33) (31 7) 44 (30 2) 34 40 20 39
37: (11 34) 35 (32 39) 2 18 21 19 (20 16) 47 48 (6 12) (23 25) 13 (3 7) (31 24) 41
38: (17 6) 13 2 32 33 28 19 11 12 (39 21) 34 (23 7) 30 48 (41 20 9) 43
39: 43 19 28 (21 10) 20 41 (44 13) 31 39 (33 6) 15 25 30 (40 12) (7 27) 17 2 32 37 (34 23)
40: 6 21 12 13 10 33 2 25 41 (20 17) 37 23 38 (15 18 32) 3 47 (34 45)
41: 19 16 (3 43 12 25) 39 41 (6 34) 44 10 24 (13 32) 14 21 42 (37 2) 48 50 23
42: 16 20 11 7 (21 13 47) (2 23) 10 3 14 (15 41) (40 34 50) (39 48) (12 28 6) 32 (5 25)
43: 24 36 20 23 32 44 (25 48) 40 21 45 2 34 31 19 5 41 11 13 28 39 37 (33 10) (9 18)
44: 42 39 20 45 (18 2) (48 13) 11 5 7 25 30 12 27 (33 23 3) 43 (41 19) 21 6 34
45: 12 40 50 (41 43) 38 (28 25) 32 14 39 15 (6 23) (21 10) 33 19 48 2
46: 10 20 12 21 2 41 23 34 13 3 (31 50) 25 48 33 9 42 39 18 1 19 32
47: 40 (37 2) 28 39 31 41 36 (25 34) (50 19) 43 6 44 20
48: (36 21) 12 15 34 27 10 25 2 33 20 7 43 28 3 23 44 19 6 45 (14 13) 1 41 30
49: (39 32) 3 (9 23) 41 43 25 33 28 2 50 12 6 13 20 27 34 (24 15 37)
50: 45 44 (31 12 37) 2 50 24 (39 13) 16 (42 20) 48 32 6 (40 41) 23 30 28 34 10 25
