50 50
1: 23 15 5 14 28 48 16 20 9 34 44 27 12 46 49 1 36 41
2: 11 40 27 6 36 50 16 9 24 23 22 25 28 18 37 30 17 2 13 33
3: 38 27 49 23 50 13 36 48 10 19 11 7 17 34 28
4: 5 10 11 37 13 40 14 16 15 45 23 17 8 18 3 47 42 49 41 24 38 25 34 7 36 31 21 20 26 22 1 39 43 32 4 19 44 35 48 46 27 50 9
5: 15 26 9 37 45 19 39 23 41 4 12 2 36 31 1 25 29 22 13 40 49 42 7 11 6 3 47 5 38
6: 50 31 30 14 42 49
7: 36 30 24 32 14 16 17 31 5 46 26 44 10 13 18 9 41 12 23 35 28 1 43 29 37 15 3 25 49 2 6 40 47 21 48 34 19 7 50 39 33 20 27 38 42 45
8: 35 4 22 48 50 47 25 36 43 27 11 17 32 44 34 37 6 23 42 16 41 19 40 10 14 9 5 12 30 45 38 33 28 46 15 24 2 8
9: 49 17 14 37 31 35 2 32 40 3 12 27 41 25 20 4 38 11 33 19 28 42 30 34 22 9 23 21 8 13 6 50 15 48 44 46 10 18 39 7 24 47
10: 42 38 41 31 33 36 49 17 11 24 34 48 37 8 44 20 14 5 46 45 21 16 12 39 15 32 30 6 35 1 25 29 13 10 43 19 23 18 50 26 3 7 28 4 40 2 27
11: 6 37 48 42 22 50 1 33 39 32 17 21 35 44 47 12 18 8 28 43 31 5 25 27 30 45 40 23 2 16 14 49 4 10 24 38 20 36 29 19 46
12: 24 33 13 23 28 12 30 18 19 11 9 5 15 46 8 38 39 26 37 47 17 29 32 41 49 48 7 2 31 50
13: 10 38 48 9 28 46 24 17 20 44 25 2 42 30 19 3
14: 11 21 6 49 42 34 40 2 4 38 39 24 12 3 27 44 8 10 1 48 45 7 17 23 25 16 33 35 26 13 37 43 9 50 5 31
15: 2 21
16: 3 24 21 34 29 20 47 27 1 50 8 41 49 22 7 9 6 35 12 43 32 33 13 42 31 37 5 48 11 40 28 39
17: 1 23 39 21 24 46 11 6 15 3 27 32 13 4 26 40 41 25 43 30 20 35 34 17 47 7 8 19 2 49 38
18: 12 15 39 35 21 31 46 43 4 13 23
19: 34 3 43 16 6 37 23 19 20 9 41 50
20: 7 3 2 24 45 44 1 11 39 26 9 33 40 28 37 32 36 8 14 4 31 50 5 22 10 16 13 19 20 27 43 48 46 30 47 34 42 49 25
21: 5 22 40 10 17 38 18 4 2 36 19 33 24 20 12
22: 6 11 14 49 13 47
23: 17 19 42 36 15 23
24: 26 28 33
25: 25 22 6 30 16 26 24 32 34 48 27 29 47 44 2 10 45 11 36 41 37 21 4 39 23 1 42 17 50 40 5 19 13 15
26: 20 17 15 41 27 18 11 30 16 3 42 6 24
27: 14 12 2 50 16
28: 34 39 38 19 8 16 2 37 17 23 6 9 27 35 13 36 10 26 4 30 45 31 47 43 11 24 5 42 33 40 14 48 50 21 44 22 41 12
29: 48 16 23 34 17 2 6 40 14 27 31 3 13 12 15 4 1 9 18 24 25 10
30: 28 29 6
31: 46 9 13 41 47 11 25 28 14 10 4 1 32 16 38 21 27 2 26 22 17 48 24 23
32: 19 10
33: 28 38 41 17 11 1 44 43 39 45 29 9 22 36 10 40
34: 30 40 24 46 16 33 8 49 20 35 41 28 10 6 19 18 17 3 7 44 48 27 9 34 43 13 29 37 15 36 32 47 26 39
35: 15 8 36 20 22 9 13 43 50 38 5 21 25 46 48 40 34 18 4 27 39 44 29 17 11 31 41 1 47 7 30 32 24 28 33 10 2 23 42 45 35 19 49 16 12 14 6 37
36: 43 50 27 13 16 47 22 42 38 37 45 18 9 30 28 48 25 15 34 46 21 44 40 39 24 11 32 33 49 14 5 26 20 19 29 36 10 7 41 1 12 31 4 3 2 8 35 23 6
37: 39 40 6 19 47 15
38: 39 43 42 38 40 28 45 6 35 9 31 19 4 50 34 24 44 27 22 49 5 47 41 21 26 29 11 36 1 32 10
39: 13 33 21 49 22 48 30 14 17 44 50 45 25 10 15 19 42 26 46 40 5 43 7 29 28 41 12 23 4 34 3 27 47 20 39 6 31 9 37 35 24
40: 34 20 44 9 38 5 22 21 2 13 27 31 3 10 24 6 8 30 7 26 41 1 29 50 37 46 23 11 18 28 17 49 25 33 19 32 48 40 35 43 42
41: 37 34 36 24 39 10 33 14 21 40 8 18 48 35 38 16 44 47 15 23 42 3 22 7 11 41 31 25 9 5 13 27 49 50 1 2 29 19 32 30 28 43 4 46 12 45
42: 27 17 5 10 50 45 14 41 28 44 3 43 6 16 36 19 24 38 37 40 48 32 9
43: 11 50 44 20 45 39 8 46 35 22 34 42 38 27 24 33 17 14 25 43 40 37 36 12 3 26 29 49 19 7 21 18 9 6 15 41 4 31 16 48 10 32 47
44: 35 46 43 39 34 27 41 28 10 30 48 21 14 8 13
45: 31 34 35 46 38 47 20 12 19 33 22 26 5 18 14 43 45 13 37 39 25 44 11 17 2 23 8 21 50 49
46: 39 33 9 20 7 45 17 14 48 30 31 49 41 47 23 36 2 28 4 44 15 12 3 34 8
47: 27 10 38 16 19 50 13 14 34 40 3 24 45 4 25 7 41 9 33 37 42 18 32 22 36 2 28 31 23 17 35 5 6 20 47
48: 10 8 31 25 11 6 7 46 32 48 22 5 15 35 4 12 30 13 23 29 20 47 43 21 37 39 28 45 33 24 49 42 34
49: 18 32 28 35 19 44 4 46 27 36 7 15 40 3 1 17 12 6 11 16 50 24 13 33 42 22 29 47 30 38 5 43 41 49 37 21 8 2 25 20 23 34 14 9 10 31 26
50: 16 4 36 5 42 18 6 31 32 34 44 8 20 40 50 30 27 14 11 28 10 23 19 45 49 12 21 24 35 29 13 9 25 7 43 22 15 39 2 17 3 41 38
1: 36 20 35 49 17 (7 33 1) 16 29 (4 40 10) 5 31 (41 25) 11 14 38
2: (41 7) (14 20) 28 31 10 50 47 27 29 17 35 13 15 (21 25 46) 40 (49 45) 12 2 8 36 5 11 9
3: (7 26) (5 19) (42 46) 9 50 17 (41 43) 10 14 13 40 (34 16) 47 20 49 4 29 36 39
4: 17 (39 9) 47 (14 28) 29 50 4 20 (5 46 48) 41 36 35 49 10 11 43 38 31 21 8 25 18
5: (5 10 1) 47 (41 45) 38 14 (11 8) 7 36 12 4 48 25 28 20 35 (50 49) 16 40 42 21 39
6: 36 8 40 (2 17) (7 50) 42 35 16 26 19 48 47 49 34 (25 39 30) 5 38 11 10 9 29 (37 43 22) (14 28)
7: 46 16 (35 48) 47 5 3 (4 36) 49 20 (50 43) 39 (40 41) 12 7 10 34 17 9 14
8: 16 36 35 43 49 10 (50 4) 34 14 (40 28) (41 17) 44 20 46 (45 9) 11 48 12 8
9: 33 20 4 46 29 8 31 49 50 (43 40) (13 16) (38 42) 41 34 (2 47) 5 1 12 9 28 35 19 7 39 36 14
10: 33 39 20 29 31 (21 34) 47 35 13 11 43 42 38 8 10 48 14 40 (44 4) 32 (3 49) (50 25) 28 36 41 (7 9)
11: 5 22 (50 14) 31 45 43 38 49 17 (4 10) 48 36 8 9 33 (35 20) 41 40 25 12 16 26 (3 2) 28
12: 39 5 7 (16 8 21) 43 1 46 11 (9 27 48 29) 35 10 45 (28 12) 14 36 (41 18) 50 49
13: 17 50 10 49 (31 12) 16 18 (20 9) 39 36 (7 40) 14 25 45 41 (2 48) 47 22 4 29 34 44 28 (5 3) 35
14: 50 (36 41 43) (47 28) 27 22 6 (45 35) (10 11 1) 31 49 46 4 9 (39 8) 44 (42 29 7) 20
15: (36 5) 29 48 (43 49) 12 (17 34) 7 4 26 41 8 18 39 35 9 (50 25) 23 37 46 10 1
16: 50 4 14 29 28 20 43 (1 26) 35 47 49 (19 31) 11 2 27 36 7 42 (8 25) 34 10 41
17: (25 33) 46 28 35 (4 40) 13 (29 12) 9 43 21 7 11 (49 50 34) 39 (47 31) (8 17) 2 3 (23 42) 14 (45 26) 10
18: 4 26 40 47 50 (45 7 34 10) (35 12 9) 49 41 21 (11 2) 29 43 36
19: 25 (47 12) (28 13) 4 32 49 8 10 3 (42 21 11) 34 50 45 (35 9) 7 40 (23 19) 39 36 (5 17) 38 41 37 20 43
20: 34 (13 17) 9 43 (40 35) 10 (21 50 1) 16 48 11 47 19 49 7 45 26 36 46 20 39 4
21: 18 11 (49 17) 50 (9 41) 4 44 36 (10 38) 39 40 43 45 14 (28 7) 35 16 15 (25 31) 48
22: 36 48 (49 45) 11 (38 35) 33 (39 21) 31 47 43 (28 8) 16 50 40 41 5 9 (20 4 2) 25
23: 47 40 28 35 29 25 2 39 (31 1) 10 (41 8) (12 50 45) 5 14 4 7 (36 17) (23 9) 48 11 19 (46 49) 18 3
24: 17 35 29 48 11 50 16 (4 40) 8 13 7 (31 41) (49 42) 12 38 39 34 28 10 14 26 47 21 9 43 36 (20 25) 2
25: 8 11 13 25 48 2 14 36 10 35 (45 40 39) (5 43 50 47 7) 4 17 41 9 49 31 20 29
26: (39 45) 20 14 38 12 24 10 17 36 7 43 (40 34) (25 31) 28 (5 4 49)
27: 39 9 26 31 25 40 34 49 29 35 8 10 50 16 (42 41) 7 20 43 4 17 (14 3) (36 28) 2 38 (11 1) 44 47
28: (7 41 36) 20 16 (8 1) 38 44 35 49 10 9 (48 2 12 13) (39 31) (33 24) 40 42 11 3 46 (47 50) (34 30)
29: 35 16 49 50 (30 11) 36 12 25 5 39 34 33 48 43 (10 7) (38 40 41)
30: 41 (9 6) 40 36 44 13 34 10 (48 2) 50 28 12 (17 46) 11 7 49 (25 26) 35 20 39 8
31: 5 (47 6) 40 (36 11) 4 18 (39 46) 45 (7 16) 12 35 (50 10) 38 (29 48) 20 28 14 49 (9 41) 43
32: 50 48 47 16 11 31 (42 25) 17 8 (36 12) 35 (9 49) 7 34 4 38 40 (10 20 43) 41
33: 24 45 10 11 14 7 40 (39 20 41 36) 49 8 21 48 35 46 28 43 47 34 2 9 12 16
34: 7 (40 34) 1 (44 4) 8 43 14 (3 29) 47 (38 36) 45 41 10 19 16 (49 35 9) 46 39 (48 25) (50 17) 20 28
35: (10 35) 17 7 (50 40 28) 8 (44 41) 48 43 9 47 39 14 16 45 (38 11) (18 4) 49 34 36
36: 42 3 8 50 (1 20) 7 5 (21 11 33) 4 (47 28) (23 41) (34 43 36) 2 10 (35 25) 49 38 46
37: 40 28 34 10 8 7 45 (49 11) 42 39 19 (16 14 43) 4 (35 36) (12 20) 2 5 48 9 47 41 25
38: 36 (3 35) 40 (42 47) (38 43) (41 14) 10 11 (8 49 7) 31 33 12 45 50 (4 9 28) 21 17 13 5
39: (20 5) (39 35) 46 18 38 48 10 11 28 45 7 36 25 17 41 12 (4 50 44) 43 14 (37 9) 16 (34 33)
40: 10 40 35 33 4 5 28 7 8 (43 39 41) 47 25 36 29 21 20 (17 11) 34 9 16 (50 2) (38 37) (42 49) 14
41: 31 19 43 39 (35 49 33) 26 10 4 36 41 47 8 7 50 (44 42 46 40) 5 34 25 28 17 12 1 38 9 16
42: 39 10 5 7 (41 23) 28 20 36 40 11 35 16 25 6 9 4 14 49 50 (48 43) (47 38) 26 13 8
43: 8 (20 10) 45 34 35 28 (18 17) 43 (33 41) (14 19 39) 49 42 (38 36) 40 7 50 48 44 11 4 16
44: 45 11 (1 36) 46 39 (43 50) (38 33) (8 49) 41 (42 4) 7 (9 40) 34 14 10 25 (20 28 35) 13
45: 42 5 43 4 48 (14 28) 36 35 25 33 50 46 47 45 8 (20 7) 41 39 10 11 38
46: 49 4 (9 45) 1 (12 13 11) 18 36 31 (10 35) 39 8 (7 17 34 40) 41 43 20 (44 48)
47: 7 37 17 (11 22) (39 9 31 20) (12 5) 46 34 16 (28 35) (45 4) 47 25 (49 41 48) (43 36 38) 8
48: 1 13 3 7 (31 25) 34 8 4 14 11 36 42 12 35 16 9 28 41 44 48 (10 39 46 29) (40 20 43)
49: 12 16 (17 40 3) 39 1 6 50 34 22 (45 46 38) 20 36 35 49 10 (5 9) 43 (14 11) 41 48 (4 7)
50: 43 28 38 (20 7) (3 19) 25 (41 35) 8 4 11 (16 45) 39 12 47 (27 49 36) 42 2 6 (40 50) 10 (14 9)
