50 50
1: 39 7 43 33 46 6 50 35 22 47 12 17 9 2 19 13
2: 25 8 50 43 1 40 20 27 29 12 16 41 5 11 35 3 26 17 4 37 44 46 47 15 14 6 13 32 9 18 24 34 42 48 31 2 49 7 30 38 45 19 39
3: 34 14 18 39 50 15 49 32 22 31 40 2 42 20 4 33 21 8 6
4: 2 11 50 30 19 41 4 44 49 25 26 40
5: 45 17 42 41 8 29 46 15 50 2 22 35 47 25 30 48 18 20 11
6: 23 36 30 38 20 24 34 41 47 19 26 29 32 43 44 9
7: 8 29 46 40 30 20 14 28 13 48 21 12 16 15 33 37 7 49 1 2 6 9
8: 50 18 23 10 11 1 22 15 3 20 24 32 6 47 37 30 28 38 7 8 25 46 40 12 27 13 43 35 14 39 29 49
9: 14 23 35 42 3 4 6 36 1 49 22 29 7 50 41 12 13 25 18 8 26 20 39 48 33 11 43 47 16
10: 42 17 36 10 6 4 39 14 26 5 1 24 11 47 38 43 3 41 21 20 15 32
11: 35 40 22 4 24 49 6 11 50 25 8 29 20 26 45 34 28 30 10 17 43 32 37 14 21 19 16 44 33 42 5 7 12
12: 24 1 35 48 5 28 9 36 6 45 43 34
13: 8 31 35 32 22 38 6 50 24 16 7 17 21 2 19 5 27 37 29 40 25 42 46 10 23 28 20 13 44 12 3 30 11
14: 17 35 1 11 47 50 5 24 10 14 3 21 15 20 26 39 9 44 48 32 40 28 30 41 7 38 6
15: 48 6 37 9 43 47 24 19 46 27
16: 12 34
17: 17 38 35 25 7 50 5 21 31 33 23 8 28 27 24 41 30 36 9 46 4 49 47 26 14 37 34 19 6
18: 45 26 24 8 33 48 39 38 3 36 43 32 12 6 15 31 23 16 30 19 27 9 50
19: 40 2 8 21 4 32 22 30 10 15 1 14 35 24 3 41 6 26 5 36 23 44 20 39 38 18 34 16 17 7 29 37 19 48 49 50 27 33 46 31 9 45 43 28 25 13 12 11 42 47
20: 46 4 18 3 21 36 2
21: 14 35 10 44 6 41 49 21 27 3 26 25 20 29
22: 9 38 36 7 33 47 46 12 3 40 21 49 10 22 11 37 32 14 1 5 23 13 29 50 41 15 4 28 43 26 30 35 6 48 20 39 42 17 27 25 18 34 19 2 44 8 45 31 16 24
23: 41 50 19 6 5 46 11 27 14 39 26 49 18
24: 28 8 47 48 38 1 6 50 49 15 46 42 45 37 39 3 29 27 4 13 22 10 31 2 26 25 43
25: 46 25 17 50 36 23 47 44 9 40 11 42 31 14 27 35 4 18 8 39 22 48
26: 46 31 1 21 18 35 10 2 44 25 9 47 45 14 41 34 4 15 43 16 49 50
27: 22 13 41 2 45 16 10 7 43 39 37 44 17 20 8 33 30 6 12 14 25 47 32 38 1 29 48 49 40 42 28 35 46 15 21 3
28: 15 10 32 41 20 18 12 6 40 48 14 47 44 23 4 1 45 30 28 43 19 8 36 31 49
29: 12 49 13 27
30: 24 8 43 36 17 46 38 11 21 26 44 1 9 45 48 40 16 41 31 35 15 12 6 14 29 47 7 2 28 39 19 20 50 32 5 13 37 42 18 33
31: 26 23 15 32 9 18 46 19 17 42 25 2 34 39 49 16 11 50 48 43 29 20 4 36 45 13 5 35 33 21 47 24 27 10 6 1 7 30 40 8 37 14
32: 13 10 40 19 36 22 46 2 29 21 45 31 38 5 41 9 50
33: 1 5 37 4 31 15 16 40 41 43 36 33 8 10 23 47 45 27 32 20 28 7 35 50 42 46 44 14 48 39 22
34: 18 31 39 42 12 45 41 11 33 15 4 29 27 43 19 20 7 16 28 32 35 37 25 14 50 23 1 22
35: 37 41 45 9 43 32 4 5 42 31 6 48 27 17 13 3 28 10 47
36: 35 25 20 36 45 10 12 23 34 11 8 3 15 19 7 14 39 21 9 31 5 6 46 4 38 30 16 29 50 48 17 37 40 13 44 1 2 49 28 26 42 24 22 18 43 32 41
37: 18 3 5 46 36 9 38 49 37 50 27 30 35 47 16 31 10 44 20 14 32 45 12 2 28 42 23 48 4 41 21 8 33 34
38: 39 4 49 29 12 43 47 5 48 31 40 30 16 50 38 14 18 15 26 42 34 13 37 17 10 23 33 20 3 1 41 19 11 7 25
39: 19 43 31 9 18 41 23 16 28 34 33 2 4 1 5 40 10 37 42 49 17 21 38 25 29 36 3 30 50 15 12 26 45 47 22 8 13 46 20 24 32 7 39 35 27 44 14 48 6 11
40: 20 44 14 49 16 36 21 32 37 42 9 27 19 39 11 10 45 7 23 38 28 12 1
41: 15 19 12 45 30 24 48 46 17 21 33 6 31 7 3 29 2 25 41 26 36 38 44 23 32 11 37 14 1 40 35 4 13 28 43 27
42: 15 37 8 29 42 43 40 24 50 5 34 27 44 9 45 38 28 36 46 30 23
43: 45 33 7 49 2 14 22 20 18 39 35 28 50 15 24 9 27 26 13 36 17 41 32 40 30 42 11 5 16 31 44 3 10 23 29 47 19 12 6 48 1 46 4 43 34
44: 25 16 26 1 20 6 23 5 12 35 45 43 11 33 24 34 41 28 42 29 21 8 50 2 47 30 44 3 22 17 27 37 38 40 10 9 7 48 39 18 19 49 36 31 32 13 14 15
45: 17 24 42 23 7 22 35 27 34 39 44 46 9 33 32 4 15 28 48 5 30 19 45 37 36 47 41 2 21 29 50 8 31 1 6 25 49 13 18 38 3 26 40 16 11 14 12
46: 43 16 45 19 3 32 15 29 23 27 34 46 17 44 11 31
47: 3 16 9 4 42 6 12 18 49 44 46 47 15 28 36 5 41 40 38 48
48: 12 7 33 23 38 42 46 35 4 36 50 18 19 22 47
49: 25 8 13 26 41 46 21 29 40 28 48 45 32 36 3 35 11 49 7 22 30 31 37 19 15 18 39 44 34 10 4 33 2 14 17
50: 21 39 30 3 26 12 19 33 41 47 7 48 31 49 24 42 29 27 1 11 38 46 23 45 6 15 17 18
1: 9 8 31 24 30 34 (28 41) 33 50 43 2 36 7 26 40 (45 22) 44 10 (27 39) 12 (14 19) 38
2: 26 2 31 44 5 4 (41 37) 43 3 (45 19) (24 27) 1 30 49 22 20 36 (7 32) 13 39
3: 19 47 35 27 (43 36 49) 18 38 46 10 9 (37 2) 50 39 24 20 41 44 14 (45 22) 8 21 13
4: 37 35 41 39 49 (2 9) 47 36 (38 33 20 28) (45 22) 11 34 (19 3 25 17) 31 (24 26 4) 43 48 10
5: 31 39 (47 36) 44 (38 43) (30 23) 17 (42 14) 12 37 32 45 (2 13) 10 (11 33) (22 19) 35
6: 19 (9 27 8) 24 23 28 2 (14 12) (50 35) (18 44) 45 41 30 11 1 15 (43 13 17) (22 10) (21 31 47) 39 3 36 7
7: 17 (34 30 49) 2 14 44 48 27 (36 22) 13 45 33 31 7 41 40 38 43 (39 11) 1 19 8 9 50
8: 33 13 25 7 (37 5) (2 22) 39 30 (3 11) 31 8 49 19 17 27 42 24 28 36 44 18 9 45
9: 15 17 (14 43) 26 19 (22 6) 31 40 1 30 44 39 36 47 18 42 25 45 35 32 (2 37 7) 12
10: (10 13) 14 32 49 40 (8 11) (28 43) 35 24 (38 39) 22 26 27 37 (21 33) 19 36 44 31
11: 14 25 (22 41) 2 (23 19 36) 50 (49 30 13) 4 5 34 44 8 (11 46) 40 9 43 39 45 10 38 31
12: 1 (28 38) (7 37) (45 9 13 2 39) 16 40 34 (11 44 22 8) 47 19 41 48 50 36 30 18 43 27 29
13: 9 8 29 27 36 31 (44 49) 35 32 45 41 30 38 (7 1) 39 22 19 43 13 24 2
14: 22 (33 38) 34 30 45 (23 25 40) 37 (19 10 11) (43 39) 36 (28 9 21 41) 2 27 44 (17 8) 49 31 14 3 26 7
15: 27 26 14 (30 45) 38 33 28 50 24 34 10 49 7 41 44 (19 18 47) 46 8 (3 2) 31 43 (36 42) 39 5 22
16: 19 40 18 46 33 (47 22 7) (36 2) 9 38 30 37 (31 26) 43 39 11 44 13 27 45 34
17: 2 13 39 45 5 22 43 1 49 (35 46) 30 38 11 10 (17 31) (36 25) 27 (19 41 50 14 44)
18: 30 (31 43 38) 19 48 (50 49) 2 22 9 3 23 44 8 20 5 28 (37 36) 34 47 25 45 26 39
19: 18 41 17 (49 40) 34 6 22 46 44 4 38 43 (39 30) 2 (36 32) 13 19 11 15 (48 50) 23 28 1 31 45
20: 31 5 6 19 (22 14) 10 40 39 37 (38 21) 28 36 13 11 (43 33) 8 9 30 44 2 27 3 34 7
21: 41 32 39 11 20 49 (30 31) 44 14 (13 10) 26 (3 7) 50 36 21 17 45 (40 37) 19 22 27
22: 36 (45 27 8) 39 48 33 22 (3 44 32) 1 (43 13) (34 11) 19 (24 25) (49 5) 9
23: 44 (25 48) 39 6 (31 28) 38 13 (8 42) 36 (50 45 34 46) (9 43) (22 40) (37 17) 41 (18 19) 33
24: 42 39 36 2 12 45 8 15 22 50 19 43 11 14 13 17 10 31 (44 18) 30 6 41
25: (27 22) 44 (9 2) 38 21 (25 4) 45 34 11 39 31 24 17 49 5 (36 41) 13 8 26 19
26: 17 45 49 38 22 9 11 (39 44) (14 19) 2 18 30 4 31 50 10 6 (24 23) (21 41 36) 43
27: 35 15 29 46 21 45 43 31 50 8 (44 13) 39 2 34 33 23 24 41 18 42 (40 19) 22 25 37 17
28: 43 17 40 (12 14 7) 33 (41 24) 19 36 35 44 22 (47 37) (39 27) 13 49 45 34 8 30 42 (11 28)
29: 22 7 24 38 27 39 41 13 36 2 49 11 30 44 31 (9 19) 45 50 (5 34) 46 6 43 8 32 42 21
30: 8 43 (14 44) 22 42 (45 27) 38 36 31 6 19 39 (17 49) 11 13 41 50 4 37 7 18 5 2 28
31: 18 3 (35 22) 28 49 (17 34) 2 39 19 33 50 24 46 36 45 37 38 43 (13 41) (30 26) 44 25 32
32: 37 11 30 (35 44) (39 27) (46 2 33) 49 22 36 18 6 34 28 13 3 10 41 19 14 (31 8) (40 45) 43
33: 37 49 38 (18 3) 11 30 31 45 39 48 44 50 41 27 9 43 17 (7 33 34) (19 22 1)
34: 42 (22 36) (49 16) 39 3 19 37 46 17 43 12 26 44 38 (2 45) 31 (11 6)
35: 13 49 34 44 (1 26) (48 45) (27 2 33) (25 21) 43 37 12 30 9 17 31 19 22 41 5 14 39 36 8 11
36: 25 40 30 9 6 42 44 (39 12) 45 20 41 22 19 (18 17) 49 47 (37 36) 33 (43 31) 28 10 32 48
37: 34 (36 49) 33 35 (39 44) (22 24) (7 15 11) 42 (19 37) (13 31) 40 (2 30) (41 45) (27 8) (38 17)
38: (48 38) 27 19 (10 32) 50 14 8 39 42 24 22 41 45 (36 18 13) 40 6 (37 17) 47 (2 30) 44
39: 14 43 8 49 (27 45) 36 19 18 40 1 9 23 33 44 39 22 34 10 38 (31 30) 50 24 2 25 3
40: 4 (3 13) (41 22) 14 (45 30) (38 11) 28 (8 42 27) 47 (32 7) 2 (44 19) 36 25 31 39 43 33 49
41: 49 23 2 19 44 5 30 36 17 45 6 41 35 (38 10 21) 47 27 33 43 32 14 26 9 37 (50 34 28) 39 (22 4)
42: 9 45 50 5 35 42 40 (33 36) (10 27 48) (11 19 34) 37 3 43 38 25 44 13 22 31 2 47 (39 24) 30
43: 41 35 8 46 19 30 34 2 42 (44 6 27) 15 26 31 (33 10) 12 18 28 24 (38 43) (11 1) 39 36 22 9
44: 26 (33 37) 19 (6 40 2) (13 30 27) 39 46 14 45 (22 11) 41 (21 4) 25 43 42 28 44 49 47 36
45: 46 22 26 30 24 (35 50) 41 39 33 42 5 2 37 (18 32 11) 31 36 34 43 12 (49 45) 27 19 28 44 40
46: 25 42 5 39 45 20 2 30 13 (27 49) 47 24 (31 15) 19 22 8 17 48 43 50 36 7 46 37 (33 1) 32 23 26 41
47: (26 8) 6 5 1 38 (28 50) (35 24) 15 14 22 2 43 48 39 37 25 9 17 10 33 27 31 44 (19 45) 47 30
48: 12 28 (7 15) 36 49 37 31 22 14 39 5 47 30 41 43 45 27 (2 19) 44 24 9 (25 38) 35 (33 50) 18
49: 50 49 (44 40) 23 45 19 17 11 37 38 43 24 29 27 2 26 3 21 (31 36) (47 4) (9 7) (28 22) 8 39
50: 2 19 44 26 37 8 13 (5 9) 25 39 42 18 38 (33 45) 30 24 14 22 36 34 1 32 31 (3 23) 11 (4 43) 17 48
