50 50
1: 45 2 43 6 8 42 50 31 21 23 33 5
2: 46 5 28 27 3 22 12 18 45 30 14 42 10 11 8 20 47 2 36 35 25 9 7 34 43 41 16 33 23 4 26 32 50 1 31 40 24 39 29 49 21 17 6 48 13 15
3: 23 47 8 31 28 43 5 30 40 46 4 34 41 7 10 48 13 15 19 20 29 12 22 50 11 21
4: 8 16 10 3 38 5 34 31 4 26 18 46 47 9 22 25 7 15 40 43 49 27 48 20 35 29 24 30 23 37 33 17 2 44 11 32 21 45 1 42
5: 26 31 40 44 8 19 17
6: 49 31 25 33 20 23 11 2 21 1 12 30 27 8 45 35 36 16 28 47
7: 3 24 34 33 18 15 29 22 7 38 12 41 37 19 44 42 16 25 9 14 30
8: 4 13 22 40 45 9 27 41 32 24 18 5 48 21 49 11 39 35 16 44 46 30 34 38 50 29 37 28 47 26 7 36 33 19 10 1 31
9: 38 32 25 15 7 8 43 18 47 1 34 13 14 39 31 27 19 28 50 45
10: 10
11: 37 7 31 40 32 18 42 17 21 16 38 19 22 50 10 8 3 23 25 35 11 28 44 14
12: 15 44 31 46 35 27 25 20 11 22 4 2 29 28 48 6 26 47 49 21 33 16 32 37 42 36 3 8 40 1 12 24 50 10 30 23 39 19 41 9 14
13: 38 13 32 18 16 19 33 29 25 42 15 26 24 49 41 20 30 6 36 2 12 34 11 45 44 40 50 43 4 3 10 21 8 5 28 23
14: 7 17 37 23 12 28 35 2 5 31 13 9 8 47 40 34 43 25 41 24 6 14 42 36 46 33 21 38 18 44 48 50 19 26 3 16
15: 38 26 25 29 36 45 42 43 13 24 4 34 3 9 39 6 14 15 8 37 28 17 11
16: 33 26 47 48 41 10 40 38 16 25 9 13 29 44 39 42 36 21 2 24 31 8 1 11 19
17: 40 50 49 47 1 36 3 33 11 34 31 23 22 5 24 8 25 7 41 38 48 44 32
18: 49 12 32 40 7 4 28 26 15 50 41 34 13 21
19: 20
20: 34 27 25 32 35 33 13 49 30 28
21: 27 30 1 24 20 28 49 8 6 7 10 50 37 22 26 16 11 29 15 2 14 18 44 36 21 43 17 32 12 35 19 3 4 23 48 33 25 41 40 5 45 9 42 34 39 47 13 31 38
22: 29
23: 22 9 42 4 39 1 28 37 14 35 36 7 10 20 21 24 23 33 38 6 34 25 17 13 40 19 18 30 43 50
24: 33 13 27 3 6 2 49 40 5 30 8 15 23 36 14 25 10 9 47 41 32 29 38 26 39 7 50 22 43 34
25: 6 2 27 26 16 42
26: 10 45 29 34 3 21 46 41 6 31 38 42 15 17 9 18 14 28 1 22 43 40 36 20 25
27: 33 28 36 23 32 17 39 27 15 8 38 49 35 26
28: 36 25 1 30 43 34 5 14 12 44 28 18 8 23 22 29 37 19 45 27 42 26 6 11 7 3 35 47 38 50 10 9 20 13 21 4 46 40 49
29: 21 48 45 39 1 50 9 41 7 4 28 10 18 46 35 33 20 6 34 25 24 26 11
30: 5 22 36 33 11 45 7 39 28 16 21 41 40 37 31 26 23 34 30 15 3 8 38 9 49
31: 33 47 22 26 34 49 7 50 41 14 19 15 8 37 36 20 11 29 4 2 46 43 17 21 10 18 48 3 28 40 35 24 27 44 1 39 45 23 25 16 31
32: 36 20 26 35 5 29 7 3 9 45 1 23 32 38 18 11 44 40 21 50 25 22
33: 37 32 10 23 19 4 20 50 22 25 1 3 46 6 28 7 15 2 31 41 13 35 44 27 39 21 34 42 18 38 9 12 11 47 43 16 48 5 40 17 26
34: 44 43 45 1 40 17 7
35: 10 3 50 37 34 26 18 16 4 23 17 43 1
36: 30 25 50 20 2 3 17 31 11 8 10 18 39 7 44 6 35 42 32 41 36 40 37 28 24 26 48 23 46 45 21 9 43
37: 37 34 29 11 48 46 26 8 25 35 18 14 24 7 22 43 39 32 36 5 27 17 20 28 42 13 4 21 6 1 31 2 3 38 49 50 33 12 41 44 30
38: 24 30 10 28 6 21 35 38
39: 41 10 49 47 20 5 6 1 21 48 2 40 45 31 26 3 12 42 17 33 18 43 7 46 23 4 29 8 19 30 36 24 22 14 11 15 37 32 25 39 9 27 38 50 35 13 16 34
40: 8 40 35 49 19 20
41: 22 47 17 21 15
42: 41 24 21 13 2 42 18 15 8 20 44 14 7 38 17 16
43: 29 30 27 28 19 35 2 7 25 45 26 15 16 44 36 13 39 14 38 4 43 11 6 37 46 31 47 17 48 21 18 42 22 34 20 24 9 50 49 3 5 40 41 32 8 33
44: 11 6 41 43 20 33 16 14 49 15 28 31 19 42 5 10 24 50 30 44
45: 14 46 30 18 50 4 15 31 40 19 24 42 25 5 13 16 49 48 2 22 11 3 39 43 47 32 12 33 1 35 34 9 10 27 23
46: 45 17 18 26 48 36 21 24 49 46 50 34 23 22 19 27 29 13 20 1
47: 9 38 37 34 24 20 44 3 49 35 45 6 15 18 46 39 26 5 10 23 13 43 48 2 1 11 7 42 12 50 22 41 40 25 17 36 21 27 4 28 31
48: 37 22 3 41 39 28 46 23 16 1 48 19 35 10 31 6 9 20 40 36 42 33 7 43 24 13 49 25 11 44 5
49: 9 49 1 26 19 31 14 8 23 21 37 47 16 50 34 24 32 10 39 20 35 45 18 33
50: 26 6 14 47 41 39 49 4 27 13 38 12 45 30 3 35 10 48 37 16 31 34 50 22 25 36 5
1: 4 (9 49) 12 46 16 28 8 26 2 34 (39 23) 32 33 17 47 21 37 31 (35 6) (45 29) 48
2: 33 6 25 1 37 (12 31) 39 (14 47) 24 13 43 21 36 (2 42) 4 (16 45)
3: (39 26 14 48) (12 7) 28 24 36 (17 21) 31 (11 43) 4 45 2 15 47 33 30 32 37 35 13 50
4: (39 33) 43 (23 4) 31 37 35 2 13 21 15 29 47 28 3 (18 50) 45 8 12
5: 17 28 (21 1) 14 (13 50) 30 39 24 48 4 8 37 2 (3 45) 32 (33 47) 43 44
6: 25 (1 24) 38 2 33 15 14 (39 48 29 43) 37 47 36 26 13 28 50 23 44 21 12
7: 37 (7 17) 29 23 24 18 (42 39) 43 33 48 28 30 9 (4 11) (47 32) 34 8 (2 31) 3 21 (14 36)
8: 17 (14 9) 39 37 (16 31) 13 28 12 2 4 11 5 40 15 (30 24) 36 (21 43) 27 (6 49) 42 1 3
9: 33 (26 43) 16 14 24 (4 7 29) 15 36 (39 23) 21 48 45 32 (47 2) 12 49 8 30 28
10: 36 26 2 39 31 21 (23 8) 38 47 12 50 24 4 45 28 44 33 48 11 35 3 (16 10 29) (13 49)
11: 4 31 39 36 (32 28) 43 3 48 13 (44 21) 15 11 (29 8) 47 (17 6 16) 37 45 33 2 (30 12)
12: 6 18 (37 50) (28 12) 3 39 13 (21 2) 45 33 14 (7 47)
13: 28 18 (23 8) 13 20 24 3 (14 16) (48 9 15) 42 37 50 33 47 (2 21) 46 (45 39 43)
14: 11 26 45 31 50 14 12 28 49 2 39 23 43 7 42 (37 9 15) 21 24 44
15: 31 (24 15) 13 42 (21 12 39 45) 7 26 30 27 18 (9 4) 3 41 47 2 43 (33 44)
16: 11 6 50 (43 13 33) 12 35 2 42 45 30 49 7 8 14 21 (39 16) 25 31 (48 44) 4
17: 36 15 (46 2 43) 39 (41 37) 14 33 27 26 31 35 11 4 23 (47 21) 42 5 34
18: 8 (23 11) (21 49) 26 4 9 (14 45) 32 39 43 2 7 (29 13) 46 (35 31) 36 47 33 28 37 42
19: 5 (3 16) 21 33 43 (40 46) 8 28 (48 13) 39 (23 9) 45 12 (11 49) (14 31) 44 7
20: 49 (37 36) 26 (44 33) 43 42 (39 47) 12 3 31 (32 21) 29 (48 6) (40 2) 23 13 46 19 (4 28)
21: (36 46) 43 29 49 (39 3) 14 42 (13 23) 32 (8 41) (31 12 47) (28 33) 38 18 11 37 (1 6) 30 4 21 16 26 2
22: (12 21) 4 (2 46 24) (17 8) 48 39 33 (41 45 11) 32 47 (7 3 43) (30 23) 37 26 (28 50) 31
23: 47 17 28 (31 45) 27 39 48 3 21 13 46 (49 24 11) 1 2 30 33 12 (35 36 14 6) 4 32 23
24: 7 (21 15) 38 37 45 31 8 36 49 14 29 (42 46 16) 23 (39 12) 43 48 (17 2) 4 47 44 13
25: 39 36 14 6 48 16 (7 28) 33 4 15 9 50 (23 21) 31 24 32 17 20 47 (37 11) 45 2 12 13 26 29 43
26: 18 21 39 15 33 36 50 37 47 31 (4 12) 13 8 43 14 46 49 5 16 (29 28) 25 27 24 32 (30 35 2)
27: 46 20 24 25 (50 8) 9 39 2 21 31 47 45 37 27 43 (33 4) (28 6) 12
28: 44 (12 6 9) 37 (20 18) 26 8 (2 43) 3 31 27 38 13 29 21 33 (14 11) 23 47 28 15 36 (48 30)
29: 15 (28 37) 2 21 (22 3 12) 7 26 46 4 13 16 39 43 32 31 24 8
30: 36 8 (2 23) 3 6 43 44 50 28 4 38 (7 39) (12 21) 37 24 (45 30) 20 13
31: 14 21 48 (3 45) 33 8 2 (44 1) (4 17 9) 50 16 26 43 6 (39 12 47) 49 37 5 11 (36 31) 30
32: 13 4 45 43 24 (37 33) (17 2) 20 (21 27) 9 12 (18 11 39) (49 8) 32 36
33: 39 6 4 (31 29) 48 (24 13) (1 14) 27 17 (37 7 8) 49 20 21 (12 30) 2 43 45 44 23 16
34: 43 24 (37 28) 35 33 29 21 39 46 (45 7) 20 31 30 (47 14) 8 23 (4 50) 15 13 (17 2 9) 26 3 49 18
35: 32 43 33 39 2 48 12 (23 14) (29 45) 20 21 36 8 6 28 11 (49 27 31) 37 38 50 47 40 4
36: 8 32 39 24 (50 2 48) 31 (36 47) 17 16 (15 27) 28 30 (43 23 12) 6 14 (13 46) (26 21) 37
37: 15 47 11 (36 4) 12 35 (48 14) 31 49 (28 8) 33 (7 37 43) 21 30 50 39 23
38: 21 (24 11) (42 38) 9 13 16 50 (17 14) (28 39) 4 27 (26 33) (7 37) (23 47) (30 32 15) (43 8)
39: 23 9 24 29 31 8 2 (45 37) 21 33 15 27 48 47 (49 12 30 50 36) (43 16) 39
40: 48 21 (13 47) 8 45 33 (17 30) 18 28 (32 23) 3 31 14 2 12 24 4 36 11 39 (43 5 34) 40 26 16
41: 39 (13 12) 24 48 37 16 47 17 (50 3) 21 33 2 26 (36 30) 7 (31 14) 42 18 43 8 44 29
42: 11 12 43 1 37 13 48 25 33 (23 4) 7 36 44 15 45 26 (39 14) 21 2 16 47 42 28
43: (39 36 31) 45 23 47 33 3 24 2 28 14 (9 34) 21 37 26 13 (4 44) 43 1 48 (35 15)
44: 42 14 4 47 31 (5 44) 37 32 (21 36) (16 48) (12 8) 43 (33 13) 17 7 11 (34 28)
45: 31 32 1 (9 13 46) 28 36 4 50 8 (34 49) 6 (39 21) 29 (26 47) 30 2 43 15
46: 4 29 48 3 33 8 36 26 2 46 31 14 12 (45 37) (47 39) 28 43
47: 12 21 (50 16) (49 24) 3 33 4 45 (17 31) 6 28 9 41 8 14 43 2 39
48: 37 16 50 29 (47 31) 8 2 3 21 39 45 46 33 4 43 17 (48 14 36 12)
49: 17 (40 21) 6 2 (48 18) (49 47) 13 20 39 50 24 43 31 28 30 45 27 46 44 8 4 (12 37)
50: 24 37 43 28 35 11 45 (3 32) 39 17 (13 1) 23 33 29 44 36 47 31 18 8 (46 49) 9 2 14 21 12 50
