50 50
1: 49 22 25 3 7 16 26 10 35 46 18 14 11 6 37 42 40 38 27 44 1 23 24 4 28 12 50 13 19 9 33 32 34 41 21 5 17 30
2: 20 14 12 25 41 48 17 3 18 11 37 50 19 15 26 32 33 46 10 30 4 39 43 36 21 31 29 13 49 22 9 45 35 2 47 5 1 7 8 6 27 34 40
3: 27 6 22 50 49 16 21 41 47 13 4 15 1 2 19 32 45 29 12 44 11 36 38 23 10 42 34 8 17 33 5 28 46 43 18
4: 29 9 15 48 7 32 21 22 30 50 38 19 39 1 41 25 2 20 26 4 35 11 46 23 28 8 36 10 18 49 3 5 47
5: 21 23 3 50 32 15 9 48 39 34 25 47 37 19 22 24 43 45
6: 34 19 27 14 43 28 26
7: 7 18 50 30 35 1 42 23 34 12 17 16 6 36 47 19 13 14 5 8 37 46 41 21 31 22 26 43 28 4 20 10 44 3 25 38 33 39 49 32 24 27 40 2 48 29
8: 32 25 26 12 27 22 2 18 31 37 50 48 17 7 28 36 8 16 38 46 23 44 19 9 33 45 11 34 24 40 14 29 20 42
9: 22 27 2 29 1 46 34 36 37 11 42 14 19 6 32 39 3 20 35 49 7 15 28 41 43 44 9 12 45 18 24 23 40 5 8 10 17 33 26
10: 20 31 17 37 15 18 41 50 44 26 40 42 2 3 39 16 21 5 34 23 27 43 25 38 13 30 36 24 29 4 32 28 33 1 22 35 8
11: 44 17 30 7 20 24 47 35 16 45 5 9 40 36 46 37 39 49 8 33
12: 47 15 28 24
13: 38 1 40 36 26 42 48 24 8 35 23 9 18 31 46 4 50
14: 50 15 23 30 22
15: 15 41
16: 24 33 42 11 16 13 23 31 46 8 40 22 2 18 9 32 6 38 47 15 41 4 34 17 50 37 19 5 48
17: 6 39 13 29 25 48 24 35 2 43 8 7 28 11 42 34 12 47 5 3 15 20 44 9 21 17 22 14 37 31 18 19 30 38 26 41 4 45 27 40 46 49 23 50 10 1 33 16 36
18: 21
19: 9 10 33 46 18 7 24 43 17 12 44 37 20
20: 3 45 24 4 6 38 17 31 16 42 2 8
21: 40 13 17 42 11 49 18 22 50 19 32 31 1 25 14 46 16 8 4 35 28 21 7 20 6 37 41 47 2 34
22: 7 18 19 44 15 36 33 8 49 5 17 12 31 23 38 42 16 22 11 47 6 32 34 10 26 37 13 41 2 46 1 25 28 3 27 40 20 4 43 35 29 21 30 45 50 14 24 9
23: 47 44 38 16 17 23 29 34 14 5 9 35 18 28 46 27 49 13 50 32 3 48 19 10 43 45 11 15 25 6
24: 9 47 45 5 32 6 37 7 50 18 23 10 36 1 21 16 40 27 31 41 34 30
25: 33 34 38 27 11 25 22 42 6 23 3 45 20 39 32 47 13 48 7 5 37 29 28 26 1 24 41 15 44 19 30 2 9 4 43 46 36 12 17 21 8 31 50 16 40 14 49 35
26: 48 39
27: 13 31 36 44 20 42 22 33 11 8 45 49 28 43 32 19 38 12 46 30 40
28: 38 11 47 35 34 1 12 45 21 6 31 46 36 14 24 23 43 42 49 10 13 19 37 29 2
29: 47 48 15 9 19 20 23 49 34 12 3 25 18 38 22 1
30: 34 10 50 11 27 14 13 12 30 44 29 36 26 25 28 41 18 42 23 40 31 16 39 7 32 45 5
31: 5 50 15 29 48 3 2 43 27 22 12 25 30 13 31 36 44 40 33 49 10 7 46 18 35 4 9 23 41 26 1 39 38 24 6 11 47 28 17 45 8 21 16 42 14 20
32: 31 39 20 34 28 47 29 38 19 37 40 35 46 13 3 32 16 4 2 30 21 5 6 7 24 14 50 18 25 11 49 9 48 41 17 1
33: 49 3 18 28 1
34: 17 23 41 1 2 46 22 28 3 47 26 8 24 13 21 9 11 19 30 50 39
35: 26 29 38 28 9 24 35 36 46 48 7 27 4 8 6 15 21 1 17 33 49 20 25 43 42 40 32 34 14 3 18 30 10 19 22
36: 15 6 17 18 19 35 33 47 36 45 22 11 10 26 2 34 43 1 25 31 30 24 13 7 8 9 42 20 40 4 12 16 21 37 28 23 3 5 46 32 44 48 29 14 38
37: 36 4 27 43 1 29 45 15 30 5 32 10 50 12 22 46 41 33 34 31 9 48 20 40 8 42 6 44 24 18 23 35 16 39
38: 34 41 7 43 32 11 38 22 21 50 10 19 39 29 42 36 30 2 45 23 13 25 26 46 1 40 20 15 28 24 37 18 12
39: 1 35 3 39 7 27 6
40: 25 6 4 19 32 42 41 44 15 49
41: 26 35 50 14 1 18 38 25 30 7 15 44
42: 48 6 27 13 45 31 4 20 22 19 43 3 39 2 29
43: 31 37 16 26 50 34 1 33 17 12 3
44: 27 40 3 33 37 8 39 21 13 25 17 19 41 31 46 43 42 15 23 18 14 45 48 49 2 36 50
45: 38 2 12 47 35 31 9 8 6
46: 50 4 8 2 24 35 48 26 41
47: 22 45 9 46 6 3 23 27 14 37 35 19 30 13 4 31 1 48 20 29 5 28 32 38 47 33 36 16 12 26
48: 2 14 13 16 10 28 15 1 36 29 25 26 45 3 48 37 39 27 43 7 23 9 34 49 5 38 18 44 47 30 4 20 31 50 21 41 42 35
49: 32 31 23 5 39 41 30 43 3 48 45 27 7 1 40 49 24 14 16 2 35 47 37 6 29 25 12 26 11 21 15 38 36 50 46 10 9 8 22 34 18 19 17
50: 48 19 17 46 9 16 11 5 3 20 34 23 10 38 18 13 8 4 30 15 33 28 14 27 40
1: 36 31 39 24 49 21 (9 25) 32 (33 29 28) 47 43 3 (37 48) (13 35) 1 2 17 (34 10) 7 (22 4) 41 38
2: 46 38 17 45 3 2 32 22 44 21 42 31 (7 9) 25 48 10 36 4 34 8 49 20 28 16
3: 5 43 32 7 23 25 29 (47 39) (31 48) (4 34) (42 35) 9 (17 49 10 2) 20 (22 1) 44 50 (36 33)
4: 32 3 (31 46) 42 1 (16 22 7) (40 20) (48 4 36) (47 21) 17 25 2 (13 35) 10 50 37
5: 4 7 (1 37) 32 (30 16) 24 22 (3 36) 48 49 50 25 17 (11 10 47) 2 31 (23 9)
6: 21 (28 2) (16 20) 1 (45 3) 7 (40 37 42) (47 23) (36 49) 31 (22 25) 32 17 24 35 (39 9)
7: 4 19 (48 35 11) 32 (8 36) 49 (24 21) 25 22 (41 1) 9 2 31 (38 17 7) 30 39
8: 31 22 9 2 (34 49) (45 44 3) (37 11) 17 50 13 36 (35 8) 46 27 4 20 10 21 16 (7 25)
9: 36 16 31 11 23 48 1 (5 22) (37 19 13) 49 34 24 (47 32) 9 2 (45 4) 50 8 (29 35) (17 25)
10: 37 31 36 4 48 28 17 1 49 (35 2 30) 50 19 9 24 23 22 38 7 3
11: 23 49 17 38 1 22 (36 25) (4 27) 21 30 8 3 32 (28 9) 34 2 50 16 31
12: 29 45 31 30 25 (49 8) 38 17 1 27 (43 47) 36 2 9 22 37 7 28 19 3
13: 3 31 42 17 34 2 44 16 7 (30 23) 25 50 (38 21) 1 47 27 10 48 (22 28) 36 32
14: 1 (31 48) (47 32) 36 8 49 21 44 25 7 (50 6) 17 35 30 9 23 22 28 41 2
15: 37 (35 40) 14 48 25 5 49 (12 10 9 3) 22 15 29 (17 44 36) 31 38 (16 4) 50 23 41 2
16: 30 (11 23 50) 36 43 20 10 8 24 49 (1 7) 22 21 17 48 47 16 31 32 37 3 25
17: 25 9 44 43 17 31 (23 16) 10 19 7 (20 32) 49 (36 21 34) 2 35 8 (22 11 3) 50 1
18: (31 32) 33 2 23 4 30 17 24 (35 7 37) 48 50 41 36 1 22 9 3 8 (44 10) (29 38) 19 16 49 13 21
19: 29 17 4 8 (42 32 34) 7 5 (50 3) 35 22 21 9 25 36 44 49 2 38 47 (6 23) 16 (40 27) 28 1
20: 27 42 25 47 (48 22) 35 (29 2) 9 21 8 (17 32) 31 (50 7 4) 36 37 11 38 19 10
21: 2 36 (44 1) 38 32 21 3 10 (7 18 28) 31 4 5 34 17 (22 35) 25 48 (24 49)
22: 34 35 17 42 9 (31 22 2) 5 3 7 21 37 25 47 4 36 (27 29) 16 (38 14) (1 49) 10 8
23: 47 31 (14 48) 1 28 7 9 34 36 4 23 (37 10) 3 29 8 17 50 44 24 (5 49) 13 30 22 (38 25) 16
24: 8 9 17 20 10 (25 35) 31 11 (22 19 16 49) (28 36) 32 38 34 1 12 13 37 46 7 5
25: 30 (41 22) 36 21 10 40 (4 23) 49 5 7 38 (32 31 2) (44 1) (25 35) 17 48 29 8
26: 9 2 4 (31 10 8 7) 38 1 13 (6 30) 35 22 49 17 41 25 46 (36 48) 43 47 34
27: 49 48 7 37 1 3 50 (2 42) (10 24) 31 39 (9 23) 8 44 30 47 (17 6) (22 35 25)
28: 21 33 47 22 (1 50) 30 17 6 38 (23 12) 4 7 31 3 10 36 8 35 (48 27 9 34 25) 32
29: 7 23 47 3 (9 35) 37 2 17 30 (48 28) 4 (38 8) 36 42 10 (31 22 25) 49 32
30: 38 35 34 27 31 4 2 (32 49) 48 1 7 41 17 (36 37) 24 47 14 10 (22 25) 50 11 30
31: 13 44 32 45 47 25 (16 36) 8 30 42 10 7 49 48 37 28 2 (31 20) 43 24 22 (17 21) 27
32: 40 5 24 (16 3) 9 (37 22) 7 49 35 (47 36) (4 27) (10 25) (30 1) 21 (8 32 2) 38 23
33: (31 3 27) 17 2 19 47 35 16 9 10 (25 22) 37 7 50 44 1 43 11 8 36
34: (3 1) 32 7 2 38 30 37 (17 50 23) (22 28 25) 16 49 8 35 5 21 (24 6) 48 9 36 29 10 43
35: 35 (39 9) 46 17 32 28 23 37 (36 2) 31 49 (48 41) 4 47 13 45 11 (7 25) (21 22) 10 1
36: 25 37 44 8 2 (3 27) 7 9 49 10 11 36 4 30 47 31 38 22 48 (35 28) 13 17 24
37: 44 43 (32 36 28) 9 (38 1 5) 24 22 2 25 (17 8) 10 48 16 11 49 47 (21 7) 19
38: 27 (13 45) 49 28 38 23 48 35 36 (20 29) (7 1) (41 4) 50 8 47 (16 10) 17 (31 25) 32 3 22
39: (49 25 48) (39 42) 37 (9 44 34) (38 32) 2 5 11 30 (7 31) (10 17 26 4)
40: 13 9 24 (17 16) 44 8 50 30 (7 22) (2 37) 31 21 (10 49) 11 35 25 1 (27 36) 38 32
41: (24 17 9 38) 15 40 34 16 2 32 46 22 21 25 (30 44) 1 31 37 (10 3) 49 48 (4 7)
42: 17 21 22 31 37 8 36 20 9 13 25 44 30 48 16 38 7 10 40 1 (27 28) 3 35
43: 7 2 38 35 9 27 31 6 (23 19) 25 (36 3) 5 10 42 37 44 22 48 28 (17 49)
44: (1 8) 9 (31 48) 11 36 19 (17 3) 7 (41 30) 23 25 22 (37 40) 27 10
45: 9 48 28 37 38 25 (30 31) 11 (47 27) (8 36) 23 3 17 44 (24 49) 2 42 (22 5 20)
46: 11 32 47 37 36 (16 38) (9 3) 23 1 (44 4) 2 49 17 13 8 50 21 (25 7) 34 19 28 22 31 35 27
47: 5 36 32 31 16 28 29 17 22 (34 7) (3 45) 21 (25 23) 49 (47 11) 4 (12 24) 48 2
48: 50 2 36 31 (4 48 37) 16 32 35 29 46 8 42 47 26 (49 44) 13 25 23 5 17 7
49: 21 29 44 2 17 33 (28 3) (22 1) 4 35 49 9 23 48 25 11 40 7 32 31 27
50: (10 30) 5 46 38 22 41 (2 44) (48 32) 17 23 3 1 4 25 43 21 34 16 37 49 8 24 31 14 13 7
