100 100
1: 5 63 46 (60 10) (97 69 37 61 55 34) (36 58) (15 86 51) 29 (95 87 22 67 91) (9 73) (75 3) 90 81 (45 77 71) (52 53 50) 79 (20 84) 59 (89 40) (98 12 38) (78 17 6) (49 64 74) 8 (30 35) 2 100 (39 26 43 92 72 21 1 19 14 18) (44 31 88) 54 (62 25 13) (80 16 57 7 11) (85 23 41 27 48) 82 (33 83) (68 93 96 56) (42 32 28 47) 4 (70 76 24) 66
2: 62 (46 58) 92 99 17 26
3: 6 (43 44) (18 27) (14 49 95 54 30 47) (21 65 11) (7 64) 25 (67 92 50) (68 5 87 76) 34 77 75 (24 61) 26 (16 98) 15
4: (26 2 72 23 43 94) (13 67 6 4) (30 62 100) (5 29 75 69) 36 65 (98 16) 93 (60 88 44 37) 11 59 57 (8 14 73 28 92 58 39) 54 (42 56 61 76) 3 78 (19 7 52) 45 86 (50 97 71) 70 (68 31) (20 47 49 46 18) (41 12 74 63) (89 15 35 32) (79 53 90) (99 84) (64 81 87 77) (83 17 27 55 85) 66 (51 9 25) (40 10 21 91) (22 95 96 48 33 1) (82 38 80 34)
5: 45 (5 16) (22 25 85) (47 82 3) (57 34) 14 (38 81) (71 67) 15 (49 33) (93 29 88 40 65 78 91) 73 (32 26) (94 64) (63 62 4) 61 86 36 (28 43 27) (97 2 52 31 89) (66 99 98) (44 12 39) 90 (87 50 69) (17 11 95) (30 100 56 96 21) (76 55 9 74) (6 80 53 83) (58 46)
6: (73 25 55) 28 36 (42 80 68) (86 14) 23 (13 90 51) 3 (92 69 74 5) 37 22 65 99 (54 35 33 100) (20 40 56) 32 (6 46) (57 15 96) (93 88 76) 18 (26 58 47) 61 21 83 (24 53 59) (17 2) 41 84 (11 52 50) 29 (39 79 87) 62 (94 1) 31 (8 85)
7: (49 44) (17 39 64 2 28) 16 (78 91 47 83) (89 12 5 32) (85 10) 3 (69 62 1) 80 (77 19 99 90) (34 9 100) 46 (92 38 94) 61 (41 48) (21 63 42 43 93) 86 (29 50) (82 15) (76 18) 57 (60 70 98 24 52 51 66) 30 33 (55 53 40)
8: (66 54) (20 26 29 63 56) 33 (86 97) (59 49 92) (6 88) (53 87) (27 84 45 80) (55 36) 58
9: (28 8 46 94) 15 69 (70 92 10) (74 59 83) 80 49 17 78 (57 22 4) 6 (44 67 25 38 1 2 26 75 13) (99 91 68) 50 27 (97 81 34 53 20) (40 100) (31 61) (7 72) 66 30 88 (47 18)
10: 46 86 (40 79 49 87) (16 95) (3 59) (76 48 37 69 83) (7 66) (82 41 43 60) (8 29) 24 (62 6 27 36) (65 47 2) (67 77) 61 73 (53 13 85) (21 4 74 31 63 97 18 44 93) (80 30 91 39 45 14) (11 64 9 10) (68 84 88 51 26) (98 20) 28 (57 81) 94 34 (42 89) (78 33) 15 58 (22 38 23 100) (55 92) (75 54 72) (5 17 12) (50 99 1 90 25 70) 35 52 (71 56 19 96)
11: 60 55 (85 63 96 75) 43 (16 31 44 15 28) 70 (57 66) 3 13 72 6 78 92 (48 81 49 74 8) (93 80) (62 30 23) 69 (76 94) (2 40) 56 79
12: (84 78) 93 8 40 95 65 5 22 71 33 (9 29 47 77 85 67 11) (70 90 89 82 68) 57 (63 64 66 45 16 46) (76 87) (92 27 7 43 52 97) 56 (72 35) (73 3 6 12) 96 30 75 (24 14 13 17 74) 41 (54 50 18) (62 99 51 98) 53 37 (31 20 94)
13: (74 80 19 37 58 71 29) (15 27 4) (53 39) 63 82 (49 43 55) (67 52 98) 22 (48 31) (47 2 9) 77 35 (23 14) (33 38) (25 32 40 86)
14: 84 73 (38 24) 19 (26 13 15 62) 42 (52 20 5 1 68) (76 86) (12 88) 89 (9 31 53 4 48) (41 66) (94 6) 95 (63 54 33 85 55) (80 97) (78 81) (82 32 74) 17 (71 49) (43 79) (90 92 8) 45 (37 60 67) 93 (2 35) (18 70) (22 83 11 58) (3 99 64) 77 (34 59 44) 23 56 (61 100) (87 40 69 46) (96 27 75 14 51) (25 39 47 36 65 50 29) (21 72 28 7 98) (16 10 30)
15: (13 81 47) (16 98) 100 75 (87 82 6 57) 41
16: 19 (32 13 74 30 54) 70 (3 99 50) (66 23 15 24 93) 80
17: 45 (51 89 2 6 84) (69 91) 28 32 77 83 76 4 (19 10) (36 15 44) 55 97 (63 26) (16 87) 64 39 (90 59) (92 42 43) (100 20) (79 47 11 98 86 82 35) 14 13 96 (41 53 23 33 67 31 52) (93 25 78 58) 88 (72 75 27) (1 62 48 85 9 81 46 3 21 80 66) 94 (8 68 95 29) 5 74 (12 71) (30 49 40) (56 50) (38 73 22 17) 34 (37 54) (7 18 60 24) (57 99)
18: (78 63 8) 57 (96 70 17) 48 (18 16 87 20 13 1 36 75) (47 52 37 9) 39 72 (90 51) (33 92 15) (98 23 76 6 32 86 85) (26 55 28) 45 84 54 58 (38 74 64 50) 41 59 (62 14 69 5 61 100) (81 82 68) (94 25 34 49) (80 88) 46
19: (30 64 78 3) 79 9 (28 90 53) 44 (97 2) (69 75 77 38 67 96 4 11 70 36) 43 (59 16) (25 74 72 76) (55 49 5 94) (35 29 20 10)
20: 28 (44 88) (62 77 80 30) (1 12 75 71) (20 86) (22 98 24 8 3 10 6 46 39) 89 (50 48 53 83 34 2 95) (97 68 96 92 100 5) 70 (64 54) (16 49 78 79 51) 18 (91 14) 85 (81 67) (47 82) (35 41 72) 63 66 (26 69 4 99 87) 43 (65 13 42 58 40 33 38) (27 56 61 76) (57 94) (93 90) (29 52 74) (60 31 32 15 25) (36 9 11 37) 55 (84 7) 19 (73 21 59 23 17) 45
21: (91 99) (60 32) (75 69 41) 20 21 13 56 (79 26 82) 51 65 100 (85 22) 15 5 (42 52 70 62 68 30) (94 77) (31 23 49) 80 (67 33 36 84) 95 (28 93) (44 87 17)
22: (51 22) (68 96 86) (83 78 4 50 61) (69 5 1) (16 27 23 93) (9 39 52) 17 12 60 (13 76 15 29) 47 (45 18 70 11) (89 73) (79 66 32 26 64 36 43) (82 81)
23: (59 16) 25
24: (88 6) (65 8 97 99) (34 38) 5 (78 91 42 51 17 61 29 49) 89 7 10 (39 77 82) 36 14 (83 9 95 81) 72 (93 15) 70 21 (48 41 47) 98 79 (40 28) 54 46 (19 53) 30 (68 56 55) (45 12) (25 50 32 18 58 3) (37 13 26) 67 (71 96 90 62 63 31) (66 64) 94 24 (23 44 87) 43 74 11 76 100 (75 86 35) 20 (59 33) 92 (85 57) 52
25: (94 1 48 49)
26: 85 19 89 (2 79 91) (17 1 47) (73 27 96) 10 (66 56 86 48) 76 69 65 (93 6) 22 62
27: (83 30) 27 (70 10)
28: 26 (92 48) (59 23) (89 68) (36 73 71 82) 6 (52 93 81) 57 41 53 (50 98 31) (74 66)
29: 98 92 (66 87) (69 24 75 93) (8 27) 3 (96 65 95 37) (18 99 17) (47 7) 81 (100 85)
30: (20 58) (16 29) 72 23 (76 35) 92 57 85 (26 36 82 40 47) (17 11 97 39) 94 (52 48 50 99) 5 (51 86 1 21) 69 (95 19) (91 96) (54 66) (6 81) 13 (46 28) (90 62 80 7 89) (63 8) (60 71 61 30 100)
31: 5 (3 58 25 73 53) (51 57 31) (33 52 17) 64 59 (13 30) (70 96 38 68 89 20 49 39) (7 22 16 23) 88 92 56 (54 78 10 34) 75 41 (4 2) (67 81) (71 55 74 82) (60 6 40 24 63 27) 97 79 (35 93 11 99 69) 61 (72 29) (84 83 100) (19 21) 18 (37 12 50 48) (86 28)
32: (25 45) 89 (23 35 99 26 24 44) 10 (27 31) 77 72 (83 62 100 65 50 87 37 57 11 97 71) 18 64 (60 85 17) (58 14) (40 63 30) 74 48 (56 81 55) (95 8 51 28) (90 39) (49 3) 68 (86 29 76) 91 (47 73 1) (34 2 78 88) 80 (22 98 5) (43 96 54 59 21) 75 16 32 (79 93 19 20 66 7) (70 15) 41 (4 13 9) 61 (92 94 52 69 42) (67 36) (53 6)
33: (40 24 95) (72 99 61 96) 86 (65 14) (31 66) (8 77 55) 25 (10 63 23 67) 88 60 34 39 76 (71 56 33)
34: (58 14) 13 (55 15 20 49 61) 91 93 (98 51 78 35 73) (62 18) (80 75) 36 (45 92 10 53 8 24) 100 44 (38 74) (66 12 39) 71
35: (74 80 30) 99 (64 47) (34 13) (95 5 40 45) 57 (92 20) 32 7 68 (8 96) (76 91) (54 4) 78 (85 29 19 84) (83 15) 24 (73 66) (31 71 48) 23 (59 51 38 50) 35 52 81 26 (42 58 10) (100 49 70 46 88 28 69 75 67) (65 87) (86 44 41) (79 77 21) 60 (94 22) (72 90 62 3) (98 37 2) (18 53 39) (14 93 56 12 1 63 33) 82 (27 6 17) (11 97 61 43 36 55 25)
36: 42 97 (25 55)
37: (37 93) (29 57 2) 44 (35 28 77 75) 18 78 (99 39) (27 98 71) 55 (24 88 5 56) (1 59 52 53 33 48 67) (79 94 89 13) 92 (23 68) 31 (70 95) (62 42 58) 46 96
38: (1 61) (40 62 65 55 42) 57 (56 35 13 6) 78 (54 66) (96 27) (89 41 21 71 37) (99 43 72) 93 39 (7 5 91 25 19) 8 (15 47 18) (36 68) (11 88) 17 83 64 92 44 98 84 (28 73 97 48 9) 4 33 (63 32 30) (74 86 52 94) (38 20) 77 (12 75) (49 45 34 95 31 50 87 70 2) 100 (76 60 23 22 46 69 79 80) (51 16 81 58) 59 10
39: (98 7 78 73 80 52 51 6 12) (95 55 46 24 65 8 22) (11 68 56) 17 26
40: (20 60) (33 14 17 54 2) (86 13 83) (87 66) (44 76 45) (96 70) 51
41: (18 53 87)
42: (79 41 71 34 66 9) 91 (7 26 44 59) (74 52) (86 78) 53 23 37 (55 46) 38 (15 84 82) (31 83 27 25 97) (45 10 95 47) 77 (13 22) 90 (3 49) (48 94 30 70 33 54 96) 1 (32 17 92 87) (19 67 16 89)
43: (33 94 62) (88 67 96 26 98) (70 42 32) 16 (75 29 22 73 90 14 4 24) (11 68 69) (3 55 9) (66 44 48 8 52 99 65 38) 77 (28 30) 83 21 (80 54) 58 (10 34) (31 100) 20
44: 96 37 (52 99 3) 76 (44 26 25 57 72) 67 (73 13 9 70 20) (7 62) (100 10 35 28) (61 42 87 95) 74 (53 31 29 80)
45: (65 12 71) 40 46 55 91 (42 8) (44 94 80 14 57) 18 34 31
46: (82 83 1 68 38 78 20 23 86 3 16) (21 75) (89 76) 9 (10 27 28) (34 36 72) (49 57 92 69) 7 (73 33 63 24) (85 59 54 26 31 84) (70 67 4) (88 2 43) (40 37) 52 74 (62 94) (66 25 90) (56 5 61) (11 81)
47: (20 29 74) (43 42) 8 (63 61) (96 97 15 33) 41 (77 90) 21 25 47 (3 71 87 39) (22 51 80) (13 55) (7 84 14 100) (92 46) 59 (16 50 64) (91 54 11 24 2) (95 88) (70 5 99 94 85 30 31) (12 57) 35 78 4 19 40 62 (58 98) (89 52) (76 83) (32 93 66) (53 81 69 18) (17 23 72) (27 9) (67 34 37) (86 60) (38 68) (36 6)
48: (35 2 72) 28 (84 65) 59 22 13 (43 18) 36 64 (91 8 75) (87 92) 100 (54 17 20 74) 31 (12 15) 6 37 (47 61 63) (78 32) 38 (68 49) (94 41) (10 76) (24 79) 60 39 93 (14 52) 70 88 5 (23 42) 50 30 99 (46 11 77 19 44 1 16 45) (82 25 27) (4 86) (58 53 40) 81 9 (71 33 89) (29 73 56) 83 (95 67) 7 57 85 66 (26 96 34) 90 (98 62) (48 69) (51 3) 55 80
49: (90 4) (12 3 82 74) (47 2 13) 38 63 (59 31 23 44 20) (53 85 92) 75 (91 6 16) 60 79 (89 11 54) (87 57 81) (46 9 70) (15 64 49 95) 10 76 (17 40) (8 43 98) (24 55 48 83 19 78 37) (45 33 36 52 72 66)
50: 62 (81 28) 100 76 (1 46 37) 32 (22 64 85) 70 (38 69 19) (58 72 88) 75 (39 14 48) 47 34 90 (42 99) 74 49 61
51: (27 68 49 56) 79 (17 96 85 30 73 9 78 32) (22 46 93 43 83 71 97) (81 11) 48 (1 34) 99 (52 80 37 76 13) 3 14 (29 69 98 84) 90 (21 28)
52: (94 9 56 70) (20 82 68) (92 90) (58 76 31) 24 48 (65 57 78 12) (37 42 27 54 97 39 79 96 50 74 26) 83 (36 5 75 77 28)
53: 60 87 65 (37 20 15 32 5 98 81) (61 45 78 64)
54: (40 94 90)
55: (4 64 87) 33 (62 99 81) 95
56: (9 67) 31 (34 13 98 73 32 20) 18 52 (21 27) 28 39 (53 47) (99 58) (57 35 3 2 38 42) (68 15) 41 46 (61 86) (69 72 100 60 90 62 37) (65 56 96 11)
57: (41 78 56) 88 (96 54) 67 (17 20 8 98) (81 3 21 29 85 25 84 18 22) (37 10 57 92) (36 39 27) 91 70 (14 63 64 68 61 30) 80 (90 79) 16 60 59 (26 7) (86 62 99 69 45)
58: 48 (67 66) (39 55 72) 93 90 64 37 56 52 (100 46 83) 33 22 (25 18 82 76 6 78) (29 2) 62 (50 41 95) (81 44 36 47 80 96 20) 68 17 (84 26) (59 14 54) 8 11 (89 98) 51 (49 7 40 60 69) 53 38 12
59: 69 (63 98 71) 45 99 20 74 36 42 41 (39 65 33) (26 91) (51 7 80) 57 13 (52 59) (24 92) (14 38 32 10) (47 6 27 40 49 86 46 43)
60: 48 (78 49 9 59) 83 (70 41 26) 33 13 (50 62 32) (68 90 52 80 92 10 12 72 61 56) 77 (74 46) (89 14 11 27) (8 75) 51 (25 22 85) (17 38 7) (43 4) 60 93 (2 63 28 69) (65 66 39 99)
61: 17 80 (68 28) 56 (20 52) 29 (3 74 27 91 93 18 63 99) (14 71) (32 31 35 26 6 47 75) 84 (36 73 45 10 30) (89 2 87 61 78 60 86 69) 8 1
62: (85 95 48) 39
63: (78 15) 94 (17 26) (57 22 37) 71 (99 75 34 27 83) 14 20 88 (80 100) 31 81 (24 32 65 18 98) (11 9 73) (4 19 3 36) (63 16 10 91) (52 44) 6 (85 41) (93 77 82 76 30 47 72 60 79 38 62) (86 55 61) 39 (50 2 25 92) (35 33 43) (87 54 42) (8 5 97 67) (89 68 49) (28 95) (7 51 21 45 12 23 58) 53 56
64: 37 35 92 (96 93 73) 27 (100 78 22) (59 52 43 39 63 62 45) (56 72 33) 36 23 (89 97 53) (55 18 47 16) 13 65 54 98 (64 82 8 42 4 46) 77
65: 78 (36 14) 100
66: (64 40) 33 (34 52 95) 68 69 27 63 (45 35 77) (58 36 37 22 56 78 89 66) 6 (48 73 31 67 98 21 60) (2 50 43) 30 (54 94 47 23 83 65) (9 49 15) 92
67: (29 24) (4 11) (9 81) (45 65 30 18) (25 99) (50 88 94) 41 (68 27) (47 92 89 72) (34 26 31 86 78 20) 52 (7 19 74 82 62 83 51) 21 (16 10) (49 36) (40 1 77 91 69 2 48 54) 95 79 66 (32 63) (64 23 37) (8 5) 71 22 (67 6) 13 56 (90 70) 3 (84 43) (96 15 57) (55 73 85) (44 33 59 46)
68: (68 57 65 56 72 19) (92 24) 5 (20 10 61) (76 37) 12 (77 51 33 31 60 62 34) 49 11 87 (80 43 32) 26 98 (18 44 79) 93 (27 100) (64 21) (36 88 29 22) (42 25 96 41 14 84) (9 63 74) (90 59)
69: (25 51) 2 41 100 (1 72) (49 97) 60 (33 80) (82 79) (40 77 86) (8 91 19 37 16 38) 30 (63 78 39)
70: (84 89) (81 48 34 53 39 55 87 49 42) 47 (44 60) 72 85 19 36 (78 70 59) 68
71: (43 87) (39 79) (41 74 99)
72: (80 75 20 13 28 24 18 72) (54 48 8 98 77 44 37) 5 (33 6 92) (90 66 51 59 19 49) (91 34 16) (50 68 35) (97 43) 89 94 (45 57 82) 39 11 96 (86 73 21 87) (36 100) 4 56 64 95 (60 63) 99 67 (53 22) 40 41 (7 65) 29 (9 42) 88 26 (58 81 70 12) (30 10)
73: (57 24 53 17) (56 4 94 71) 63
74: (96 7) (13 69 59 54) (8 66 79 75 11) 95 (92 37 53 77 99) (51 58 88) 33 89 1 (100 83 29 81 47) 80 (40 98 28) (82 43 15) 61 (22 18) (50 17 4 14 31) 74 (12 45) (2 91) 52 (34 3 20 68) 85 (46 48 87)
75: 14 (2 82) (92 54 93 71) (34 30) 68 1 70 45 (78 96) (56 90 67) 52 91 72 (39 5 40 9 43 4) 26 (29 27 11 20 53) 38 47 (98 75) 63 (32 58 84) 77 (60 66) 59 (23 95 94 97 12 46) 49 (65 86 24 13) (100 3) (83 37 99 57 76 87) (73 25 18 22 28) (48 36 19) (50 88) 64 (69 79 10) (74 6) (89 42 17 31 80 8 55) (7 35 15 61 62 33 21 81 51)
76: (99 14) 43 85 41 6 11 (60 80 28) 25 (58 10) (12 48) 16 (68 8 56 97 93 36 66 72) (15 45 79 54) (78 29 35 34 23)
77: 69 (30 62 100 36 57) 42 (60 44) 58 (89 11) (14 16) 10 (61 21 97 39 17 73) 27 13 (68 77) (15 47 23 46) (79 51 83) 91 50 (86 2 90) (64 34 85) (52 81 48) (53 25 18) (19 31 45 78) 38 (93 35 37) 63 24 (74 41) (29 28) 1 (84 26) (4 72 92) 43 (96 7) 8 (22 65 32 6 71) 76 (55 95)
78: (31 36) (72 71) 77 (18 14 4) (23 99) (49 98 20 34 12) 32 21 66 42 (46 43 57) (17 5 19) (10 89) (93 9 47 85 28 33 90 15 80 6 74) (92 38) (7 40) 73 (29 75) 55 (94 67 16) (3 63) 35 (37 27 91) (65 83) 76 (88 97 56) 96 (25 79 70 45) (59 54)
79: (40 99 43) (23 84) 51 (96 15 21) (74 7 47 61 85) (100 97) (12 77 91 88) (68 11) (64 66 56 14 39) 18 (35 76 13) (45 6 70) (52 55 65 89 9 67 2 46) 59 98 (31 62)
80: 49 81 74 46 34 (30 55) 44 58 (39 22 61 35 60) (26 96 24) (86 76) (40 92) (3 53 65 6 47 41 29 45 69 21)
81: 22 57 (38 23 48) 52 (16 36) (74 31 96) 27 (53 7) (78 30 45 72 6 42) 25 (79 91) (14 93) (69 73) (8 85 41 49 51 3 87) 68 (54 21 59 26 17)
82: (84 73) 29 (78 56 3 1 41) 24 98 (46 34) 35 (31 65 85 7 95 72 10) (32 48) 9 79 18 (28 99) (36 26) (12 21) (2 14) 71 33 (38 90) 91 (77 76 50 67 58 19 6) (16 42) (62 61 13) (11 66 20 75) 8 100 (57 60) 97 44 81 87 (4 83) (39 51 49)
83: 41 (19 31 36 29 3 81 65 2 91 16 72 22 23) (25 7 95 87) 48 (80 5) (17 38 84) (1 94 60) (39 86) 8 (26 83 74) (34 12) (63 55) (64 37) (78 56 70 42 69) (99 85) (54 67 6) 46 (24 100 45 90 77 59 62 11) (89 20 76) (28 18 88 57 21)
84: (100 46 14) (86 65 17 37 71) (32 26 15) 58 25 (73 98 70) (51 7) (85 88 50) 35 94 (2 84 42) (31 90 38) 56 43 (5 30 97) 16 (44 53) (27 77 80) (66 63 39 36 78) 33 57 (10 76) 3 (52 83 9 60 67 99 75 41 68 12) 89 (95 8 49 72) (23 34 54) 69 (11 22) (61 96 24 20) (19 18 45) 62 (74 48) (1 13 87 40 6 82 91 4 21) (81 59 93 47 64 28) 55
85: (29 43 92 44) (63 82 51 88) (36 3) (65 6) (78 70 61) 49 1 86 (55 90) (19 48 4 52) (10 31 2) 75 45 73 (15 80 58 91) (41 16) 47 (71 18) 79 (27 34 46 54 81 21 84 40) (60 94) (5 37 7)
86: (14 55 98 75 47) 13 6 85 (62 99) 68 (82 73) 1 (67 34) (31 9 20 45) 51 (50 86 18) (87 36) 93 (92 72 37 83 56 61) (54 66 2 38 53 17 58) (100 24) (23 96) 76 33 94 49 (41 19) (39 79 30 57) 3 12 84 28 (42 27) 7 (78 65 25) 40 97 35
87: (5 58) (78 26 74) (35 29 70 1 31 73 80 18) 97 8 36 37 (7 14) 23 (98 89 94) 53 (21 39) (72 67) 17 (63 54) 11 (100 28 59 41 57) (71 88 47 55 50 13 34) (4 51) 64 42 43 61 25 96 9 (44 77 49 10)
88: 96
89: 43 17 97 (34 88) (57 32 47 27 46) (7 28 83) 15 (75 19) (81 94) (39 51) (99 71 65 92) 25 (53 41 89) 20 84 (82 68) 69 (2 50 76 61 38) (23 6) (9 95) (21 44) (59 1) (3 63 91) (8 79 93 35 40 22 100) 24 (13 77 67 4 30) 90 (52 11 37 96 87 56 42 16) 80 (49 54 86 26) (10 74 18 78) 98 66 33
90: 71 (39 51 7 73) 21 (59 20 49 97 57 88) (70 27 94) 36 41 (35 37) (48 89) (16 13) 28 31 (74 50 86) 99 34 96 53 85 23 (62 43 76) 78 (18 98) (38 65) (15 95 58 32) (91 60 22 81) (33 12) 55 (92 46) (47 83 67 2 24 42 80 44 4) (1 26 8 69) (68 11 90 30 3) 82
91: (57 77 8 58 4 42) (37 31) (12 3) (50 89 5) (78 100 98 44 69 23 41 73 91 34 22) 30 (59 56 70) (14 7) (25 28 82) 9 10 (60 38 61 64 40) (90 13) (36 79 1 83 6) (18 39 96) (88 32 94) (87 65) (49 17) (43 99 24) (16 53) 35 46 72 (81 67)
92: (21 88 16) 18 (23 3 97 83 6 17) (13 8) (85 90 45 57 80) (50 59 39) 56 65 (55 41 89) 11 2 7 (75 73) (30 15) (48 78 66 36) 51 (43 79 60 33 28) (47 96) (42 93 4) (81 1 54 5 100) 25 38 (77 29 20) (95 94) (32 44) (22 87 99 86) 26 (46 64 84) (37 91 34) (10 27) (82 49 9 62 72 69) (67 14 12 19 98 74 63) (76 68 53 40) 52 92 (31 70 35)
93: (37 70 100 54 88 18 31 28 85 92 4 43 59 25 79) (34 78) 46 (80 74 12 23) (83 73 63 61 67 51) 33 (45 11 24 49) (91 7 9 15) 5 (77 76) (41 81 66 96) (17 36) (56 64 62 97 32 42 40 57 14 44 10 39 82) (65 90) (20 60 72 3 68) (86 93 26) (13 47 75)
94: (14 68) (90 19 67) (89 62 60 17 21 43 46 34) 39 (44 95 29 75) (50 25 13) (51 61) 71 (74 26) 83 58 (18 48 23 77 42 40 66) (84 91 27 22) (3 15 47) 92 (85 56) 45 73 (64 52) 36 (98 100 80 96) (63 57 20 94) (65 78 38 4) (35 7 24) (16 31) 81 33 12 (8 88 41) (54 1) (86 76 79 49) 10 (5 59 93 30 37 28) (97 69)
95: (30 7 4) (53 97) (91 98) (33 81 89) (13 20 84) (74 58 70) (62 27) (65 79) (6 96 80) (82 54) (46 50 73 3) 19 (14 75 5 44) (42 21 1 29 11 39 72) 94 (23 57 90) 10 (24 8) (93 67) (66 25 95 26 71 45 88) (63 43 100 40) 83 (31 85 86 28 37) 64 76
96: (54 49 71 51 9 93) 24 98 70 (85 2 62) (16 92) (80 87 79 86 29 30 4) (48 59 19) 38 37 3 (99 76)
97: (52 49 42) 90 (94 93) (43 59) 92 (15 69 8 97 100 70) (79 51) (89 24 96 68 23 20 44) 50 80 84 30 73 63 98 (62 66) (16 58 12) 39 65 40 10 (4 95) 2 (53 74) 6 13 (19 29 17 47) (33 81) (76 1 28 75 21 87) (67 61 86) 99 32 60 56 (78 14 72) (18 38 9 45) (85 54)
98: (16 64) 81 (60 43 9 32) (65 4) (61 37 5 30) 87 (91 18) (66 72) (86 19) (89 45 20 23) 85 (78 48 26 63 1) 55 (69 21) 59 7 (44 8) (50 42) (31 51 3 29) (22 12 6 80 93) (62 47) (82 90 92) (99 11 70) (25 83) (41 13 53) (68 52 98 76 75 46) 100 40 (96 67) 88 (56 35 57) (49 94 17 84 38 10) 34 (33 95 14 77) 58 (79 24 28 73 36 27 39 54 97 15 71) (74 2)
99: 69 (64 24 44) 17 91 (31 9) (86 56 50) (67 18) (4 30) 11 80 85 54 (73 48 87) 5 (35 20 28 65 60) (40 76 55 97) 59 42 (51 33 84 34 49) (63 27) (71 94 70 22) (13 36) (78 100 61 57) (38 45) (53 79 6 37) (2 81 98) (25 10) (1 99 47 14 52 16) (90 3 8) (26 62) 46 (92 88 19) (66 12 95 96) (32 82 58) (23 39 29 43 72 74 75 93 89 83 68 7 77 41)
100: (54 7 70 98 46 20) 77 (80 14 36 86) (16 71 100) 10 23 15 12 64 59 6 (25 97) (8 37) (11 32 43 58) 99 (62 30) (56 24) 65 3 (48 49 44) (75 83 33) 69 (17 72 53) (22 39 31) 94 (82 28) (42 96 2) (78 67 47 35) (90 27 38) (85 55 79 50) 93 (51 1 41 84) 29 18 52 (91 87) (63 66 95) (60 73)
1: (26 94 30) (9 86 100 46) (32 4) 20 (98 10 14 95 6 61) (82 48 87 35 18 74 77) (90 50 22 84 37 51 91 75 1 69 89 42 99 25 92) (97 85 17 67) 38 (7 83)
2: (1 7) 11 (75 56) (6 47 82 4) (19 74) 67 (96 61) (84 63 69 20) (86 83) (77 9 26 17 35 58 66 40 13) 98 90 (46 92) 37 85 14 31 (99 97 49) 60 (48 38 5 32 89 10 100) 79
3: 96 (7 1 42) 56 61 92 (35 32 100) 80 82 4 (6 83) (99 14 20 29 46 94) 5 (95 10) (12 98 91 17 16) (51 78 84 86) (57 48 47 49) (43 44) 93 67 (85 63 19 81) (89 74 11 24 75) 90 31
4: 82 (35 43) (9 78) 95 77 (47 38 74 97 5 92 98) (75 93 48) 94 (90 17) 4 1 (13 99 46 72) (67 19 85 96 10) (20 14 55 73 49 64) (60 22 84 32) 63 (31 87) 91 89
5: (6 75) (30 1 84) (53 98) 85 (68 21 35 10 17) 7 95 (3 91 99) (72 93 47) 63 5 (37 18 38 48) 94 52 24 (32 12 83) (19 67) (14 22) (46 92 31) (87 4 78) 20
6: 91 (28 97) (67 26) (82 48 39) (5 89 80) (11 4 18 9 38 81 49 66 30 10) 79 47 75 (24 86 31 78 61 72 14 85) (77 84 12 92 32) (99 8 35 63 20) 3 (58 17) 83 6 (1 59) 95 (98 15 100 76)
7: (42 67) 47 (17 9) (29 90 91 24 81 59 12 31) (92 57 84 63 35) 100 (38 58) (3 30) (48 95 75 94 4) (1 86 99 10 14 44 98 72 74) (32 93) 79 (77 83) (89 85) 60 20 (78 39 46 82 87)
8: (18 72) 91 24 58 (12 43) 39 (17 83) (77 74) 32 (6 63 99) 20 (9 33) (1 4 49 98) (90 87 30) (64 10 97 47 11) (76 100) 81 (29 14 57) (92 35) (82 69 61) (48 45 60 89 67 84 95 38) (75 94 34)
9: (32 49 12 52 38) (24 84 89 72 60 47 46 75) (63 7 14 44) (91 99 51 79) 48 5 (22 43 97) (68 96) (17 92) 98 (4 87) (19 78) (56 86) (42 67) (93 18 10) 66 82 (1 13 20)
10: (97 7 10) (89 42) (63 24 77) 94 (99 4 32 95) (33 68) (98 76) (78 1) (87 46 17 72 67) 48 (44 84) (59 100 9) (35 93) (19 38 27) 43 (31 49 26) (75 61) 20 (85 14 91) (57 82 92) 60 34
11: 58 89 (14 5 6 3) (20 68 43 49 32) (67 95 1) (79 98 51) (90 76 99) 47 (83 46) (48 4) 31 72 35 (12 60 82 38) (24 19) (84 10) (56 92) 93 (87 39 74 63 100) 22 (75 30 77) 17
12: (98 100 76 97) (10 49 86 7 34 78 92 93) (31 72) (75 74 22 68 39 35 1 48) (24 5) 63 (79 45 99) 52 (82 90 4 94 38 47) (58 12 20 83 91) (17 60) 84 14
13: (21 15 9) 92 (17 31 79) 86 30 (24 93 89 4 51) (82 16) (40 87) (94 48 37) (1 38 20 6 32) (59 34) (84 11 49 56) (47 97) 64 (44 22 95 98) (14 18) (60 67) 42 (74 35 12) 91 90 (10 77 75) (72 99)
14: 32 (10 40 79) 20 (78 92) (18 68 6 57) 87 84 (61 60) 86 (76 3) 91 47 (12 48) (1 51) 33 13 17 (98 75) (45 59 93 94 35 74) (77 63) (43 97 65) (81 50 100) (5 24 34 58 14 82) (99 95 4)
15: 92 (35 74) 7 (93 84) (22 78) (18 3 11 79 94 5 1 76 53) (67 13 9) (17 89) 97 (48 38 75) (10 77 4 63) 32 (34 90 24) 100 (20 49 21 42 85 66 6 16) (47 56) (98 14)
16: 57 (3 96) 46 (81 92 47) (23 11) (48 63 1 91) (98 76 89 49 64 100 67 82 22 10) (5 72 38 42) (90 77) 97 (84 31 17 20 19) (99 15) 94 14 (69 78) 7 (83 85) (32 4 18) (12 43 30)
17: 39 42 (78 57) 22 (29 47) 31 (63 74 24) 94 (60 6 26 21) (51 40 97) (83 2) (58 92 86) (9 99 12) (1 98) 10 (73 17 18 35 5) 61 (14 81 49 32) 93 (7 4) 77 (100 75) (38 89 84) (91 87 48 20) 30
18: (32 77 57) 84 24 (9 47 35 90) (75 74) (91 38 86 31) (56 89) 67 (61 29 100 48 3 63) (22 20) (93 79) (64 72 4 17 98 82) (1 34) 83 (85 6 14 7) (45 37) (10 68 97 58 18) 78 (87 94 99 41 12) 92
19: (42 69) 7 (24 84 98) (47 30 68) (70 50) (20 26) 31 4 (82 72) (49 35 75 32) (83 38 1) (95 92 16) (17 14 97 99) 63 (67 85) 48 (89 13 96) (77 78) (10 94) 86
20: 47 (53 12) 98 14 82 93 100 48 (74 92) (46 32 58) (35 89 97 84) (1 52 20 49) (90 75 40 43) (83 4 9) (19 78) 94 86 (68 56 18 10 31) 59 24 95 (99 8) (21 72 17) (57 38 6 34 61 63 30 67) 44
21: (4 84 5 92 75) (51 20) 83 (80 85 32) (56 97) (14 35) (46 89 66) 47 (63 94) 95 (90 31 67) 38 (17 68 82) (1 81 98) (77 43 6 57 72) (10 3 24) 87 78 (30 79) 7 21
22: 17 (12 98) 22 92 (89 6) (43 67 1) 21 (13 4 51 20) (50 63 99 38 42 35 58) 94 74 80 31 90 (83 72 60) (77 32 10) (48 9) 47 (91 14 26 5 100 81 66 57) (64 39 84 68) 75
23: (49 14 89) 42 (28 95) (87 63 4 1 13 11 37 76 16 64 6 66) (38 33 47 78 79 81 93) 22 84 (90 83) 92 67 (20 48 98 91) 17 (18 24 31 99) (100 32 46 97) 21 (94 30) (77 75) (10 86) 35
24: 31 (52 98 96 97 46 67) 63 35 (47 89) 34 68 72 43 14 6 (29 3 95 75) 100 (90 12) (48 84 93 77 17 80 83) 99 (7 86 39 37 73 49 32) 33 (82 59) 94 (91 1 16 20 10) 24
25: 94 32 (24 69) (20 67 58 83 98 81 48 18 9) 84 3 (89 5) 19 (17 78) 35 (77 31 95 47 10) (99 60 57 42 1) 4 38 (13 87) (68 93 33 14) (23 100 36 44) 6 75 63 (86 91) (46 76) 92
26: (22 24) 94 39 (90 57) (43 89 60) 28 (52 8) (14 3 95 58 10 1 44) (84 30 87 5 46 4 6 63 93 82 59 77 72 80) 98 21 (20 35 68) (9 81) (32 18 2 42) (92 17 48 67 75 99 61 83)
27: 13 (12 77 9 86 32 99 60) (92 37 85 10 66) 46 (26 48) (57 95) (90 78 98 89 81) (17 8 27 51 64) (75 84 5) (1 35) 29 (56 20) (47 67) (38 94 4 3) 14 100 (63 22) (52 68 42) (31 59 61)
28: (14 95 91) (31 44 52) (84 21 24 35 50) (5 1 83) (63 19) (90 77 30 32 89 20 92) (60 98 9 7) 93 11 (78 72 76) 75 (17 37 82) 10 (43 100 74 6 94) (97 61 48 87) 38 4 (99 86) 18 46 56 51
29: 4 48 (8 98) (96 14) (76 20 47) (72 77) (95 57) 6 75 (1 44 43) 80 (61 37 30 82 51) 35 58 (67 19 10 17 22 85 100 31 12 99 97 32 94) (5 87) 92 (13 83 7 74) 24 78 68
30: 80 (20 96 30 89) 17 1 (16 38 19 32 72 63) (91 11 66 75 48 35 94) (24 77) (90 69 84) (5 92) (67 3) (14 21) (42 81) (12 9) 95 (4 10) (61 31 43) (86 98) 57 47 99 (51 97 100 7 27)
31: 68 100 47 (66 81) (35 99 10 4) (48 13 17) (32 49 43 84 9) 37 67 (31 82) (11 52) (63 86) (56 61) 42 (94 5) 38 74 (20 92 46) (79 28 91 45) 87 12 (1 85 44) 95 (93 98 24 75) 90 (83 78 21) (14 77) (6 33)
32: (35 21) (90 32 89 67 5) 20 16 (92 18) (50 61 13 98 56) (82 43 22) 4 (78 68) (60 75) (14 84 100) (93 48) 51 (7 77 99 91 6 59 53) 24 17 (38 63 47) (42 1) 97
33: (33 99) (92 42 58) 48 18 (20 14 6) 94 98 (75 21 69 17 74) (12 7) (64 31 82) (93 35 95) 66 37 97 84 (46 63) (55 38 4) 67 100 (40 60 72 13 1) 5 (86 49 10 89 90 47 43 59 8 78 24 68)
34: 3 51 (20 63 42) 90 43 31 (68 99 35) (10 86 80 18) 76 84 (50 56 9) (91 66 4) (46 78) (83 7 24 14) (74 32) (48 98 85 33) (38 82 70 94) 67 (93 77 75) 45 17 47 5 (89 87) (1 72 92)
35: 31 (84 30 91) (12 32) (17 75 86) (92 87 89 1 66) (4 94 63 100 24) (20 13) (35 37 99 77 90 14 98 19 47 72 80 79 44 6 34 78 38) 76 56 (48 61 10 82 64)
36: (10 49 18 58 34) (91 1) 28 (47 61) (65 35 81 30 66 63) 32 (38 90) (78 46) 57 (82 21 76) 92 (85 94 59 75 72 87) (52 68 8 4 93 64 5) (84 19 24) (98 20) (67 83 100 99 14) (6 48 17 77 70 22 86)
37: (12 1 37) 92 (13 96) 84 (98 85 57) 32 (68 91 51 78) 72 44 (64 83 58 87) (66 75) 100 (50 56 69 52) (18 63) (17 93 95 6 38 67 14) (94 49 90) (46 42) (47 31 77) (53 89 29 48 74) (24 35) (4 86 10 99) 20
38: (91 4) (42 47) 14 (77 13) 50 (78 99 83 89 56) (49 97) (24 18 31) (59 63) (48 9) (96 58 94) 38 34 (46 98) (84 5 90 19) 35 (69 86) (20 10) (82 75 1 17) (7 43) 81 (100 60) 92
39: (95 60 47) 6 (5 93 18) (82 80 70 64 38) 83 (87 34) 17 79 (33 57) 75 (58 4) 71 31 (69 52) (35 14 90) (94 97 84 91 72) (37 13 86 30 48 24 32 22 99) 50 (98 59 1 89 7 100 63) 77 56 (62 92 10) 20
40: (17 9 72) 97 6 (66 12) (20 38 47 31) 98 4 (54 1 69 84) (86 95 93 85 32 46) 48 (5 80 89 49 74) 33 14 (78 11 24) (99 94) (30 7 10 79 67 91 75) 92 59 45 (58 35) 13
41: (6 18) (90 28 72) (10 56 59) (87 4 35 91) 17 82 (63 86) 93 98 (15 76 81 71) 32 80 12 77 99 24 89 42 (48 83) 67 (85 31 58) 38 (20 14 100 7 84 47 94 60 92) (69 68 21 57 1)
42: 21 87 (14 89) 82 (24 78 75) (100 43 90) (10 4 32 56 45) (50 99) (83 7 84) 77 59 (35 6) 95 (47 70 97 38) (94 48) 44 86 98 (81 17) 72 (91 20 92 63 52) (1 93 37) 36 64 68
43: (22 17) 93 (71 74 11 98 14 79) (20 75 68) 63 87 (49 3 4 35 12) (99 64 24 48) 7 (46 13 5 72 76) 60 (32 51 19 84 90 100 97 94 66 38 1) (92 47 95 77 85 59) 91 67 (89 78 10)
44: (94 67 49 1 48 84 44 99 3 80) (10 9 68) 89 21 (63 97) 20 98 (93 14) (40 58 82 43) (5 45 11) 90 (42 92) (34 38 37 95) 87 70 24 (7 4) 77 91 (32 100) 19 35 (85 72) 17
45: 32 (49 1 57 17 66) (18 10) 93 (20 86) 72 80 (95 78 35) 24 94 59 (12 53 74 75 61 8 85) 76 (63 5 83) (48 64 81 42 40) (34 4) (67 84) 22 (92 99) (38 14 97) (79 77 98)
46: 12 39 (38 49 14) 79 20 (50 24) 84 30 60 (78 85) (58 82 7) 90 6 (94 92 98) (91 75 4 100 45 95 9 51 17) (93 89 77 80 35 99) 37 (2 64) 48 74 (18 56 59 10 67 1) 47 (42 83) 5
47: (75 42 84 9 29) (12 22 58 92 80 10) (6 97) (14 56) (87 35 90) (59 18 79 77 24) (67 63 49) (30 78 20 13) (85 50 86 94) 64 100 99 (38 4 26 66 3) (15 5) 89 (98 74 32 47) 61 (7 48) (17 1 93) 70
48: (81 72 30 43 32) (14 13 67 83) 98 (92 26) (84 48 94 28 42 74 11) (96 62) (66 35 70 50) (100 4 58) (52 18) 37 (76 17 10 85 90) 24 (20 99) (49 75) (60 51 25 1 7) 77 (38 82 31)
49: (13 35 59 31 100 38) (49 17 21 32) (20 92 7) 58 (5 9 85) 48 (24 78 63 14) 68 86 (10 99 75) 87 (42 90 60) (72 8) (89 97) 82 (18 81) 69 (66 70) 46 96 (94 51) (67 3 1 11 19) (91 4) 50 (84 98 80 93 25 34)
50: (32 58) (22 90) 30 60 10 74 4 (52 17 48 3 7) 87 (9 6 1) 82 77 (92 91) 75 (18 12) (67 99) (38 28) (72 94) (14 95) (35 24) (31 66 84 5) (20 89) 86 (98 63 97 100) (16 47)
51: 38 69 (97 4 79) 93 31 (87 21 59 48) 94 (99 84 72 77 40) 96 63 (18 98 67 17) (58 74 32) 34 (60 85 1 100 7 68 20 12 75 24) (82 6 14 35 47 90 22 30 39) (81 10) 89 (92 86)
52: (44 22 74 97) 21 (13 58 94) (63 30 5 48 98 60 37 56 20) (61 66 28 43 24) (46 85) (67 49 77) (14 92 75 81 10) (17 99) 64 (35 47 6) (39 1 32) (7 100 18) 84 (79 89 4) 51 (59 38) (12 31) 42
53: (84 19) 14 (41 44 37) (42 95 20 9) 10 58 (8 63 70 35 77) (64 92 28 4) 49 56 (91 89 12) 80 (48 87) (99 17 81) 97 (5 72 100 1 31) (32 47 73 34 75 90 74 6 13 7) 86 (24 98)
54: 32 49 66 (75 83 43) 96 72 86 18 97 46 31 (14 20) (57 30 100) 63 (87 94) 67 3 (76 1) 64 (47 16 99 74) 89 (38 93) 12 48 (4 40) (95 24 92) 81 (85 8 98 17) (52 42 6) (35 84) 10 (78 58)
55: (100 84) 98 31 7 35 45 36 99 (85 38) 77 (19 90 64) (58 75 1 80 87 79 32) 14 33 (92 20 86 34) (24 83 10 11) 48 (43 63) (39 47 5) 37 (70 18 42 6 67) 4 (13 78 8 17) 49
56: (12 78) (86 58 37) 38 (82 26 92) 67 73 17 (24 72) (5 14) 1 (6 33 98) 76 (11 63) (68 52 60 75 10) (89 94 20 79 31) 39 (97 83 35 48 66 51) (100 46) (32 8 93 56 64 61 99 84) (57 21 91 4)
57: (48 52 98) 59 38 24 (7 20) (92 1) 9 (45 81 84 68) (4 72) 57 17 (90 67) 89 82 (86 10 78 95) (49 28 77 6 91 12 83 75 47) 32 (87 5 31 18 44 15) (99 56) (11 46) 37 (63 30) 35 (94 93 73)
58: 17 32 (31 82) (72 43 5) 63 (20 48 75 84 90 30 6) 76 (77 56) (10 13 94) (38 35) 74 8 (99 50 87) (95 2) 37 80 (66 91) (24 4 100) 52 (14 86) 1 (97 18 47 85 34 98)
59: (19 6 42 58 9 59 68) (93 48 10 79) (72 99 67 83) 46 (94 87 70) (91 14) (78 17 64 37 57) (32 84 23) (81 35 49 24 28 60 100) (38 31 47) 1 (75 97 18 20 96 74) (8 90 4) (92 98) 89
60: (1 48) (85 91 83 70 56 75 98) 69 33 (20 92 40) (97 57) (58 99 100 72 47) (14 77 4 31) (68 17 84 93) (22 66) (21 80 30) (38 7) 11 (10 61 53) (60 49 82 90 32) 35 94 (63 76)
61: (1 4 50 63 82 9 22) (85 31 56 5 94) 93 35 (34 38 68) (87 53) (33 79 14 99 32 77) 44 (47 57 3) 30 (74 98) (7 6) 75 86 24 (48 46 97 91 80 89 20) (61 18 84 10) 60
62: 7 (12 98) (83 82 75 93 96) (90 92 84) (5 56) 63 (38 77 26 50 60) 11 (35 64) (99 21 32 95 6 18) 47 (57 55 58 48 4) 43 (100 1 46) 37 68 20 79 (2 24 34) (14 17 30 94 10) (44 86 97) 67
63: (77 4 84 8 64) 93 69 (24 7 73 18 94 97) 85 60 (31 75 100) (95 72) 5 (49 33 10 35 66) 63 46 (1 59 12) 78 (47 99 57) (61 11 67) (83 87) 30 48 32 (68 89 14) 17 98 (92 20 38 13)
64: (75 47) (93 95 55 18 12 94 98) (1 66) (68 84 10) (58 77 31 20 5) (72 57) (100 49 38 87) (7 53 92) 50 (22 3) (64 4 99) (19 83) (91 14 67 48) (17 79) (24 32) 35
65: 100 (97 48) (90 24 77 45) 35 29 (5 20 39 56 38 6) 72 (82 94 84 60 85) (80 86) (12 83 33) 78 4 (32 95) (64 68 67 14) 21 (93 10) (91 53 79 63 89) (26 3 43 98 66) (99 92) (52 59 75)
66: 92 (14 22 20 17) (74 82 49) 86 (75 48) (98 66) (43 30 8) (38 79) (24 60 58 84) 5 9 12 94 28 (10 100) 67 (47 97 7 35 42 46 95) 99 (26 89) (11 16 93 1 29) 78 (72 34 4 40 33) (32 76)
67: 12 (14 58 57 37) 9 (44 19 87) (83 32) 98 86 (17 10 100) (91 56) (63 67 46) (13 21) (75 95) 72 (94 24 4) 66 42 (78 93 3) (92 31) 99 (35 90) 82 33 89 (84 97 5 43) (1 79 47) (20 48)
68: 79 (18 84 39 24) (17 31 63 75) 90 (6 57 67 9 37 14 77) (60 81) (48 58 93) (97 35 66 98 3 61 76 22) (68 1) 4 (47 12 20 70 99 10) (92 94 72) 43 (89 32) (46 38) (56 52) (51 21 74 28) 86
69: 83 (90 59 47 38 98 81) 21 92 5 61 1 (48 18 77) (60 31) (51 84) (29 56 58 35) (75 97 94) 14 (6 66) (20 99) 67 10 89 17 (46 19 50) (22 80) (30 74 7) (4 26 43) (57 91 100) (32 9) 11
70: (47 50) (70 11 84) (9 96 44 100) (20 38 24) (98 27) 95 (87 92) 90 72 (16 37) (32 60) 46 21 (49 14 78 19 22 67) (10 42) 85 (57 18 75) (43 83 97 52) (12 99) (31 7 4) (40 93) (1 35 48) (79 91)
71: (34 78 31 100 73) 5 (77 48 95 33 63 75 82 4 28 87 1 20 90) (42 85) (59 37) (89 45 84) 30 (47 35 38 99 96 10 24 14) (32 12) 61 67 51 (17 13 98 94)
72: 81 9 (33 49 56) (83 46) (24 91 60) (84 69) (4 87) 70 (31 68) (14 98 92 32 30 19) 97 (93 76 58 82 10) (99 18) 17 (47 64 12 67 78) 86 (50 77 72 63 1 11 38 95 100) 20 (75 35) 48 44
73: (61 12) (14 67 97 56 10) (81 4 90) (35 66) (46 64) (51 22) 26 (38 63 82) (32 28 20) (92 95 75) 77 (84 99 17) 5 (91 39 78 43 87 48 34 31) 93 (100 86) (98 1) (44 85 72) (6 94)
74: (94 34 99 5 9) (35 52) (47 24) (10 14 42 92 74 97) 18 (20 61) (75 83 59 84 90) (71 49) (79 6 32 77 13 98) (46 95 1) (68 50) (93 16 4) (48 31 87) (11 38) 44 (19 89 80 28) (81 60) (78 17 12 67)
75: 86 98 9 4 72 (18 3 19) (75 35) (10 95 1 84 21) (43 97 46) (29 52 82) (32 49 31) 74 (24 12 93 48 50) 38 (92 63 17 15 100) 11 89 60 (99 37) (20 61 14) (34 78 94) 85
76: 99 (20 17) (83 47 58) (19 35) (10 82 98) (52 75 7) 79 (51 63 1 38 6 96) (18 92 94 77) (32 50) (80 68 90 86 97 11) (4 24 33 89) (93 46) 49 (26 12 40) (44 95 14 5 30 78 3 84 48) 22
77: 24 7 (75 32) (64 93) (52 67 1 48) (66 84) 94 (47 100 21 77 78 82 38 43 72) 19 (14 91) 4 20 69 (37 74) 10 (60 83 3 68 87 98 89 33) (13 17 92) 79 (12 99 42) 63 35
78: (49 98) (86 18 93 31 63) (100 60) (84 58) (53 67 65) (82 4) 11 (91 48 99) (61 57 87 19 17 14 69 24) 20 (77 85 9 64 92) (90 38 1 97 66 51 34) (47 37 42) 83 (22 5 52 89) (70 46) 32 7 (75 81) 39 (76 35) (94 10 12)
79: (75 32) 96 24 (99 11 17 22 37) (57 19) (26 14) (52 100) (92 93 38 10 67) (69 63 76 77 20) (49 78) 4 1 51 (35 85) (71 21 86) 91 (81 42) 98 (97 48 89) 82 74 6 (94 68 31 95)
80: 18 (32 92 76) 75 4 95 14 (100 61) 5 (1 16 57 11) 6 (7 47 20 34) (44 87 9 90 72 74 59 97 93 35 45) 30 98 (39 8) 68 (10 38) 85 (48 58 21 89 13) (51 78 96 83) (84 94 60) (99 69) 43 63 17
81: 80 92 89 (1 30) 74 (20 9 91) (22 95 57 48) 32 14 (15 84 49) (35 17 11 77) (55 38 24 99 4 53) (51 63) 29 (97 46 82 72 94) 67 (18 28 85 10 50) (93 31 98) (5 58 47) 90 (75 83 70)
82: (98 85) (64 10 17 14) (74 90 22) 28 21 (49 63 5) (100 7 84) (93 86 31 72 92 18) (48 75 69) (91 30) 20 35 58 (42 46 24) (99 67) (52 4 15) (12 1 89 13) 95
83: (35 46) (52 31) (14 74 47 83 42 1 38) 24 48 (98 51) 90 66 (82 40) 67 (99 6) (95 4 9 10 60 91 77 58 43) (32 27 78) (93 100 94) (63 17 22 92) (75 49 86) 84 (89 5 7) 20
84: (18 61 20) (67 48 92 86 70 95 82) (31 51) (58 57 77 17) (4 100) 47 (14 79 35) (10 83) 94 (38 68 12) (46 8 99) (42 89) (21 85 6) 75 (98 97) (1 84)
85: 12 (79 6) (50 70) (62 48 98 95 86 92 90 46) (14 93 78 10 51 11) (21 20 99 17 47 30) 100 (97 26 5) 7 4 (83 63) 32 (76 77 24) 49 1 (57 67) (82 74 84) (60 18) (94 96 81 35 29)
86: 26 90 (40 33) (72 97 13 83) 92 (46 20) 24 (67 48 59) (6 22) 98 (7 17 69) 61 (86 56) (1 94 96) (35 47 30) 38 (31 99) 95 (5 77) 63 18 (32 8 80 14 89) (100 85) 84 75 (4 57 93) (10 42)
87: (3 40 55) (61 1 24) (82 99) 44 (75 42 100) (70 20) (29 48 49) (12 6 47 89) 63 (71 98) (41 8 86) 74 97 38 (4 17) 32 (14 92 83 96 5 53) (18 35 72) (68 21 91 15 81) (10 84)
88: 94 (37 35 75 31) 24 95 98 48 (87 43) 33 46 (6 90 32 72 63 1 92) (4 79) 93 47 (17 89) (78 74) (9 38) (68 18 5 50 91) (14 83 57) (84 99 8 10) 67 20 85
89: (92 42 97) 4 32 (98 48 17 12 79 90 94 38 10) (78 7) (63 83 77 1 24) (49 26 47) (30 61 5 28 37) 74 (72 75) (87 95 89) 31 58 46 (14 91) (20 60 67 22) (84 99) (64 70 66)
90: (5 20 30 75 49 18 7 85 98 90 43 24 99 83) (97 10 32) (46 94 60) 58 (93 89 57) 91 (78 42 51) (68 4) (1 50 14) 47 (82 17) 35 48 (6 52 92) (12 54 56 95 19) (72 67 84 77 100)
91: (30 98 99 45 61) 4 7 (72 83) (24 42 17) (84 93) (85 34 74) (9 81) (90 67 82) (47 59) 78 57 92 (63 94 48 32 100 79 10 75) (89 21 69 20) 35 (91 26 95 1) (77 5 49 38)
92: (8 32 3 49 7 67 47) 64 97 (75 11) (9 78) (93 35 28 46 34 89 1 24 4) (29 96) 20 (92 77) 30 74 (90 42 85) (38 99) (10 48 57 12 60 52 86 18 37 6) 80 59 98 (66 2 14) 63 (68 17) 72 31 94
93: (32 95 4 35 92) (22 94 10 48) (31 5 6 97 84) (64 11 24 78 86 16) (21 1 61) 100 (96 29 89 17) (99 75 63 60 98) (26 28) 68 12 (37 38) 14 51 58 (76 81) 47 (93 20 34) (7 77)
94: 37 (84 97 42 94 98) (43 14) (10 5 35) (25 92) 19 85 (12 21) 7 38 (17 89 32) (24 11) 90 (95 6) (86 52 48 18 46 4 100) 72 (66 87 9) (54 99) (30 91) (78 67) (83 20) 73 (75 47) (45 63)
95: 24 (32 20 67) (17 5 3 100) (29 58 12 97 30) (21 99 82 35) (90 33 47 63 75) (4 1 66 89 74 42) 94 84 95 (39 55 72 10 62 77) 48 (14 38 37) 44 (83 92) 98 49
96: 37 32 (86 81 5) (52 42) (40 17) (100 97) (90 18) 57 (26 89) (64 38) 1 (84 11 92) (19 75 12) (31 80) (78 91 56 6 24 87) (79 95 44 58 94 10) (22 77 14 93 48 43) (68 67) (98 33 29) (88 30 99 20) (51 4) 47 (74 72) 35
97: (86 84 98 5 72 30 36) 75 (8 24 10 77 20) 63 (100 69) 78 (87 1) (35 82 64 4 19 42 97 14) 89 92 (93 47 99 90) (52 95 17 9 38 12) (79 31) (94 51) 76 32
98: 28 (87 64 63 13) (82 5) 68 51 (100 43) (98 97) (89 96) 84 (72 95 7 94) (91 3) 53 (99 24) (14 38 66 35 48 92 20 39) (58 59 74 37 32 75 56 86 4) 10 (47 15 78) (79 90 29 1 34 12 57 49 18 17)
99: (37 12) 24 (32 10) (33 43 67 61 91 2 78 48 99 74 63) 59 71 17 (89 97 50 6) (90 9 72 21 83) (51 20 82 55 5) (84 44) 98 30 (92 29 76) (14 57) (7 16 4 79 35) (56 31 38 75 60 96 86) (100 47)
100: 17 (38 15 43) (18 84) 79 89 (77 94 86 9 58 34) (7 72) 100 98 (35 10) 75 65 (1 30) (29 64 21 92 82) (91 20 24 95 63) (56 68) (6 5 44 31 47 74) 48 (97 99 93) 14 4 50 87 (83 69 32)
