100 100
1: 54 (84 7 52 16) 77 (85 92 6 74 50) 48 (20 90 83) 9 15 (95 19 60 49) (73 100) (59 80 75 88 30 70 11 69) (17 23) (39 12 62) 44 (29 65) (82 58) 26 (22 41) (32 57) 81 (66 24 8 18 51) 72 (98 31) (33 10 37 34 13 40 78 4 93) 3 (89 87) 56 14 64 42 (21 67 68 71) (91 97 86 28 35) (76 47) (96 53 36) 38 (46 79 5 61 45) (63 99) 43 94
2: 98 (95 41 91 67) (42 77 3) (35 93) 96 (56 53 15) (80 88 29 19 71 47 51) (16 58 70 82 8 57) (34 68 46 25 54 99 69 85) (11 81 22) 90 (60 37 78) 74 (66 1) 100 (72 59 17) 86 (61 5 23) (30 79) 73 (40 27) (97 18 7 64) (76 10) 94 (20 24 44) (6 38) (39 63) (28 33 4 65 43 75 2) (55 62 89 32)
3: (59 35) (86 90 70) 93 56 69 (68 63 83 77 15) (43 58) 36 16 18 (52 11 71 22) (84 64 66 46 32 30 67) 98 20 95 (91 45) (13 37 62) 65 (82 44 89 42) 1 (76 27) 96 8 (4 21 74 41) (53 7 54 17 14) 97 (81 6 73)
4: (5 28 92 82 99 55 91 65) 79 6 (4 33 26 87) (15 46)
5: (80 39) 77 99 (95 55 96) 29 (66 52) (13 48) (74 67 90) (1 87 15) 25 22 41 54 26 (97 98) (56 33 19 45 84) (17 82 35) 47 57 (8 89) 43 9 (85 100) (79 88 18 58 61) (6 37 70) 4 (44 78) 2 (73 65 94) 34 30 (53 24 46) (91 50 64 5) 51 69 (12 92) (27 83 31 21 14 38 11 60 63 36 23 42 72 3 62 68) (16 93 7) 40 59
6: (86 98 4 50 3 91) (70 78) (2 25) (83 7 99 85 40 65 57) (93 21) (59 73) (6 27 63 22 72) (95 62) (74 96) (20 94 92) (17 41) 32 (1 61 100) (12 43 19) 68 (69 44 81) 33 84 (90 36 9 52)
7: (76 54 26) (91 24 4 92 61 6 2 3) (44 69) (33 71) 10 (48 40 39) 51 (46 9 74 77 20) (98 66) (99 52 78 42 97) 70 (7 43) 55 87
8: (93 76) 44 (55 66) (65 42 86 14 69 96 77 61 15 7 94 13 71) (98 36 84 40)
9: (49 67) 83 (26 63 60 20 78 97 23) (99 98) 76 (74 59) 14 (72 30 80 68 71 52) 82 (33 86) (66 81) (55 48 54 25 10 79) 93 (96 94) 50 (3 4 70 44) 35 36 (15 100 40) 87 (8 90) (57 53 46) (16 34 19 56) (64 47 37) (17 58) (6 45 9) (2 11 13 21) (38 43 29) (39 31 22) (24 42 65 73 89) (27 62 1 84)
10: 92 (96 42) 14 (46 34) 71 (72 73) 2 (83 57) (28 82) 54 (24 15 7) 3 81 (67 78 77 13) 91 69 (32 56)
11: 78 8 (96 35) 62 (89 45 85 93 40) (94 58 31 4) (72 98) (74 52) (54 15) (41 77 83 14 44 22 30) 5 (88 91 9) (75 1 64 49 59 29) 10 (68 57 18 3 19 76 37 16) (50 38 26 84) 82 51 (42 21 24) (27 12 43 61) (23 47 66 48 65) 70 20 28 (90 53 99 87 79 2 60) 55 (81 71) 73
12: 51 (97 61 34) 11 (33 46) (10 69 1 42) 35 (62 86 13 74 9 50 39 55 57 64) 79 (32 28 26 94 37 52 43) (84 25 92 72 53 77) 24 18 91 (63 7) (70 22 56) (76 85 67 4 2 83 80 78 81 90 75) (54 59) (30 40) (27 20 48) (19 14) 49 (29 15 36) 44 82 (71 96 93 31) 98 38 (100 45) 58 (60 89) (16 73 68 47 6 65 21) 12 87
13: 9 61 (77 64) 2 (48 58 6 81 32) 23 43 (89 83 3 31 1) (20 37) 25 (88 44) 74 (92 56) (41 76 54) 35 (51 39 11 8 17 85)
14: 46 (27 40 98)
15: (36 35) (93 83)
16: (95 92) (48 21) (94 60) 32 (51 72 78) 52 (79 62 2 24 15) (86 84) 25 (23 75) 41 53 (4 64 56) (18 87) (49 63) 22 (10 40 61 1) (93 7 6 91 16 3 82 20 8) (27 19) (57 90 73) 13 (36 97) 65 (55 47 33) 26 38 83 (5 46 80) (58 67 71 45 14) 54 17 (28 34 12) (70 35) (88 89 76) 11 (69 44 39) (77 43 81) (31 85)
17: (93 45 59 41 33 60 44) (55 79 52) (90 9) (57 54 73 75 95 19) (24 56) 83 27 (25 16 28 70)
18: 67 39 70 19 (77 3 21) 80 52 (25 14 92)
19: (43 31 39) 98 (51 8) (41 57) (12 61) 72 33 (86 21) 97 66 (78 7 100) (30 73 6 87 38 65 99) (16 10 68 95) 74 (29 49 5) (27 19) (3 56)
20: 7 40 (11 87 88 100 74) 62 (61 63 15 78) (14 79) (8 16) (45 20) 53 (77 99) 86 70 (46 71 55) 33 (24 23) (97 94 57 17) (91 34 52 58 54)
21: (22 17) (50 48 14) (90 44) (16 66 5 74 60) (58 3) (42 76) (20 25 45) 15 (33 29 34) (28 13) (72 32 31 65 18 23 84 57 83 80 55) 43 (8 4) (11 53 36 62 64 1 51) (69 12 10) 95 (79 24 30 97 92 2 73) (87 67) (27 82 9 78) (99 40 46 96 49 26)
22: 66 (11 68 63 26 6) (89 72 1) 27 (25 20 99) 64 45
23: (40 91 30 22) (71 35) (78 13) (11 37) (49 99) (82 95 51 60 42 73 47) 85 (24 52 29 97 43 21 34 17 72 16) (41 57) (62 31) (67 88 20) (46 76 63 32) (15 5 75) 18 (80 36 65 84 68 74) (2 14 27) 94 (86 28) 92 (66 89 55 9 25 70)
24: (72 78) (40 53 9 99 27) 49 (22 71 90) (67 29 16 68 38 46 54 86 75) (37 28 100) (82 95) (3 84 18) (48 60 85) 98 66 (65 74) 8 (20 50 96 21 1 61 55) 7 (33 70 47 83 15 58) 94 (14 25 26 34) (36 87) 45 (30 43) 79 (88 59 80) 97 77 (17 64) (91 42) 13 (11 31) (57 89) (44 56) (76 41 4 23)
25: (78 63) (59 32) (39 19) (54 62) (57 96) (97 45 38 53 18) (70 35) 88 (69 74 81) (51 72 41 24) 83 (58 13) 21 44 16 (100 80 11) (2 98) 3 (36 61) (56 49) 29 (23 15 89 46) (91 42 6 50) (60 26) (87 33 79 43 47)
26: (43 29 39) 65 (42 31 90 23 16 76) (98 11 13 5) (99 41 18 50 53) (47 77 61 59 26 70) (78 79 57 37 1 46) 9 (68 73 88 24 87) 62 (49 21 100) 4 96 92 12 (95 93) 32 (81 71 27) (74 38 72) (19 35) (6 66 3) (22 56 86 14 28 82 58 20 48 2 40 34 91) 36 (69 17 83) (44 64 94) (51 25) (89 8 63 45)
27: 41 64 (79 93) (26 37) (70 29) 61 31 (69 8) (39 56) (13 74 89) 12 (38 59 80) (91 88 44 5 42) (90 87) (63 33 78) (83 67 68 54 18 24) (47 77 65 23 45 28) (100 86 25 82) (7 81) (4 30 50 72 94 52 35 11 43 51) (96 32 17) (1 9 2) (76 62 60) (3 97) 85 99 98 (48 92 34) 71 15 95
28: (32 61 5 1) (73 76)
29: 76 (90 21) 12 (28 94) 60 100 (5 91 72 2) (88 77 99) 1 (56 43 25 48 97 92 22) (83 89 98) (70 4 44 81)
30: (24 66 41) (52 9) (86 85 69) (36 65 75 4 16 13) (22 63)
31: (49 81 92 30) (91 94 44 98 33) 20 5 (93 55) 17 (42 77) (19 89 48 24) (15 69 67) (57 36) 58 (78 37 72 16) (32 76 62 12 61) (13 99 8 82 11) 87 96 (35 9 90) (4 1 34 95 88 70) (65 59 21 71 51 63) (38 47 100) (10 28 7) 85 (26 73 43 80) 29 (79 40) (64 46 3 22)
32: (24 39 78 40) 66 (94 28 25)
33: (36 22 93) 57 52 (26 50) 92 (11 33) 12 66 32 86 45 (15 74) 72 (90 56 16 41 9 6 38 73) 30 (67 63 44 21 3) 2 47 70 61 (94 80) 10 (91 76 23) 28 20 89 (13 82 60 51 83 14) 84 (1 85 71 35) 59
34: (96 5 77) (56 47) (42 27 18 22 21 1 36 61) 23 (7 45 52 95) (74 28 20 58 90 9 44 76) (11 82) (33 26 40 38) 48 (84 31 37) 54 (72 70 63 25) 71 (12 17) (49 80 83) (3 32) (34 75) (19 39 8 30) 60 (100 86 78 35 15 68 67) (16 57 85 46) (10 2 43) (13 89 81) 6 (4 99 93 92) (69 91 14) 41 (55 88) 65 (73 94 79 62 59 87 51 50 64 66 24) (53 29 97 98)
35: 13
36: 49 (64 69 24 82) 96 (46 57) 90 79 55 8 (27 45 5 85 100 41) (3 74) (33 58) 78 (17 12) (42 31 89) (47 29) 40 (65 28 97) (11 38) 56 (19 68 77 18 7 51) (25 48 81) 6 52 (70 16) 9 (2 39) 53 37 73 92 (76 13) (80 75 66 91 63 50 99) 95 (44 14 67 86) (23 4 10) (34 84 71) 54 21 88 (43 61 83 36) (26 15 72) (62 1 20) (87 60 98) (30 32) (59 94 93 35 22)
37: 58
38: 92 (18 86) 10 (38 6 64 51 29 81) (50 47) 73 (5 98 24 63)
39: (96 48 47) (73 59 64) 10 92
40: (61 85) (34 9) 88 (69 32) 28 26 (1 96) (43 35 11 44 72 36 23 10 12) (5 68) (19 46 90 40 66 20 86) (2 74) 91 95 41 (53 55 97) 93 (70 67 38) (18 4) (62 45) 39 (83 57 81) (73 7 50 78) (87 75) (80 92) 99 (13 37) 31 (25 54 100) (76 79) 65 (30 89 82 21 94) (56 64 15) 59 63 52 (42 77) (84 8 17 27 49 16)
41: (49 85 34 77 8)
42: 85 (9 6 81 34 39 31 43) (55 91 44 53 79) (71 74) 33 (57 38 10 62 65 63 67 84) (42 22 61 15) (83 66) 95 94 (47 46) 75 (23 50 36 52) 87 89 (73 77 64 97) (25 19)
43: (87 35 99 6) (75 14 48 43) 84 (39 95 44 29 97) 30 (66 13 51 53 52 100 62 21) (40 67 89 85) (28 26 58 34 45 12 4 33 80 55) (78 56) 8 (20 69) (38 19 65 17 49 11 1 15 79 96 64 41 3) (36 70 61 93) 42 (86 24) (63 60 32 47 2) 16 68 (72 9) 5 23 (57 50 74) (71 94) 7 (98 10 59)
44: 95 (37 51 68) (61 77) 75 (35 39 11) (49 66) (65 89 84) (78 24 83 16) 9 34 (6 59 71) (81 47 82) 70 (36 98) (60 76)
45: (97 73 5 23 53 98 58) (41 46) 62 40 19 (22 43 81) (31 69) (54 67 27) (21 89 18) (56 64) (29 25) (15 47) (26 49) 34 82 (8 85) (59 66 86) (1 50) 74 (60 96) 36 (99 16) (20 70) (71 100) (12 95 32 92) 44 (63 30 90 52 55) (78 57 91 28 33 3 75 61 17) (7 84 39 48) (51 14) 76 (6 77 45) (79 35 9) 13 (87 2)
46: 92 (91 16 61 87 59) (94 72 36) (7 37 28) (15 70 96 60) 18 10 (95 45) (74 93 3 80 67) 12 63 (33 52) 8 (69 26 97 81 98) (43 57 56) 5 62 51 (79 41 35) (9 39 68 31 50) (46 14 100 76 11) 2 42 22 (13 17 82 58) 23
47: 74 58 34 (90 80 15 88) (63 31) (54 96 68 93) 48 (82 43 27) 1 (97 59 56 32 84 13 46 51) 5 (95 78) 17 (24 29) (71 20 89 64) (9 10 70) 47 (79 57 77) (83 50) (75 33 49) 91 (14 16) (42 21 100) 44 (76 38 6 99 60 35 53 52 67) 40 66 55 (94 98) 12 (36 45) 7 (87 19 8 11) 37 (86 39 23 85) (18 4 73) (72 61 2) (62 26) (69 65 41 92) 28
48: 99 (41 98) 71 (61 2 11 34 29 48) (44 79 19) 62 (76 49 32 94 37) 86 (58 24 23 38) (27 43) 68 (57 52 5 83) 56 (88 14) (69 65) (12 81 45) (7 72 75 66) 92 (95 54) 63 (40 87) 4 (50 9 55 18 17 21)
49: (87 53 92) (40 7) 29 25 (43 27 63) (45 55 5 42 1) (38 98) 59 6 70 (61 75) 20 (12 31 14 65 57 17 11 37 74 90 33 93 8) (36 88) 97 (50 48 58) 86 (54 13 24) 4 46 (82 30 83 95) (10 34) (62 32) 64 (67 41 69 15 16) 72 (23 3) (28 22) 2 (100 60 35)
50: (12 52 30) (7 29 64 5 9 16) (53 15) (61 47 46 38) (19 87 37) 69 (100 11 32 8) (99 54) 44 (73 13 98) (72 93 95 76) (17 55)
51: (86 80 29) 83 (88 48 78 51 90 65 61 93 16 58) 79 (50 97 64 70) 62 (66 8 14 74) 68 (27 82 60) (4 53 28) (34 23 45) (7 47) (95 25 41 100) 38 (54 84 85 92 9) 20 10 49 13 30 11 (59 57 22 26) (96 36 2 91 56) (55 37 32 1 5 98) (52 24 3 44) (89 77 69 15)
52: (1 8 73 42 35 48 64) 51 49 (32 89) 41 15 (36 47) (67 52) (10 22 56 66 16 88) (27 75) 11 (44 33) 80 (31 83) 19 25 91 (76 18) 99 (71 74 96) (70 53) (6 85 28 57) (38 94) (97 14) (24 61 21) (82 98 9 26 81 46 65) (78 34 63 92) (60 79 4) 39
53: 67 79 29 (63 78) (52 48 87 21 96 97) (26 74 89) (80 47 43 90 61 5 71 92 37 72) 16 (57 20 76) (24 4) 25 (64 42) 6 (11 12) (28 99) 82 (30 98) (94 66 46 7 36) 23 (55 17 3 70) 39 (1 54 91 50 73) 45 (40 35 18) 77 (10 60 59) 93 (33 8) 83 41 85 (62 15) (9 51 44 34 58 13) 22 (75 65) (27 19) 32 69 68 31 (53 86) 95 81
54: 49
55: (40 42) (9 29 98 38 8 48 76) (66 71 39 19 2 26) (60 21) 32 (33 41 100 37 94) 20 (34 50 4) 45 (6 64 49 52 92) (24 99 65 55) 11 62 (53 22 54) 61 (47 17) (68 44) (46 73) (89 15 77) (51 95 78 67) (1 57) 91 (96 14 27 35 75) 16 (43 3 13) 86 23 (82 85) (90 74 63 80 5 84 93 12 7) (36 58 18)
56: 50 6 (78 70 85 3 94) 60 (45 34 49 90 98) (28 76) (83 47 58 20) (86 72) (79 93 25 17 57) 46 (52 82 8) 16 (21 2 88 41 40 27 81) (44 37 63 22 64 53 62 1) (61 74 65 42) 55 (10 96 92 32 59) (68 51) (71 19 5 29 13 12 14) (35 4 77 56 18 30 97) (26 36 69) 48 75 (91 67 99 95 73 11) (15 31 23 38) (39 24 84 89) (100 33)
57: (80 9 15) 71 (25 66) (8 65 36) 53 78 (96 18) 38 46 97 (91 27 93) 59 33 47 (68 84 24) (35 31) (50 16 4) 29 92 (49 73 90) (89 14) (11 72) (41 57 52 79 70 64 34 6 26 22) (43 44)
58: (31 72 75 20) 12 (54 49 23 33 30) (42 76 60 45 18) (57 58) (74 91) 89
59: (100 4 78 76) (9 95 14 64 53) 60 (94 33 79 36) 66 (54 22) (10 39 16 19) 38 (75 62 50 40 90) (55 28) (89 42) 35 (74 68) 5 (47 15 7) (34 31 12 11) (87 48)
60: (1 35 19) 63 84 (95 38 82 26 41) (51 13 99) 45 (92 2) (33 68 61) 30 (52 18) (17 98 58) (48 10) (43 66) (57 25 46) (97 96) (86 40 3 23 47) 12 (53 32) (73 60) 21 69 (79 6) (64 62) 20 56 34 (27 11 90) 88 (76 81 65) (94 80 4) (7 37 93) (5 14 55) (15 85 49 8) 89 39 (50 70 83) 22 77
61: 63 83 (91 29) (33 15 50 54) (24 80) 82 (22 99 27 14) 61 (16 89) 23 (47 48) (66 25 39) (98 60 31 11) 65 (64 36 9)
62: (79 40 92 27) 45 (91 61) (83 8) 90 (48 42 7 65) 97 (55 76) 43 6 10 77 87 (68 74) (1 15) (51 44) 84 (71 67) (70 73 54) (34 93 26) 80 98 78 30 (35 82) 95 (38 53 12 32 50 9) (22 11 17) (62 2 20) 24 4 41 (69 19 86 29) (96 33 66) 63 (52 89 3 31) (88 60) (47 5) (25 81 23) 59 (14 36 99) 37 (16 13 85) (49 56 57) (18 64) 46 75
63: (92 73 21 38 26 56 55 81 15) 87 41 88 (93 5) (98 11 33 59 2) (34 50 17 47) (71 54 65) (58 19 32 46 57 16) (35 39 43) (36 83 75 79) (45 96 61) (84 63 77 28 22 20) 82 (89 91) (18 49) 1 48 (27 10 30 23 67) 31 (78 100 99 86) (9 53 95 7)
64: 15 69 (99 83 25 81) (9 20 40) (2 33 91 10) 47 12 (14 63 5) 30 57 13 (56 45) (96 61 73) (37 8 32 4 66 46 50 67 27 44) (70 65 26 68 29) 53 (59 74 49) (97 51) (3 79) (54 55 95) (23 85 11 42) (19 48) (76 24 17 1 36) 77 (98 88 62 93 22 34 60) (39 64) 90 (71 52 94 75) 28 (18 38 6) 86
65: (71 74) (69 20 65 29) (91 39 64) (11 19) (42 77 10) 5 (36 53 47 100 94) 72 45 (70 82 54 56) 58 (28 92) (68 9 80) 67 24 (21 14 88 86 34 52) 51 (93 18 1)
66: 72 (65 95) (62 97 98 32) (70 63) (16 59) (12 84 76) 38 53 (83 49) (40 75) 18 79 (51 94 30 96) (68 100 67 11) 39 (58 28) 17 (54 7 91 15) 21 (24 22) (89 56) (35 13 3) (5 10 9) 99 (46 71) (23 44)
67: 37 (32 41 39 92) 68 (86 95 98 29 65) 100 79 10 (26 78 7 97 3) 50 (51 12 47 67) 49 23 19 16 (85 15 90) 54 (33 87 35 53) (72 6) 20 89 34 (27 38 66 52 55) 70
68: (10 1 97 15 33) 58 (20 48 22) (14 46 76) 57 100 55 69 (87 2 26 27 5 63) (89 38) (50 9 34) (77 70) (29 21 44) (56 60) (83 95 52) 67 81 (59 79) (6 45 92 74 42 28 17 37 8) (25 94) (12 24 41 85) (51 66 61 86) 35 (78 49 13) (53 90) 23 (47 43 16) (88 96 3) (65 4 99 68 72 18) (84 40 73)
69: (2 9) (100 36 85 78 92 75 97 99 94) 39 (71 76)
70: 33 (12 4) (87 43 50) (78 66 55) 65
71: (81 39 5 90) (21 2 11) (71 8 70 96 75) (55 26 18 43) (16 83 32 38 13) (41 85 15) 78 3 (19 74 54 9 4) (52 29) (68 94) (1 14) (31 42 56)
72: (49 59 74) 89 (43 44 25 18 10 64) (15 51) (20 9) 70 (46 22 34 41) 42 61 (82 99 12 7) 21 87 (11 79 93) (67 39 91 50 76) 53 95 (27 26 35 69) (62 1 31 54) 37
73: (92 16 84 72 11 42) (98 70) (93 94) (56 67 81) 33 (26 1 17 82 13 58 40 76) 97 (90 28 29) 48 (36 71 39) 53 (100 21 77) (85 74 99 88) (27 86 45 38) (35 19 14 73) 5 (87 83 10) (43 59) (24 32 62) (2 7 49 8 44) (68 46) 64 63 57 (23 51 66) 95 (79 18 6) (30 34 69 47 91 41 60 61) 50 (37 20 15) (25 89) (52 55) 4 (54 80 31 96 9 75)
74: 89 73 35 (97 53) (2 94) (29 17) (6 70 62 24) (14 81 56 47 57 66) (9 63 92 61 71 78 3) (18 46 4) (42 43) (5 25) 74 13 (67 27 40 30 51) (76 10 26 15 48) (77 21 16 99)
75: (14 75 72 32 5 38) 81 (48 20 27) 44 (96 40) 33 1 86 25 70 56 (93 37 68) 23 (62 41) (64 22) (9 92 80 39 71 46 95 19 17) (89 52 18) (12 65 77) (79 55)
76: (85 92 54 2 15 62 88 55 25) (70 99 52) (10 39 56 34) (69 61) (19 37 41 97 84) 58 12 48 (73 100 63) (26 66 43 30 91 79 47 29) 5 (96 28 9 22 57) 59 33 (74 93) (32 24 16) (72 45 8) (94 90 1 14 23 17 77 46) 4 (81 50 83 76 42) (49 82) 35 (3 68 11) 21 (40 98 53)
77: (30 84) 33 (44 34 78) (39 96 46) (15 53 32 97 20 58) (71 41) 87 (26 45 2) (100 75) (81 4 18 11) (76 55) (66 10) (48 7) (16 70 13 3 36) (22 91) 40 74 (61 47 64 12) (42 88) 65 86 85 (25 95) (21 29) (19 79) (68 62) (69 63 38 83 1 98 92) (60 9) 24 73 (54 90 94) 77 (82 23) (17 27) (59 49 31)
78: 19 3 84 (38 12 16) (75 79) 82 (51 5) (33 44) (83 65) (56 27 20 28) 37 (36 59)
79: (67 83) (55 27 59) (15 50 84 71 95 82 12 21 79) (5 25 89 88) (51 96 24) 16 (39 47) 94 (31 10) (26 38 65) 46 29 (32 40 28 20) 8 (57 80 1) 100 (14 66 74 58 54 76) (60 6 7 61 64 70 98 22 56) 52 91 (85 41) (62 81) 78 (33 90) (37 23) (3 17 69) (86 72) 34 (92 19 99) (87 48 13 42) (73 75) (2 36 97 77) (43 11 45 9 49 68 35 93 4) 44 (53 63) 18 30
80: (15 17 37) (94 76 10 6 88 19) 34 (25 72 42 100 65) 38 (1 46 36 26)
81: 63 (12 41 8 86) 64 52 (2 65) (77 91 16) 44 19 (37 21 20 62 71 3 82) (94 36 10 32) 50 (78 18 48 33 83 68) 66 (70 54 23 67 14 34 75 28) (58 84 69 60 96) (24 31) 97 27 (57 74) 92 (55 9 76) (59 61 13 35) (1 73 22 47 39) (80 49) (30 38) (89 17) (98 56) (7 79) (15 81 46) (6 93) 88 (72 90 40 25) (85 11 99) (100 45 5)
82: 94 5 (63 79) (32 14) (81 48 4 38) (42 28 12 85) 87 92 44 (74 27 66) (1 65 60 40) (52 33 89) 91 (10 6) 11 90 (17 22 93 47 75) (30 76 2 51 62) (20 25) (43 59 88) (54 95 9) 56 61 (7 64) (18 19 72) (68 57 45 77) 13 (39 35) (83 37) (58 99) (100 96 78) (82 69 34) (31 3) 80 16 (23 36) (26 67)
83: (84 49 81 31) (94 85 65 10) (27 58) (17 61 44) 33 14 15 (95 22 45 19 97) (66 53 79) (7 39 23) 13 80 96 (62 75 59) (56 92 4) 54 (36 87 12 67) (86 42) (63 6 1 50) (73 41 77) (34 25 37 68 90) (46 24 83) 100 (28 91) (32 43 98 9) 47 (8 93) 35 (38 11 70 78 29) (20 30) (88 51 89) 74 16
84: 47 99 30 (86 80 94 59) 29 (66 81 23) (45 89) (36 67 8 82) (61 57) (87 28) (88 2) (46 55) 60 (12 5) 70 74 44 (84 35) 53 (11 39) (71 42 95 33) (64 91 34 100) 83 79 (16 51 32 24)
85: 26 (6 38 63 22) 86 40 68 12 (48 77 33) (24 41 5 13) (89 76 84) 10 (28 100) (69 51 36 57 52 92) 59 2 58 66 35 (30 19 17 42 1 85 29 97) 3 (54 43 78) 93 32 65 (20 91) 34 87 (80 47 23 64) 39 (21 45)
86: (96 9 13) 77 43 (21 85 76) 73 (82 97 29) 65 24 (89 44 95 93) (5 36 52) 4 (17 33) (19 66 6) (50 10 2 63 30) (27 87 15) 38 (88 59 55) 64 (54 81) 79 (18 57 80 31 20) 67 (98 34) (71 22) 69 25 (14 68 49 75 16 40) 32 7 (84 74 1 35 8 90)
87: (36 69) 23 (43 81 89) 53 (20 51) 7 28 (25 95 54) 72 14 66 (48 4) (10 49 70 63) 62 50 (1 75 8) 97 58 (26 96 91 37 77) (87 40 29 22 100) 12 78 (16 65) (17 94 79) (38 11 13 42 34 80) (99 88 18) (30 41 35) (86 57) 90 52 (92 98 33 27 3) (67 64 55) (21 73) 31 (74 46 6) 39 (2 71 76 5) 84 61 (45 47 9) (15 44)
88: 62 (65 19 30 63) (24 49 61 67 7 32)
89: (87 66) (91 4 46 17 35 49) (94 13) (28 19) 85 (29 58 63) 37 (41 9 54 52) 53 (95 96 27) (12 99 30) (3 48 55 51) 83 (10 1) (50 77) (39 47 36 40) (86 64 15 24 23) (38 69) 92 (78 68 88 25 82) 18 (45 21) (89 62) (79 84 8) (65 16 34 97 2 73 59 7 75) 14 43 74 (60 72 11 81) 32 (26 33 93)
90: (38 59 44) 4 18 33 21 (95 26 25 83 79) (31 99 97 63 66 28) (10 9 56 48) (11 13) 80 (34 1) 57 (74 84) (24 69 77 91 64 30 65) 100 22 (3 54) 70 (85 46 5) (39 42 20 7) 67 86 88
91: 39 (59 69 15 96) (46 53 91) (64 72) (82 13 50 94 27) 61 52 (8 62) (22 41) (56 55)
92: 87 17 (40 57 61) 78 (76 37) 48 1 12 67
93: (22 48 27 57) (90 76 30 5 54 95 3) 46 (35 72 81) 41 25 (47 88 7) (42 53 45 66 20 85 64 56 82 40) 1 (91 10 67 16) 58 (93 32) (77 63) (84 9) (78 89) (80 18 36) 73 (8 12) 34 (55 59) 60 68 92 43 13 61 94 (52 14 70) 6 2 (83 21) (11 4 49) (38 28 19 65) 24 31 (79 33 37 99 69 39 74)
94: (95 1 60 37) (88 55 38 100 21 78) 7 13 (94 91 96 39 64) 75 (69 84) 46 (25 57 23 9 33) 65 (87 82) (81 48) (58 2) (83 93 29 32 14) 24 20 (3 40 6 62) 17 86 72 (5 79 68 36) 73 (71 90 8) (50 45) (77 51 80 49) (44 70 67 22 30)
95: (7 65 35 39) (66 37 16 57 56 14 81 17 54 6 52) 4 90 24 (79 8) 78 (89 63 1) 77 (69 71 20 80 50)
96: 65 (64 91 50) 41 75 87 (25 27) 59 (1 33 36 55) (48 21 73) (99 94) 77 84 (86 32 82) (71 66) 30 18 19 (98 15) (12 97 69)
97: (94 97) (54 76) (35 72) (84 24 2 95 36) (33 30) (37 43) (57 25) (88 75 55)
98: 97 64 (90 6) (40 41 54) (35 87) (11 74) (80 57) 34 (82 71) (69 55) (8 32 3 9 66) 81 (89 68) (44 39 84 91) (78 73 24 60 23) 76 37
99: 83 (54 1 69) (94 100 75 81) 17 51 96 (40 46) 82 84 (23 2 25) (26 95 39) (73 76 62 29)
100: (97 3 52 48 86) (100 14) 88 34 21 19 54 (72 2 39) (24 90 69 27 73)
1: 22 (60 94) 47 96 (11 2) (73 13 99 28 83 43) 90 93 62 21 95 (72 24) (85 76 64 5) 65 (56 77 63 12) 27 (53 87) 16 (45 26 86) (51 49) 40 (81 52 29 92) (89 55 6 75 3 33 79 68 80 9 82 34 31) 36 71
2: 60 (33 79 87) (7 99) (40 47) (84 94 16) 76 (74 93) 55 62 56 (69 51) (64 5) (48 81 21) 12 25 6 (34 89) (49 97 68 2) 71 85 (63 43) 13 (29 100) (77 73 23 27) (46 10 45 82 86) (9 36) (11 26)
3: (24 78 9 11) (77 26 21) (7 66 71) 5 36 (33 67) (55 100) (53 49 87 25 19 93) 76 31 85 1 (82 90 56 6 60 34) (45 43 27 13 18 94) (89 68) (10 74 98 81 51 62 79 46 16) (2 64)
4: 87 90 (6 40 74) (60 29 43 49 36) (31 7) 52 82 26 21 (89 62 16) (48 79 47) 77 (55 68 12 56) 30 (64 95) (57 24 51 27 9) (73 1 93) 70 2 86 (34 71 53) (4 76 5) 59 3 (11 83)
5: (74 21 38 43) 49 (82 28 50 31) (62 79 66 56 11 76 75) (73 85 53) 16 (23 36 46 19 65) (81 45 1) 71 (93 40) (59 94 48 27 51) (34 5) 90 47 (84 55 26 60) (2 68 86 87) (78 29 64 63 4)
6: (36 98 5) 74 (43 93 7 44 86 22 68 16 94 57) (80 52 12) 55 (85 81 95) 64 (45 60 87 62) (6 3) (9 34) 1 (38 33 26 42 56) (4 79 83) 25 (53 13 2) (73 49) 47 (82 67 19)
7: (79 40 63) 8 5 (6 36) (20 51 95) 3 (83 2 67 47) 27 7 50 (72 53 82 49) 12 19 (62 88 46 73 87) 31 (86 55) 16 (1 34) 89 (59 77 48 93 10 24) (45 94) (43 66) (81 90 60)
8: (91 43) (93 19 62 56 11 9 26 20 34 81 50) 95 (2 87 21 41 71) (49 83 84 94 76 64) 60 (55 27 45 98 16 40 1) (31 5) (89 36) (79 52 73 68) (24 47) 51 57 (86 53 46) 13 3
9: (65 7) (90 77 62) (55 66) (86 94) (45 12) (64 23 42) (6 21) (48 71) 44 (13 53 63) (43 69 76) 5 (82 31) 75 72 (33 11) 40 34 74 (81 24 93 9 61) (89 79 98 51 36 57) (46 27) (87 17 83 73) (26 68 50) (1 59) (30 52) 47
10: (40 7 31 36 73 67) (83 47) (16 9 33 93) 68 (77 12) (85 79) (53 49 82 56) (89 63 86 21 39 62) 72 60 (59 46 42 38 65) (11 43 76 1 81 87) (51 74 52 64 66 34) 80 (19 2 90)
11: (36 13) (76 89) (71 55 43 47) 25 44 (61 98 65 27 33 3) 62 (46 20) 49 40 (23 16 60) 64 83 (84 5 52) (12 1 73 79) (9 72 77 48) (50 2 21) 56 90 34 26 57 (53 87 93 81 59 51) (24 22 63 66 31) 82
12: (77 31 21) (12 26 70) 6 (56 48) (46 81 87) (47 50 40 79 60 68 33 59) 45 (49 27 19) (55 93) (83 85 62 89 34 36) (1 5 76 92 67 43 72 75 11 82 96 78 53) 84 64 (29 58) (16 66)
13: (74 8) (93 71) (66 62) 35 (55 30 21 34) (23 36 68) 91 (40 86 45 56 16 49 81 26 33) 64 87 (3 31 82 60) (79 1 53 77 47 51) (73 50 46 90 5 27 89 83) (43 25 10 9 85 94 12 24)
14: 46 (64 47) 43 33 (60 45) (11 79 94) (20 83) (62 26 49 48) 9 (95 93 71 87 75) 23 (21 5) (76 3 8 34 36) 65 (10 12 24 18 51) (16 59 57 55) 82 (100 73 1) 56 (52 61 81 86 68 74) 89
15: (87 56) 5 (52 68) (47 11 1 73 83 42) 31 (10 8) (66 4) (45 67) (46 25 16 72 43 12 49) (77 86 36 20) (55 33) (51 9) 79 59 (80 96) (57 34 21 89 71 74) 81 23 27 (63 50 40 3) (62 24 60 53 61) (76 2 91 64)
16: 52 31 (62 76) (81 55) (77 11 45 34 30 16 83 17) (44 95) (56 3 33 2 84) (71 74 46 20 47) (12 24) (79 53 66 59 68) (1 50) (21 25 87 73) (57 63 5 51 49 19 40 9) (89 43) 82 26 (78 36) 86 (93 67) 23 61
17: 45 13 (66 76 48 1) 53 (23 75) (21 87) 20 (99 56 2) 36 (40 3) 68 85 (49 27 6 31) (62 5 74 47 9 89 83) 82 64 (50 46 43) 95 (16 34 94) (60 79 73 86 24 63 81) 92 (80 55) (26 77)
18: (81 68) (25 53 74 16 96) (56 27) (60 23) 36 55 (48 73 24) 71 64 12 (5 77 79 34 86) (40 63 38) (57 47) (3 52 62) (82 89) (72 75) (26 93 58 2) (66 1) 87 (45 11) (65 90) (46 21)
19: (63 78) (89 73 67 17 76 80) (12 11) 77 (16 19 2) (52 93 34) (53 47) (62 100 55) (88 59 60 25 83 48 40 71) 50 (1 82 9) 96 31 (56 86 5) 81 (18 79 42) (65 6 85) (36 64 75) 43 (26 45)
20: (73 45) 83 (63 87) (11 82 75) (21 93) (49 34) 95 (12 64 13 43) 60 7 (81 85 24 78 9 56 94 90) 22 (65 6 72) (58 2 23) (53 40) 26 79 51 (20 55 16) (86 36 1 3) 62 (33 68 31 47 77 67)
21: 60 24 1 (11 34) (71 47 81 33 72) 90 96 18 (5 65) (48 63) 85 (56 40) (45 53) (25 77 3 93 12) (55 87 89) (74 68 94) (100 16 36) 31 73 (86 19) (52 26 66) 29 (9 79 23) (6 43 76)
22: (31 11 1 61) 36 (94 26 24) (16 63 60 90 56 87 5) 2 57 (49 59) 76 (86 79) 30 82 (62 9 21 85 68) (3 46) (93 12 42 55) (72 6) (53 64 33) (52 91) (83 34 23 75 51 81 45 77) (29 66)
23: (73 24 56 64 40) 27 (58 75) 85 20 25 (63 47 98 60 83 76) 67 (62 16 45 46) (43 84 99 11 1) 77 (53 42 33 89 79) 21 (51 49) (5 34 68) (61 2 36) (13 26) (55 48 82) (81 94 9) (87 66)
24: (66 43) (26 12) (57 27 5 100 7 76 98 79) (44 86) (25 52) (84 77 88 9 31 20) (83 89 64 10) (85 23 1) 17 (53 95) (30 21) (56 36 94 90 16 65 81 51 73 97 11 55 48 61 32 2 34 38 49 93) 47 (68 74) 62
25: (93 61 79 12 72 24) (64 56 27) (83 49 82 26 51) 81 (99 87) (13 86) (89 5 21 23) 6 68 (62 40 2) 53 (32 97) (75 94) (34 74 57 90) (45 16) (73 18 29) (9 36) 96 77 (76 22 42 17 80) 52 60
26: (51 87 89 62) 55 79 (71 45) (34 24) 22 85 (60 7) 25 21 47 (57 33 9 77 46 64 27 16) (40 74) 11 43 (73 82) 12 72 (26 80 99 52 4 63) (68 36 56) 53 (67 31 76) 1 5 90
27: (100 93) (6 14 40) 78 (47 68 19) 16 (24 89 11) 55 5 12 34 62 (74 60) (22 51) 86 (53 96) (52 48 75) (63 57 23) 61 79 (3 9) (36 26 64) (67 91 17 49 83) (45 73 82 72 56 2 87 77) (21 81)
28: 31 (24 76 90 79 34) (85 26 21) 56 (87 11) (65 46) 23 (93 47 64) (89 10 78) 73 40 (16 2 63 4 82 53) (43 59 45) 84 68 (81 29 12 83) (51 52) (36 17 32) 27 (66 49) (33 1)
29: (2 45 19 11) 87 71 94 27 (73 50 9) (89 79 53 48 31) 84 64 47 (77 26 49) (21 76) 65 (1 62 43 86 34 61 99 83) 56 (25 55 5) 67 (57 38 23 24 36 12 51 85) (68 74)
30: (96 73 45 12 58 19 11 24 84) (62 77 33 23) (83 49 66 56) (43 63) (82 40) 90 (60 87) 74 (88 1 50) 94 (34 51 21 27) 86 76 (64 97 89 3 81 36) (85 31) (9 93 79 2) (53 5)
31: 5 (11 77 13) (16 36) (34 56 9) (59 62) 46 (27 81) (23 24 19) 53 90 (47 58 57 40) (1 42 52 83) (86 61 82 26) (63 21) (71 72) (12 93 45 73 79) 49 87
32: 83 (50 75) (76 16) 3 (6 82) (43 88) (27 21) 49 2 13 (1 48 33) 31 (77 53) (96 34 98) 28 66 60 81 (79 55) 85 (23 10 63) (94 56 40 86 36 12 26) (25 84 62 64) (67 73) (52 93 71 47) 89 (45 51)
33: 86 85 56 (46 47) (87 20 5 19 61 36) (43 75) (90 4) 33 (73 31 93 76 52 81) (55 21 67 1 96 97) (63 83 64 58) (27 79) (9 62 42) (78 53 68) (84 77 59 82 2 24 6) (70 94) (12 45 17 57) (49 16 89) 34 (60 25 7)
34: 2 (41 27) (16 100 34 36) (64 67) 57 (73 26 56 53 85) 63 65 (20 5) 43 (84 86) 1 72 (68 45 12 76) 31 (90 21) 60 (59 89 42) (83 47 24 49 40) 81 (82 9 44) (80 10) 52 (55 79 48 98 93 87 23) 51 (62 77)
35: 25 (5 68 98) (27 85 55 53) (87 97) (40 57) 73 (93 31 34 26) (9 52 74) (44 16) 49 84 81 95 (3 72) 66 (82 12 79 67 45 15 86) 59 36 62 13 56 (46 33 43 60 76 2 11 47) (1 89 83 23) 63
36: (83 34 65) 24 52 (21 31 64) (3 47 94 44 85 42) 16 (81 84) (56 80) 97 (96 78) 51 (49 23) (69 73 15 26 87) 62 30 (12 77 8) (86 1) 25 57 (93 53 36) (5 6 33) (46 61 59 63 55 89) (79 82) (43 40) (9 45)
37: (51 62) (31 49) 50 (89 13) (76 44) 5 40 (2 48 97 67) 24 (79 95 36) 23 (64 72 34 94) 12 (87 75 47) 26 (83 46 80 73 92 60 27) (98 81 1 11 3 9 53) 55 (56 68 82 78 93)
38: (1 87) (86 49) (52 62 94) (47 24 55 90 27 48) 31 (71 38 56 64 33) 25 (11 43 34 12 50 67 5 77 83) 19 (93 63) (73 57 36 51 81 68 16 26) (78 82 80) (89 40 75) 66 (79 9 85 42) (2 59 60)
39: (63 89 56 100 75 16) (95 84) (55 7 25 52 60) 82 (67 99 19 2) (5 40 9 36) 85 (44 81) (71 64 59) 46 66 (79 98) 27 13 (18 53 1 45 34) (91 47) (73 69) 77 (72 12) 43 (26 90 61) (83 65 42 87) (76 94) (32 93)
40: (68 20 60 74 86 12 23 53 21 11) 31 85 (87 43 64 40) 75 (14 92 5) (9 48) (77 34 98 73 36 6) (59 7 32 47) 49 (26 79 89) (66 93) 24 99 (55 8) (16 62 45 1 2 81 94 82 76) 56
41: (23 45 93) 81 36 17 (2 83) (89 75 96 87) (1 79 51) (6 25) (73 77) 5 (63 76) (30 68) 33 (19 48 49 24) (47 91 11 43 55 27 67 40 62) (34 16) (98 56) 85 (71 52 60 46) (57 72 26 53) 3 13
42: 47 (62 25 72 90) 73 58 (56 77 9 83 76 71 87 55 24 12 10 84) (7 46 3) 2 (79 26) (23 8) 64 36 (21 5 74 49) (31 53 85) 34 27 43 (42 93 52 11 65 59) (68 80 82) (40 1)
43: (82 72 27) (62 3 21 70) 85 23 (89 55 73) 6 (25 53 46 49 47 76 43 63) (34 86) (36 29) 19 74 60 (7 24) (87 26 9) 83 2 71 68 (1 93 57 79 13) (48 42 45) (40 12 97) (16 11 31 5)
44: (2 25) (81 56 31 42) (43 21) (82 8 94 47 77) (16 83) 72 (66 52) (86 11) (50 79) (98 68 13) (73 24 17) (53 34 27) (33 7) 57 26 (84 87 36) 51 (78 90 5 75 55 62 1) (6 48 12) (45 64 40) (29 3) 9
45: (3 25) (81 12) (22 79 64) (47 21 5 84 46 83 26 36 77 65) (87 27) (9 45 16) (62 94 76 43 55) (17 51 58 48) 1 56 24 (89 93) (20 40 49 82) (63 60) 68 (11 34 85) 73 33 53
46: (1 74 9) (63 14 25) (77 31 4) (73 83 68) 81 42 47 (72 84) (55 93 57 46 52 21 50 76 90 20) (12 89 5 56 26) (79 64 87 40 3) (53 23 94 36 80) 66 (24 91 7) (2 49) (34 75 99) (62 45 16 60) 10
47: 34 44 36 59 63 (38 47 42) 87 (45 57 33 25) 61 50 76 67 (89 26 5 56) (31 60 52 83 81 2 82) (12 84) 16 85 (77 23 1 55 65) (53 27 79) (73 24 64 39) (68 93 43 51 9 62 74) 11
48: (85 75 29 82 81) (34 31 96 49) 36 (11 68) 24 (64 59 55 60 9 12 39 90 7 16) (48 76 89 13) (45 27 43 73 52 94 93) (56 53 51 63 92 21 1) (87 61 26 47 62 77) (79 74) (100 5)
49: 41 19 (48 58 52 51 47 11 66) (34 93 45 88 94 87 23 81 62) 60 (67 36 31) 64 (9 12 40) (79 83 76 86) 43 (73 1 21) (72 26) 57 89 (68 77) 16 (55 25 44 63 54) (24 56)
50: 67 (89 70 45 27 86) (6 64 59 91 61 12) (62 9) (79 95 76 81 56 24 57) 73 (43 38 33) (94 72 51) (63 49 48) 11 (53 5) (55 96) (1 26) (21 25 36 60 42 46) (87 68 34 83) (40 47)
51: 65 62 68 (60 2) 5 (38 19) (1 7 74 34 89 64 78 67 16 11) (99 33 84 51 56 13 73 21) 31 27 (47 45 25 66) (46 36 79) (85 44 55 53 83 23 72) 94 87 82 (12 43 26 52)
52: 40 (87 75) 85 (64 12 45 46 53 16 52 57 62) (60 1 50) (89 18 71 34 51 82 17 79) 65 (43 7 86 91 56 55 42) (20 81 3) 27 93 100 (73 47 5) 11 (33 76 9 23) 36 (48 68) (95 6) 30 67
53: (84 64) (16 36 51) 62 (68 83) 21 34 (2 53) 65 (63 87) 3 91 (5 11 67 40 56 52 9 76 12) 55 (72 26) 42 24 (73 77 43 47 66 1 50) (20 45) (49 57 74) (79 25 93) (60 89 59)
54: 73 49 (48 61) (72 3) 76 (66 67) (5 27 77 55) 47 (83 63 98 59 87 53) (7 51 90) 79 (25 71 9 97) (100 89) 82 (34 99) (1 65) (13 64 45 36 58 20 81 12) (2 86 10) (16 17) (85 24 93) 95 (50 40) 62 11
55: 77 8 (86 96 16) (49 4) 24 (7 31 97 79 53 62) (75 94 60) 23 (9 34) (70 5 51 98) 45 21 (20 71 11) (73 81) 87 17 76 (50 59) (42 48) 91 (68 56) (93 67 43 55 64 84) (47 12) (36 40 63 2 89)
56: 75 (56 19) (27 74 82) 73 (81 95 66 78 24) (90 91) (47 48 93) 65 (51 43 71) 3 (46 62 76) 10 (34 26) 13 25 (29 17 1 79) (12 2) 9 (63 36 68 52 40 16 45 5 83) (33 60 64)
57: (5 85) (90 36) (24 55) (33 94 60) 11 (82 34 52 43 47) (95 17 76 86 46 42) (31 51 12) (84 23 81 74 64 25 63) 40 (93 92 20 98) (97 2 48 62) 26 1 (6 19) (58 45 57) 10 68 56 (73 87 49 79 16 53 9 21)
58: (20 51 73) (31 1 25 2 56 13) 93 (26 43 77 5 82 65) 89 83 16 (53 81 12) (36 47 85) (11 55) 68 (79 87 46 63) (9 24 37 60 76 48) (3 45) 21 94 58 34 49 66
59: (76 44 82 9) 31 49 (66 39 26 45 34) 24 33 (63 86 43 89 51) 79 91 (3 27) 53 (57 36) (56 47 90 17 81 93) (96 64 62 84 68 1) (72 46 78) (83 6) (40 73 12) 11 25 (77 85) (5 2)
60: 55 51 (62 44 79 59) (73 2) 52 (33 84 29 5 1) (16 25) (82 60) (27 53) (24 23 11 47 46 68 49 81) (58 9 93 64) (98 36 21) 34 (17 77 45) 89 56 (12 94 43) 61
61: (7 77 62 60) 73 40 (26 13) (81 28 51 46) 52 16 84 83 68 (76 92 11 87 47) (12 55 82) (1 36) 43 (93 42 91) (6 49) (2 27 48 64) 74 (8 88 33 50) (63 19) (45 44) 79 (24 5 56) (25 53) 61 (31 20 72) 34
62: (27 40) 53 (55 23 46 91) (73 76) (89 49) (83 9 3 20) (34 45) (79 42) 48 (12 81 62) (66 2 36 72 26 51) 99 82 (88 64 31) (6 16 75) (94 5 21 43 74) 1 (25 47 11 60) (77 87) 59 56
63: (89 83 42) 30 (60 63) (73 23 26) (82 81 68) (31 3) 1 (36 43) (88 56 2 85 61) (9 53) (22 48) (62 38 77) (20 64 5 66 12) (47 55 45 79 74 16) 93 (25 90 76 46) (52 6 95) 49 40 (33 86 27) 87 34
64: (3 43) (84 89 94 72 65) (52 39 22) 27 (36 62 11 56 90 1 91 9 38 34 53) (40 60) 13 57 (45 2) (16 55 75 50 93 98 12 61 49) 31 (85 73) 87 (47 81 82 21 51 79 5 24) 96 (59 64 26 42) 77 86
65: 66 (53 11 52) 96 (51 90 89 78) (36 9 48 82 83 3) (61 57) 30 27 93 (12 75 5 21) 23 (19 56) 63 85 (8 62) 80 (44 67 43) 4 (34 47) (94 81 79 88 77 86 49) 6 (70 40 68) (87 65) (24 1) (42 31) 55 95 64 60 16 (26 2)
66: (68 89 3 43 19 82 11 33) (86 40 2 96 87 24 74 34 57) (1 98 36 64) (93 8 90 76 83 7 51) (47 44 26) (48 23 60 85 81 84) 42 (22 70 53 73) (77 21 62) 59 61 (30 55) 52 (45 32 5) (79 9) (95 67)
67: 34 10 (33 27) (23 67 65 79 40 12) 43 72 (84 2 49 16 46 81) 3 (74 62 64 24) 83 (93 56 52 73 66) 5 (47 82) 53 (42 92) (94 9 18) (88 31 55) (36 63 90) (87 45) (86 21) (68 1)
68: (66 77 6) (19 22 1) (24 44 83 60 36 68 3) (64 86) 65 47 (27 46) 53 (57 2) 51 (67 11 5 85 89 79 94 9 98 71 43 93 55) (59 26 48 76) 75 56 (62 73) (34 40) 23 81 (12 82)
69: 82 (60 73 25) (40 76) 56 (16 91 2 30) (21 81) 47 (6 49 62 99 87 50 36 77 90 48) (68 98 43) 65 (31 34 27 85) (5 89 46) 94 (45 7 1) (95 53) (8 51 72) 10 (100 64) 3 (79 96 12) (86 93 26)
70: (23 26 36 24) (73 81 76 7) 75 (51 74 9 31) (67 11) (40 68) 3 83 (1 65 93 87) 29 (66 43) 90 (46 44 2) (62 33) (77 5) (18 79 12 6 60) (53 52 84 64 45 17 20 49) (16 94 71 56) (25 27) 47 72 34 57
71: 9 (7 66 36) (81 2 64 8 1) (47 95) (65 34 27) (23 55 33) (73 12 26 44 79 42 3 84) 63 56 (43 87) 74 (69 52) (62 71) (10 75 57 94 45 96 98 53 77) 48 16 (31 20) (11 24 86)
72: (29 47) (82 49 1 31 27 76 16) (97 46 100) 9 80 81 (67 87) (10 2 50 56 65) (21 40) (58 48) 79 23 (93 53 25 94 75 73 43 22) (66 6 26 91 11) (12 33) (36 89) 5 34 57 (24 68 19)
73: 21 93 (81 45 6 63) 9 23 (89 87) (76 50) (100 57) (68 96) 56 (73 38) 36 (77 17 33) (53 40 3) (64 98) (74 83 62 34 94) (52 16) (86 2) (31 79 11) (60 12) 26 (55 47 19 1) (28 42 10) 5 39 99
74: (26 53) 59 24 13 40 (3 62 2 65) 51 (7 49 81) 58 5 46 (90 74) 82 98 45 (1 6) (47 79) 77 (52 83 71 64 19 25 12) (56 72) (20 73) 43 (86 34 89) (23 27 21) 76 84 (11 9 87) (68 93) (55 33) (42 36)
75: 86 (71 63 44 52 47) 12 (81 2 73 58 62 66 56 55 79 49 11 83 30) 45 (97 82 40) 1 (17 99) (48 89) 59 (53 96) 87 (94 69 23 36 77 42 16 78 75 64) (24 43 34)
76: (86 21 81) (31 74 28) (60 13) (97 52 82 77 16) (8 87) 2 (34 58) (55 9) 47 64 (7 56) (80 44) 27 (92 33 76) 46 (98 23 50 73 40 66) 53 (11 12 99 26) 68 (79 36) 59 (1 85) (62 24 48 72 29 3 45 93) 69
77: (51 74 86 44) 36 (79 5 31) (73 56) (7 64) 2 90 68 18 95 (83 94 87 96 40 82) (11 8 20 65 77) 55 (24 81) (13 85) (16 12 34 60 41) (27 89) (42 63 62) (29 26) 1 (47 75 10) 3 (93 45) (53 76)
78: (2 43) (89 45 53 27 23) (19 92) (25 52) 40 56 (81 9) 69 (71 87) (34 10 20 79 24) 47 (5 94 12) (21 98 62) (63 93 59) (57 32) 67 (16 68 36) (26 51 82 7 85) 11 (55 70) (77 95 6) (44 74 1) 83 31
79: (64 34) (12 63 84) (75 72 90 2) 60 27 4 (24 87 86 73 89 94) (16 43 56) 83 (25 51 78 93) (45 17) 62 (95 76 48 79) (57 67) 5 1 (40 59 52 77 81) (26 68 66 46) 82 (9 47 21) 53 20 11 (42 36 31)
80: (33 27 52 43 83 87 40 65 16 57 86) (12 93) (55 18 98) (9 84 5 90) (94 46 34 79) (47 53 81 82) (85 51) 21 2 62 60 31 (23 73 95) (24 36) 75 61 (1 25)
81: (62 6) (46 84) 79 64 (56 9 42) 93 (38 29) 53 36 60 (81 44) (40 71 63 25) (31 3 77 73 98 89 16) 94 27 52 26 (86 82 74) 68 (34 83) 75 (45 10 87) 99 11 1 (13 12 48 76) 2 95
82: (55 84 16 23) 72 (78 12) 61 (60 82) (31 5) (40 52 56) (79 9 24 86 93) (26 45) (4 33 81 21 10) (27 49) (44 47 94 1) (51 63 34 73 96 76) (36 53 46) 91 77 65 (98 11 2) (3 99) 89 62
83: (62 25 76 11) (68 73) (53 17) (36 93 94 1 81) (27 34) 47 (6 83) (84 49) (16 60 66 13) (48 77 33) (89 82) 71 (24 9) (26 5 44) (90 21) 40 (29 78 51 3 61 64 12 42) 52 (56 79) 15 (63 99 10)
84: (78 86) 76 45 (96 81 8 68 23 11) 34 (57 90 89) 98 (85 97) (33 55 77 93) 16 (36 42) (84 9 5) 6 (3 43) (21 60) (51 44 83 99 79 94 56 66 73 12 40 24) (87 1 62) (47 63)
85: (42 52 41 93 71) 31 2 (30 81 16) (67 34 47 62 82 11) (73 33 53 76) (69 1 13 45 77 40) (5 79 23) 6 64 86 60 55 (51 90 83 85) (68 89) 24 (27 56) (36 12) 43
86: (48 2) (67 6) (79 63) (38 45 49) 85 60 16 (56 55 36) (94 51) (12 81) (24 84 87) 9 (33 77 64 100 65 20 47 3 83 8) (40 1) (90 30 89 75 73 27) (26 43 34 53) 23 (96 62 19) 68
87: 94 (53 1) (85 7 26 9) 20 31 40 67 (49 79) (92 19) (82 86 50 48) (89 46 77 96 21) 4 84 83 25 (87 11) 36 42 (59 70) (98 43 5 27) (73 12 24 45) 63 72 (34 47 62) 68 16
88: 73 63 (60 56 90 36) 68 47 (23 1) (26 16 13) 86 (29 27) 89 (80 48 49) (97 34) 62 (87 82 31) (24 77 52 94 79 93 64 100 51 76) (83 40) 2 (20 65 5) (25 11 84) 81
89: (36 52 16) 29 (55 60 63) (11 24) (22 44 98 74 87 51 53 68 57 42 79 84) (2 86 43) (34 61 9) 83 27 59 73 13 3 (75 5 1 66 40 26 31 25 67 82 81 85 12) (33 95 93 47) (62 72) (58 23 45) (89 56)
90: 79 (95 68) (34 5 24 83) (62 51 6) (67 45 49 2 26 1) (87 57) (56 21) 81 (76 31) (86 3 55 82) 94 (9 29) (98 71 64 17) 73 40 11 (36 16) 53 100 93 27 (12 60 33 77 47) 59
91: (16 10 5 29) 90 (25 3) 64 (55 61 40 33) (11 58) (93 31 87 53 94 79 26) (20 63 82 23 96 7 6) 84 65 (34 57 66) (76 77) (52 91) 89 (42 81) (2 73) (12 4) (47 72) 46 27 51 56 36 (24 85 98 1 45 83 62)
92: (55 34 29) 6 (39 16 33 75) (7 56) (83 74) 79 (10 62) (81 23) 21 (57 38 5) (45 48) (67 63 89 53 27) (60 36 68 26 40 85 77) (52 51 12) (46 82 93) 65 (73 87) (18 49 76) (47 31) (13 4 69 1)
93: (76 15 1) 31 43 57 51 94 86 73 53 62 (89 72) (11 79) (40 26 60 16 33 2) 9 (93 56) (36 82 75) 5 (64 47 65 17) (12 8 34) (63 27 3) 49 (85 83 6 55) 81 50 46
94: 47 33 12 (26 11) (6 43) 83 (40 73) (64 79 31 1 2 16 80 94 48 81 91) (77 23) (36 24 32) 59 (71 65) 60 87 (55 74 97) (89 56) (76 68) (42 99) 69 (52 29) 20 84 (8 66) 53 34 9 5 (46 93 82) (96 27)
95: (72 24 42 73 97 51 27 83 66) 99 (36 67 17 79 86) (26 40 44 6 43 90) 94 (3 82 48) 68 (64 60 1 46 93 63) (77 84) (87 55 53 19 31 56 21 59 23) (16 62 34) (50 45 89) (2 47) (49 5) 75
96: 5 24 (75 52) (26 89) 68 (9 51) (94 46 2 62 73) 53 83 (10 64 66 86) 12 55 (56 91 34 76) 45 71 57 (60 31 79 25 27 43 11 40 63) 99 (81 8 77 39 47 82) 3 (21 1) 87 (36 6)
97: (23 12) (96 51) (100 45 56) 5 27 (68 76) (7 24 19 42 67 9 77 29) (85 2 64) (46 52) (90 83 1 49) (36 74) (89 97 16) 87 (21 73 79) 98 (57 86 20 62) (53 81 34 25 40 43 60 69 3 66) 47
98: (7 34) (36 43 44 55 48) (63 51 5) (60 64) 49 (86 25 45 2 38 8) (67 47 24 31) (19 81 53) (46 52 62) (66 56 77) 9 (61 26 87) 79 (73 76 3 1 6 27 96 12 50) 29 (83 11 14)
99: (73 20 72 79) 22 5 (2 61 93 52) (11 68 34) (64 55 47) (29 24) 9 (1 7 60 45) (89 74) 63 (48 82 76 26 69) (4 90) 96 (23 50) 87 (53 66 81 62) (43 40) 27 (31 84) (6 21 56 19 36)
100: (31 80 83 43 29 94 26 12 56) 9 76 82 (65 85 63 24 1 51) 84 (55 67) (77 36) (99 45 79) 19 (47 49 87 25 2) 40 50 (5 81 73 69 66) (68 27 6) (34 46 90 59 20) 100
