100 100
1: (25 2) 86 30 52 10 26 74 (14 92) (24 49 75) 46 15 (85 9) 57 (32 21 59 51) (80 90) 66 (89 11) (56 79) (16 29 18 45 41 98) (27 44 7)
2: (28 39) (63 51) (36 89) (14 2 24) 29 5 27 83 (15 30 100 45 81 9 56 91) (3 99) 10 (25 77 37 61 58 80) (50 87 79) 60 (35 65 74) (59 84 47 17 78) 52 (23 93) 71 (96 88) 8 46 7 (20 64) 44 48 66 (41 94 6) (40 55) (53 34) 57 75 (69 4) (72 18 97 31) (19 49 12 98 73) (13 68 38 82 26) (86 43) (85 21 92 54 70) 62 (16 11 33 76) (42 95 67 22) (1 90)
3: 68 (73 57 59 49 83) 45 (8 19 2 18 89 47) 87 27 (29 86 4) 99 (91 30 72 5 10) 16 (33 31 66 67 75 17) (76 78 48 80 11 61) 28 92 25 54 15 71 95 77 (98 88 41 40 38) (70 69) (23 63) 13 (42 37 55 50 93 79) 7 (84 1) 51 82 (46 56) 60 (20 43 32 44 6 53) (85 97) 39 24 26 (22 100 74 3) (34 58 36) (62 90) (65 12 64 14) (9 21 81 52 96)
4: 46 44 32
5: (77 45 55 15 13 95) (24 5 28 2 4) (3 14 79) 85 20 (80 92) 23 22 9 19 16 (43 72 93 47) 52 39 (42 30) (35 54 96 67 21 49 74 50 73) (88 10 34 86 87 83) (12 99 63 58 1) (29 64 97 48) (11 41 36 100 6 27) (81 91 32) (38 90) (75 60) (76 40) (94 8) 26 84 (17 78) (25 31 56 69 82 44 62 51) (89 53 68 57 98)
6: 36 (13 70) (86 90) (5 34 52) (10 83 29 21 95 51) (93 14 54 16 6) (75 27) (67 41) (15 98 33 62 96 50 47 7 40) (28 68) (59 60) 24 (56 87) (18 20) (39 42 63) (94 73 84) (1 43 25 37) 64 (23 32 85 76) (35 91 99) (78 58) (38 81) 92 45 (44 49 77) (79 19 65 17)
7: 36
8: 29 (91 66 6 23 58 51 42) (79 53 18 72 47) (96 5 86)
9: 87 (53 21 72) (99 88 15 17) (54 58) 56 52 (83 16) (73 85 93) (3 33 67) 1 (77 59 57) (74 18) (38 32 90 30) 27 (8 26) 55 (76 22) 19 61 29 (63 5) 41 (78 65 34 94) 100 71 (9 79 97) (50 48 13) 45 89 84 (10 68) 12 82 98 37 60 40 51 24 69 95 80 (35 11) 44 4 42
10: (41 60) 51 54 64
11: 57 (68 63) (89 66) (3 34 37 50 19 41 22) (61 16 28 60) (94 71 20 40 18 85) (36 65 99 97 10) (100 91 75 51) (48 53) (76 83 55 24) (5 1) (45 31 67 13) 9 (7 43 8) (82 44 93 17 96) 56
12: 70 (28 79 12 52 48 97) 26 (98 86 5) (36 20 74) 10 (44 47 27) (25 58 35)
13: 32 (72 92 7 75 45) (47 58 67) (26 73 38) (77 36 29 81 2) 27 91
14: 68 34 89
15: 64 (24 71) (14 38) (95 52 77) 86 (69 74 17 81 20) 100 (99 66) 11 (41 68 15 7) 30 98 (35 2 59 25 3 37) (40 18 57) (75 5 8 22 79 34) 94 (61 62 31 33) (44 36 46 19 63 29) (6 83 47) (87 55 9 54) 78 (16 65) 80 (21 97)
16: (71 9) (49 61) (15 25) (14 34 72 31 86 88) (87 35 99 2 29 50) (40 41 33 96 95 43 85) 93 (64 11 45 5 55) (84 70 24) 32 (60 57 74) (20 38) 98 (13 90 91) 22 7 4 1 (8 30 36) 56 (59 69 46) 75 (77 48 65 51 76)
17: (100 52 45 27) (58 91) (22 82 31 84 92 37 26 25 46 14) 78 90 (79 60) (23 80) (55 53 36 40 33 9) (42 17 54) (81 98 35) (83 2 86 71 38 50 94) (87 96) (15 34) 16 (85 41 99 74) (88 75) (7 69) 51 (66 76 44) 95 (6 4) (47 48) (67 56 89) (73 24) 18 5 (19 1) (30 10) (65 70 63) (3 49 21) 29 11 57 68 64 (39 72) 8
18: (82 97) (5 44) 93 56 (21 49) (40 39 84) (22 77 60) 19 (51 14 71 72 94 11 26 25) 92 (89 53 88 24) (8 96) (69 64 45 91 2 12 78) (100 80 18) 99 59 (79 37) 81 74 (32 17) (36 28 43)
19: (23 2 78 5)
20: 40 98 (71 24 44) (16 82) 47 53 69 67 45 (94 79) 23 100 (35 20 83 41 87 88 55) 12 (14 73) (72 68) (51 97 4) (39 34) 19
21: 59 70 (42 14 35) 48 (68 100 63 69) 39 93 29
22: 67 (52 45 11) (44 69 68) 10 49 (17 16) (21 5) (6 37) 84 42 (80 62 47) 85 46 63 (77 66 91) (3 30 79 1) 70 (2 8 36) (81 95) (40 78 24) (56 100) (4 14 51 57) (20 65) (89 87 75 99 92 19) 12 71 97
23: (9 99 48 33 21) (16 19 13 67) 44
24: 3 (28 50 84 66 40 41) 44 (38 42 49 86) (22 55 88 25) (71 65 77 9 92 61 35 73) (15 83 89) (99 4) 36 81 62 (29 8 34)
25: (31 42) (51 67) (24 9) (2 45 47 78 71 53) (33 79 63 70) (48 76) (21 72) (44 7 98 8 75) (32 40 35) (19 56 96) (93 68) 62 77 13 27 34 (89 100) 86 18 (14 91 54 6 85 43) (95 74 5) (73 59) 22 (69 64 65 23 49 12 57 84 26 11 90 82 15 58) (30 20) (28 41)
26: 24 (51 64 45) 41 (79 55 69 31 77) 73 (88 19 29) 17 (2 94 81) (25 100 7) (37 71 98 82) 93 12 10 (13 56) (35 78 4 48 16 50) 49 66 (72 60) (3 23) (5 38 15) (86 95) (62 46 26 42 9 87 44 18) 39 28 65 (30 27 76) 90 (32 74) (96 21 59 57 80) 91 (14 67) (40 36 70) (20 85) 54 75 (43 8) 68 (61 47 11 34) (52 6) (1 99 89 33 58 53) (83 97)
27: (31 82 68) 58 30 (57 86 70 14) 79 (97 94 34 18 21 59) (19 76 66) (7 45 73) 4 16 (67 26) (11 87 2 49) (48 43 6 52 93 98 46) 12 92 32 (22 61 24 44 50 64) 62 (20 63) (41 8 54) 10 (5 95 47 38 29 91 56 13 1 60 71 77 3) 28 90 (72 96) (53 69 78) 89 (84 74) (75 36 85) (39 80 83 25 35 23 27 42) (51 65) 55 (17 40 15 37) (100 33 81 88) 99
28: 70 (1 77 22 51 75 36) 16 34 10 (20 79 95 80 76 96) (19 29 47 83 15 5) (39 68) (71 52 90 56 89 57 69 43) (44 74) 42 6 (46 82 40) (27 33 30) 67 (24 99) (97 12) (65 49)
29: 65 68 (97 75) 54 (77 45 56 72 3 26 81 17) (9 96) (36 86 88) (19 50 30) (93 67 79 59 58) (27 64) (98 90) 7 (92 12) (82 5) (62 48 76 46) (60 29) (73 53 52) 78 (55 95) (15 49) (63 25 6) (57 28 10 1 18 42 94 51) (35 99 24 69) (83 100) 37 (4 41 11 38) (91 80 70) (22 74 84) (20 16) 33 (34 71 2) (13 23 32) 14
30: (40 24) (46 83 82) (36 18 57 10 61 88) (62 38) 90 27 (30 51 94) 41 (28 8 96) (89 5) 3 23 42 (22 25 32 59 20 56 71) 91 (66 98) (29 64) (33 58 73) (31 7) 80 (84 43 70 77 45) (93 92 4) 68 (34 1) (74 17 60 78 13) (79 16) (21 86 85) 12 (76 26)
31: (53 57 5 77 63 7) 11 (20 13 96) 67 (19 84 45 61) (62 75 51) (89 54) 81 88 (73 31 27 94) (24 21 28 26 2 14) 91 (64 49 37 18) 39 (32 86 60 33 23 92 4 100) (87 16) (99 97) (35 58) (79 40) (15 8) (25 41 52 50 95 30) 1 (93 69) 78 (56 70) 68 (12 74) (59 83 65 38) (46 10) (55 17 43 29 34) (72 42) 90 98 (76 36 9) (71 6 22 44 48 85 82) 80 3
32: (80 50) (38 1) (52 26 20 57) 40 (10 5 42) (49 78) 36 (53 14 71) (24 9 15 94 27 81 92 43 25) (72 41) 91 (39 69 17 70 16 51 54 85 67) (90 66) (95 59 63 87 61) (99 22 98) (46 55) 68 (77 56) (47 76 4 62 89)
33: (66 1 74) (55 97) 48 (76 37 78 80 62) (90 41 65 89) (2 28) 93 12 16 (82 39) (54 95)
34: 6 (12 60) 5 7 (100 58) (43 13) (93 24 14 19 74 78 10) (73 26) 22 (9 75 64) (51 81) (33 40 37) (66 79 36) (91 67 35 57) (3 53 47) 77 (23 49 76 50) (52 65 56 48) 68 27 46
35: (55 39 33) (73 96) (51 23) 90 43 (10 81) 75 13
36: (61 32 87 40) (47 60 100 92) 66 (31 68) (49 33) (38 29 71 74 39 51) (36 54 23) 82 62 34 (21 9) 7 (14 18 44 70) 77 (96 97 98) (56 55) (8 26 64) 20 50 (2 24) 78 11 84 (81 42 80) (65 89 22) (48 67 10) (6 94 12) 25 59
37: 77 (61 35) (56 11 24 88 53 83) 12 (16 86 7) (66 39 25 74) 92 (23 69) (6 65 36 60 4 47) 87 (73 26) (19 44) (41 78) (50 70) 21 3 8 28 (1 54) (75 51 58 96 13 32 30 72) (79 42 14) (98 89 91 80 55 81 67 90) (38 9) (94 93 43 40) (2 48 37 97 100) 85 27 (15 45) (57 33 59 31) (71 18 49 22 84 64 68 52 82) (5 95 20) 46 62
38: 51 (49 47) 98 70 (54 14 61 7 9) (33 5 63) (52 15 23) (95 48) 56 10 86 (57 16) (71 84 78 21) 88 (44 3 50 66 36 29 73) 91 46 (39 99 31 58) (97 24) (20 93) 34 77 (4 67) 2 (82 81) 27 45 (87 25) (37 65 64) (13 76) (100 80 1 12 26 94) 11
39: (4 29 13 85) (32 92 47 94)
40: 81 20 (7 47) (51 65 13 10) (44 78 23 38) 46 (83 75)
41: (97 52 5 45) 61 (85 36 57 50 41 72 84 44) (3 32 20 1 94) 89 (90 58 55 35 66 2 21 26) (16 74) (53 4) (28 96 68 99 15 78 82 7 18 76 34 38)
42: (62 96 61) (13 26) 25 (99 52) (69 94) 46 (2 8 95 32 63 43 51 19) 20 (9 31) 58 90 (29 82 22 44 12 42 88 39) 77 (53 87) (65 59 98 41 55 68 35 86 15 71 7 93) 36 (66 56) 17 5
43: 28 (63 100 3) 50 (64 60 10 98 55 62 40 5) 72 (20 86 25 1) 37 (11 90) (18 77) (56 73) (41 93 21 97 23 22) 24 59 (78 51 75) (30 87) (27 4 45) (42 96) 83
44: (64 76 87 58) 45 (82 61 35) (60 4 40 27 75 73 57) 56 83 (67 84) (32 88 14 96 9 94 39 11) (70 89) (53 100) (31 20 48 49 28) 86
45: 40 99 (9 77) (39 73 38 67) 24 (29 70 1) (28 6 23) (84 44) 75 (74 4 12 83) 16 (30 76 53 58 15) (92 46) (17 35) (27 64) 71 97 80 (50 69 45 3) (94 43) 33 (52 57 93) 82 19 63 (20 22 10) 5 (88 66 36) 59 (100 8 61 14 62) (32 78 31 7 49 47) 90 55
46: (85 81 43 13 16) 82 62 (77 48 18) (55 3 37 22 93 51) 28 27 (4 31) (32 40 79) (95 65 98 90 17) 91 (1 47 35) 56
47: (100 40) (34 54) 4 85 (63 19 16 20) (13 98) (70 18 66 48) 30 (88 52 79) (80 72) (11 29 81 6) (42 69 93 1 96) (64 23) 78 35 3 (37 41 50) (25 82) 12 45 (2 44 83) 76 (71 94) (53 65 61) 87 (33 49 28 8 43 39) (77 60 91) 86 (14 22 97) 32 (68 73 95) (51 57) (55 74 99) (17 5 84 75 62)
48: (42 23) 60 (22 55 86) 27
49: (85 26 53 3 23 44) (14 71 55 89 56 74 9) (45 38 92 58 48 15) (97 90) (87 52 1) (63 86) (64 39 57 68 95) (22 28) (36 79) (80 69 32) (47 18) 100 88 (4 54) 62 (75 59 7) 65 (31 60) (34 98 76 72 84) (50 42 29 41) 93 (70 78 46 99 24) 40 (49 16) (8 5) (61 6 35 27) (19 10 37 66) 82 77 (96 91 81) (83 94) (17 33 12) (20 51) (67 11 21) (43 73) (30 2) 13 25
50: (15 62 98 92 43) 95 75 (3 31 5 41) 56 49 64 99 (33 34 97) (35 12) 16 76 (55 50 94 70 74) 77 36 (19 73) 25 67 (39 40) 48 82 47 85 (24 22)
51: 31 (68 61 55) 57 82 (20 91 99) (33 65 79) 41 (93 72 63 78 95 67 11) (48 92) 37 (86 17) 35 (40 28 6) (21 32) (52 59 84) 45 (34 54 4) (22 56 15) (74 66 27 8) 96 (60 36) (83 26) 12 30 (39 10) (53 13 29 3) 70 (97 25) (24 76 14) (44 19 46 38) 73 (81 2) 75 100
52: (72 28 66) 10 (49 25 40 18) (30 2 80 43 90) 68 (60 70 9 86) 85 (69 100 6 63 91 75 41) (67 76 7) 37 (1 14 77 52 4 98 81) 64 51 5 (31 65 79 16 95 26 61 58 44 13 87 89) (17 32 48) 24 34 27 22 53 (71 74 19) (54 33 55 8 45 92 83) (84 57 3) (59 94 99) (21 88) (46 35 23) (50 20 29 12) (93 47)
53: 42 (65 96 22) 6 (35 33 75 43 5 13 45 25 78 77) 8 60 (31 56) 82 (39 62) (51 20 64) (57 24 100 95) (63 66) 1
54: 73 2 34 (19 25) 70 67 (39 9) 7 (49 1)
55: 11 (36 2 51) (74 28 58) (69 76 95 15)
56: (90 66 48 28 45 67 56 78) (68 11 17 5 15 94) 23 (55 19 34) (7 10 4 29) 74 98 59 (14 47) (26 40 43 49 95) 3 (64 73) (9 62 80 75 33)
57: (22 89 32) (99 44) 97 (67 94) (40 18 19 5 56 65) (61 55) (70 52 85) 78 (1 41 90 45 88) 33
58: 35 (19 37) (21 23 11) 71 44 53 (18 4) (80 54 67 33) (27 90 75 9 95 88 7 70 57) (84 97) (41 25 32 73 60) 31 (93 78) (38 99 65) (34 24) (96 83 51) 56 (13 17) (94 98 76 1 81) (68 2) (55 63) 15 (69 64) (87 86) 62 3 29 46 (48 50 28 58 92 59) 16 (66 49) (52 20 22 82 100) (89 74 10) 42
59: 35 100 7 (59 64 99) 73 (78 82) 98 11 3 (32 51 79) (53 67) 36 60 86 (41 96 85 23) (61 5 44) 43 66 (69 56 91) (39 17) (12 76 65) 24 29
60: (65 52) 38 11 (58 89) (35 47) 39
61: 26 (53 46 33) 57 13 (15 31 39) (97 45 48 58) 19 (89 4 6) (77 69 2) (29 10) 98 65 56 99 (59 66) (24 38) (17 23 50) (85 49) 40 76 (100 43 96) (30 61 41) (25 82) (51 7 72 52) 11 (63 80 91 86) (34 36) (75 67) 60 95 (64 83 21 47 92) (44 81 18 55 35) 5 14 28 (3 32 12) 22 (27 20) (70 42) 90 (68 16 1 78) 84 (94 8 37 71 54)
62: 92 41 (76 33 47 44) (99 82) 88 2 74 (9 71) (31 94) 69 80 (6 63) 62 (85 1) 29 97 77 (45 7 5) (4 73) (59 18) 42 (11 30) (55 46) 22 (58 20 75 60 35)
63: (34 2) (25 52) (36 62 93 21 69 58) (79 54 77 10 81 8 16 18 1 59) 23 (19 99 43 39 67 96 98) (9 17) (48 31 27 3) (66 33 35 71 30 7 83) 46 (53 75 85 90 45) 65 60 55 89
64: 10 (15 68 37 78) (24 71) 6 (11 26 5 7 12) (98 61) (55 92 54 14 88 77) 39 (40 70 99 20 72) (46 45 80 43 50 31) (87 21 16) 29 (18 59) (47 56) 44 (85 79 63) (91 1 76 64 97) 38
65: 68 (35 80 15) 8 7 (55 78) 30 (43 37) (9 14 44 63 52 3 66 36 54) 76 18 (10 90 49) (1 48 2) (27 93) 82 71 (87 29) (41 5 58 12 97 13 40 75) (34 45 74 16) (25 95) 61 24 56 67 (59 85 11) (77 94) 79 (6 83) 81 64 (17 38 98 31 26) (88 51 73) (32 21 50 33 22 4)
66: 38 (22 26 9) (60 18 81 50 78 16 29 90 25 52) (40 68 89) (85 73 92) (23 41 96) (93 27 24 65 47 39 56 86 84) (21 15 3 42) 64 (28 55) 14 58 76 63 77 (74 46) (70 43 67 72 57) (80 88) (61 10) 2 (17 13) (82 51 62) 32 33 (31 48 49 30 95 8 79 11) 91 (36 35) 83 (19 98) 54 (59 69) 100 (53 1) 20 5 (12 99) 45 (66 4 37 71) 7
67: 71 (41 59 26 29) 25 (17 7 49 55 65) (40 99) (78 60 39) 14 16 (75 46 30 35) (1 38) (67 92 54) (11 69) (88 28 34 5) (98 9 81 32 87) 84 (79 96)
68: 21 (51 98 29 85) (52 99) (78 60) 38 37 (23 3) (67 64 27 77 68 24 59 36 32 54 14) 6 47 33 92 (80 95 84) 72 55 69 (26 28 8) (48 34 12) 94 (50 96 35 62) (61 10 4 97) 71 (91 49 79 73) 46 (40 74 31 45 81 42)
69: (23 93 42 59) 15 5 31 (29 26 74 100) 43 (6 2 91) (79 73) (56 47 22 78 70) 33 (89 87) 76 90 11 75 (37 82) (44 39 30) 18 (12 69 35 24 94) 9 (50 83) (88 99) (68 19 21) 48 1 27 (85 46) (81 38) (53 36 4 8 45) 51 62 14 (34 25) 17 61 95 (71 98 20 41) (67 65) 84 (54 52 49) 92 28
70: 17 (75 57 67) 97 (16 54) (48 59 41) (35 58 98 63 88 40 94) (87 8) 29 49 (9 43) 30 78 (19 5 65 96) (38 6) (91 7) (3 21 53 82 20 69 31 45) (85 46 27 44 89 84 61 100) (36 1) 34 95 50 99 (93 13 76 64 39 71) (83 80 68 28 74 72 73 4 2 15 22 42 32) (24 10 26) (12 14) (11 62 70) 55
71: (40 70 47) 63 39 94 68 (67 24) 69 (53 30) (25 13 72 54) 85 (15 56) 62 35 19 (44 78) 93 (97 3 23 81) (33 95) 29 57 (45 58 8 14) 50 (42 9 55 91) (5 99 28 66) (12 59 32) (4 89 22) 64 77 (90 80 7) (87 96 37) 83 (17 88 41) 31 49 27 (10 86 48 61) (21 60) (52 1 6) 34 (38 71 2 100) (75 76) 73 74 18
72: 100 55 18 40 3 (29 88 57 59) (50 20 62 72 85) 77 27 (37 95) (76 81 23) 46 42 (66 45 67) 13 41 (98 96 99 84) 79 (68 9) (11 21 51 24 75) (56 80) 32 94 (14 64 39 92 78) 31 97 4 (10 22 43) 70 30 90 (8 12 38 7) 5 (91 87) (19 65) 61 (93 52 48 17 47 15 36)
73: (5 50 70 77 99 64 87 10 32 9 18 89) (4 57 84 13 21 68 23) (96 95 40) 26 60 47 19 (44 45) 30 100 (39 88) (31 49 72) 76 43 63 (91 1) (55 85 83) 74 (16 58 73) (14 29 62) 20 (92 17 7 98) 90 (8 38) (33 41 93) (36 46 80) 53
74: (4 51 26) (83 30 8 76) (69 14 49 91 64) (86 85 25 12 84) 74 90 (9 17) 15 (59 3 38 29 98 39) (42 21) (31 1) 53 (20 54 62 68) 71 2 (88 70 47 13 80 96 72 37 18) (46 43) 19 11 (41 24) (87 55 95) (27 89) 73 (6 65 57) (56 10) 48 28 97
75: (56 31 9 28 95 48) 8 (57 13 33 73) 41 (68 75 38 72 76 10) (11 25 43) (29 30 87) (92 36 7 59) (93 90 70) (39 20 6 53) (85 60) 97 (22 14 19 51) (37 23 50) 16 15 82 45 (61 35 27) (17 64) 88 2 (55 84) (24 98 78 46) 3 94 (66 5 63 81 42) 34 (21 32) (65 62 58 54) 100 (1 52 77 49 91) (80 86 47 96) 74 (44 71 69) 99 (12 89) 67
76: 98 (97 7) (34 84) 47 (37 30) (42 70 43) 59 61 (82 3) (9 83) 38 46 57
77: (78 55) (61 96 53 34 19 1 6 33 68) (75 56 16 26) 73 (76 30) (41 74 17) (7 90 24 2) (38 8 11 23 22) 89 (67 64 42) (43 65 5 95 40 48 36) (52 37 83 99) (57 97) (79 85 51 4 28) 63 (71 92) 62 (72 84 31) (100 39 81) 82 (12 70) (60 46 77) 32 (47 35 88 80) (9 18 69 15) (3 66) (10 87 98) (50 93 20) 59 49 86 (44 27 29) 14 (91 94) (21 25 58 45 54 13)
78: (69 98 44 24) (96 10) (91 61 14 13 67 76 58 89 34) (54 51 62 72 43 60 56) (86 83 32) (52 85) (26 78) (21 22) (7 33 38 99 70) 93 75 59 (5 1 87) (50 68 74) (35 53 92 97) 40 19 (84 77 94 36) 82 (37 18 41 100 29 48) (12 79) (30 16 88) 20 73 81 (66 8) (46 49) 3 (17 42) 15 (71 95 55 28 27) 90 (45 2 11) (65 6) 47 (80 64) 63 (57 9) (39 4)
79: (20 5) (36 81 32 4 50 33 75 26) (60 89 29) 91 85 19 49 (73 51 16 93 2) (64 63) (52 99 43) (34 84 58 40 11) (66 70) (12 57) 25 68 (94 47 48) 67 (10 9) 55 92 (18 96 80 90 6 44 14 79 77) 7 83
80: (94 7 16) 43 40 (89 80 38 17 90 10) 60 (2 54 55 29 75) (35 32 24 15 6 86 81 64 61 30) 65 (39 47) 72 (100 45 52) (79 97 85) 4 (33 59) (76 95 74 50) (93 18) (25 83 51 13 62 99 27) (22 67 12 87 96) 77 70 49 34 98 37 88 (92 36) (57 23) (28 41)
81: 42 (26 43 16 49 35) (55 52 8) 51 (83 25 33) (15 21 54) 48 10 (99 92) (87 45 94 97) 3 (28 27 29 7 53 59 1 91) 2 37 32 80 20 67 (30 72 5) 85 (41 78) (22 4 31)
82: 78 18 (45 4) (29 61) 2 (47 33 94) (15 11) (98 6 7 51 97 57) (88 86 58 65) (8 25 20 72 24) (42 71) (27 68) (76 69 59) 44 53
83: (18 58 13 52 15) (65 47 63 70 45) (59 37) 69 (82 38 10 78 22) (26 73 62 93 87 3 79 54 25 96 23) (9 92 91 30 6 48) (2 60) 80 20 88 (33 81 35 24 55 1 74 19 85 39 7)
84: 51 49 1 (83 22 53) 2 63 18 (90 38 11) (9 48 97) (58 25 71 42) 31 (96 89) (54 69 95 66 93) 94 (20 46 61 32 45 23 5 56) 67 (64 34 33) 82 (44 7) (3 29 86 55 4 88) (70 14 74 36) 52 (40 72) 78
85: 38 (69 26) (45 11) 1 (66 49 43) (50 16 51) 60 91 34 100 (19 20 96 65 8 28 37 93 74) (40 98 30) 70 22 (27 57) 76 (4 29) (86 48) 68 (14 56) 79 13 (2 15 10) (52 41) (78 23) 62 (81 6 25) (59 53 94) (18 9) (85 72) 32
86: 85 73 (27 22 88 62 51 79 10) (19 20 64 86 38 35 28 29 26) (17 60 99 87) (39 42 36 31) 54 (40 75 18 80 72 94 98) (13 78) 49 (50 8) (32 34 45 3) (55 30) (33 56) (92 2) (44 74) 25 67 82 69 (21 37 63) 24 (41 91 23 97 58 5 11) 76 100 (68 4) 70 89 (90 83) (14 57)
87: (93 39 13 23) 27 (70 33) (65 29)
88: 47 66
89: (30 37) 31 10 89 44 93 (29 68) (56 16 57 90 4) (72 87 52 88) (13 99) (50 28) (73 65 1) 63 6 5 22 70 (36 49 100 3) (33 71) 34 74 (94 69 77 78) (79 66) 43 (64 39) (23 42 76) (47 9 59)
90: 21 52 (84 47 93) 57 (61 100 17 39) (81 33) 69 4 (22 2 43) 59 (63 37) 5 48 32 (30 92 67 70) 66 (41 6 53 49 85 65) (99 87 89) (42 60 79) 77 (71 9 51 96) 15 8 31 (46 72) (82 58 14 23 45 35 97 76 38 90 94 74 19 29) (7 36 62) (68 64 44 50 78 95 73 11) 86 27 75 (83 16) (91 54) (3 80 88) (20 24 25 18)
91: (41 59) (23 8) 43 (94 19 57 44) (53 96) (29 54) (95 61) (65 10 79 32 75) 7 (11 97) 4 (25 56 74) (84 100 98) 34 92 (17 70) (93 6) (63 76) 35 1 (28 82 27 26 15 91) 60 (14 77 48) 16 81 20 (30 47 64 86) 13 (42 18) 62 88 87 (5 38 67) (68 90) (46 69 33 78 55 40) 52 51
92: (3 47 1 78 13) (53 94) (67 72) 33 (58 45) (100 86) 14 43 (97 56 77 6) (90 24 95) (25 38 49) 36 9 (81 30 46) (22 57) 51 (18 42 34 19 75) (84 63) (85 92 39) 80 (55 44) 60 (27 61) (26 7) 31 69 2 (76 15 59 73 64) 32 71 (96 91) 48 8 52 65 (23 87 88) 62 (37 66 10 99 16) 28 82 (68 4 20 29 93 79 5) (50 41 17)
93: (56 43 86 91) (33 73) 88 (36 60 96 4) (42 52)
94: 31 (22 75 96) 44
95: 92 (37 22) (44 1 4 6 80 25) (77 88 21 58 75) 15 69 (94 65 74 61 89 31) 91 (82 12) 43 73 (85 57 51) (2 45 23 16) (71 5 33) 55 (72 60) (3 39 52 56 38 36) (35 10 97 84 32) (99 27 87 34 42 64) 93
96: (90 85) 98 (19 46 18 33 64) 23 (60 97 61) 34 87 76 (82 68 57) 80 (37 26 48 50 5 30 28 44 20 65 12) (78 7 36) 4 91 (13 79 25) (22 94 63 21 100 89) (93 62 1) (24 86) (40 32) 70 (59 66 77 38) 16
97: 12 (81 31) (24 93 57) 40 (38 32) (35 8) (82 26) (20 59 96 51 74 53 89 54 21 15 65 29 13) (79 63) (68 66 2 33 36 4) (58 43 100 71 73) 77 (18 94 47) 30 86 (99 25 9 83 41 50) 70 (91 80) 19 (7 84 16 10) 23 75 (45 88) (22 87 60) (92 61) (85 48) 28 90 39 (95 55) 34 (3 5 1) (67 37 76) 44 (64 62) (17 56) 14 98 (6 72 69) (97 11)
98: (53 85 52 87 5 74) 96 (55 36) (19 67) (99 45) (2 12) (34 100) 95 (18 63) (8 48 33 58 59 20) (71 78 32) 21 66 6 (93 16 23) 94 29 (11 61 54 57 50) 4 97 (39 42 76) 91 86 (43 30 38) (82 79)
99: 83 3 (18 82 62 63) 90 56 13 (49 6) (97 12 27 57 53) 61 (52 80 78 88) (45 21) (100 70 11 96 26 85 60) (46 5 98 47 77 94) (73 59 41) (79 24) (17 89)
100: (65 59 81 14 44 30) 53 (32 69 99 91 1 88 87 86 82 23) (28 79 48) (94 54 51) 98 8 (12 83) 4 (47 25 17 11) 19 (78 89 90 26 7) (13 76 100 75) (20 45) (58 21 52 36) 80 (46 73) 24 (97 67 93 60) (27 5 77) 63 66 (72 9 68 6) 40 (33 41 3) (34 92 64) (31 96) (50 2) 49 38 15 (95 84 42 62 57 85 56 10 55 22) (16 37) (35 39)
1: 66 16 (71 27 78 96) (6 69 100 32 75) (85 26) 33 64 (97 37) 47 (77 54 58 28) (22 84 41 92) 2 38 (65 3) 63 89 (49 74) 53 (30 70 5 95) (9 91) 17 (45 57) 81 (46 67 31) 52 (43 29 83 62 73) (61 11)
2: (74 42) 82 (41 27 47 26 100) 31 (51 58) 13 (66 16) (80 25) (2 71) (92 75) 70 (62 36) (79 55) (38 18) (95 54 22 1 19 78 77 29 52 86 3) (63 83 81) 49 84 (90 17 98) (85 5) (97 37 69) (33 61 15 65)
3: (92 90 86) 70 89 (99 84) 17 5 (65 52 29) (83 30 38 11) 50 100 (49 3) 45 (22 46 75 95) 37 (81 43) 15 76 77 68 47 (63 78) (58 27 2 56) (9 71 97) (66 59) 74 34 (26 51 41) (72 31) (61 24)
4: (26 32 17 41 66 84 100 91 78 98) (29 58 79 82 81 38 95 52 65 20) 74 (93 77 22) (16 3 97) (92 44) 56 (90 37 80) 9 39 (72 2) (71 68) (49 89) (5 96 31) (27 61) 73 51 (43 47 30) (24 45 69 85) (86 62 46) 70
5: (50 32 29) 71 92 11 (47 73) (43 38 70) (41 62) 45 3 28 (84 59) 79 90 (30 72 37) 56 61 (17 64 27 69) (98 16) 9 (6 26 89) 18 (19 57) (49 97 31) 34 78 22 100 (81 52 91) (67 53 5 66 2) (95 77) 15 (99 12 42 65) 8 (86 25) (96 75)
6: 74 82 (77 64 5 37 91) (75 78 85 92 36) 25 (22 68) (69 98 90) (97 6 47 62 45) (52 71 31 70 83 79) 99 51 (61 53) 65 80 (8 17 29 3 89 27 95 49 28 100 34 2) (15 26)
7: 66 37 (96 11 56) (17 97) (26 92) (100 52 71) (82 41) (70 16 59 75) 80 (6 29 54) 45 65 (38 67) (36 90 1 72) (42 2 40) 63 77 (73 78) (13 49 61) (25 81 91 62) (3 79) (30 15 27 31) 64 58 (76 34) (84 83)
8: 47 (69 82) 24 73 45 (78 100 26 63) (81 17 74 97) 18 52 (68 85) (5 61) 77 (72 70 51) 49 (9 91 2) (11 25) (22 92) (36 66) 86 (75 65 71) 98 (27 16) (37 31) (90 15 53) (42 3 30)
9: (23 72) (71 26 36 25) 69 (84 44 3 34 70 15) (31 11 73) 76 (5 29 24 37 2 1) (32 83 85 17 49) 42 (92 89 100) 77 66 (97 9 52) (65 74) (56 45 58) (75 90) 16 63 (38 67 54 62) (79 78)
10: (26 72) 100 (12 74 66) 85 (3 75 28 64 78) (63 2 1 91) (40 51 31 52) (70 9) (17 61 36) 89 77 (92 65 56) (11 35) (95 22 80) (38 71) (79 29) 68 32 (5 86) (43 49) (83 30 73 58) 27 (97 34 81) 6 45
11: 3 27 (29 37 44) 36 (74 9 65 17 67 61) 69 47 (56 72 77) 82 31 (85 84) (97 2 58 15 98 75 22) 16 49 62 (51 99 26 70 90 18 1) 86 25 (78 60 38 43) (66 100) (5 79) 91 59 (55 64)
12: 69 77 66 (37 22 71 68) (45 72 80) 5 (49 34 75) (12 51) 26 (50 61 3 20) (38 36 25 96 2) 100 (47 33) (30 65 74 28) 31 95 42 9 98 (97 64 18) (52 59) 29 (70 79) 99 (27 78)
13: (85 89 75) (73 65 87 31 100) (52 91 34 80) 96 (5 26) 40 (83 99) (86 3 25) (9 66 46) (71 77 61 49) (72 6 38) (78 97 92 37 53 29 42 70 58) 16 (51 11) (35 47 23) 30 39 (2 74 27)
14: 37 (36 47) (90 91 69 17 29 66) (71 97 3) 1 (15 85) 74 (2 18) (100 79) (51 25 44 38) (32 56) (61 86) (6 27) 72 16 (34 77 26) 31 (84 49 21 5 22 78) 65 64 (45 52 68 73) 75 (67 70 20) 92
15: 51 (16 32) 24 (83 61) (17 95) (28 58) (27 6 97 9 100 1 3) (85 45) (74 77 81 5) (55 70 75 91) (66 92 69 80 29 2 72) 15 56 41 37 (31 64) 42 (71 38) (90 26) (65 78) (25 50 82) 49
16: (50 65 75 47 91 49 30 46) (100 9) (27 78) 96 (95 66) (45 52 41 85 32 20 1) 79 70 15 (97 92) (73 29 31) 23 3 (22 26 58 89) (17 33) 77 67 (61 6 80 5 28) (90 81 11) 98 38 (2 64 63) 37
17: (77 6) (63 59 69 31) 99 32 72 (91 56 78) 75 (92 27) 5 (73 46 97) 66 (67 100) 51 9 (45 2 17) (3 18 70 26 29 61 42 80) (58 47 15) (90 11 71 52 30) (74 22 65 49 86)
18: 30 26 (82 18) (65 83 49 69 29) (84 6 64 58) (73 86) 79 (46 3 77 71 17 43 96 47) 97 (11 31 25 61) (66 8 99 9 27) 2 (72 80 37) 90 78 63 (15 92 1) 41 (85 57) (36 74) 62 52 91 98
19: 86 5 (58 57) (26 66 23) 73 (91 22) 61 29 83 (74 56 85) 71 25 77 (42 97 20) 51 72 (34 75 92) (2 78 50) (98 96) (100 11) (70 47 63 9 90 27 45 6 31 17 15 3 49 28) 52 (79 37 54 69 18)
20: (72 75 77) (92 79 29 42) (43 25 82 73) (61 31 26) (16 98 15) (11 30 27 90) (49 84 51 85 70 44 62) (20 5 66) (45 28 53) (6 96) 58 (40 3) (74 91) (86 41 52 12) (100 97 81 64 78 69 83) (22 47) (32 2 38 37 36)
21: (51 41) 63 96 71 (37 99 6) (43 72) (26 95) (23 64 5) 68 (22 30 18 98) 86 (15 90) (58 31 49) (97 1 69 66 25) 2 (81 77) (3 17) (78 61) 27 9 (65 36 52 38 73 100 75) (74 70)
22: (5 17) 37 (90 45 34 65) (94 42) (80 9 46 95 72 28 62 16) 83 25 (53 50 69) (96 30) (32 36) 57 (31 71) 24 (92 85) (3 78 51) 66 (77 43 75) 47 100 (18 11 81 29 15) 48 (84 70) (58 2 52 89) 97 (27 61 86 49)
23: 20 97 (45 49 52 68 71 86 89) 69 66 84 6 (25 87 43 72 96 47 35) (29 34 75 56) (100 48) (92 77 95 80) (58 36) (19 85 90 3 30) 38 26 (73 91 2 8) 83 (31 59 40) 63 (98 37 61) (17 5) 27
24: 25 (49 99) (71 1 78 92 9 3) (34 66) 43 38 (32 70 61 27 2) (20 96 83 97) 6 28 (17 30) (75 52 82) (80 36) (29 11) (77 86 74 16 37 5 65) (72 59 58) 90 (68 15) 22 (51 31) 26 45 (50 69) (53 100) (64 18)
25: (83 63 90 50 49) 69 18 51 (92 26 2) (16 24) (37 85) 53 (79 17 6 36) (12 15 5 52 74) (97 71) (38 96) (3 58 42) (91 65) 81 (75 66 29) 54 (30 1 47 31) 27 (86 95 32 84 82) 61 77 (100 43) (67 80)
26: (12 92) (13 41 74 49 79) 25 (29 99 38) 51 97 27 (91 32 61) (65 1 85 5) 37 69 (96 81 68 86) 18 (30 9) (52 36 78 26 34) (42 2 64) 77 (17 67 70 31) (100 56 73) (66 3 83)
27: 26 86 (28 5) (66 45) 68 (75 92 2) (81 49) (1 78 85) 31 (48 6) (25 46) 27 3 43 99 (65 90 71) (38 32) (82 74 95) 52 (87 91 58 9) 61 (12 13) 63 72 (51 100 29) 34 (77 17) 80 (69 30 44 70) 37
28: 44 (58 96 46 52 89 26 45 68 41 24 91) 29 37 (70 78 5) (47 69 75 43 31 3) (25 66) (49 85) (11 86 30 67 92 27) (33 18 77) (100 74 56) (12 97 80 61 51 55) (81 2 71 6)
29: (92 97 87) (59 73) 65 (68 66 36 39 89) 77 27 42 45 82 (15 84 58 16) (75 85) 8 (29 28 31 72) (47 61) (3 6 80 52 5) 74 (62 86 26 78) (91 30 90 51 81 21) (17 64) (79 2 56 1) (49 24) (70 98 13 67 69) 71 (9 38)
30: 90 (100 70) (86 71 97) 47 65 (26 25) 3 (92 69) (91 16) (80 73 83) 45 (98 49 9 89) (27 72) (61 62 29 77) (81 66 78) 17 (63 37) 85 (75 15) 51 1 30 74 (52 22 76 43 28) (31 5) (96 2) 67
31: (26 51 70 31 84 63 89 50 81 44) (36 94 58 42 37) (73 3 11) 53 15 49 (5 65 27 25) 75 (95 38 45 68 16 30 77 64) 90 52 46 (72 86) 2 (61 69 66 97 71 17 100 74 62 92)
32: (5 13 71) (98 27 67) (59 77 9 95 52 75 80) 70 (49 66 45 31) 39 (46 57 97 100 41 51 36 47 61 91 4 73) (81 26 42) 85 (3 72) 16 (30 65 79) 29 (90 1) (84 44 86) (58 18) 6 68 37 (25 78 96 92)
33: 89 (71 38 98 86 56 63 28 69) (15 61 25 82) (51 45 58 95 84 65 50 81 78 66) 100 68 (97 90 62 96 79) 16 26 6 (57 35) (53 34) 47 17 36 (83 91 77) 3 80 29 23 (87 9) (37 73 49 75) 31 (52 27 92) 30 (2 93)
34: (61 98) 77 (54 30) 16 (85 41) (9 86 52) (38 84 96) (80 50 70) (75 58 17 31) (89 28) (15 91) (95 36 26 47 97) (49 56 63) (11 100 24) (3 78 76) 79 (51 65 29) (69 2 5 92) 67 (71 20 25 27 14 6 68)
35: 31 45 (67 58) 86 (15 69) (42 63) (41 83 34 29 95 6 26 66 71) (20 49 81 2) (27 68 52) (21 65 25) (60 80 75) (53 91) 5 (62 78 90 97 47) (44 24 50 17) 100 (9 37 61) 70 (16 77) 51 59 (12 46)
36: (26 29) (41 49) 95 (77 36 22 75) (55 28) 38 66 (51 45 80) 65 (68 42 37 31) 73 (27 79 89 50 97) (86 24) 72 (61 98 78 7 11) 93 (90 18) 2 32 (59 3) 17 69 70 (16 5 15 12 96) (63 100) (34 13 84 92) 30 6
37: (80 43) (89 97 31 22 64) 96 83 (69 18 51) (77 6 74 34 27 76 66) (92 68 3) 85 61 11 95 81 86 (58 26 9) 78 (15 52 100) (2 49 47) 46 90 (65 38 75) 33 (29 72 37) 17 71
38: (32 65 51 69) (49 70) (6 68 40) (77 36 83 15 78) (98 31) 66 (41 74 72) 26 (24 17 67 29 13) (16 45) (100 84) (73 90) 76 (3 9) (5 37 61 95) (27 30) (2 97) (91 60) (64 96 58 71 92) 86 (75 85) 80
39: 53 (87 6) (80 17) 72 28 (42 89 21 27) 78 (38 2 95 59 32) 31 (74 75 50 73) (20 47 64) 26 (5 49) (70 77) (92 83) 18 (97 45 66 3 35 67 54 98 51) (61 63 90 100) (69 44 86) 37 (60 36 71) 33
40: 50 97 85 (68 6 70 52) (3 84 78) (31 77 43 100 64 30 5) (45 27) (37 26 2) 66 71 61 (46 96 80 44) 73 (25 34 72 79 86) (24 20) (17 56) (65 9) (11 18) 36 (47 49) 22 67 (57 32 91) (28 16 51 15)
41: (61 2 41 32) (49 33 17) 37 91 (42 3 59 16) 30 10 92 85 5 50 (15 43 27 81) (69 11 20) (31 26 57 29 51 97) 86 (70 80 77 72) (6 78 62 1) 90 (25 58 9 74 75) 71 52 67 (47 65 73 66) (99 24) 100
42: (31 77) 3 (75 95) 66 74 (90 17 5 69 71) (70 43 53) 22 (72 30) 86 (21 62 24) 32 93 (92 42 29 98 28 9 27) (36 84 68 6) (2 8) (89 91) 61 (37 26 82 58 47 76 25 48 78) 100 (81 49)
43: (65 11 53 95) (73 26 47 61) (46 30 91 37 74) (42 70 27) 81 (3 79 18 72 5) (80 76 52 6) (85 31 89 56) 75 35 63 98 (77 50 34 2) (66 16 97) (90 45 59 28 93 92) (32 49 64) (69 25) 78
44: 65 (24 95) (15 1) 79 (82 77 9 5 6) 28 (59 25) 38 27 (18 90 12 84 2 57) (3 69) 78 (62 100 49 36 40 96) 52 (97 42 94 4) 11 (26 51 17 70) (92 31 47) (73 89 58 41 23 86 71) 22 20 (61 37) (64 91 75 45)
45: 11 (18 82 71 80 81 52 2 57 49) (20 66) (26 25) 53 (83 69 1 61) (90 77 86 62) (72 31 64 73) (100 41) 78 (3 99 37 6) (98 68 5) (75 47) (85 43 65) (29 16 97) (30 51) (44 56) (27 70) 95 (63 13 45 17 84 9) (92 38) 22
46: 38 (31 27 61 49 40 30) (45 26) (69 96 100) (99 68 91 70 62) (42 78 66) 77 (74 1) 51 34 (64 76 72 29) 52 67 2 (37 3 92 4 73) (16 90 75 17) 28 (15 32) (63 58 84) 22
47: (92 64) (50 5 72) (32 88 79) 17 77 (28 99 71) (40 20) 38 (36 25) (37 6) 68 56 76 (26 100) (2 90) (8 27 60) 74 (73 61) (22 46 80 13 62) (39 82) 78 15 (12 34 69 45) 83 66 (97 52) 91 49 75 (3 89)
48: (12 66 17 33) (74 75 98) (65 16 71) (9 38 90 97) (49 69 91 79 70 21) (29 58 31) 96 81 (72 83 50) (27 56 85 26) (37 77 61 23 92 36 78 63) (68 84) (34 5) (51 11 100) (3 47 46 25) 52 (44 2)
49: 65 (90 17 50) 26 (89 67) 99 37 (61 70 32 68) 58 73 44 (31 75 77 3 22) (5 54 25 27) (18 78 81) (71 47 69 49 38 66 85 74 84 16 56 6 1) 79 (52 24 36) (45 29) (2 100) (80 34 92 86 28)
50: (11 31 72 2) 92 96 (50 66) 65 (41 43) (75 77) (26 78) 86 49 (38 16 6 34 36 64 68 61) (98 24) (27 69 73 97 17 90) 80 (45 100 79) (47 52) 5 (29 32 85) (70 71 37) 89 9 (58 3)
51: 53 (100 80 40 29 31) 52 74 20 (75 85 26 46 32 72 79 42 47 92) 25 38 66 (10 61 65) (90 3) (68 1 86 82 81 9) 91 (30 43) (17 59) (58 5 8) (34 18 77) (95 27) (11 16 37 49 55 97 28 22) (6 2 78) (84 69 36) 35
52: (12 58) (79 91) (81 1 22) (83 60) 80 71 42 (63 29) (61 3 72 5) (99 98 66 37) (49 17) (31 2 57 69) (100 52) (90 78 9 75) 26 (28 15 65) (68 27) 51 (38 85) (89 41 77 32 6) (93 34) (47 45 84) (92 95)
53: (66 51 34 92) (85 70 49) (81 58) 59 100 90 (37 61 8 78) 29 (77 99 3) (20 75 42 69) 82 (73 27) (45 5 97 31 91 47 52) 98 11 26 2 17 25 63 (32 18) (71 74 44 41 84) 9
54: 70 86 (38 29) 80 69 (52 90) (25 84 75 100 51) (61 33) 66 (17 3) 83 67 (27 91) 36 32 (64 49 10 78 5 65 98 37) 74 (97 47 77 2 15 58 63 31 26 9 81 68 6) 71
55: (29 36 74) 86 (46 57) (52 9) (97 17 48) (68 27 5 62 78) (91 20 72) (65 98 73 75 100) 77 50 (58 42 71 24 15 51 63 84 35 37 81) 56 3 (64 26 80 95 61 66 32) (67 31) (11 92 16 43 2 41 49 70 45 79 47 83) 33
56: 46 (43 30 26) 86 53 5 (44 22 28) (17 58 29) 66 (36 65) 78 72 (38 9) (69 6 95) (37 100) 3 (93 61 56 64) 51 31 (1 32 97) 34 (99 49) 50 (84 92) 18 (25 16 2 71 89 11) 74 (85 59) (57 27 77) (75 42) 91
57: (49 78) 29 28 (100 37 80 44 45 99) 98 (1 27 9 73) 76 74 (25 26) 47 (70 5 34 72) 38 66 (82 52 30 95 17) (22 32) (58 85 15 11) (97 77) 79 (3 53) (92 89 41 96) (90 61 86 91 71 16) 75 (51 31) 2
58: (86 98 25) (13 42) (79 30) 17 2 (95 29 8) (73 38) (5 55 37 60) 70 (26 61) 97 (27 45 75 12) 71 (6 9) 44 41 (66 62) (65 3 82) 84 52 (77 34) 83 (78 100 92 90) 63 (58 31) 49
59: 49 (15 43 63) (52 16) 85 (9 2) 75 (72 56 90) 25 (21 98 70) (99 1 67 26) 92 100 97 77 78 (6 27 32) 62 (68 76 37 65 31) 74 (83 61 45) (58 81 30) (64 91 96 42 18) (59 89) 82 (3 51) 66 36 (71 29) (80 69)
60: (86 61 36 80 93 11 18) (2 29 3 52 91 17) 37 (78 10) 51 (75 34 27) (67 66 44 71 49 62) (5 63) 6 53 47 100 73 85 (92 30 31 79 43 90 77 96 26 95 59 68 83 99 97 58 48 16 9)
61: (98 96) (42 70) (45 91) (16 38) (95 26) 75 (82 77) (59 2 78 3 69) (90 52) 68 72 (15 99 84 66) (64 80 11) 44 (61 37 24 31 92) 32 (97 36) 47 (49 57 9 27 41 71 30 51 76) 65
62: (47 3 77 43) (96 29 22 91 99 73) (83 24) (26 90 53 80 58 15 75) 71 (69 27 86 6) 2 68 (85 42) (46 49) (97 45 62 56) 37 (31 72) 50 74 5 (25 66) (70 32 36 100 33) (78 63) (92 30)
63: (9 32) (64 98) (52 79) (21 31) 22 84 (83 5 86 65) (71 75) (62 49 3 27 91) (42 97) (73 15 58 53) 78 17 66 (89 2) 43 (38 96) (61 100 29 92) 51 47 70 99 (45 11) 25 77 (6 90)
64: (17 68 47 79 50) 45 (66 91 16 65 74) (80 53 90) (49 37) (84 29 38 36) 3 86 56 (52 73 71) 89 (64 26 59) (72 44 70 27 18) 95 (15 10) (61 31 96 5) (78 30 6) (77 43 25 92 97) 58 (100 75) (34 2)
65: 63 (25 69) (36 59 37 57 61 83 67) 85 (82 6 15 75) (52 89 26 27 17) (2 53) 70 (77 33 22 78 49 92) (51 9) (3 16 29) (42 96) 24 (100 47) (11 28) 66 46 (31 90 34) 91 (80 97 58 87 72 95 38) (60 74 40)
66: 88 (58 92 53) (26 3 89 85) 59 (61 22 51) (79 75 36) (30 33 24 66 45 37) (84 100) 52 (11 71 47 72 38) 77 42 (2 41) 96 (1 8) 56 97 (49 32 98 65 90 34 17 78) (15 27 63)
67: (11 91) (68 69 84) (79 49 17 80 97 28 9) 32 (6 54 31) 65 (56 98 52 77 90 59) 86 (63 38 44) 34 58 (57 78 51) (27 66) (72 20 92 67 23 50) 75 13 (37 29 71 45) 3 (26 5) (36 70 22 81) (61 25) (2 100)
68: 34 51 (64 58) (68 32 47 78) 37 (11 100) (42 71 5) 27 (66 36) 3 (92 28 25 89) (52 86 2 20 91) (14 49) (15 77 85 65 75) (74 72) (70 82 17 61) (21 30 79 9) (41 6) 96 29 26 (31 69) 56 (97 90) 73 22
69: (32 21 31 2 97 63 47 83 71) (82 70 66) (89 86) (69 91) (20 22 90) (92 9 59 16) (58 5) (61 3) (68 75) (25 85 55 95) 52 37 18 77 62 17 (67 28) 29 (42 26 100) 78 45 (74 15 84 27 49)
70: (78 77 87 51 85) 66 30 99 (84 21 76 97) (36 32 69) (80 54) (16 50 29 71) 73 26 90 (28 75 74 58) (12 2 31 89 44) 70 (27 57 91) 96 (25 38) (37 72 22 83) (64 6 49) (79 3) (47 45 86 17 52) 61
71: 38 (37 75 11) 61 (30 84) 22 71 90 (27 67 3 17 15) (42 70 26 2) 64 (25 69 24) (89 45) (16 58 78 36 29 47) (97 62) (77 82 9 68 92 20) (49 28 31) 18 98 (95 66) 65 (74 32 52 63)
72: 43 78 (31 68 25 18 49 97 27) 2 (26 66 16) (8 85 52 71) (20 3) 95 (5 47 90 73) (77 29 75 100 74) 64 (84 61 70) (41 32 82 9 51) (72 37) (13 81 89 86 80 17) 92
73: (24 5) (56 77) (50 59 54 26) 38 (25 89 29 2) (100 9) (27 95) (70 51 17 92) 49 (99 90 93 69 20 45) 34 (6 47 71) (78 79 65 43 35 83) (13 74) (58 37 62 75 86) (66 31 30 44 73 97 68 3)
74: 49 (97 3) (12 84 56) 68 (90 28) (65 51) (36 29) (66 5) (86 83) 33 (25 71 34 16 77) 18 (55 62) (74 1 17 73) 98 (89 45 95) 2 (91 75) (31 50) (9 27) 85 (80 37 30) 41 (69 78 52 70 47) (15 58 26)
75: (34 75) (31 70 79 69) 44 (72 71 67 94) 40 80 (11 77 16) (52 97) 3 15 50 (86 26 43) (6 45 95 91 29 2 13 17) 61 58 (37 35 65 25 27) 92 47 63 56 (100 53 22 5) 28 (49 1 78) (90 51 62)
76: 98 70 (47 26 41 6 73 32 25 5 33 72) 28 (51 78 59 69) 3 97 (92 16 52 82) 11 (62 85) (55 9 77) 66 (91 49) 64 (96 31) 75 86 61 (89 30 17) (58 34) 29 (27 44 90) 100 38 (65 80) (74 45) (2 50) 71
77: (52 47 28 64 2 63) (15 5) (92 79 3) 95 (96 13) (42 22 25) 43 (36 90) (73 46) 24 (6 71 75 31 9 99) (34 16 37 30) (78 26) 38 53 (66 100 18) (61 68 97 91 65 50 29 27 62 45 32 77 89 80 72 49)
78: 75 (22 47 33) 72 (64 61) 18 82 (98 51) (27 34 77) (41 32 78 99 71) (30 90 37 84 85 49 5 9 66) 36 (6 31 2 68 67) (96 81) (43 29 58 25) (83 92 26 70 91) (100 53 40) (57 86) (45 65 59 89) 3 (15 19) (38 56 17 69)
79: (65 28) 25 (86 17 52 77) (27 79 29 51 6 80) (12 91 15) (49 18 78) 85 (26 69) 20 (59 46) 97 99 2 (83 5 90) 8 (67 92 64 89) (47 63 31 9 34 66) 72 (30 1) (68 22 98) 3 37 100 96
80: (9 66) (36 81) 17 27 (45 47 2 68) (96 78) (95 28 26 30 52 65) (83 74 90 15 79) 97 (62 100) 61 (80 99 72 1 64 33 70) (31 32 38 5 3 29 58 73 49) (37 77) 86 (75 22 56) 71 18 92
81: 40 (66 92) 38 97 (63 31 22) 75 6 15 5 79 (24 46 13 37 65 100) (91 68) (18 90) (27 51) 34 36 (77 29 49) 32 69 17 61 (80 85) 47 3 (35 78 83 71 52) (72 58 26) 2 67
82: (98 26 76) 86 (65 37 96 42 38) (61 33 70 66) (30 28 20) 45 (95 53 77 3 2 62) (49 27 99 69) (75 11 47 91 58) (84 90 41 18 100) (5 44) 46 (50 92) (29 78 17) (83 51) 36 (31 25 97) 9 59
83: (77 3) (80 6 76 9 15) 5 (66 78 70) (65 71 86 97) (61 81) (90 45 31) (58 51 29 52 73 79 100 37) 2 63 17 (47 28) (26 20 74) 30 44 (99 40 69 84 49 27) (24 11 43)
84: 37 (69 31 49 44) 95 (79 9 76 30 52 18 41 36 61 75 45) (17 68) (29 2 6) (73 90 70) 78 (91 74 92) (97 66) (47 38 51) 3 16 58 (24 5) 27 67 72 (22 25 100 77)
85: (61 69 68) 47 (49 70) (96 50) 65 (66 16 71 1 26) (32 25) (73 59 99 39) (95 85 79) (100 5 57 72 2) (37 78) (63 62 81) (46 75 41) (3 86) 64 27 83 11 (90 31) (80 92 77) 6 (17 52) 30 (74 9 97 98 22)
86: (52 71 74 38 27) (77 92) 31 (3 58 78 43) 1 (49 26 37) 17 (85 80 30 84) 91 (96 61) (15 90) 51 25 24 2 (12 48 5 47) (6 66) (93 100 42) 8 16 98 (59 44 97 82 29) 86 75
87: (32 78 44) 31 52 5 (98 9 17) (22 36 49 71) (95 3 6) 77 (83 15 80 75 20 37) (92 16 90) (96 42) (86 64) (89 69 81) (2 97 65 73 27 26 47 74 91) (43 72) 100 (70 38 58) 67
88: 42 49 45 99 (37 93 91 27 83 69) (64 57) 30 78 (80 86) (65 5 67) 77 (74 95 3 71) (2 9 18) 29 (100 58) (62 26) (70 89) 66 (24 20) (92 17 97) (44 73) (52 31) (82 16 47) (84 72) 38 (90 75)
89: (79 36 71) 75 (61 90) (80 96 30 77) (26 49) 63 (78 9 84 86 27) 33 (3 97 17 31 57 70 95 32 37 28 89) (73 22 100 66) 11 (24 58 44 1 2) 18 5 (74 25 14 41) 52 99 (60 69)
90: (80 28 78) 77 30 (91 57 45 90 72 69) (58 9 49) 79 (92 86 89 61 71 99 2 84) (6 26) (65 32 27) (1 100) 25 63 29 (31 37) (66 75) (96 52 97 3 46 42 35 16) (17 5 43 56 41) 33 (74 73)
91: 98 (34 11 70 83 72) (29 79) (74 75) 52 (6 37) 69 25 86 22 (17 68 96) 38 85 (93 32 26 73) (31 16 2) 49 (18 3 8) (13 27 100 91 71 59) (77 5 46 81 95) (78 97) 61 90 (92 64 51 30) (66 47)
92: 30 (22 39 90 5 91) (61 64) 62 (73 78 69) 68 (29 75 13 45 31) (67 92 27) (83 18) (81 72 37 24 50 6) 2 (58 52 79 51 97 66 32) (77 80) 3 (36 17 1) 95 49 (100 86)
93: (5 16 70) 3 (100 77 6 69 33 58 27 18 71) (66 98 37) (2 72) 45 95 (52 25) (34 75 83) (84 51) 90 (42 78 89 79 9 43) (97 29 85) (96 87) (38 26 21 30) (31 92 49 46) (65 91 47 80) 63 (11 73)
94: (42 20) (90 49) 91 17 (79 39 31 61) 27 (77 69 57 52 37) (18 50 36) 65 (85 70) (86 58) 68 80 (38 11) (82 44 6 71 95 32) 78 (75 99) 2 (30 5 98 81) 56 (15 45 29 26 100) (62 72) 41 96 9 47 (97 92 89 84)
95: (37 77 32 98 91 27) (65 97) (78 71 74) 49 (56 100) 80 61 (17 52 9) (55 2) (70 58 84) (15 69 33) (26 53) 5 51 (25 42) 90 (46 29) (50 22 72 75) (68 38 31) 66 (28 73 16 6 47) (92 3)
96: 44 (83 85) 67 58 (84 98 91 43 18) (97 28 92 66) (75 11) 100 (17 27) 72 37 (35 63 78 51 36 26 70 61) (99 93 2) 8 (71 5 30) 59 (68 16 6 80) (25 3 73 29 42 90) (41 47 94 49) (74 31 53 77 79)
97: (51 20 91) (76 98) 97 (29 62 70) 78 (82 33) (12 74 95) (99 92 11) 49 100 71 80 3 (28 77 57 81) (31 43 45) (64 38 96) (18 65 86 84) 61 47 (50 68 22 2 58) 5 72 26 (9 27) (36 37 90 41 75) 15
98: (12 65 68) 50 (72 75 20 100 26) 80 (66 30) 17 5 42 (38 52) 2 (59 15 36 47 32) 70 (29 86) (78 46) 56 9 (69 43) (61 37) (91 73) 63 (82 67 16 99 3) (97 77 85) (74 25) 58 31 (76 6 49) 27 1 96 64
99: (2 50 61) (57 27 86 98 23 47 15) (31 100 45 81) 66 49 97 (38 77) (62 79 51 92) (67 9) 26 6 (95 28) (58 16 73 89 78) (32 11 64 75 24 41 80) 5 59 (29 72) 18 3 70 42 (68 52) 71 69 90 63 (17 22)
100: (36 91 52 5 9 43 90) 15 (69 86 59) (100 38 20 25 92) (89 31 22) (47 72) (17 85) (44 18 27 37 11) (77 75 97 70 99 66 49 73 26 51 58 78 80 98) (53 34) 45 (21 29 3 61 2 71) 96
