100 100
1: 81 15 33 (28 6) (73 95) (72 62 11 21 76) (40 94 54 49) 48 23 (24 41 79 87 22 47 10 93 91) (56 74 57 59 89 42 52) (13 44 96 43 82) 99 (20 64) (97 39 38 61 51 71) (4 27 100 32) (7 67 60) 8 (19 98 69 31 45) (80 66 70 88) 18 (92 85 12 53 63 9 35) 16 (5 84 30) 14 (25 26 29 65) (3 36 34) 46 86
2: (54 13 37) 3 (20 27) 18 (17 23 87) (73 64 68) 95 (52 48 1) (22 6) (60 82 69 74 71) 91 (7 83 53 31 4) (56 29 38 9 40 75) (58 44 62 8 33 72 24) 19 (45 55) (34 88) 43 57 46 79 (93 86)
3: 18
4: 13 (99 90 76) 96 77 8 (49 14) (47 4) 100 44 (95 41 84) (93 66 20 52 48) 29 (51 16) 94 (31 3 6) 85
5: (53 19 81 55 78 62 37 44) 97 (89 93) (75 30 85 68 86) 67 98 (15 10) (70 26 13)
6: (5 20 4) (59 80) 71 (9 97) (64 35 79) 70 19 (31 34) (1 62) 28 (47 74 38 7) 57 (46 77) 37 95 29 36 (24 61 45)
7: (13 62 19 60 81 23) 31 (59 29 88 10 21 85) (89 74) 65 (41 53) (25 35 8 58 34 68 17 20 98 11)
8: 81 (39 73 44 62 59 52) 47 (91 41) (3 14 97 1 88) (24 78) (6 87) 54 71 (77 2 74 40) (30 61) (51 69) 16 (38 49) 65 (79 66) (7 98 9) (42 10 92) 70 (89 48) (50 100 8 22 21) (64 34 63 11) (67 29 56) 43 25 26 (55 53 5) 20 (58 76 28) (31 80 13) 27 (86 99 12 45) (19 57) 84 23 (17 82 33 85 18) (72 37 75 15 93 95 90 94 83) 32
9: (14 31 58 25 7) 100 (98 4 93) (53 99 88 84 87 59) 5 (45 9 71) (39 57 42) (48 73 92 94 2 15 85) (35 55) (77 43) (10 20) (86 34 75) 6 (37 36 41) (74 65) (21 67 82 49) 61 89 19 (90 56) 24 (81 44) 72 78 (83 64 18) (28 16 79 23) (51 40 11) (26 62) 80 (30 38) (47 95 46) (22 12 13)
10: (69 17 68 86 56 6 87 10) (28 98 100) (57 19) (92 93 37 50 51 16) (4 67) 30 (60 9) (34 81) (76 18) (8 49 1 79 73 11 61 12) (83 3) (7 15) (40 36) (33 71) 82 53 (58 38 46 5 42) (62 25 95 14 21 99 94 84) (65 31 24 55) (72 23) (74 29 32) (78 39) (66 44) (88 47 85) 96 (80 89) (90 43) (26 27 22 54 91) 52 45 (70 13 59) (97 64 77 35)
11: (87 91 50 15) (23 97 53 9) 51 (13 33 4) 41 18 (22 26 31) 67 (71 81 25 17 21) (68 38 85 43) (63 56 44 61 14) 48 (93 28 10) 99 29 49 (39 32 58 12 95 59 69 82 94) (72 46 16 45) 76 (98 79 92 62 11) 78 (55 5) (2 57 54 34) (42 80 1 74 89 75)
12: 86 (16 22 54 15) 35 (21 68) (48 98 83 1 36) (64 66 28 24) (42 32 99 65) 26 75 81 (90 74 17 76) (30 95 57 59 12 58 14 2) (4 82)
13: (22 99 40 79 24 35 78) 6 1 (41 60 68 43 53) (74 67 16) (27 73) (3 37) 62 (72 97 83 63 54 98 8) (32 11 65) (10 86 56) (28 2 85 7) (33 76 49) (88 20) 52 (81 91 42 80 87) 90 (12 95)
14: (91 1 58) 10 28 80 47 93 (17 70) (7 32) (21 5 53 63 67 30 14 90) (66 16 18) 3 (84 64) (52 20 77 96) 26 (6 33 40 43) (81 27 24) 22 (42 55 41) (85 25) (57 36 11 69) 72 (87 23 49 62 92 100) 59 (15 76 56) (83 60 9 39) 34 89 50 (98 8) 51 (54 79 94) (68 19 82) (88 12) (97 2 29) 75 (38 78 46) 31 (65 61 73 86 37 99 35 74 13) (45 44 4 95) 71
15: (92 20 66 93) (46 24 85 77 48) (3 36 38) (89 6) (44 14 47) (91 11 75) 99 (56 29 84 26) 9 (51 79) (2 69 5 96)
16: 22 37 35 (66 74 25 71 5 1 52) (48 84 64 4 59 47 83 56 46) (24 53) 98 (58 95 91) 49 (90 45) (57 77) 14 (50 51 73) (26 39 62 28 16) 33 (40 15 21) (100 79) 87 54 (61 36 23) (65 86 85 80 38 81 76 82 30 7) 92 (75 60 89 8 63 11 78 88) 93 (42 69 13 3) (10 94 20 6 29 41 67 34 17 55) (32 19 43) 70 (97 31) (12 18) 44 72 27 (2 99 9)
17: 50 (73 44 4 85) (95 53) (65 99 97 14 71 37) (82 51 48 16 87) 98 (81 33 94 88) 3 25 (59 56 83) 6 (32 66 38) 30 47 (91 34) (20 90 31) (93 63 21) 68 (1 40) 8 24 (58 72) (9 28) (42 76 79 39 67) (12 89 19 49) (17 15 46 27 70 13) 75 23 (29 43 92 41) (57 11) 35 78
18: 79 (38 66 85) 16 (54 82 100 69) 68 33 63 59 (50 6 20) 18 23 (57 26) (90 76) (45 1 2) (8 77 36) (12 84 49) 27 (13 11 81 25) (70 35) (52 91 83 55) (53 44 61) (32 37 97 4) (31 43 9 48 62 73) 17 (80 46 93) (89 5) (7 60 86) 98 (78 94 56 92) 19 (34 15 95) 14
19: (16 21 24 69) 63 (59 52 64 8) (56 7) 73 (46 74) 10 (66 81 91 92) (51 68 85 32 99) 28 79 67 (49 45) (18 75) 98 84 14 (40 23 80 26) (36 33) (55 35 87) 47 72 (17 1 42) (76 89 3) (22 54 30 58 25) 78 (44 34 19) (39 57) 62 (86 61) 11 (31 96 13) 37 48 (4 88 94 20 12 41 93) (77 90 60) (43 5 6) (65 2) 9 71 (38 83 97 27 29)
20: 89 (88 36) (46 74 92) (80 100 61 98) (49 9 97 94 53 71 17)
21: (45 51 71 53 47 19) (39 40) 82 (22 23 78 36 57) (9 67 60 88 73 81) (15 32) (18 75 13 79) (58 16 66 28 92) (64 87 98 46) (24 61 44) (25 96) (26 52 99 27) (49 86 91) (93 76) (68 65) (95 12) (74 41 84 5 94 8 7 69)
22: 57 5 (20 79 3 48 12 46 84 56 19 36 72 80) (16 33) (4 17) 95 (29 42) (69 62 52)
23: (28 66) (51 93 40) (39 71 46 99) 54 (48 37) (59 61) (6 86 47) (55 78 69) (49 43 77 16 12) (53 84) (34 22) (82 11) (38 60 73) 95 (58 24 5 1 19 7 63 96) 45 (23 30) 33 (87 72 64) 4 50 (98 100 62) (56 15) 89 14 76
24: (76 73 79) 17 (77 89 94 59 95 56) 83 (35 31) 28 (37 21 30) (6 18 86) 85 (91 39 25 13 40) 99 78 (32 61) (66 2) 12 49 (9 58 90 53) 100 82 (27 42 68 43 22 45 47) 65 23 8 (1 93 16 14) (70 54) (80 97 67 64 92 26 52 74) (4 98 36) (10 96 24 81 75) (50 88) 5 (38 57) 34 (51 71) (11 29 87) 20 60 (3 63 33) 41 (55 48) (19 62 69) 46 72
25: (71 87 38 20) 10 69 (32 86) (80 79) (45 21) (62 90 41 82) 85 (99 44 78) 91 (55 3) 25 29 (22 18 53 56 97 72 6 4) 74 (39 98) (77 50) (35 60) 64 (58 5) 40 84 (24 19 1 27 57) (63 92) (42 13 12 8 43 16) (9 47 70 94 61) 15
26: (71 85 94 29) 62 58 51 (66 83) (92 87 34 79 54 26) (55 64 6) (9 12) (91 18) (52 3 15 11 72 35) 86 (41 63 40 53) (50 99) 89 (21 33 68) 32 (98 100 65) (25 75 31 96) (56 4 1 69 27 10) 43
27: (20 21 6 39) 24 (45 48) (34 55 85) (29 58 17 15 64 73) 96 (99 77 26 94 10) (9 66) (67 51 75) (38 62 76)
28: 56 41 (61 38) (48 33) (1 60) 79 55 (52 72 70) (34 39 14 16 4) 23 (42 88 49) (51 69) (90 27) (59 37 71 87) (21 31 18) (28 29 78) 93 8 (76 91 43 96) 9 (57 6) 85 94 (26 5 75 35 86 68) 3 84
29: (95 61 63 35 64) (68 87) 76 25 (46 5 72 84 83) (14 42 80 32) 10 (85 67 20 24 43) 28 (98 47) (81 1 23) 40 (45 73 41 70)
30: 92 77 (19 3) 59 93 (16 95) (40 75 79) (43 100 4 41) (27 74) 26 30 65 (62 80 8 9) (12 21) (34 35 39 82) (55 90 63 53) (56 22) (28 97 31) 48 68 24 (17 18) (6 13 72) 14
31: (6 2 22 69 96 74) (58 89) (32 66 75 13) (5 37 45 61 73) (47 59) (87 35) (72 93) (57 11 70) (78 65) 95 (55 54) (41 36 60) (90 14) 23 (77 8) (100 80 31 25) (28 42 85 88 34 29 63 81 7) (50 76 97)
32: 10 (46 60 97) (87 59 91 32 88 76 19 62 13 5 16 71 34) (69 83 37)
33: (39 94 19) (64 45) 15 71 (89 13 63) 17 98 11 (10 21 55) (5 61) (81 34) 47 44 51 2 (9 84 97) 83 78 (99 31 26) (57 54 80 92) (16 59) (42 67 36) 72 6 (88 77 96 93 52 53) (79 82)
34: (28 75 6 53) 69 45 (56 13) 74 (50 95 99 23 71 93 32 30) 33 (42 82 60 2 51) (5 68 26) 98 (12 29) (97 10) (17 100) 46 (88 78 16) (64 25 19 91 58) (8 72 7) 24 (59 96 41) 49 67 (14 9) (92 83 89) 39 (11 37 36) 62 65 (81 86 44 38) (79 52) (22 34 63 55) 43
35: (19 48 63 81 10) (69 23) 32 (62 70 28) 3 73 (56 83 66) (51 7) 55 67 (41 34) (25 1 84) 35 37 (71 61) 21 (59 74) (96 75 30) (80 42 14 94 82 64 46) (68 13 38) (90 79 16) 88 89 (97 49) 29 53 78 17 85 (93 45) (47 43 77 98) (24 91 65 100 57) (60 31) (92 99 95) (39 15 50 2)
36: (70 77)
37: (35 31 23 19) (92 32) (3 79 70 85 52 1 58 75)
38: 82 92 (35 83) (96 85 77) (59 8 53) (76 84) (81 23) (17 99)
39: (65 18 39) (66 84 2) (24 67 5 43 75 56) 29 (74 37 4) 70 (89 13) 12 48
40: 41 (21 85 4 77) (91 43) 98 (55 6 96) (47 71) (81 5 27 13) 36 (53 84) (95 42) 66 (2 88 33) 52 (45 11) 26 (1 68 61 72 48 56 24 40 58 80) 94 59 64 (78 89 23 73 37 29 100 63 31) (9 75 15 22 62) 16 (7 28 57 19 17) (65 3) (46 10 82) (14 8) (69 30 54 38 50 39) 97 (79 76) 67 (92 74) 70
41: (36 77 61 30) (51 12) (1 23 78) (74 5 53 66 65 56) (64 31) (45 100 75 2 99 98) 26 59 14 (92 88 52 82 90) 21 (58 42 28 46) 18
42: (5 97 88 37 91) 15 (25 30 26 60 39) 49 93 (3 78 23) 17 (13 58 53) (28 63 96 79 66 9) (32 47 41) 45 (4 65) 59 (52 64 55 29 69) 85 (6 33 8) (7 94 51 18 81 50 57) (61 42) (72 56) (10 73) 1 (19 43) 99 82 (35 34 21) (2 84) (46 87) 54 12 22 (95 11 98 100 31) 24 14
43: (34 75) 78 (98 23) 77 (4 27 39) 71 (57 10 11 61) 19 1 (33 32 84 3 5 83 2 88 44 51) 60 (87 64) 30 (38 63) 99 (89 58 50 42 21)
44: 67 (48 58) (23 19) 50 40 (54 96 32 30 84)
45: (54 86) 84 38 (23 6) (75 33 30 20 64 50) (28 90) 65 (35 78) (97 95 15 11 17) (92 19 55 67 40 93 70 79) (61 39 96 48 76 4 32) 42 (71 16) (41 13) (5 46)
46: (35 72 38 11 26 73 55 70 60 13 64) 42 59 (9 30) 82 31 (49 39 4) 84 22 5 (92 53 20)
47: (76 78) (81 96 12) (7 64 35) 43 (37 6 58) (72 18 59) (26 71 29 23) 82 (24 100) 40 4 (75 44) 56 28 66 (53 50) (68 55) 83 (88 31) 3 (30 38) (10 94) (16 47) (33 41) 74 5 51 (9 87 61 13 45 77) (80 22) 89 (85 34) 25 49 (69 93) (20 62) (42 19) 99 (65 73 98 2 79 97) (92 48) 52 27 (36 8) (57 32) (1 63) (39 15 21) (46 67) (60 86 84 54) 11
48: (73 83 60 69) 32
49: (60 40 84 21 100 9 24 6) 69 98 94 (50 91) (28 34) (8 19 44) (36 18) (93 2) 7 (43 49)
50: (92 93 63 9) 78 (97 33 21) (3 88 31 83 58) (68 94 81) (55 22) (50 48 82) 65 (7 32 24) (39 84)
51: (94 23 62) (21 9 96) (24 14) 5 (45 22 41 12) (18 50) (80 47 32) 61 68 (66 78 69 20 17 11) (19 34 89) (53 30 26 2 15) (95 67 71 77) (79 36 29) 70 (92 81 27 31 51) 90 (46 55 99) 39 (59 76) (52 60 75 48) (64 83) (16 97 44) (7 88) (84 57 8) (86 38) (1 58 100 25) (6 10 43 56 13 42 63) (98 73) 72 85 28 (35 33 37 40) (74 3 65 49) (87 82)
52: (19 37 59 99 98) 89 (8 38) 41 (100 90) 61 79 (51 25 93 48 14 24) (72 4 49 31 16 74 26) (18 13) (86 53 44 21 32 63) (66 85) 75
53: (38 77 50) (44 1 88) (6 45 23 87 20) 7 37 15 83 90 (56 18) 54 60 (31 21 76) 4 68 (73 57 79) 91 (59 24 27) (14 74) 9 11 (97 96 72 53 62) 49 40 95 71 (30 36 8 80 94) 42 (16 46) (47 99 34) (41 39) (22 48 69)
54: (6 31) (13 83 61 11 3 82 55 2) 18
55: (14 90) 40
56: (61 55 32 11 77 51 95 48) (1 21 98 29) (88 72) (42 62) 24
57: 61 60 (67 98 35 97 48 5 77 57 4 3 10 78) 95 (7 83) (17 19 15) (28 55) 76 (93 100) 53 (47 18) (14 31) (2 41) (16 64 43) (70 20)
58: (31 61) (14 86 52)
59: 94 39 (56 53 97 98) 74 85 (82 9 84 91) (50 27 59 42) (79 57) (12 66) (83 88) (58 68 76) (96 87 86) 22 (28 18 13 60 49 78) (5 8) (26 4) 2
60: 11 (86 65 37) 60 83 45 (95 98 32 46) 7 (47 94 8) (57 27 64) (10 89 25) 1 (30 67 29 53 91) 26 93 23 (33 75) (49 24 43 54) 71 96 76 (12 68 31) 62 (82 77) (34 92 2) (41 70 85 39) 73 (28 40 48 81) 15 5 (36 20) (72 97) (21 74 16) 90 35 (88 78 52) (3 38) (6 63 14) (61 42) 59 (4 44) 19 (50 58) (56 51) 79 13 9 (66 80) (100 84) 55 18 (22 69 17) (87 99)
61: (50 81 21 67 45 33 90 97) 3 39 (65 35 28) (17 74 53 5 54 69) (52 92) (22 60) 10 (48 42) (55 38) (47 29 98 14) (58 7 95 68 18) (96 72 13) (32 71 26 11 20)
62: (53 94) 57 91 (98 39 63 2 79) (31 89) (14 41) 17 92 85 13 (25 44) (61 52 30 32) (100 43 88 35) 93 (1 4 62 24 80 83 8) 48 75 18 (82 34 84) 33 (74 11) (22 51 99) (46 97 70) 3 95 66 15 (58 7) (40 73) 90 36 (76 20) (27 16 6) 77 (87 72 45) (54 86) 96 (50 26) (59 37 64) 21 5 (10 19) (68 71 42 67) 9 (81 55 28) 49 65 (47 23 12)
63: (37 8) (19 22) 50 (93 6) (64 72 57) (12 82) (29 95 23 1) 20 (86 89 35 100 2 10) (77 56 66 28) (54 98 9 61 45 67) (36 30 94 48 74 34) (31 41) 69 (71 16 33 3) (43 24 59 80) (15 4 52) (91 78 5) (58 21 49 7 68) (53 25) (32 38) (42 70) (26 14 47 40) (13 76) 46 (62 97 83) (75 84) 90 27 65 (85 55 63 81 60 39) (17 92 18 51) (44 79)
64: (63 56 2)
65: (44 63 25 93) (36 10) (2 20) (97 89 13) 85 (65 72 80 76 16 1 15) (91 46) (48 79 5) (52 84) 49 (12 26 14 53 51 60 64 83 4) (28 90 75) (57 68) (17 87 40 69 74) (61 67 19) (96 33 99 86 24 95) (100 45 34) (18 47 42 62) 31 41 (39 30) (88 11) 35 (54 81 8 27) 43 (56 23 92) (21 6 38)
66: 31 (47 46 73 72) (36 85) (33 28 63 7) 94 (19 5 32 81 89) (68 8) (64 13 80 35) (4 42 55) (86 62) (25 21 66 76 95 91) (83 75) (14 1) 100 (6 15 60) 23 (11 54) (98 9 50 74) 30 (84 90) (97 12 22 17)
67: 68 3 (52 28 81 16 82) 30 (47 76 18 70) 15 (77 61) (71 84) (66 25 74 85 50) 63 (94 86) 5 (38 24 39 9 73) 6 (60 55) (54 78) (20 75 34 11 89 64 27 83) (100 79) 29 58 42 (43 1 12 26 35 95) 59 (49 72) (62 90 37 10 93 53 8) (44 19 32) (80 99 88) (21 96) 48 14 13 (65 56 17 97) 40 (69 45) 31 (22 7 23 2 92 51)
68: 8 (91 29 31 47 38) 5 (14 78 62) (76 41 71 36) 84 80 87 55 57 19 (3 83) (50 35 18) 46 (34 96 43 22 52) (49 4 65 97 54)
69: 14 (18 17) 7 (31 40 60) (94 26 57 32) (100 2) 25 91 (36 12) (63 48) 93 (97 47) (21 38 67) 19 13 (6 51 79 65 27) (92 24) 70 (9 49 59 72) (69 55 99) (42 80) (77 30 39) (43 50) 10 (33 35)
70: (11 31) (68 34 89 84)
71: (26 30) (31 100) (11 60 74) (51 99 21) (81 96 32 20) (86 83) (89 59) 16 (78 22) (15 37) 45 40 18 (43 90 67 64 66) 3 94 93 (29 12 13) 91 (7 80 65) 68 (8 6) 92
72: (58 7) (86 16 94) (77 92 95) 53 6 (99 33 28 64) (41 67 37 52 74 100 5) 47 87 (72 83 35) (50 82 63) (18 56) (90 51 9 85) (34 8) (10 60) (69 43 55 88) (15 84 61) (21 80 59 46) 3 4 70 (14 36 66) 1 (71 27 49) (73 54 12) (11 97 98 30) (38 79 26 32) 48 (91 62) 68 65 (93 89) (2 22 17)
73: (5 38 57) (72 28 73 24 86) (54 44 23 96 91 75 88) (45 49 100) 17 60 69 (4 1 81 55) 22 (80 21 8 90) 34 47 (26 66 18 62) 51 (65 3) (25 76) (58 74 12) (95 87 20 78 46 16 85 70 27 99) (84 59 31) (41 48)
74: 79 (88 58 71 28 22) (98 80 75) (5 23 21 64 45) (55 39 36) 53 (3 60 89 63 65 67) (69 56 1) (91 11) (51 78 40) 20 (100 37) (38 62 7 34) (83 8)
75: 66 (34 39) (81 21 58) 8 24 (61 52 88) 93 (46 30 40) (25 98 28) (14 32) (96 65 69 49) 20 48 (3 94 35 23) (13 37 78) (15 1) 72 (89 85 76) (82 18) (62 83 75) (42 55 91 17 27 19) (16 67 38) 4 59 22 (44 87 71 43)
76: (80 36) (84 5 85) 14 48 (90 79)
77: (65 1 32 19) (88 62) (41 98 16) (57 74 38 55 99 71) (66 54 85 4) 20 75 95 (63 25) (69 80) (43 13 34 21 68 14) (31 6) (86 10) 27 96 (89 42 82 5 46 40) 78 (30 52) (51 61 97 39) 44 (70 12) 81 91 (76 33 36 15 77 49 24) 45
78: (26 78 84 12) 86 65 75 (77 63 61 8) 24 49 4 (71 80) (90 11) (46 67) 89 42 45 (99 10) (40 25) 18 (55 3 52) 19 (33 7 79 44 34) 82 (5 85 56 29) (28 39 95 70 69 17 66 14) (72 62 98) (48 54 27) 15 16 (50 1)
79: 10 (76 71 16 85) 44 56 46 (72 29) (34 90) (58 67) (64 59 23 40) (86 13 6 51 27 79 41 69) 4 49 (91 43) (62 11 9 37 63) (75 42 22 70) (14 73) 89 (18 74) (57 98 52) (100 38) 53 54 (35 19 61 7 32) (94 96) (48 3) 28 50 (12 95) 68 84 (39 92 66) 33 (31 82) (60 47 21 36 1) (15 45 97) 2
80: (4 14) (50 1 97) (62 73 5 69)
81: 32 92 57 (73 3 74 82 44 80) (47 83 56) 22 (13 21 49) 17 (6 54) (37 61 55 86 100 1 41 48 64) 67 88 26 91
82: (90 66 11 27) 59 (78 49 98 6 95) (61 82) (76 89) 7 (99 72) 41 (58 22) 40 (23 96) (52 42 92 55 19 24 20 62) 87 31 (2 74 51 32) (80 15) (45 25) (53 35) 94 (73 37 30 60 68) 83 71 28 (67 36 17 10 21) (29 86) 9 46 (63 91 26 93) (39 77 70 100 1) 18 (48 88 43) (56 64 85) 44
83: (26 98) 46 60 (92 41 6 23 76) 85 71 11 (37 12) 86 (49 83 51 75) (35 80) 90 39 (4 88) (2 94) (29 77) (28 43 24 66) (40 8 38 44) (64 30 27) (84 97) (34 22 73 25 99 61) (74 7) 48 58 (1 10 87 95 78 81 20) (50 14) 18 69 53 59 65 (5 82 100) (54 47) (93 36) 62 (72 19 21 17 42) 89 (52 13) (55 45) 91
84: (84 28) 33 (5 71 6) (60 99) (36 25) (34 94) (83 77 76 45 57 75) 1 (40 49) (38 87) 96 27 (22 52) (68 67) 46 (89 55 51 58 9 93 66) 24 19 (10 54 15) (2 69) 63 78 (3 13 97) (88 65)
85: 10 (23 83 87 5) 86 6 (75 54 99 93 73) 46 (59 76) (15 47) (88 95) (84 100 51 62 3) 4 38 63 (36 90) (31 64 7) 60 2 16 92 (49 91 11) 96 1 (72 78) (65 32 61 39 71)
86: (79 92 28 91 60) (83 16 8) (48 40 82 88 100 49 63 39) (55 69) (80 35 98 75 76 81 99) (77 66 13) (68 71 1 87) (29 5 84) 45 74 23 (78 19 34 58) 51 (24 70 47) 3 10 (42 12) 14 (56 43) 85 (27 22) 44 (21 96) 57 (26 89 46) 37 32 61 (11 53) (64 93) 94 (18 95 20 31) (9 15 50) 73 33
87: (52 21 28 68) (16 36) (8 79) 22 4 (2 30 27) 76 14 18 29 51
88: 69 58 (67 5) (74 26 23) (92 62 55 31 71 73 33 12 29 85) (36 79 78 6) 98 (86 52) 48 (72 50) (11 57) (28 1 83 91 14 66 68 64) (8 19) (47 82) (16 32) 13 (97 38) (9 37) (25 44 22 87 3) (17 18 93) (90 96 21) (4 89 54) (20 34) 27 (59 76 63 46 56) (53 75 35 80) 95 65 60 41 49
89: 73 6 41 47 (53 33 58) 99 96 36 (25 37 22 67 54 11 10 4 42) 88 (62 84 89) (55 5) (32 15) (14 8) (28 45 13 81 69) (30 86)
90: 60 (45 10 31 54 64 9 23) (20 77 39 13 90) (6 68) 19 (84 41) (1 67 98 37 4) (51 28) (2 74) (43 14 35 30) (50 86 11) (34 78 97 100) 59 (27 91 57) (7 62)
91: 88 (4 51) (1 77 33 91 93 82) (73 90 36) (57 100 80 12) (27 37 43 8 54) (24 83 84 97) (19 38) (94 59 34 96) 86 89 22 (16 23 65) (5 56) (74 49) 66 (15 2) (69 28 18 45) (39 32 62 52 46) 64 (17 72 58 11) 47
92: (71 5 67 8 29 97) (93 9) (70 52 76) 43 88 (42 28 33 74 2 26) 89
93: 62 49 75 (40 34 86) (30 10 90) (73 22)
94: (32 90 39 53 49 63)
95: (100 75) (2 93 15) (13 44 82 27 54 96 77 43 42) 25 (22 62 23 51) (78 3 72) 91 35 37 (97 74) (4 39) 47 (81 56 68 67 88) (98 58 89 41 48 57) 7 (26 76 86 70 71 12 11 36 17 10) (46 60 49) (99 21 19 52) (50 31 55 24 34 90) (28 84 29) 85 1 9 18 (73 8 79 66) 69 59 (83 14 63) (65 87) 94 92 (32 64 30) 40 95 45
96: (27 30) 85 (99 68) 96 41 (57 100) (91 39 17 47) (5 90 69 94) (60 22 53 54 83) (49 75 1 81 16) (71 72) 88 (37 32 35) 10 93 (7 12 46 84 24 95) 23 33 51 87 (62 67) (42 15 3 2) 34 40 (45 77) 58 (86 21 50 31 63) 20 (80 55 14) (13 48)
97: (90 40) (66 63) (71 11 21 15) 7 (79 100 87 51) 96 3 65 (13 2) 78 70 14 94 (92 48 31) (82 52) 69 (37 95 74 56) 35 27 67 (47 39 17) (44 1 85 72) (89 10 28) (9 91 30) (18 34 55) 19 (23 5) 73 53 77 88 (26 4) (16 46) (86 64 75) 24
98: (24 11 16 56 20) (89 78) 40 95 42 57 52 7 (58 22 48 97 18)
99: 74 (24 81) (33 37 44)
100: (42 65 34 69) (21 30 24) (58 92 55 72) (54 28 50 27 77 15) (62 80) (93 13) 14 7 (59 3 5) (64 85) 8 (37 86) (79 44 12 84 48) (19 32 26 20 74) (40 89 70 45 18 63 46 25) (99 49) (67 38 39 95 11 57) 1 (91 88) 16 (97 87 96 75 81 41 2) (53 33 23)
1: 41 73 72 67 28 78 (47 51 79 25 16 86) (81 85 97) 2 (56 91) 14 (100 83 18) 63 (90 19 82 26 17) (35 29) (6 42 23 10 43 84 88) (77 11 12 13 96) 8 40 24 (95 62) (75 65 74 66) (37 53) (60 80)
2: (15 49 43 24 67 60 9) (8 34) 35 (57 82) (13 39 16 31 59 11) 85 97 18 (84 42) (95 87 63 54) (83 96 62 91 72) (14 41 33) 69 (19 64) (51 100 47) 65 (90 40) (92 79 12)
3: (42 75) (13 54 67) (79 100 28 17) (25 88 95 47 62 68 37 61) (26 85) 2 (73 86 71 10) (30 1 72 35 57) (60 24 50) (19 63 43) 8 (81 15 22 74 40 4) (96 16 97 51 84 14 78)
4: 53 (10 28) (4 22 72 14 91) 1 95 25 (57 26) (59 90) (40 30 68) (2 11 73 66 45 46) 62 (83 19) (52 80) (75 63 78 6 42) 47 24 39 (16 89 77) (23 85) 17 (65 60) (88 97 9) (79 87 43 18) 12
5: 83 19 6 (40 31 24) 65 23 (21 85) 47 16 68 97 84 (8 92 42 45 72 89 28 39) (15 14 66 57 9 33) 11 91 (88 43 25 22) 78 74 10 (100 96 51 76 62 46 86 18 63 61 29 34 73 59) 41 (80 77 1) 67 (32 60)
6: 2 89 85 19 (88 8) (45 65) (66 82) 62 4 (16 26) (47 27 14 67) (18 30) (28 33 54 81 10) (23 49 83 51 84 15 1 53 42) (17 90 40 34 77 63) (79 31 24) (60 25 69 71 9 13) 72
7: 42 (90 35 49 96) 62 (63 74 47) (98 6 72) (60 51) 13 (97 14 18) (78 9) 31 (53 79 95 83) 2 (23 67) (66 34 8 61 21 82 100 85) (71 50 19 40 16 1) 10 69 57
8: (24 30) (73 83 67 75 65) (31 49) (72 60 1 89) (2 47) (68 71 66) (86 17 88 74 34 63 62) 78 14 21 (87 28 8) (51 52) (40 95 42) (4 92 19 25 13 91 53 38 18) (16 59) (10 7) 100
9: 25 11 67 18 19 (82 20 2) (21 62 72) (6 34) (47 60) (24 17) (95 1 86) 46 50 (40 14 26) (79 42 51 28 88) (59 84 69 33) (97 30 27 9 49 90 15) 8 63 (66 10) (53 16) 92
10: (86 34 85 84 29) (96 43 60 89) (61 83) (13 63 93) (42 5 97 82 24) (57 7 62) 47 (11 8) (33 67) 78 77 (19 79) (95 72 9 14) 16 (69 27 35) 90 26 (65 25 1 40 32) 10 51
11: (10 98) 13 24 31 (17 88 16) 54 (79 42 85 11 65) (14 40) 71 (74 66) 100 (86 62) (67 95 53 26 18) 1 (56 60 19) 47 51 (8 7) 90 (46 78 45) 61 (15 23 83 82 70) 72 (33 34 9) (91 43) (89 97)
12: (69 77) (42 16 78 83) (100 13 14) 30 (86 67 91) 17 (60 34) (1 22 41 59 19) 47 (88 9) (65 71 66) (62 73) 23 (51 63 12 26 72 25) (8 24 39 10 96) 95 18 (21 11 79)
13: (79 86) (77 40 2 71) (59 84 45 16) 19 (7 75 18) (30 33 4) 14 (51 8) 9 (1 90 100 61 52) 34 89 95 17 83 (54 10 25) (97 21) (81 62 96 60 31 63 39) (67 42 35 47 69) (66 32) (5 88 11 24 65 46)
14: (1 96 10) (68 55) 79 (14 67 76) 8 (90 4 53 83 97) (100 77) 42 (61 17) (28 60) 69 (95 80 35 23 63) 89 62 (57 65) (66 40) (52 31 41 86 51 58 15) (19 18) (78 29 9 88) (72 16 11 30) (87 34) 24 (75 12)
15: (10 26) 100 (5 91) (67 95) (51 75) (12 14 25) 33 (8 35 96) 72 (97 62 85) (40 71 53) 79 66 65 60 86 (78 84) (16 45) (21 42 77 82 17 1 23) 27 63 (18 9 89) 57 (11 47)
16: (62 87 40 32) 71 (73 30 1) (34 65 10 23 28 8 96 21 45) (52 4 19 18 88) (98 77 85 100 67) 86 53 (57 97) 11 63 (47 60) 51 25 (78 12 13) 33 (16 75 9 72) (14 22) 17 (35 79 91) 24
17: 20 (66 8 27 16 35 96 24) (45 65) (18 75) (22 33) (11 19 63 38 7 60 2 67) (57 17) 14 (83 91 82 12 40 69) 78 (61 42 72) 51 10 (81 97 95) 34 (73 88 30 62)
18: (65 73 75 60) (62 1 39 30) (95 49) 72 88 83 (14 9 16 59) (79 11 28) 57 42 (87 78 3 10 19 68) 54 (91 53) (18 26 86) (63 71 97 8) (2 21) (98 41) (82 52 47) (61 24 67 69) 51 25 100
19: 1 (62 24) (42 6) 95 34 (14 88) (68 52 86 16) 44 45 (43 30 21) 47 (32 83 25) 49 (19 40 57) 91 (23 60 17) 2 35 (97 79) (66 100 7 82) (78 10 22 37) (8 9 90 77) (67 75 18 63) 65 33 (51 84 69 5)
20: 98 (96 24) (27 51 62) (63 18) (73 6 16 67) (9 22 47 71 65 74 88 7) 90 8 14 (1 17) (57 4 61 25) 29 86 82 (77 53 83 75 100) 46 (15 19 45) (60 2 13)
21: (86 95 61) 42 28 (47 88) (17 12 96 52) 67 33 60 (56 9 62) 66 (10 43 53) (7 75 71 16 100) (74 72 8 77) (14 81 51 26) (11 35) (73 49 41 63 65) 24 (97 19 25 27 87) 83 82 (30 1 79 50 69 40)
22: (50 1) 47 (84 23 63 14 30 2) 46 (79 16) 62 (60 72) 12 93 (59 10) (31 91) 89 87 (81 67) (96 51 71) 24 (11 73 75 61 53 98) (21 9 34 40 86) 88 (13 25 74 19 82 66 42) (95 68) (8 83)
23: 19 17 (43 63 10) 85 (44 82) (34 97) (83 67 60) 73 (51 96 7) (31 88) (100 41 37 75 9 42 65) 35 (74 29 62 14 16 18 40) 79 (1 66 21) (53 47) (86 11) 8 90 91 (23 28 2 45 38) (24 95)
24: 39 (69 40 35) (30 25 95 10 1 78) (62 99 8) (75 29) 51 67 (13 21 16 96 56 97) (98 14 15) 100 (47 91 53 19 42) (49 83) (9 63) 52 (12 27 2) (77 6) (34 86 84 60) 17 (65 73 23) (82 50 24)
25: (42 82) (83 8) 31 (19 69 65 24 88 18 34) (73 11) 35 (60 17 75 9 52 29 47 63) (51 84 25) 89 (21 1 67 16) (62 26) (10 77) 66 (14 78 7) (100 95)
26: 51 92 (11 52 26) (18 15) 62 1 (10 83 34 5) (60 28 19 47) 63 42 (46 8 86 40 82 12 21) 88 30 (69 41 27 14) (61 95) 81 72 (71 9 16 33 97 67 100 78 24) 73 65 59
27: 96 24 (86 77 26) (73 83 28) (17 18) (51 67 82) 14 (65 91) 63 69 (62 78) (47 21) 90 (30 19) 87 10 (75 59 8 1) 84 (100 79 2 13) (43 53) 60 97 (16 40 88) 72 (95 25)
28: (11 35 30 13 63) (74 17 23) (9 51) 12 67 16 (62 100) 75 (45 83) 89 40 (34 29 79) (28 66 59 72) 82 (61 8) 87 95 (92 10) 21 (41 60 90) 14 47 (49 42 91 78 86) (97 65) (31 1) 6 (73 19 57 84) (24 88)
29: (63 79) (78 68 56 71 87) 2 (61 25 39) 16 19 (24 27) 14 (34 10) 42 (40 51 31 83) 11 28 (22 17) (8 86 67 82) 60 (95 6 1) 7 (26 15 4 92) 88 35 47
30: (82 9) 67 97 95 40 34 (8 16) (24 90) 60 87 75 41 (65 47 100 66) (23 1 10) 43 (14 30 46) (83 89 35 62 93 17) 5 (96 77) (69 72) (53 12 44 42) (63 51 71) (45 19)
31: (47 19 24 6) (73 90) 46 42 (79 2) 35 (82 60) (8 86 50) (41 97 58) (1 30 66) (17 7) (77 40 67 63 68) 70 (88 54 57 69) 95 (28 14 52 37 26 18 53 4 96) (9 51 71 31) (85 16 11 62 65 10) 33
32: (91 26) (71 25 88) 8 (85 45 100) (16 63 35 69 61 86) (14 34 56 42) (62 24 81) (96 18 47 52 43) (82 10 13 29 32) 44 72 (94 12 48 60 37 31) 67 66 (19 21 77 79) (1 95 75) 89 (51 50) 11 17
33: (18 65 100) (61 79 91 28 50) 10 24 (2 69 42 8 17) 26 43 (63 72 13 45 47) (77 14) 96 (89 23 22 62) (34 66 88) (78 19 16 1 11 84) (92 60 40 86) 99 51
34: (79 7 17 73) (91 51 26 28 95) (27 33 19 2) (77 9 62 32 18 88 78 1 47 84) 11 (30 97 31 65 34) 63 (100 60) (75 83 8 86 74 10 49 6 96 93 68) 14 70 (35 24) 53 90 (43 23) 67 72 (16 42)
35: (51 13) (83 88) (1 75 9) (7 6 46 90) 67 (68 97) 96 82 (30 95 29) 35 (12 65 86 69 16 14 28) (60 45 31) (63 61 62 25) (72 42 10) 19 47 (26 57) 66 38 (79 18 37 24) 17
36: 21 69 74 (10 16 65) 89 (79 53 6) (68 72) 12 41 (87 19 31 77 63 95 91) (88 15 66) 84 (40 9 82) (1 76 20 60 49) 33 (62 83 18) 34 (24 51 47 14 22 85)
37: 82 (74 18) (83 79 9 100 52 75 2) (51 42) (5 40 60) (16 99) (28 62) 97 (14 91 23 31 95 88 71) 6 (35 17 86 90 47) (53 89 10 72) (96 34 81 63) 67 (32 24) 39 (13 8 19)
38: 8 (27 23 34 45 35) (52 17 47) 19 (85 74 88) (77 79 40) 67 (14 15 72 2) (84 73 9 10) (68 18) 91 69 24 53 25 75 (51 1) (6 60) (28 11 46 43 83 100 61 65) 63 16
39: (82 39 40) 10 (45 25 30 28 21) (77 16 65) 35 (96 79) (8 24 61 67) 78 14 43 (90 91 62 47) (83 86 23) 33 (69 59 95 42 34) (75 50) 60 (51 27 63) (94 1 53 85 17 9) (100 19 74 11 97) 46
40: (16 9) 71 (63 82) (45 49) (60 21 53 97 77 29 75 13 55 93 25) (51 24 98) (10 2) (26 62 67 74 69 14 19 30 17 8 100 95) 65 (40 47 44) (96 1 79) 78 (86 84 23 83)
41: 28 (30 7 47) 14 16 51 (26 9 17) 21 82 (8 90) (29 19) 35 (60 57 79) (42 40) (25 72 45 1 83 63) 4 (65 100) 77 (88 13 31 96) 52 24 89 11 (62 34 68 53 73 81) 95
42: (66 28 8 29) (25 69) 10 (63 22) (11 92 34 13 62) 45 (17 83) 56 14 (19 61 89 78) 47 51 67 75 (96 46) (53 65 43 1 41 9 35) (59 100) (95 98 40) 31 86 (60 42) (24 16) (33 82 79) (12 77)
43: 10 65 (68 60) 75 47 72 (82 28 29 40) (92 71 23 30) 77 (90 14 57) 86 (11 91 16) (49 34) (26 19) (62 9 2 79 8) 13 (51 95 18) 39 (1 35 83) 63 42 (24 67 17) (69 25)
44: (99 79 81 33) 5 (15 78) (73 75) (18 63 52 83 25 100 82 97 17 14) 9 88 2 (60 11) (49 43) (77 34) 86 65 19 (4 16 53 10 47) (67 62 95) (51 1 8 21)
45: 16 (65 53 79) (95 90) (8 33 83) 1 (60 24 77 100) 9 (29 23 67) (62 35) 84 25 (40 14) (41 47 19 6) (27 2) (89 11 31) (86 82) 96 (18 71 91 74 21) (51 10 61 42) 78 34 73 63
46: (42 51 79 91) (29 22 85 96) (68 23) 45 78 97 (24 2) 14 (40 9) 88 18 20 77 (47 17 86) 65 32 (66 53) (16 63 6 60 21 72 83 10) (82 11 100 62 75 84) 15 35 (1 41 34) (19 73 95)
47: 83 (60 4) 35 19 (85 79) (91 63) 1 (33 88 61 69) 96 42 (95 10 67) 16 (65 47 15 6 66 24 17) (53 68 23) 25 (9 51) 62 (29 89 40) 57 (81 97 31 14) 21 (8 73) (72 86)
48: (28 39) (65 57 95 16 72) (8 73) 24 9 83 (4 81 44 40) (35 67) 75 69 (1 15) (18 98 51 27) 79 (30 50 96 97 88 86 63 17 23 82 45 78) (76 19 12 47 56) 22 2 (53 62 52 11 60) (100 61)
49: 13 (91 83) 75 85 81 84 (82 11) (65 24 46) (78 8) (9 86) (18 60 47 42) (28 35) (51 16) (63 52 17 96 53 49) (69 100) (68 73 59 93 72) 23 (95 79 20 94 4 21) (62 14) (19 10 77 34 1 67 88)
50: (80 88) (49 100 43 68) (53 44 90) 69 (66 60) 95 (25 23 61) (10 50 78) (59 17 31) (96 62) 79 (83 40) 63 (34 42 45 24 86 16) 67 14 (18 35 11 26 72) (8 51 47)
51: 4 (33 35) (97 47 8 16) 87 52 9 24 (74 19 84) (51 91 79) (41 11 34 60) 43 (72 90) (56 67) (15 10) (1 21) (85 83) 63 69 (17 14) (42 23 26 62 65 77) (82 96) (71 73 28 95 86) 27
52: (62 37 87) 78 (10 24) 68 83 65 (61 41 58 63 82 40 47 51) (72 88) (22 2 75) 16 (13 91 8) 97 (42 98 77 33) 1 (21 67) (60 84) (95 79) (92 26) (4 19 18 14) (34 28)
53: (5 35 24 57 67 1 14) (9 16 42 96) 88 (41 40) (46 23) 34 (30 86 33) (94 38 74) (51 21 72 17) 97 (83 20 60 53 8) (61 10 59) 26 (2 82 63 100) (7 79 11 62) 25 (65 18) 52 47 13 89
54: (96 84 89 14 13 79) (60 62) 40 (73 26) 88 91 (11 31) (12 2) (47 23 81 65 95) (8 83 42) (67 61) (72 78 85) (24 45) 68 (33 53 18 66 10 16) (63 19 100) 90 77 1 44
55: (81 16 45) 5 (96 60) 86 (84 33 66 35 40 30 56 28) (11 2 18 75 72 95) 62 (78 47) (34 77) (51 50 26 10 46) (54 27 57) (24 8 100 63 67) (88 31) 9 (69 19 82 74 68 42 83) 89 (73 23 14 97 25 61)
56: 2 53 (74 42) (72 16 26 10 51 28 1) 8 (17 39) 60 (13 19 40) (35 24) (81 25 82 15 18) (67 95 65 79 41) (64 91 86 63 88) (78 97) 23 11 (9 14) (34 30 98 22) (59 47)
57: 24 17 (35 90 57) 53 (8 81 6 10 12 73) 98 (25 14 9) (28 16) (1 33) 91 47 (69 18) (95 84) (65 31 86 88) (21 51 11 100) 22 63 (43 77 59 79 62 60 42 68 19 2) (96 40)
58: (67 96) (86 62 82 26 73) (59 61) (95 83 43 100 84 23 50 8) 60 (41 25) (21 14) 63 74 (79 89 44 11 19 40 7 42) (51 27 75) 91 47 (34 10 16 24) (9 12) (37 31 2) 17 72 88 98
59: (41 10 95 53 62) 33 88 (23 35 17 73 51) 9 91 24 (1 28 46 40) (82 72) 31 19 (69 67 100) 34 32 (30 63) (6 79 90 16 38 14 42 8 83) (47 85) 11 75 12 52 (59 7) 18 60 71
60: 82 (66 72 7) 25 48 95 (86 23 67 47 51 63 24) (42 13 49 43) 35 (85 83 71 96) (32 73 57) 19 79 60 (53 74 65) 16 34 46 (90 59) (14 31 61 10 21 84) (69 28 88) 2 (18 1)
61: 31 (29 14) (47 1) 40 20 (6 57 25 67 10 79 43) (23 86 56 54) (33 8) (35 45 58) 77 (52 41 11 72 82 81 21 60 24) 85 (75 18 65) 42 62 (28 78) (16 63 51 83 19 9)
62: (14 7 5 23 19 40 74) (68 8 34) (88 83 25 95 89) 65 27 72 11 (90 78) 30 (63 60 35) (16 66 32 73 6) (2 77 67 10) 100 56 53 (13 79 47 85) 51 (96 82) (22 24) 26 9 (1 80 75) (62 93 91 18)
63: 74 (100 8 33 34 84 82 96 47 42 19 78 64) (18 69 63) (26 40 35) 72 30 (86 17 67) (60 23) (65 51) (25 29) 66 (1 88 31 62) 50 (79 97 52 24 14 94) (11 85 95) 43 (13 77) 16
64: (40 29 79 60) (2 27) (51 74 25) 45 (85 1) 97 (24 90) (21 47 6 95) 67 57 (10 91 12) (62 46) 63 (71 8) 65 41 (9 88) (14 81 34 23) 100 66 42 (72 35 33 19) 43 86 (26 16 83 82)
65: 74 75 (21 72 13 47) 77 (71 12) (34 65 69 50) (68 45 24 39 17) 97 61 41 95 10 91 (60 73) (42 40) (30 9 26 31 78 88 67) (63 51) (85 8) (100 16) 84 62 35 19 (1 14 83 7)
66: (1 24 52) 42 (62 63 77) 67 (60 88 21 84 78 4 66 35) (71 10 31 97 59) (86 27 23) (95 82) (47 79 83) (14 18 75 40) 16 (17 15 8 12) 26 (51 73) 39 41 91 72 19
67: 88 10 (8 35) 29 (13 84) 19 82 45 (89 95 57) (51 16) 39 33 (72 92 65 69 21) 60 14 74 (78 27) (40 63) (75 9 97 24) (61 34 79) 71 (62 17 1 90 47 11 5 81) (96 44) 100
68: 77 (14 50) (34 5) (12 72 63 11) (59 87 70 35 47 67 66) 84 (29 10) 62 60 (7 51) (19 90 79) 2 28 (26 17) 95 71 (13 86) (40 96) (53 21 65) 30 (24 18 61 88) 82
69: (28 79) 72 (67 8 31 84 1 42 47) (73 22) (21 69) 97 (63 24 34 61 80) 49 (15 60) 88 (89 78 11) (14 95) 86 (25 96 26) 10 75 (40 32 51) (77 74 2 16) (35 100 48 83) 53 23 (65 18) (19 91)
70: (97 10) (25 39) 62 (35 29) 31 95 14 18 (45 5 69 8) (67 78) 36 6 (77 1 92 16) (72 79 51 60) (86 73) 28 (100 40 82 57 63 24 46) (37 17)
71: 10 (45 97 79) 24 (67 96 61 23) 43 (85 35) 25 (17 40 60 72 77 11 68 83) 20 82 78 14 53 (51 6 8 32) 2 63 (75 62 21) 47 (34 28) (92 33) 86 (9 74 26 19) (16 95 84) 88 1
72: (53 95) 9 (62 17 29 10) 79 51 (33 34 91) (56 24) (97 23) 14 (25 78 8 69) (72 82) (85 66 42 30 16) 22 40 (2 73 19 63 61) (13 60) (52 83 96) (65 88 1) (26 46 75 31 67) (47 100 11) 28
73: (53 40 81 86 17) (13 29) (2 67 8 23) (66 80 35) 16 97 93 (88 14) (9 83) (73 95 42) (48 91) (24 21 85) (27 46 47 72 79 10 51) (82 62 89 1) (60 19) (31 18)
74: (35 59) 92 (6 39 13 41 71) 19 62 (97 21 77 100 34 12 20) (9 67) (66 40 99) (53 95 11) (8 63 81 61 90) (83 82) 88 72 31 1 7 (30 91 51) 65 (24 14) (73 79) (47 2 10 60) 86 16 52 25
75: 63 (19 73) 95 (41 78 31) (15 67) (17 77) (27 24 51 43) (30 60) (35 8 11) (74 12 34) 40 (47 85) (88 84) (37 100 52 5 65 97 93) 96 (28 9 66 75 79) 83 16 62 45 2 (26 21) (14 39) 86
76: 83 (62 29 67 28) 4 19 (16 84 18 63) (11 77 86) (13 68 95) 75 (47 1 23) (17 38 14) 12 32 (24 45) 53 51 85 60 (73 59 27 40 82 87 21 66 31) (8 10 65 88) (92 57 79)
77: (86 15 10 91) 67 (56 63 41) 38 43 (90 78) 19 (27 30 16) (23 60 24 96 77) 51 (100 33 35 14 53 84) 8 69 (18 9) (6 82) 25 83 36 4 (40 47 72 97 31 62) 57 95
78: 34 (82 13) (35 60 24) 33 5 23 (42 45 31 98) (67 74 77) 40 (97 50) (85 88 11 63) (51 18 10 28 57) 68 (73 86 43 47) (9 8) (71 83) (21 90) 16 (75 14 41 95 25 84) (59 78 19 17)
79: (100 11 97) 69 (53 33 16) (8 59 13) (14 86 35 25) 78 (74 40) 30 79 (37 47) (95 42 63) 88 (76 9) (22 52) 28 62 67 (19 65 1) 34 (51 2 10 15) (72 60 24 87 21 26 17 18) 6 45
80: (81 8 82 40 76) (86 33 10) 74 (1 71 29 18 77 31 66 88 65 96 47 78 19 35 67) (83 63 20 22 9 13 62) (16 11 69 14) (24 30) (6 100 91 25 53 60 72 51 73 68)
81: 86 89 (34 77) 65 (19 50 100) 10 63 62 24 21 38 (71 9) 29 (42 60 99 18 8 31 11 5 66) 12 96 33 14 (75 7 51 35) (40 67 16) 61 17 83 1 (95 13 73 47)
82: 54 (51 78) (40 46 86 1 24 79 72) (35 23) (11 97) (47 67 38) 77 50 81 (12 30) (16 8 59) (75 2 9 83 17) (33 62 25 21 34 91) (60 88) (18 14 42) 41 95 (82 10) 63
83: (47 26 2) (71 65) 13 (16 57) (85 43) (29 50 82) 17 53 34 (54 12) (59 88) (75 86 74 38) 66 10 (60 18 84 14 9 83) (51 8) (81 32) (67 35 19) (63 96) (24 68 72 62 91 33) (48 95)
84: (23 90 45 73 95 67 89) 35 (51 15 4 42) 9 18 (84 16) (76 86 79 44 29 68) 59 (8 50 78 10) (96 60 70 66 100 47) (72 14 1) (21 85 46 19 28) (91 40 65 39) (62 63 83) (22 38 49 33) (43 25)
85: (1 8 13 63) (82 86) (35 19 76 77) (24 75 73) 83 (42 4) 66 97 (37 96 26 27) (14 67 11 25 72 52) (28 62 16) (18 51) 7 (88 100) (60 5) 47 (15 40 65 10) 17 (78 31) 95 (79 38 29 9) 59
86: 81 73 13 (63 18) 34 (47 58) (12 2) (65 21 51 8 97 19 66 62 23 25 45 85) (77 5) (96 91 90 9) (52 89) (83 28) 67 (82 78) 10 (60 100 71 95 79) (59 16) 72 (24 88 14 26) (1 93)
87: (62 23) 8 (84 65 100 82 96) 97 25 19 (72 14 73) (95 10) (2 59 9) (85 47 31 88) 17 (43 53 13 42) 28 (1 60) (32 24 86 83 11 26 29) 75 (51 68) 16 21
88: (95 67 86 47 10) (34 59) (97 75 82 20 53) (9 96 28 84 41 77) (40 7 50 65) 1 92 81 (73 56) (72 17 16) (85 14 51) (60 74) (100 62 8 21 42 89) (83 19 24 13 91 33) (35 43 32) (2 31)
89: (33 16) (86 74 72 31 66) (82 52 83) (77 11 1) (14 34) 70 (84 63 10 78) 65 (89 40) (8 7) (43 5) (91 62 95 9 71) (35 88) (51 60) (97 15) (98 75 18 79 47) (19 26) (67 20 23 17) 100 (39 24 92)
90: (94 28 13 96) 8 (31 16) 24 (12 52 61) 30 (82 93 88 67 55 66 45) (17 62) (51 9 73 83 72) 19 (65 63 78) 41 (25 91) (53 4 18 79 85 90) 35 60 (14 10 71) 95 76 97
91: (53 1 63) (25 66) 71 (16 11) 32 (24 75) (40 60) (26 13) (17 85 100 95 90 82 18 2 97 74 62 69 73 59 79 10 72) (96 68) 77 (86 19 14 35 65 83 8 91 42) (15 88) (81 21) 28 (34 49)
92: (15 82 51) (34 81 83) (71 24 10 65) (79 19 67 85 16) 88 (30 26 21) (11 17 38 9) 46 (69 62 61 41) (60 72 33 86) (97 63 100) (25 50) (20 37) (14 18 35 45 8) (95 40) (47 1)
93: (19 71 49 84) (28 18) (86 57 50 14) (5 88 17) 95 (60 45) 62 (83 75) (67 4 30) (92 82 47) (16 69) (11 35 8 9 85 10 72 42) (15 65) (96 63 21 1 34 24) (100 52) (33 23) 31 (2 91)
94: 25 (26 10) (24 40 33) 75 62 (49 91) (82 83 8) (50 79) (51 18 42) 96 (97 28 63 19 27 95 60 67 47 16) (21 59) 17 84 53 (35 14 72 66) (9 4 86) (69 1 71 20) 11
95: 61 78 (21 45 29 79 35) (85 98 6 22) (56 14 42 53 63 51) 65 (96 82 73 97 2 66 40 86 30 10 4 13 60) 57 (88 18) 72 (16 12 11 8 83 9) 62 (67 1 17 31) 24 (23 100) 77 (95 34)
96: 27 82 (65 28 35 59 85 38 84) (67 60 75) 68 (34 95 45) 53 26 (71 21) 23 (19 62 33 91 51 77 14 96 86 40 15) 100 97 24 (44 42) 4 31 (79 89) (88 47) 1 10 61 73
97: (5 68 51 18) 62 (10 8 100 83) (92 65) (50 91 30) 95 (25 1) (11 34 66 17 63 19 47 14 84) 35 40 6 (67 13 32 72 60 31) (77 33 80 45 90) (59 24 61) (69 16 88) 42 (57 20) 79 (53 98)
98: (79 40 61) (10 5 11 77) 51 (34 17 1 41 29 56 66 19 23 25) 72 (8 16 63 57 47) (60 14 35) (7 59) 86 (95 43 75 88 26 82 9 42) (52 33) 62 (49 12) 18 74 (20 90) (13 24) 83 21 78
99: (69 33) (12 85 95 34) 62 (17 24) (73 86 38 4 23) 21 (82 42 83 47 13 43 84 16) 96 (53 60 65 26 35) 77 25 (78 67 71) (89 72) 14 (52 27) (9 15 100 10 51) 1 (19 41) 8 11
100: (41 81) 71 (16 97 26 79) 1 72 (67 91) 83 18 (35 82) (86 62 9 96 34 57 66 63 90 47 95 51 31 30) (74 4 20) (40 69 8) (60 10) 24 (52 65 73 23 14 85) 42 49
