100 100
1: 85 31 8 (79 36 48 67 53) (78 89)
2: (26 68 79 19 16 1 48 41 22 74) 53 65 (93 89) (63 9) (31 6 34 59 44 84) 61 (81 42 27) 18 (10 97) 70 (66 2 57) 95 (56 73 30) (100 98 52 40) (28 4 8) 77 (49 60 15) (32 55) (62 96) (83 23 5) (43 20 3 90) 85 (94 67 91 47 82) (36 29) (35 45 58) 13 (50 46 78) (14 99 86 33) 88 39 (92 25) (37 71) 7 (12 21 69) (51 76) 54 (64 11) 75
3: 81 100 30 (72 6) 11 76 87 32 63 (1 27) (65 14) (84 68) (58 21 99) (73 19) 24 18 (3 25 92) (35 61 82 10) 2 (47 64 93 17 90 40 54 34 5 75) (97 71)
4: 96 (61 7 8 71 70 99) (72 97) 53 (81 100) (38 37 21) (75 13) (78 82 64) 28 (3 89) 19 (55 79 98 57 40) (68 58) (23 10 91) (33 66 17) (67 46 18) (32 87) (5 92 49) (34 63) (35 95 20 48 26) (62 9) (73 51) (74 15) (25 42) (52 11 69 14 2 29 30 50 45 90) (65 54 36) 88 (44 1) (47 80 60 16)
5: (52 99) (88 89 3 31) (20 94) (32 37 55 73 47 8 16) (91 98) (46 59 40 18) (36 85) (82 9 67 74 64 48) (13 6) 51 80 (100 5) (87 57 14 26 96 1 53 39) (22 97) (58 34) 61 (92 75 2 28 70 41 68 62 33 19 56) 42 (65 63) (93 27 21) 17 (35 23 24 90) (38 76 60) (43 66 95) (29 12 86 81)
6: (39 42) 95 71 (73 86 98 16) (35 90) (85 23 45) 52 (49 24 91 88 77 100 19) (68 37) (82 65) (55 7) 70 1 26 (51 50 99) 27 (18 10) 59 (75 64) (81 36 11) 46 (33 43) 57 (80 3) 72 15 (8 93) 14 (17 66 12 94 79 89 97 78) 67 92 31 (58 96) (44 2 21 30 34) 38 (22 25) (69 76 47 56 29 62 74 53 63) (6 32 84) (9 41) (87 20) 40 28
7: (88 70 83) 1 (37 10) 34 (77 65) 44 (47 82 14) 68 72 (48 98 46 59 15 67) 6 (17 92 60 61) (39 31 69) 99 (36 41) 71 (40 62 21) (94 22 86 91 51 90) 2 (35 75 78 89 12 33) 38 (97 49 64 84 79) (18 66 100 28 87) (20 54 63) (8 30) 7 (9 93) 57 29 (95 55)
8: (86 23) (42 51 59 38) (10 6) (45 74 65 82 85 9 79) (83 3 76) (22 39 50 63 53 87 66 52 43 95) 27 90 (17 67) 93 69 (4 28 26 36 29) (5 37 99 14 56) (71 13 98) 60 (35 89 77 46 75 7 12 88 72) (64 84 32) 81 (40 92 97 68 20 21)
9: 23 (44 54 20 59) (1 79 68 46 26) (66 78) 52 22 35 (37 58 29 9) (76 86 17 80) 49 30
10: (50 21) (72 84) (96 98) (10 13 12 35 8 81) 24 (9 16) 32 41 33 (65 94) (89 88) 73 (23 18) 59
11: (11 71) 39 (80 81) 3 (68 92) 41 (28 8 56 87 78) (64 74 52 15 42) 37 (47 22) 57 (43 21) (10 66 5 16 73 24 1) (86 7 99 54 75 4) 2 (33 72) (77 76) 97 (89 63 31 50 51 94 69 6 88 53) (18 30) 55
12: 23 (42 85 65) (22 37 4) (75 83 50) 100 (67 31) (64 70 60 74) (48 6 68 63 1 89) 96 56 19 90 46 (47 26) 95 (69 13 53 11 12 99 59 44 7 72) 61 97 52 86 14 91 (92 88) (77 34) 3 55 9 (28 71 57 10 35) (82 93 98) (81 39 58 79 51) (41 18 76 43) (33 40 84) (5 73) (36 20) (8 66 49 30 21 27 2 38) 24
13: 43 (70 40 95) (68 61) (49 85 89 28) (3 10 48) 54 (76 56 59 20 82 46) 74 (50 71) (47 65 29) (2 4 78 25 38 9) 62 94 (63 34 18) (73 31 22 33 37 86) 92 (1 55) 7 (32 66 99 67 53)
14: (82 51) (29 60 32) (36 64 47 58 56) 14 30 (76 81 89 44 97 25) (66 28) 24 (78 38) (16 86) (3 84) 74 69 (62 5 61) (59 22 19 75) 48 1 (4 92 53) 77 (63 67 35 42) 96 (31 90) 26 (43 49 13 70 100 46 18) 8 2
15: 31 (28 18) (14 73 21 55 58 77 45 4 26 19 23 41) (56 89 30 5) 42 (54 2 75 97 12 70 93 66) (35 44) 15 22 (76 69) (83 67 16 9 72 65) (13 32) (98 64 34 88 86) 49 (60 95 63 81) 11 (48 3 17 8) (46 53) (59 43 61 71) (50 25 20 84) (37 7 36 47)
16: (86 62 39 58 9) (97 20 26) 3 48 (57 12) (67 74 65) 93 (83 41) 36 (29 63 28) 32 (95 88) (16 35 84) (73 69) (23 99 18 43 91) 59 (11 54) (80 24) (55 27 8) 10
17: (51 88) (54 83 74) 32 9 61 (97 40 29 38 69) (60 23 2 96) (21 53 76) 57 (62 1 89) (46 5) (12 81 67 27) 35 (48 86 98) (10 7) (63 87) 93 70 41 (13 94 66) (59 47) 14 68 (28 77 18) 45 (52 90 49 99 6) (8 58 92) 19 (15 42 56 31) (71 33) 37 34 20 (22 95) (16 91 84 85) (36 75) (43 73 100 80 50 72) 65 (79 4 39 11 44) (55 64) (3 26)
18: (6 11 95 32 79) 4 27 75 88 (17 41 57) (40 71) 61 (34 23 58 98) (62 43) (8 15 45) 68 (67 24 14) (56 25 51) 78 18 (35 77 52 100) (94 42) 36 (69 76 80 12 46 44) (93 38) 22 70 (21 86) 39 (47 5 65) (73 30) (97 50 33) 10 (28 96 66 55)
19: (63 59) 50 (17 12 52 85 71 88) (84 54 56) (2 1 39) 55 20 (9 68 65) 36 80 25 (86 14) 58 40 70 (4 23) (87 15) 22 (60 89) 47 (95 45 96 98) 66 (77 37) (28 27) (33 93 35) 13 (21 78) (43 51) 8 (32 61) (64 57 7 91 16) (74 42 69) 76 (82 53) (79 41 19 38 48 31 100 62 73) 92 (83 26 24 90) 72 (99 6) (67 81 18) 94 75
20: 50 (29 81 73 11 75) 31 (60 22 46) (70 21) (47 57) (99 64 98 97) (92 35 90 32) (40 96 15) (48 49 28 42 76) 71 (54 61 4) (10 56 82 58 43 85 93 59 66) 14 (12 24 63 36 41 33 91) (7 87 26) (86 94) 3 (18 77) 88 100 (16 19 67) (69 95) (74 5 17) 55 89 (84 1)
21: (20 21) (39 98) (31 16 30 41 1 28 97 32 36 74 99 48 92 9) (15 17 62) 52 (93 87) (23 89 46) (35 40) (11 83) (25 27) 57 (75 49) 84 (44 42 58) 38 86 (18 51 45) (82 5 54 26 71) (59 81 10 68)
22: (14 62 90) (24 96) (75 7) (79 36 10 12) (1 54 35) (51 20) (87 85) (98 77 30) 89 (55 33 2) (93 58 15) 8 9 (92 28) 94 (72 82 84 52 38 29) 42 63 (95 69 39) (81 26)
23: (97 10 14) 69 (73 50 4) 1 (16 5) (29 21) 90 (71 67 2) (15 59 78 20 88 47 51 83 6 93) (49 24 96 91 17) 54 8 23 25 (81 76 40 56) (35 99)
24: 82 (14 52) 44 (85 78 49 96 24 13 25 34) 95 26 (10 60) (9 83) (29 38 92 59) (65 2 66 22 43 28 8) (57 87) (37 17) (27 15 36 88) (79 4) 20 (35 7) 42 (70 69 45)
25: (59 65 55 86) 33 82 (57 29) 63 90 88 (27 93) (73 79 34 9) (11 54 87 14 99) (15 19) (2 17) 94 97 66 (12 96 75 38 49 89 26 13) (81 68 53) (84 47) 46 45 24 28 20
26: (93 89 35 51 44) (95 39) 96 57 (14 27 10) 45 (82 76 2) 8 98 (48 83) 59 (86 85 79 52 75 94) 19 90 15 (60 43 42 12 71) 13 (91 50) (66 21 32 6) (46 73 56 88) (53 20) (28 34 29) (58 81 78) (77 40) (9 49) 62 1
27: 1 23 7 74 (65 81) (33 66) (48 67 92) 89
28: (49 77 52) (7 48) (13 21 75 66 68 91 72 23 93 35 10 64) 86 94
29: (93 48) 85 91 (72 65 69 53 97 2 66 84 17 18) 86 (15 30) (46 20 29 88) 94 (1 99 98) 7 63 51 (100 38 31 71) (52 37 83) (81 82 58 10 78 60 74 42 27) 40 80 (56 35) (22 70) (45 79 54 3 25 61 32 36) 16 11 (77 6 90)
30: (2 64 62 28 10) (56 37) (42 49) (12 8 92) (84 9) 78 (25 36) (91 74) 99 (20 88) (76 29 59 73 54 77 95 55 79 75) (30 41) (32 66) 46 (15 94 45 4) (87 85) (100 22) 17 7 (26 61 27) 6 44 1 47 (93 70 81 3) 83 (52 21) (39 14 48 69) (11 67 19) (72 60) (71 98 50 5 38 97) (40 13 23) 86 (96 58) 51 (53 57 18) (16 34) (90 63 80 35 89) (33 65) (43 31)
31: 25 89 (99 27 90) (34 37 45) (4 79) (91 94 50) 14 (56 46) 58 72 75 (8 96 43 29 73) (82 52 6) (83 51) 42 (44 17) (68 86 64 9) (47 3 78) (70 63 36 2 21 18) (97 5) 61 (28 49) 1 (92 19)
32: 14 (26 84) (85 46) (79 93) 64 (82 45 25) (53 49 71 27 61 86) 47 (96 36) (7 10) (33 68 87 40 50 23 44 60 34 41 100) (39 9 55) (6 2 12 94 98 22 42)
33: (53 80 79) 65 56 (78 17) 59 10 (39 58) (43 14) 11 (27 97) 67 (88 69) 96 (81 45) (21 62 48 16 86) (89 82) (5 50) (92 36) 4 (98 25 19) (55 3 31 72 47)
34: (64 94) 24 2 (49 70 22 61) (34 21) 44 12 (41 29 8 75 6) (88 1 91) (47 23 33 78 100 19 53) 73 (52 65 62 74) 42 11
35: (3 57) 68 65 (86 22 75) (62 61 85) 32 (41 94 59 46 31 52 27) (60 38 15 87) 64 95 (54 66 56 73 33 1)
36: (79 1 96) 95 (12 6 60 78 10 100) (55 46 71) (18 31 73) 88 (91 86) 58 (29 66 83) (32 45) (84 42 41 80) (93 65 50) 48 (8 67) (11 38 53 33 4 90) (28 54 22 16) (47 27 43 69 56 5 97 76 44) 39 (57 25 19 92 21)
37: (60 88)
38: 66 68 25 (41 92 62 28 23) (36 57) 15 97 (31 64) 73 20 39 (70 56 99) (58 98) 95 (80 38) 53 (61 54 76) (10 91 85 49) 32 (44 52) (89 90 21) (35 9 79 81 16) (7 17 51 13 22 18) (14 63 71 3 96 65 8)
39: 62 32 79 (97 15) (92 47 45) 43
40: (45 40 2 27) (91 86) 92 12 58 26 53
41: 6 (27 81 56 66 59) (100 26 31 10 75 86 3)
42: (38 68) (10 91 29 60 40 78 46 51 75 9 65 89 12) (16 71) (14 53) 62 48 (34 87) (31 92 95 24) (96 21 27) (23 66) (17 77 54 82 15 47 44) (22 3)
43: 22 (33 72) 4 (56 45 26 58) (90 86 85 19) (67 24 54) (8 84 79) (7 18 1 98) (77 29 12 81 73) 36 27 (52 69 82 74 2) (59 65) (68 34 64 87 43 71 51 13) 23 (35 97 14) 40 (49 17) 93 (70 6) (92 91 42 88) 83 38 (62 37 41 44) (89 5 50) 78 (94 28)
44: 24 (96 88 14) 98 (19 82 77) (48 83 100) (85 33 99) (34 94 38 5) 67 35 55 (54 20) 63 (60 70 36) 41 (17 56) (58 62) (30 66) (39 61 49) 8 97 (46 93 87 69) 91 89 51 (9 32) (71 81 37 18 95 22) 79 84 (7 10 4 11) (2 27 12 13) (3 73 52 86 53 45) (43 6 31 26 40 42 47 75)
45: (75 40) 53 76 (97 96 80) 41 (82 44 47 43 72) 63 (91 68) 58 (13 64) (34 29 25) 62 (15 7 85 98 4 60) 46 87 65 78 (88 14) (66 61) (59 89 16 24) (83 92 50 95 36) (17 28) (54 32 31 51 23 45 48 30 1 94) (99 18 35 42) (90 37) (3 20) 100 11 5 (49 33 77 38) (55 8)
46: (15 72 88) (45 4) 89 (26 19 90 51 63) (56 44 79 37) (66 35 76 80) (67 13) (27 3) (85 68 40) (60 55 42) 93 29 (70 54 32) 92 (25 7 100 96 21) 24 (31 33 28 69 10) (58 39 57) (11 83 98) 78 (61 74 71 5 50) (20 81 49) (34 94 30 53 87 16 2) 65 (73 77) (6 86 43 91) (95 23) (14 17)
47: (72 92 24 93 57 76) (35 75 17) 22 38 (70 60) 88 (27 43 7) (96 40) (48 6 32) 39 (56 84 82 59) (8 67 15) (2 53) (3 89) 71 (29 5) 10 68 41 (55 37) 25 (12 47) (31 45) (42 78) (46 62) 100 (34 79 64 52) (77 13) 28 (4 94) 33 81 (54 86) 14 (18 83 66 80)
48: (32 21 35 75) 56 (36 54 41 64 47 98 61 85 68) 38 (14 13 30 27 1) (87 29 22) (12 28) 49 (34 44) (6 25) 11 (8 52) (86 59 77 24 95 70) (76 81 9 66 26)
49: 54 (16 95) (89 97) (60 75) (2 22 85) (46 19 74 91 99 7 83 3) (71 61 1 26 87 88) 67 (57 68 6 77) 93 (65 13 52) (55 28 50 58) (66 49 35 23 42 100 40 53 62)
50: (90 62 28 67 63 18 86 74 14 56 71) 73 52 53 (10 92 58 43) 59 (26 27 15) (66 20 29 72 32) (55 34) 24 (35 88 45 41) (6 16) 70 (75 42) (84 12 93 51) (97 22)
51: 66 (24 58 73) 16 (78 64 84) (29 77) (21 8) (62 13) 36 (37 95 23 27) (63 51 18) (25 17 96 92 49) (88 32 65 48) (69 67) (59 33)
52: 16 (77 56) (67 23) (87 62 4) (42 26) (36 43 99 6) 89 (64 7 13 29) 53 (2 74 27 21 33 91 17 24) 35 (52 71) (86 58 46 19 75 1 54 65) (40 25 5 70 48 32 78 49) 66 (44 12 30) 22 (97 76) (20 72 8 92 51) (96 15) 34 (68 9 90 60 18 88) (80 50 3)
53: (24 26 76 70) 21 (65 48 84 35) 54 22 (42 91) (59 92 50 73) (69 78 67 80) (81 83) (15 74 31) (100 94 95 64 86 52) 62 (8 38) 12 (77 41) (56 49) 9 (63 43 3 51) (1 25 47 7) (20 99 27 58 17 36) 87 (33 6) (45 28) (93 11) (10 72) 82 (13 53) 75 (14 89 61) (79 98 16 29 30 40 68) (34 57) (37 18) 39 (90 66 46 85) (4 55 32) 96
54: (48 17) (84 28 58) (52 55 94 77) (95 99 87) (98 3) (57 82 30) 81 (15 62 40 20 38)
55: (12 51) 79 (84 75 58 32) (21 40) (42 62) 80 95 3 (37 5 81 82 87) 30 (48 83) (8 93 31) 14 (41 10) (88 28 47 4 76 96 1 16 71 27) (60 61 38 22 68 59) (11 2 49 69 91) (36 35 89) (33 99) 65 (94 74) (63 39 34) 72 (23 7) 44 (90 70) 78
56: (28 23) (9 36 62 85) 71 (78 81) (21 19 100 99 73) 80 72 89 29 (83 75) (27 39 38) 37 (54 66 69) (34 97 18 93 55 76 74) 15 (13 82) (10 79 4) (88 90) 30 46 (32 11) 52 (87 44 1 67 70 40 8 95 43) 92 (33 45 68 53 77) 51 84
57: (100 88) (80 38 99 22 53 61) (18 86 8 36 13 62 33 85 46) 16 (95 4) (32 15) (39 26) (77 57) 82 (60 94) 42 (52 81 35) (98 91) 79 92 50 (23 59 2) 54 (45 25 51 66 10 27 11) 1 (72 93) (34 90) (56 24 20 74) (58 71 97 69 31 48 29 78 49) (3 55) 76 (47 40 41 6) (17 73 70 28 14 89 21)
58: (11 75 90 22 19) (68 31 60 2) 94 (42 28 63 91 48 5 1)
59: 78 (33 73 68 67 84 28) 31 32 11 (55 100 25 94 53) 36 (88 42 72) 1 (86 21 49 62 54 6 47) 34 (43 66 9 15 93 22 98 44 89) (40 50) 46 18 (39 87) 74 96 (83 4) 69 52 (58 79 97) 51 (38 19) (80 82 63 92) 23 27 29 (35 30) 26 5 (3 12 81 16 99) 76 (75 77 20) (65 8) (95 59 24 37) (45 64 10 71 61 13 56 60 57) 90 17 (48 41 91 2 7) (70 85 14)
60: 38 (77 66 76)
61: (93 98 24) (100 95 7 33) (9 82 67) (36 51 31 34 20 23 1 54) 42 77 25 (44 70) (56 64) 55 (12 80 60 46) 89 (10 18) 58 16
62: (58 93) (70 49 39) (23 69 12) (18 6 35) (96 28) 31 50 (4 27) (30 99) 72 3 90
63: 53 (12 59 74 66 4) 17 (70 54 75) (39 50) 20 (69 30 1) 35 (32 47) 25 6 87 (62 18 92 83) (34 57) 7 88 (90 65) (24 82 55) 89 (10 71) 15 3 40 37 (21 38 95) (41 91) 85 (43 52) 96 (56 78) (97 44 51) (45 5)
64: (10 59 86) (70 76) (2 84) (18 48) (12 75) 82 (60 25 72) (24 20 51) (94 27 95 68) 7 61 62 (4 65 3) (87 22 78) (32 16) 23 (19 56 66 14 26) 42 73 33 (90 15 79) 55 11 81 (31 77 100 28 58 35) (99 91 49) (21 17 80) 74 (57 41) (50 9 43 13 47) (46 71 52) 97 (89 44) (93 1) 54 (30 5) 40 (64 39 98)
65: (51 65) 83 (45 56 11) 37 73 (100 48 1 97 77 38 84) (85 57 3 18) (28 21 33) (46 25 60 59 16 66 47 30 80) (50 67 20) 5 41 (32 6) (88 64 96) (34 52) 89 42 14 (94 93) 53 (10 99 12) (43 62) (95 2 19) (23 86 75 40 39 79 31 70 71) (81 13 44) (90 82 68 92 63 74 87 78 91) 24 9 35 (7 49) 27 (61 22 54 72 4 76 8 55) (58 29 36) 26
66: 40 (24 77 36 60 2 44) 96 (27 83 13) 79 (51 5 33 50 66) (3 16 82) (32 21 78) (57 59 69 98 99 39) 90 (8 61 55) (29 35 19) (48 88 81) 52 (75 6 97) (84 89) (65 74) (12 92) (17 45 31) (43 1) (37 15 7 64 11) 53 (30 91 87 94 71 76 85) 38 70 10 22 (56 26) 67 (18 28 62) (42 68 49 34) (58 72 95) 93 4 (100 9 41) 23 20 25 63
67: 35 (50 57 99 1) 48 74 (82 66 40) (22 71 59 45 7 100 6 64 65) (83 70 21) 73 (36 49 69) (39 85) 26 72 23 (92 47) (53 42 16 13) (80 18) (97 15) (32 84 2) (20 38 90 88) (43 86) (62 68 30) (78 58) 24 (54 95 28 27 81 55 37 77) 41 79 (5 17 75) (12 14 44 34 93) (94 61 3) (91 4 76)
68: (72 73 59 22 93 57) (79 61) 42 (49 60 29) 23 (47 16 41 70) (40 13 92) 88 (50 65 18 89 52 62 53 87) (56 82) (68 10 99) (39 90) (5 81 100) (63 91 33 11 21 19) 38 (1 64 95 71 8 9) (3 94 25) (44 97) 28 69 (51 54) (36 86) (17 4 85) 43 67 30
69: 87 (56 35 72 23) 55 (10 61) (54 70 80) (53 18 73 16 51 75 44) (67 48) 69 (17 68 28 15 36) (59 99) 6
70: 69 (82 83) 48 (93 89 63) 68 57 (74 29) (8 62) 38 7 51 61 (26 44 60 73) 59 56 (45 2 5 34) (46 6 39 100) (96 27 85) (78 1 88 42) 16 75 (53 14 24 90) (99 47 79) (22 23) (9 40)
71: 92 (89 8 65 79 96) (75 21) (95 78) 23 (91 68 85 18 42 94 26) (1 67) 71 (99 17) 46 (61 10 7 88 6) (49 4 3 100 76 64) 37 (41 25 97 40 28) (69 73 56) 93
72: 13 (92 45 59 78 41 20 1) (48 91 2) 87 (25 83) (76 37 68) (61 34 28) 21 33 57 89 15 53 (64 52 69 51 88) (75 30 10 38 17 8) 85 (56 18) 5 (66 63) 96 (98 16 55) 62 (72 90 42)
73: (25 20 35 31) (26 30) (23 68) (54 86 32) 22 56 75 53 92 19 (18 15) 91 (17 48) (65 39 57 43) (83 5 44 28) (90 36 10) 81 (11 33 87 69 100 29) (82 6) 60 (7 47 95 85) (14 8 93 4 89) (79 77 64) 52 (16 1 21 66) 13 96 70 (72 61 74) 84 (50 80) (24 97 67) (98 88) (9 46 51 41 49)
74: (43 91) 93 44 (88 97) 10 3 (11 5 29) (18 30) (15 92 27) 31 46 (36 85) (80 76 47 81 87)
75: (63 59) (65 31) 58 37 (70 54) (16 87) 90 14 (81 48) (60 79 33 92 5) 29 71 (76 28 62) 1 (43 41) (75 73 36 51 86) 100 (77 57 72) 67 (18 46 69) (95 98) 82 (40 47) (26 7 96 55 35) (4 93 84) (85 68 74 10) (23 94) (25 2 66) 78 56 (50 64) (88 17) 3 (89 27 44) (22 83) (38 11) (52 6 9 42) (24 61 20) 13
76: (37 38) (2 18 56) 16 48 (95 13 83 22 67 8 28) 14 53 34 (36 52 49 98 90 91 43 20 5) 21 (64 1 50 32 72 45 58 63) (74 6) 57 (88 9 85 11 44 40) 79 12 47 3 (66 61) 19 (10 100 62) 73 (7 78 65 30) 39 51 99 (92 15) (55 24 42 75 68) (26 84 77 60 86 46) 93 41 54 29
77: (95 27 99) 81 26 76 (39 28) (63 20 56) 32 71 (17 11) 25 72 87 (4 93 92) (5 23 8 44 84 60 34 1 75) 70 (80 64) 85 (33 83)
78: (56 29) 4 33 49 90 (60 55 48 95) 51 (79 70) (54 39)
79: 97 (86 70 48) (21 72 26 65) (96 53 41) 73 (82 3) 67 (81 68) (28 18 76 8 10 14) 9 (50 24 88) (83 66) 23 63
80: 1 (52 75 21) (2 54 18) 76 (91 42) 40 (12 10 36 99 9 16 77 47 100 30) (55 4 22) (92 8 95) 27 (80 25) 7
81: (69 17 23 64) (1 53) 77 (65 37 33 11) (56 39) (43 54) 6 (87 42 70 88) (45 24 57)
82: 55 (75 31) (63 73 27 99 57 36 43) (92 85) (40 62 80 30 70 76 12) (88 42 82) 19 (58 61 21) (39 59 93)
83: 33 39 (21 22) 27 32 49 (50 89) (3 99 29 16 96 38 67 95 77) 86 (20 63) (97 85 7) (40 69) (37 90 12 2) 75 (56 35) (62 18 5) (93 26) (48 28) (58 59 68) (19 65 87 34) (23 52)
84: (91 9) (84 29 72 96 15 41 7) (1 42) (33 88 55) (92 59 52 99) 71 48 (65 5 54 82 81 11) (100 62 38 77 2 4 98) (37 13 34 8 89 69) 86 (53 27)
85: (6 2 91) (98 11 68 84 96 33 4 9 57 5) 75 (78 71 95) 81 54 (23 88 1 17) (15 29 32 67) (94 19) 66 (85 45) 14 100 (21 24 73) (13 69 65 87 62) 39 (56 60 64 35) (97 26 20 72 36 58) 10 52 42 44 (27 31 25 93 41) 86 74 (46 82) 3 (8 16) (51 37 50 77 61 7 12) 43 (79 70) (47 53 59 90 76 89 92 55 30)
86: 87 (26 30 12) (15 32) (7 92) 18 (67 81 82 39 5 91) (11 96 76) (93 66 75 25) (43 55) 3 (31 100 40) (71 44 17 83 54 23 72) (79 22 97 65) (60 86) (58 89) 27 94 16 33 (4 52 85 20 74) (77 61) (95 68 34 10 14 49 46 88 80 59 36 29)
87: 47 24 52 (20 96) (8 42 11 9 89 59 100) 41 (54 97) (25 53 74 14 16 13 40 92) (91 83 82) (98 86 66 37) 34 (64 27) 88 (26 39 70 95) (48 65) (94 32 62)
88: (30 86 48) 38 80 21 32 (33 74) (31 54) (65 75 81 71 69) (7 28) (12 53 17 91 58 100) (76 24)
89: 68 75 44 47 49 (42 50 88 17) (55 86) (27 24 12) (51 57 1 73 78) 45 22 (72 28 82) 13 (89 48 52) (7 79 11 20) 97 38 (46 19 63) 5 40 (15 8 61) (58 3 54 32) (76 2 71 16 67 10 95) (34 33 84) (96 18) 99 (35 6 41) (4 66 64) (43 23 93 70) 98 (77 36)
90: (3 54 65) (35 12 9) (41 59 30) (1 33) 55 (16 26 75 31 80) (42 83 17 84 97) 82 62 (20 27) (99 11) (51 15) 81 (53 58) 39 60 45 (44 93) (91 49 90) (74 98 94 86) (79 25 95 78) 92 43 100 50 23 (10 2) 56 (37 77) (76 46) (72 63 8 89 67 38 70) 29 (47 52 24) (13 61 28) (14 64 68 34 21) 96 32 87 (40 73 69) (36 22) (6 66 71 5) (4 88) (48 57 19)
91: (67 58 37 9 98 68) (31 4 11 25 51 52) (22 53 18 73 29) (40 12 26 94) 5 (48 63 8 44) (54 46 41 10) (69 45 23 71 1) (77 15) (79 88 81 13 32) (65 84) 7 (42 33 39 85 64 74 96 95 34 86) (28 92) (75 30 38) 78
92: 99 (16 29 58 67) 36 9 (31 75 87 30 45) 83 (21 71) (89 52 88) 11 (10 43) (7 34 90) (41 18 94 72 50) 81 70 (86 74 33 92 66 2) 63 (15 35) 95 (17 14) (38 1) (28 79) 69 (93 68) 91 (5 53) (23 57) (64 77 54 44) 84 (8 26 12 13 61 19 82 56 39) 3
93: (62 60) (87 96) (2 48 19 74) (73 12 33 70 1) 50 (13 95 39 71) (18 57 47) (52 17 31 5 59) 83 (16 66 11 43 37) 20 97 (69 49) (22 88) (44 53 46) 14 55 (78 7 64 91) 25 (29 45 79) (28 40) 56 72 94 (90 84 100 76 34 75 58) 77 32
94: 94 (87 41) (64 100 66 36 97 27 40 17) 52 (28 14 43) (46 53 57 25) (20 31) 82 (78 99 16 6) (39 4 75 80) 21 56 72 (34 63 95 84 79 19 81 45 96 50) 33 (35 90) 1 (18 55 93) 89 70 76 (32 49) 12 (24 71 30) (15 60) (74 59 29) (65 61 42 73) 77 91 85 3 (83 23)
95: (49 75) 88 72 (54 1) 23 9 90 (67 59 53) (4 13 89 44 47 33 20 35 37 27 21 78 52) (83 97 6 22 41) 79 8 (73 92 60 7) 87 (19 77) 81 26 (64 28) 69 86 39 (42 11 48 57) 43 (91 17 63) 66 (93 46 3 84 95 15) 24 96 (74 32) (76 65 71 16) 2
96: 19 (48 79 83 42) (59 72 90) (14 38) (11 77) 18 85 (71 75 62 93 9 28 6 91) (22 44) (68 66) (84 45 67 87 56 7) 92 89 (98 1 16 30 2) (96 8 94 88) 65 57 25 (4 29) 64 (24 97 21) 43 52
97: (17 82 88) (41 39 10 62 3 47) (30 57 75 5 96 73 86) (19 100) (97 25) (85 36 64 40 94 92 89) (23 28 99 93) 59 (16 68) (6 44 33 11 55) (38 66) 53 (32 76 79 37) (13 20) 50 (46 49 58) (2 7) (8 48 98) 35 21 18 (29 4 65 81) 26 (15 51) (52 87) 22 (1 74) (9 54) 83 (67 42 78 90 84) (80 91 43 12 56) 95 (63 69 31 27) 24 71 (72 14) 61 (70 34 60) 77
98: (68 54 35 74 82) (77 71 37 73 92) (49 4 7 79 23 53) (9 84 12) 39 (13 45 48 78 56 97 27 57 10 42 34 47) 41 (50 14 70 43 61 62 11 85) 51 (67 94) 75 72 (44 29 86 59 6 22 32 46) 18 (36 3 40) (38 91) (28 90 64 93) 31 60 30 (99 87 76 96)
99: (32 4 87 76 23 29) (72 64) 1 (60 90) (3 41 27) (28 62 91 54 49 77) (35 44) 65 (33 43 24 20) (57 16) 18 (50 55 74) 48 (59 100) 38 (83 26 7 73) (6 63) (11 8 56 15) (71 67) (19 85) 10 (45 97) (5 21 58 66 75 12 47) 2 (34 95 92) (88 79) (31 93) 52 (39 96 17) (98 68) 80 (42 86 9 84) (70 53)
100: (39 74 2 19 52) (48 25) 87 (65 60 57 20) (86 5 88 96 29 27 70) (54 17 98) (78 94 77 47 49 42 26 58 6 7 50 33) (8 99 90 32) 56 (11 63 15 75 22 21) (95 55) 18 82 (66 41 92 38) (64 69 80 73) (30 9 44 35) (43 10 100) (14 93) (24 16) (62 67) 59 (85 1 34) (79 72) (53 28 71 3) 36
1: 7 (26 56 100 72 63 27 58 21) 43 (6 53 93 67) (91 71 45) (80 76) (81 13 30 68 57 17 35) (95 90 4 75) 96 2 20 (61 9) 23 (73 34 48) 66 (5 22 94 3) (77 97) 52 (65 29 36) (84 11 19) (92 12) (49 64 14 89) (31 99) 85 (55 70 59)
2: (96 85 11 55 44 6 40 100 83) (34 75) 14 (30 12) (31 72 97 23) (52 22) 32 89 (46 57 47) 95 24 49 (65 99) (58 7) (64 5) 25 76 (84 17 13 4 26 70 93) 43 15 3 (80 92 66) (2 90) (29 19 67 59)
3: (15 49) (55 59 52 35) (63 89 74 99) (12 53) (41 75) (13 64 65) (44 17 11) (8 94 90) (79 42 30 2) (71 29) (62 98 92) 68 4 (16 100) (20 76 54 86) 97 (57 47) (3 46) 38 (85 33 66 31 95 45 6 83) (5 14) 67
4: 78 (66 11 90 2) (30 85) (71 8) (73 89 63) 52 98 (84 24) 20 (99 86 77 53) (45 36 95 17) (15 31 68 97 65 14) (55 18 56 46 75 96) (62 80 91) (64 13) (47 43) 12 (67 44) (23 94 33 59 57) 19
5: 4 (97 20 11) 74 (8 66 77) 75 2 (63 18) 65 (70 59 64 23 3) (86 45) (91 83 84 73) (21 52) (46 90) (55 36) (89 15) 85 (44 31 68 99 58 76) 93 (14 17) (5 12) (67 43) 33 (72 30 47) (92 100)
6: 41 62 (2 63) 50 (70 3 36) (48 8) (85 46 81 67 29 49 76) (89 47) (96 7 6) (18 30 100) 23 (69 31 53) (19 32 98 99 94) (59 90 43 57) (97 73 71) (52 66 44 12) 75 (26 95 34) 11 (65 17) 5
7: 88 17 (30 4 73 52 98) (20 95) 32 91 (28 6 84 12 22 53 93) (8 24 89 11 13 71 29) 46 (86 80) (49 64 47 27 83 43 45) 44 (66 63 92 85 2 76 65 15 7 67 99 100 61 75 96) (55 70) 38 (59 97 19)
8: 45 24 56 (2 10) (48 85) 91 (68 70 1 80) (5 26 51 4 72) (77 36) (15 71 73 38) (22 19 79) (12 53) 90 95 14 30 (44 92 17 31 87) (11 57) 97 (6 66 34) (99 47) (89 23) 52 (96 55) (76 65 84 59 16 7 18) 43 100
9: 16 25 53 96 (80 87 61 52) (99 17) 22 (59 19 15 97) (42 98 100) 13 (30 68) 95 10 (75 92) (85 26) 9 (48 32 76 73 24) 66 (5 12) (7 91) (21 31 8 44 70 65 38) (90 79) 2 6 (64 56 84 4)
10: (33 16 66) 10 24 28 (72 53 2) (18 29 38) (97 47 50 75 56) 69 57 (100 98) (30 17 65) 26 79 (71 73) (13 90 46) 61 7 55 (12 36 8 42 11 20) (92 85) 68 (89 76 63) (74 41) 22 (80 21) (6 44 4 32 91) (23 59) (99 64 86) 3
11: (59 46 75 91) 66 (56 90) (93 55) (97 95 92 96 21) (86 33 57 44 6) 74 (17 48) (29 89) 64 16 (100 45) (3 98 77) (36 84 99 18) (25 81 85 20 30 73 12) (87 68) 11 (65 58) 4 34 (53 76 15) 2
12: (52 16 99 64 15) (82 80 66 10) 88 (92 59 65) 42 (61 6 47 7 44) (86 32 53) (20 83) (18 91 22) (48 90) (85 34 50 8 76 36 55 5) 43 26 (12 2 19 25 62 30 17 40) (97 89) (94 63 93) (67 98)
13: (14 4 85 59 52 93 65) 30 (17 72 2) (28 5) (67 44) (12 66) (8 68 91 24) (64 76) 46 (48 49) 95 (73 92 90) (25 26) (53 98 57 89 38 15 87 10) (51 97 56 84) 19 75 43 47 45
14: (59 17) (24 64 75 93) (100 85) 44 (4 50 73) (45 2) 48 (19 65) 12 (67 30 96 32 55 43) (90 87) (53 14 15) 57 46 (92 33 22 42 8) 98 47 76 7 (94 26 20 3 79) (5 31) (23 18) (38 70 6) (86 25) 97
15: 66 (29 100 56) (30 11) (38 52) (85 53 95) 84 (92 47) (21 94 19) (86 26) (54 17 20) 67 18 22 63 7 (89 97 91) 57 42 (59 69 6) 2 50 (45 23 90 64 35) (72 24 15) (74 25) (46 76) 73 99 39 4
16: 89 (97 33) (51 69) (65 29 21) 59 93 50 68 45 73 (2 83 38) (75 36 11 6 19 100) (96 61 66) (10 23 72) 14 52 5 16 (17 15) (92 53 70 90 46) 85 (57 42 20 87 94 99 95 4 67) (30 80) (64 55) (86 49) 76
17: (86 59) 42 (66 67 15 5 23) (99 51) (93 81) (85 46 38 47 53 45) (100 89 63 21 73) (54 30 68) (72 8 75) 71 (77 57 9 95 6 64 31) (33 97) (4 52) 88 92 (18 25) (94 7) 43 (3 19 44 69) (29 20 90 24)
18: (96 43 12) 4 (94 79 86) 2 (10 62) 69 64 (56 80) 57 (21 47 13 100 36 66) (50 98) 14 (89 19 92 72 76 44 65) (71 99 59 11 16) (93 45 52 31) 83 (91 20 53) 61 (3 74 73) (15 18) (68 51) (7 38 63) (75 30 6 17 97) (5 67) 29
19: 58 (19 65) (95 17) 34 (30 66 46 6 25 89) (2 82) 43 (99 94) (3 44 56) 68 (59 15 90 92) 12 (100 83 36 4) 33 (5 31) (49 64) (73 96 14) 97 (93 85 52 20) (26 76)
20: (13 7) 19 21 (52 9 12 5 15 29 76 77 16) (89 75 46 64 100 63 50) (86 99 38) (53 6) 72 (8 95 24) (59 2) (61 73) (97 65 54 57 4) 87 85 (44 90 93 45) (67 25 26) 94 (22 83) (66 23 30) 17
21: 97 6 (46 79 65 52) (26 3) 5 (2 73 36 64 67) 63 (17 100 80) (82 72 76) (71 66) (53 11 59) (42 51 7 12 92 55 90 99) 85 (94 30) 21 (88 15 38 20 18 31) 56 (48 68 96) (10 23 83) (95 34 19 28 33 4 57 8)
22: 49 (98 97 70 5) 89 (55 73) (30 34) (66 7 29 83) (48 76) (44 14) 9 75 (11 12 59) (93 13) (17 32 65) (52 58) (91 86) 6 (2 50) (36 80 95) 53 (18 19) (15 100 8 67 90) 38 42 (35 43) (96 57) (47 20) 24 64 68
23: (32 16 62 77 51) (66 52 61 46) (23 56 83 81 91) (65 18 2) 67 (71 4 55) (57 6 27 95 17 59 69) (15 49) 97 64 21 98 75 (38 10 19 85 30) 70 (89 99 86) (8 28 94 43 45) (9 5) 90 42 73 12 79 (92 34 68)
24: 24 (99 23) (45 11 75 44) (51 14 64 70 100) (10 95 16 20 25) (81 90) (42 3 73) 6 19 (34 47 66) 89 (52 79) 76 (59 94) 43 85 (48 63 46 57 22 65) 88 (50 96 67 12 97) (5 87 61 18 53)
25: (61 87) (30 32) (29 94) (72 64) (18 31) 48 (65 93 100 52) 36 (6 63 45 97) 23 (33 77) (38 14) (91 24 53) (85 90 57 46 73 13 71 15) (21 96 59) (80 51 2) 47 (86 68 3) (66 75 19 4)
26: 52 (21 77) 8 95 (24 67 20) 48 100 57 41 (97 73) 25 (17 65) (79 76 9 49 43 22) 2 50 (16 30 46) (40 32) (6 86 15 99) (91 5 87 75 71 70 66 44 53 83 59 92 64 12 90 85 14) (4 19)
27: 32 (51 74 12) 18 (99 44 46 80) 84 (33 59 5 30) (70 26) (19 24 25) (2 53 57 89) (66 100 36 77) (62 8 82 85 35) 47 40 (48 16 95 41) (75 52 55 86 42) (65 90 21) (64 6 17 67 31) 87 56 (83 43) (98 94 29 50 3) 97
28: 79 (90 20) (14 72 38 17) 49 8 65 22 (4 58 2 21) 93 (62 46 88) (76 15) (36 53 5 83 48) (71 95) 47 73 24 (92 66) (59 26 18) (6 13) 19 68 31 99 94 43 (77 75) (96 97) 89 (67 16 45) 91 (98 30 56 69) (50 7) 57 (64 11) (12 100 25 55 54)
29: 78 (47 86 13) (70 30 93) 65 99 (66 29 6 94) (75 84) (23 17 76) (43 42) (96 45 73 7) (8 2 34 46 57 98 52 90 74 5 22 31 14) 53 (9 83) 68 (20 97) 91 26 92 59 (56 16) 48 85 (24 25 100) 50 (4 36 51)
30: 44 (30 91) 7 (3 90 45 52 62) (68 54) 21 97 29 11 (67 73) 2 (56 76) (94 55 82) (98 48) 74 (18 80) 65 (12 100) (63 64) 86 (96 85 22 15 9 66) (92 59) 4 (14 53 72) (6 88 46)
31: 11 (47 61 41 30) (6 92 44) 14 59 (17 91) 20 19 (38 42) 97 (65 73) 55 21 (1 64) (5 12) (75 7 29) 66 2 (94 98 57 58) (88 35 99 53) 86 36 93 33 90 82 (74 13) 62 (46 85 15) 45
32: (10 66 88) (5 39) 4 (26 99 20) (91 21 100 64) 85 18 13 93 (47 83 3 52) (55 57 77 30 29) (94 46 17) (76 19 65) (48 51 6 63) (59 73) (90 97 14 56 95 36 38 53 15 45) 2 44 (86 50) 67 89 8 (35 98) (16 87)
33: 46 (100 20 6 30 53 85 66) 84 57 (77 12 75 81 32 95 10 72 25 52 91) 34 61 (19 2 18) (27 89) 22 78 (35 45 93) 64 (56 65) 92 (86 99 51) (17 36 47 90 13 4 5 94) (88 55) (59 7 97 43) 73 83 (68 44 11)
34: (6 66 30 97) (91 67 15 45 92 26) (5 72) (48 86) 52 (98 84) 65 12 (46 32 87 7 34) (18 59 76 24) (2 93 43) (55 100) (13 83) (89 17 94 31 3) 44 50 (47 4) (90 42) 99 (53 61 63 57 70) (25 56 77)
35: (57 18) 49 (67 52 20 50 85 64 30 45 59) (14 7 66) (63 22 21) (38 90 9 48 43 98 15) (89 12 5 28) (92 6 2) (53 44 10) (8 83 97) 16 4 65 (55 24) (99 23 100 26) (19 62 47 73) (94 75) 46 (69 3) (29 95 17)
36: (66 31 20 97 86) 69 (21 48 1) (22 90 55 53 51 57 45 38 29 43 98) (17 80 14 8 67) (82 30 100 44 5) (2 19 76) (7 4) (15 75 68) 73 94 89 85 (61 12 65 6 33 52) 74 24 16 (59 92 18) 32 56
37: (81 30 11 24 46 43 4) (13 66) (7 12 29 63) (83 84 47 67 93) 51 (85 8 98) (65 45 91 97) (59 56) (72 31 53 76) (87 17) 5 (71 9) 6 55 95 (15 75 19) 44 2 90
38: 56 (97 13 19 99 83 60 12 4 92) 6 (66 36 65 38 91) (88 98) 48 (59 30 84) 67 (17 96 76) (63 54 44) 70 (25 75 57) (42 68 18) (35 72 90 14) 21 (22 100 53) 24 (5 55 43 47 29) 8 (7 45 89)
39: 5 44 91 (100 65) (63 6) (55 70 36) (19 16 22) (17 68 93 11 8) (21 86 66 77 98) 90 (76 62) 46 78 56 (38 47 33) 67 (53 94 7 95 92 87 81 83) (99 57) (2 26 30) (73 82 85) (64 32) 97 12 18 59
40: (68 93 40 3) (23 13 67 66 54 76 82) (42 6 71) (57 21) 45 (97 91) (4 32) 5 (87 75 83 63 47) (86 43 44) (7 20) (98 46) 56 (52 8) 30 (80 26 2) (90 70 53 89 55 17 18) (49 94 65 12) (29 19) 64 59
41: (65 35 19) (71 55 92 48) (75 32 59) 79 36 (15 2 76) 100 66 63 (73 85) (44 53 17 57) 30 98 (64 84) (91 68 97) (34 18 7 95 5 11) 20 (99 45 94 90 67 87) 47 (21 12) 16 6 38 (72 43 89) 10 50
42: (61 97 59) (46 22 98 36) 45 (14 53) (99 58 72 49 18 96 30) (71 65) (5 66) (55 2) (4 8) (70 50 20 81 95) (31 85) 34 43 (100 44 64 52 67 76 94 84 19) 24 91 21 68 (82 29 90) (57 17 6 89 11) 15 12 75 (80 47 32 26 87)
43: 73 89 (86 95) (24 81) 50 45 85 (47 44) (8 19) (33 20 6) (76 82) (12 53 68 31 26 15 39) (96 99) (94 93 52 36 11 90 2 92) 59 (97 64 100) 74 (63 98) 67 16 (75 5 13 56 46) (65 17 66 14 18 43 30)
44: (6 85) (90 66 45 92 38 63 91) (65 32 64) (55 12) 73 (34 9 96 24) (76 75) 97 (56 36) 31 (86 89 70 98 21 74 95 18 48) (15 17) (52 67) 42 (59 26 77) (30 14 43 2 46 68 4 7) 61 (99 100 69 93)
45: (90 72) (59 44) 46 (40 53 50) 94 8 18 63 67 17 (45 57) 43 (99 39 15 96 33 31 21) (76 30 26) 56 (81 70 92 65) (29 2 36) 66 98 93 (24 47 89 32 19) (25 6) 85 (4 91)
46: (53 45 76) (47 14) 71 (17 56 29) (32 98) 73 30 (74 89) (95 49 44 7 5 20) 4 (91 57) 97 64 15 (61 2) (35 85) (59 8 21) (36 42 86) (26 12) (25 18) 75 52 (90 31) (94 70 6 13) (65 93 9)
47: (44 11 59) (73 18 45 47 30 53 2 6 70) 23 80 5 (93 7 67) (12 65 57 32 48 97 33 31 89) (36 34 39 14 90 4) 25 99 (68 55 3 19) (98 87) 85 (17 63 95 15 13 100) (75 20 74) (42 64 76)
48: 57 (28 53 65) 76 13 15 58 1 97 44 (89 33 93 20 66) 59 (78 54 16 69 98 45 19) (95 96) 47 5 (12 52 2) (26 4) (83 14 90 7) (30 88 42) (55 21 72) (27 64) 91 (99 87 70 67 17) 79 29 (73 100) 51 75 36 84
49: 12 57 (100 98) (95 9 13) (15 49 24) (38 44 45) (62 52 76) (48 46 43) (90 25) 83 (86 30) (99 2) 64 66 (59 94 7) (17 51) (78 4) 23 (14 55 26 28) (32 93) 34 (97 89 68 71 73 20) (21 53 67) 6 31 65
50: (57 85 92 49 2) 83 (13 63 90) 6 (62 65 18 68) (98 10 76) (67 19 93 99 4 46) (32 89 64) 31 (66 94) 30 (23 26) (79 97) 15 (53 20 8 73 45 36 52 12 33 75 17 11 100) 43 59
51: 75 (12 63 38) 50 (53 5 73 61) 17 (68 30 65) (76 6) 70 8 (43 4 18 7) (52 44 21) 89 (23 55 22) (78 57) 69 (31 2) 51 (19 85) 11 (56 64) (72 42 97) 46 (26 59 91 45) (14 98) (29 66 90)
52: 63 (65 38 35 59) 90 80 (50 47) (97 93) 4 (11 44) 83 (29 68) (92 73 66) (53 28) 26 (21 43 75 19) (9 56) (94 89 99 100 84 34 52) 54 (91 76 17) (31 86) (22 8) (72 2) 5 24 (64 6 87 18 49 57 12 95 85) (30 48) 96
53: (88 90) (13 52 38) (15 17) (97 91 94 40) 5 (12 98 8 79 14) 19 87 (81 46 65 36) (29 25) (53 85 1) 56 (95 93) (66 84 11 44 67 42 68 4 6 99 72 26 45 70) (34 2) 59 (49 47 100 76) (73 92) 30 (57 32) 33 (63 50 69)
54: (64 23) 45 (97 100 98 47 76) (11 89) 78 61 (53 68 49) 9 57 (42 17) (3 86) 81 (29 52) 22 21 (36 84) 65 44 46 (2 80) (73 59 48 19 90 30) 85 35 (69 91) (99 7) 67 25 43 16 (15 56 87) (92 38) 95 (63 75) (4 20 88 13)
55: 89 2 (16 67 100) (12 72) (46 80 47 50 85 59 56) (76 75 6) (54 90 18 82 11 97) (69 32) (25 44 99 17 36 61 78) (65 30) 86 (15 84 22) 57 94 (4 53 93 19 5 63) (64 13) 66 20 (49 7 45 33)
56: (19 78 31) 2 (81 63) 17 (57 65 92) 15 (23 100 20) 99 50 97 (69 59 48 18 68 29 76 47 5) (98 46) (66 94 96 13 61) 6 71 (43 44) 33 (53 36 70) (90 41 85 83 38 93 52) (73 75 30 8 35 11) (14 26 64) (77 72 12)
57: 54 (89 85) (97 81) (24 98) (26 7 38 16) 70 57 59 46 4 (92 82) 68 (53 67 72) (20 65) 99 18 93 (95 36 2 35 30 5) 76 (64 63 25 94) (6 100) 12 (11 17) (96 47 66) 90 (73 19 75 49) 21
58: (100 55) 82 85 (99 40) 65 (86 3 54) (57 20 2 15 21) 53 64 (45 26) (38 89) 92 36 (83 30) 44 59 (88 76 6 91) (5 50) (52 33 4 31) (18 66) 49 (22 90 29) 17 (62 43) (12 75) (97 9) (61 46) 19 93 16 67 14 51
59: (63 48) 20 99 86 (5 7) 35 (15 33 14 43 25) 13 (66 87 82 72) (55 2 70) (23 97) (84 69) (8 59) (9 16 64) 95 (24 83 41 12 90 68 75 98) (85 19) (65 6 26 30) (50 53 67) (47 57 96 21 100) (93 17 45 94 51 10)
60: (97 44 98 93 5 2 55 57 47 46 37) (12 65) 35 (70 78) (42 29) (73 76) (59 8 52 30 61) 99 (32 85) 45 75 (36 7 95 4 66 94 77 14 68 17 86) 20 (49 24) (64 90 26 100) 19 (58 15)
61: (57 20) 71 (14 75) (13 53 30) (64 29 89 4 90 7) (70 5 38) (48 45 2 3) (82 17) 92 49 (35 46 85 73 59) (18 15 19) 68 67 72 (32 31 34 94) (66 76 97 12 55 86 44 98) (65 69)
62: (2 18 7) 72 (50 84 49) (16 54) (35 6 51 34 4 14 38) 93 (64 45 52 90 5 30) (99 39) (59 17 65 57 68 19) 82 (56 85 44) (66 100) (67 76 55) 70 (43 22 63 83) 97 (96 33) (42 26 75 53 98 87) 13 (21 47)
63: (15 45 51 53 19) (7 11) (92 31 100) 25 50 (75 22 94 44 91 99 2 14 46 55 95 82 65) 70 (77 90 58 83 97 13 66 5) (12 89 20 72) (30 79 59 6 17 16 76 3 68) (8 38 4) 29
64: (17 20 48 67 51) (65 64) (38 30 15 100 4) (2 5) 93 34 (89 81 90) 75 (59 7) (32 8) (61 35 12) 94 (43 96 77) 45 (99 85 53) (87 68 19 11 66) 76 (71 31) 14 (98 6) 47 (52 92 97 3 95 73) 72 (91 28)
65: (94 91) (55 30) (73 71 3 64 86 100 49) (75 7 38 36 43 15 84) 29 45 19 17 (65 63 90 67) (13 10 42 27 2) (68 59) 95 66 85 96 (5 97) (25 51) 12 (34 79 81 24 83) (87 18 8) (33 76) (4 52 53 46 6) (99 16 35 88)
66: (44 94) 49 53 11 (28 13) (75 93 45 47) (73 41) (95 25) (97 4 52 65 7 60 15 64) 48 (99 67 66) (38 86 2 30) (20 14 85 92 56) 89 87 (72 90 17) 5 46 100 42 (29 50 12) (19 63) 24 (57 27 36) (59 79) 6 (76 18) (35 51) (8 96) (9 26)
67: 59 (86 79 36) 96 33 69 (1 85) (50 95 7) (52 44) 15 8 6 2 76 (53 23) (30 13 71 51) (98 73 68) (56 65) (89 92 49) (100 19) (90 16 83 66) (43 75) (20 14 99 47 27) (61 91) 17 (18 4) (5 46) (97 12)
68: 46 45 56 (73 18 83 76) 32 68 3 35 (48 79 92 67) 75 9 (91 59 13 55 25 7 11 66 52 89 64) 69 42 47 4 (21 97) 2 53 17 (85 99 58 43 19 31) (86 38) 28 (70 96 90 12 98 71 6 8 5) (65 72 49)
69: 75 (69 16) (83 33) (90 56) (20 12 36) (19 11) (70 81 63 6 4) 95 (15 23) (66 24 84) 43 85 (73 97 17 91 93) (14 68) 71 (7 46 57) (30 92 88 51 2 72) 29 (22 67 59 8 44 62) (55 53) 100 18
70: (67 79 7) (69 89 98 62 12) 14 31 66 (93 24 97) (29 47 57 55 90 44 68 53 59 100 19) (48 64 65 18 4 99) 63 6 (20 56) (15 2) (13 94) (46 43 77 17 50 81 92 52) (61 75 82 5) 78 (34 87 30 85 38) 73
71: (71 68) 94 92 26 88 84 (19 7 15 90 56 95) (67 97 49) 93 91 (96 77 52 2 85 64 4) (42 75) (8 17 29) 98 20 (47 18) 44 (6 46) (13 43) (99 11 65 36) (57 21 86 30) (55 12) 89 (66 59 32 3) (63 38 50 23 100)
72: (15 10) 93 100 (19 52 64 72) (28 99 90 33 79 53) 7 95 (62 97) 67 (30 96 89 46 86) (68 65) (94 12 85 50) 75 (4 98 66 84) (57 92) 31 (17 73 55 11 22 56 45) (77 29 8 43 69 59) (3 47 6 76)
73: (30 5) (15 4 64 79 67 70) 98 75 (89 53 71) (91 85) 46 31 (3 2) 16 (90 97 34) 57 10 36 (93 35 12 17) (99 19 20) (95 69 23 82) 11 94 (68 76 38 51 65 59 44 13 18 43 26) 56 (100 25 6 50)
74: (30 75 64 34 88) (70 43 99) (49 87 46 56) (93 8 2) (59 86 16 92 94) (29 97 14 11 52 55) (53 50) 65 98 (6 100 76 4) (90 20 95 67) (27 17 21) (85 13 19 5 57 73) (91 63 66 12)
75: (21 35) (3 45 64) 28 (93 59) 66 30 67 19 97 70 15 4 (49 7) 42 (26 8) (6 58) 44 34 (18 2 94 100 12) (69 91 99 83 55 50 48 92 71 41) 98 88 (25 77 52) 65 (22 14) 96 56 90 5 73 89 11 20 (86 76 95) (17 72) (31 53) (47 80) 85 (75 82) 63
76: (56 74) 82 (57 20) (48 14 67) 8 99 (17 23 65) (6 98) 59 (38 71) (79 26) (47 5) 95 (52 89 85 30) 19 (93 86 60) 45 72 55 11 (90 75 46) (15 64 88 12) 94 (18 9 2) 77 36 (3 66 80 13 53 97)
77: 85 (28 53) (84 22) 90 (19 66) 76 44 (61 64 89 95) 75 30 (12 42) (99 8 15) 83 (67 92 43 51 96) (93 56 57 26 6) (18 2 59) (7 94 60) (45 91 86) (29 97 52) (80 49 20 73) (81 11 54) 17 (48 65 98) (14 46) (47 100)
78: (85 24 26) (93 11) 46 47 (42 2) 90 7 (31 1 100) 13 59 (36 14 4 9) (23 52 89 45) 91 (64 65 56 19 72) (34 55) 76 75 (51 18 71) 95 (43 94) (98 97 66) (6 33 67 63) 30 53 70 (29 57)
79: 2 (36 85 47 68) 43 (19 39 64 73 25) (71 22) (29 18) (89 70) 90 75 (86 99 9 93) (30 76 12) 100 66 31 (78 59) (98 44) 7 (6 1 53) (96 38) 33 94 17 24 55 (92 46) (56 65 95) 91 67 57 (32 4 8 26 97)
80: 4 86 (80 99) (59 90) (82 74) (88 38) (9 77 97) (67 46) (16 57) 52 (17 73) (56 45) (30 5 19 69 47 33 100) (64 94 53 29 61) 65 11 (55 6 36 18)
81: (88 6 95 55) 53 (29 57 90 56 43) (4 30 97 23) 73 (66 48) 77 (75 67) 3 (74 47) 15 64 11 (38 54) (12 46 44) (20 92) 25 (79 2) 21 (17 5) 26 (33 59) (94 27 86) (22 85) (68 65 10 41 84) (19 8 91) 14
82: (97 19) (64 75 5 32) (31 53 61 92) 43 85 (56 26 4 70 29 7 73 66 24 25 67 90 14 42 84) (63 82) 100 (12 55 2 33) 44 (45 57 65 13 87) 3 (68 20 54) 22 (98 6 89 59 47 8 94) (86 79 21)
83: (2 59 67) (45 30 97 53) (46 7 8 90 92) (15 29 12 47 70 21) 66 26 (36 23 63 77) 72 (86 49 96 95) 75 43 94 (16 56 31 65) (19 55 17 73) (99 79 44 24 87 76 93)
84: (98 30 25) (51 90 84) (15 29) 67 95 (21 20 85) 55 89 (36 73) 17 14 3 (8 22 65) 7 (75 19 12 97 56 93 54) 66 44 99 77 47 (2 96 10) 50 (64 91) (32 76 53 94 43 92 16 6 59)
85: 98 57 (19 24) 48 (70 8) (49 2 75 59) (35 6 32) 65 (83 43) (73 77) (86 100) (45 53) (56 1) (68 46 74) (26 72 96 63 30 76 94 71 17 99 85 67 5) (29 12 20 91) 22 82 (66 13 44) (97 38)
86: (73 44 20) (50 85 64) (14 92 12) (8 53 5 46 41) 75 (13 95 33) 86 (47 21) 11 (89 88 59 7 9 2) (6 16 68) 40 (97 35 91 100 99 32) (31 87 90 29 48 18) (36 79) (15 43) (25 30) (67 28 26) (19 52 84 76 57 98) (17 83 65)
87: (63 21) 48 (17 54) 19 (72 42) (92 11 93 32) 4 (7 35) 66 (5 99) (90 46 75) (95 73) 85 (52 22 8) (59 24) (94 20 43) (56 44 74 83) 30 53 (55 45) (77 98 68) 97 86 (64 100) 3 (6 65) (96 81 49 25 69)
88: 72 (79 70 7 59) 50 82 67 (95 57 91 30 74) 29 6 (37 65 96 92) (16 93 68 49 55) 86 (34 19 87 90) (8 11 63 84) (25 66 46) 26 (73 15) (71 100) (12 18) (17 52 89) 97 45 (36 43) (81 2) (56 85) (5 44 99) 76 75 (4 10) (24 51 47 20 23) 33
89: (20 57 22 7 17) (31 21 87 84 64 10 27 61) (11 73 55) (33 15 63 56 72 65) (89 26) (38 85 25) 96 (5 70 97 6 42 49 47 71 95 59 66 94) 4 (52 75 46) (14 86 19) (83 45 2) (44 90 30) (43 13 12 1 68) 8 53 92
90: (83 63) (70 38) (43 59 78 19 22 92) (30 76) (94 99 29 5 14 3 45) (7 66 67 52) (72 58) (90 64) (68 97 36) 46 (93 50) (26 57 17 73 85) 96 55 12 25 (20 56 2 65 75 98 62) 95 6 8 (100 23 31 53 4)
91: 80 16 (2 59) (71 46) (7 84) (65 97) (64 98 5) 55 38 (63 94 30 96) (29 88 76) 86 (73 93) 52 42 87 74 (57 31) (28 92 12) 44 20 (99 40) 49 (45 66) (72 58) 90 43 (85 34 53 17 4) (68 23 6 26) 95 (19 67 36)
92: 51 (11 12 45 80) (33 65 40 68) (13 21) 27 (36 73 39 85) 63 (74 2 17) 90 (31 86) (71 91 99 38 4) 8 (53 5 77 76) (14 57) (97 98 84 100 66 22) 52 (82 59) 20 (96 30) (67 7) (3 56 75) (43 6) 47 (95 24 50 42) (92 72 46 19 87)
93: (12 86) 22 (50 25 100) (8 68 26 73 65 67 57 64 32) (44 98 90 83 15 20 19) 71 74 46 (92 95) (28 36) (18 75 2) 21 (96 23 47 55) (97 53) (16 59) (6 94 3) (49 82 77 17) 66 (89 30 61 70) (85 7) (62 43) 99 56 (29 5) 76
94: 91 31 71 75 (10 22) (46 17 92) (28 59 7) 11 (65 66 55) 32 (35 2 47 19) (43 87) (18 25) 93 45 53 6 34 (85 13) (68 96 94 100) 5 54 (44 57) 98 (67 97 86 20) 90 (29 58 26 30 64)
95: (19 94) (92 6 36 56) (30 4) (42 38 77 15) 75 (13 35 61 20) (87 71 22 86 67 63 83 64) (76 54) 78 8 (57 89) (68 7) (53 59 85) (18 95 12 26) (16 91 73) (97 48 5 44) (55 80) (99 65 90 17 24) (51 93) 100 46 (49 2 66 45)
96: 53 (71 83) 79 (86 87) (5 97 66 20 72) 89 (32 47 10 65 19) (31 25) (59 6 4 70 62 42 91) 46 (85 96 51 30 52 22 26) (90 75 100 99 33) 36 (24 17 94 98 95 38) 84 44 (14 23 93 63 12 45 55) (18 73 2)
97: (11 14 20 90) (21 29 25) (83 49 98 18) 44 (2 5) (68 15 67) (6 89) 64 (33 96 31 39 57) (30 45) (8 71 59 17) (85 36 7 94) (23 16) (4 56 65) 95 74 99 (38 87 86) (73 79) (43 97 50) (93 12 52) 66 (63 3)
98: (5 91 18 66 85 76 10 19 26) 97 (22 48 43) (4 87 8) (21 54) 59 (99 20) (2 29 12 44) (73 72 64 61 45 89) (96 84 33 15) (32 6 53) (38 30 100 17) (90 46 57 7 75)
99: 49 (31 57) 62 13 25 (65 21 55) (70 92) 84 (38 53 97) (52 3) (67 30) (44 69 11 29 23) 45 (82 83) 68 64 (98 5) 8 2 100 17 (54 71) (56 94 12) 66 77 4 7 (19 20 90 16) (6 59 76 89 80)
100: (45 32) (94 70 2 93 4 46 64 3) (85 7) (97 57) 14 (5 87) (90 17 41) (12 68) (86 76) (65 75 61) 36 (56 29 18) (19 80) (73 84 30 99 6) 100 (47 53 59 88) (20 66 67) 34 71 (49 44)
