100 100
1: (50 28 30 77 9 10 26 65) (90 37) (5 13) 27 (33 79 6) (49 34 22 89) 3 23 (92 1 51) (73 80) (95 62 29 46) 7 (8 78) (14 91 47 60) 67 (25 53 66) (57 87) (54 24) (2 61 86 4 42 97 16 31 100 71 36) (15 98)
2: (70 59) (82 2 8 44) 25 96 26 (49 81 78) (4 52 1) (90 92) 3 (58 33) (89 67) (6 83 5 69) (38 24) (54 95) 23
3: (35 81) (31 64 100 38) 65 88 (63 92) (8 99 61 82 9 25 93 41 14) 47 (72 27 46 79 40 56 13) (29 48 59 22 86 91 44 43)
4: 63 27 (38 39 73 59 55) (72 21 41) (84 40 54 79 37) (33 89) (94 80 17 68) (60 50 82 61 44 95 36 86 77) (31 47 52 81 98) 48 (71 2 1 7 29 88 15) 90 (99 62) 6 (35 24) (92 23 76 26 42 19 8 93 51 11 85 56 18) (46 78) (65 58 3) (30 10 70) 53 34
5: (64 96 95) (88 5 46) (35 71 29 31)
6: (90 34 76) 38 (58 4) (46 85 54) (12 75 40 74 81 42 91 44) (61 100) 6 (53 5) (63 9) (49 94 77 80 71 88 84 87 83) (48 24 22) (31 41) (2 1 93 67) 65 (10 29) (47 16 23) (30 39 95 66 45 32) (26 50 72 69) 79 51 (86 13) 57
7: (59 2 22 11)
8: 6 93 (33 94) (52 68 41) 10 (27 79) (17 55 44 76 48 23) 65 (72 83 25 54 42) (87 57) 64
9: (25 16 74 31) (48 59 62) (55 32 77 82 99 17 4 42 13 41 49 52 69 86 88 72) 9 (46 21) 75 (61 54) 94 93 30 (91 64 38) (73 28 23) 92 6 (11 34 51) 81 (83 35 71) (90 45 96 36 50) (24 37 26) (10 68 98 15) (53 65) 43 47 89 (85 63) (60 97 2) 78 (19 70) 1
10: (23 6 95) 36 (56 40 67 72) (64 15) (24 70) 18 (9 68) (42 57 91) 54 4 100 (50 80 34 88 76 7) 82 (5 51 14) (31 35) 97 (26 63) (60 41) 38 22 (79 48 71 69 16) (74 21 94) 78 (52 30) 44 (11 12 8 45) 83 (13 29 46 20) (1 2 61) (77 49 99 84 37) (19 93 81 73 98) 65 (87 89 86) (62 25 96) 39 (59 58 90) (43 66 3) (32 33 53 27 17 55 47) (85 10)
11: 11 (92 2 83 100 43 28 47) (8 24) (90 35 67) 61 70 (36 7) (77 88 50) (63 80) (32 62 6 84) 56 26 (48 79) (19 25 41) 12 (45 5 72 46) (66 58 68) (22 97 16 44) 91 1 (27 71) (34 57) 38 (53 37 13 10 42 78) 14 (59 82 73) (64 93 29 81) 65 (23 99 89 15 52 4 69) 54 (3 95 74) 76 51 (98 40 18 75) (30 31) 17
12: (80 10 36) 14 51 (77 31 69 67) (95 64) 52 90 (21 13 47 23) 26 79 1 (78 54)
13: 65 14 15 (62 87 30 70 1 91 34 81 60) (7 3 24) (64 67 57 82) (54 53) 26 (41 58 79)
14: (44 30) (4 42 12 24 61 89 40 22 9 87 21 1 88 46 92) 23 (53 45 57 76 56) 3 38 63 (6 81) (86 69) (59 97) (65 47 48 90 18) (15 66 52 80) 8 (98 84 68 29 33) (91 17) (37 34) (13 94 28) 26 16 100 35 55 (27 58 10 85 36 54 74 39 31 83 60) 20 (64 7 32 50 79 82 96) 43 71 (14 49 70 41 99)
15: (89 21) (60 2 69) 56 31 (7 27 85 62) (15 49 64 35) 29 (76 8) (81 32 38) 47 (99 70 24 10 25 96) 55 (40 51) (5 100) (19 66 84 30) (26 12 74 39) (58 67 17 36 37 61) 92 (9 22 20 6 41) (54 45 73) 93 (71 3) (80 57) (78 79) (28 65 82 42 86 16 48) (4 88) (44 94 46) (53 72) (11 90) (97 18) (75 68) 59 83
16: (46 17) (54 77) (83 73 91 69 10) 7 89 (33 52 63) 99 (34 37 76 79 50 48) (60 90) 25 8 (75 62 27 68) (22 74) (61 85 44 47) (6 26) (64 11) (14 51 36 81) 2 (41 78 42 9 82) (49 29 20 21) (1 84 97) 32 (100 18) (24 56) 5 (65 4) (55 58 3) (31 93 72) 71 (15 87 57 92 70 80)
17: (6 90 26) 60
18: 64 (1 33 52 98) (48 99 66) (46 50 55 89) (68 21 19 92) (25 14) (75 95 23 13) (8 6) (29 58 81) (78 35 7) (28 73) 90
19: 93 (1 97 83 84) (39 61) (73 95 78 4) (88 21 82 40 65 30) (75 14) (41 46 96) 15
20: 54 35 (79 49) 41 (92 12 99) 14 (81 11 42 91 59 80 39) (60 88 100 78 96 18) (90 10 30 31 20) 75 4 (82 44) (37 27 21 98) (40 34 19 46) (71 63) 83 (45 13 22 57 9) (17 77) (94 52 89 86 84) 87 (68 8 74) (62 47 58 16 1 53) 2 48 (67 65) 43 56 (72 28 23 97) (3 93 51 25) (15 32) (73 7) 66 (36 85 26 29 50 70 5 55) (76 6) (95 33) (64 24 69) (61 38)
21: (10 9 37) (26 51 72) 77 11 3 (17 24) (33 57) 25 (73 80 59 12 94 42) 93 35 75 (46 22) (21 5) (31 48) (29 69 95 34) (86 92 58 19 13 28) (47 1) 82 (52 50 65) (53 62 30 70) 96
22: 75 94 36 26
23: 72 (62 39)
24: (64 28) (77 74 59) 97 (11 62 16 17) (35 85) (29 31 72)
25: 5 (19 3 80 17 56) (81 42 35) (31 20 77) 50 28 95 87 (48 64) 55 10 84 (52 25 96) 1 83 89 (6 22 29) (65 73 13 21) (98 7 90) 45 (41 32) (39 59 74) 62
26: (57 6 66) 58 49 (51 9) 7 (21 77 86 15) (60 31) (13 26 67) 84 (36 94 23) (90 3 100) 12 (52 54 4 2 56 55) (41 50 65 17 63) (88 45 10 79 22 30) (96 71 44) 42 24 (74 53 59) 18 (27 83 69) (64 91 68) (43 35 14) 39 (19 73 93 95) (76 82 8) 1 (70 11 16) 89 (85 98) (87 20 80 97) (46 72)
27: 71 (29 19 47) 42 (57 97) (6 93 63) 49 (13 25) (77 72 82 53 21) 22 3 61 (92 62) (59 30) (45 91) (64 26) 31 (36 41 96 44 86) 66 (2 84 98 35 46)
28: 49
29: (69 23) (13 92) (43 37 99 67 85 1 17 39 54) (97 91) (98 27 10) 12 55 (65 5 25 66 63) (40 81 100) (90 20 35 44 41 78) 74 (38 75) (82 62 79) (2 57 73) 52 (30 31) 11 86 49 47 (36 29 94 89 6 32 19 83) 77 60 (70 22 16 8 53 72 34) (26 96 93) (68 64 88) 71 33 84 (42 4 14 45 3 9 61 56 76) 87 (50 24 7) 58 (21 95 15 51)
30: 30 68 93 20 24 16 (11 33) 47 48 76 35
31: 9 (15 85) 56 12 (5 90 43 55 76 73 97) 52 (6 20) 40 (25 29 67 44) 17 (82 68 45 80) 77 (34 87 58) (36 61 16) (96 99) 28 (18 3 1) (8 88) (66 21) (78 19) (13 48 74 10 46 75 14 62) (79 72 37 91 89 98 95 47 49) 92 (84 27 59) 60 30 35 81 23 (2 33) (38 71 26) 39 31 (4 53 93 11 70) (63 86) 51
32: (68 75 16) (90 43) 66 89 45 (10 12) 40 (69 53 24 72 36 54 34 82 97) (100 77) (35 14 5) (84 79) (17 56 57 25 55) 44 91 (15 4) 9 (94 6 71 13)
33: 7 (69 100 42) (83 36) 74 (17 58 43) 92 91 (94 85) 29 (96 13) 46 33
34: (88 9 29) (26 46 95 6 4 67 57) 51 43 48 (50 44 99 74 34) (42 56 61 85 23 28 32) (21 27 20) 98 7 12 (17 78 59) (58 90 72 5 60 35 75 89 1) 15 (41 93 87 86 2 94 11 49 52) (3 31) (16 64) (39 63 69 73) 30
35: 9 (68 18 59 11 69 46 90) 16 (19 14) 61 58 (65 87) 74 (94 45 84)
36: (76 64) (35 29 1) 77 (28 83 88 90) (93 66) (42 32) 73 (82 91) 2 (92 94 4 52 6) (16 53) (97 71) 89 84 (17 11 9 100) 19 (96 34 98 79) (22 14 38) (3 26) 39 5 (33 61) (36 15 87 25 78 86 74 12 81) 10
37: 37 (17 39 58) 40 75 (86 3 64 9) (72 11 59)
38: (38 50) (76 86 97 51 78 47 89) (3 74) (60 100) (81 45) (13 43)
39: (75 90 2) (74 24 83 80) 26 (77 69 21 79) (55 97 66) 57 (39 95) (27 48) 88 41 78 96 33 6 (76 98 73 53)
40: (80 91) 41
41: (30 68) (32 51 23 31) (67 21 29) (34 19) 44 33 (54 49 9 13) 81 53 42 (17 41 93) (88 28) 79 74 85
42: (71 42) (90 27 20) (57 88) 31 (54 2 36 24 64 58 95 40 49 10 48 55) (47 23 28 34) 63 (22 65 13) (17 97 14 84 45 1 9) (91 51) 87 (6 80 69 8 74) (44 100 7 50 52) (78 25 98) (75 94 59) (43 21 3) (99 46 33 41 4) (37 68 15 12 93 5) (86 92 77 79 89) (32 18) 16 61 (35 26)
43: 10 (43 81) (96 29) (30 71 9) (73 26 55 99 52 84 74) (100 14 77) (95 27 61) (17 48) 28 (90 85) (21 59) (62 63 33) 72 (11 24 80 60) 93 (53 15 2 82 98 34) (37 91) (68 18 13 42 22 3 76 78) (25 1 86 51 4 41)
44: (20 87 46) 55 (6 89 71) 7 (92 22) 48 32 (27 36 8 11) (52 64 67 96 43 5 66) (17 99 1 19) (26 84) 47 25 58 (12 13 51 41 30 24 79 59 29) (18 70 100 56) (72 38 23 4 54 68 49 2 35 85 10) (80 63 98 3) (34 53 16) (39 75 94 31) 88 (42 33) 77 28 (14 93) (97 15 50) (81 74) 90 (21 69 76)
45: 55 18 31 13 (11 34 39 40) (68 10 21) (8 94) (52 24 6 96) (23 27) (33 45 61) 67 59 (65 16 9 82 71) 85 (17 5 72 28) (1 42 87) 78 32 (64 75) 38 41 56 (57 62 70 83) (14 44 79) 77 25 (46 88) 93 97 (58 4)
46: 73 92 (59 45 91) 76 (28 80) (71 74 61 75) (69 47 16) (31 39) (13 81 18 97) 23 15 (68 20 85) (52 48 65) 44 56 93 43 (4 12 29 36) 96 (19 14) 22 (40 89) (88 70 99 58) 51 (55 9 17 24 6 35 98 50) (30 72) (8 53 79) 100 (86 46 21) (42 2 41 60 33 78) (25 57 62 77 5) 64 95 63 90
47: 31 (52 42) 24 97 85 (95 38 39 87 78 4 22 23) (12 80) (25 18) 51 (33 8 99) (32 13 72) (69 14 2) (28 86 98) 89 35 (76 30) 61 81 (34 62 11 46)
48: 77 (54 24 47 49) 13 (39 60 79) 64 78 (42 94 43) (90 33) (35 96 41 4) (2 6) 57 89 (7 23 26) (92 34 72) 59 (69 83 97) 29 81 36 51 18 (80 40 91 8) 84 (73 45) (68 5) (53 95) (14 98 38) (82 55 86 32 88) (20 100 52 62) 3 70 (9 93 19) 1 66 63 87 85 (71 50 44) 25 74 17 (37 15) (48 27 61) 16 99 (46 56) (10 28 75 31)
49: (36 84 29 76) (97 98) 96 (75 38) (34 60 73) (63 89 49 6) 64 12 23
50: (36 49 72 19 18 79) 20 96 9 (28 89 40) 46 67 42 85 82 44 (38 99 13 12) 61 (56 90 92) 10 65 (30 73 35 53 41 33) (39 86) 34
51: (86 16) (55 72 18 54 64) 31 56 (20 59 10) (99 89 68) 24 (100 4) 51
52: (21 49 17 92 32 61 65) 43 46 (91 26 74 14) 15 55 29 (50 34 45 11 80 31 16) 20 (58 94) (10 81 75) (35 12 69 19) (73 42 88) 23 (68 64) (8 18) (39 87 62 54) (2 3 41) 40 99 7 47 (4 60 27) 13 51 56 (70 6 90 66 71 93 28 85 97) (78 52) (38 53 1 67 76)
53: (48 51) (10 25 29 89) (41 98) 75 19 (100 2 23 31 5) 45 (9 96 62) (65 92) (35 18) (56 3 36) 49 (28 57 82) (55 1) 90 (78 32 76 81 44 67 22) (93 80) (24 39 79) 58 (21 85)
54: 67 (64 4 97) (98 81) (8 21) 13 (28 33 55) (45 30 63 18) (26 35 41 71) (53 40) (96 20 36) (87 11) 70 (25 43 79) (74 80 49 2 12 3 65 14 77) (1 99) 34 (72 50 22 94 66 17) 39 (48 7) 16 (44 62 19) (29 73 6) (54 88 42) 100 85 15
55: 32 (64 92) (66 69) 83 90 (9 11) (19 29) (94 33) (80 16 40) (86 28 61 38) (50 87 62 100) 57 93 (81 41 34 73 23 42 53) (96 89 2) 4 (85 65 46 59 47 76 58) 51 (6 13 91 54 84 37)
56: (88 4) 92 20 (87 61 84 62) (98 68) (29 38 18) (48 77 13) 42 72
57: (42 40) (17 87) 47 12 75 (7 70 57) 89 (80 83) (13 88) 78 91 69 (56 4) 59 (8 25) 9 44 (41 38 67 81) (16 34 23 100 84 79) 39 (3 48 35) (60 36) 98 (28 43 24 33 10 50 73 49 32 20 86) (37 26) (1 74) 29 76 (22 21) (90 14 96 2 72 19) 53 (62 51 92) (6 95) 11 5 (82 45 63) 31 (68 97) 99 (77 30 55 94) 65
58: (90 11) (76 88 61) (100 44 67) (93 84 7) 26 (23 36 91) 40 50 30 (15 2) 49 (89 63) 14 (21 99 43 53 41 32 95 71 3 57 74) 24 (9 59 46) 96 (97 58 85) (47 87) 45 (31 48 1) 94 20 (5 83) (42 25 72 92 13 37 78)
59: (7 88 63 23 77) (100 65) 37 75 (67 92) (69 99 24 54 84 13) (26 96) (4 20 53) 46 45 58 11 41 (71 79) (56 8 40 87) 14 89 94 91 9 12 (49 60) (43 52) (2 78) (39 57) 6 (51 36 44 33 64 35 81 90 38 32) (85 66 61) (29 47) 22
60: (82 32 87) (80 85) (58 41 99 2) (81 90) (36 27) (86 9 14 53) (8 38) (35 96 72) (76 52 57 93 46 65 100 16 48 4 33 51 62 5) 94 (1 59 73) (50 25 39) 92 64 (40 56 88 97) (12 10) 43 (95 23 21) (79 84 47 15) 18 66 (54 78) (22 31) 42 (29 60 7 37 63) 69 74 83 (44 45 13) 67 91
61: (71 16) (28 69 44) 77 (83 75 7 78 74 63 70 35 11 32) (46 61) 9 56 (40 30 15) 2
62: (76 86 82 16 19 72 8) 30 32
63: 48 5 (65 38 19) (64 33 85 39 21) (14 35) 100 72 26 (12 66) 10 (11 29) (7 58 36) 56 93 (24 45) 90 80 22 (75 95) (37 18) 13 (2 6 30 60) (57 81 77 47 69 53 1 43 92) 78
64: 27 (86 55 8)
65: 39 (57 24 79 31 69) 71 (74 87 7 68) (17 91) 49 56 (20 5 60) (46 27 92 16) (51 93 84) 47 11
66: 16 40 55 (77 33 82) (21 54 62 13 6 83) 91 (99 3 17 81 25 18 19 4 92) (15 65 41) 79 10 (27 76 50 53) (30 72 75) (38 84 12) (44 56 93) (7 59 71 87 24)
67: (56 48 85) 47 61 38 (8 95) (62 87 53 10 58 35) (9 81) 21 98 (78 65) (92 70 18 25) (66 30) 15 23 29 (4 43 71 41 42 90) (37 55 50)
68: 10 (44 15) 52 (99 11 94 75) (33 61 70 43) 27 69 (85 42 20) (64 45 55) (62 30) (34 41 67 36) (51 74 54 16 95) 82 96 (19 14) 6 47 (22 97)
69: 41 (5 65) (12 58) (33 82) 90 (8 79 38 69 45) (89 99) 14
70: 6 (8 100 63 12 88 58 99 34) (54 14 48 43 74 19 64) 82 (47 68)
71: (35 32 100) (26 92 19 53 34 82 76 57 88) (6 17) 68 (12 77 47) (63 49 86) (91 18 71) 78 (62 93 39 7) 38 (9 61 65 27 51 3) (31 24) (79 25 16) 59 42
72: (6 81 84 4 96 19) 85 12 43 (47 64 78) (17 65) (52 88 77 63 44 41 16 38) 70 (80 27 66) 59 92 (89 75 34 90 86 95 14 74 99 91 50 3 20 60 11) (98 36 21) (46 45) (30 94 31 10 22 58 13 56) (69 39 97) (55 2 71) 73
73: (89 65 46 82 54 32) (78 13 8) (16 23 15) (99 10) (7 93) 11 (31 61 29) 92 70 (9 55) (18 86 1) 68 (84 45) (40 25) 21 2 62 (49 96 52 26 85) (47 80) (42 63) (66 44 87) (48 39) 6 (28 34 14) 97 (67 12) (98 22) (74 43) (27 69 4) 30 5 19 (36 17 88 41 81 24) (60 50 37 38 35 95 53) (100 83 51)
74: 41 68 83 (77 58 53) 86 82 (81 64) (14 51) 66 (35 21 11) 46 34
75: (61 1 21) (28 60) (94 87 26 20 78) 92
76: (21 28 50 11) (49 68 77) (76 16 46 79) 80 (67 85) (37 40) 4 (96 75)
77: (75 86) 40 (58 46 84 78 97 68) 26 (24 96 9) 8 76 (72 2 64) (74 48 23) (37 31) (17 27 83 98 91 41) 99 (100 5) 45 29 66 (15 44 39 55 67) (61 63) 79 (3 51 6 81 52 10) (21 73) (69 85 62 22 49 34 92) 50 (38 59 80) (20 60 77 28)
78: (5 86) (82 40) (63 56 76) (87 83 42) 65 (32 7 51) (4 30 23 10) (92 66) (11 95 64) (12 13 27 78 39 29 28 6 37 61 38 69 34) (54 2 97 36) 58 (88 14) (49 15) 89 21 (43 20) (99 98 16) (18 94 41 26 93) 59 3 (100 17 68 24 57) (80 19 8) (33 90) (44 91 96 31) (35 71) (22 55 67 60) (70 79 25 53) 47 50 75
79: (61 54) 11 (72 79) (75 87 41) (94 78 37) 77
80: 79 (67 24 58 2) (39 71 64) (99 14) (69 11) (35 94) (30 83 77 51 21) (33 76 9) (88 80 3) 8 27
81: (43 69) 64
82: 85 (53 67) 92 57 31 97 (73 89 15 5) 33 (93 81 30 6 75 80) (70 45 82 50) (42 20 87 56 7 61 23) (79 74) 41 (17 19 38 54) (63 40 60) (37 12) 13
83: (14 88) (99 34) 76 (47 77) (78 28 52 38 61 64) 24 35 (95 30 70) 90 41 (43 94) (62 84 73) (74 54) 59 60 1 80 (63 55 68) (53 58 8 96) (20 51 22) (7 98 46 72 18 69 16 85) 2 (4 25 6 79) (75 57 23) 66 15 11 9 (31 36 50 26 32) (40 97) (42 45) (89 93) 44 33 (71 13 100) 83 (27 67) 10
84: (2 88 40 60 73 7 20) (22 98 66) (36 67) 47 26 95 (10 37) 32 42 38 44 46 8 30 97 4 19 (76 15) (13 18 64 52 56) (86 91 90) (59 72) (85 12) (5 34) (16 49) (27 43 84) 17 79 (69 65) (99 80 39 87 75 89) 53 48 3 (55 62 93 23) (74 25) (33 83) 51 (6 92) (100 70 29) (82 58 77) 9 45 (54 21 31 14) 28 (1 24 63 41) 50 (57 61 71 35) 11 94
85: (40 52) 32 (11 8 5 33 38 53) (13 9 15 86 84 57 30 65) (93 43 62) (80 96) 23 94 71 (42 78) 51 (76 56) 17 (2 68 6) (48 87) (99 73 100 10 61 69 91 47 4) 12 (46 3 50 54) (55 39) 41 (35 92 90) 44 (72 31 88 66 83 45 14 98 59 67) (95 64 19 25 60 74 24 81) 70 (79 37 49)
86: (3 22) (25 69 100) 55 (23 37 30 29 4) 62 (79 8 5 6) (96 87 93 16) (34 74 91 86 76 53 75 71 80 77) 63 98 (7 13) 54 (28 66) (46 59) 31 (24 12 84) 89 (60 10 72 36 17 70 50) (52 26 45 35 39) (94 56 38 73 15 78) 99 (67 9 20 44 83 47 33 82 57) (32 19 14) (51 41) 68 (11 40 27 65 2) 43 (58 81) 21 (95 97 48) 85 (90 42 61 49) (64 88)
87: 98 50 (38 56) (65 35 90) 27 (31 89 25 24 3) 74 (1 8 99 93 30) (36 48 100) 57 63 (51 94 55) 81 91
88: (60 80 11) 15 (16 65 75 26 23) (6 57) 4 (51 17) 3 (83 2) (14 13 49 7 50) 55 99 (87 92 76) (24 36 63 27 67 12 44) (46 86 18 84) (43 66 61 95 28) (100 21 54) (33 68) (9 98) 62 94 (22 90) 5 8 69 (59 85) (72 70 56 1) 81 30 (39 32 45 82 10 79 58 93 31) (37 52 48) (96 38 35)
89: (3 9 39) (36 60) (55 91) (51 63 18 17 84) 73 68 (79 29) (94 99) (23 50 88 92) 93 (5 71 28 66) 69 (56 83) (35 2) (58 85 12 46) 32 (98 47)
90: 18 (96 97) 42 (19 68 8) 30 5 98 62 33 (99 56 31 72 45 20) (25 65 2 55) (63 23 35 16 27) (51 39) 6 53 40 50 22 3 (61 32) 24 (78 57) (59 89 93) 34 (81 66) (76 7) (83 94 70) (73 80) (79 100 85) (91 90 48 74 17 77 86 52 64) (92 21) (69 4) 1 38 95 49 (46 28 26 11 71 15 75 37 10)
91: (24 35 87) (93 70) (40 48 21) (77 62) 11 96 (20 14) 41 38 (5 57 91 54 83) (88 17) (86 64 33 82) (39 27 26 56 52 25 100 63 44 74 34 85) (94 7 32 59 89 81) 50 37 78 (92 1 4 9 19)
92: (68 85 9 13 52 23) (55 40 78) (31 70 8 42 58 80) 3 (27 25) 72 (48 2) 59 39 90 62 53 (77 69) 49 79 (56 73 34) 54 71 (41 61) 32 (92 81) (84 100 76) (51 19 98 74 50) (87 24) (18 75 45) (97 57) (33 63) 14 (30 82 88) (26 1) (91 15) (86 96 89) (20 43 7 83 67 36 44) 21 (11 5 99 17 47) (64 46) (93 94) 4 10 (29 38 6) 22 (65 35) 95 37
93: 93 46 60 74 97 (13 24 57 92 68) 31 56 (42 32 95 36 87 5) 54 (85 73 27) 7 41 30 (4 61 83) (67 47 21) (20 2) (55 86 64) (44 15 77 39 6 100) (19 63) (82 76 38) (8 40 94 48) 84 (72 49 35)
94: 47 99 76 (18 13 46 98) (33 69) (39 14 79 32) (26 56) 64 52 (44 8) (58 65) 45 (43 30) (77 100 66 88 82 37 62 91) 50 5 (16 21 89 2) (97 86 95 27) (63 35 51) 60 (70 93) (34 90 9) 83 (73 85) (7 1 68) 25
95: 55 46 (23 6 13 82 58 32) 17 (91 31) (59 85 87) (78 34 39) (43 3 20) (51 49 83 71) (61 35 45 28 10) (95 98) (47 40 93 36) 2 (74 99 63 80) 65 53 (8 92 52 77) 60 69 33 37 (26 73 81 1 27) 38 (84 48) 25
96: (68 56) 47 92 36 52 (64 48 37 42 96) (72 16 84 34) (94 39 45) 9 (54 15 19 1 100 77 91 73 5) (61 27) (20 13 86 76 59) 26 (60 43 71 10 90 63 66) (74 79 2) 55 49 18 (67 4) 31 (81 30 17) 50 28 (82 44) 12 (25 53 87 69)
97: (59 21) (5 61 1 89 9 62 64) (77 91) (86 73) (18 76 95 69) (94 90) (40 98) (92 34 10 93 8) (20 82 42 81 71) 67 (30 38 55 46) (78 27 48 68 6 37) (25 45) 7 74 (50 33 60) 39 (41 24) (66 32 23) (97 65 54) (36 31 53 84 26 51 29) (44 100 28 43 80 16)
98: (54 76) (60 96 57) 34 77 (92 27 56 88 26) (29 13 11) (22 21) (47 94 97) 52 39 61 (23 32) (33 82 95 25 18 64 37 6 89) 24 (7 78 90 86) (58 16 71 4) (36 41) (59 40) 87 51 (44 49 68)
99: 77 (45 15 67 69 100 85) (56 23) (87 59 14) (97 81 31 12 82) (30 6 11 52 19) (42 20) (39 61) 68 (10 17) 80 (57 18 37 98 7) (32 79 94 64 88) (58 27) (55 16 5) (63 84) 44 (62 8 26 35 86 40 65 41 3 89 49) 38 1 (25 29 46) (91 78) (22 95) (54 50 9 34 13)
100: (89 62 95) (69 21) (43 11 10 74 97) 20 (37 33) 44 (19 100 88) (72 63 68 96 56) (73 67 93 87 65 57) 70 (28 61 38 22) 8 (5 48) (54 41 60) (1 45 59) (18 84) 36 (47 26 24 53 85 77) 90 (76 50 15 82) (27 30 35) 91 (9 80 71 58)
1: (100 84) 25 (29 75 42 13 53 88) 73 31 60 91 (1 19) 58 (9 4 12 16 10) 95 (11 87) 97 (57 52 2 45 6 54 94 26 92 21 90 18 36 14 48 34 96 83) (43 63 99) 44 20
2: (4 48 78 2 47 89 16 26 53 44 93) 6 (10 94) (39 31 57 34) 9 (46 11) 90 86 80 (42 60 95) 29 (54 73 84) (58 63 85 20 77 96 92) 72 (83 55 7) 15 (88 59) (1 52) (36 61) 43 27
3: 77 (89 90 48 71) 15 (92 34) (85 21) 27 99 (31 88 36 14 58 26 72) (1 10 57 38 86) (4 29 66 54) 53 (52 11) (25 13) (84 44) (20 43 80 95) 16 (42 2 37 78) 87
4: 46 42 85 93 (54 84) 57 (43 16) 20 (48 2) (14 31) 32 26 98 (78 34 19) (1 92 10 44) 83 (36 55) 88 59 11 72 (9 29) 52 91 67 (60 86) (6 56) 45 (66 73 51 90 47 76 15 96)
5: (31 11 45) (90 69 34) (94 84 16 2 25) 36 29 85 (86 5) 46 (99 21 77 32 48) (73 60) (20 97) (82 89 93) 57 (78 58) 44 15 53 65 (10 42) (100 91 96) (92 63 1 6) 88
6: (92 17 39 11 70) (68 2 46 71) 77 (84 59 93) 20 (54 34) (8 86 99) 82 (18 48) 44 (4 97 32) (98 55) 9 10 (63 29 72) (36 26 66 6) (83 78 31 57) 25 (85 14 95) (90 15 49) (27 73) 45 42 16 (1 52 88)
7: (15 90 84) (86 13 58 54 26) (97 78) 83 (34 18 29) 52 (88 14) (20 65) 66 (42 94 10 44 48 11 16) (91 63 82 1 93 4 57) (60 59) (73 92 99 33 98 71 61) 25
8: 11 (16 26) (44 92 97 70) (87 94 78 93 2 64 52 69) (100 14 73 47 99 45 4) 95 (62 83) (57 42) 88 (3 90) (29 80) (67 86 15 10) (20 46 54 77 31 1 48) 59 (85 84 60) 18
9: (35 100 10 6 34 96 85 61) (53 43) (80 57 89 71 84) (15 21) (59 41 32) (67 99) 42 9 45 (86 60 3 77) 88 (94 58) (97 46 29 37 73 14) (92 55) (50 16 1 31 48) (36 83) 26 (91 20)
10: 95 (86 85 52) 32 48 (99 43 100 53 77) (8 29 60) 73 10 4 (26 97 25 21) (11 67 51) 31 (63 96 16) (72 42 36 88 57 14 92) (50 84 20 12 90 83 9) 78 15 6 44 (45 68) (1 66)
11: 68 (45 15 59 52 92 54) (91 10 31 85 34 88 74 58 72) (44 11) (100 47) (98 20) 78 61 (86 79) 9 24 (30 90 80 63 36 35 55 99 84) 26 21 (57 7) 76 43 (29 37) (73 65) 83 (4 16)
12: (10 99 70 54 69 26) (31 52 73) (14 46) (6 85) (29 63 34 57 21 15 78 84 96) (66 86 47) 11 (50 32 72 89) (42 82 49) 60 (20 59) (36 88) (44 71)
13: (12 1 57) 82 (50 63 88) 52 (93 85) 27 (42 10) (9 98) 73 (48 78 44 58 46 66 33 26 38) 43 60 6 (99 18) 95 (86 55 56) (54 92) 32 (84 14) (20 59 11) 25 83 3 96 (72 45 41 31 94 29 21 47)
14: (46 58 42) (31 80) (14 52 54 3 1 88) 73 (45 91 18 60) (44 12 94 70) (59 47) (35 19) 69 (29 48 68 43 26 78 92) (57 85) 99 32 63 (36 10) (20 72 11) 13 (86 84 16) 74 83
15: (77 19 68 16) (54 96 60 1 86) 84 (31 13) (82 61 85) 90 14 44 (15 20 34 83 43 26) (52 78) (92 4 66 42) 29 11 99 36 (46 67 32) (73 10 48 93 9 100 88) 58
16: 46 (68 96) (83 98 35 31) 57 (61 60) (9 1 20) (30 99) (88 26) (73 54) 6 10 14 (78 72 36) 55 (65 45) 42 11 (48 66 71 62) (76 34) 94 97 (84 29 52) 90 (32 24 86 44) (15 51)
17: 32 57 (72 14 20 99) (65 95) (45 43) 24 21 (42 73 91 54 16 37 25 41) 90 29 (48 11 88) 8 26 31 (92 52) (71 4) 77 15 (46 78 89) 86 (10 85) (96 66 84) (33 44) 36 82 (34 9)
18: (26 42 51 43 89 90 98) 96 (60 48 46 99 92) (54 16 83 88) 10 4 (31 63) 14 (84 47 53 50) 35 (52 78 56) (94 100 97 44 66 67) 20 11 45 (15 73) 71
19: (99 62) (20 53 96 27) (52 26 25 91) (4 41 84) (85 63) 71 9 (18 66 15) 73 90 86 (10 72) 100 68 (31 82 46) (70 21) (29 92 36) 35 54 50 (55 11 48) (78 57 93 44)
20: (29 78 56) 48 (30 95) (46 14 10 92 15 68) (20 59 77) (84 50) (99 58 44 16 82 54 65 93 34) (100 31 90) (97 51 96 91 72 75 25 42 57 52 86 26) 83
21: 98 12 (94 74 100 66) (9 10 20) 14 18 (26 27) 78 (16 39 92 46 21) (52 29 84 93 73) (34 97 91) (72 31) (19 63 54) 53 (67 45 57 86 76 44 77 80 25) (60 43) (75 58 4 41 15) (90 42 88)
22: (44 27) (84 21 100 7 6) (14 11) (98 78) (46 60 29 36 53 25 26 92 83) 77 73 (68 54) (72 20) 57 (1 86 63) (42 59) 47 43 (88 16 15 3) 90 (10 99)
23: (42 83 60) (78 41) (12 67) 53 (26 58) 84 (85 95) 98 (31 10 92) (49 18) 20 (73 89 11 97 47 8 6 86 4 1) (45 77 57) 90 46 88 (9 2 59) (82 29) (14 48) 55 52 (34 44) 99
24: 10 (48 14 39) (15 13 29) (97 26 53 66 93) (45 57 11 4) (2 21) (20 100 16 88) (63 78) 59 (91 30) (9 84) (92 65 46 43 58) 71 98 (6 85 44 32 73 1) (90 42 80) (86 83 77) 51 (47 87)
25: 73 (46 48 86) (97 21 44 2 90) 53 83 (16 1 32 11) (96 78) (71 18 95 9 60 3 54 20) 25 (42 36 91 67) 31 (15 29) 99 94 8 45 58 10 (66 84) 87 (92 27 57) 98 (47 43 85)
26: (100 21 14) (31 13) 26 (20 92) (88 73 22 9 11) 91 16 (84 83 94 1 86 63) 36 (98 43 10) 42 54 (34 17) 78 77 99 (75 96 39 48) (57 15 29 4) (58 97 27 90 95 71 59) (2 44) (6 12 52)
27: (15 31) (66 3 8) (4 42 16) 86 (87 72 45 95) 77 84 (80 92 29 94) (1 83 34 39) 99 (20 10 73) (65 93 48 68) 100 (64 60 52 78 91 71 14 98 43 26 96 97) 44 90 88 11
28: 53 (84 52 25 11 1) 42 (14 45) 86 77 31 18 83 (95 61) 89 (48 57) (36 34) (97 43) 100 (44 88) (96 55 50) (41 20) (46 24 15) (90 73 54) (78 76 75) 9 (47 21)
29: (86 33 98 56 24 11 53 97 54) 31 (14 84 18 41 49 63 29 5 21 55) 6 (34 15 89) 44 (57 27 25 48 99 1 60 78 67) (92 43 3 10 59 20 4 77 46) 36 16 73 52
30: (19 94 27) 73 (80 4 66) 85 46 9 (34 63 67 6) 41 26 (54 78) 30 87 (47 11 13 96) (43 57 15 86) (99 50 88) (14 83 20 29 93 62 82 84) 44 (100 72 10) 90 (68 58 21 31) (92 97) 61 1
31: (53 45) (3 60) (48 47 20 31 27 42) (73 34 25) (92 77) 86 44 (96 6) (95 11 41) (57 93) 85 (82 97) (72 88 4) (78 58 90) 87 26 (12 51 16 21 29) 99 1 (65 24) (46 10) (15 71) (52 9 83) (84 14) 5
32: (11 29 59 58 25) (44 78) (95 93 60 89 42 57 53) (9 41 20 92) (14 91) 98 (61 99) 34 73 (16 83 86) (94 90 88 47) (84 10 97 71 48 6 85 15) 36 (55 45) (52 62)
33: (83 69 59 54 46) 1 (91 100 29 42 8 68) 85 (39 57) (36 14 88) 94 78 43 63 10 31 (44 50 92) (80 20) (60 82 30) (2 33 98 18 21) (90 84 86 66 97) (45 55 41 95 48) (16 4) 47
34: 31 (52 47 84 99 45) (83 55) (1 74) 92 32 41 (4 36) 71 73 (29 44) (50 20) 42 10 (78 43) 72 13 (90 11) (96 77) (14 86 57 6) 48 54 (70 91 21 97 16) (95 98) 9 (49 94 34 68)
35: (29 31 11 10 99 25 50) (44 100 5 3) 47 (15 73) 53 (30 57) 18 (59 86 36 21 95) 42 54 (67 78) 61 93 (84 85 32) 14 (60 24) (87 89 94 52) 80 (63 27) (9 71 92) (88 90) 48 (83 34) (74 4) 46 20 (26 91)
36: (54 53) (27 59 83) (9 16 96) (58 20 50) 11 12 (36 73 22 1) (4 78 97) 72 46 (31 33 86) (42 98 14) (57 60) (32 26 29 87 63) 44 (49 88 68 95 48) 92 (100 89) (10 15 93 84)
37: 88 (58 21 55) (43 29 20 76) (4 78) (57 79 31) 73 (91 77) (99 82 98 16) (96 42 59 100 67 85 48) (60 95) (84 11 9) (94 1 10) (97 14 15 63 90 37 86 92)
38: 93 56 (3 95) 9 (82 45) (55 29 44) 99 (15 77) (91 38 67 71) (63 87 6 31 60) (49 59 83 73 92) (20 90 52 69) (100 48 57) 10 (88 4 47 66) (86 14 50) (97 84) (11 36) 78 85 2 72
39: 54 4 57 92 (88 26) (98 53) (73 80 99 47) 52 (71 46 34) (31 78) 84 19 86 (63 6 72 48 25 94 50) 39 (96 60 23) (37 44) 91 (65 59) (95 10 77 93 85) 29 (45 36) (97 89 90 14 20) 15
40: 92 (91 73) (31 95) (98 4 59 11 99) (97 76 84 19) (90 93 15 60) 55 (10 82) 78 (86 37 54 29) (42 58) (61 32 48 3 50 85) 6 (77 83 52 14 66 20 45) 46 57
41: (3 72) 16 60 (26 57 84) 27 85 (55 11 59) 45 (25 48) 91 52 (74 83 67) 13 (6 82 86) (50 19 77 40) (9 68 100 66) (99 8 54 73 34 42) 44 98 (46 41) (58 20) 15 (93 14 53) (29 10 97) (78 43) (79 4 39) (69 92)
42: 57 (36 45) (68 78) (21 25 1) 43 (15 84 4) (50 82) 44 14 20 16 (96 29 56) (10 46) (99 33) (26 34 11 71 55) (27 86 92 90) (93 54 58) (73 83 8 9 52) (41 48) 60 42 85 (97 67 6) 47
43: (84 57 95 38) (96 70) 85 (14 26 43 67 73 81) 54 94 3 (63 42 97) (20 48 32) (11 60 29) 58 9 (88 83) 100 (34 92 44 86) 72 (46 78) (31 33 59 10) 52 68
44: 61 (97 41 31) (16 72 59) 83 (84 8) (93 68 60 91) (48 100) (54 94 14) 4 (26 6) (2 45) (57 77) (73 53 92) 3 (86 42) 11 99 (27 10) (15 85 66) 78 58 20 (88 29 96) 50 98 (34 46 32)
45: (68 57 42 72) (77 15 46 60 100) 83 (29 35 53 73 59) (38 45 85) 82 (99 86) 9 (97 32 58) (54 20 95 10 69) (84 92) (26 52 25 31) 27 (94 11 88) (14 90 63 48) (6 96)
46: (86 45) (19 9) (73 50) 85 99 10 (76 83 74 14 44 88 84 35 65) 42 (20 34 6) (16 1) 72 (21 95 59) 52 (93 97) (60 90) 18 15 58 77 94 (3 26 48 27 5) 46 33 4 (31 89 47 61 92 11 55)
47: (89 48) 6 (12 3) (1 46 94) (98 95 20 67 30 100) (11 85) 14 (58 10 71 55 57) 83 (42 72 65 29) (21 63 92 31 27) (68 16) (44 84) (70 78) (93 38 9) (60 52 96) 15 (59 73) 86 4
48: (9 14) (100 39 6 34) (18 54 96) (46 8 88) (90 92 44) (57 67 60 58) (20 30) (11 77) (56 86) (70 3) 16 (87 4 21 91 85) 84 (10 93) (63 25 97 31) 42 43 (73 53) (15 48) 95
49: (15 10) 48 (54 6 71 85 28) 95 (16 73) 76 41 2 1 98 77 (92 93) (26 88) (59 90 57) (52 14 49 99 96) (20 53) 44 (34 31 84 42 58) (78 9) 50 (29 65 86) 27
50: (100 20) (46 60 89 96 86 34 83 76 57) (88 29 42 25 92 52) (67 82 14 54 18) 90 (78 58 85) 26 (10 97 38) 66 (9 16 11 4 6 87 21 77) (91 55 48) 44 (72 99) (73 1 94) 84
51: (11 98) (15 34) 4 (83 59) 68 16 (29 42) 47 (90 73 57 10) (74 84) 87 (92 53 48) (55 41 6 21 12 26 38 86) (1 65 52) 89 78 (20 51 71) (43 88) 80 (85 9) (97 60 77 94) 44 31 46 95
52: 29 25 (83 44 85) 52 (46 16 90 84) (21 96 88) 91 (98 4) 26 (12 20 73 60 36 48) (2 34 45 43 59) (31 8) (99 77 95) (9 47) (94 11 68) (18 72) (14 42 86 10 92)
53: 67 (97 95) 1 36 4 63 (66 46) (26 74) (20 54 55 27 43) (39 83 11 48) (60 78 13 59) (10 92) 31 29 71 (52 100) (73 85 50 84 15) (9 6) 21 (82 96 41 32) 14 58 86 (90 57 44)
54: (51 83) 13 29 82 (52 98 2) (66 93) (84 4 42) (9 41) (60 8) (91 99) (16 79 97) (86 44) 92 (96 70 26) (55 48 15 78 10 88 73 20) (100 85 14) (32 1) 59 (54 6 12) (68 11)
55: 93 (26 92) (68 96 64 39 78 99) 72 66 (20 57 84) (15 14) 97 (43 8) (90 31 83 29 4 42) (89 88 77) (45 95) (73 10 86) (25 51 87) 46 (54 44 9 53 85) 18 (32 16) (48 52 67)
56: (88 59 82) (63 45) (72 10 15 25 60 52) 51 66 (31 92 46) (85 11) (29 26) 53 99 44 (89 94) (84 3 93) 90 57 61 (91 32) 48 (4 96) (86 50 100 78 34 14 98) (87 16 20 65 67)
57: 14 45 59 32 (60 16) (42 57) 27 (87 99) (100 98 71 91 82 92) 84 (8 20 46 93 10 48) (78 15 34 13 58) 6 (83 88) 55 (29 21 90) 53 (86 65 85) (11 1 63 26 39)
58: 2 (86 92) (67 59) 69 (44 99 72 16) (55 31 13 88 11 80 63) (18 10 6 42 74) (33 45 15) 60 (46 95 52 4) (84 20) (98 14 34 94) (29 26 89) (100 70 53 78 35 83 77 58) (21 37)
59: (46 25 44 77 7 37) (4 20 91 9) (55 3 90 2) (31 78 45 99) (42 34 27) (14 96 88) 21 97 (83 72 100) (58 57 60 15) (35 85) (24 43 51) (11 92 26 95 10) (66 84 48 98) (86 71)
60: 1 88 (78 20 43 98 84 63) (60 97 26 4 9) (49 100) 73 (48 52 31 57 85 15 94) 82 (77 96) (14 83) (10 75 34) 29 89 (13 86 95) 72 (17 65 46) (59 38) (93 16)
61: (11 29) (9 3 97 100) (82 6 83) (75 99 85) 46 (71 45 93) (84 78) (92 20 59 35) (34 98 58 4 50 1 48 27 36) (16 15 52 67 95 47 96 43 73 86) 14 10 (88 42) (55 19 90 56 77) 61 (68 31) 79
62: (16 71 24) 57 (45 77 11 20) (99 91 94) 83 (100 13) (54 67 31) 66 (10 90 9 43) 92 (52 56) (1 53 29) 25 55 (68 21 46 48) 23 (86 97) 88 (4 27 85) 47 60 (73 84 15)
63: (86 96 95 71) 27 (10 58) (9 99 88 20 87 70) (100 61 31) (29 3 91 46) (44 83 42) (77 93) (54 11) 73 (4 14 84) (94 92 72 82 59) (90 78 60 48 6) (16 57 34) 43 (49 89) 26
64: 70 (55 54 45 98 99 97 3) (44 12 83) (14 20 24 92 94) 60 (68 9 34) (86 18 80) (59 96 72) (85 78 26) (8 49) 77 (29 11 93 25) 90 (13 48 37 46) (36 16) (10 42 91 84) (51 27) (81 5 52 74 63 15)
65: 6 3 19 (78 9) (10 84 73 60 100) 4 (63 55) 45 (99 57) (72 87 21) 29 (15 67) 54 88 (52 1 11 42) (53 35 25) (8 46) (97 94 90 95) 16 92 (26 50) 85 (13 20 66 69) (71 86) 59 14
66: (67 55) 59 (96 84) 88 73 18 90 6 15 (20 36) (54 85) (39 60 27 32) (72 74) 44 (86 1) (26 11) (78 63) (48 94) (77 52 97) 89 10 (29 83) 31 14
67: (52 93) 68 (12 29) (34 31 76 59 84) (85 92 41 10) (60 13 45) 15 20 (78 88 100 99 83 2) 6 (77 50) 54 (80 73 58 86 96 57 1 26) (82 11) 44 53 97
68: 93 76 74 51 (92 70 65 48) (14 44) 31 (46 100) (26 35 18) 94 4 (41 11 73) (45 42 57) 90 (71 78 52) (20 56 98 88) (9 8 99) 43 (89 32 96) 83 (15 16 86 97) (30 77 10 29) 85
69: (14 46) 26 (21 100 47) (6 92 85 77) 52 2 97 (95 99 72 83 68) (88 16) 73 34 (86 55 9 84 29 20 10 63) 39 60 (35 57 65 94) (32 61 59) 89 (12 48 33 78 90 11) 81 (15 80) 42 44 (96 69)
70: (9 26 61 82 11) (78 10) 13 29 48 (72 88 92 57) 45 (68 94 83) 86 2 44 (16 67) (84 54) 90 100 (4 15 91) 73 (21 31 14) (85 52 46) 20
71: 83 (16 20 89 14) 71 (66 97 11) (85 59) (9 46 15 6 52 10 92) (44 4 80 31) 5 (54 43) (67 26 1 36 100 61 32) (84 95) (27 86 45 72 96 90 65) (29 42 78 58) 98 48
72: (58 8) (43 16) (92 9) 46 (79 56) (21 90 93 96 37 51) (44 4) 85 100 (11 20 23) (84 24 60 63 6) (3 66 27 57 48) 88 (47 50) 29 77 (15 32 10 45 54 31 62 86 34 83) 26
73: (19 43 93) (15 4) (50 36) (83 94 77 1 96) 26 (92 39) (34 9 11) (86 52) (57 21 60 89 72) (16 84) 95 48 55 31 (54 85 97) (46 82 10 100) (25 49) 90 20 (29 18)
74: (58 52 68 84 95 83) (31 42 35) (61 48 38 34 90 10 54) (91 25 14) 85 87 29 46 96 77 (41 100) 72 (82 57 24 65) (44 6) (93 16) (9 39 73 86 20 43 92 36) 97 (33 70 15 60) (11 26)
75: (45 53 79 86) 44 76 (72 29 21 39 20) (46 48 84) (22 37 9 18) (63 31) 15 (49 57 19) 32 11 66 (16 90) 78 34 (59 52 61) (82 6 92) (88 68 77 42) 83
76: (20 71 88) (77 26) (100 62) (83 53 16 52 14) (97 98) (4 86) 31 94 (10 47 80) (57 15 96 11 84 44) 90 66 (8 60) (76 39) 43 6 85 (78 92) 30 (38 55 93) 58 (36 46 49 29)
77: (92 63 91) 83 (27 90) 59 (56 25) (43 36 12 29 46 79 94 54) (80 6 44) 95 61 100 (96 66 45 11) (20 72 9 84 1 77) (10 57 98) 24 42 97 21 74 (99 4 86 93) 39 16 (32 71 31 26 48 76)
78: (92 18 20 1 43) (59 53 72) 86 39 (99 16 85) 83 (11 98 48 45 57 34) (60 15 31 63 73 75 36) (10 46) (79 19) (4 29) 2 38 (71 91) (9 90 61 52 42 78 67) (12 95 58) (77 47 97)
79: (99 54) 48 13 (71 65 50 86 53) (14 41 1) (39 46 84 26 11) (16 29 80 89) (10 60 69 31 78 88 32 36 45 77 92) 83 (66 8) (94 82 15) (90 4 96) (59 57 85) 44 (79 42) (20 76 12) (6 3)
80: (73 1) (21 14 99 86 97 20) 39 (12 95 55) (60 84 40 52) 4 42 47 6 31 77 (57 92 11) (63 48) 76 (82 78 85 53 16 72 54 25 88) 43 (10 44) (26 83 15 80 100 90) 46
81: (77 52 38 63) 15 (43 73) (72 60) (85 46 13) 55 (9 59 92 41) 29 91 (54 48 20 57) (86 95 3) (88 96 47) 18 (67 11 44 82) (66 6 4) (53 36 10 97) (74 2 14) (16 25 90) (31 87 99)
82: (96 94 91) 29 82 (43 84 68 74) 26 20 (9 57) (16 95 13 92 11) (99 60 4 48) (27 86 93 14 32 100 69 3 10 70) 36 (2 73 19 15 88 53) 21 97 (98 71 31 66 45) (62 50 78)
83: 90 (80 66) (60 26 15 61 25 73) (6 84) 48 9 (77 11) 2 91 94 (83 92 14 93) (58 74 16) (33 36 89) 57 (45 8 85 19) (10 78) 55 20 (29 88) (39 95 86)
84: 10 (100 92 88 99 15) 25 (29 89) (43 97) 85 (49 42 58) 77 (83 36) 16 (72 66) 32 59 84 (6 26 20) (35 55) 44 11 (96 57) (65 95) (48 60 27) 56 19 14 (93 4 73 31) 86
85: 95 (88 41) 16 (44 50) (6 10 58) (14 90 67) 48 (9 99 53 4) 43 (52 54 93) 46 (73 24) 86 94 (63 68) (45 89) (31 29 77 72 20) (100 34) (92 26) (83 84 59 82 60) (76 33) (47 91 15 55)
86: 55 21 48 78 (60 31 57) (98 85 94 14 73 97 50) (9 10 86 29 84 38 93) (92 47 27) 88 (99 26 74 36 51) (77 20 90 15) 6 (3 34) (72 42) (1 91 4) (96 64) (46 62 37 71 43)
87: (42 47 85) (84 88) 65 (98 75 91) 34 (44 54 1 48) 35 31 (78 57 79 93) (8 13 100 29 45) 60 (6 52 14 95 20) 86 67 (56 99 82 73 55 16 26 36 96 92) (59 58 25 10 66)
88: 34 (94 14 54) (10 31 56 36) (39 60) 59 (71 26 9 100 3 58 86 78) 15 6 (44 84 45 57 98 4) (89 41 42 83 99 19) 52 46 (92 48 29 85 73 5 72 11 20 91) 80 70
89: 73 (34 32 50) (99 51 57 86 2) 31 14 (59 44 1 84) 72 (83 25) (69 55 38) (26 58 42 36 46 9) (90 78 16) 91 (4 10 97) (48 20) 94 (15 47) 18 100 87 (53 49 98 29) 11 92 82
90: (4 42 90 46) 60 53 (39 98 18 16 11) (83 36 86 2) (88 97) (14 6 94 96 35 58 69) (87 50 9 25) 52 63 (85 84 34) 10 78 (31 43 17 57) 15 59 (29 1 72) 44 (20 92 26 12 48 100) 32 (67 55)
91: 3 (42 14 71) (92 20) 78 89 (1 58 11 40) 46 (85 29 94 66 60 65) (48 72) (77 27 55) (16 10 6 33) 91 (95 9 87 57 100 26 97 43 86) (32 90 52 99) (13 36 31 84 96 59)
92: (89 50 57 91) 42 (78 93 84) 98 56 20 53 (96 97) (33 71) 88 (16 14 11) 59 (27 73 63) (2 21 82) 90 (72 60) (75 44 65) (3 46 29 18) 31 85 77 (67 9 95) 66 (52 1) (55 48 36 15 92 58 4)
93: 10 78 (89 20) 53 84 (19 43 66 82 83) (91 97 86) (16 15 46) 26 (52 92 95) 6 (30 21 27) (63 65) 87 55 73 71 (48 45) 4 93 90 42 (31 85 41) 36 (9 58) 8 (3 100 11) (44 88 34 60) (94 29)
94: 91 (59 6 4) 79 (90 45) 15 75 98 (87 48) (84 86 58) (97 72) (60 93 8 34) (14 96) (35 22 92 36) 57 33 (10 9) (99 80 42 54 78) (26 21 88 20) 29 (83 89 85 52) (32 68 44 55)
95: (18 60 68) (21 58) 88 (83 94 31 1 90 98) (84 46 48 78 95 92 5 86 57 4 63 85 93 10) 67 (43 47) (6 29) (99 20 39) 2 (26 97) 34 100 19 (12 73 72 42 25 11)
96: (91 100 19) (25 60) 88 (44 58) (78 5 39 46 96) 36 (2 73 53 86) 26 (98 72) (43 45) 77 31 (85 68) (76 55) 9 59 (10 92) (49 20 27) (14 15 54) 50 (57 21) (33 83 29) (48 90)
97: (57 68) (46 60) 20 49 (16 44 31) 47 29 (10 78) 15 1 32 39 (99 77) (98 73 93 38 54 19) 52 83 24 (42 45 97) 9 (14 90) (82 48) (26 58 86 27) 92 (72 36 11 100 84 94)
98: (46 78) 56 (1 44 14 36 29) (84 92 25) 77 (34 95 43 9 72) 87 (11 73 83 18) 88 48 (67 94 97) (86 27 53) (10 39) (57 47 26 90 99 20 85 54 31) 49 (42 89) 4
99: 58 (60 69 89 48 78) (94 87 72 95 47 15) (31 66 46 43) 34 85 9 (11 77) (57 10 29) (68 4 14 80 83 73) 92 (84 90 51 52) (18 20 86) 70 88 54 (44 59) (42 3 16) 50
100: 92 (93 38 78 63 3) 54 1 70 59 84 (42 44 10 71 14) 83 (60 57 51 36) (29 48 58 87 77) (55 90) (26 73 15) 32 (46 100) 11 88 (99 20 16 96) 94 33 (6 86) (43 53) (97 85) 91
