100 100
1: 51 (5 63) 48 (40 1) (10 38) (53 60 44 52 54) (65 25 14 47) (45 84) (8 67) (61 55 34) (94 24) (86 69 19 97 32 59) 49 83 11 21 79 12 (57 81 22 15 85) (4 27 88 58 13 26)
2: 97 (41 12) (35 64 80 89 62) 44 81 (95 24)
3: 50 14 100 (52 78) 7 59 (22 83) (63 89 13) (66 21 73 48 30 44 6) (3 76 1 62 90 9) 82
4: (30 20 14) 58 (16 80) 62 (4 60 68 43 25 23) 90 53
5: 8 (26 27) 10 (16 44) 29 (42 47) 22 (54 7) (88 68) 13 75 (76 98 55 17) (35 38) 61 (77 4 83) (9 78 52 46 11) 57
6: (31 28 78 24) (60 69) 2 56 96 (55 74) (58 30 39 91 76 61 11) (68 64 67) 27 16 95 (66 47 94) (73 65) (10 25) (80 13 99) (43 17 63 53) 93 46 1 15 81 (12 57 48) 52 (75 49 3 4 87 85) (88 34)
7: 17 (84 39 31 23) (18 54 9) (2 27 96)
8: (68 54) (11 82) 45 (30 98 19) 26 92 (52 27 62) (16 28 53 97 89) (71 94 76) 77 (79 59) (95 57) 67 (55 100) (1 37 70) (81 66 3 63) 96 (43 69 72 35 42 2 33 7 86) (36 93 87 17) 46 99 61 40 (65 85 74 34) (58 10 75) (73 80) (49 24) 29 (39 84 41 32 31) (90 48) 56 (12 8) (15 13 83) 5 (78 6) 47 (23 60 14) (25 20) (38 50 18 4) 9 (22 44 91 21 51 64 88)
9: (38 14 16) 60 25 80 90
10: (75 15) (82 64) (48 61) (49 80 53 72) (55 51 19) (63 96 29 22) (9 78 52) (47 50 23 57) 30 (25 46) 35 (3 67) 98 (92 16 54 70 100 65) 18 68 87 99 24 27 (93 59 73 14 11) 69 (7 26) (17 97) (32 34 20 40 71)
11: 73 10 (63 53 97 99 24 20) 70 (87 4) (46 65) (29 93 37 14) (72 48 18 16 44 11 7 47 6 43) (66 67 83) 95 (57 98 41 58 33) 1 (76 79 26 49 89 42) (3 38 56) (82 23) (22 17) 50 15 (30 34) (91 36) 84 27 (68 59 9 12 74 77 71 35) 51 (39 92) (62 28 8 55 54) (69 52) (85 96) 80 81 19 25 (61 60) (78 13 86) 100 (88 90 21)
12: 45 (23 81 90) 56 (3 74) (70 44 10 42) (27 2 59) (17 14 22 65) 49 (83 87 64) (82 93 11 20 51) 12 53 95 71 (61 85) (60 58 52) (68 36) (63 31) 86 16 94 (13 28) 39
13: 85 7 25 (3 40) (50 69) (39 82 32) (96 79) 42 37 44 (89 52 95) 1 (23 62) (34 97) 78 51
14: (43 25 22) (100 95) 36 7 (78 87 9) 60 89 37 (56 52 30) 67 (82 65) 31 (53 1 47) (20 66 85) (70 14 3 77 55) 18 26 (19 54 17) 29 (46 15 48) 42 12 (69 32) (92 34 2) (75 61) 90 (94 27 88 79 91) 59 73
15: 35 20 (52 90 88 82 85) 64 61
16: (3 2 49) 8 16 (66 62) 89
17: 43 38 36 (35 2 51 24 23 62 87 53) (95 46 63 8)
18: (59 75) (46 37) (25 48) 2 28 (29 68) 96 (97 76 88) 24
19: (2 90 91 42) (55 46) (67 48) (61 60) 99 88 77 (66 22 56) (41 52) (86 84) (30 94) (35 83 89) 11 (64 69 9) (62 58 10 93) (87 12 29 23 27 75 1) 51 (85 4 70 95) 78 74 (71 92) 43
20: 21 19 (84 17) (33 23) (90 22 71) (2 53 32 7) (39 36 11) (4 24 91) 6 44 (38 41 37) (62 54) 34 47 (16 82) 56 97 (46 99 96 25 60) 26 (57 73) 5 (98 100) (89 65 40 55 85 68) (77 30 59 49 63 48) (88 50 66 18 70 78 43 92 93) 12 (27 20) 45 (31 35) (14 10) 28 72 (3 58 81 42) 61 (64 75 9) (29 69)
21: 62 53 51 (6 2) 82 (49 92 27 67 74) (90 61 46 98 56) 59 (48 28 13 86 96 45) (9 70 93 60) (16 24) (38 12) 47 (83 63 94) (20 89) (21 30) (26 3) (36 7) (68 95 35 37) 97 (65 79 42 76 14 58 18 55) (41 29 69 75 43) (15 1 31 100 11 80) (52 23 32)
22: 64 (26 89 82 18 1 58) (48 41 83) 33 (28 40) (77 6 94) (45 73 65 24 84 12 57) (85 22 16 31 51 8) (27 92 14 75 30 70 9) (56 63) 68 59 61
23: (3 24 15) 25 93 (89 8) 26 16 95 12 (21 56 13) 37 (99 77 36) (19 64 69) 58 46 6 47 (100 68 42) 86 (9 4) 87 11 (78 83 75 50 35) (60 92 31) 61 17 (28 82 30) (84 45 90 80 39 1 51 43) 98 59 32 57 (10 2 76) 63 41 (85 29) (48 44 96) (55 5 14)
24: 69 (68 77) (10 35) 52 40 78 18 (86 27) (14 21 6 95 61 63) 3 48 55 26 15 (16 59) 57 (39 83 67 7) 17 (4 72) 60 (99 19 80 22) 74 (46 47 33) (54 81 88 5 73) 98 (2 100)
25: 32 (43 83 80 89 18) (10 46) (21 84 28) (82 1 44 72 38 86 17 27 74 6 52) (54 88) (87 63) (25 75 93 37 69 8 65 59)
26: (78 9 43) 92 87 (5 84 18) (97 8) (1 64 96 88 30 89) 33 (81 91 21 57) (14 72) 26 (73 95 53 6 29 70 13) (45 49 99 86) 38 69 (17 7 20 47 36) (34 63 41 31) (32 39) (55 37 10 61 67 51 4 85) (79 94) (2 74 46 98 35 28) 56 (75 66) (24 71 90 48 77 19) (82 16 25) (50 40) (3 76) (60 93) 68 15 80 62 (83 42 52 58 11) (54 12 23) 65 (100 59 22 27 44)
27: (55 95) (69 62 63 35) (26 25 18 52 24) (28 99) 61 39 66 (71 23) 7 8 100 89 (33 73 76 70) (10 9 74 57) 20 47 (27 65 64 77) (60 36) 54 (22 5) 44 30 (43 92) (31 83 81) (32 59) 14 (97 21 19 91 67 3) (38 1 49 98) (84 13 37) (34 93) 80 16 40 85 17 (75 94 96 12 11 87) (58 56 45 4 51 50 72) (78 6 41) (68 79 82 90)
28: (35 59 25 52 71 37 62) 16 (28 92 49 8 36 44) (17 32 93) 99 (33 53 70)
29: (18 98 90 66 35) (22 54 47) (95 75 62 72) (85 59) 70 91 (10 76) (94 5) 96 23 42 (36 65 81 16) 82 80 (88 92) 53 56 (57 71) 8 20 14 77 (17 24 33) 68 (50 99 100 73) (51 39 31) (3 29) 34 19 (41 79 21) 78 52 (63 2) (43 25) 64
30: (78 73) (13 3) (58 96) 85 (94 50 39 15) (22 31) 20 16 (28 79 56 29 64 72 70) (90 4) (86 44 19 82) 36 (7 53 67 5) (11 51 65 98) 26 (38 88) (59 62) 47
31: 75 7 45 (90 74 27 67 80 62 83 82) (21 99) 28 (14 13 96) (68 12) (39 34) 29 (54 58 76) (17 64 63 94) (3 40 20) 24 61 (41 78 16 97) (23 33 87) 51 (56 91) (73 89) (79 18) (60 48 15) 95 22 11 (49 10 5 6 19) 98 (85 31) (59 37) 86 (38 66 1 8 77 30) (44 100 52) 93 84 (35 81) 46 (25 32 2 4 47) (50 42 69) (71 70) 53 (57 65) 9 88 43 (92 72 36 55 26)
32: 69
33: (82 90 32 68) (59 77 70) (74 7 99 89) 45 80 (22 17) (40 35 43) (11 15) (30 85) (96 37) (34 51 88) 69 50 (98 64) (78 20 1 23) (81 58) (56 9) (39 92 83) 91 (28 48) 25 (52 14 10) (97 93 95 65 26 87 62) (21 5 47 31) (76 2 6 36 53) (66 49) 38 (84 46 60 13 67) (42 44) (94 3) (4 55) (72 100) (29 57 8) (33 16 24 79) (63 73 27) (41 75 12 61) (71 54) 86
34: (76 53 60) (62 26) (46 31 56 94 49 43 66 90 30) 63 (82 61 18 51 23) (17 77 27 4 20) (9 45 37) (7 55 91 92) 84 (98 47 5 59) 22 85 97 (1 83 57 39 72) 81 (42 100 8) 10 (38 96) (2 78) 12 (44 16 6) 21 (74 88 87 41 50 54) 93 (69 67 35 80) 79 (75 25) 68 (34 40)
35: (54 72 92 14 36 30 86 8 62) 80 1 (52 16 46 93 91) (33 100 74) (31 98) 53 83 (27 2) (17 35 47 71 43) (82 15 24) 48 (97 25 12 40 60 50 79) (88 61) 20 (51 63) (28 44) 11 (7 69) 38 29 (39 68) 99 10 (90 5 96 64 23) (59 55 78) 94 56 (6 45 85 70 57) 19 (13 89) 84 (49 75 18)
36: 85 88 (43 70 35) (71 62 58 80 55) 33 10 (44 15 75 39 94 73) (56 12 59) (96 92 95) (9 24) (7 2) (53 99 86 30 68 28) 76 (100 52 89 48) 54 (63 36 6) 90 (11 77 46 57 93 47 34) 1 (60 20 16) (42 37) 78 79 23 (4 81 64) (65 19 67 27) (40 69 82 49) (29 17 26) (51 83 97) (18 98) 13 74
37: (31 98) 94 12 3 (53 50 76) 13 33 61 17 5 43 (18 87) (46 99 62) 91 47 57 28 (68 75) (72 95 67 54 22) 36 (10 100 32) (55 89 8) 6 (27 88 92) (26 60 77) (52 85 56) (1 15) (90 96 38) (70 59 74) 2 (39 58) (86 45 97 73) 80 (42 7 30 82) (14 66 79 4)
38: 56 (48 67 10)
39: 22 88 (17 69) (78 57 74) (5 38) (61 41 51) (86 3 50 75)
40: (42 1 75 49 92) (54 17 88 60 31) 72 (21 47 22 83 32)
41: (64 29 22) (65 57 66 76)
42: (66 95 15) 68 (33 64) (8 31 7 59) 9 50 (30 98 26 81 58 14 71) 69 13 (72 12) 19 (38 49) (97 60 77 52) (57 84 1 79 16) 43 (90 41 39 83 56 74) 37 99 (51 100 96 70 18 54) 45 (11 89) 20 78 (29 61 32) (53 86) (17 80) (67 75) 21 85 6
43: (86 19 39 92 65 22 44) 50 (15 32 53 77 79) (54 93 94) (36 16 72 38 21) (95 58 41 89 13) 29 (48 9 10) (49 24 96 17 59) 91 (28 75 98) 76 84 (63 99) 62 23 (26 67) (3 31) 69 (74 7 82) (87 2) 27 (35 25 73) 33 (30 37) 66 14 71 47
44: 98 (40 26 78) 100 13 (11 96) (88 95 48) (97 63 14 82 20 7 27) 16 (79 99 61) 60
45: (81 86 80) 16 (20 3 63) (75 87) (12 9) 91 (44 17 23 49) (50 73 65) 56 6 96 (29 71 68 2) (7 93 1) (60 52) 97 (62 32 95) 42 (15 53) (8 69) (39 90) 37 (74 45 28 83) (64 18 4 59 54 70 13) (47 67) (58 21 38 31 36) (77 11) (33 82)
46: (10 54 64) (14 56 7 47 2) (60 28 38 45 96 75) 73 31 (85 81) (9 15 100) (8 71 72) 74 51 23 55 32 48 (92 44 58) 78 (97 65) (57 30 62 16 18) (6 95) 87 (4 98 35 50) 82 88 (13 84) 89 (59 29) (34 67) (36 61 83) 17 (24 43) (52 79 21) (41 80 12 20) 77 (93 70) (11 19 53 66) (37 46 49 68 91) (42 5 3 25) (39 27 40) (94 99)
47: (7 71 47 48) (57 64) (36 69 79 22 54 75 66 34) (83 15) 86 (63 58) (32 46 53 96 4 45 81 23 51 88 38 76 90) 37 (100 50 98 84 78 87 29 10 40 41) (74 8 91 65) 1 (18 60) (21 70 72) 11 (77 61) (12 27) 97 (44 20 93)
48: 82 71 (81 10)
49: (47 52 34 78) 5 (86 69) (70 80 60) 64 (51 89 98) (43 87 59) (1 81) (12 21 56 17) (50 100 10) (39 27 26 55) (11 95) (41 72 16) 40
50: 57 (42 49) (29 66) 99 (33 4 43 64) 51 15 77 85 12 (92 20) (38 52) (63 81 74 98 35 54 10 9 50 19 48 90 31) (72 47 96) (37 55 67) (26 6) 44 34 84 53 (1 82)
51: (5 3 62 14 97 22 96 54 24) (74 90 89) 30 (28 57 71 27 68) 73 (6 82 33 43 13) (84 67) (21 72) (85 20) 58 (11 55 59 37) (7 35 36 15) 38 (51 39) 25 (88 16) 63 (87 91 4 12) (75 40 45) (8 26 79 69 44 31 9) (53 23 17 98 94) (92 42 64) 81 (19 70) 34 (2 56 78) 100 (86 99 66 18 47) 61 (50 49) 1 10 (60 83 46 80) (95 41) 77 (32 76 48)
52: (83 13) 6 67 (22 49 64) (68 34 40 56 31 70 23 25 28 48) (87 58) (71 80) 24 43 (15 26 85) (8 79) (76 30) 29 98 86 93 (84 51 94) (60 33) 9 (54 88) (32 69 65 75 95 35) (55 89 66) 41 90 36 (21 18) 7
53: (24 82 58 9 54 19) (25 93 100) (51 48) (61 11 67 87 39) 50 27 96 78 (34 36 95) (4 74 18) (5 14 59) (52 33) 63 (92 31 71 64 57 83 77 15 44 8 42) 26 (29 41)
54: 61 65 59 48 (75 67 55 49 73 91 24 21 36) 20 64 5 (80 37 19) 74 (3 72) 92 (28 2) 69 63 93 (56 25) 88 (18 34 30 31 57 1 40 51 38 10 39) (96 50)
55: (79 45 85) (17 60 49) 25 4 (11 10 16) 31 (88 30) 48 37 (78 70) (43 53 18 29) (41 100 23) (86 40 90 34 15 65) (56 94) (6 87 5 83 61 3)
56: (46 11 53) (56 27) (69 25) 45 (32 72) (65 54) (60 100 83 5) (31 88) 15 43 (39 37) 2 (6 84 71) (12 7 48) 16
57: (14 87 55 16 98) (62 21 17 74)
58: (73 99) (39 9 8 32) (25 15 100 83 7 3 98 42 52 51 26 38) 72 (82 41 53) (46 93) 64 (65 54 12) (31 60 91) 86 27 (75 70) 74 (23 1) (5 76) (20 17 16 4 96)
59: 19 49 32
60: (8 80 99 47 15 37) 63 46 (70 82) (92 17 39 6 22 26) (75 36) 78 (40 14 23) (5 97 88) (19 79 41) (34 33 45) 13 74 (16 100 29 73 12 66 62 52 59 3) (49 43) 68 86 57 (9 31) (38 95 76 65) (61 1) (67 96 98) 50 (2 53) 85 (32 69 27 81 91 11) (21 35) 72 (89 56) (25 93 55 4) (10 7 64) (28 71 51 42) 30 (60 77) 44 (18 87 58 20) (54 94)
61: (87 56 76) (98 12 30 74) (33 53 89 25 35 58 69) (5 48 82) (22 20 97 81) (73 16) 23 96 (99 55) (52 62 60 15) (47 92 21 91 70) (71 26 18)
62: (49 17)
63: (82 11 35 64) (77 19) 79 (24 13) (54 65 100) (89 91 52 81) 63 33 86 88 (30 49 5) (1 23 70) (71 38 78 3) 80
64: (74 6) (7 67 88 81 11) (24 64 48 41 93) 62 (84 89 32 8) 80 (79 94 60 16) (59 12 37 31) (97 30) (57 82 83 19 42) (3 10) (51 72 78) (99 34) (23 35 2) (9 25) 33 (29 39 55) (90 65) 45 (27 5) 17 (13 68 26 14 15 91) (98 43) 75 (44 87 86 70 73 1) 100 (56 66 28) (96 92 18 50) 69 63 22 76 85 38 (47 71 54 61) 53 (52 21 95 20 36) (58 77)
65: 44 64 30 (2 82 76) 89 78 (38 40) (49 20) (18 66 58) (16 17) (25 33) (11 72 52 46 51 50) (21 71 12 83 60 8 91) (93 28) 65 36 (67 3 48) 54 (85 59 61) 42 (35 100) (86 80) 73 (68 1 10 41) 37 (34 88 24 43) 14 62
66: (18 20) (90 92 21) (48 62 77) (78 17 67) 6 26 (24 80) (79 72 7 96 69) 52 13 88 (33 71 75 74) 87 (31 64 53 46 98) (56 58) (97 45) 44 (81 29) (8 100) (99 59)
67: (76 65) 50 39 47 (90 95) (35 54 87) (97 98 82 1 18 68 93) (6 77) (58 33) 21 51 (67 41 83 70) (20 11) 92 (45 14 48 15 4 8 26)
68: 94 (82 19 35 39 18 76 84) 93 (80 67) 62 (58 72 85) (37 56) (78 99) 6 32 (42 81 26) 54 70 49 (65 13 46) 98 75 (9 89) (69 24) 48 (51 23 1 60) (63 88 5 45) (59 83 10) 61 8 12 (77 38 47) 25 36 (97 86 20 66) (53 22 33) 7 (73 68 91 55) (52 79 31 30) (71 57 74 90 40) 41 (3 95 29) 16
69: (25 57) (62 74 89) (54 30) 32 86 (41 76) (23 43) 33 71 (67 70 27 42) 37 (53 38 87 21) (20 68) (81 50) 1 (52 8 18) (45 2 31) (92 94 6) 35
70: (12 66) (46 34) (48 89) 55 81 53 (21 90) (26 58) (87 68 95 75) (41 27 98 85) 96 (79 93) 71 (2 82 25 15) (18 54 86) (4 7 97 9)
71: (26 27) 17 36 (12 94 22 25 54 93) (71 68 31 19 70 86) 23 (38 42 90 43) (61 80 37) (88 40 72) (5 73 49) 47 (50 98) (95 4) 2 (77 20) (33 84) (79 100 99) (76 30 1) (6 57 51 81) 59 (55 92 9 39 75 28) (15 74 53 62)
72: 37 (17 64) (52 5) (99 13 49 16) (65 66 69 6 22 14) 51 (18 59 100 12 55) 63
73: 83 (10 58) (77 19) (49 52 14 70 64 97 53 54 32 89 28 94) 57 (100 61 6 8 50) (31 75 87 60) (59 43) 25 99 40 39 47 (90 41) 79 (13 15) 5 33 (3 24) (44 27) (62 7) 92 34 56 (9 1 85) (26 38) (66 55 29 35) (81 2 74 76 86) (51 96) (4 17) (45 91 68) 46 (65 88 36 95) (71 72 93)
74: 60 (16 17 26 81 46 75 39) (21 29 94) 11 (96 20 42) 9 (58 45 62 77) (3 19 2) 65 (36 56 66 85 99) (76 38) 82 41 91 (6 43 55) (28 64 61 88) (86 59 33 48 5) (79 67 22 50) 57 (63 27 34 30 97) (89 69 95) 52 (53 71) (80 13) 83 7 24 72 37 (74 73 1 51 15 47 100 98) 70 49
75: (98 48) (46 77 83 43 75) (26 33 72 89) (10 57) 69 (15 47 45) (14 96) 40 16 (97 55 37 52) (84 3) (39 17) 1 (58 51 20)
76: (24 40 6 70 94) 8 58 (97 49 25 33) (98 23) 86 28 (10 42) (62 19 63 66) (85 22 14 95) (15 54 93 5 12) (71 17 74 83 44 20 46 43) 50 (67 41 78) 53 (75 92 16 26 88 89 37 45 7 77 31) (90 4) (91 65) (64 2) 60 100 69 51 29 (52 36 56) 80 73 (35 72 11 18) 68 (3 32)
77: (69 42 3) (91 17 10 81) (82 21 92 9 38 32 83 41) 26 (5 48) 16 70 (87 36 34 60) (65 57) 94 (37 18) (88 24 46 6 1) 79 (13 44) 12 93 85 (56 25 47) (54 59 100) 8 33 96 73 (62 40) (55 28 4 39 35 20) 29 (45 27) 19 (95 68) 52 58 (98 15) 23 51
78: (10 67 27) 83 46 65 79 16 45 (49 69 76 78) (59 9) (8 61 28 34) 18 48 66
79: (85 21) 11 (56 67) (93 8) 30 (63 51) (10 94 74 16) 47 (86 22) (54 35 95) (34 28) 25 (39 64 31) (71 42 9) 89 (29 90 65) (79 41) (61 98) 46 (48 43) (99 33 27 77 87) 2 (92 84 13 80) 60 (12 97) 75 (45 53) (68 96 83 88) (19 17) (38 57 40 59 58 82 24) (1 76 55) (36 81 5) (6 73 70 62 14) 66 (49 50 100 37 3 91 15 78) (7 72 52 23) 20 4 (26 18 44 32 69)
80: (91 87 33 93 37) (83 13) (94 75 26) 54 (96 60 42 52)
81: 20 (52 24 86 23) 61 (11 21) (72 91 36 18 31) 38 (77 67) 59 (74 4) (10 89 43 13 5 69 51 79 81) (80 88 50 41 93) (14 28 9) (75 37 85) 40 55 7 54 (87 95 33) (96 22) (1 27) 57
82: 43 64 (10 12) 40 87 75 (33 34) 13 (42 11) (49 65 54 69) (30 6 78 86 38 32 58 9) (71 63) (19 89 20) (36 28 92) (81 39 2) 18 (24 80 26 59 93 4) (55 88 85 94 66) (82 50 79) (72 16 15 97 76 48) (47 52 45) (17 70) (100 74 77 73 90) (53 35 46) 25 51 (23 31)
83: (57 16) 21 (67 14) (23 81 68 10 25 61) 24 82 (20 44 73) 7 96 (89 6) 70 (64 11 33 22) 78 (58 46 71) (9 69) (37 30) 85 (91 88) (38 50)
84: 62 (60 14 66 45 26 38 93) 12 (36 5 57 76) 25 11 (77 56 54 82 50 78 43) 51 (55 4) 52 (22 100 69 59) 44 24 (3 47 34) 1 (96 33) 18 61 (67 89) (94 49 73 88 97 10 16 85 92) (95 2 8 71) 13 (53 15 80) (6 98 63) (35 27) 83 99 (90 74 23) 30 7 28 (87 37 40 19) 72 (86 65 68 39) 79
85: (13 42 33 87 72) (68 69 58 53 89) (2 9 20 39 26 17 96 29) 30 (86 4) 47 81 (5 50 79 59 41 65) (62 75 93) 100 38 21
86: 58 (63 54) (72 8) (87 13 21) (51 59) 91 69 60 (77 7 41) 86
87: (32 56 4 38 11 92) (81 76) (87 41 66)
88: 15 (32 56) 17 18
89: (60 94 48) 13 (25 78) 61 98 (31 53) (91 28) (96 84 90) 56 (74 49) (34 22 83 85) 77 (59 8 79 30) 57 (12 43 41 68 72 24) 33 (9 27 97) (88 38 15 47 55 44) 66 (67 40 63 6 54 62 81) 39 (3 20 5 82) (11 93) (80 64 14 17 35 2 36 86 18 75 21 37) (89 50 58 16 19 100) 70 (92 26 10 4) 65 (1 51 71) 87 76 23 (95 29) (73 52)
90: 73 (50 98 55)
91: (59 96 20 43 90 87) (77 42) (91 79 3) (69 45 12) 18 83 (16 39 97) (14 56) (81 5 33)
92: (4 6 23 65) (66 16) (87 71 34 70 97) 90 86 24 77 (63 67 58) (54 19) (82 39) (74 46) (68 52) 56 5 64 22 (25 80) (37 60 73) (94 33 92) 83 36 (3 38) (91 35) 96 (59 93 95)
93: (66 11 37 77) (49 87) 63 (93 17) 60 (89 79 8 97) 59 (25 2 78 44 75) (64 42 72 27 83 23) (28 6) 95 (55 99) (50 100 21) 1 36 (34 16 94 33 62 71) (92 81 82) 74 5 (3 51 43 29 20 31) (57 96 90) 47 91 (85 18 80 54 73) (70 68) 48 (58 86 45 7) 61 98 (41 52 35 67 15) 14 (30 32 24) 10 (39 46 4 22 19) 26 13
94: 40 20 6 26 (35 3) (4 30 78 50 31 28) (85 5 27 41) 15 54 (8 96) 55 (39 19 2 38 51) 88 (29 25) (77 48) (60 65 1 11 13 94 84 67 16 17 70 86 59 43 12 47) (83 80) (73 53 82)
95: (66 93 85) (57 94) (35 28) (97 44 16) (27 46 29) (98 48 83) 34 63 (43 54) (17 33) (6 39 20 86) (13 67 100) (78 41 74) 55 (31 88) (81 19 22 61 5 71) (45 87 91) (24 38) (62 18 10 70) (1 36) (26 75 56 69) 82 50 42 (14 12 77 68) (40 60) 15 (90 84 37 92) (11 4 72 21) (95 89 49 25 53 30) (76 7) (32 80) 79 3
96: (13 69) (46 90 63 55) (89 14 15) (23 65) 26 5 48 (44 74 72 25 39) 28 9 (82 99) (83 33) 24 79 73 86 80 42 (2 67)
97: (91 45) 83 53 (78 3 61 76 12) (72 75) (26 34 18) 95 (54 19 81) (50 35 66) (57 41 51 7 8 25) (60 42) (99 33 31 21) 93 11
98: (93 50 96) (90 15 54 7) (53 19) (41 95 43 5) 72 (68 59 66) (29 40) 88 (45 20 26 2 87 86) (48 46 81) (51 37) 65 (77 84 22 34) (55 10 98) (82 27) (18 39 60 47 13 69 36) (78 94) (56 97) 73 (14 71 61 4 30 16)
99: (94 74) 17 5 55 19 58 (21 56 32 60) (47 10 39) 93 (6 63) 42 (41 53 61 65 91 44) 7 (64 75 35) 38 (86 20 62 37) (31 18 34 88 76 99) 22 57 (54 3 71) (16 70 15 14) 30
100: 75 12 91 (38 46) 13 1 (85 52) 37 (95 29 98 34 31) (76 50 19) 3 (94 86 43) (15 63) 5 (30 21) 45 (92 89 64 23 18 8 70) (20 88 71) 17 (62 79) (61 74) (51 42) (2 41 32) 9 66 33 (7 81) 39 49 97 93 (44 87) 67 80 (59 24 16 60 54 10 78) 58 96 (65 4) (82 6) (55 36) 90 77 (57 68 73) (47 14 25 84)
1: 37 50 73 (35 84 63) 8 (26 94) 54 (49 60 47 100) (81 65) (95 1) (22 36 21 31) 11 (58 89 93 71 75) 64 79 34 19 (33 42 77) (68 3 69) (23 67) (74 25 40 13) (6 51) 27 (45 14)
2: 23 96 (85 76 65) (16 54) 43 (94 34 64) 31 (71 24 20) 74 (60 21) (12 14 79) (19 70) (29 37) (51 6) 45 (46 18 82) 26 (69 89) 33 35 (93 8 73 84 7 98 100) (56 17) 36
3: (97 91 68 27) (93 79 94) (73 58) (60 13 77 74 95 65 3 20) (30 55) 84 (54 21 46 12 64 26) (6 75 29 23) (8 76 37 100 92 24 63 16) (11 14) 10 (45 33 31 51 43) (99 89 39)
4: (84 89) (95 34) 27 (100 30 5) 45 77 31 37 6 (11 47) 24 98 92 (1 71) (93 87) (19 51 20) 26 (70 50 23 67 85 76) 4 81 (60 8) 79 53 (36 58) (46 94) (33 55 82 73)
5: (27 34 91 85 37 49) 94 35 (56 89) (72 61 92) (79 51 23 68) 24 8 55 (33 39 73) (63 54) 96 (99 95 58) 77 (71 74) (84 1 31) (98 93) (20 29) 81 (30 76 60 53 46) (26 64) 100
6: 51 (35 34) (60 79 92 56 100 93 27 68 67) 66 (37 24) (8 72) 11 95 83 (31 73) (71 74 46 3 33 77) (25 52) (99 84 89 45) (82 94) (42 36 64 55 26) (22 50 76 21 69 20 23)
7: 3 (42 95 73 74) (13 34) 20 (5 10) 76 52 (81 68) 30 (43 31) (27 35 14 58) (46 93 84 100 47 70) 79 (45 66 37) 26 97 64 (11 44 98) 51 (36 99 8 83) (24 56) 21 33 60 86
8: (8 29) (25 84 66) 79 (17 93 5) (86 60 67 23) (37 58) 31 77 100 28 53 (52 97 94 68 1 16 26) (73 46) 65 (45 11) 78 (64 76 42 33 34) (51 47 35 22 89) (69 27)
9: 20 (5 60 31) 58 (68 74 50 70 53 43 22) (51 8) (3 85) 42 (96 14) 64 (23 36) (77 81 33 52) (79 78 89 34 21) (73 83 11 26 19) (46 27) 71 (7 82) 100 (45 10)
10: 26 (75 46 77 24) (51 89 100) (98 23) 79 (95 25 20 19) (27 49 8) (84 55) 29 (11 1) (54 81 50) (5 47 37) (93 43 76 78) (36 83) 73 (48 64) 33 (65 82 60 38 6 12 34) (35 31 68 99)
11: (42 79 74 8) (21 31 55 67 45 6 82 27 20 87 19 46 35 10 89 94) (60 76 1 65) 56 11 64 5 (97 44 23 95 81 26 47 83) (33 63) 12 51 (49 53) 93 (84 36) 30
12: (51 100) (19 49 91 27 82) (2 6) 46 94 97 (50 26 47 45 20 71 42) (58 31 61) 95 60 14 72 34 22 (21 70 33 89 8 68 1 23 84 35 77) 36 11 79 (64 12) (65 37 76 56)
13: 44 100 72 6 (46 1 86) 93 (8 68 5 80) 89 (21 33 36) (77 27 98 45 84 12 81 35 60 43) 79 (30 51 95) 64 (85 42) 37 (96 74 52 82 63 26 31 11) (23 94 73) (66 3)
14: (91 84 12 93 53 83) (51 31 4 20 75 46) (89 11 10) (1 21 73 44 42 26) (60 35 43) (79 8 65 64) 67 100 (9 96 37 33 76 24) (99 72) 14 29 (22 57) (95 27 81 23 98 3)
15: (30 14 99 36) (96 23 95) 58 (70 89) (98 79 60 84 50 61) (24 31 42) (6 47 21 45 53 73) 56 33 (71 26 76 75 100) 11 8 (67 82) 52 (1 51) 64 74 10 46 (55 37 43 94 88 77 35 93)
16: (56 49 6) (34 26) 5 (83 11) 28 (74 82 27 20 31 75 76) 24 94 (61 79) (91 23) (68 57 98 99) 9 (45 58) (77 10) 44 (92 16) (60 36 29) (89 72 42) (43 33 100) (4 65) (30 51 84 93 55 46) (35 8 78 95 64 21) (12 22)
17: 82 85 39 35 14 11 75 31 (40 28 36 46) (33 49 20) (55 29) 71 (26 24) (37 57) 79 94 51 8 99 (43 7) (100 42 73) (95 77 23 6 76 64 27 72 5 60) (12 88) 89 (10 34) (93 58) (65 74 62 25) 66 45
18: (42 14 53) 20 (97 29) (78 46 81 22 82 77) (84 21 26) (31 88 72) (55 68 79 25) (7 8) 11 (36 10 52) 99 (54 76 65) (100 60 47) (37 27 34 70 93) 95 35 91 67 98 89 (24 69 51 45) 64 (66 61)
19: (10 54) 31 (76 42 99 14 26 68) 98 (51 11) (89 50 71 77) 63 93 (94 92 8 35 95 73 64) 84 (74 46 29 23) 1 (79 30 53 82 24) 36 100 (43 97 59 60 27 20)
20: 30 (4 61 94 50 34 21 12 75) 66 36 (14 51 46) (15 26) 8 (100 35 91 79) 45 47 31 81 (93 58) (74 67 95 68 64 27) (83 60 65) 33 (77 99 11 42) (76 54) (20 98) (29 82) (85 69) (71 44) 10 89
21: (42 3) (70 77 1 60 49 11 54 97 21) (34 31) (100 25 33) (23 29) 66 26 (40 57 86 52 46 64) (95 89 69) 85 (51 67 27) (79 93 61) (24 8) (43 81) (74 45 47 20 83 65) 99
22: 99 89 (76 30) (47 84 14 81 39 5 60 71 12 92 68) (37 51) (29 95) (83 93 19 43) (26 98 24 40) (8 52 20) (72 64 11) 61 (27 34) (10 1 22 74) (3 33 31) 79 41
23: 92 (51 17) (31 71 64 34) 82 79 (68 84 26 10) (47 96 36 33) 8 (35 52) 11 (19 100 29) (21 81 46) 76 (12 27) 13 58 60 45 83 (89 93 4) 69 61 (77 63 55 43) 7 20
24: 43 (2 74 33 6 52 54) (92 68 21 8) (63 81 20) 93 (89 51 17) (65 26) (18 83) 100 31 (53 23 29) 76 (64 36) (35 77) (84 79 96 1) (10 73 11) 27 (22 66) 46 (95 82)
25: 31 (9 11 27) 8 100 (76 13 23 61 71 10 92) (26 60) (43 70 55) (1 58) (28 68 93 69 18 46 51) (77 54) (33 25) 96 56 (20 94 73) 29 (95 4 83) (82 84 65 35 14 64 6) (53 34) (79 52) (89 97)
26: 5 (93 27 51) 66 (14 30 85 79 50 94 82) (10 44) (26 21 77 98 71 53) (67 33) 31 (73 64 11 95 8 34 22) (89 84 60 70 97) 42 76 (43 61 1 68 49 24 23 80) 36 74 (20 96) 52 (37 75 58)
27: (27 46 64) (70 95 34) 53 (35 33) 20 (7 74 24) 25 11 (12 5) 19 (77 81 26 60 89) (6 78) 8 37 (51 10 36 1 21) 93 (58 14) 73 56 (49 47) (22 79) (98 69) 84 71 (31 44 94) 43
28: (36 82) 84 (96 93 37 30) (81 8) (95 45) 73 60 46 (54 52 71) (26 77) 20 (78 31 74) (28 11) 21 33 (12 51 89 43 25) 94 22 (18 76 79 27 64) 23 (65 35 6)
29: 85 (42 41 53 73 55 68) (79 23) (20 60) 10 (11 89) (18 5) 74 33 (98 8 66) 93 (50 31 45 77) (43 21 100) 64 19 (94 36 95 29 26 46 47 76 14 30 35) 52
30: (68 21) (10 95 46 98) (84 60) (19 11) 71 64 (74 14 37) 42 33 63 61 (34 51) 69 35 (26 54 6 82 31 20 36 83 22 55) (89 3 100) (43 8 52 94 85 99 93) (27 4 79 23) 65
31: 37 (97 64) 21 (58 54 46 56 69) (53 7) (26 55 71 20) (99 50 8) (51 82) 73 (33 76) (45 30 31 29 35 12 40 81) (60 68) (89 42) (23 34) 100 (52 79) (22 6 95 43 93) (14 66 27) 94
32: 82 (42 79 95) 52 45 (47 64) (46 68 51) (1 10) 13 28 (93 99) 100 20 (25 77) (27 21 58 73 76 43 26 23 60 69 33) 88 14 (87 8 40) 37 (56 31) 59
33: (69 26 85 76) (89 65 29 22) 24 43 (68 8) (92 74) 80 97 (53 61 100) 66 (45 64 37 11) (95 84 81) (83 28 96) (42 82 36 27 52) 75 (33 79 91 71) (93 63 50 20) (77 35 67 60 73 31) 51
34: (11 14 52) (97 74 31 53) (99 27 50 93 34) 70 (29 36 98 78) (33 20 100) (60 89 77) 92 95 (6 82) 13 (1 55) 46 (79 49) 73 64 65 (54 26) (47 8) (84 51) 10
35: 52 (26 20 35 10 99 97) (15 95 50) (67 89 64 61 29) (76 2 93) 34 (17 79 21) (92 77) (84 5 68 27 36 65) (69 43 19 28 33) 31 (94 24 73) 11 (82 63 60) (8 51 23) 46
36: 79 89 (68 37 27 23) (30 74) 92 (77 43 84 95 71) (45 98) 46 (54 100 65 64) (14 36 93) (76 52 11 47 29 81) (17 82 12 33 31) (8 53 60) (20 35 26 51 28 73 21)
37: (89 23 79 95) 77 76 (84 11 69 31) 42 (20 45 25) (56 46 8) (60 75) (92 65 21 36 51 18) (74 83) 14 100 (71 81) (55 98 72) 47 13 (50 28 43 68 93) 54 26 (34 99) 64 (27 80) 33
38: (5 74) (58 43) (65 60 95) 34 (35 50 33 54 100) (68 26 64 25) (9 47) (81 73 20 1 77 89 42 84 99) 92 (21 83) 85 (11 27) 69 94 (37 87 79 63 39 71 51 30) 8 17 (46 45) 82 31
39: 51 (7 99 89) 20 (91 45) (74 26 34 93) (68 53) 37 (6 46 49 27) 94 92 67 (95 24) (71 60) (11 58 64 12 36 100) (85 56) 77 96 (75 54) (23 8 79 43) 84 (35 13 30) (42 31) (73 29 82) (33 98)
40: 36 (73 26 54 46 95 71 94 68) 89 (76 81) (55 22 52 20) 31 33 49 (47 27 65 1 77) (82 34 35) 10 (75 24) (60 79 44) 51 (13 98) 84 8
41: (73 52 11 69) (79 39) 49 (87 23 42) 65 (100 29 26 53) 98 (89 67) 2 (20 99) (51 76 86 31 77 33) (81 34 43 8 21) (74 64) 27 22 (68 97 46 19) (47 94) (60 70 55) 85 93 (58 95)
42: (99 5) (46 14) (60 37 20) (13 64 29) (77 76) (82 71) 23 (65 12 80) 97 58 (19 53) 85 (11 79) (26 95) 31 93 (40 8) 50 (91 74) (33 36) (51 34 68 21) 69 45 100 96
43: (33 75) 36 8 17 (27 26 93) 74 (34 94 46) (21 64 49) 76 6 (29 35 42 95 73 81) (55 69 56) (50 60) 79 91 25 98 (19 82 52 65) 84 (37 31 20 51) (23 89) 100 71 (14 11 4)
44: 95 45 (34 13) (2 66 64) (30 47 77 11 5) 60 36 (35 53) (1 33 8 43) 76 (26 65) 46 93 (89 27) (100 83 12 3) (20 23 99 50 31) (25 84 51 28) 73 96 79
45: 1 (8 68) 21 (67 20 91) (95 76 77 98 33) 73 (100 66) (93 34 74) (46 27 51 31 55 35 75 56) 60 (79 23) 78 69 (26 64) (22 84) (47 97) (37 42 12) 82 45
46: (58 65 82) 36 (26 35) (5 83) 20 (98 73 70) (79 46) 95 (75 24 23) 78 (66 51) (19 93 56 77 6 8 76) (18 11 68 25 100) (60 47) 14 31 (33 96) (17 37 74) (10 92) 21 34
47: (35 75 26) (14 82 30) (46 79) (89 73 99 29 1) 24 34 74 11 (37 93) (51 60 33) 23 (77 85 68) (50 8) 40 6 67 (71 61) 47 (27 20 21 98) (36 100 64 31 10) 84 5 45 (49 43) 94
48: (64 50 23 3) 78 68 61 70 (44 66 22) (8 26 14) (94 10) (21 20) 54 (55 47) 53 (51 75 56 74) 79 65 6 33 31 (89 11 36) 46 93 (24 98 95 38 52 35 19) 96 (43 82) 67 1 (77 18)
49: 68 (60 63 28) (65 40 59 54) (62 72 26) (43 1 35) (76 21) (71 6) 33 20 11 (16 93 74 34 73 45 42 36 27 46) (12 8 84) 31 (78 52 51 10 89) (100 50 55) (95 82) 79
50: (85 26 46 42) (51 60) (90 71 50) (79 43) 95 65 81 53 30 47 (100 3 10 29 31 35) 37 (94 76) (13 45 93 84 69 54) (83 82) (20 8) (67 34) (74 64 97 39) (33 49 98 11 89 23 27 73)
51: (26 36 73) (42 1 10) (31 93) (67 86) 65 30 51 (17 39) (81 50) 54 (84 53) 47 98 (52 82) 23 (35 46 77) (64 76) (22 79) (74 72 97 19 21) (68 27 58) (34 94) (11 8 75 49) 29 (89 13) (12 100) (60 33) 71
52: (24 8 60 28 6 93) (27 13) 84 68 (77 1 65) (12 29 5 79 53) (75 92 14 82) (45 50) 81 (37 11 64 36 10 69) 74 (21 26) 61 80 72 (46 33) (73 100) (25 76) 15 (3 66 35 49) 58 89 (31 19) (42 63)
53: 14 (66 95) (50 60 74 28) (36 30) (43 61 6 64 71) (31 42) (70 98 69) 73 4 (76 26) 35 (89 84) (29 79 99) (56 94) (8 21 1 82 33 97) (47 10 85 20 45) 34 (58 68 55) 12 11 46 (37 51 17)
54: (58 86 69 73 46 27) (99 79) 11 (95 76) (36 53) (100 35 77 43 68 1 89) (40 47 29 94) (20 80) (24 81 98 31 82) (50 64 56 63) 26 (37 33 84) (7 34) (70 67) (51 5 14 52) (10 42) (71 8 93) (60 25) 65 97 (92 45)
55: (21 31 49 19) 27 75 57 (79 11 33 61 70) (60 51 23 84 52) 1 (68 94 71 89 20 14) (95 10 74) (82 36 98) 26 (81 99 34 46 96) (50 93) 77 35 (64 6 72) (54 90 37 73) (100 24 5 8)
56: 74 (33 26 49 91 61 99) (12 95) 35 (64 98) (31 60) 36 (92 37 84) (29 6) (52 38 73) (8 56 19 87) (30 66) 11 45 (14 54) (20 22 27 21) (68 79) (34 89 51 42 55 46 88) 23 77 76
57: (64 71) 8 (51 24 77 39 84) (83 97 11) (31 69) 73 35 79 (47 6) (99 81 34) 68 22 75 (5 100 89 33 95) (74 42 54 23 53) 37 (36 46 29) (20 50) (41 60) (93 1 10 26 27)
58: (83 68 11 64 6) (23 76) (36 26 100 8 42 1 75 27 43) (31 33) (99 93 30) (46 45 20) 61 (21 86 82 53 60 92 37 89 65 51) 77 85 66 (74 52 67 12 47) 79 (22 70 4 73) 19
59: 98 (92 3) (73 51) 53 (28 35 45 22) 64 (29 11) (1 94) (14 18 79 78 77 60 66) (8 68) 30 (31 85) (46 10 93 74) (89 54) 84 81 (72 25) 21 (26 100 36 86) 12 71 (27 49) (33 24) 43 20 (37 34 23 42) 91 (82 65)
60: (99 21) (98 51) (89 45 79) 100 77 12 34 37 (11 92 14) 36 94 65 (61 40 31 76 24) (47 60 44 9 46 4) 8 (1 26) 86 56 (52 73 27 64 35) 68 (97 84) (20 74 58) 80 (42 6 19 23 33 93 49) (95 55)
61: (6 73 84 14 27 99 68 55) (22 47) (95 71 37 97 53 74 11) (31 10 81 35 23 34 64 54) 100 89 (5 21 51 98 46) (39 12 79 8 15 78) (26 60 33 65) (20 83 93 42 1 44 24 19)
62: 77 (43 19) (46 71 17) (89 31) 35 (95 84 34) (79 69 28 3) (76 85 99 8 20 16) 13 74 (2 29 51 11 4 26) (57 27 21 36) (66 60) (64 30) (65 45) 37 100 (68 73 61 33) 93
63: 45 (27 84 12 20 3) 51 (50 72 82 89) 26 22 (34 25) 60 74 (96 36 68) (54 76) 31 (47 92) 63 24 11 (17 64 23 86) (93 1 33) (35 100 43) (8 95 10 79) (99 53) 21 (29 44) 6
64: (100 82 93) (15 50) (51 72 46) 89 (33 74 73) 76 (23 2 36 20 8 54 58) (6 63) (53 65 29) 47 (99 22) (30 92) 12 45 42 83 (66 64 35 26) (19 60 79 52) (10 31 49) (27 41)
65: (92 63 41 26 99) 1 (47 78 96) 10 (74 67) (82 72 58 11 55) (77 54 12 29) (84 65 73) 76 (33 89 43) 36 (60 14) (30 45 79) (98 100 22 21 31 56 25 85 20) (27 46 6) 68 (8 64) 94 52
66: (34 37) 43 (87 14 74) 95 (68 26) (31 3 47 29 72 41) (84 93 76 50) 89 (33 27 8) (70 19) (6 79 16) 65 (52 60 51) (46 97 82) 64 100 92 (20 11 98 73) (78 42)
67: (46 100 92 54) 6 21 (69 81 53) (11 24 45) (89 37) 10 (67 33 8 94) (83 84) (50 78 19 68 36 51 96) 79 (43 52 27) (38 65) (95 76) (31 34) (93 1 66 26 30) (60 74 42) 64 14
68: (52 8 64) (22 36) (26 84 21 83) (68 33) 11 37 (95 10) 60 (6 18 71) 24 34 (73 4) (31 70 46) 12 (5 98 27) (65 51 89) (67 45 35 77 100 79 42 69 93) (29 85 92) 20 23 76
69: 8 (35 36 43) (66 11) (1 19) 68 31 34 51 (27 64 21 86) (54 13 49) 32 (74 45 85 81 20 26 98) (56 95 84 72) (79 76) (39 6) (52 23) (75 96 25) 10 (33 78 60 14 83) 42 91 (61 77) 24 (47 82)
70: 73 79 51 (64 20 82 55) (10 92 35 26) 94 (45 76 14) 19 (89 33 63) (71 42) 67 30 (22 52) (29 60) 69 (46 99 49 68) (27 74) (8 58) 77 95 (47 83) (11 21 61) 36 (93 28 37) (100 31 12)
71: 45 74 (79 10) 29 19 28 56 (52 42) 66 (68 70 48) (84 53) 8 (76 27) (95 73) 20 (11 100 63 47 36 26 69 12 46) (93 43) 31 35 (71 60 61) (98 89 82 51 99 65 64) 33 (92 83)
72: 33 68 (58 35) (30 27 50 40) 11 (43 86 20 76) (54 31 81 89) 75 74 (46 34 10) 73 51 (42 93) 25 (37 29) (96 65 71) (56 84 47) (82 49 24 98) (97 66 79) (8 95 60) 26 64 85
73: (36 11 43) (6 61) (51 10) 90 (98 82 68) 60 (58 96 65 20) (71 22 84) 14 (33 74 37 3) (24 79 76) (94 83 45) 54 (26 31 92 89 29) (93 27) 46 (8 77 30 100 64)
74: (47 79) (61 39) (19 12 54 21) (36 96 69 57) 50 25 73 64 (82 58 84) (45 31) (8 11) (33 34 71 92) (43 89 46) (24 100 6 60) (53 51) 27 (76 93 74 68) (35 99) (95 42 66) 26 37 81
75: (54 39 20 95 40 31 10 36) (46 89 18 99) (80 29) (22 8 74) (21 6 100 42) (71 66 73) (68 52) 37 23 (93 26 76 47) (70 64 60 81 97 51) 19 (43 33 25 27 5) 79 (35 14 34 75 82 45 85 58)
76: 73 95 68 (60 29) (58 52) (3 6) (23 36 99) (21 43 11 67) (5 26 79 27) 37 82 (65 74 69) (18 97) (34 100 89) (61 51 33 64) (71 8) (47 87 84 31 41) 78
77: (51 8) (24 76 47) 81 93 63 (31 66 64) (75 11) (34 100 19 74) 50 (82 45 67 29 33 43 73 23 60 91) (26 36 71 79 86) 68 (98 89 20) (84 14) (27 46) 37 (92 94 53) 22 95 42 5
78: (11 19 82 53) (94 51 3 14) (95 93 49 64) 46 (66 29) 5 8 (83 100 65) (63 24 44) 6 79 13 (23 39) (20 55 60 33) (36 78) 42 (27 35 47 97 10) (89 31) 76 30 (68 98 84 26 34)
79: 8 84 100 (96 93 33) (21 79 35) (68 71) (74 11 64 55) 60 (29 63) (81 85 66 51 36 14 91 30) 44 (43 37) (77 13) (52 70 78 47) (31 34 95 89) (42 73) (27 46) 1 82 26
80: 65 93 26 (21 31 46 45) 66 24 96 (2 29) 95 49 (68 63) (82 25 76 11) 84 (81 8 54) 10 64 (52 34 89) 6 36 (37 79) 94 92 60 (27 35 100 51 74 9 33 23) 42 (71 4)
81: (31 20 45) (49 34 48 24 73 77 61 36 8 87 100 50) (63 27 89 47) (51 68 83) (29 42 66 2) (85 6 46 33) (91 81) 26 (74 98 95) (70 12) (82 60 79) (64 1) (71 11 97 93 69)
82: (68 15 53) (70 46) (50 74) (98 8 23) 27 (45 34) 83 94 (12 95 89 65 51 44 84) (13 20) (35 14) (64 43) (58 67) (96 25 82 29) (48 100) (37 92 10) 63 30 (26 33 61) (79 22) 93 36 3 (11 60) 31 (77 21)
83: 21 (40 76 78) (26 12 67 1 97 34 33 73 74) 8 84 35 19 45 68 (56 79 55 52 46 58 53 89 94 11) (64 47 95 96) 80 (5 77 24 22) 75 42 (3 93 27 92 25) (36 51) (23 91) (31 65)
84: 95 (46 27 34 51) 100 (20 68 50 52) 19 (56 64 42) (94 98) 23 25 75 35 (33 71) (79 1 11 8 26) (43 31) (89 22) (7 47)
85: (8 74) (23 1 68) (46 76 50) (64 27) 84 (31 81) (14 42) 13 (89 100) 95 (55 36 65) (79 70) (82 77) 12 (29 6) 83 (35 33 26) 34 19 (60 37 11) (51 73) (22 93 20 30 52) 94 15
86: (76 89 8) (1 96 33 73 68 63) 42 31 60 (21 69) (36 92) (39 98 19 95 99 79 25) (65 23) (64 12 35 85 45 84 55) (30 37 86 49) 47 (82 93) (70 81 43 100 58) 51 (52 26) 94 (71 24 74 11)
87: 37 (67 47 25) (69 80 14) (23 53 51) (95 81 93 52 12) (77 17 45 84) 49 (73 11 26) (34 43 60) (82 6) 57 (91 27) (19 87 64 92) 10 (100 46) (85 66 55 79 89 33 70) (61 86) (8 31 98)
88: (37 81 36) 68 (99 73 11 77 84 52) 47 (40 63 46 76) (15 29 35) 5 (74 94) (44 54 98 66 100) (71 79 60 24 83 65) 33 (19 34) (56 51 30) (1 20 31) 6 (14 95 89) (82 8 55 39 26 18) (25 64)
89: (23 14 63) 74 (51 26 83) (19 35) 3 (11 2 84 64 82) (69 61 49 46) 75 (31 43 33 37 95 27) (65 76 93) (20 13) 100 60 (22 42 25) (70 96) (89 8 21) (79 68) (85 36) (16 52 73 81)
90: (79 47 71) (55 15) (8 45 64 21 93 95) (26 3) (73 91) (92 98 31 96) (42 29) 36 (23 68) 11 4 37 (12 33 27) (50 89 70) 34 9 (35 100 14) (82 20) 52 (76 66 51 19 67 84) 30
91: (74 20 92) 46 (79 47) 37 (86 35 83 8) (26 93 61) (73 97 91 58) 43 (77 27 63 80) 19 (99 76) 60 89 (11 6) (29 95) (14 100 54 45) (31 68 51 33 65) (64 81) 34
92: (95 34) 64 67 (69 84 82 79 11) (46 66) (89 35 14) 27 (31 43) (40 22) 33 (87 10 92 60 100 19 50 20 37 36) (61 26) 73 (8 23 54) 28 (93 71 29 51 53 77 76 21)
93: 28 (98 92 82) 27 (71 99 23) (11 85) (77 58 100 64 60 34 79) (45 54) (97 95) 19 33 93 (76 47) 67 70 73 (10 43 46 36) (52 81 35 89) 26 6 (84 65 12) (20 53 31) 25 (68 8) 80 21
94: 80 (60 51 31) 46 (73 36) (74 69) 94 34 (21 100 43) (6 14 93) 92 (98 37 68) (29 22) (55 12 79) 35 19 8 33 (77 1) 76 52 26 27 (89 95 64 84 99 71) 82 30
95: (14 49) (6 11) 2 (73 51) 53 (76 21 19 100) 13 71 (24 42 92 89 95 67) (44 70) (74 36) 37 31 93 (17 84) (60 26 45 68) 43 (29 77) (12 46 79 64) (81 23 27) (33 98 97 52) 8
96: (23 8 20) 93 (91 29) 26 31 (33 100 74 54 80 21) (84 6 66 83) (89 7 70) (75 92 18) 50 61 (11 94 13) (43 58 37 36 46) 47 (79 45 85) (44 51 60 81) 34 35 (30 42 53) 10 (64 77) (27 98) 73
97: 75 (21 84 74) (2 82) (11 93 100 68 67 26 95 46 20 47) 27 35 1 (13 73) 66 92 (18 33 10 34 61) (64 98 31 37 44) 51 (60 70 76 42) 79 (36 91 89 8 45)
98: (93 21) 31 11 95 (100 26 68 36) 60 77 27 44 (47 34 24 23) (37 35 79 84) 74 (51 58) 70 52 33 (46 75 76 30) (98 42) (43 29 8 5) (89 71 67 61) (10 90 64 50 66) (20 49 57)
99: (58 61) 93 (6 66 19 96 36) (35 72) (8 20) 46 (10 97 84 29 42) (64 74 73 31 33) (60 71) (50 27 37) (11 51 24 23) (43 28 99 26) 68 (79 44)
100: (31 46 47) 93 (36 66 63) (44 26) (53 35 8 85 27 3) 58 (14 55) (74 82) (76 72 49) 23 20 (56 51 37 11 33) (10 21 84) 77 (34 64) 42 71 (95 73) 29 (89 24 65 60 79)
