100 100
1: (89 63 37 53) (85 8 12 16) (48 59 86 26 76) 7 (80 40 82 68 67)
2: 65 (44 47 5 51) (72 49 29) 62 58 6 27 36 48 (94 60 43 33 11 16) 84 (90 13 57 67) 14 (39 19 40) 97 (77 22 100 38 89) (76 70) (66 52 25 61 23 9) (1 4 2) 96 30 75 32 (3 56 68) (99 35 85) (86 21) (18 78) (88 28 50 8) (91 31) 64 (37 93 26 87 95 71) 55 (54 82 41 46 42) (45 92 80) 10
3: (98 97 48) (42 61 75) (47 16 90) (76 2) (3 68) (19 35 93 13) (92 28 51 66 31 46 29 12 44 39 87) (60 73) (96 8 49 32) (10 50) (72 99 89) (55 4) 18 17 33 85 94 (1 54 52) (14 40 5 70)
4: 26 (94 20 56 6) 7 33 (53 42 13 60 45 48) 92 (51 52 69 58) (66 37 70) (84 63 81) (82 93) 46 (4 95 80 3 47 8 18 79 97) (40 67)
5: (15 89) (62 91 5 81 20 94 24 65 16 3 71) (67 98 30 2) (8 79 74) (37 25 83) 85 (77 19 21) (18 44) (56 48) (12 68) 70 29 66 (28 76 82 7 11)
6: 76 (61 98) 37 (59 49) (56 79 38) 50 69 (46 22 71 44) 72 (96 74) 47 (36 63 27) (60 31 43) (2 39) (12 25) (33 18 41) 55 (99 7) (29 94 30 28 48 26 54 65) 75 (3 34) 86 (21 83 81 57 85 95 89 1) 51 23 (32 80) (93 77 70) (90 40) (17 10 9 19 4 66 8 53 14)
7: 48 (24 94) 43 (33 93 10) 13 66 7 (6 71 76 82 41 22 49 21) 80 59 53 (97 15) (74 26 17 29 28 95 19) (44 63) (54 37) (75 4) 50 (61 81 46 91) (78 36 67)
8: 37 74 (78 38 79 95 49 6 2) (94 83) 9 (48 68 10) 93 75 14 (17 18) 16 (30 52 21 36 77) (76 31 41) (23 96) 43 (70 60 15) (1 26 100 90 64 72) 86 12 (71 42 11) 45 (63 24) 34 (54 32) 82 39 (58 25) 50 73 (13 89 91 46) (61 55)
9: 46 (27 100 22 65 61) (62 66 15) (25 87 18 97 38 95) (76 75) 86 (98 94) (90 70 80) 77 24 (79 50 11) 52 (51 48) 29
10: 20 (97 4) 21 79 56 (100 70 30 98 89) (49 35) (75 46) 84 (50 26) (3 10 13 76 16 31 90 77 87 38 45 43) (12 61 57 39 94) (29 53) (7 80 40 96 25 91 42) 74 (48 23 64 14 62) 5 60 (71 85 73 36 95 58) 18 17 99 (88 2) (19 55 51) (22 59 93 27 9) 68 (33 67) (54 81) 47 69
11: (10 58 74 61) 90 56 44 (21 47 42) 78 (15 6 65 100 29) (33 80 83 26 13) 24 (41 70 82 91) (25 68) 55 (81 69)
12: 35 67 (20 92 16 51 13) 11 (100 1 71) 81 (57 65 87 77) (61 55 82) (28 23 98) 90 79 73
13: (12 3 68 31) (39 34) (43 90 61 33) 58 (10 95 18 89) 67 (32 93 87 14) (28 23) (51 53 29 94 66 37 73 44 30 70) (62 46 56 50 79) (16 55 4) (85 36 35 8) 11 91 (40 97 71 25 54 83 76) (19 80 6 47) (1 13 27) (9 24 15 88 41 99 45 81) (7 60 49) (63 96 64) 21 (92 20) 84 (82 72 57)
14: (1 67 12 35) (53 97 79 99 54) (62 13 93) 39 89 (68 71) (81 87 19) (73 7) (44 20 92) (32 9 78) 48 (90 96) 84 80 (29 65 95) (33 55 37 49 11 10) 2 52 (42 21) 3 64 46 (6 56 63 60) 69 (31 88) 50 75 (15 70 34 4) (8 40 72 76 26) (16 100) 24 (38 25) 61
15: (94 27 57 30 22 34 18 63) 46 41
16: (86 71 93) (85 94) (83 66 15 16 63) 77 56 4 65 53 90 (44 10 82) (89 36) 54 59 74 34 (5 17 64 48 47) (46 45) (6 92) (31 38) (14 2) 79 (9 87 97) 29 (78 98) (35 30 72 100 50 22 43 1) 37 (67 61 20 52) (24 95 13 68 8) 57 (75 25 32) (40 55 19) (60 26) (70 88) (91 81 96) (80 11 12 76 62 33 51) (42 21) (3 18) 39 (28 49)
17: (5 24) (72 52 51 26) (9 91) (1 61) (4 56) 76 (16 33 48) (69 2 57 42 90 20 100 19) (85 55 32 97 10) (50 92 17 30 31 80 23 79 84 53) (67 74) 49 86 22 (21 87) (15 77 75 45 99 46) (44 64 41) 81 43 (40 62 28 11 73 47 18 27) 8 7 89 (78 58 35 71 34 93 70 59 66 65 29 95 63 36) (83 98 37) 94 13 39 (38 6 3 68) 12 54
18: 43 75 (39 64 40 59) 46 11 89 47 (81 65) 12 (42 9) 79 (83 35 33) (41 80 96) 90 (7 98) (24 57) 15 (68 54 1 53 44 91 74 36 63 48) 94 (28 77 5 66) 14 (8 27 87) (52 100 13) (38 82) (86 3 72 16) 67 37 (84 6) 26 (31 49) (88 78 17 62) 99 21 (97 55 2) (76 29) (22 23) (32 45 95 71 56) 70 (60 4) (73 18) 20 (51 50) (61 10 69 30 85)
19: (81 44 40 22) 71 68 (49 63) 57 (25 80) (21 93 51) 87 75 83
20: 49 (61 83) 25 (1 11) (65 96 73) (89 17 9 4 88 29) (18 85) 26 (68 34 28) 95 (42 80 43) (64 57 91) 53 12 74 (21 90) (44 47 22 98) 35 (58 46 81) 99 55 (92 3) (2 32) 84 (67 82) 45 66 (76 10) (16 97) (94 33) (6 78 30) (38 39) (8 75 72) (100 23) (27 7 59) 52 (15 40 41) (14 5) (48 62 13)
21: (78 77 73 58 1) 39 48 (59 82 20 49) 98 (86 100 2) 22 (92 91 83 34) (15 93 69 7 64) 89 66 23 (4 56 84 96) (6 99) 21 (60 53 25) (65 54) (8 57 70 14 94) (26 5) (38 50 19) (36 41 72 46)
22: 41 10 (20 71 4) (84 5) 34 83 (43 18 21 79 92 15 98) 94 (81 85 73) (95 52 93) 1 87 66 (27 32 51 30) 23 67 59 46 (91 90 13) 31 (89 42) 2 (28 56 49) (72 19) 78 80 60 (74 58 12 53) (54 29) (47 45) 39 (9 99 24 35)
23: (91 22 52 75) 5 99 (83 76 12 78) (63 29 44) (25 41) 55 (86 74 20 13) (11 94 26) (33 57 67 77) 21
24: (40 1 25 9 33) (28 5 73 82 50 43 65 84) (67 76 80 13) (35 63 44 3 98 57 62 22 38 2) (72 8)
25: (30 88) (29 87 31 63 9) (2 53) (6 99 36 52) 56 40 14 (4 62 37) (100 18) (78 22 60 84 69 58) (35 17 19) 61 71 39 (86 3 21 26) 91 (95 68 73 85) (76 74 24) 20 (32 57 38 8) 54 (50 16 70) (55 5 65) (79 41) 25
26: (96 56 27 73 63 20 57 5) (90 14) (37 61) (60 67 89) (68 42) (44 25 38 49) (32 83) (45 98 40 72 41 24 100) (31 29 52) 74 6 82 (28 75 58) (91 1 11 65 53) 17 (93 62 92 80 85) 21 (46 51 77 10) (3 47 84 30)
27: 91 51 79 (1 70) (61 68 81) 92 (37 24) (9 72) 73 23 (62 66) 71 (2 26 34) (48 38 49 63 10 96) (88 14 56 74 90) 54 58 8 (64 22) 11 82 (3 20 86) 77 (78 32 29 87) (39 94) 98 31 (53 69 4 55) 35 (83 28 97 75 85) 76 (89 57) 33 15 (16 67 60 40) (46 44 100) 12 (84 36) (5 65) 41 43 13 18
28: 91 (100 90) 70 28 (69 85) (97 42 99 61) (8 5) (82 6 46 10 44) 73 30 (93 55 79 54 15 4 16) (66 49 77 81) (74 45) (62 68 34 22 65) 11 13 14 (57 94 27 31) (88 32 84) (7 86 29 89 87) (36 50 17) (76 95 41) 52 38 (12 53 72) (58 47) (3 33 60 96 64) (48 98) 67 9 63 26 (25 23 80 75) (78 83 37 19 35 56 59 24 1) 40 (43 51 20 71) 2
29: 87 (61 42 91 72 47 80) (70 96) (77 76) (68 51 31)
30: 3 (63 43 15) (5 77 46) (73 78) (72 1 56 7) (84 55 9 68 31) 11 (42 93 25) 94 76 (52 17 23) (70 92 89) 18 (33 99 61) 51 (48 30) (36 50 38) (45 8) (10 60) 65 37 54 4 (80 27 35 74 16 98 58 41 66 19) 100 26 2 (53 67) 69 79 (6 59 88 64 13 14) (85 12 39)
31: (98 60) 23 30 92 (24 75 50) (82 58) 72 87 (18 69 39 61 78) (35 55 19) (34 85) (8 99) (7 28 33) 26 27 (10 97 59) (31 29 42 70 63) (56 6 37) (12 14 86 36) (90 68 17 22) 96 89 (54 41) (100 2 67 65) 74 (32 44 76 3 80 20 94 91 49) 57 (52 40 83) 47 (79 95) 62 51
32: (40 31) 36 72 (5 55 37 79 57 87 74) (21 93 17 19) 100 73 (32 77 80 1 89) (35 82 61 34) 10 (70 86) 47 (96 90) 13 (44 48 7 88 95 27) 46 11 (85 4) 64 (62 83 98 30 41 84 92) 33 59
33: (22 92 69 9 68 14) (67 71) 25 (11 73) (83 50) 16 (93 29 30 47) (40 97 28 5 82) (89 4 8 91 13 57) (95 34) (10 2) (6 59 72 52 81 1 58) 42 98 (99 84 18 19 53) 38 41 (87 63) 12 21
34: (98 82 66) (61 3) (100 49) (78 86 20) 65 (68 69 75 91 96 45 58 51 39 10) 16 (14 29 25) (97 59 43 80 9 26 28 4 5) (8 15 17 40) 12 (50 57 34 56) 67 (64 21) 46
35: (48 33) 73 (52 47 68) (86 100 40 6 69) (44 36) 1 42 (97 99 43 55) (49 46 61 10) (80 32) (27 72) 4 (96 20) (77 13) (94 34) 30 (21 26) 90 (31 63 54 84 8 58) (22 87 50 19) 15 (29 53 75) 5 (51 37) (83 95 93 16)
36: (85 99) (31 100 45) (34 27 32 96 15 21) 11 (62 16) (10 74) (80 76) (79 61) (50 7) (26 13 37) 53 (2 70 60 40 47 86 64 9 8 81) 88 67 (72 30) (84 52) (5 1) (87 77) (58 89 20 51 98 90 44 54 3 59) (17 29 48 97) (14 49 63 25) (82 55) (73 23 95 12 68 36)
37: (100 49 82 21 31 6 55) (1 17) 51 (91 11) 33 (59 8) 14 13 9 68 4 62 (45 95) (99 52 60) (23 28) (46 16) (19 39 22 97) (78 64) 57 (3 84 94 24) (20 7) (10 56)
38: 15 (6 27) (81 24) (9 36) (76 44) 33 (97 93) 61 (18 4 73) (19 82 77) (99 78 34 1) 72 (57 7) 71 (41 28 30) (66 26 21 17 40) (67 69 2 46) (84 80 54 45 23)
39: 8 94 (13 17 23) (38 29 25 12) (97 70) (87 24 22 44) 96 (80 75) (37 74) (48 63 85) 32 26 47 (82 20 86 93 27) 76 (14 81 67) (46 89 51) (100 73 69) 79 (42 66 71) (34 31 5 36 52 6) 16
40: (44 62) (76 53 41 81) 60 19 (52 18) (58 45 38 12) 6 71 5 (67 63 64) 7 (23 33 69 40) 34 84 98 (90 82 72 86 10) (79 88 25 92 49) (8 2) (57 68 50) 48 28 15 17 (89 42 26 94 55) 43 14 (20 22 54) (1 29) (59 30 3) (51 75 78 65 31 61 4 74) (93 47 46 21 13 87 85) 66 (80 73 70 37 27) (24 99) (56 32) (39 36 83) 35 (9 97) (96 95)
41: (36 78 54) 25 73 2 31 14 (21 63) (80 57 50) (89 44) 48 70 (69 56) 85 53 33 76 51
42: 30 (27 24 62 97 35) 56 (32 17) 95 89 (51 64 90 18 22 85 68 65) (98 46 47 63 5 71 26 76) 13 38 7 (86 52 100) (37 9 23 55) (31 92 16 94 1 54) 53 39 (20 4) (57 83 8)
43: (79 26) (85 34) (78 83 57 65) 92 (46 44 7) (21 3 37 67 82) (69 76 28 48) 74 97 (68 96) (22 94) (56 13) 77 (55 29) (47 90) (95 86 51 11 50) 31
44: 32 (40 81 46) (37 39 82) (31 100 6 72 69 93) (3 12) 90 87 (7 8 62) 66 28 (92 11 76) (61 13 55 41 54) (17 83 51 65) (88 43 44 70) 96 (18 85 2) 94 97 34 (52 67 73 22) 23 (35 68 10 71 16 59 9 42 75) 1
45: 83 (14 26 36 54 59 99) 77 84 (2 65 22 3 88 57) (81 27) (30 73 94 52 9 55 97 78) (61 12 82 39) 11 (46 91 15) (18 29 7) 62 (80 44) 4 (6 72 10 41) (87 23 92) (75 89 60 20)
46: (95 52) 23 (43 34) (30 53 50) 77 (1 4 87) 33 (5 76) 9 (31 56 13) (3 2 18 98 41 16) 74 42 (84 57 61 39) 59 (49 64 48 80 66 82 45 65 58) 68 (93 51 10 92) 99 (62 94) 85 73 35 (37 89) (40 28 75 55 19) (70 47 83 8 26) (17 96) (88 21 78) 11 (60 63 81) 7 (24 32 72 67 27) (20 12 86) (69 25 44 14 6 97 38) 54 (46 90) (29 15)
47: 93 (4 52 68 96 74 92 88 45 11 72 40 2) 47 (27 60 57 38 19) 28 (61 58) (46 76) 23 6 (18 77) (39 62 84 1 71 16) 51 (42 90 17) (83 48 32 14 3) 86 99 (69 85 75 94) 70 (21 65) (20 54 26) 79 (67 81 64 31 63) (78 91) 10 97 (87 24) 59 (82 98) 41 100 (30 73 36 89 22) 34 9 (66 33 80 35) (53 15 55 49 8 44 56) 29 5
48: (29 14) (66 73 12 9) (53 18 65 16) (50 46) 64 83 75 (7 100) (69 54) (25 92) (89 41) (97 90 52) (31 84) (95 99) (22 15 23 42 4 55 79 45) 47 78 (60 13 3 17) (37 91) (43 1 94 5 24) (86 72 87 76 70 28 80) (93 21) 85 (20 56) (8 71) (35 67)
49: 72 57 7 (61 99) (98 3) 90 (82 24 58 91 18 45 44 54) 28 52 (71 89 96 37) (35 84) (63 87) 25 (47 76) (56 39) (83 19) (29 95) 59 (16 8) 51 (34 100) 11 (62 43) 48 (17 36) (15 80 32 2) (74 53) (31 86)
50: 44 (67 92 42 3 41 6) (11 64) (46 10 34 16 86 27) (68 72 56) (9 76 4 100) (36 65 25) (54 90 96 21) (37 26 73) (78 84 62 82 30 51 47 7 55) (74 87) (19 88 23 99 45) (98 94 29 69 5 70 77 95) (38 80) 93 60 14 24 58 (48 22 32 83) (81 71 31)
51: 98 (77 31 78) (30 59 53) (86 25 21 50) 35 34 (19 84 44 92 66 20) (32 93 91 85) (69 61 82 74 71 67 40 12) 96 46 52 14 45 (23 36 38 2 16 33) 6 (9 1) (79 41 94 87 7 39 70 27) (11 55 28 42 95 83 22 51 64) 15 (75 57) 97 63
52: 88 (20 90 80) (17 26) (95 96 8 75 70) (82 44 79 55) 39 (42 24 51 91 1) (32 48 76 35 33 46 59) 11 (74 23) (34 100) 71 89 (36 66 78 98 21) 15 85 (28 92) (50 29 9)
53: (21 55 40 36) 89 85 42 51 (100 32 57) 69 (39 22 41) (15 92) 25 (63 87) 88 77 (59 35 3 53) (67 50) (72 23 27) (24 52 28) (95 64) (33 9 2 73 30) 6 (82 54 14 31 12) (78 29 34 5) (17 65 61 46) (43 49 18) (56 75 83 99) 8 (45 98)
54: (86 64) (53 35)
55: (92 5) (16 10) 93
56: 42 (23 81 73 26) 11 (87 25 92) (69 83)
57: (4 66 20 51) (78 26 85) (48 81 52 5 28 57) 63 41 (91 94 70 44 64 46) 69 (1 6 30 60 17 3) (34 75) (50 93 74 77 84) 21 (80 14 38 97) 9 (59 76 43 25 8 27 100) (47 83 40) 65 (31 88 12 89 13) 18 (49 7) (73 2 95 29 87) (32 55 68) 72 54 (15 98 11) 62 (22 24) (16 86) (58 67 71 99 45) 79 (42 90 39 56 10)
58: (52 69 76 84) 49 (58 48 74 78) (83 43) (22 85 95 15 98 4 47) (18 90) (1 46 86 23 28) (51 41 88) (53 71) 16 (93 20 33) 87 (62 36) (10 60 17 68 38 99) 94 (7 89 13) (14 29) 30 70 (45 21 77) (72 35 42 5 64)
59: (3 84 72) 74 97 47 18 22 11 (26 90 75 28 12 20 44 88 32) 15 (42 54) 58 (95 73 59) (60 49 40) (14 5 9 10 61) 100 55 (21 67 65) 25 (41 68 8) 27 (62 4 30) 85 57 31 96 46 (83 48) (2 34 13 45 94 51) (16 79) 93 33 (37 53) 82 (86 81) (98 50 92 23) 6 (66 87) 39 (29 38 69) 24 63
60: 5 (14 72) (87 10) (76 1) 77 (48 94) 96 (99 51) 15 28 (33 4 39 17 27 49 50 62 74) (23 91 35) (25 73) 93 (97 18 82) (92 78 66 71) (2 9 81) (46 58) 65 (21 26)
61: (35 26) (46 27) 1 93 (41 11) 96 73 90 (63 32 7 66 61) (88 23 56 18 62) (95 34) 13 (24 6 40 91 28) (92 59) (89 16 45) (33 3)
62: (34 15) (52 78 69 24 49) 75 (63 83) (51 57 48 36 28 18 81) (46 31 95 60 42) (70 19 21 38) 17 33 (22 26 10 98) (5 87)
63: (63 93) (87 43) (54 77 85) 1 62 78 (53 20 76) (95 79) (98 83 17 47)
64: 4 15 (48 40) (44 41 5 17 63) 51 (100 1 79) (61 95 74 26) (93 83 18 50) 72 (38 21) (70 6) 91 (89 16) 46 94 (36 90) (64 39 47 58 53 37) 20 (42 56 24 34)
65: 47 (64 97 65 87 74) (79 90 75) 86 (93 100 49) 30 (94 42 70 63 69) 78 (28 72) (66 73 32 37 34 50 48 2) (40 11) (99 61) (25 33 43 31 53 17) (1 10 9 82) (13 39) 26
66: (60 89 80) (24 86 54) (96 93) (1 73) 82 (53 56 17) 21 34 74 (8 18 23 62) 94 19 35 (20 57 5 30 85 15) (61 37) (43 70 79) (45 75 40 33) (99 69 38) (27 50 51) (65 10 83 28 52 90) 47 (9 63) (26 76 22 42) (97 92 91 77 12) 87 66 (68 84 98 72) 58 55 46 (41 32) (100 29) (11 44 95 13 16 49 88 25 67 78 81) 64
67: 100 (47 2 60 69 21) 74 (79 1 18) 56 (61 81 88 42) (70 67 94 33 29 58) (13 62 66 20) 34 (31 77) (12 7 8 65 17) (96 39 90)
68: (88 5 38 93 63) (69 25 46 4 80 54) 96 29 (7 15 35 92 30) (18 55 71)
69: (34 50 31 29 51) (13 26) (27 10) 17 74 (42 72) (12 44 89 57) 68 (77 92) 45 30 21 82 (100 36 91 58 1) 84 (63 32 43) (14 47) 95 (8 25 73) 55 (76 93 39 60 4) (49 52) 98 (53 90 18) 83 7 99 97 (81 23 62 78 40) 94 28 (2 56) (65 87) (22 88 5 11) 69 (71 16 75) 79 (54 37 96) (38 67 9 24) 59 46 (48 64 6) (80 15 61) (41 3 66)
70: (78 12 87 100) 65 31 (17 14) (93 83) (51 5 60 8) 28 91 44 (21 4 62) 90 24 (71 80) 1 72 (35 67 88) (46 50) (19 43 25) (42 18 53) (34 61) 22 73 (48 84) (23 58) (74 41 47) (39 40 85 15 9 26 13) (64 56) (59 77 63 98 33) 86 3 (68 10) 52 (36 27)
71: (14 35 3 97 38 88 53) 32 (79 43 49) 85 (75 33 99) 73 (68 47 30 98 29 94 37) (92 48 19 22) 60 (71 100 42 91 59) 70 (25 45 89 13) 40 67 74 (55 69 7 9 8) 81 (61 50)
72: 33 10 (6 21) (54 7) (86 45 79 14 100 56) (9 11 39 24 57 50 31) 99 (73 19) (58 85) (1 61) (74 87 32 96) 72 (22 4) (76 82 71 98) (20 77 46 90) (48 42 49 28 59 23 81 51) (53 84) (60 44 88) 47 (89 30) 97 95 69 70 78 (27 55 29) (12 34 93) (16 13) (18 8) (38 75)
73: (94 5 33) (62 45 46 20 100) 91 86 27 (40 88 74) (61 13) (44 7 55) 92 (2 77 80 52 59) 21 (4 50 10 90)
74: (2 85) (12 80 44 88 24) 69 (55 74) 93 (28 47 94) (4 70 56) 61 (1 11 16) 7 (66 36) (68 26 15) 17 35 (30 63) (52 10) 9 (60 67 50) 14
75: (67 23) (71 17 84 83) (61 59) 27 72 10 19 (86 55 18 38 62 30 57) 82 (92 31) (94 6)
76: (92 93) (74 46 70) (57 61 21 94 76) (48 8 38 85 99 78 50 87) 73 33 (12 91) (64 90 14) 10 (42 18) (45 88 43 98 24 56) (19 34 97) (37 75 66 2) (28 80 3) (52 40) (79 4 32) (27 65 100) (26 83) 13 (86 30 16) (58 95 17 31) 11 7 (82 84) (72 20) (22 9 89) 36 69 (71 96) (49 44) 67 47
77: (22 41 36) 91 (13 74) 92 (85 56) 9 81 44 50 (77 54) (48 45 70) (29 35 28) 72 (23 38 57 47) (67 39) 95 65 88 (4 42 79 2 53) 6 (68 30 31) 5 (83 46 62) (20 60) 87 97 73 49 (27 16 11 80 7)
78: (11 72 75 61 6) (63 81) (53 88) (62 92) (48 82 79) 3 24 (47 15 71 64) 22 76 30 27 (52 100 58 35) (18 16 66 33 7 38) (78 98) (9 90 1 65 84 51 19 20)
79: (9 20 1 43) (86 23) 13 (39 98) (71 32 36) 72 (58 56 77) 53 59 81 62 61 (24 95 7) 48 (40 70) (38 2) (33 52 57 84 37 34) (29 42 94) (16 91 69) 27 (80 65 17 25) 10 50 49 19 (97 55 66) (63 51 28 26 11) 30 (100 46 12 22 73 6 15 74) (75 89 76 5 64 4) (21 44) (35 18) 68 88 (54 90 93) 3 (87 96)
80: (41 98 96) (83 46) (5 49 51 85 59) 71 79 (24 58 12 84 15) 7 (42 78 1) (93 81 95 55) 35 (45 50) 44 68 (63 23) (18 40 37) 14 30 (22 69 32) (97 20 73) (6 17 39 34) 11 (2 70) 56 16 (9 53 57) (80 75) (66 38) 74 61 (52 64 25 72 100 91 94 21) (26 13 90 65 19 28 67 88 54 43 4) 3
81: (14 52 81 48 34) (1 79 60) 30 (5 58) 26 (47 92) (24 77 55) (100 41 95 84 99 87) 83 (91 74 43 76 97 66 23 3 73)
82: (64 24 89 12 49 17) 53 38 1 4 (15 96 73 10 48 39 41 63 58 83 50 88 86 23) 2 (59 6) 80 98 13 19 (16 33) (94 54) 69 (29 44) (67 76) (3 20 93) (62 9 87 37 90) 11 (5 21 91 55 34) (97 82 25) (22 8) 77 18 43 45 (31 26) (14 99) (51 72) (95 78 100) 35 92 (36 56 70) (61 68 60) 81 (47 28 32)
83: (62 17 32) (42 27 4) 10 98 (90 43 64 9) (49 1 19) 2 (45 93) 20 (63 71 40 89) 37 67 (18 96 84 8 95) (60 100 24) (75 68 88 48 74) 97 (61 26) 94 78 59 (33 65 28) (57 69)
84: 78 (97 33 61 95 80) (8 55 37 77 92) (5 98 96 88 24) (21 68 74) (40 90 72 3 63 10 36) (4 1 65 56 58) (47 100 35 34) 16 82 32 (52 46 54 59 87) 19 (15 22 50 85 86 45 69 11 9) 89 28 42 (31 49) 38 (94 44 26) (18 76 83 62 67) (71 12 14) (43 99 53) (70 29) 30 (57 2 51 75) (81 79 27) (60 6 91 20 39 17 66)
85: (100 10 47 99 85 38 34) 74 (62 80) 69 (27 56) (1 51 20) (28 5 45 93 21 37) (14 53 6 65) (55 81) 73 (50 77) 12 (91 30 23 48 90 42) (84 52 75 94) 87 (29 68) (89 22) (95 79) (78 92 44) 63
86: (40 27) 42 46 (28 69) (35 56) (3 21 8 85 75) (65 1) (93 47) 32 38 (58 74 81 2 45) (82 5) 63 (53 76 98 23 29 99) 10 84 67 94 (48 73 66) 19 (11 72) 16 (43 91) (24 31 60)
87: (87 66 97 54 7) (29 51 17 83) (88 70 27 33) 8 (42 86 13) (60 72 62 61 40 21) 34 (39 47 22 26 25 67 41) 69 (85 1 59 11 65 20 3) 10 (76 16) 80 95 9 30 (18 32) (81 98 6 48 31 38) (46 79) (94 78) (73 57) (91 96 43 36) 49 75 (100 45 5 28 68 23) (50 89 2 84) (82 99 14 63) (58 71 64 52 37 53 19) (4 93 90 24) 15 (12 35 74 44) (55 77)
88: (39 40) 56 (20 95) (68 43) (51 83) 19 (8 64) (52 86) (21 12) (6 25) (94 14) (29 3 93) (36 2 77) (46 100 24) 27 (1 13 70) (88 47 62 30 76 35 49 5 81 44 98) (58 42 65) 55 61 (59 54) (78 72 74 22)
89: (58 72) (50 59 46 73 70) (21 67) (27 40 83) (26 15 17 66 22 34 38 60 33) 95 77 (76 37) 78 (25 10 54) (19 61) (24 88) (6 28 44 91) (99 80) (84 75 52 64 16 32 47) 68 90 (36 62 97 8) 85 (51 87) 48 31 (29 86) 96 (12 43 14) (4 49 41) (98 65) (63 13) 2
90: (55 31) (70 86 25) (92 75) (50 24) 73 (87 68) (88 28 81) (26 14 1 79 47 16) 46 5 (91 44) 63 (52 80 53) (51 58 40) 42 (59 93) 64 36 (60 4 8) (9 100) 19 (66 77 10 35 15) (89 62 67 84) 43 (34 20) (30 94 97 71)
91: (64 41) (34 7) (25 45 88) 91 (2 63 4 10 16 11 87 61) 98 (86 96 76 29 12) 92 99 62 (95 54 9 100 74 24) 57 (85 80 97 46) (68 14 78) (53 35) (22 83 79) (33 51 44) (32 56 13 20 40) 71
92: (62 39 7 47) (86 30 42) 100 38 5 (4 43) 2 (98 96 19) (79 88 1 95) (41 6 91 15) (76 83 75) (34 21) (90 20 59) 45 74 (48 52 73 92 26) (46 18 69 40 55 68) 44 (3 53 22 89 33 11) (35 64)
93: (93 56 57) (94 95) (32 62 90 42) (39 88) (20 64 72 80 28 87 67 77) (44 70) (97 36 82 14 98) (79 34 96 48 89) (21 52 68) (9 27 22 81 25 3 76 58 74) 41 (29 17 75 54 55) 66 65 59 (15 24 92) 6 61 (100 12 45 50) 91 71 (35 37 33 2 38 46 10)
94: (11 12 72) 13 50 88 46 91 (19 95 56) 54 (33 3 24 55) 35 30 31
95: (82 87 75) 81 (21 29) 44 45 8 (3 59) 7 (30 97 25 53) (28 61 64 37 65) (62 79 80) (69 15 84) (50 22) (85 26 77 10 27) (47 54) 40 13 34 (5 52 67 55 49) (58 51) (90 33) (88 36) (23 94 93 46) 19 (71 70 14 48 63) (66 1) 12 31 96 (100 73 83 35 92 39 18) 68 (57 86 20 43) (2 89) 41 42 9 (95 16 6) (56 99)
96: 86 (77 65 72) (48 32) (69 22 88 75) 42 45 74 37 (25 1) (64 57 49 61) 82 (78 26) (29 36 16 15 24) 54 (100 76) (66 46) (47 6 40) (56 31)
97: (22 12) 29 (3 65) (40 15 5) (10 57 99 2) (17 94 85 37 16 45 49 86 38) 79 (55 35) 31 34 (70 42 51 81 93 52 41) (27 68 14 24) (92 61) (91 13 32 25 87) 64 (63 88 23 66 78 26 74 44 77 56 30 59)
98: 83 (26 66 77 57 33 79 84 90) (12 27 65 78 32 55) 14 (43 42) (21 52 85 93) 38 (71 94 44) 74 (97 89) (24 9 64) 6 54 46 31 36 (10 56 2 48 39) (69 53) (58 99 96) 51 (95 13) (87 91 100 92) 16 (4 72) (3 47 50 60 41 22) 5 81 35 67 (73 1) 80
99: (27 9 97) (60 90 62) (72 93 58 7) 39 (22 63) 17 4 (40 37 84) (15 41 88 100) (31 87 80 67 99) (29 49 61 34) (38 23) 68 (92 91 26) (57 77 25 74 13) (43 48 24) (64 95 56 85 66 35 14) (12 11 42 2) (32 1 54 83 8 28 50) (18 86 76) (65 69 71) (51 21) 94
100: 10 (20 17) (67 93) 33 (75 65) (95 16) (77 39 6 52 64) 19 (79 11 38) (50 34) (13 89) (18 41 51 12) 30
1: (22 47 80) (64 96 40) (83 79) (63 95) (6 69) (60 99) (70 14 8 30 58) 35 (24 84 13 48 78 21 18) 26 (67 44 3) 88 (46 57) (61 51 72) (98 37 12 65 16 33) 42 87 2 (27 86 92) (85 82 81 20) (52 32 66) (17 74 38) 28 (90 36)
2: 49 (69 57 46 45 65) (25 6 77 88 86 18 89 20 28 99 16) 22 10 (91 2) 83 (30 3) (8 44) (73 84) 33 (76 14 87) 59 (40 97 82 38 31 79 92 17) (53 98) 47 80 51 (27 24) 36 (21 95) 5 (74 41 67 93 60)
3: (70 14 30 97 53) (50 18 95 17) 27 (46 2) (40 13) (81 25 84 43 34) 61 28 (6 88 10 80 26 78 37) (98 44) (86 93) (3 16 94 31 4) (92 71 69 76) (24 82) (45 36) (48 47) (79 5) (87 57 20) (49 59)
4: (18 4 64 91 6 68) (13 35 90) 47 (20 3) (34 17 38) 79 (27 14 50 60 82 21 32) (22 57 99 59) 74 73 (77 70) 7 (98 33 42) (40 28 25 46 2) (72 69) 16 89 84 (48 76) (83 80 45) (92 87 58) (37 30 10)
5: (17 23) (22 73 3 16) 34 (32 70 88 18 59) (28 27) 35 (81 21) 69 (60 39 90 97) (87 53 64 48 25) (30 84) (95 36) (50 80) (47 92 79 58 68 85 98) (20 2 46 62) (40 42) 33 10 (5 66 26) (77 55) 86 (24 57 82)
6: (31 33 46) (7 14) (39 11) (16 77 37) (18 85 61) (40 100) (95 64) 69 96 (4 28 57) 13 84 79 (89 72 50 45 93 47) 21 (88 53 59) (25 44 78) (8 51 87) (17 2 30 82) 20 (80 26) (35 92) 38 (75 98)
7: 13 48 (74 73) 42 (7 21 18 78) 80 (36 1 72) (87 45 61 20) (38 95) (51 30 46 91 32 68 92 28) 71 (58 43) (67 4 99 49) (14 69 10) (79 17) 76 (6 5) (44 50 40 37 57) 77 31
8: 5 20 (42 16) 2 (95 24 4 69) (27 21 47 82 72 34 46) 28 (86 48 59) (18 71) 35 (76 49 99 30) (17 83) (90 3) (89 14) (70 88 67) (84 52 44 40 13 1) 36 33 25 57 31 (37 6) 87 (53 66 39)
9: (93 66) (37 84 99 65 76) (51 14) (74 69 18) 17 (57 83 38) (10 33 50 25 71 8 52 45 48 22 24) (46 91) (80 60 16 34 90 98 87 53 28 70 36 59) (30 27 6) 78 (20 72) (95 42) 77 44 (40 47 2 79 13 82)
10: (93 6) (17 55) (35 33 45) (59 73 75) 86 2 (69 60) (70 16 89 26) 18 (44 84 79 97 50 83 58 85) (100 14 13 8) 47 76 (11 87 98 31) 62 (36 66) (95 37 90 91 3 22 7) (10 30) 72 65 (74 20) (27 34 57 32) (82 40) (46 28)
11: 9 (94 56 2) (44 46 16 28 50 69) 23 18 (8 99 84 86 37) (14 43) (87 80 79 65) (66 20 30) 52 59 (5 45) 51 (17 32 92) 61 26 57 (33 82) 49 27 (100 76) 77 91 (47 78 12) (13 74) 72 36
12: (76 45 57 6) (89 80) (53 17 36 66 22 28) (79 13 27) 34 (72 39) 87 (98 5 82) (94 48) 10 (100 30) 3 (46 1 20 91 33 18) 69 85 14 8 (97 44 40 74) (67 99) (93 23) 31 16 (70 95) 51 84 (88 59)
13: 79 (77 82) (7 35) (61 76 4 67 89 37 17 95) 12 (23 59) (100 30 69 71) (91 16) (70 58 97 2 57 73 32 36) 65 (44 43) 24 (46 11) 98 33 99 72 18 28 48 (27 88 42 39 87) (40 8 22 10) (66 80) (14 13) (94 20) 3
14: (60 99 36 59 10) (81 93 76 16 91 58 98) (48 89 28 50) (31 53) 26 (69 37 84 45) (85 70 34 27 97 30) 47 18 (3 33 46) 51 (95 13 6) 20 87 88 (90 39 71 74 21 80) (72 8 40 57 25 2 82 41)
15: (47 27 36 22 70 16) (40 48 7) 20 28 (9 92 99) 62 (87 68 51) 93 (35 8 18 79) 80 (74 66) (60 64 82) (53 46 97 57 30) 95 69 17 (78 34) 14 (38 13 21 49) (45 52 90 59) (58 96 84 5 11) 89
16: (58 77) (79 80 72) (89 30) 33 5 91 (16 55 74 64) (18 76) 50 (28 34 12) (49 47 69 97) (86 61 95 90 3) 87 35 (25 84 14 20) (48 78 8) (13 36) (57 1) 27 (59 66) (37 2 98) (42 44 100 10 82 17) (39 96 46 51)
17: (87 44 40 46 16 18) (82 89) (3 31) (47 36) (49 97) 37 38 (65 63) 42 (48 80 53 99 10 67 60 66) (100 76 7) (52 17 34 8) (32 93) 69 (75 26 30) (62 74) 58 (70 64 25) (84 20 6 39 79 28 83) 57
18: 5 (68 100 45 80 40) (99 31 44) (62 69 60) (83 33 13 46) (72 4) 66 (38 64) 75 (78 18 61 84 48 25) (22 79) (10 53 42) (17 95 49 15) (58 3 16) (27 47 82) (70 20) 8 57 (67 59 9) 2 (30 87 6 76) 92
19: (49 17 40) (7 14 47 92 50 86) (62 94) (100 80) (35 5 38 70 75 83) (72 84) 30 (25 10) 46 (90 28) (33 89 32 76 88 37 22) 13 (87 16) 79 (71 78 2 21 31 51) 6 3 82 (66 95)
20: (34 58 63 85) (82 36) (95 14 40) (17 92 16 48 47) (21 35) 25 100 (5 51 28 13 27) (45 31) 52 (90 4 18 37 12 91 79) (42 23 72 39 66) 10 (22 46 64 76 87) (77 57 78) (80 73) 59 (88 83 67 84 26) 93
21: 23 (21 11 13 86 66) (8 76) (38 64) 99 84 89 14 (40 10 50 98) 79 (37 36) 35 (58 34) 25 (2 51) 16 17 (73 46) 20 (60 72) (48 32 93 6) (18 57 95 80) (43 62 7 47 87) 22 69 41 (82 85 88 67) 33 19 53 (70 26) (92 52 59 5)
22: 91 93 (51 44 7 88 58) (85 84) 95 (9 66) (18 47 99) (31 62) (37 71 76 80 19 45 57 43 89 70) 48 (24 28 21 20) 50 (59 87) 16 17 35 (6 40) 23 (53 77) 15 (33 10 79) (69 98 78 92) (72 82 2 27) 96 39 97 (42 25)
23: (87 50 72 2) 51 (38 52 75) 80 20 37 27 (47 48) (66 82 53 18 58 86 56) 36 (42 60 85) (61 31) (39 69 6 30 97 21 10 45 22) 12 (77 79 44) (13 81 46 70) (8 28 17 99 95) (40 59)
24: (39 87 42) (11 48 16 69 5) (79 91) (31 18 74 88 98) 66 38 (96 90) 78 (7 46 83) (9 59 89) (53 40 62 57 72 8 93) (99 47 27 97 84) (86 25) 28 64 (17 22 76) (37 13 26 61) (82 50 81 49) (52 70 14) (80 94)
25: (88 20 60 26) 96 24 14 (97 53) (8 11) (51 46 21) (40 5 30) 16 23 80 68 79 (28 87) (50 91 89) (9 41 65 49) 48 56 (33 10 19) 70 (82 90 66 25 36 39) (34 59 93 6) 95 69 57 (71 2 13 99)
26: (89 14 43 28 79) 11 18 70 (40 45 2 57 4) (64 25 1 50) 98 62 (30 42 52 60) (17 46 82) 35 23 27 (97 76) 95 (59 99) (87 90 56 69 80 74 65 21) (96 34 61 6 92 81 47 8) 66 (83 10 16 39 7) 20 38 84 36 31
27: 9 59 (45 10 47 20 89) (6 22) (88 38 79 28 42) 95 (53 30) (13 73 26) 86 97 (35 83) (31 36 75 60 2) (15 69) (57 39 66 50 72 85 87 46 93) (32 70 76 78 51 99 18 77 98 40) (84 17 61)
28: 65 40 (89 70 52) (20 99) 79 34 22 69 (87 53 31) (58 48 18 72) (47 28 60 7) 76 17 77 (43 13 38 95 83) 66 (49 80 90) 12 (26 27) (85 16 74 84) 51 (93 86) (6 61 33) (2 44 59) 24 62 (46 57) (5 3 82) 37
29: 43 (99 28) (31 3 97 6) (25 91 16 93 87 47) 36 (13 77 9 50 46 18 88) 67 (57 68) (35 14) 27 22 (26 86 34 10 52 95 66 71 20) (72 69) (45 58 2 40 5) (59 11 82) (48 23 53 85) (33 39 96) (79 17) 89 84 (49 7)
30: (30 95 92 36) 42 10 (77 53 57 69) (58 40 6 75 97) 28 88 (25 78) (76 71) (26 79 15 46 20 22 85) 2 33 (16 45 65) 35 50 100 (5 31) 80 8 (94 90 47 87 72 32) (18 81 74 59) (17 84 66 51) (68 38) 13
31: (13 53 49 6) 96 (10 70) 86 (97 65 22) (62 67) (51 31) 25 39 (43 87) (75 95) 16 (17 90 48) (40 76) (82 84 42 77 18) (47 30 98) (26 35) (57 32) (14 37) (89 59 27 8 50 29) 94 (99 41) 69 (2 28) (3 72) (44 46 36)
32: (51 44) (59 83 13 84) (99 25) 52 (80 82) (57 91 50) (16 61) (31 40 27) 36 22 89 (65 47) (17 49 8 35) (32 87 53) (20 97) 98 (93 46 79) 3 6 (72 39 14) (71 69 28 66 2 26 76) (96 18) 86 42
33: (31 20) (72 47 65) 87 11 (61 40) 16 (52 91) 4 78 92 (3 95) (2 51 38 7) 89 (23 100 30) (24 27) 32 53 73 84 (41 37) 66 83 28 (46 82 71) (17 62) (67 60 76 59 35 79 10 18 6 94) (58 70) (14 98 13 93)
34: (99 82) 53 20 (34 35 95) (15 49 47) 8 (91 39 44 67) (17 6 80 50 27 31) (66 89 100) 52 97 69 (33 90 36 61 16 22) 72 (51 76 28 92) (38 64) 65 62 (40 46 32 57) (93 21) (59 87 43 14 70) 81 (79 85) 84 13
35: (86 32 61 68 74 18) (14 90 95) (92 94 71) 97 (54 42 78 58) (20 22) 2 (51 53 30) 80 79 88 (48 24) 46 3 60 (27 98) 16 (93 31) (13 49) 82 44 66 (12 87 91) 10 (77 47) 70 (52 40) 99 (25 17 28 84)
36: 79 38 25 7 (27 62 28 10 17 82) (77 64 36 52 93 50) (47 8 89) 88 (53 40 35 84 87 98 6) (58 74 76) 70 (32 95 13 21) (18 30 45 51) (90 31) (39 49 41 2) 16 96 69
37: (66 4 16) 42 (43 93) 71 (76 82) 27 (83 69 2) 35 28 (14 65 39 18 46) 32 (99 7 30 13) 79 (48 87 96) (95 97 8) (89 25 64) 5 (59 40) 84 (50 36) (85 17 26) (49 6 44) (80 31) 1
38: (80 86 18 51) (20 68) (71 100 25) 78 76 89 (58 28 9) (59 14 87 40 2 30 92) (33 6 98) (97 64 72) (62 57 42) (79 26 69 77) 93 85 (17 16 66) (10 39 50) (46 8) 21 75 27 (82 24 99 47) 84
39: 70 (57 8 95) (13 44 92 100) 69 84 (82 3 2 21 16) (49 18) (31 10 59 47 25 88 14 52 93) (51 80) 67 45 30 (87 46) 6 37 65 77 72 (17 27 53) (42 98) 40 99 34 (64 60 79 22) 20
40: (6 97) (76 28 34 70 31 33 25 90) (36 26 17 84) (2 96 91 89 83) 10 32 64 13 57 1 (87 24 79) (3 92) (61 35 59 66 80) 18 (53 88) 71 (46 65) 95 20 44 (38 47 69 73 40 14) (51 86) (16 99 4) 19 27
41: (53 7) (22 51 21 70 80) 20 (57 40) 17 (99 45 61) (48 13) (87 82 59 69) (30 23) 91 (6 46) 38 (100 25 33 98 50) 97 (32 81) 31 (11 93 44) (28 95 89 66 18 77 8) (27 64 15 58 2 47 26 92)
42: (48 64 83 53 40) (98 56 76 85 87 14) 58 33 (22 72) 92 46 47 8 28 4 69 (20 77 96 57 95 35 67) (59 3 50) (18 51 31 16 97 88 2) 44 (26 93) (29 99 90 30) (86 39) (62 66 70) 71 65 84 (79 11 52 17) (80 10)
43: (16 24) 69 (79 28 84 48 57 10 8 17) (82 44 70 35 66) 22 (81 58) (88 98 80) (76 2) (63 34 92 99 90 46 71 40) (30 65 95 89 6) 20 (87 49 7 53 13 18 83 27) 86
44: (79 70 45) (28 66 31 14 92) 98 76 (5 69 90 52 77) (87 36 51) 59 23 64 (40 19 44 89) 97 (32 82 17 88 57 16 74 11 95 80) 85 (41 13) (24 3 43 39 46 91 84 2) (38 50 26 93) (49 35) 27 72 6 (18 73) 47 (20 7)
45: (76 61 17 37 93) (48 20 40 36 58 97) (13 83 30 71 69) (84 87 85) 50 47 (86 26) (95 82 10 51) (57 34) 72 (80 4 92) 66 77 16 (91 73) (53 28 8 2 46 49) 22 (38 18 59 96)
46: 51 (14 35) 96 (10 22) (93 17) 70 (92 43) (90 62) (72 8 87) (6 73) (50 77) 37 58 (98 42 15) (16 57) 39 (26 84 89 61) (94 9 40) 66 7 (48 13 30) 47 69 (53 28 34 95 80 52 21) (60 32 18) 59 (76 4) (88 44 68 79) (86 91 2 27) (46 38 45) (64 20 3)
47: (63 46 67 90 84 86 89) 87 16 (57 36 26 74) (4 47) 64 (65 59 85) (42 96 39) (3 81 28) (88 66) 11 (10 18 69) 49 (43 92 17 2) (40 35 6) (82 29 71 58 95) 50 77 (48 78 33 76) 20 (98 32 31) (72 70 22) 13
48: 14 64 (27 70 49 32 9) 65 (82 2) 79 (62 1) 35 (47 50 18) (71 77 57 96) (41 98) 72 (83 39) 81 10 21 46 (30 59) (17 4 58) (7 76 5 95 89) (85 6) 87 28 36 (8 20 60 78) (3 43 92 69 99 16) 93 52 (40 86)
49: (3 21 87) (69 95 65 80 97 37 57 89 8 88) (76 19 18) (77 60) (17 28 66) (71 20 2 10 14 16 84) (22 35 26 36) (99 72 58 62 59) 47 96 7 (31 6 53) (27 46) (40 34 79 13 83 82)
50: (69 16) (90 25 34 65 93 40 36 98) 64 (8 21 57) 6 (94 80 59) 77 82 72 (13 100) (3 53) 31 (17 71) (95 52 60 46) (18 74) 89 51 (33 7) (43 84) 73 (87 70 2) (79 14 66 48 10 41) 28 24 30 (35 9 85) (76 99)
51: (47 51) (12 2 42 88) 100 (40 78) (35 27) (44 18 97 59) (87 34 16) (19 99) (9 69 3 62) (10 52 82 84) 49 (89 29 72) (80 4 70 13 79 90 37) 64 28 (46 22 43 98 91) (50 57) 95 (85 58) (36 53) (17 39 6 31 66) 26 (30 60 41)
52: (98 81) 9 (78 33 17) 20 (14 66) (28 46 95 23) 73 (88 87) 31 (100 53 26) (37 49 42 70 58 48 74 57 35 93 44) (39 8 85 16) 2 (18 4) (51 76) 84 (25 79 3 45) 69 (40 36) (22 80) 89 (47 97 92) (62 90) 30
53: 64 20 (86 63 27) (21 58 90 70 65) 6 35 10 (13 28 14 7) (46 95 92 84) (16 51) 77 (30 40) (79 91) (26 66 42 25 17 47 1 33 4) 49 (53 87) (48 41 54 72 18 71) (80 59 78 22) 36 69 98 82 85
54: (95 59 35 2) (96 57 79 45 77 36 41) (42 99 47) 14 10 (80 91 46) 88 (89 31 28 87) 84 (27 3 16 94) (72 17) (13 66) 48 (22 8 63) (30 44 49) (53 40 18) (6 93) (7 50 82 68 69 25 21) (98 38)
55: (37 47 74) (6 31 85) (87 12) (42 28) (57 95 79) (25 8) (13 16 11 43 14 82 20) 32 (97 72) (45 35 30 46 51) 92 10 (69 27) 88 (71 90) (81 75) (2 68 48) (17 59 23 3) (80 84 73 50 94) (66 36 52) (40 18) (98 93 53) 44
56: 21 5 (76 79) (27 17) (47 86 93) (41 77) 57 95 22 (98 49 18 26) 99 (61 46) 10 31 (97 37) 11 66 64 (43 2 67) 74 (94 42 69) (14 25 30) (84 80 88) (85 28 13) 70 (40 82 34 16 48) (4 6) 91 (50 72) (96 53)
57: 87 42 (97 37 10) (57 38 19) (46 66) 72 (16 25) 23 98 96 27 (45 24) (43 51) 49 69 (84 80 99) 53 2 (75 83 18) (41 26 77 34) 17 62 (91 76) 59 (95 15 93) 33 (47 79 6 21 12 20 32 13 28 40 31)
58: 36 (17 89 60 81) (64 72 25 49 28) (4 79 98 11 76 69 99 47 78 67 33 50 66) (2 8) (34 27 58 80) (31 35) 87 88 (46 86 13 26 22) (57 10 59 90 40 82 30 93 21) (20 95) (70 84)
59: 93 40 83 (75 97) (17 52) 33 (49 82) (20 69) (80 90 72) 34 (61 37 30) 71 (79 28 57 31 44 73) (7 89 46) (53 59) (22 32 88) 18 51 (36 6 16 45 70) 92 87 95 (47 10) (1 84 21)
60: 98 26 71 (30 50) (13 2) 27 (67 99 74 14) (46 18 45 83 16) (58 21) (57 87 59) 84 89 77 37 (90 69 3) 86 (62 10 31 48) (40 70 36) (22 66 4 82) 72 47 6 (8 25) (28 81)
61: (31 44 28) (36 47 95 27) (25 78 20 9) 66 69 (64 29 61 76 91 88 34 87 67) (74 2) 8 (65 45 72 7) (51 17) (32 18) (49 84 73) 83 46 (10 93) 13 75 35 (16 96 99) (3 12 40) 97 (79 26) (82 6 71) (11 59 53) 14 (38 70 80) (30 89)
62: 32 18 69 99 (20 24) (57 91 13 25 63 67) (9 85 5) (47 78) 58 27 (49 88 10) (31 2 93 87) (89 84 16 61) 40 (42 36 92 75 83) (28 70 66 50) (17 45 44 46) (59 60 79 14 95 82 26) (90 73 77 37)
63: 86 (40 90) (1 36 25) 51 16 (33 82) 64 (99 8 42) (91 83 53) (14 95) 17 (49 39 24) (97 62) (84 69) 63 74 (23 18) 79 (4 27) (78 35) 61 7 (19 70 30) (65 89) 87 47 46 (66 57) 6 (15 41 80) 26 (31 85 13) 28 (68 59)
64: (10 97 28 100 47 57) 37 (8 64 82) 93 69 70 48 (91 66 32 87 95 80 89 30) 98 16 96 (58 17 83 34) (21 18) 76 (78 51 27) (54 20) 36 2 14 92 (50 13 88) 40 65 (46 79 99 53 90 42)
65: (17 42 6 18 85) 11 28 (21 12 98) 84 (20 86) (78 96 47) (14 5 53 97) (16 80 79) (30 100) 26 (24 2 87) 59 (93 70 50 67) (88 25 43) (27 77) 60 (83 57 89 34) (48 76) 95 65 99 40 9 (69 46 44 45) (66 31)
66: 95 22 84 9 4 (81 47) (80 38 30) 99 (98 17 57 3) (2 87) 93 (74 66 44 79 16) 89 (18 27 5 96) (34 39) 40 (6 51) (61 21 69 97 86 65) (59 13) (7 28 52) (20 76 67 48 46 90 78 60)
67: (76 31 80) 50 44 (17 39 82 23) 59 (30 28) (66 75 46 10 22 40) (90 16) (7 47) (38 53 71 33) (27 57) (89 43) 77 86 (67 24 2) (93 36) 70 69 (26 84 98 1 14 12) 18 48 (34 99) 95 (13 87 20 51) (5 100 4 74 83)
68: 43 (28 10) (13 18 79 59 95) (58 37 69) (92 44 90) 19 71 (74 91 40 17 14) 77 35 8 (80 31) (99 26) (29 57 83) (3 89 93 20 30) (27 5 84) (42 34 11 82) (2 47 36 25 50) (70 88 33 85 87 1 46 16 66 97)
69: (87 56 68 67 96) 34 (98 76 62 79 48 28) 21 35 83 40 (99 44 65) 30 47 43 (25 6 18) (71 74 85) 51 (82 46 10) (69 57) (72 41) 92 (11 31 4 84 53) (86 50 17 95) (66 58) (39 14 59 33 80 38) 27
70: 48 (13 58 10) 80 (3 40 4) (50 62) 65 (5 28 89 29 66) (44 90 6 51 52) 41 46 14 79 74 8 (71 11 25) (36 2 77) (87 30) 9 (39 72) (82 47) (32 95) (97 84) (67 88 18 17) 21 76 (16 93) (31 64 57 27)
71: 38 (25 10 84 19 28) (75 42 2 99) 72 (5 52 57 68 16 71 51 69 40) 91 13 (17 27 90 83 18) (49 8) (6 50) 33 44 (93 98 95 22 48 70) (60 87 47 79) (14 58) (7 76) (78 39) 80 12
72: 69 13 (79 82 20 29 88) (70 8) (80 45) (49 3 94 60) (24 22) (86 6) (58 98 89 65) (36 64 40) 2 (46 78 21) 87 99 (76 47 57 33 53 18 17) 93 (38 27 16 30 26 44 28) (35 72) 14 (75 32 84 96 31 66) (59 48 77 50)
73: 20 59 (82 61 12) (33 65) 47 (36 46) (56 18 76 92 21) 81 (39 71) (3 95 90 13) (77 66 85) 8 60 30 (70 26 41 25) (22 32 79 38) 80 35 (48 14) 28 40 27 (17 86 53) 87 (44 50 69) (10 72) 24 (57 98 45 89)
74: (83 88 80 66 31 51 36 65) (76 5 58 50) 7 (27 30 79 70) (43 77) (72 98 96 6 73 69 64 8) 39 (84 71 92) (67 16) (86 87 25 22) (23 46) (85 59) (20 47 91 49) (74 40 52 17 11) (93 32) (99 97 81) (18 57) (26 60) (28 10)
75: 46 (93 44 57) (69 89 52 45 48) (62 2 10) 9 (47 27 6) (90 23 100 34 7) (31 20) (92 26 39 83 19) (8 66 18 40 80 86) 14 (53 87 78) 96 85 95 84 51 3 76 17 59 72 16 28 (71 79 35 65)
76: (72 9) 30 10 27 48 (88 39 96 63 50) (8 46 60) (79 18) (93 16) 43 (47 20) (24 3 66 84 38 44 2) (7 13) (6 87 76 42 36 29) 58 (86 5) (92 41) (81 28) (1 69 23) (17 99 25 89 82 31) 78 (49 91 52 57) (14 40)
77: (8 67 51 60 85) 27 (18 29) 99 17 (53 100 63 5) 2 (9 28 43) 6 81 (45 12) (72 73) (77 36 89) 47 97 (98 79 21 32) 10 (38 93) (66 69) (16 90 82) (46 95) 84 (35 30 23) 88 50 (70 96 58) (26 87) 57
78: 52 (78 23) 16 25 (14 66 21 45 41 63 30) (8 37) (31 38 70 57) (27 83) 20 (7 53 43) (80 65 82 89 47 87 50) 34 (40 96 97) 18 (69 46 2 72 88 62 22) (76 48 58 85 28) (17 11 98) (91 51 84 60)
79: 85 (52 92) (25 18 65 95 71) (90 12 59 98 87) (36 10 47) (31 16 48) (17 13) (8 67) (72 28 6) (39 5) 40 97 (69 64) (9 84) (78 81) (27 57 43 32) (80 66 14) 22 (4 51 100 63) (93 76 91) (30 77)
80: 31 (20 48) (40 9 85) 24 46 34 (93 89) (41 26 17) 38 79 57 73 66 16 (35 90 18 99 11) 14 (28 49 29 10 45) (84 50 52 68) 30 (74 87) (32 98 13 95 1) 4 70 19 82 (47 76 2 7 69 80) (77 22 6 91 36 39)
81: 86 59 50 93 84 (77 69 6) (72 67) 56 18 47 7 97 66 62 (36 95 78 40 81) (28 10) 45 (17 80 33 46 90 82) 87 (85 88) (44 79) (60 12) 98 27 4 19 (13 38 11) 22 (14 39 57 20 5 71) 16
82: 27 13 (46 59) 26 (24 75 34 43 78 95 4 87) 65 47 86 (72 16 5 66) (51 82 32) (44 37 84 8 50) (7 20 1) (69 40) 49 (38 12 45) 21 53 (60 33 36 31) (52 96 11 76) (2 39 28 93 18)
83: (44 75 53) (80 22) (56 6) 23 (33 40) (31 16 13 84 48) 20 59 76 (43 87) (8 27) (92 47 95 62 66 50) (91 49) (42 28 21 51) (70 64) (99 88 26) (19 45) 17 63 82 (18 58 5 11) 89 (69 57) (32 46) 98 (81 35 77)
84: 69 48 (14 37) 35 95 (70 40 72) (24 66 30) 57 (25 89 59) (47 13) 79 (75 87) 21 (20 38 36 46 81) 26 49 (99 33) 18 (80 27) (45 50 58 10 85 83 78) 4 (2 28 32 17 86 98 90) (76 51 22)
85: (66 41 52 76 10 39 89 97 71) (57 43 98 30 1) 86 72 (17 18 26) 3 80 32 (27 13) 44 87 31 70 (53 74) 48 (91 28 77 59) (36 2 84 85 42 95 99) (46 25) (22 51 6 47) (40 63) (20 5 58 16)
86: 89 (32 28 84 90 9) 96 (47 97 99 57) (36 1 59) 58 (31 82) (66 72 35 17 34 42 92 21) 43 73 (91 87 40 75 95) (18 49 25) (76 8) (88 6) 27 (46 51) (2 65) (54 16 50) (48 39) (23 70) 79
87: 45 50 (65 91 57) (40 29) 27 77 (12 70 90 58 66 13 76) (85 18) 31 (63 62) (28 81) (17 93 53) 22 (25 48) (33 69) (35 16 82 10 72 99 84 56 46) (19 95) 36 (49 89 44) (47 3 9 51 59) (39 60) (2 79 32) (14 87 97 98)
88: (59 83 36) 77 61 (52 13) (95 76 25 27 78 20 74 93 73) (97 28) (87 90) 68 (72 69) (80 2 66 96) (14 10 71 16) (57 46 88 91 67 84 53) (92 82 45 44 50 58 32) (18 47 94) 40 30 (79 89 99) 70
89: 83 36 45 (100 31 85 92) (21 79 33) (32 90 2 93 84 58 47 30) 6 (27 20 57) (17 64 53 5) 49 (39 1 14 26) (22 8 98 69) (87 42) (71 66 82 10 41 52 76) 72 16 95 40 28 (13 3 61) 48 18 46
90: 18 52 (28 79 11 59 44 2) (8 49 83 58) 40 47 (46 43) (16 31 82 73) 10 (84 42) (9 17 12 92) (35 80 57) (72 14 22 69 32 93) 48 (50 20 95 36 13 99 3 27 78) 6 98 (87 65 70) (76 64 89 61) (66 67 85 26)
91: (98 2 51) 48 (70 33 81 20 34 94 7 61 25) (73 37) 71 (31 57 77 27 92 86) (16 87 69 29 10) 84 (85 99) (91 5 47 52) 90 28 49 (66 26 64 21 13 76) (89 18 60) (45 80 17 93 79) (82 8) 22 (23 11 97)
92: (13 3 4) (98 31) (45 66) 30 33 2 (20 71 60 76) (93 90) (68 21 17 56 99 73) 82 (44 81) 69 (14 48) 77 (91 16) (85 26 46 78 50) 55 (22 42) 75 53 (12 92) (43 97) (32 84 51 47 52 95) (40 27) (61 59)
93: (47 68 98 8) 48 (6 95 38 87 21) 19 (80 50 28 44 55) (51 76) (39 90) (17 63 93) 82 (86 88 26 35 32 66 46 69 13 33) 99 (58 22 57) (97 65) (83 70) (4 64 2 3) (14 79 30) (61 40 7 85 60 100) 16 (74 72 59 10)
94: 87 (76 10 40) (22 58) (20 21) (42 6) (43 37) (3 64) (48 98) (31 39) (9 7) (93 86 80 67 35) (16 17 69 65) (2 71 60) (66 85 88 73 57) 99 74 95 15 (23 45 5) 18 (90 51 50 79 28) 30 (59 27 75 46) (13 82) (44 8 84 4 83 47 97)
95: 69 (10 18 37) (79 58 81) (80 20) 9 (28 8) (72 64) 82 (92 4 31 16 98 13 2) 22 (61 43) (66 50) (49 17 59 94) (25 6 35 93 88 53 83 84) 40 (62 46) (14 63) (87 89 95) (51 57) (52 99 77) (85 42) 76 (32 48 36) 7 100 33 91
96: (44 28) (10 40) 60 (80 6 29 46) 20 39 68 13 (93 16) 47 (49 83) 84 61 (43 34 79 95) 82 50 (69 14) 26 (2 21) (36 32 52 51 8 27) (72 3) 91 (18 67 76 89 92 87 35 66) (59 31) 98
97: 87 (82 79 65 83 45) 36 (81 98) (33 34) (13 40 20 18 66 3 42 59 9 35 57) 95 (48 27) (76 91 37 90 46 77) 31 (89 44) (2 4) (39 7) 10 (60 69 47) (99 14) 38 (84 93) 72 (16 51) 71 (43 17 28) 80
98: (78 34 22 70 50) (53 86 31) 80 (76 93) (51 59) (72 24 49 6 3 52) 36 (91 46) (32 9 83) 88 (58 79) 12 30 (16 18) 66 10 (47 57 69 92) 28 (63 62 5 21) (26 87) (82 20) 33 84 71 (89 27 42) (17 40)
99: (10 99) 20 (22 53) 71 35 (45 48 69) 58 97 (60 66 89 18 38) 47 14 13 (65 98) (33 31 21) (28 50 76) 84 72 82 (85 91 36 17 30 37) (46 49 25) (23 2) (87 95 6) (57 86 40 81) 3
100: (48 95 73) 72 (42 28 2) 96 (92 44 49 10 66 59) (30 9 20) (87 90 93) 12 37 (64 26 70) (67 16) (83 69) 18 85 (14 84 31) (88 71) 82 (35 78) 27 (21 76) (91 47) (52 65 79) 17 99 80 32 (98 34 39 36) (11 50 25 8 81 57 53)
