100 100
1: (77 44 56 52) 94 75 21 (70 17 36) 54 64 49 (76 92 67) 40 48 14 72 (9 51 34 25) 86 (62 43) (27 4 10 31 59 33) (58 84) (7 81) (68 97 11) (55 88 45) (39 87 2 3 38) (32 24 5 20 41) (80 82 29) 78 (15 16 79 6 47 61 85) 90 46 53 65 (30 26 99 35) 23 93 (83 18 100) (42 66) (95 98 28 69 1) 57 (19 73 12) 60 91
2: 22 42 (77 56 38 14 17 36) (61 6) (69 93 83) (44 67) 60
3: 100 18 36 (98 3) 28 (42 54)
4: (76 16) (57 52 40) 99 78 (69 91 8) (15 93 48 59 10 17 51 14) 90 (92 23) (68 41) 83 95 36 (61 33) 43 (13 55 56) 50 (77 53 35) (28 31 9 54 67 4 3 25 84 60 58 63 89) (18 24) 74 (38 47) 6 (70 19 21) 100 (66 62 88 39) 86 20 85
5: (38 97 76 98) (13 88 3 7 79 68) (15 86) (57 51 20 41) (54 64 65 55 32 50 75)
6: (5 57)
7: 53 (94 68 7) (11 43 31 13 77 85) (97 32) (33 83) (34 4) 74 70 21 (96 54 3 42 41 23) (1 79) 67 18 87 63 64 (15 59) 71 26 (37 90 50 5 45 60) 24 22 10 20 (38 49 39 28 86 66 2 52 91 29) (72 16 81) 36 (44 98) (30 56 61) 48 12 95 89 (80 100) (35 92 51) (27 75 84 6 78 9) 55 (93 46) (99 58) 57 82
8: 22 (44 25) (74 33) (59 48 8) (49 1 19 5 46 87 11 53 64 72) (13 12) (56 24 80 36 93) 29 (55 92 32 18) (81 37) (97 85 63 34 54 23) 78 67 (91 79 17 10) (68 14 15 96 41 88 98) (100 62 26) (69 73) (94 40 9) (28 4 21 75 84) (47 7) 38 (89 66 2) (27 77) (52 86 43) (42 45 65) (76 20 99) 30 31 83 (50 58 61) (71 60 16 90 3)
9: 43 (57 7 5) 87 (10 34 48 51 99 8 42) (83 89) (3 36 16) (80 54) (73 28 69 19 4 85 92 26 38 77 45 39 86 65 93 75) 41 90 (53 6 31) (21 81 100 35 98) (17 67) (59 68) 47 (2 79 29) 94 (72 70) 55 (84 66 22 27 24 74 40 88) (61 56 78 62 32) (9 96 37) 12 (49 50 44 60) 11 (18 76 63) 64
10: (16 54 45 29) (28 11) (33 2) (1 76 15 93) 22 39 60 (13 64)
11: 66 (68 44 40 50 51) 31 (14 80) 33 86 (98 91 63) (84 100 48) (13 3 45)
12: 67 (71 88) (90 34 9) (49 23 16 39) 96 (5 46 64 55 70 41)
13: (51 54) 32 (89 59 75 11 17 64) 66 (15 34 38) (98 67 80) (93 77) (19 7) (73 63) (39 83 92 96) (5 41 53) 9 (76 26) (61 84) 68 (49 62 52) (43 16 60) 35 (42 100 71 85) (65 90 95 86 40 29 45) (56 12 30 23) (78 22 97) (50 24) 44 (57 82) 20 (69 87) 18 (74 88)
14: (23 67) 48 (57 75 79) (84 81 56 27) 53 (96 11 17 26 97 33 30 94) 98 9
15: (22 15 35 40 46 16 26 24 18 29) 94
16: (49 2 21 19 94 54 46 23 60 44 64) (40 48 85 74 99 71) 16 36 (57 68) (43 93 32) 18 8 41 (52 63 1 66) 26 84 72 77 (27 7) 14 13 29 35 75 55 95 67 (3 42 56 70 65 20) 28 (86 96) (47 87 69) (5 50 81 31 51 6) (34 38 92) 45 (59 100) (4 76) 11 90 (25 53 24 62) 89
17: (22 95 33) (50 62 77 28) 85 (48 49 16) 43 (67 35) 82 (17 75 38 59 45 3 25 34 31) 76 (23 71 8) 37 29 (4 58)
18: (25 24) (1 73 22) 12
19: 88 (8 3 31 66) 60 (43 97) (38 59 41 69 85) 98 11 52 44 22 (9 63) 82 (19 80 35) (16 71) (58 77) 45 49 10 (70 17) (47 89 75) 36 4 (78 79) 94 90 (62 81 32 46 37 72 15) 100 23 (30 95 33) (28 86) (61 18 64) (99 39 13 42 40 91) (1 5) 96 34 84 21 (65 20 73 74) 48 (67 92) 87 (26 83)
20: (22 100 58) (49 21 18) 12 (47 79 19 30 20 40 32) (91 48 9)
21: (75 90 11 21) (83 55) (100 89 24) 78 (23 58) 30 (32 81 12 71 95) 51 (42 15 4) (3 33 50) 84 65 34 (69 98 82 10) (13 67 14) (41 2 91 8 54) 53 (18 79) (74 35) (26 92 39)
22: (85 75 36 72) (4 40) (97 17) (43 15 8 80) 11 (68 87) 22 67 (91 34 83 31 38 64 46) (58 9) (99 100 3) (56 29 84 16 96 60 73 61 78 59 19) 18 54 (24 47 53 90 45 71 93) (79 20 94) (74 49 7 28 10) (39 12 21 82 27) 6 86 (41 55 66 32) (57 37)
23: 9 71 15 98 29 (16 81 73) (41 88) (14 83 38 75 74) (5 39) 95 87 50
24: (8 36) 69 15 (19 67 97 42 46) 53 81 82 (92 52 31) (75 3) (43 49 25) (10 59) 80 54 (1 56 100 5 78 70) (62 38) 55 17 33 64 (18 96 68 91 45)
25: 58 97 (53 80) (68 67) (38 26 5) (82 81 62 57) (83 31 70 28) 46 6
26: (94 66 67 53) (1 74) (72 27 60 40 96 52) 81 2 18 (20 21 7 95 12 9 58) (88 32) (47 28) 19 25 (90 92) (22 46) (63 82) 43 34 (70 42 77) 13 97 45 (65 36 30) (73 55) (68 59) (62 33 3 84 61) 69 80 (51 49 86) 91 (38 26) (99 39 10 14 79 83) (4 5) 41 (71 87 85) (31 44) 23 (93 15) (78 75 11) 56 16 76 (35 57) (8 17)
27: 71 (37 13 57 5) (25 73 91 34) (83 70) (43 53 80 77) (12 1) (33 18) 93
28: (31 8) 83 (35 33 86) 89 (10 44 21) (42 76 6 91 95 80 72) (71 39 53) (46 50 28 68 84 66) (24 15) (61 52 34) (60 47) (99 94 25) 67 (97 40) (18 85) (62 81) (74 49 57 26) (100 14 11 30) 96 1 23 (36 58 98) (41 38) 79 9 59 87 (55 51) (92 90) (17 56 54 69) 2 (88 3) (19 13 5 43 27 12) 37 45 (77 7 82 73) (65 93 4)
29: (82 30) (12 75 10 98 39) (4 1) 90 (49 25) (13 23) (76 77 44 86 35) 81 (89 41 64 56 58 85 7) 63 (14 92) (51 29 17) 67 (9 96 74 22 27) (80 19 38 5 87) 91 (59 66 2 53) 99 (21 54) (57 20) 78 (79 52 55 83 73 48 31 50 37) 47 (26 24) 36 95 (42 94) (6 40) (100 8) 16 (97 69 45) (28 33 11 68) (88 70 34 93 84)
30: (85 61 79 14 56 38) 47 (12 9 22 7) 67 (74 94 98) (93 40 42) (30 52 80 35) 55 (87 100 36 64 28 81) 41 (31 69) (2 53) (57 91 13 89 18 86) (33 4) 72 39 (84 68 99 11 92 23 16 49) (17 73 20) (43 46) 48 (45 75 27 96) 70 (83 25 54 88 97) (63 5 95 51 77 37 6) 58 (21 71) (50 76 60) (78 34) (66 62 26 32)
31: (69 42) (46 54 72 11 77 58) (51 49) (31 33 34 79 75 64) 30 43 56 (22 71 66) (8 20) (70 94) (83 41) 91 92 19 59 74 (89 67 60 86 62) (84 88) (4 18) 76 (37 63) 96 (15 100 29 52 13) 23 (80 87 24) 90 14 (35 61 12) (47 65 81 2 48 53)
32: 97 100 (56 50) 44 (72 82) (83 90 8 29 47) 31 13 14 32 53 (18 5 86) (42 77 37 75 94) 78 58 (1 12) (45 67 70 92 39 21) (17 69) 61 98 (66 11) (15 25) 54 76 (55 6) 57 (36 20) (73 22) (16 79 48 95 28)
33: (9 72 36) (57 4) (53 39 26 81 45 73 27) 52 37 (30 34 51 32) (43 7 59 19 88) (54 8 16) (64 14) (93 74) (40 12 3 6 99 1 55 65) 78
34: (62 38) (5 14 31) 73 34 (12 93) (69 7 10) (56 91) (24 98) (76 77 55 96) (29 100 2 87) 94 (53 54)
35: 68 57 60 (36 59 82 40 72 94 56 50) 32 (73 61 47) (30 81 4) 51 (23 65 62 49) (97 21 8 76 39) (41 5) 3 (89 20 46) 18 (26 31 13 45) (64 74 58) (100 84) 48 (66 78) 75 (2 22 92 16) 91 99 95 37 (1 69) 52 (90 14 67 44) 96 (10 79) (53 38 85 80) (15 70) 11 93 24 12 7 (9 6 54 17 34 19 71 42 63)
36: (44 72) 15 (64 61 51) (77 50) (20 87) (60 75 23 14 54) (73 28 39 6) 82 68 47 98 (92 26) 1 (24 35) (94 5 25 59) (80 3) (88 69) 13 31 (40 29) (62 90 38 53) 45 (17 55 85 71 89) (12 27 30 78 37 81) (16 57) (43 19) 93 41 (46 8 67 56 33 86 84 65) (10 95 18) 22 11 74 (91 70 76)
37: (77 39 41) (25 40 10 33 38 26 92 67 84 50 81) 1 (85 76) (28 60 96) 37 15 (48 57) (91 7) (54 93 2 88 17 99 87 63 53 66) (11 80) (52 65 74 4 8 95 46 64) (21 70 19 94) (18 13 29 69 31 36 24 55) 78 97 (43 34 61) (72 42 12)
38: (42 77) 32 23 69 16 (31 99) (38 87 34 98 17) 35 (15 80) 33 97 83 47 (100 40 14) 92 41 68 44 (3 19) 39
39: 89 39 20 (86 91 92 96 29 11) (9 3) 58 (66 1) 65 (41 5) 28 72
40: (41 56) (26 2 71 46) 75 93 34 6 21 12 14 (69 20 61 40) (82 15 81) (3 88 89) (13 17) 39 65 (29 92) 44 (28 27 90) 91 23 (4 47 52 22 99 49 78) (5 94 59 60) 36 (37 77 32 62) (70 96 80 100 30 58) (84 72 95) 9 66 (45 42) (33 48 50 97 19 55)
41: (2 31) 59 (40 92 25) (39 19) (29 57 10) 42 (21 11 95) (13 26) 98 71 (65 69) 64 (22 84 94 70) (49 61 60 100 91 54 88 89) (52 55 67 93 99 34 38) 43 (35 45) (73 36) 33 (47 8 58 80 5) 83 86 28 82 (9 85 16 97 12)
42: 25 (3 28 82) (73 5) (18 80 70 13) (60 51 59 55 1 86) 71 (35 72) 49 24 (46 94 100) (98 57 81 10) 96 95 (21 50 53 26 12) 67 79 (63 78) (90 37 92) 44 (89 14) 87 (84 30) 74 97 29 (42 19 48) 75 (45 11 69 61 83 64) (58 65 43) 56 (7 6 31 15) (99 16) 17 (66 8 20) (54 36 47) (32 85) 93 41
43: 2 (61 9 6) 77 (33 79) (97 98 86) (46 10 64 52 71 38 1) 23 (53 18 63 62 29 11) 74 (82 55 22 32 89 87) 80 (40 41) 17 (43 72) (100 60 73) (12 25)
44: 5 (61 92 90) (95 9) 77 (55 17 64) 33 29
45: 1 (64 65) 24 86 72 81 57 (82 30 6) (11 8 62 55 74 88 51 53 98 19 16 96) (78 46 7) 33 27 22 (2 43 56) 94 (92 36 49) 59 (67 34 14 20) (79 42 76) 84 (58 4 68) (97 26) 10 (69 52) (32 75) (100 66 5 61 89) (60 93 29 45) (28 35) (13 50 77 91 63 54) 80 (87 41 40) (25 73) 31 83 (71 21 12)
46: (18 85 12) 88 (54 95 40) (22 99) 84 (72 44 28) (61 45 2) 73 59 30 (79 64 56 29 83) 37 89 (27 10) (1 81 91 58) (96 92) 68 57 (50 65 13 7) (63 21) 67 16 14 (93 76 87 49 100) 20 (38 60) 4 (39 80 47) 62 94 19 97 (6 25) 69 (86 82) (70 77 75) (53 33 98 34 23) 15 35 (48 26) 11 90 (55 31 46 17) (51 42) 5 8 (52 78 24)
47: 44 (100 38) (23 92 86 77 28 72) 59 (6 88 91 36) (41 55 33 2) 4 12 (68 85) 27 (52 89) 22 (60 34) 16 17 75 (1 19) 79 58 (24 20 90) 54 39 (13 62 46 50 21)
48: (68 59) (88 79 92) (93 72) (18 1 33 69 13) 57 (94 29 95 83) 100 (71 73 15 44) 19 (64 43) (10 82 70) (48 22 55 35 41) 50 (53 56 42) 89 39 87 (28 78 31) 49 (47 51 32 86 75 23) 99 (14 54 45 98) (58 12) (96 36 62) (60 61 3) (8 5 11) 27 16 25 (84 24 67) 77 90
49: (11 26 72) 33 (85 17 70) 62 (97 89 38) (65 96) (52 23) (91 78 54 71 1 73 16 68) 41 (81 77 50 100 43 9) (46 87) 60 3 (12 84 99) 4 10
50: (100 97 77) 28 (53 30 65) (60 58 45 48) 54 (38 68 86 74 7 57) (52 84) (50 9 18) (64 72 10 37 98 31 40 24 32 25 47) (81 19) (63 46 73 42) (49 87 16) (66 55 1) (91 41) (56 62) 88 (2 94 34 69 44 35 39) 70 (79 85) (71 43) 4 80 (99 89 75 51) (15 29 82) 95 5 (6 78) 14 (92 33 17 90) (83 22 3 96 20) 23 (26 36 59 67) 21 93 13
51: (38 1 90) (7 10 88) 32 (100 69) (85 20 67) 42 89 82 (40 52) (78 80 22 31 92 99 23 96 15 2) 55 59
52: 6 31 (67 45 76 40 91) 81 38 (1 89) (73 15 72 3 65) (26 52) (37 19 75) (41 28) (7 9 30 20 49) (62 10) 84 82 46 25 (35 5 86) (77 97 12) (11 47) (34 22 74) 68 29 70 (33 87) (79 53) 66 (23 60 39 44 21 24) 14 (59 58 93 2) 83 78 71 (4 95) (100 90) 18 (63 57 55) (17 32 27 92) (43 94 50 42 96 69 85) (64 13) (99 8)
53: 18 (25 76 32 54) (45 9 60 96 91 89 20) 8 38 70 (15 97 84) 36 (74 64) (86 94 7 77 28 16 19) 13 (30 47) 62 (61 2 29) (82 99) 41
54: (1 7 39 78 47 12) 75 (44 82) 50 86 (92 69 16) 15
55: 81 (44 59) 53 (55 58) 18 (3 62) 43 (100 29) (50 2 21 30 37 27 52 79) (11 54) 16 98 (63 9) 35 68 48 28 (31 95 90) (73 75 56) 51 61 (19 82) (99 76 89 36 8 34)
56: (60 39 64 38) 52 (29 9) 95 56 92 (11 69) 79 99 (27 74 3 46 35 66 57 42 96) 62 (71 82 10) (4 30 85) 63 2 47 53 5 98 (12 44 68 81 34 55) 26 59 (51 54 49 37 76 93) (15 58) (100 84 21) (88 32 25 14 1 33) (94 16 83 13 61) (67 45) (75 18 86 78 90) (8 22 36 91 24) (50 41 97 70) (23 20) (87 28 80 17 19) (40 73 89 65 43) 31
57: (81 68) (82 64 53 19 57 88) (65 91) (42 51) 79 92 (90 63 78 61 89) (25 50 94 71 27 72) (46 80 99 7 12) (95 67 34 13 18 44 39) (47 58) 5 77 15 17 26 59 (97 100 8 30) (36 62 86 14 54 70) 3 (55 22) (9 20 75 31 38) (40 93 43 16 69) 2 (29 74 24 49) (6 87) 96 33
58: (45 48)
59: (76 66) (52 94 90 84 16 79 10) (26 9) 24 (68 35 99) (93 88 14) (44 34) (91 64)
60: 85 (62 39) (15 20) 19 (11 2 98 97 5 25 59 89 93) (57 38 24) 96 (29 50) (16 30) (7 87 64) (40 79) (48 10 34 67 99 55 28) 3 (58 86 76) 31 (44 60) (13 88 18)
61: (97 4 59 73 8 48 77 27 45 51) (62 29 35 24) 79 (91 55 44) (56 28 65) (70 16) (21 6 61 95) (2 3 76) (18 9) 64 (33 19) 60 (43 71 83) 84 100 87 32 92 40 (93 68) (50 42 14 46 85) 82 (20 88 47 49 86 5 12 98 75) (17 22) 89 7 10 (78 13) (66 31 53 80) 15 1 (74 26) 90 34 (54 81) (96 72 52) (37 39 25) (30 67 94 23) 57 11 (63 99)
62: 1 (63 57 55 91 76 61 72 24 29) (56 81) (38 78) (59 86) 26 (15 17 35) (30 93 2 47) (60 5 92 27 90) (54 80) 84 (69 99) 48 98 6 95 88 41 (66 20) 12 (83 28 85 31 100 8) 44 (42 23 22 94 71 39 87 73 14 68 52) (21 96) (77 3 33 49 70) 75 (58 50 18) 10 (89 74) 36 16 (53 11) 40 (65 37) 79
63: (30 57) (53 11 50 94 95) (28 16 39 56 32 78 93) 5
64: 72 9 89 83 16 56 (7 27 28 40 32) (73 4) (34 90) 21 14 (52 26 47 58) 6 (86 15 81 23 67) (71 63 20 42)
65: (63 44) (42 92 4 78 81) (6 31 57 60 98) (3 36 86)
66: (80 19 26 46 85) 30 22 (10 62) (100 52 36 54) 76 74 (11 13) (60 89 50 86 70 8 82) (51 77 42) 25 48 (83 24 57 21 33 6) (56 98 79) 53 64 (73 49 41 38 39) (1 18 27) 92 (63 47 97) (43 35 65)
67: (9 31 81 34) 33 (97 38 36 94 35 40) (4 21) 72 15 (90 62 86) 68 (26 39 69 50 60) 8 44 88 83 20 (63 3 73) 28 (23 24 52) 16 (54 6 53) 27 (49 82 32) (67 48)
68: 7 27 39 (66 29) 100 (19 53) 28 (24 26 2) (51 4 43) 74 (35 81 1) 84 (46 44 95 16) (86 89) (18 73) (33 34) (91 13)
69: 21 (46 71) 86 (96 77) (35 19 23 13) 38 73 8 (63 58 93 60 92 100 3 42) 53 (55 90 79 36) (17 75) (44 22) (45 61) 91 (47 52) 56 6 (28 18 99 7 54 98) 5 85 (50 78 89 97 12)
70: (42 15) 56 (11 8) (33 37) (86 65 21 88 73 70 92 64 25 99) 58 (96 83) (91 50 95 22 16) 81 (41 72 89 14) (54 71 59 13) (51 26 69 34 6 3) 20 57 (1 77 47) 55 (38 48 32 10 82 84) (60 46 90 18) 67 76 63 (28 68 35) (31 78) (4 97) (2 36 23) (53 79 94 49) 80 98 30 (93 75) (19 29 9 66 12)
71: 68 84 (65 64 75 41 30 62 8) 66 (95 55 26 86 77 45 98) 56 60 76
72: 5 29 73 (70 95) (31 64) 88 (39 18) 12 (85 30 17 25 75) (62 57 20 2 76 50) (69 99 4 59 92 98 42 7 11 93 27 82 37 6) 16 91 28 (10 66) (36 8 55 22) (60 34 65) (26 68) 74 (9 43 83 14) (48 51 38) (1 58 52) (71 96) 44 79 78 49 (46 86) (54 41 100 77 72 3 15 81)
73: (42 77 43 62 4 8 97) 71 (32 22 26 82) 91 80 47 69 16 (92 27 30) 45 (64 98 3) (87 75 2 76 93) (58 89 40) 52 (38 48 14) (95 50 88 17) 15 (37 99 1 100) 85 (36 33 84 74 25) (28 11) 9 66 (78 90) 6 (35 67 59 23) (81 41) (46 65 39) (13 83 20) (7 51 55 54) 86 63 (96 60) (29 57) 31 (34 24 44) (68 94) (49 61)
74: (41 34 21) 2 (94 56 93) (47 28 16 19 37 31) (73 25 15) (99 4) 42 (44 1) (30 84 88) (63 46) (35 76) (48 67 81) (69 98 79 82 59) 75 (53 91) 5 (33 22 14 71) 52 (78 27) (72 10) 77 11 (26 12) (80 50 23) (7 85 9)
75: (42 63) 29 (80 33) (88 60 20 30) (84 23) 99 (38 100) 18 (58 40 92 57 54 14 11 86 71) (48 98 28 70 39 49 21 95 61 93 41) 87 (36 75 12 51) 27 (62 67) 24 (68 52 47) (19 10) (44 35 16 81 97 56) 46 15 25 64
76: (65 36 47 23 68 70 14) (51 64 44 56 75 17) (97 77 20 94 80) (4 93) 46 (54 84 92) (66 55) (39 98) 10 (87 30) (62 83 38 48) (85 95 71 90 22 100 35) (13 99) 28 (24 21) (96 60) 31 19 69 (79 29) (5 16 88 78) (26 43) (72 6 40) 76 63 33 (49 81 2 53 18 59 27 32 37 67) 9 (82 34 7 25) (73 3) (42 8)
77: 14 (47 33 44 32 35) (9 26 15 70) (69 41 36) (17 71) 78 (73 38) (12 22) 75 2 (20 56 6 67) 40 (11 83) (74 57 85 88 7 93) (65 34) 76 91 (72 79 55 52 84 66 98 63 23 39 29) 46 (18 96 21) 59 53 50 (1 37) 77
78: 74 (83 72) 38 (13 54) (81 64) (35 60) (87 32) 59 27 (36 99 71 66 29 15 18 31 55 46 88 78) (61 42) 58 (95 34 21) 69 (89 85 41 7) (92 39) 28 (47 23 73) 45 (6 77) (82 19) 70 26 63 50 14 (12 33 84 94) 9 (5 22) (86 100 43 49) 3 (67 93 20 97 57 48 76 79) (24 1) 11 (44 10) 4 62 53 52 (17 51 8 16 40 98 2 96 75 65) (68 91 80) 25
79: (35 71) (2 6) 29 (45 64) 77 91 43 93 19 99 36 (89 30 58 55 78) (16 60) (68 94 20 39) 23 (25 59 8 44 31 66 17 67) 73 (38 88) (61 98 12) (9 81 92 27) 42 (95 97) 49 87 (74 79) 5
80: (46 74 41) (8 67) (12 1 13 48 52 24 68) 50 (6 91) (59 4 62 85 94) 31 (45 88 30 36) (32 27) 70 14 86 72 (57 16) (65 100) 19 (22 37 39 95 42 9 80 60 82 28) 18 (43 21 53) 63 66 (64 99 34 47 10 87)
81: (45 70 83) (75 1) (14 99 63) (24 21 27) 97 73 (43 20 6) (16 57) 54 (56 51 74 81 61) (18 84) (36 10) (38 66 87) (19 69) 39 (29 65 94) (82 55 76) (58 34 52 47) 89 11 17 (8 4) (100 68 78 41 60 86 13) (64 33 53 85) 2 (32 95) 88 (96 5 91 37 35 30) (15 44) (28 40 93 23 26) (7 25) 79 59 (49 48 22) 9 (80 90 42 3)
82: 1 (8 15) (34 97) (71 62) (22 7 12 69 88) (46 3) 87 45 (79 92 41 19 31) 67 (28 33 16 63) (13 18) 74 72 90 58 (6 26) 57 73 95 (64 61 20) (24 40 36) (81 66 99 47) 82 (51 38 21) 84 (56 60) (2 54 9 32 98 86 25 39 93) (89 52) 50 (55 70 23 35) (48 37) 80
83: 47 (75 83 27) (84 51 40 64) (69 12) (54 8 89 26) 74 7 39 (35 65 67 3 17) (56 76) 46 90 (6 72 70 93 63) 30 (42 99 23) (11 91) (86 1) 9 (60 16 38) (15 100) (71 14) (32 95) 98 96 97 (48 19 82 44) 21 (49 36 81)
84: 24 78 (39 93 3 10 74 87) (58 60) (13 64 80) 100 54 (57 82) (63 23 56 61 67 38 42 9) (44 18) (16 76) 41 (30 26 48) 73 (12 32 89 99 45 83 79 59) (86 22 25) 81 (75 8) 90 92 (5 35 68 43) 33
85: (88 26 4 36) (67 39 53) (45 96 90 40 20 14) (5 3 2 50 41 32 8 98 61 23 12 66) (73 28) 30 (52 71 19 76 89) (77 21 56) 9 15 (49 80) (82 68 35) (42 69 46 87 11 63) 84 (24 48 54) (38 97 44 91 86) 74 (59 16 62 95 100 29 31) 7 (75 79) (93 6 51) (64 13 18) (1 65 55) (47 94 34) 17 (27 57 70 10 37) (25 43) 92
86: 73 12 4 5 (44 74 93) 88 38 40 43 96 (30 68 22) (82 94) (86 58) 27 (6 76 39 36 24 78 97) (84 80 17 35) 26 (7 98 23) 18 8 71 54 (83 37 63 20 25) 51 45 (41 32 65 55) 47 (81 62) 57 (67 69) 28 (89 49 61 79 64) (34 90 66 53 10) (99 87) (50 72 19 15 92 100) 56 29 (21 1) 42 (16 91 70) 85 (3 11 52)
87: 37 76 (83 50) 70 26 (33 95 88 99 38) (91 11 81 55 61 49 92) 29 (93 48 79) 67 (36 100 68) 78 (13 20) (30 14 45) (22 52) (69 10 63 72 2 73 34) (71 74) (46 64) (47 80) 59 65 6 (90 87 25 77) 98 (58 89 15) (62 1) 28 94 (53 86) 56 21 23 (40 39) 85 8 (75 51) (82 7 32) (42 31 17 16 57) (43 84 18) 97 (66 3) 54 (24 9) (4 12) (44 60) (35 96) (5 19)
88: (21 5 78) (87 25) 10
89: (43 70) 2 44 84 69 31 (45 23) (81 14 10) (59 50) (47 64 82 22 41) (24 71) (73 62 42) (34 89) 15 (37 83) (86 80) 13 (33 68 16 40 100) 21
90: (9 36 44) 51 80 (2 70 78) (98 54) 32 (93 74) (60 86 82) 8 (31 3) (65 95) (89 90 20 47)
91: 15 (60 71) (99 57) (62 32 93 3) 16 61 90 (82 49 100 24 53 22) (74 92 43 10 79 41 5) (26 6 44) 70 (89 84) 78 68 1 (37 72) 47 95 25 48 77 7 21 (56 66 30 17 75 33 20 64 69 87) 12 50 (58 88 35) (52 36) (39 38 9 40) 65 (42 54 83 11) 27 23 (14 73) (67 98 19) (63 51 55 80) (8 94 45)
92: 49 (37 24 4 32 85 57 51 30) 10 (61 86 47 12 97 99 23 74 78) 3 20 (19 11 96 98) 67 68 (14 92 66) 72 (18 95) 28 65 73 (76 22) (75 33) 26 (44 83) (63 36) 84 34 (13 69) (9 91) 25 52 (43 5 80 77 41 29 81 38) (71 7) 70 59 42 87 (54 93 88) (1 6) 60 2 (82 89 94) 56 53 (79 48) (17 100 55) (8 39) (58 27 64 46 16)
93: 42 64 (79 82) (49 74 77) 19 (10 28 80 31 73 41) 67 65 (88 90 70) 38 39 (51 71) (45 24 13 94) 40 (25 50) 97 (53 83 43 18) 98 52 72 47 8 (4 68) (11 23)
94: 97 (95 64 48 33 87) (8 80) 92 (89 57 46) (44 61 72) (42 14 17 36 32 50) 73 (13 90 54 69) (15 38 24 60) (85 81) (28 79 41) (68 1 31) (34 47 35) 93 (12 75) (76 78 51 82 52 56 100 19) 39 (22 83 70 7) (71 74 9 84 91 10) (59 18 96 63) (88 62)
95: 28 (44 22 20 74 8 90 71 47) 99 (78 32 30 9) 62 (18 87 76) (11 10) (16 61 96 26 23 82) 67 (54 63) 51 (80 46 40 2 73 19 48 98 97) (84 24) 45 (13 79) 70 (59 66)
96: (30 62) (3 79 43) 31
97: 12 (97 91) (50 78) 35 (19 70) 51 (47 90 95) (56 81 43 27) (22 80) (32 9 37 11) 18 8 (77 82 54 86) (34 49 42) (16 94 30 45) (24 10 38 79 71) (65 7 83 15) (13 84 64 66) 98 93 (44 17 23 14 60) (76 21 100 3 57 20 52) 55 (2 67) (33 6 73) (96 92) (58 41) (31 46 59) 28 (25 88) (5 85 61 89) (69 39 29)
98: (82 85) (13 58 76) 56 (72 79) (74 19) 23 99 93 (80 37 24 95 32) 22 (30 39 26) 28 (84 69) 6 17 (2 60 86 9 91) 52 (31 33 34 41) 97 (8 18) 64 98 (49 70 11 53 59 15) (78 25) (67 96 1) 45 (50 14) (3 88) (71 77 36 57 89) (61 75 12 20 68 94 73) 48 (44 87 62 55 51 43) 4 63 (92 90) 38 46 81 (10 65 7) (16 40) (27 100)
99: (49 21 82 33 20 84 95) (44 96 63) 42 (4 43) 98 27 24 22 (31 59) 2 11 (30 58 60 10 66 5) (85 15) (51 74) (13 67) (97 38 56)
100: 43 (2 61 90 88 8 86) 99 (52 98 63 45 36) (18 73) (59 49 51 48 3) (56 83) (96 13) 81 (30 17) (91 50)
1: 73 27 (70 32 50 62 51) (78 91 29) 7 (82 77) (86 72 98 26 35 54) (87 28 37 81 45 85 16) (42 49 56) 48 (68 18) 94 46 (80 74) 1 24 (83 19) (52 33) (47 61) (8 43 10) (92 66 36 39)
2: (76 46 43 55) (100 60) (53 47) (61 50) 92 (82 98) 70 9 (79 35) (45 29 81 8 16 74 40) (57 30 51) 89 87 (78 77) (99 26 31 90 21) (68 34 10 37 1) 73 (62 28) (7 56 41) (97 72 95 52 85)
3: (78 35) (57 7 28) (70 24) (86 60 90 1 96 83) (56 39) 52 (16 8) 97 22 (85 17 21 72 55 48) (3 84 19 87) 82 (100 4 33) (9 91 49 11) (62 76 81) (40 50 61 5 67 26 73) (36 69 98 92 38 42) 65
4: 92 (81 16 45) 68 (22 4) (56 86 29) (28 76) 70 40 (50 47) (78 61) 35 26 85 (99 1) (65 37) (7 9 64 80 31) 98 (52 46 17 21) 33 (72 73 87) (19 8) (67 30 74) 93 49
5: 88 (81 26) (62 72) 16 91 (13 23 29 57 39 42 63 24) (41 74 85) (69 56) (78 97 35 48 6) (84 44) 9 (92 19) 32 (99 86 1) (45 36 28) (34 46 30) (50 8) 87 25 (40 52) (27 7 12 60) (61 79 76)
6: 76 (62 80 43 77) (92 86) 66 (81 9 85 67 45 35) 2 (52 47 83 36 33 70 46 28 98) 91 (30 7 97) (29 4 1 22 61 25) (72 69 79 73) (78 65 57 82) (40 50 87) 42 (32 16 64)
7: (5 51 26) 73 (81 77 94) (42 9) 61 (30 8) (91 34 85) (16 1) 97 (7 86 52) (64 82 83) 50 (72 28 13 78 53 22 45) (60 98 35) (54 74 68 87) 92 (57 37) (69 76) (33 29 46)
8: 82 (33 80 91) 92 (73 16 67) (26 8) 62 (52 97) 98 (45 70 42) 69 29 (87 57 4 95 53 86 32) (41 83 37 71 72) 55 (76 94 78) (35 24) (93 19 81 17) 84 (28 100) (56 22) (66 48 46) (90 21 31 36 85) (61 79) 9
9: (82 12) 57 59 44 23 91 (92 7) 4 97 28 77 61 (84 80 13) (8 53) 64 (70 98 95) (50 29 9) 19 (22 49) (30 90 67 41) (85 79 35 33 55 78) (81 20 39) 14 73 (43 72) 94 (83 56 74 1 52) 87 40 (26 76)
10: (87 70 9 88 46 41) 49 (72 92 56 93) (95 86) 35 (62 29) (59 21 50 22) (66 52) (36 84 75 81) (28 60) (34 24 48) (42 51 37) (98 45 7 74) 89 4 (1 99 91 97) (94 43 85 26 76) (61 19 80) 8 78
11: (81 14 28) 91 8 60 (72 98 39 83 7 37) (55 35 46 99 29 1 56 95 21 85 41) (32 9) (13 73) (63 74 62) 78 75 (61 16 97 77) 10 92 52 26 (45 43 49 87 93) 70 86 (36 48 66 31 22 30) 42 19
12: (87 82) (21 91 13 70 69) (98 36 20 78) 79 7 (72 26 56 75 8) (85 77 84 62) (86 18 43) 45 57 (94 92 27) 1 (47 42 28 49 22 31) (40 9 32 97 34) (54 33 61 37 52) 46 48 83 (80 74 29) (35 41 30)
13: 52 41 16 (94 26 66 81) 93 21 61 50 (78 82 8 56) (87 45) (92 30) (32 42) (48 53 10) (31 76) (46 84) (37 85 100 89 60) 47 40 (57 11 69) 29 98 (68 19) 7 (28 27 5) (35 95) (97 73) 70 (99 4) (36 80)
14: 8 (52 33 61 50) (56 1 97 75) 46 (57 40) 23 48 (26 98 78 74) (2 59 38 81) (21 31 80 72) (11 45 73 92 4 87 16) 35 (29 91 36) (94 76 32) (64 85) 83 (70 42 34 62 89 77 30) 28
15: (75 53 52 10 78) (60 21) (26 40 38) (86 72 70) (61 46) 7 (23 89) 98 1 (22 67 91 19 99 56 83 32) (64 48) (15 35 82) (87 94 4) (13 54 74) (42 8 85 57 37) (51 31 73 81) (28 24 5) 62 36 97 (50 77)
16: 41 (63 4 81 60 59 1 35) (26 82 17 29) (13 38 67 76 56 33 57 86 80) (83 55) (22 75) (9 64 47) (46 91) (48 70) (85 10 68 61 12) (97 45) (78 89 16 19) (32 98 74 54) (42 95 73 30 49 36) 79 (53 84) (72 23 50) (8 87) (15 7 92) 62
17: (62 22 46 83) (40 2 79) (17 86) (26 44 24 32 1 36 35 9 14 19 29 49 38) 37 (76 87 85 8 13 42) 50 (78 30) 73 (4 91 56 57 81) (94 77 100 52) (28 92) (98 69) (72 61) (47 43 97)
18: (36 35) 80 (50 32 97) 62 (94 8) 24 19 (70 87 37) (76 16) 60 78 (84 55) (13 68 72) (30 86 95 75) 3 (27 42) 22 100 (4 56) (53 31) (66 52 92) (57 26 1) (28 77) (82 7) (21 98) (43 61 20) (81 15) (46 93 85 48) (9 69)
19: 16 (91 55) 94 4 85 (26 9) 93 (37 20 61 29 42 74 95) (35 28) (40 24 53) (47 33 68 78) (1 13 87 80 50 57) (81 46 79) 92 (31 83 86) (38 48 70 22 69) (19 66 76) (60 75 36 41) (97 56) (45 52 98) (82 8)
20: (95 97) (56 61 75) (19 57) (20 5 16 4) 8 (13 26 40 78) 62 (87 91 39 85 35) (60 22 31 64 72) (50 67) (99 92 51) 77 (82 42) (52 1 98) 36 79 47 (76 53 29) (7 32) (46 90 86) (73 81 45 70) 30
21: 8 (74 89) 56 (42 9 55 66 21) (70 88) (61 19 4) 41 (77 78) (75 87 37 82 29 97 28 50) (86 91) (69 22) (1 62) (81 52) 83 (67 35 99 64 85 26 47) (16 46) (45 40) (76 32) (80 7) (20 30)
22: (66 97) 32 (73 18 82 20) (84 70) (13 7 17 51) (77 22 29) (48 91) 10 (72 61) (30 87) (2 45) (47 92 94 86 52) (19 9 80) 99 (95 89 50) 76 (74 26 15 43 40) 81 (78 8 98) 69 (56 62) (41 36) (46 57) (31 35)
23: (87 75 13 56 7 62 1) 47 (86 85) 21 43 69 (84 30 26) (98 4) (91 51 97 31 36) (38 8) (40 28) 67 (82 73 50 95 17) (76 78 49 46 64) 52 79 (81 77 35 70 74) 16 (48 29) 93 (14 89 83) 19 (61 12 92)
24: 86 (82 4 34 98) (59 13 76 60 62) (15 46 91 97) (81 36 7) (93 73 92 47 37 31) 94 (78 61) (80 35) (56 68) 45 (42 50 87 85 48 9 29 1) 66 22 8 (84 28 18) 95 16 52 (75 89 57) (21 99) 67
25: (24 91 1 52) (46 26) (48 56 42) (50 73) (61 32) (87 84 78 82) 79 17 (30 74 60 4 43 97) 72 (8 37 57 70) 93 (88 27) (18 53 28 36 41 66) 29 16 (75 86) 92 (76 81) (98 85) 45
26: (91 21) 37 (14 19) (35 46 29) (40 68) 83 82 81 61 (41 59 72 42 95 8 67 30 66) (57 76 7 62) 78 16 (36 85) (26 52 73) 87 (70 15 92) (25 98 77 33) (74 84) 64 (1 13 49 56) (45 28) (86 71 50 9)
27: (47 14 83 26) 16 46 (98 78 97 75 22 99 62 9 91) 28 30 40 (74 29) (92 57 85 68 86) (72 45) (1 76 7 52) (73 79 8) 80 (64 61) 81 (33 66 55) 48 (36 56 67)
28: (63 78) (92 9) 81 (50 36) 25 (74 86 61 69) 55 93 94 10 37 70 (30 97) 8 (22 64 72) (41 68 76) (28 39 62) 95 (80 46 26) 98 (47 52 17 82) 60 (75 19) 53 3 (32 40 7) (67 42 48) 85 16 45 (4 29 1 73) (56 87)
29: 87 46 37 43 70 (56 61 16 9 50 79 86 7) (10 62 60) (57 31 97 52 17 13) (1 36 68) (34 22) (42 41 85) (92 78 76 44) (32 8 39 72 48 23) (73 75) (40 53) (77 15) (55 45 81) 29
30: (83 70) (29 75 52 71 45 84 63) (81 8) 19 14 (7 73) (35 33 26 55 87) 60 (95 31 92) 13 46 97 (79 36 57 72 1) (76 74 30 91 86 66) 42 56 (62 96 20 100 50) (53 99) (21 28 85) 98 (61 40) 80
31: (51 85) (74 72) 26 (35 38 46 8 93) (99 90 80) (48 98 52 29) 7 (87 31 97) (16 34) 4 65 (94 17 73) 1 (41 62) 30 (76 42 60) (89 82 61) 11 (50 22) 28 (36 24 37) 79 57 (70 67) (9 78 55 25 45) 96 (19 56) 32
32: (26 84) 78 (77 81 20 52 83) (70 73) 64 (82 76) (95 98) (92 97) 30 (35 53 16 56 80) 22 63 (43 50 40) 8 (87 1 86 32 85) (51 9) 33 (21 67 61 45 13) (5 90 91) (7 19 42) 38 (94 48)
33: (41 97 73 48 40) (75 30 7 21 14 77 26 56) (8 67) (84 36) (87 31 38) (91 19 50) (49 27 43) (44 52) (66 68 92 47) (10 98) (78 24) 28 (99 45 89) 81 (37 94) (61 46) 74 (4 11 70) (29 62) (57 1 17 82) 76
34: (94 35 74) 67 (33 21 61) (55 19) 82 60 (87 86 9 57 46 47) 78 (13 52) (50 38) (77 22) (31 8) 98 (72 81 80 89 85 1 30 7 12 56) 68 16 (29 76 70 97 34 17) (28 73 41 26 45 40 59) (64 27 92) 37
35: (26 68 70) 29 (74 30 78 1 46) 62 28 (17 94) (86 67) 31 15 (50 91) 97 (13 9 87) (66 48) 59 42 (61 7 4) 36 (77 19) (21 16) (41 52 75 38) (83 81 85 45 56 82) (73 79) (69 55 84 76)
36: 100 (79 86 90) (92 28 40) 45 (2 94 7 73 65 9) (70 67) (33 98 78 35 81) 4 (56 30 1 83 85 48) (3 62) 26 37 72 (91 77 57 32 42) 8 19 (75 69 76 55 50 87) 41 (24 66) 29 (53 47) (80 22 16) 82
37: (46 40 7) 74 (77 17) (50 89 56 91) (36 33 32) (22 19 70) (80 52) (97 29 87 31) 98 62 (9 61) 73 (76 8 27 81) 42 (37 86 72) (82 92 28) (30 35) 55 85
38: (5 72 69 82) (34 26 19 60 7 23 51 37) (87 86 1 57 75 79 98 49 47) (66 94) (77 76) 25 29 93 (28 91 62) 43 (16 17) (46 13) 52 30 (83 2 85 50 78 9) (38 41) 36 99 92 (35 56 4) (97 70 67) (22 53 73) (24 84) 81 8
39: (84 62 97 28 19 7 47) 81 91 (37 48 83 80 21 73 39 54 98 92 72 50 82 35 87 32) 36 (61 30) 10 68 22 (23 57) (94 52 12) 40 (86 41 78 76 85) 63 46 (79 33) 93 67 77 (9 4) (60 66 38) (26 56) (13 29) (75 1)
40: 13 (29 43 1) 64 87 4 (38 28) (98 56) 52 36 (62 11 33) 60 76 (61 9 93 86) (82 73 19 75 35) (15 22 77 20 16 91) 37 (81 85 95) (51 41) (26 50 78) (46 89) (45 83 30) 57 (8 40 67)
41: (19 37) (66 97 43) 22 (56 13 48) (77 75 7 4 50 45 31) 52 (81 35) (70 39 26) (23 1 82 93) 12 (49 30) (80 9) 74 (98 78) 40 36 47 (72 94) 5 (38 42) 53 (62 86) 73 85 84 16 (71 92) (29 91 8) (28 21 89)
42: 30 21 13 3 (50 8 42) 57 (99 73 7 62 37) 93 38 9 (31 64) (81 28 19 92 86) (74 41) 78 91 (87 69 29 32 79) (85 52) 61 (75 70) 2 (94 40) (66 76 35) 65 97 83 48 (80 1) (89 84 72 24 45 26) 46 56 16 51
43: 96 (37 61 56 72) 41 (80 81) 9 (19 99 68) (43 27 45) 50 (42 78) (26 49) (31 24 52 1 66) (13 86) (30 33 100) 4 (73 84 79) (93 48) (36 98) (55 92 8) (91 87 76 85 57) 17 (89 97 22) (7 28) 16
44: (9 65) (1 89) 78 74 (91 8) 97 (19 60) (72 52) (87 50) 95 (90 40 81 35 57 92) (38 59) (26 62 79) (29 94 85 11) (13 75) 84 86 (36 7 99 76) 67 (55 32) 83 28 42 (54 2 69 56 47 46 77) (48 98) (73 68 61) 16
45: 46 (40 13 33) 95 (50 79 35 9 87 8 45) (85 84) 81 98 (48 11 73) (19 91 52 24) (61 10 80) (1 28 86 42) (71 69 53) 22 41 29 (7 30) (100 97 78 16 56 26) (58 36 93) (89 17) (82 32)
46: 19 (12 47 73 85) 74 68 (49 61 30) (66 82 43) (87 25) 70 76 (97 75 94 92) (45 52 40 69 28 8) (95 37 80 22 7) (83 77 15) (35 16 50 1 26) (42 36 98 46) 56 31 (57 24 78 72)
47: (30 36 54 75) 95 (90 32 4 92) (42 53 91 20 86) (22 56 61 26) 38 28 64 (8 76 41 78) (82 35 19 31 85 87) 1 (9 70) 89 97 52 (57 81 40 83) 94 (46 69 16) (80 74 77 62) (66 48) (29 50) (93 73)
48: (50 100 95 62) (55 42 31 80) (84 81 75 9) (30 83) (40 16) (29 98 82 8 87 76 14) (78 35 73 7 46 74) (66 4 37 85) 58 (17 1 19) 92 32 (11 70) (20 91 60) (48 94 61 72 67)
49: (99 35) (61 17) (70 81) 86 (41 46 16 24 31) 83 (45 57 75) (67 98 8) 100 (7 48 19) 40 56 85 93 42 20 50 (87 62) 28 (29 22 76) 73 (92 78 12 1 52 91 79) 72 (30 26 9) (13 97 66)
50: 69 (94 70) (77 5) (42 32) (87 98 89 17 78) 97 54 (29 36 100) 82 55 (47 62 48 73 67) (74 35 21 56 91 49 4 7 57) 45 (13 61) 8 (16 28 40 9 50) 30 85 66 72 86 (23 11 46 37) 52 60 (80 93) 63
51: (21 28 76 83) (45 82 100) (72 98 91 4) (94 95 9 81 75) (16 70) 55 (7 92) (33 29 31) 61 (86 68 85 1 90 56 97 11 48 36 87) (13 26 57) (78 46 30 73 50 35 99 5 42 93 66)
52: 87 (69 64) (78 31 94 40 55) (66 29) (92 1) (7 30 85) (37 16 91 56 80) (13 47) (43 49 51 52 100 86) 45 (77 4 28 62) 82 (97 93 8) (74 46 61) 35 (59 67 72 75 41) (19 50 26 73) (24 98) 81 33
53: (68 33 48) (36 7 28 50) 32 (13 55) 46 67 (93 25 4 69 34) (52 92 21) (62 74 61 1) 14 27 (98 35 9) 76 (24 31 8) 86 80 43 (45 22 16 85) (37 56) (66 87 77 63 81 78 29 42) (26 30 91 57 70)
54: (78 29 41 37 22) (81 45) (49 85) (62 83) (87 70 73 82) 53 (94 4 91 76) 13 57 (95 28 8 90 5) 42 9 (55 92 97) (48 35) (34 72 47) 75 3 (36 46 16) 21 (1 31 66) (24 61 7) (69 32 67 86 84) 30 (50 56 10 33)
55: (81 48 60 32) (69 43) (98 85 52) (8 29) (12 70 71 45 91 87 1 33) (57 82 62) 30 (44 50) (51 40) 78 (92 24 47 37) (77 26 22 5 21) 73 (28 36) 76 (16 79 7) 34 (55 61 42) 46 (86 41 4) (56 72) (97 9)
56: (97 40 56) (31 92 42) 75 (4 55) (74 86 28 32 16 26 84 94) (66 24 63 45 50 91 77 81) (8 83) (30 14 22 85) (48 35 34 82 87) (70 100) (71 98) (76 46 61 36) 99 (9 62 29) 13 2 69 7 (64 1)
57: 30 (66 78 70) (57 32) (7 61) (26 37 42 63 41 86) (28 27 98 4 56) (14 16) (75 52 36) 48 (25 5) 33 60 84 (45 29 91) (13 94) 85 80 (62 1 35 87) (82 81 73 9 77 22) 6 (72 92 46) (50 65 97)
58: (70 72 55 1 25) (84 57) 8 62 (75 97 40 81) 69 (52 87) 31 (19 48) (17 98) (82 92 22) 30 7 (42 21 99 47) 91 73 50 (46 60 32 20) (39 78 56 28 41) 45 35 (4 79) 64 (86 29) 26
59: (17 52 77) (74 35) (95 46 80 81 33) (13 92 97 36) 1 (98 79 48 78) 31 (24 7 47 62 41) 4 (99 94 89 100 22 45 85 8) (57 70 60 40) (9 72 73) (50 87 84 56 28 42) 16 (76 26 29) (51 55) 19 61
60: (30 45) (65 62) 42 (26 31 22) (53 9 83 13 41 56 91 48) (36 60) (19 1 79 43 97) (98 46 67 4) (92 73) (66 52) (16 2) 69 (81 8) (61 99 49 70 84 71 76 94 50) (47 28 40 10 35 82 80) (75 37 90 7 78 87) 72
61: 62 (81 86) (35 8) (95 45) (44 82 53) (30 46 19 92 7 22) 75 73 (56 13 42 28) (9 40) (1 31) (26 98) (55 79 91 84) (48 97) (78 41 94 69) 2 (4 100 57 87) 85 61 37 (43 36) 32
62: (57 66 45 9) 17 (98 94) 48 (89 67 73 43) (26 72 16) (13 19 61 87 56 28) (1 78) (4 31 25 8) 40 30 76 (91 71) 36 47 80 (55 52) 75 (46 95) (96 85 86) 34 53 (49 60) (35 50) 24 82
63: 7 (83 35) (29 98 9) (8 37 61) (78 84 95 4) 19 (67 75 30 45 43) 11 100 16 86 (52 85) 69 76 (92 99) 13 (46 57) 26 (50 94 31 87 81) (56 65) 55 (64 42 77 91 62) (74 73 82 66 80 70)
64: 93 (98 56) (92 13 71 72) 1 (29 16 12 9) 60 (41 83 35) 22 5 50 81 (8 79) (94 43 84 44) 78 (33 30) (66 19 48) 52 73 (80 61) 59 (76 37) 91 (7 31 89) 86 (10 36) 85 (45 46 24 87 57 53 70 97 42) 75 82
65: 37 (73 28) (35 83) 41 (91 66 21 33) (39 92) 36 (57 97) (1 61) (40 62) 70 (76 77) (52 26 5 16) 87 93 86 90 (8 13) 72 (71 19 45 49 31 78 42 56) (85 80 9) 81 98 (50 46)
66: (50 79 73 92) 31 77 59 (11 68 56) 28 (22 52 86 30) 39 (8 70) (61 45) (16 37 87 40 26 13 76) (78 62) 82 (4 85 81) (72 71 29 1 42 95 80 32 99) (97 7 9 35 19 91)
67: (9 97) 80 (48 12) 92 (41 2) 14 (78 7 32 50) (79 13 99 1) (31 52 56 28 29 16) 64 (45 73 8 70) (35 4) (93 21) (30 84 61) 91 (42 86 76 82 87 75 67 57 85 17) (51 60 77 95) (83 19) 74 (22 26) (25 36 24) 46 (98 37)
68: (85 89 11) 7 56 70 26 (5 59) (75 87 55 24) (71 52) (72 4) (86 92 94) (22 1) (28 50 9) (47 16 61) 38 (91 35 48 13 67) 62 73 (49 76 98) 30 (45 81 84 80 36) (46 57) 79 (8 29 25 78) 93
69: (4 51) (13 30 89) 35 19 87 (72 70 85 91 36 76) (50 46 56 31) (57 83 52) 9 67 34 94 (21 82) (81 42) (16 54 24) 77 (37 86 97 1) (2 92) 28 (62 26 73) (78 41) (38 29 98 48) 32 45 40 (74 8)
70: 24 91 (86 12 77 50 95 87 53 25 75) (85 30 89 35 61) 36 41 (48 49) 78 1 7 (42 83 70 62 40) 19 (93 52) (4 31 26 97 56 32 29) 46 (57 72 27 82) (80 81 98 76 16 90 37) (66 92 94) 9
71: (49 13) 48 (40 52 50 57 97 87 36 91) (43 27 85) (76 41) (72 8) (77 79 61 30 95) 98 (86 23 92 78 35 94) 19 (42 45 70 28) 82 75 (64 22 21) (83 26 12 56) (7 16 89) (74 17) (31 93 73) (62 69)
72: 72 (62 83) (49 76 61 28 37 19 39 77 45) (1 67) 92 (50 70 52) (7 36 8 9) (48 74 32 91) 94 (80 43 26) (33 31) (78 98 47) (46 30 64) 16 (86 93 57) (82 40 22 87) 35 42
73: (41 27 19 43 66) (78 74 42 13 91) (81 22 85 50 32) (77 100 48) 46 (8 92 29 72 93 76 52 95 64 56 18 97) (70 28 79) 84 (35 9 82) (55 69 68 30 36 67) 98 (87 61 62) 45 (49 23 26 33 34 89) (94 1) 86
74: (72 4) 33 (68 82) (98 91 56 23) (22 73 66) (83 50 87) 77 (9 85 42 52) (43 92) (26 16) 81 (93 37 19 95 35) (53 45 21) 36 78 (62 61 94 80 13 7) (84 31) (29 90 79 8 30) (86 57 99 28)
75: 16 72 (48 50) (91 30 75) 32 (73 87 76 94 36) (46 24 1) 26 (85 47 19) (83 71 54 70 52) (98 69) (9 42 40 23) (14 17) 35 (13 57) (77 31) (56 74) 21 (5 78 62 55) (29 22) 7 (61 81 84) (45 92 8)
76: 87 (16 55) 92 71 (45 95 66 26) (70 73 34 59 98 81 10 60) (5 35) (28 97 72) 13 (31 76) (77 9) (1 37) (74 78) (56 61) 29 85 62 (36 17) (83 52 8 30 84) (86 4) (32 46 53) 94
77: (52 79 8 46) (4 87) (7 45 28) (19 93 78) (48 38 37 62 9 26 73 44) (34 43) 32 (17 57 70 50) (1 40) 13 (53 92 61) (36 16 77 71 66 30) 74 (29 2 69 76 49) 72 (91 31) (97 85 47 27) 98
78: (98 86) (13 36 91 77 4) 9 57 84 81 54 50 52 (29 76 73 72) (7 26 70) 56 (49 8 92 65 62) 1 (32 46 90) 69 24 (22 30 33 63) (88 97) (95 61) 48 (87 35 79 42 21 45 40 51) (78 94 37 74) 19
79: (26 96 60 78) (45 42 28 70) (79 81) (35 47) (97 61 31 14 84 66) 30 (32 7) 94 (48 92 8) (85 62 1) 82 (69 86) 93 (29 74) 87 (43 95 57) (52 22 56) 59 98 91 (9 72) (76 5) (50 55 21) 19 (77 20 46)
80: (11 40 61) (95 37) (1 89 42) (41 38 13 26) (97 24 50) (94 93) 28 (46 51) (7 27 78 29) (98 80) 90 9 56 22 66 (75 8 19 57) 74 (81 70 25) (76 62) (36 30) (91 85 45 31) (82 84) (86 73 35 87 92 43)
81: (100 56) (8 75) 98 (67 46) 1 (42 68 76 23) (86 82 28) 73 40 (45 97 84) 16 14 (35 61 24 30 55) (33 37 26) (83 89) (79 74 94) (65 57 70 78 31) (64 36) (92 19) (50 72) (52 29) (7 21 81) 87 49 62 (9 25)
82: (21 70) (56 99 17) 53 (26 48) (57 92) 50 (36 51 46) 74 (42 66 73) 90 (86 78) (85 7 93 81 83 76 61 97) (89 29 24) 40 (94 84 98 32 55 87) (43 91) 28 (67 54) 82 (45 95 72) 22 (80 52 25 1 35 41 13 19)
83: (61 21) (25 9) (30 41 42) (26 78 93 72 89) (64 29) (66 48 77) 50 (52 2) 38 (7 83 70 27) (97 86) (56 100 62) 1 (8 4 45) 19 32 (81 67) (73 84 76 91 31 13) (23 46 22 87) (94 28 92)
84: (29 99 35) 97 73 (83 41 77 70) (71 92) (94 8 30 31) 85 (11 95) 91 (28 7 1 21 56 75) 81 76 (4 48) 46 (16 37) (68 49) (42 98 86) (82 61 52 50) 22 (40 53 89 26 78 87 45 14) (19 13 36) 74 (59 9) 62
85: (72 86) 4 30 80 36 (28 9) (50 7 69 99) (42 94 29 74 26) 81 87 (19 62) 56 (41 49 22 13 37 46) (73 97) (98 51 47 35) (78 76) (8 17) (16 61 52 92 1 77 60) 66
86: 57 (87 30 71) (39 98 72 75) 32 (42 8 92) 69 (22 66) 5 (56 29) 45 36 78 (89 73) (62 90 68 67 54 46 61 41) (11 13 70 31 4) 1 (80 82 47) 86 83 (81 48 16 52) 60 (19 50 28) (26 97) (7 65 9) (53 100) (43 85 64 84)
87: 82 91 (1 28 95) 37 (48 19 61) (49 43 84) 98 76 92 13 (7 87 42) (23 81) (88 30 34) (86 60 38) (45 57 73) (9 36 78 8 75) 16 80 (29 62 79) 94 (85 46 22 26) 31 (52 56 50)
88: (94 67 98) 47 (4 79 61) (40 91) (81 57) (37 12) (13 26) 51 (8 87) (41 97 28 82 77) 72 1 30 (92 78) (100 48) (33 74 75 80) (19 59) (62 46 73 85) (70 31 29) (5 60 45 93) 36 50 (76 9) 86 23 56
89: (62 28 89) 55 (86 60 85 81) (82 83 45 47) (39 48) (69 46 78 42) (40 49 41 30 79 16 66) 31 (94 50) 84 21 19 13 (61 90) 43 57 97 (53 52 8) (56 7) (64 35) 92 (36 29) 4 91 (9 70) (51 73 98 87) 68
90: 28 21 (82 73 16 50 1 86) (59 95) 46 97 (7 4) (29 47) (91 67 56) (26 35 13) (8 69 48 87 100 70) (51 55 40 90) 22 93 (31 94 83 84) 42 32 (81 76) 64 98 (61 52 19 12) (57 36 9) 44 (85 62)
91: 21 (98 41 50) (72 92) (81 1) 94 34 80 (45 35 52) 77 36 (20 4) (69 100) 7 19 (73 61 59 47 46 37 74) (40 87) (78 56 62 57 68) (22 83 30) 39 (27 11 8) (97 26) (29 28) (70 53 31) (24 86 79) (85 49)
92: (36 16) 91 42 (51 57 44) (72 31 4 47 52) 46 13 (76 82) (70 29 19 35) (26 62) 78 79 (73 1) (41 66 48 84 37) 32 (61 97 50 94 86 24) 98 (40 85 56 38) (45 65 28 87) 7 (21 30) (54 69) (9 92 39 8) 75
93: 61 (30 26) 9 (79 98 4) 76 92 40 (59 7) 63 8 (69 52 72 70 45) (86 37) (2 75 27 29 87) 81 (77 35) 50 (83 33 28 16 85 46 73 84 48) (1 13 60) (57 74 97) (82 36 91 94) 62 22 (78 90) (42 10 56) (41 34)
94: (34 30 92) (14 35) 81 (93 86 31) (48 19 57 79 40 28 45 22 98 7) (46 62 52 59 15 87) (97 74) (9 37 73 36) (91 50 80) 76 42 16 (56 63 78 1 32) (29 8) (67 61) (85 41 26 53) 70
95: (4 63) (29 48) 36 (90 81) 71 (68 28 37) (21 94 55) (23 41 73 26) 98 (72 7 44) (57 87 80 91 16) (40 82 97 79) (1 46 61) 76 56 (62 30 70 99) 13 (35 78) 50 83 (19 42) (85 17 32 52 92 75)
96: 86 (28 19 51) (98 46 57 70 35) (14 69 52 97 87) 49 (48 95) (94 40 9) (53 34 7) 45 (61 77 8) (50 72 78) (37 31 83 26 100) 56 (81 85 99 92 29) 76 (12 73) (42 13 60) 39 62 30 (16 22 24)
97: 66 (95 76 49) 7 (78 60 38) 46 92 5 (41 1 73 40) (14 83 25) 82 30 (70 42 53) 97 61 (43 67 99) 29 86 45 50 (81 32) (19 56) 87 85 (75 98) (52 69 26 79 35 8) 22 28 (57 37) (24 94) (93 13)
98: 71 7 23 (60 91 38) (73 62) (61 78 14) (79 83) 34 (69 100) (29 66 75) (3 8 56 99) (82 95 55) (50 87) (92 65 13 21) (98 72 11 9 43 36 46) (28 77) (45 5) (70 30 1 76) (97 90 42 41 19) (32 86 93) (48 74) 85
99: 33 (41 75 35 22 1 46) (48 62) (49 83 42 100 86 79 98 50) 28 (52 70 38) 60 (84 57 82 61 91 53 4 7 8 78) 72 (56 81 51 9) 19 (92 76 69 29) (74 87) (40 73) 16 (26 30 59) (37 55 80) 95
100: (34 69) (87 61 49) 94 43 20 (98 80 68) (73 31) 42 (19 16) (13 47) (89 91 3) (75 38 22) (41 83) (24 56 85) (62 52 8 72 84 57 55) 81 7 92 (45 40 11 21 35 30) 28 86 (32 46) (97 4 48 51 9) (76 50 66 1 78 29)
