100 100
1: (79 99) (78 83 70) (9 80 50) (53 33 18 96) (30 97 74) 34
2: (32 71) (62 66 84 60 75) (99 50 7 1 15) (21 49) (79 81) (87 94) (25 6 26) (29 10)
3: 30 78 65 (18 90) (68 23) (98 32 80 49) (88 55) 89 47 (14 92 79)
4: (72 4 84 81 76) (40 9 64) (52 20) (63 42) (24 25) 90 (92 31 8 80) (32 35 60 74) (33 43 10 2) (49 67 50 55 78 95 66 85) 75 7 58 19 (65 86) 1 71 (70 44 30 6 91 89) 83 (94 59) (26 23 37 39) (41 96 28 98 73 93 22 56 5 21 79 34 97 61 36) 51 68 (57 27 13 87 29 11) (14 62 88) 38
5: (17 30) 53 68 (72 43 4) (15 73 60) (96 23) 13 74 (63 27) 40 71 (82 85) (52 2 24 36 25) (84 91 69) 95 (56 32) 19 (79 77 14 6 5 61 78) (94 7 21 20) (31 54 41 65) 45 90 67 (10 100 70 16 9 92) (46 22) (88 64) (18 11) 66 (58 26 39 42 29) (87 55 38) (97 33 89 76 80 44 48) (47 51 83 98) (1 12) (34 50) 8 49 (99 28) 93
6: 8 53 89 52 (29 87 38 79) (98 34 81 46) (22 55 70 97 43 69 50) (44 78 71 67 35 12 41 10 86) 96 (17 6 60 66) (90 61 33 30 95) 75 (16 49) 63 (88 100 15 80) (24 68) 32 83 64 92 27 (19 9 13) 5 54 45 26 (36 94) (28 31 37 18) (62 82) (39 99 48 73 20) 93 (14 56 74 7 25) (91 58 51) (76 42 40 72 84) 3 47 77 (85 11)
7: (86 33 77 54) (84 62) 80 (20 85) (42 83 55 41 26 21 96) 46 (95 47 89 18) 2 13 (63 17 99 81) 34 (59 37 69) 12 72 (11 61 29 40 35 66 45) 76 28 78 68
8: (74 46) (78 41 63) 19 (35 60 68 71) (98 55 72 65) (77 7) 95 (32 1 57) 58 28 (90 15 31) 80 (10 64) (39 33 4 3 38) (69 17 11 14 84) (89 56 29 70) 96 (34 48 49 93 13) (52 59) (79 24 21) (37 51 85) (62 27 42)
9: (71 45 83 52 72 44) 76 (38 36 62 61) (26 84) 77 (78 86 32) (81 3 25) (9 63 57) (39 58 51) (5 53) (16 17 46 79 7) (54 22 18 91 80) (31 100)
10: (30 17 35) 12 (95 89 69) 98 (49 37 41 48) 57 68 (59 75 25 83) (32 21 81 73 19 80 34 27 66) 9 (99 79) 96 91 (22 53 56) (58 39 88 8 63) (46 62 7 26 3) 16 29 (20 64) 13 33 (18 28 50) (40 97) (36 82 47) 86 (43 94 51 100 71) 45 76 (78 85) 74 90 24 (1 4 61 55 2) 65 84 (44 92) (72 15 93)
11: 52 (45 69 84 17) 11 28 (85 70 47 20 42) 61 51 (9 54) (94 56 90) 48 64 (97 65 79 100 33 30 32 99) 39 (58 87 78 36 98 5 12 35 21 46 96) (24 93) (13 25) 7 (10 44 88) (89 34 23 53) 68
12: (24 2) (86 32) (78 34 94) (17 81 71 75 92 48 84) (80 12 13 28 41) (33 97 20 21) (46 58) (68 16) (100 23 88)
13: (90 51) 24 8 (15 65 75) (14 4) 29 (93 26 25) (16 30) (57 38)
14: 87 49 (31 44) (34 57 18 42 62 11 26 41) 27 (61 9) (54 17 16) (22 79) (94 36 38) 15 (71 74 63) 35 30
15: (68 72) 27 (3 11) (74 71 15) (57 20 18 7) 23 26 (30 53 58 34 16)
16: (69 77 94 24) (5 4 93) (33 30 10) (20 81) (54 62) 46 (27 61 73 13 32) 29 (90 16) 51 71 (9 44 57) (14 79) 6 68 (50 88 2 98 97)
17: (99 75) (56 20 4 57) 2 50 (12 80 84 88) (94 49) 74 (15 47) 89 (17 43 37) 24 (51 41) (63 96 35 32) 25 (71 44 39) (100 67 45 27 91 82 28 54 14 10 22 60 79) 85 83 (69 40 1) (30 90 34) (66 93) (53 23) 19 77 9 (87 86) (68 31 98 42) (70 48)
18: 90
19: (80 9 71 11) (75 57 40) (23 52 81 84 28 70 30) (69 8 41 34 90 1 24) 42 (85 88 4 19 97 32) (60 86) 94 13 (10 76 50 46) 65 77 (99 27) 78 58 93 51 12 (49 82) (92 14) 91 73 18 79 (7 6 22 20 61 100 36 33) 35 47 (29 66)
20: (95 89 78) 13 (39 27)
21: (1 50) (13 23) (83 53) 14 35 (39 76) (56 44) (46 63) 71 (41 36 100) (97 21 30) 11 (84 68 70) (79 33) (94 95) 60 (87 67) (69 74) 31 61 10 (24 42 49) (26 40 25 7 37 51) (45 88 4 73) (54 75) 29 (58 8) 19 59 (28 78 66) (86 91 43 48 81 3) 90 82 (52 5 85) (22 89) 17 20 (99 9) (55 65 32 77 12) 72
22: (9 4) 8 (33 46) 80 51 (60 45) (88 44 21 70 82) (78 52 42 14 100 27) 5 (68 15)
23: 32 (33 97 55 26 29) (56 18 95 67 9) 11 (78 12 23 27 80 5 14) 30 39 49 (51 3 13 37 38 79) 36 60 53 (96 93 66 21 6 8) (99 77 69) 45 40 (19 63 28) (65 4 24) (58 54 10 2 35 89 87 82 75) (7 61 83) (15 98) 81 74 76 (57 92 62 91 46 22) 86 52 44 (42 64)
24: (56 23 5)
25: (51 41 11) (23 65 52 78) (59 8 48) (90 9 89) (97 83 13 63 69 38 62) 53 54 91 (79 74 34) 61 68 (100 20) 25 55 (96 42 29 27) 45 (87 18 72 16) (44 88 77 19 64) 43 (66 84) (1 2) (57 75 6) 56 (7 81) (21 47 92 39 85) 22 (71 82 32 4 76 46) (14 40 67) (17 58)
26: (28 60 25 81 80) (74 38 40 68 93 58 94 9) (24 95) (65 86) (43 82 12 7 76 89 69 49 85) 8 (16 18) 33 (17 42) (87 29) (47 90) 27 1 (35 83 52 48) (11 61) (72 31 20) (56 50 41 71) 10 (84 30) (73 45) (21 99) 51 (39 96) 44 (67 26 70 79 64 22 14) (15 32) (62 19 54 2 36) 6 23 92
27: (40 14) (26 47 4 83) (93 31) (76 62) (70 36) (89 87) 84 (50 9 16) (57 74) 95 94 81 88 (10 29 1) (72 59 35) (80 79 73) (23 8) 66
28: (22 76 75) (72 50 79 57 78 48)
29: (12 53 49) 99 (25 6 98 59 40) (82 45 56) (77 42 61 16) (44 9) 19 (43 90) (1 69) (24 33 76) (26 63 60 72 4) 78 (83 10 93 27 95) 39 (67 64 71 32 100 20 74) (89 91 28) (73 54 51 70 97) 17 (92 68) 94 (29 55 23 57 5 18 66 50 13) (22 88 84) (36 31) 2 (37 21) (65 62 47 80) (30 41 81 75 52 7 85) (15 14 48 79)
30: (88 62) 33 (34 73) 32 29 68 17
31: (6 74 10) (54 79 60) 29 (26 81) (42 75) (36 3) 63 71 85 24 (1 56 11 58 97) (59 25 69 88 82 64 32) (76 5 28 52) (7 39) (93 15 72 9) (35 48 61) 34 (51 78 27) 57 (55 47 50) (37 31) (45 40) (66 98) (8 23) 86 (96 43) (94 84) 73 (41 44)
32: 66 81 (34 62 60) (96 28) 91 14 (5 52 72 7 38 10 40 48 49 79 77 42) (27 50) 32 86 6 (71 24) (9 44 51) 56 85 45 8 94 82 18 92 (25 57) (74 12 30 4 16 3) (41 21) 64 61 (100 36 15 39 98) (54 75) (1 31 65 26) (47 70 84 55) 68 (95 93) (37 83) 29 43 (11 2 33 76) 73 (99 22) (46 78 20 35) (17 87)
33: 31 (53 99) (81 72) 87 44 (98 83 64 76 23 13 24) (85 5 19 61) (57 66 62 74) (20 89 18 60) 86 (12 46 34 48 3 35 11) (15 42 67 78 94 54 4 39 59) (73 68 75 10 7) (33 29) (40 49 28) (96 58 26 47 41) (56 92 37 50 43) (77 22 100) 45 84 82 27 51 (90 55) 38 (21 1 8 25) (63 91 95 52 65) 71 69 17
34: 6 9 74 59 (15 92 94 64) (4 26 80 68) (45 39 11 12 71 44) (95 31 14 87) 69 (33 7 54 50 72 78 27) (40 76 82 23) (51 65 2) 93 3 20 1 (66 24) 86 (70 34 83) (10 67 46 53 17 56 18) (57 55 85 37) (32 43 84) (79 42 35 89) 48 (29 58) 52 (19 60 8) 81 41 (63 38 88) (28 13) (22 98) 90 73 (61 75 5) (25 30) 77 (62 99 100 16) 97
35: (56 88) (94 7) (86 15)
36: (30 49 26) (14 80)
37: (73 43) (51 47 83 9 5 1 44) (99 12 25 41 68) (95 27) (80 3 70 89) (16 87 94) (38 100) 55 (18 49 77 56 97 81) 32 (37 64 74) 15 (20 2 34) 62 7 54 35 (79 19 59 92) 91 (67 86 23 29) 46 (63 45 4 17 69) (53 72 10 50 93 36 48 78 57 14 65 84 52) (13 30) (96 31) 26 98 61 21 (6 8 90 58) 11 (76 85 40) 66 (75 39) 22 28
38: (47 19 90) 51 (69 41 85 14 30 54) (98 65 67 24 91 6 48) 43 26 (76 35) (11 78 3 42) 22 64 (58 84) (1 10 100 21 74) (63 5 87 44) (53 56) (95 92 17 77 52) (66 28 16) (33 62) (36 59) 97 (61 25) (60 55) (88 94) (75 68 23 83 50 39) 81 13 20 (7 27 96) 82
39: (54 37 14 60 45) (63 15 88 9 51 44) 61 (31 50 11) 100 17 (85 69 92 5 80) (2 89 58) (48 64 87 98 68 74) (76 53 22) (39 21 77) 23 (33 43) 19 (82 71 3) (7 59 29 26) (56 62 66) (86 42 72 81) (65 4)
40: 18 (81 42 30 9) 51 (23 2 19) 35 24 (67 14 89 68 70 57 55) 65 54 (53 63 99 25) 21 (39 76) 92 34 (31 85) 87 46 (82 90 22) (91 47 3 50 27) 20 (74 15) (52 59 66) (93 36 86) 5 (26 60) (94 16 79 80 100) 69
41: 43 88 (4 76 30 74) 23 (44 25 70 99 1) 71 (94 50 52 54 14 38 2) (96 75) (87 95 20 91) (28 48 67 93 36 8) 69 12 (18 40) 68 (9 62 57 27 45 11) 41 73 66 (84 59 17 51) 10 78 (16 80) 56 60 32 22 (63 5 64 90) (98 6 31) 85 (47 21) 81 89 92
42: 42 97 (47 54) 26
43: (3 21) (53 72) 84 45 (80 87) 42 (22 38 15) (66 36) (79 44) (58 37 91 9 75 48 40) (14 43 98 29 86 54 49 60 97 93 4) 81 34 (70 39) 63 (32 31 74 8)
44: 75 (8 29) 56 91 (60 31 74 70 95) 78 (90 32 54 1 49) 26 (55 3 66 38) 19 34 (27 93 23) (82 71 79) (65 41 7 45 48) 44 (43 14) (88 18 47) (81 73) (12 84) (57 77 67) 62 (30 35 97) (9 36 33) 89 94 37 (69 28 87) 42 39 (21 68) 59 98 99 (4 25) 52 (5 64) (6 16) (15 58 86 46 51) (92 100) (13 22 63 11) (83 80) (2 61) (40 96 50 24) 10 (20 85 53 17) 72 76
45: 46 (52 35 51 80) (100 14) (18 74 48) (9 23 69 34) (5 61 8 93) 13 12 (76 71) 42 (57 54 92) (29 21) 62 53 (33 87) (72 95) (68 1 67 24 82 10) 4 70 (20 17) (99 2) (38 25) (56 89 65 7) (16 96) (59 78 45 63 47) (94 73 98 77 3 37 28) (60 31 44 91 50) (30 15 64 66) (11 43 39) (84 55 41) (32 6) 83 (97 75)
46: (40 68) (95 72) 21 11 64 22 (99 49 32 56 92)
47: (72 95) (32 53) 21 43 (63 61 38 18 22) (79 39) (76 94 48 55 12) (96 77) 11 33 59 (37 87) (68 23 19 91 88 5 58 64 31) (51 93 57) 9 81 (86 92 14) 1
48: (44 14) 12 (97 3 85 16 52) 67 34 (23 96 21) (58 2 39 90 80 10 59 77 62 32) (69 38) (93 73) (17 6) 47 7 20 (35 60 92 86 29) 8 (70 91) (50 98 76 37 11 36 68) (49 33 75 88 79) 55 19 (26 18)
49: 96 (10 16) (68 77 31) (50 48 47) 23 (40 66 94 93 73 14) (27 43 5 72) (38 45) 12 (1 51) (76 81 65 30) 49 (6 64 7) (92 89 46 83) 69 (20 91 62 54 33) (34 61 75 100) 59 99 (2 79 32 25 84 71) (78 15 85 35 82 11) (98 53) (55 52 22 37 80) (41 57 67 9) (19 4 87 8) 70 (3 86) 18 88
50: (25 14) 26 (55 15) (99 50 69 85 42 17 45) (43 79 60 90 48 100) 86 (89 76 97) 19 1 (71 31 8) (75 54) (47 23 78 82) 24 74 (21 63) (12 2) 22 18 39
51: 1 (75 87 49 96) 69 46 (80 31 23) (20 57 27 32 94) 85
52: (16 15 64 60) 85 (32 26) (82 38) 4 (10 72 12 17) 27 (57 29) (52 74) 86 (6 54 11 13 23 8 36 50 90) 65 92 (63 45 47 28)
53: (37 73 78)
54: 20 4 (16 69 98 86 58 47 57) (43 88 59 12 61) (67 31 50) (2 60 30 74 9) 32 35 (37 55) 29 (87 62 93 68) (22 40) (75 42) 81 65 (24 64 17) 44 (82 94 89 13) 15 99 (26 45 52 83 66 28 51) (19 5 23 79 96 33) (49 39 46) (21 1) (38 78 73 91) 6
55: (58 53 1) (24 95) (39 57 92) (93 28 77 14 63 38) 40 (86 98 9) (48 68 42 91) 11 (81 46) (4 15 55) (19 54) (25 13) (65 21 96 60 37) (74 27)
56: (18 33) 86 42 (24 5) (41 79) (66 71 44) (30 72 65 35) 61 10 95 (93 83 7) (14 21) 3 (90 46 9 45) (74 57) (70 96) (84 28 50) 76 (39 88 56) (1 20 98 55) (27 12 48 94) (49 68 37 11) (52 4 8 6 16 73) (53 97) 91 (80 100) (17 15 64 87 13 92) 32
57: (63 85 71) (33 32 82) 13 (93 11 62) (75 1 3 61 7 48 25) 66 40 (51 9) (41 22 12 10) (79 84 54 43 92 29 89) 100
58: (32 3 53 9 72) (87 45) 14 12 90 (35 61 54) (100 83) (28 59) 48 (43 68 24) (67 86 37 47) (89 57 64 36 82) (41 40) 79 (73 98) 16 (4 62 31 92) 63 (71 75 58) 94 (25 77) 96 (65 76 29 26) (52 34 1) (18 49) (7 80 81 44 56 11) (30 22) 51 (23 8) 93 (19 74) (60 6) (70 13 99) (39 5)
59: (25 54) (44 32 28 98 12 19 94 69 22 91 62) 9 87 7 13 56 35 (60 34 27) 14 (38 43) (97 80) (24 2 51) (6 47 76 90) 93 45 37 17 (71 82) (74 23) 29 (36 83) (61 48) (21 59 31) (40 10 79 50 57) 63 88 (70 8) 1 (75 64 81 49 68 78 100) (39 86 67 30)
60: 9 46 (12 70) (90 100 2 41 88 15 98) (72 51) (11 80 24 64 16) (17 7 73 95) 63 (49 32 75 55 37 48) 82 (85 13) 34 (44 33 58) 19 1 60 83
61: 26 56 (14 27 63 13) (39 12) (60 32 91 35 81) (72 3) 38 (93 78) (31 34 80) 48 (52 11 66) 6 22 (4 10 86) (83 30 5) (62 79) (97 85) 46
62: 24 (10 8 6 49 29) (50 12) 39 28 53 18 56 16 (30 36) (77 82 85 3 20) (73 19) 23 (4 67 69 95) 88 (90 43 68 33 99 61 13 41) (83 66 48) (65 42 72 25 89) 26 40 46 31 17 (84 7) (81 76) (78 47 44) 45 (86 51 62 34 2 74) 55 96 (94 58 80 14) 1 93 52 27 71 75
63: (71 77 24) (45 2 43 69) 63 (52 36 10) (74 48) (25 67) (13 47 27 28 22 23) (86 14 20) (82 59 94 7 65 3 21 80 99 68 53 50 18) (40 54 42 8) 96 51 (75 29 15 49 60 26 76) 39 (4 5) 97 88 58 (17 31) 92 (83 72 9) (37 93) 79 56 32 (46 81 78 33) 16 87 57 (55 70)
64: (8 49 73 88 16 32) (72 3 35 23 74) (69 64 56 54 45) 14 62 (42 15 53 75) (31 85 66) 76 20 81 (2 92 82) (95 12) (87 47 60 86) 37 10 61 1 (9 25 91 43 26 41 29) (70 17) 51 77 (19 48) 5 6 (33 65 44) (98 50 39 27) (40 97) (38 4 30) (71 78) 83
65: (36 76 96 2 72 40 47) (67 49) 51 79 (11 12) 6 85 24 69 (13 60 45) 14 37 (17 55 74) (66 62) 22 (84 89) 58 38 (15 56 54 7 100) 19 (91 42 41 8) (80 61 70 92) (88 20) (71 25 59 86 65 73) 99 (1 82 75 53) 32 (95 90) (98 57) (46 83 18 3) (94 44) (50 78 35) 31 (97 23 52) (77 43) (30 29) (34 93) 81 87 33 (27 4)
66: (33 50) (82 18 92 36 87) 55 (6 15) 24 (35 83) 86 41 (28 79) 16 (10 75 96 30 43 48 8) (69 27) 2 (21 39 37) (11 66) (45 85 38 65 72 64 26 54 67 22 68 61 91 7 59 20) (12 1) 3 44 (73 100 5 57 13) 34 90 (23 89 84) (49 93) (14 95) 97 60 77 25 42 4 (56 31 94) (9 52 53) 78 17 32 (76 19 47 62) 58
67: (68 74 42 31) 99 (49 59) 35 61 (54 9 13 89) 71 (37 20 58) 2 (12 26 34 72 17 79 85 51) (36 43) 78 (44 55 67 65) (24 6 93) (33 90) (80 28 15) (96 100) (98 94) 73 52 38 91 10
68: 76 71 (46 64 14 24)
69: (62 39) 68 (43 12) 30 (10 98) 93
70: 96 (82 68) (39 76) 13 (78 10 89)
71: (98 4 70 60 24) 77 10 (54 50 95 32) (91 66) 6 99
72: 67 (69 35)
73: 36 77 (91 32) 44 (56 95) (38 88 29 81) 76 (89 48 54 75) 24
74: (69 51) (85 12 13) 65 (55 9 73 50) 57 42 (87 68 96) (40 60) (44 19 46) 20 (36 21) 43 99 (37 3) (27 76) (80 32) (45 53) (98 10 7) 59 66 28 (86 39 38) 97 (95 74 2 47 34) (52 89 81 17 84) (23 82) (49 70 30) (58 18 90 100 25) 83 (77 8) (64 1 24) (6 29) (72 5) (31 78 92 26) 88 (62 54 93 48)
75: 46 89 (88 92 49 34 58 16) 14 97 (5 12) (95 48 62 74)
76: 86 (91 41 44) (99 95) (27 58 79) (12 82) (34 15 25) (17 80 24 75)
77: (79 10 75 14) (72 66 8 45) 84 (61 43) (24 99) 60 (96 67 89) (71 2) 95 (74 64) 88 (30 38) (1 40 87 6 68) 13
78: 94 22 (49 78 79) (13 76 46) (32 75) (38 2 48) (27 77 64 9) (52 69 72 7 11 28) 53 (47 20 4 44) 30 12 (61 19 39) (34 3 56 68 54 17) (55 88 95 71 89) (91 85) 26 (63 67 45 18 33) 6 (37 93 83 57) 100 (51 82 90 41 21) (96 24) (29 23) (97 86) 60 31 35 (40 25 70 42 15 36) (1 50 43 98 10 74) 62 (87 8 16 65) (66 81 92 80) 84
79: (92 71) (88 74 78 80 97) 79 (67 5) (57 14 49) 34 77 (69 13) (93 89 39 25 33) (4 10 18) 81 (36 68 45 1)
80: (68 93) 12 (33 4 17 98 1) 78 (2 75 72 3 42) (29 83) (62 99) (51 86 70 89 18) (76 24) 32 (73 16) (96 54 61) 95 58 (5 46 14 39) (55 19) 48 (20 36) 8 35 (66 64 90) 44 79 (47 21) 38 (53 7 60 45)
81: (69 59) 83 (1 88) (95 8 63 20 40 53 61)
82: (47 30 63 46) 21 (89 24) 19 11 (70 28 25) (29 32) 10 (14 80) 71 (17 68 59) 92 (76 16) (45 39) (33 50 31 5 38 99)
83: (47 2) (46 65 39 69 68 43 48) (62 87) 10 (36 45 19 7 41) (6 16 60) 74 (24 80) (33 18) 34 (53 28 4 50 93 21) 42
84: (32 46 66) (53 97) (89 34 58 37) 21 (41 72 38 87 61) 94 (90 93) (82 43) (52 29 44 62) (28 96 84) (95 79 30 14 98 6 54 3) (2 27) (23 55 57) 80 88 45 8 (31 12) (11 47 9 64) 75 16 (74 63) (71 83) (70 85 39 81) (56 10) 20 99 (77 60 33 1 67)
85: (91 18 52) (70 40 7) (37 95 17 90) (60 61 49) 30 (72 96) 31 23 55 21 (73 28 2 94 39 54 59 75) 6 (11 19) (56 92) (84 36 62 63 83 82) 1 (79 85) 50 (14 45 51 88) (33 98 66) (77 10) 89 76 (34 32)
86: (79 80) (21 41) 71 (30 98) (94 96 72 75) 69 48 51 (37 95 56) (82 42) (1 29 39 68) (70 50) (60 6 100 2) (83 89) (58 7 73) 85 (57 16 64 15 92 27 3 24) 14 (10 26) (31 78) 63
87: 31 55 (84 65 13 2 23 27 26) 34 (8 88 72 91) 21 19 (86 10) (53 76) (95 48 47) 94 (52 59) 3 12 (97 61)
88: 62 81 61 72 40 (25 65 41) (27 60 1 56) 64 (76 94 93 73 14 32 69 58 66 8 47) (49 92 91 15 89) 23 95 (20 44) (21 90 59) 42 (54 12 71)
89: 36 49 (84 58 25 29 28) 63 50 (99 56) (19 64)
90: (80 65 19 16) 91 (73 72) (15 39) 85 79 36 74 (42 4 14 88 29) 44
91: (74 66) 71 (36 53 22) 60 (13 77 23 68 29) (82 79) (76 100) 31 (41 72 57 73) (7 6 95 39 34) 15 (33 50) (87 43 83 20 45) 48 (93 27 96 91 97 18 30) (62 52 56) 80
92: 92 (68 98) (2 41 39) (6 5) 13 (4 63 36 20 89 84 15 50) 67 (38 95 51 72) 18 86 62 (85 11 82) 88 83 100
93: 73 (69 87) (6 44) (43 5 57) 23 (29 53 10) 81 17 (77 90 58 91) 4 80 (13 50 98 54) (41 42) 82 (76 34 88) (67 65 45 99) (49 22) 40 (19 39) (47 21 24 51 52 93)
94: (25 10 34 87) 14 (27 76) 60 (26 35) (74 9 70 62) 48 (28 23 8) (29 24) 33 89 (97 20) 52 92 13 54 93 (51 67 69 85) 79 (99 42 44 91 58)
95: (48 11 40 28 42 12) 60 (76 41 22 52 51 79 32) 18 73 (50 3 70 66) 39 (17 61) 78 53 (19 86 92) (65 69) 21 (20 67) (37 4) (1 80) (27 30 29 25 71 88 90 9 97 93 75 13 16 43) (54 91 56 84)
96: 1 60 4 (14 100) (26 81 35 33) 49 (38 40 87 93 57) (30 61) (82 63 15) (31 84) 80 45 (64 27 73) (96 46 91) (65 2 44 76) (48 52 78 58) (21 29 89 28 11 92 41 19) 97 13 (8 24 66) 56 (3 36) (23 67) (9 75) 37 18 (85 70 86) (59 88) 10 68 (43 74 39) 42 20 (99 90 50 7 55 54 17 53 32) 25 34 (51 22) (6 47 77 71 62 5 69 94 16 83) (12 72)
97: (44 75 46 50 71 11) (63 90 86 53) (87 64 70) 4 6 (26 69 76) (22 62 58) 40 (59 49) (92 37 3 97 1 41) 91 (36 73 82 67 42 10 74) (85 51 65) (27 52 66) (45 18) 31 88 48 (13 20 98 15 79) (16 24) 83 (2 30)
98: 95 83 93 (73 79 23 32 85 10) (12 63) (16 19) (54 99) (30 61 39 98 64 75) (77 82) (38 84 81 59) (89 49) (55 25 44 4 6) 36 (29 37 11)
99: (8 97) (41 9 64 2) (78 81) (94 96 82) (73 93 48 18 3 70 58 76) 50 (35 83 61 85 72) (98 55) (19 80) (43 52) 79 (17 49 16 67) 57 (10 56 4 71 68 77 30) (44 89) (5 51 29 34) 99 (33 22) (63 31) 84 (66 74 69 100) 53 (39 23) (45 14 46 36) (38 90) (26 95 40 37) 87 27 (12 47 15 21) (86 25 11) (42 7) 6 54
100: 55 (2 58 61) (96 74) 28 (17 70) (90 56 3 73 40 51 29 43) 60 (69 23) (94 62) (76 92 78 48) (22 34) (1 91 97 64 57) (99 46 26) 68 (75 10 77)
1: 96 (44 25 56 81 79 41 55 66) (80 85 10 88) (57 84) 37 (33 21 62) 32 2 (29 47 49 78 95 34) (27 100) (50 31 59) 8 (97 51 4) 86 19 (45 5 60 65) 17 54 (26 77) (38 74 64) 58
2: (40 49 86 77 99) (41 59) (62 7) 83 63 (50 96 34 66 67 64) 97 (78 23 87) 29 (54 32) 80 (60 4 45) (37 74) (17 44 92 100 5 48 84) 26 25 16 (39 10) 65 85 12
3: (61 23 44) 37 95 10 43 (96 21 57 84 9) (31 38 34 56 65 86 6 32 87 45 66 78 100) 63 64 39 (80 15) (40 33) 99 8 97 (49 74 62) (58 48)
4: 90 (43 39) 95 52 (4 93 45) (27 63 83 96) (58 16 55 62) (71 64) (32 34 99 13 97 61 79) 66 56 (65 98) 44 54 22 37 (8 29 23 49) (10 33) 80 (17 41 92) (5 21 19) (25 78)
5: (24 6) 66 (74 92) (96 34) (11 99 63 41 32) (47 16) 22 82 (56 40) 80 (29 79 38) 54 (44 33) 31 (21 39) (45 75) 49 (9 5 93) (4 37 23 58) 61 64
6: 37 67 (97 64 74 84 5 58) (19 85) 32 (52 38 92 6) (77 4) 66 59 (23 31 56) (86 54) (16 48 65 62) 25 96 2 78 61 (34 98 44 91 29 83) 93 (26 49 71) (99 41) 45
7: (48 83) (37 4 35 31) 25 (45 11 38) (74 21 78 58) (2 9 49) (96 34) 15 29 (33 65 23 99) (19 66) (8 10) 60 32 (26 57 39 63 86 6) 62 (80 91 59) (44 5 56 85)
8: (52 22) (23 44) 34 (58 63 31) (78 19 56 26 4 45 81 96 59) 33 (65 74) (48 64 77 25) (32 27 13 66) 94 43 50 99 (21 5) (88 37 84 41) (10 62 6) (80 87 49)
9: (16 37) 59 66 49 (84 94 17 9 1) 40 (34 6) (14 56) 60 95 47 (57 41 4) (74 44 67) (39 11 63 58) (54 96) (99 78) 29 21 (55 31 32) (22 25) 43 (45 10) (23 26) (5 27 19) 64
10: (21 52 33) (87 66 61 85 8) 86 70 71 (2 11) (82 84 45 98 62 4) 63 32 (23 27 99 41) (97 78 96 44) (38 19) (100 77) (59 5) (17 83 37 69) (56 67) 34 (74 57 6 31) 64 (93 16 48) 26 (79 29 49 94)
11: (26 44) (15 61 14 33 65) (32 25) 11 23 99 (48 41 47) (19 38 37 60) (5 7 85) (4 21 95 98) (6 92 78) (46 82 55) 84 (97 66 56) 57 (31 96 34) 58 (49 45 39 52) 8
12: (98 41 44 26 52) (5 75 99 58) (33 74) 34 45 (61 19) (60 66 88 67) (6 54 11 32) 10 96 (48 95) 64 12 (76 59) (21 56 29 23) (65 78) (57 37 84 62) (50 49 7 47) 80 87 69 17
13: (77 55) (94 74 96) (66 61 67) (59 58 93) (52 8) (62 29 60 70) (16 56 12 92 44) (33 5 95) (21 38 7 11) 10 4 (6 87 79 25 78 34) (20 63) (45 91) (57 65 37 54) (23 19 97)
14: 36 (64 41) (75 44) 16 47 (84 66) (4 39 38 62 82 55 6) 63 25 (61 77 56) (40 94 8) (27 3 85) 79 (86 96 34) 26 (99 90) (68 48 22) (50 37 5) 49 (21 43 58) (19 23) 17 (45 59 88) (29 13 80 65 32)
15: 34 43 66 (76 65 13) (17 97 60 96 37 92 22 14 6) (67 23 39 54 2 55) (5 49) 78 50 (31 44 90 40 99 26 35) (29 10) (45 15 8) (86 91 33 52) (88 32) (56 64) 63
16: (45 90) 58 32 14 83 (37 66 95 80) 49 (75 25 10 29 26 6 15) 98 9 (54 34 82 52 48 40) 44 (60 38 12) (27 62) (84 86 41) (63 64 97 16 96 13) 5 (99 78) 56
17: 33 85 (63 6) (44 54) (25 14) 74 26 99 (37 39) 7 30 (80 17 10 100 11) 65 (38 41) (45 29 32) (52 21 59) (8 50 66 34) 96 64 (95 9 67 12) 76 (78 93 60 62) 56 5 (82 48)
18: 10 (83 3 29) (7 45 40 66) (78 1 58 47) 33 (85 74 26) 44 41 (9 97) 62 (6 95 14 79 23) (37 91) 34 (65 25 5 19 50 48) 63 (32 56 49) (96 80) (15 99 92)
19: (10 40 95) 38 25 (55 87 17) 80 19 (62 50 49) 96 85 82 (33 99 48 54 37 59 64 29) 65 (21 83 60) (98 90 6 93 74) 44 (5 58 34 23 4 26 89) (47 78 8 66) 39
20: 17 (25 97 10) (84 64 96 62 37 78) 32 26 (65 74 5 49 88 45 7) (34 94) 66 (33 91 63) 48 (81 51) (19 41) 16 40 (29 38 95) (54 56) (21 80 12 67) (11 6 44 4 92 15)
21: (41 10) 43 (56 86 63 96) 37 (4 55) (95 45 50) 78 (46 88) 59 (74 7) 29 (22 5 87) 39 (47 84) (2 99 80) (54 11) 25 (38 48) (83 85 44 40 23) (82 21 32 33 66) (8 93) (12 26)
22: 96 (47 63 41 37) 32 40 78 (54 28 25 14) 19 (59 91 29 39 66 65 58 43 6) (46 23 99 57 100) (17 9 34 4 93 95 38) 21 (26 10 61 5) (49 97 50 33) 44
23: 58 (66 52 87) (74 78) 26 63 (39 64 65) (27 38 41 17) (94 98 11) 40 21 (54 5 93 29) (37 12) (51 47) (34 91 3 49) 23 50 24 59 100 15 (44 33 62 96) (4 31) 48 (99 45 25 19 88 85 84)
24: (31 33 6 93) (63 58 34 73 55 45 38 4) 96 (19 62) (78 76 29 71) 97 (44 16 8 82) (74 60) 21 (23 66) 80 59 (17 77) (94 54 11 83 86 26) (10 5) (40 65 68) (12 56 67) (32 13 50)
25: (45 57 32 31 82) 96 (76 99) (98 37) (41 58 40 79) (66 50 65 6 63 26) (94 11 21) 74 (9 49) (5 38 62) (78 55) (4 95) (44 59 64 88) (34 33) (89 2 10 25 29 13 17)
26: 29 (36 99) (44 4) 23 (15 97 5) (21 94 7) 61 (27 64 13 100) (54 14 10 67) (26 74 2 78 42 66 63 52) (48 34) 87 39 (6 40) (86 58) 37 (33 38 50) 62 96 (32 9 31)
27: (33 14 56) 44 22 (96 59 76 49 20 26) (84 99) (66 55 4 65) (8 23) (88 64 95 31 29 19) 10 91 37 (51 87 6 41) 5 (32 97 34 25 63 40 62 78 52 38) 86 (74 16) 94 17 (15 61)
28: (4 17 29) (62 23 7) (95 26) (63 66 52) 11 (12 83 100 74 5 45 55 59) (94 44 96 89 84 33 10 34 38) (31 82 58) 41 (54 21 8 37 32) (85 78) (56 19 67 6)
29: 100 80 6 (84 99 31 5 34) 54 (86 74) (98 10) (64 95 29 23 13) (91 96 45) (78 48 82) 90 (58 59) 43 (16 63 7 4 44) 27 62 (65 94 8) 39 (25 89 73) (32 26) 52 21 (33 93 19) 2 37 (30 57)
30: (65 69 32 16 6) (62 26 45 97 15) 64 10 1 (74 17 91) (5 77 49) (85 86 99 40 98 66) (82 41 36 29 61 14 59) (3 19 11 56) (58 78 96 37 95 38) 13 (84 34 44 54) 4 21 23
31: 4 9 8 (62 51 58) (84 17 74) (61 78) (86 26 33 87 5 27 96 99) 63 (54 37) (34 85 41 49 97) (43 82 14) 32 (31 47 6 59) (66 91) (50 65) (40 45) 29 67 (64 39 21) 44
32: 31 60 51 (4 45 65 3 34 71) (59 74 29 52) (44 12) (58 43 88) (23 85 26) 2 8 (49 41 73 56 54) 25 (47 48 64) (30 82) (19 61) (32 16 11) (5 9) (57 98) 80 (6 10 78) (37 63) (96 84 66) 17 95 21 46
33: 94 (78 34) (16 4) (22 60 6 56 45 44 32 91) 19 (85 79 49 1) (64 21 5 84 26 66) (11 47 38) (82 83 23) (65 57) 80 (54 62 7 96) 63 67 8 29 (30 12 48 99) (10 33 39)
34: 75 (78 43) (11 30) (4 14) (59 58) 94 (100 85 61 12 33 96) (60 15) 49 79 (65 8) 62 (84 45 44 76 83 67) (91 40) (6 37 17 32 10 1 74) 99 (19 31 34) 48 66 (7 25 93) 87 5
35: (64 67) 6 (65 10) (7 61) 21 (72 94) 80 (19 11) 54 (26 38 23 96) (48 58) (99 33 14) 49 (56 59 8 37) 17 (78 32) 34 31 (45 27 40) 4 (44 66)
36: 48 (29 21 14 66 63) (62 67) 31 (43 44 23 58 9) (26 90 65) (97 11) (80 6 91 59 52 89) 73 5 (37 27 85 99) (92 4 74 96 32) 40 (79 78) 98 83 19 38 10 41
37: (98 4 33 55) (34 6 45 86 84) (37 49 10 97 8 44 21 43) (47 29) (23 59) (60 65 64 31 63 17 96) (53 32 56 66 39) (7 95 67 54 58) (74 48 78 99 85)
38: (92 25 8 5 34 37 43 33) (41 77) 55 (32 48) 65 (73 82) (26 4) (54 84 78 59) (45 80 98 96 13 47 14 6) 74 23 (99 49) (9 44 66 64 67 52) 61
39: (84 40) (10 98 63 47 83 59 50 17 58 82 21) (62 95) (9 99 31 92 25 44) (86 34 20) 78 (8 29) 39 (54 11 5 90) 61 93 (55 23) (45 91 38 48) 96 (66 69 85 56 4 70 64 6) (80 43 79 37 26 33 74 32)
40: (88 5) (27 49) (97 58 32 31) 57 99 (19 25) (46 7 78 10) (59 95) 55 (85 29 44) (54 63) (17 74 41) 100 81 43 64 (21 93) (96 33) (26 37 4) (23 77 62) (34 6 65)
41: (65 60) (12 99) 32 (33 17 57 31 6 64) (45 92 83) (21 78 37 41) 26 (49 38 10 5 97) (91 8 95) (86 44 19 56 4) (93 7 88 96) 76 (66 25 58) (14 34 62) (84 29)
42: (50 97 78) (74 64 8) (62 29 14 88) 56 6 (54 65 11 7 33 39) 42 (96 40 38 55 21) (31 90 93) (66 43 95 25 22 17 34 44) 5 (67 23 86) (4 19) 45 (80 26) (32 63 83 94 99)
43: (54 74 43) 37 (21 49) (83 45 96 41) (50 58 6 10) (66 77 4 64) 91 (100 44 95) (69 32 33 59 5 47) 63 57 (78 39 67) (38 65) (31 29 34) (99 62) (93 26 17 84) 25
44: 59 (14 17) 58 29 (93 74 60 88 67) (78 64) 66 (97 23 21 98) 45 (10 34) (94 76 22 16 73 32 4) (48 62 56 96 84 65) (41 6 99) 80 (43 54 25) (31 90 5 9 38) 11 33 26 39 37 44
45: (17 31 21 37 99) 58 (7 83 33 34 82 39) 80 (84 62 41) (44 45 96) (5 66) (91 65 79 64 10 56) (77 26) (32 54 78) (29 25 6 85 52) 49 (11 43) (9 59) 97 (74 93 22) (63 23) 50
46: 44 83 37 (65 51) 60 8 54 (68 23 12) (11 84 99 9 97) (6 33 63 55 32 96 10) (80 25 62) (49 75 5) 19 78 (45 34 21 22) 56 82 16 (7 100) 61 74 40
47: 59 11 64 83 (40 29) (96 62) 52 48 (33 44) 66 93 78 (19 10) (84 38) 32 (17 87 27 37) (74 26) (49 3 42 99 6) (41 80 50 5 58) 82 54 (88 45 25 65) (7 31 63)
48: 44 (83 63) 57 (80 34 32 59) 41 62 (8 33 78) (31 26 75) (96 5 60) (58 25) 28 (50 43) (61 95) (17 37 38) (49 66 73 74 21 11 55) (12 10 56 91) (100 94 64 6 29 87) (39 47) 45 97 (99 86)
49: (44 66) 59 (62 97 26) (64 58) (2 23 10) (21 6) (54 56 79) 98 (5 36 75) (29 99 89 17 48) 3 88 96 (74 85) 63 (65 49) (60 43 14) (78 19 4 46 32) (93 51) 67 (8 33 37)
50: (44 1 50 59) (63 89 64) (82 16) (34 38) (74 10) (31 21 96 48 39 49) 62 (27 54) (99 2 32) (71 66 97 4 28 40 78 17 95 65) (91 5) (26 45) 92 37 (6 86) 56 41 (33 52 93) (83 19 85) 29
51: (62 8 100) (54 86) (94 99) 41 (17 22) 37 67 (16 80) 19 44 32 (92 5 31 11) (26 59 64 95) 63 (57 25) (21 74 39 38) (29 9 58 97) 47 65 (78 23 40 34) (96 45 60) 93 (6 10) 85 (4 49 13 33)
52: 19 (84 54) (63 31) 41 37 65 (85 33) (58 40 5) 11 44 66 (56 93 87 62 96 8) 9 (94 6) 99 26 (29 95 38) 78 (45 32 4 91 74 48) (34 67 21) (61 23 52) (97 22 49 25)
53: (10 25 58 40 78) (63 15 84 39 95 55) 5 74 21 (93 65 9 87) (33 29 37 45) (56 23 38 11) (47 1 6 91 17 80 49) (96 64 34) (81 44 62) 43 99 (83 66 97)
54: 98 (96 78 42) (38 50 32) 9 58 26 (39 64 11 6 57) 34 33 40 23 (44 99 67) (43 49 25) (17 80 66) (41 37 74 7) 94 (55 88) 16 85 (84 73 71 45 65 14 95 52) (93 59) 31 (5 29 63 21)
55: (45 34 74) 63 31 32 (96 56 50 78 4 54) (98 66 8) 37 (5 47) (23 65) (48 87 33 29) (67 60 3) 84 (40 80 55 38 10 85) (99 6 49) 25 100 62 (44 7) 21
56: 100 (24 64 78) (11 6) (58 62 65) (84 25) 63 23 85 17 (99 31) (96 91) (32 33) (45 66) 89 (34 29 59) (88 86 35) 10 (44 26 41 8 5 95 61 56) (37 46 39 21 4) (38 73)
57: (28 10) (14 16) (34 23 84) (45 27) 31 (32 52) 49 (56 33 100 13 55 59) (44 4) 15 25 (63 51 8) (29 19 66 86 91 78) 74 40 (17 96 41 99 93 37 9 54 47 65) 79 58
58: (54 10 58) (63 43 33 12) 84 (15 8) 65 25 (6 26 55 66 38) (96 31 9 47) (74 88 4 23) 93 (44 80 21 94 34 5) (89 67) 37 (100 48 75 60 97 62 11) 76 39 (19 86 99)
59: (29 10 37 66 63 33 27) 38 (58 39) (88 97) 82 7 49 8 (54 96 47) (85 41) 74 (44 45 25) 21 (4 40 67 31 65) (87 34 81 59 48 98)
60: (77 60) 33 (86 80 94 41) (88 45 96) (4 54) (34 85 63) (59 58 40) (6 52 71) 48 (95 83 8) 55 (22 66 5) 19 2 (26 23) (100 74 91 21) (50 64 29) 32 (78 31) 38 44 65 (61 39 43) (84 17)
61: (31 10 26 59) (54 98) (9 87) (64 14 16 88 32) (47 58) (81 95) (7 100) 84 (45 96) (78 66 29) (44 33) (25 37 6 21 39 62) 77 (5 11) (56 19 38) (49 34 4 57 85) (65 67) 99 (23 80)
62: (62 26) (74 92 6 45 48) 91 85 23 34 16 (8 25 9 100 75) (96 59 64 33) (10 38 32) 14 2 30 66 (49 44 69 54 39) 37 (41 65 58 29) (83 97) 88 78 (61 27) (80 4 84 57) (94 7)
63: (45 29) 37 60 (23 39 59 81 78 61) 99 (84 97) (38 21) (58 17 6 89 47 92 33 9 10 25 85 96) (40 82) (52 8) 55 (41 43 50 34) 63 (86 31 7 98 14 5 57 4 44)
64: (54 5 34) (41 32 58) 25 (89 31 46 97 23 6 38) (99 29) (68 52) (59 47 64) 66 96 (39 86) (26 88 45) (33 60) (8 4) (49 56 84 77 37) 100 (11 74 80 44 98 78 10)
65: 83 26 (25 37 66 67 44 10 40 29 56) (4 62 21 74 5 64 78) 39 (93 32 95) (34 55 90) 19 (49 54 45 11 33) (65 63 96 23) (87 97) (52 3 8 88) (13 38 58)
66: 2 4 (45 44) (10 84) 37 (61 96 66 77) 54 (71 57 78 25) (39 56) (27 17 97) 34 (43 29 91 38 31 95 41) (49 32) (64 23) 65 (99 7) (40 5 85) 80 (6 21) 62 (19 33) (74 88)
67: (37 23 58) (63 6 40) 62 48 (95 54) (77 72) (59 33 92 34) (5 38) 29 (97 67 25) (17 45 44) (49 26 66) (99 94 93 65 84) (78 21 41 4 96) 79
68: 74 (5 29 6 34 66 78) (77 100) 63 25 (26 62 16) (48 56) (12 3 83 91 79 30 32) (58 21) (70 7 80) (11 8) (15 86 4 82 10 54 37) (69 67 92 49 38 40) (55 99 59) (41 44 17) 46 (45 96 47) 33 39 22
69: (29 65 79 11) (100 74 50) (37 38 78 99 88) 59 (17 10 16 33) (41 44 93) 66 (7 21 63 97) 34 (23 45 95 48 62 54) (5 25 19 94 81 6 39) (49 96 83 26) 31 72 8 (86 51 40) 64
70: 49 (85 96 32) (78 5 80 37 41 60) 86 (43 6) 97 (95 65 22 44) 99 64 94 (45 8) (84 100 48) 82 26 21 56 29 (4 34 71 11) (74 40 1) 58 27 (59 63) (19 17)
71: (86 67) (26 12 2 96 78) (25 57 79 5) (10 39 99 62) (8 95) 97 58 (45 21 6 16) 65 29 (14 88) (19 84 64 68 34) 91 (33 59) (41 56) (17 49) 9 (44 15 77 82) (63 31 4 50 32)
72: 77 (52 58 21 28 65) 87 (26 6 46) (56 47) (96 86 66) 61 (64 92 4 15 32 90 62 74) 25 (43 33) 84 29 (45 9 37) (34 60) (49 91) 78 (8 5) (10 7 39) (85 99) 31 (67 27 88) (63 80 44)
73: (64 21 62) (91 48 86 34 80) (26 54 60) (16 85) 99 (19 44) 29 (74 88) 65 (49 31 98 95 10) (66 67 58) 53 97 (30 4) (27 37 96) (90 56) (33 32 93 6 5) (41 45 100)
74: 62 (25 67 23 94) 96 59 97 8 (90 17 27 54) 55 56 (91 50) 40 (41 6) (31 65 1 99 4) 29 77 (100 38 52) (79 64 83) (63 39) 5 (58 84 34 45 33 21) 10 37 32 14 44 (78 15 43 75 74) 26
75: (17 37 4 34 57) 25 (23 60) (80 45) (29 50 85) 62 33 (63 44 77) (10 59 97 51 19 31) (54 98 86) (13 49 41 12 76) 96 (58 84 64) (6 38 28 100 78 32 95 2 21 73 43 65 66) 48
76: 39 (40 88 6 64 68 45 26 50) (48 73 63 31 41) 85 (66 27) (96 93) (56 9 70 82 78 62 25 65 37 47) 28 29 94 (74 100 33) 4 (5 58 10) 38 (7 87 95 80 19 59) (49 99 34) 21 (91 44 32) (23 97)
77: (65 55 66 100 63 44 7 48) (93 25 85 38 71) (45 34 96) 32 (74 17 8 39) (19 23) (79 37) (33 98 9 49 47 84) (21 58 73) (99 78 64 16) (29 62) 5 6 91
78: (21 31 28) 12 65 (25 11 41 50) 67 (74 22 86) (100 1) (20 49) 61 29 (66 64 32) (80 3 37 7) (45 44) (4 8) (54 95) (10 79 63) (23 34) 70 6 (9 19) (62 59 99) 78 53 33 96 38 5
79: (54 61) (44 91 17 27 50 56 28 26 57 99 78) 8 (1 43) (29 21) (23 5) (58 97) (66 76) 80 (77 67 19) 14 86 65 (3 84 79 10) (48 63 4) 85 40 (25 59) 47 9 37 90 (98 11 34 32 16) 95 49 31 94 (6 2)
80: (41 99 61) (95 56 29 27 17 34 3 59 19 10 44 78 5 22 60 58 83) 9 62 (8 76) 90 40 65 (7 67) 23 (48 12) (36 82 1) 86 (91 49 74) (6 26 39) (51 4 63) (45 43 84) (93 79 96 37)
81: 4 (34 23 64) 58 40 88 41 (73 31) 63 (79 26) (59 61 78 9 10) (65 21 33 39 93 99) (7 12 98) 47 (37 16) (96 25 6 32) (43 49 29 2) (27 38 44 55 84 54 19) 62 74
82: (6 84) 57 (38 49 85) 58 5 (97 32 96) 86 (99 62) (91 17) 39 (29 93 66 33 25 50 92 23) (78 59) (21 70 54 45 98 19) 34 10 (76 26 64) (65 40) 22 (74 52 44) 31 60 63
83: (62 44) (66 6 78 81 58 96) (25 26) (80 85 23 1) (99 34 92 21) (17 59) (60 64) 84 (61 5 49) (45 32 97 4 38 33) (98 65) (29 74 10 7) 27 37 9 (86 63 56 54 91)
84: (62 66) 29 8 (25 19 12 5 49 56) (34 89) (6 11 7 74 41) (31 57 10 78 45) (44 27 17 2 98 87) 95 21 99 (4 33 65 92 32 85 9 43 96 77) 37 26 38 84
85: (60 48 62 40 10) (64 74 57 17 85 32 92) (38 98 51) 5 (90 39 49 78) (86 84 61) (19 52) (97 94 4) 99 (65 11) (96 25) (41 21 29) (37 44 67 33) (31 66 6 7 8 50) (26 34)
86: (4 35 97 59 32 50 40 76) (19 43 9 61) (80 55 52) 49 48 17 (34 54 33 95) 37 (78 39 58) 26 66 (65 10 63 21 7 92) 44 (87 96 74 23 12) (56 64 6 31) (47 62) 99
87: (54 97) (2 43) 84 44 (77 49 23) 27 58 (4 21 39) 66 (51 59 26 64) (99 11 17 38) (6 37 41) 47 (78 5 45) 94 25 34 65 74 (14 40 83) 91 (63 93 33) 56 (96 32)
88: (27 38 56) 79 87 (81 4 17 59) 92 (29 44) 96 (93 39 73 47 75 10 64) (21 65 60 48) (78 16 84 41 95) (22 34 63 62) 77 (3 85) 30 (97 5) 35 54 6 49 25 31 (74 19 11 90) 12
89: (49 73) (85 27) (41 4 77 80 86) (37 50) 6 29 23 (66 99 45 82 17 39 33 67) (92 44 20) 5 (8 11 58) 26 (75 54 3 62) 10 65 (98 34) 7 88 94 (78 70 40 25 96 21 79) 84 74 57
90: 44 (8 80) 100 33 56 (48 6 97 11 95 3 96) (67 17 93 29) 13 5 (34 78) (62 37) (21 59 65 18 4 74) (10 66 25 85) 58 (40 16) 38 (52 99 50) (84 19 41) (60 26 88)
91: (64 6 21) 66 (93 17 91 45) 29 48 (61 38 71) 55 (33 67 76) 32 97 (59 56) 4 (5 41) (25 47 23) 73 9 100 (95 65 40 19 10 88 90 54 43) (85 37) (94 87) (96 78) (49 44)
92: (66 55) (39 29 63) 100 48 96 (79 45 3 5) (32 44 75) (95 19) 49 38 (25 40) 34 47 (78 56 6) (82 23 94 57 92 37 64 46) (65 86) 74 (58 88 4 97) (52 85) (26 41 33) (12 10)
93: (58 79) (10 74) (96 44 6) (43 93 84 4) (66 13) (23 61 94 69 98 63 88) (56 91) (17 26) 57 27 59 (54 47 40 67 55 99 29 95) (34 45 78 49) (80 16 48) (32 31) (8 11 62 41 83 65 19 5 37)
94: (49 4 11 86) (32 99 12 58) (40 78) (34 88 59 47 87) (100 67) (14 35) 17 (29 51 27 2) (54 63 10 38 96 31) 37 (84 65 33 26) 21 5 45 (6 16 85 62 44 56) (41 19 66)
95: (27 64) 84 8 (4 77 44 6) (41 71 45) (74 66 55 65 10 20 85 26 60 87) (29 75 33) (99 88 5) 80 (47 32 21 62 86) 56 38 (98 23) 46 92 91 (76 7) 34 78 (73 81) 37
96: 67 31 91 (8 56 85) 96 70 (7 74 17 99 11 77 5 51 4) 63 38 45 10 48 (100 26 25) (55 33 6 78 80 66 44 23 58 65 32 37 41 84 49 47 86 62 54) 1
97: 48 (84 100 25) 75 (96 78 56) 1 79 (64 50) (59 87) (99 31 65 43) (29 10 42) (38 4 44 34) (97 19 45) 16 (94 63 61) 74 66 (11 21 37 5 23 6 95 91) 12
98: (32 10 4) 33 (85 37) (48 16 29 17 43) (11 3) 8 54 5 80 69 (38 97) 84 (55 6) 71 (39 60 93 56 92) (65 74 59 64) 78 31 (98 41 23 86) (67 99 44 49 58 34) 45
99: 11 (5 80 32) (99 82) 29 (44 37) (2 94 62 40 33 46 6 71 58 98) (54 93) 100 26 (63 50 96 49) 67 65 89 74 34 (76 41 17) 1 21 (77 10 45 7) (23 84 19)
100: 57 (44 66 50 58) 60 12 96 33 (25 5) (29 40) (74 45) (34 19 11) (49 67) (91 38 37) (65 99 92 56 32 86 78 9 39 10 21) 17 (59 6 22)
