100 100
1: (57 32) 89 37 (52 88 91) 50 48 73 97 (7 16) (98 19 29 11 33 18 30 55 23 21 1) 2 (43 41) (65 95 62 22) 3 82 (34 25 90) (70 80 53) 58 (86 14 74 64 36 45 44 72) 28 47 68 (59 20 54 39 8 31 17) 85 (87 12) (13 42 94 51)
2: (54 18 62) (80 70) 76 (61 34 15 88 14) (47 22 57 84) (100 68) 64 (74 55 2) 9 (11 17 19) (67 10) (20 53 85 87) 6 (71 46) (72 7 31 79 35 66 33) 1 36 4 63 (51 56 77 45) (92 97)
3: (77 14) (89 92 35 27) 51 70 (5 53 20 60 9 100 71) 3 (42 28 22) (33 97) (55 95) (87 67) (1 69 4 21) 11 61 (45 34 80 63) 83 (43 93 68 46 99 94 85 79 6) 7 (56 52 91 47 38) 96 (37 57) (17 41 23 18) 64 (8 72) 75 65 (81 2) (24 19) 78 (26 76 62 12) (82 44) (10 90 30) 49 50 (40 16) (32 25) 58
4: 42 6 7 (40 8 30 83 15 10 56 75 44) (38 68 84 61 9 1) (20 49) 94 (74 93 35) (33 3 13) (64 88) (54 41 71 65 22 62 4 81) 77 (79 21) 87 82
5: 81 (18 78 55 13 40 27 63) (85 61) (82 79 48) (54 87 8 51 93) (28 92 70) 66 (16 49 23) (75 10 3 94 17 15) (83 2 53 73) (68 76 20) 5 46 91 (52 56) (72 41) 99 (29 1 32) 67 (26 69 86 31) (37 89) 96 (4 6 7 57 24) (50 84 12 9) 11 (100 58) 62 (38 22 43) (45 39) 30
6: 40 (30 22) 35 (91 11) (85 20 51 98) (12 50) (46 19 70) 45 26 (82 42) (18 33) (7 3) (23 81) 92 (84 31) (100 80 29 83) 78 (32 73 17 54 44) (37 88) 10 (15 16 59 77 95) (58 99) (52 75) (60 34 55 93) (39 24) 47 (41 72 57 62 36) (13 4 14 49) 5 (8 63 28) (9 64 2 21 86 68) (69 56 53 65) 79 (71 27 25 48) (74 6) 1 61 67 (96 94)
7: 37
8: (83 71) 88 (79 31 12 27) (28 77 63 62 33 56) (73 17) (29 80 25) 53 (81 61 21)
9: (82 9) 45 (27 84 29) (90 57 70 48 68 12 74 71) 50 (23 95) (2 6 19) (14 78 52 46) (11 17 69 35 51) (96 97 4 67 15 3) (38 86) 39 22 40 (42 76 26 91) 30 (28 44 36) (7 34) 64 (60 1) (21 37) 59 73 (32 93) 53 (65 63) (47 99 41) 66 8 (83 18 33 98) 94 (55 54)
10: (26 60 75 74 50 23) 28 (32 22 53 36) (6 68 38) 63 37 (43 31) 51 (57 95 27 41) (67 8 42) 81 4 (96 73 48 58) (19 21 82) 25 (88 65 34 44 15) 18 (14 76 59 93) (20 9) (30 16 70 13 85 54 77) 39 100 (86 92) 52 (46 17 5 2 84 11 56 55 10) (78 94) 72 61 (80 87 69 47) (98 64 45)
11: (55 19 74 92 45 49 75) (79 68 56) 17 (61 10) (32 100 89 97 24 53) (95 5 47) (12 48)
12: 17 59 62 (77 10 48 51 54) (88 97 30) (64 91) (93 57 29 71 35 44 41) (27 42) (13 49 86 38 9 14 23 6 21 50) (94 89) (26 7) 92 (31 11) 8 90 72 (40 4) 65 (37 12 20 1) (85 67 33 79 84 95) (83 100 56) 16 (28 68) 52 (60 63) (87 99 5 55) (78 82) 25 (69 98) 32 (70 75)
13: (67 94 90 66 44 76) (78 93) 35 (64 31) (95 55) (84 25 99 26) (73 6 59 61 7 96) (41 43 38 8) (47 69 65 30) (81 39 89) 75 88 86 (79 98 50) 82
14: (22 3 76 57 63 92) (14 42 56 40 91 88) (51 44) (33 66) 54 64 16 (6 73 97) 71 61 49 (18 86 47 48) 37 32 60
15: (19 82 63 2) 35 78 (71 8) (6 59) (29 76 39) 62 (85 46) 57
16: 52 (32 22 14) 96 (60 1 70) (29 86 41 97) (16 62 98) 47 72 100 (67 25 45) (63 91 90 19) 61 (39 34) 31 (79 58)
17: 11 (17 77 74) (28 60 31) 2 (39 32) (97 7 65 59) 42 (100 29 26 16 76 83) (70 67) 4 (45 33) 30 54 (61 80 19 13) (82 79 1 91 41 20) (53 48 55) 5 (9 81) 52 22 73 (56 99 66 69 96) (37 18 94) 36
18: (28 84) 2 62 (56 68 11) 8 (47 91 54) (61 78 83 97 43 6) (71 81 33) (89 3 49 66 90) (64 14 76)
19: (48 81) (39 71) (29 90 64 51)
20: (26 38) (10 39 45) (35 7 62) 2 (91 74 100 8 75) 16 90 (95 69 59 56 22 50 13 88 79) 98 (68 29) 58
21: (100 48 67) (61 54) (36 49) (57 33) (11 92 93 96 81) 94 (60 87 86 88 97) (53 19 68 38) (75 62 44) (30 18) 80 28
22: 39 (23 53 11 75) (57 60) (79 86) 5 (34 81 33 9 98 87 49 45) (38 70 21) 92 (31 65 14) (35 6) 4 72 (68 94) 17 (26 84) (19 13 54) (28 48) (95 40) 67 (64 1 56 24 8) 69 16 (58 22 62 3 96 27 29 52 55) (59 50 97) 74 71 80 (15 99) (88 20) 2 7
23: 1 35 25 (22 4 91 62) (7 39 14) (85 95 64) 97 3 12 6 (11 48) (41 5 73 87) (66 24) 98 (36 70 92 55 77) (86 94 71 44) (40 32 96 59 60) (19 89 61 93 9) 84 30 76 46 (78 75 67 42 33 53 56 69) 13 17 (29 49 63 15) 54 51 8 (28 52 43 82) (68 26) 18 65 58 (27 45 80 57 31 88) (16 79) (34 21)
24: (42 77) (45 87 32 35 24 12 94) 47 (71 99) 90 10 (74 4) 83 66 28 92 (100 13 52 31 3 84 67)
25: 6 (12 7 71 20 46 83 56 23 57) 21 (27 25 16) 34 (14 36 75) (85 76 50) (84 72) 81 64 (94 82 97 99) (49 2) 100 (5 51) (66 65 32) 53 90 (19 70 29) 55 37 (58 26) (40 93 87 22) (47 24 38) 43 (33 89 18 62) (3 52 68 67 39) (11 98 80 91 1 48 92) (61 86 54 73 45 13 10) 41 44 (9 15) (79 8) (42 95 60 59)
26: 75 (32 55) 99 52 (79 63 17 15) (9 96 95 76 80 100) (26 35 59) (36 91 31 44 2 61) (93 81 41 51 57) (85 50 28) (54 89) (56 67 77 92) (18 7 73 46 24) 6 (3 10 68) (29 12) (25 72) 42 (82 87 39 69 71 43) 64 30 47
27: (62 76 22 46) 40 18 (45 32) 49 85 (23 97 56) (73 94 34 7 52 55 86) (39 26) 88 (35 25 8) (12 27 28 5 10 61) 42 59 (43 96 1 58 91)
28: (59 16 80) (27 53 11 49 90 71 95) (67 77 73) (47 13 2) (28 78 93 38) (33 5 82 45 83) 76 (26 65 57 85) 46 55 (52 12) (30 10) (24 3) (79 43 1) (97 62) 6 (51 23) (36 41) 9
29: 44 (49 57 4) 88 28 (95 27 18 21 62 53 40) 26 (94 70 20 16 51 24) (17 47) 84 (77 100) 7
30: 76 (1 97 74) 65 96 20 (59 34 78 95 90) 40 (2 3) (94 55) (47 26 86 75 57 80 30) 27 (82 67 79) (62 66)
31: (81 64 30) (19 22 83 2) (20 58 25 92) 87 (78 53 72 6 90) 48 66 96 (29 88 42 11 70 43 54 51) 44 (14 89) (98 8) (9 61 39 63 36 38) 85 (4 80) (35 55 86 94 45) 23 (69 21) 74 (52 37 77) (46 97 67 31 26 84) (13 18 49) (27 7) (65 71) 24 59 95 (12 3) (73 5) (50 60 100 99) (76 32) 47 33 (62 34 40) 79 (1 10 75) (82 56) 68 (28 17 41) 16 91
32: (11 9 44 14 97 41 3 8 98 18) 81 93 51 (5 21 73 63 86 24) 19 2 (49 53) 95 (17 82) 40 (1 66) (56 100) (12 59) (70 37 91 45 43 92) (42 20 68 58 75) 79 13 (64 28 67 4 26) (80 38 35 54 29 46 25 36) 10 30 (47 6 15) (65 33 83) (84 22) (16 23 76) (78 34) (50 99) (52 96 90) 48 39 57 (60 61 31) (72 89) (85 55) (7 69) 77 32 74 87
33: (39 30) (9 70 72) (58 11 49 35) (37 100 40 74) (23 86 31) (53 15 13 18 27) 42 (81 20) 34 (21 43 64)
34: (77 28 75 44) (50 78 43 62 52 82) (91 49 64 42 45) 92 (57 89 86 80) 87 (9 47 24 18) 67 (79 27 88 70 15) 22 (26 72 5 51 12 54) (2 97 55) 17 (99 23 100 63) (74 31 8 59 38) 20 (81 39 66 37) (85 96) 41 65 10 (61 11 32 33) (58 16) 14 (94 4)
35: 15 (69 20 64 12 97 51 53) 11 31 24 (62 43 72) (36 65 4 2) (82 39) 76 (47 100 77) (73 84 16) (9 25) (78 80) (38 52) (13 98) (91 92 40) (83 93 35) 86 (26 44 67) (56 58) (10 99) 89 7 21 (42 32 57 19 49 8 6) 27 18 (85 60 68 59 66) 45 (94 75) (54 28) (5 3) (30 87) (55 63) (88 79 90 1) (23 71) (96 70 95) (17 74)
36: (74 53 54 94) (38 81 72) (6 99) (35 18 21 28) (19 77 24) (33 32) (39 42) (96 51 87 100 95 48 43) 31 52 41 46 73 (56 92 55 4 71) (29 62) (26 37 88 16 17 66 7 85) (75 14 57) (76 89 83 34 69) 3 20 (1 70) (13 84 67 49 91 11) 8 (80 63 78 61) 58 9 25 (50 45)
37: (41 17) 26 66 7 (35 33) 77 3 40 93 (52 76) (56 36 4 83) 53 (9 88 42 65 22 82 39) 55 (8 81) 51 (46 30) (78 54) (73 92) 69 (90 21) (49 61 12 57 11 63 74 14 94) (44 72 13 91) 43 (97 16 47 86) (75 84 70 67) (80 68)
38: 81 19 (36 9 33 21) 45 (100 31 44) (28 80) 94 (58 40) (20 10) 29 42 (26 39 99 84) (38 72 3) (70 8 25 17 73 65) 66 68 52 (71 95 24) (5 50 48 54 60) 92 34 (74 69 7 30 49 64) 59 (32 53) (2 35 51) (22 89) (13 76) (1 11 37 46)
39: 38 (79 88 36) (23 99 94 60 43 64) (70 11 81 95) 21 (84 100) (75 59 87 63 66) (74 19)
40: (16 36 42 74) (75 95 78) 5 (80 70) 69 (38 12 83 29 56) (63 66 89 100) (46 9)
41: (53 47 93 3) (8 21) 10 (26 36)
42: (63 87) (46 28) 80 37 (2 70) 9 (1 34 42) 41 75 (6 43 79 36 38) (58 68) (83 15) (29 14 95 57 97) (13 24) 19 (71 20) 5 (59 31)
43: (17 44 91 24 4)
44: (91 4 76) 49 9 (8 57) (47 28 66) 79 70 (53 18 40) 69 (36 6 64 58 23 30) 11 42 (34 94 52 20) 24 (32 74) (93 87 39 65 71) 63 (77 3) (31 75) 85 (44 97 99 14) 95 (41 38 35 78 29) 37 (84 25 5 83 45) 92 (17 21 46 7 10 81 68 86 2) 13 (50 61 22) (96 26 43 62) 72 59 (27 90 80) (54 100 48 55 19 51 73 89) (16 88) (67 33) 56
45: (74 83 35) (24 71 57 72 95 96 86 88 28) (98 99 8 10 32 94 27 45) (48 19 51 41 1) (63 22 52)
46: (75 66 51 10 97 76) (54 15 43 1 52) (88 4) 5 (81 68 26) (8 58)
47: 94 (21 86) (1 92 44 47 9) 51
48: (2 18) 98 32 80
49: 28 12 47 (91 99 66 49 83) 84 (4 58 65 59 96 35) (33 67) (56 24 92) 51 (85 40) 31 27 57 74 (7 79 61) (45 80 2) (53 19) (1 98 86) 52 41 17 (34 8 16 55) (73 89) 71 (3 11 43 20 100) 69 68 64 23 (77 21 75 90) (10 82 87 37) (48 95 15 76) (22 72 18) (30 44) (62 97 13) 46 (81 42 50 70 5 26) 88 93 (63 60) 14 32 38 (25 94 36) 29
50: (51 31 40) 96 (62 55) 34 4 42 (79 16)
51: 49
52: (68 90 4 15) 62 63 (47 2) 30 (13 46 12) 76
53: 61 (90 49 62 96) (4 26 87 58) 72 (78 15) 95 (33 70) (21 43 86) 69 (7 59) (76 79 67 32 10) (47 36) (64 19 89) (51 52) 93 (63 100) (71 55 27 83 23 60 14) (40 42) (5 65 66)
54: 31 21 99 (84 53 33 42 2 76) 93
55: (42 55 3 79) (50 75 62) (60 94 64 21) (6 53 58 73) (18 43 19) 34 (95 38) (2 71 100) (48 84 59 23) (52 13 65 45) (61 82 63) 89 37 (97 68 98) (36 10 4 29) 1 (39 46 41 74 96) (78 25 27 16 51) 54 17 72 11 12 (31 26) (93 77) 30 24 (56 44 8) 99 (40 28 66) 33
56: 68 76 (58 74 18 2 49) 50 (93 51 73) (86 33) (70 13) (71 52 94 17) 41 84 (24 79) 44 (100 7 43) 69 89 (4 57 14 60) (95 96 72 61 85) 8 59 (78 53 6) 27 42 (91 35) (31 64) (90 29) 32 82 (30 92) 45 (16 28 55) (22 98) 37 56 3
57: (38 21) (74 84) (10 80) 92 44 (90 60 85 39 23 83 87) (65 40) (88 33 64 91 2 72 14) 78 (67 27) 35 20 (9 18 12 89 42) (24 77) (59 53 17 6) (16 8 47 25) (13 99) 76 5 (22 71 69 70 55 15 81 100) (3 68) (98 43) (94 56 34) 1 (28 48 63 45 51) (26 86 95 37 30 41 7) 49 (29 82 32 31 19)
58: (74 54) 67 (68 70 66) (11 92 85 26 40 78) 56 (65 73 19 29 30) (41 14) (58 75) (47 2 84 31) 57 (77 89 7) (32 5) (43 90) (72 9) 100 71 82 (24 60 20 48 87 76) 16 (95 37 98 51 28 35 55 10) (4 80)
59: 28 (29 84 83 27) 78 (40 65) 47 (60 92) (94 69 80) (7 6 59) (2 41 57) 76 (42 10 43) (44 77)
60: 13 4 9 8 33 (66 80 67 87 5 49 55) (37 90)
61: 25 (24 79) 48 74 (61 14 63 65 16) 17 (41 33) 20 (11 92 95 10 66) (26 56 89 81) 58 96 64 67 (18 38 39 55 49) (43 52 86) 50 12 (40 98 57 80) (42 37 93) (32 47)
62: 60 31 10 16 (75 12 67) (83 93 71 68) (18 4 90 5) 48 40 85 (19 55) (22 78 81 95 72) 14 (15 30) 6 (26 98 23 82 36 38 9 41) (51 54 84 47) (2 59 74) 62 37 (58 45) (63 49) (91 50 61 28 53 35) (24 42 46) 77 8 79 56 100 (17 76 97) 65 (13 39 86) (92 21 25 3) 34 (88 69 64 94 66) (70 29 33) 43 (96 44 32) (99 1) (11 52 73 80) (20 27 87) (7 57 89)
63: (79 2) 27 46
64: (42 51 38) 17 (9 85 19 73) (34 8 64 55)
65: 50 (7 21 92 61 8) 67 15 (32 62 26) (29 97 24 93 82 53 98) (52 72) (91 64) 94 (22 55 41 77 81 60 42) (37 75) (48 46 86 68) (39 63 59 10 74 2) (25 79 95 16) 89 100 (11 90 1 83) (88 47) (14 57 71 51) 66 (73 28 84) (4 49) 30 34 (35 18 3 85) 20 (45 99 36 12 80 27)
66: (72 50) (79 2 7) (20 73 29) (66 16 56)
67: (17 89 50 45) (77 74 29) (81 76 6 68 51 43) (53 11) (58 19 97) (54 94 38 87 70 8) 47 (52 36 4) (83 60) (88 40 71) (23 57) 14 (20 92 96 90 41) (91 55) (13 48 15 18) 5 65 (46 24 73) 22 (37 9 64 98) (21 59 78 3) (30 10 99 1) 28 (25 100 95 33) (86 39 44) 16 2 (34 62)
68: (79 14 92 72 93) (49 28) (66 87) (10 21 56) 60 (40 91) 31 (43 70) 44 (30 34) (24 80) 9 (17 89) 27 85 86 61 67 (82 41 98 65) (55 48) (22 51 97 7) 13 20 (36 19 62 53) 78 100 (29 32) 95 (35 84 2) (33 57 88) (1 90) 75 (81 23 37) (38 3 16 45 68 71) 39
69: (12 63) 62 21 (86 37) (9 99 15 13 61) (2 80) (81 10 58) (54 66 17 93 56 50) 35
70: (54 71 11 46) (81 65 50)
71: 14 90 65 (56 32 42 82 98 16 97 49 25 36) (38 70 30 95) 85 60 (7 71 24) 84
72: 68 (85 80) (87 74) 4 (16 15 21 40 71 77) (94 63 31 29) (93 5) (34 86) (57 99) 28 51 59 (88 14 78) 45 (98 1) 36 (47 46) 35 (84 56 17) 65 24 (97 49) (79 53 58 22 60 81) 41 (69 76 96 52) 62 (32 26) (43 23)
73: (35 86 84) 81 (73 63) (80 26 53) 20 78 52 42 (44 98 37 50 59 100 31 65 92) (99 7 16) (14 67) (74 3 22) (30 13) 38 87 (5 68 77) (24 47) (61 10) (58 93) (54 17) (57 23) (91 39 2) 51 75 (29 36) 18 27 96
74: (69 86) (19 84) 90 22 (8 76 28 16 85 95 79 9 67 88) (70 40) (36 41 64) (38 15 21 93) 5 3 (81 27 57 14) (82 60) 59 (94 73) (45 77 39) (74 89) (55 100) 20 (2 37 33 96 35 48) (51 56 10 97 46 32) (75 26 29) (83 11 34 42 12 43 47 6) (63 68) (65 44) (54 58) 13 87 92 (7 61) 52 (99 50) (23 31) (71 30 62 49) (72 80 18) 91
75: 54 (89 49 91 23) 73 17 (71 19 99 76) 70 (9 32 51) 62 (47 46 34) (78 93 30 33) (26 68) 81
76: 3 (68 98 53 24) 21 (37 45 58 40) 87 (81 31 27 41) (50 55) (83 84 91 92) 10 2 15 (96 94) (5 48 75) 99 30 (11 95 100 47 74 44 77 28 62) (34 78 29) (64 70) 18 (43 89 19 17) (12 66 88 61 49) (72 4) (7 69 71 35 56 54) (42 82) (8 86 51 26 1) (39 80) (76 79 60 46) (52 63) (14 25) (38 97 59) 57 93 13 (67 32) (22 6) (9 36 65) 23 20 85
77: 64 33 (10 43) 17 (19 92) (60 90) 65 12 (22 49 18 38 52 2) (78 70 57) (30 7 14) (72 86) (47 41 100 21 83 35)
78: (15 93) (48 64 10) 22 88 9 (87 8 57 67 56) 97 80 (14 83) (69 100) 77 (29 95 71 43) 45 (84 75 31) (73 18 20) (13 78 76 36) 46 30
79: (100 65 33 27) 61 81 63 8 45 30 77 (31 84 42) (53 73 71 28) (37 58 16) 48 (70 66 25) (23 1 68 82 39) (85 14 36 57 6 20 11 2 83 67 78 51 56)
80: (58 5 8) (16 97) 62 93 (20 15) (7 64 87 44) (43 50 69 72 17 60) 95 (30 37) (40 52) (33 22 59) (26 2 74)
81: (20 12 23) (62 50) (65 76) (69 2 22) 59 (91 38 35 6) 96 (100 53) (13 26 55 1 94) 29 45 (14 28) 51 (10 57 46 8 84 49 30 72 73) 9 89 (88 17) 27 36 48 (95 85 93) (25 34 52) 54 98 (90 58) (71 47 66 80) (74 97) (83 7 87) 32 (16 42 61 39 3 63) 24 40 (37 33 21 82) (77 81 79 67) 78 (60 92 99) (64 70) 11 (41 44 18) 5
82: 6 85 (99 17) (98 56 89) (21 26 2 19) 90 77 (73 32 29 39 92) (55 65 45 11 78) (83 13) (44 18) 79 (50 40 70 37) (80 4 84 31) (91 28) (7 95 33 24 41) (30 59 1) (48 96) (36 20 8 46 88 54) (67 10 51 75 27 82 38 64 23 97) (71 47 58) 81 (66 94 52) (76 61 43 74 9) (100 14 68 16 49 42) 86 57 12 (93 15) 63
83: 25 54 (43 36) 18 (16 79 64) (41 5) (24 19)
84: 87 (47 44) (23 91 31 40 85 32) 21 (65 61 77 56 33) 50 57 (3 53 86 16) (66 48 79 95) 10 (67 39 46 88 13 97) (34 14 17 51 49 6) 82 (36 63 60 20 12 15 64) 2 (84 98) 90 (59 7) (96 73 78) (92 74) 24 (28 89 41 5 19 22 99) 72 (75 54) (58 68 100) 37 71 94
85: (15 34) (29 84 94 20 8 35 5 19 18) (55 23 11 46 61 39 92) 95 (51 62 99) (73 69 56) 50 (91 26) 81 (97 54) 10 6 36 (28 63 74) 27 (44 66 21 60) (68 90 38) 59 (30 3) 96 (4 45 82 25 52 41 93 7 16 67) (71 17) (12 49 13) 2 (75 77 89) (100 14 53) (85 40 43 1)
86: (95 91 88 14 98 19 48) 57 (39 7 38 89 58 92 33) (16 44 37 64 13) (96 34 1 69 10) (50 5) 15 83 68 (74 78 77 90 62) (67 24) (65 99) (51 94 75) (28 61 26) (80 81 86 25 55 79 73 97) (8 59 53) 40 (11 36) 21 63 17 27 4 (49 47) 56 (20 100) (45 23 2) 93 (41 52) 6 72 (46 54) 85 (30 71 43 84 32) 9 (18 35)
87: 99 66 (48 97) 46 67 (30 78) 56 71 (31 47 27 32) (5 16 44 11 50 40 69 15) 19 34 (74 91 79 95 49 80 13 85 82 4 92 81 6)
88: (88 93) (44 54) (72 55) (6 59) 95 (67 69) (9 70) (28 7 100 40) (86 35 45 56) 29 (51 23 16 42 30 2 65 18) (85 61 36) (84 13)
89: (61 73) 98 (70 79) 71 46 19 47 (25 77 8) (7 88) 17 (54 81 34 89) 72 75 42 (20 95 18 74 31) (48 11)
90: (35 39) 30 (52 92 34 94) (27 29 73 11) 65 (98 96) (67 25) (97 60) 53 (47 14) 55 (10 2 26 7 56 86 82) (95 9) 93 (6 79) (17 58) (23 12 31) 54 (18 70 68 76 64 16) (57 59) 28 75 (24 49) 78 (83 4 20) (40 50 5) 41 37 (61 33) 91 (8 62) (36 43) 71 (77 69 85) (32 46) (80 89) 90 (88 87 99 81) 19 (74 15) (45 22 100 51 44 72 38)
91: 46
92: 1 (83 92) 77 (94 80 53 6 75 95 28 76 34) 12 (85 17) 62 (84 74) (49 27 100 70) (88 81 71 31 54) 32 (98 16 91 7 10 47 8 93 3 90 18) (37 38 39 72 5) (24 9 78 14 66 96 13) (57 64) 59 41 (4 67 56 51 42 89 73 52 36) (43 25 68) (63 35) (30 58) (29 60 33) 11 (45 26 86) 69 (99 87) 44 79 (22 48 65 21) 19 (50 40 97 23 20) (61 46)
93: 82 (34 86) 16 (8 15 68 19) (77 90 29 98) (3 99 83) 2 96
94: 31 19 (84 49) (95 2) 4 (37 30 74 62 93 87) (13 10 73) (51 28 71 27 90 65) (44 57) (47 79) (68 55 24 59 97 88 89 40) 58 54 5 36 18 45 (85 14 33 46 53 56) (96 12 64 61 52 25 75) (70 83 98 92 3) (9 48 60 66 15 35 17 20) (42 80) 82 34 (16 78 50) (29 41) 63 (67 23) (8 26 76 100 43) (32 72 91 86 21 22 94)
95: (34 53 93) (14 46 68 72 19 87) 20 88 (67 6 24 73 28 31) 11 (18 17) (15 47 90 35 89 61 95 12 1) 92 56 (38 3) 32 45 55 23 (77 51 100) 71 99 (98 84) 42 58 29 16 10
96: 27 (31 84) 25 (51 64 46) 98 41 (26 37) 18 36 62 16 9 (19 57 49 94) (12 69) (34 89 63 70) 4 (1 71 90) 32 67 (47 73 30) 42 (44 95) (48 22) (75 92) (82 78 8 86 79 61 23) 24 (80 55 2 45) 56 65 (13 91)
97: 12 (25 14 22) 96 (58 3) (88 16) (60 64) (4 38) 91 (21 28) (80 15 79 45 8) (84 27) (94 71) (5 20) (49 74 11 42) (92 40) (9 82) (1 59) (78 17) 70 (24 19) 54 67 (34 10 81 30 65 89 35 75 87) 23 (33 37 55 51 52) 44 69 (13 95) (36 6 90) (86 56 53) (85 32 29 61 47 2) 66 (97 73 43 72) 83 (63 98 93) 100 77 (46 68 99 62 76) 50 (39 18) (41 26 31 48 7 57)
98: 59 26 (94 35) (98 49) 63 (28 84 60) (50 75 79 58) (67 45 46 17 88) (99 23 34) 56 (80 38) (20 5 13 27 39 11) (44 57) (31 64) 74 40 (7 85 21 22) (93 83 19 52) (53 100 37 42 2) (77 15) 76 (73 90 62 1 8) 24 25 33 (10 12 9) (96 87 14 92) (18 16 47) (70 41)
99: 89 (88 47) (9 70 68) (84 55) (72 56 86 46) (20 24 59) (100 43) (71 22) (11 58 77 33 80 94 36 42) 57 (41 39 53) 95 40 (85 76) (63 12) (38 3 8) (60 34 19) 45 (44 13 7) (79 83) 26 (81 98 17) (29 96 90) 31 (2 28 99 91) (75 61 23 93 67 5 65 16) 48
100: 56 (32 43) (77 94 14 79 35 62 3 97 82 41) 48 93 (81 38 39) (18 85) 72 (80 74) 71 (4 49 8 90 22 89) 23 91 (25 15 73 13 26 64) 65 (17 84 78 20 83 5) 70 (19 66 76 42 92) 86 (36 45 60 27 87 54) 9 (40 95 12 75 68 16 29 53) (96 6) 55 99 (98 100) 69 (52 67) 50
1: 31 (23 38) 57 (3 96 5 49) 17 (16 2 27 42) (47 22) 55 82 (4 85) (81 62) (45 92 95 6) 67 72 (1 86 79) (32 35) (46 30 25) 98 (12 68 28) 97 (36 9 65 76)
2: (97 77) (63 3 22 94) (28 2 34) (93 58 55 56 26 74 98) (82 49) 25 (86 1) (5 84 6 31 73 88) 35 (18 79) (38 20 62) 68 (54 67 42 66) 15 85 (30 9) (32 17) (10 76 44 48) (52 57 65 80 59 81) (96 69) (90 99)
3: (4 5 55 35) 95 (67 37 36) (92 32 25 44 18 14 68 24 26 97) 94 57 49 85 (22 1 31) 23 (56 84 93 28 65) (73 3 62) 99 (38 6 30 41 81 9) (76 100) 74
4: (100 2) 49 62 58 67 (12 50 37 31 6 46 94 36 3 35) (24 43) 5 87 10 9 22 (60 56) (23 65) 29 (92 52 72 86 96) (90 17 97 44 32 55) 82 4 53 76 (85 34)
5: (38 72 27 76 6 92) 46 (49 67) (25 3 57 44) (10 81 90 31 74 80) (100 28 12) (84 94 34) 23 (17 32 85 11) (73 98) (22 58 40) (35 53 86) (62 5 87) 83 97 (60 42 99)
6: 90 (13 62) (10 74) (2 26 35 18 88 14 85) (42 12) 84 (23 3) (82 59 55 28) 36 86 (56 31 81 79 76 25 9 5 87 100) (67 92 44 95) (32 6 97 15) (22 57) 4
7: 66 38 (3 32 23 80 35 84) (76 58 92 6) (71 74 77) (26 17 1 53 31 81 82 56 89 37 99) (98 90) (20 57) (73 59) 97 9 29 (13 68 27 5 4 65) 49 44 25 88 (12 62 36 85 22 2) 86
8: (93 64 25 55) (1 62) (76 32 78 34 6 22 57 38 94 97) (96 37) 35 49 (89 44 27 31 23 74 45 10) (18 20 46 85 36 41 60) (86 65 3 90) 82 (98 9) (4 92 5 81) (67 100) (80 15) (99 56 12 79 13)
9: 23 57 2 (38 67 36) (58 25 82 74 88 35 4 64) 17 (3 37) 69 28 (32 9) 96 (100 60 5 90 26) (75 6) 31 99 12 (78 68) 86 44 (33 92 42 10) (97 47 34 40) 98 76 (81 62 94) 22
10: (84 46 11 76 65) (97 95 32 62) (55 57 20 4) (35 68 45 77 85 73) 34 (5 49 86 3 59 90 94 78 10) 44 (6 26 74 41) 28 (12 2 61 31 24 98 38) 67 (69 92) (82 25 27 53 81 58)
11: (28 76 3 92 23 18 55) 95 31 (86 89 38 61 1 5 79 70 9 74) (21 2 32) 35 (39 33) (65 90) (6 99 22 82) 85 (87 97 12 17 10 44 37 62 58 34 67 25) (81 98 36) 49
12: (25 85) (37 40) (90 34) (62 76) 100 (26 65 35) 95 (61 5 92) (11 82) (28 81 12) 23 (32 84 49) 77 (94 57) 31 98 (27 3 6 8) (99 97) (96 55 69) (9 1 74) 52 24
13: 68 (56 36) (5 49 97 4) (85 100) (98 33 84) (73 67) (55 38 88) (1 76) (17 57 87) (82 86) 78 52 (6 60 37 23) (69 99 35) (44 74 81 10) 31 (12 22) 28 (92 20) (25 96) (94 24) (32 62 42)
14: (16 12 37) (22 76 98) (78 90) (42 84 32 71) (67 86) 25 (82 1 57 85 56) (36 31 79 44) 73 53 (14 74) 81 72 (94 6) (95 2 97 10 18 61) 49 (62 23 68 34) (9 3 58) 92 77 (100 65)
15: (76 34) (4 69 94) 67 52 (74 23 33) (32 93) 53 72 (90 100 22 26) (87 42 2 84) (5 82 6) (98 49) (80 25 10) 97 (35 86 62) 78 (57 46) 85 (95 9 65)
16: (88 50 12 1 100) 55 (66 56 36) 80 (44 83 81 29) 73 (65 95 22 5 86 85 17) (40 31 10 98 97 62 99 14) 37 (87 49) (16 90 67) 93 (58 94 25) 74 (79 82 72 23 34) 20 68 71 (96 3) (92 61 35 6) 32 28 (84 57)
17: (56 99 73 44) (31 34 57) (94 12 85) (89 97) 61 22 (75 9) (49 37) (11 92) 2 (6 23 38) 5 (82 90) (29 86 67) 64 (26 43) (68 62) (80 72 32 3 35 98 17) 77 (55 81 84) 10 8 100 (95 36) (1 76) 69
18: 77 26 (1 48) (32 62 92) (2 57 25 29) 14 33 (55 73 65 83 95) 76 (31 90 27) (21 5 82 10) (23 94) (6 35) 98 74 (81 67 61 34 36 97) (3 78 44) 86 (88 56) (89 9 49 85 100) 96 17
19: 6 (25 64 84 75 77) 100 3 (76 11 86) (36 87) 85 (97 39) (94 74) 93 (82 9) (1 95) 32 (2 17 16) (42 62 23) (35 21 49 58 31 44) (96 99 90 15) (38 83) (67 55 22) 89 (10 98 92 68 57) 45 53
20: (62 97 86 98 30 78) (31 84 42 33) 2 (5 32) (85 29) (44 94 73) (66 57 1) (10 4) (68 34 12 82 25 89) 49 (38 76) 90 58 74 (3 61) (6 80 95) (100 99 67 17 22) 79 65 36 35 (92 81)
21: (35 65) 57 (25 31 41) (97 9) (12 1) (72 8 23 67) (74 39 84 4 10) 22 (98 38 6) (54 77 55 86 36 62 37 82 92 53 3) (29 85 44 81) 69 32 (47 49) 94 (33 68) 76
22: (37 16) 14 (49 32 25 57 44 45) (56 100 34 67 96 31) (3 92) (78 10 5) 6 (81 23 80 74 90) 1 (98 65) (84 22) (72 4 68 62) 77 2 (76 9 99) (17 20 73) (27 97 38 94)
23: (27 73 32 97 9) 100 31 76 (98 90 39) 57 (75 68) 6 33 95 (85 82) (74 44 22 34 62 86 25 84) 12 (35 88) 28 53 67 (81 94 55 79) (5 1 92 3 72 99) (49 10 96)
24: (35 95 97 92 86) (3 81 26 62 58 44) 42 29 (49 98) 28 38 (57 31) 71 (11 76) (90 72) (32 56 73 82 55) 83 (68 6 5 96 23 84 43) 25 (22 61 94 36 45) 67 (65 34) (24 99)
25: 38 (94 23 36 16) (86 44) 3 (98 32 67) (65 31 62 96) 92 57 8 26 90 (71 10) 49 89 13 83 6 1 (85 81) (97 61) (76 55) 25 100 35 (27 12 79)
26: (96 72) (86 44) 94 (90 22 62 9 27 100 49 58) (12 97) 76 (53 20 81 23 34) (98 46) (5 37 74 26 17 92 85 13 38) 31 (41 99 82) (35 3 55) (28 36) (6 61 80 30 73 29 25) (32 75 57 65 10)
27: (90 6 92 25) (12 73 34 96 53) (65 57 3 30 86 59 98) (5 33) 87 (8 97 79 74) (56 82) 62 (28 63) (81 45 22 27) 55 35 (76 44 31) 49 (10 23) (68 29 94 85 100 9)
28: 95 (65 55 5 94) 72 35 (26 27) (21 44 9 97 88 22 82) 56 29 (42 74) 76 32 (28 57) 18 (6 49) 10 (45 36 84) 23 90 (68 24 17 59) 79 (3 12 38) 98 81 31 (62 58 34 67) (99 86 85 1 8) 92
29: (44 72 57) (16 31 92 100 25) 55 (23 19 67 1 76 88) (93 95 90 22 74 81) 65 94 (58 8) 9 (97 38) (62 20) (99 78 6 40) (15 82 12 32) (68 17) (59 56 26 36) (66 73) (49 5 85 42)
30: (62 5) 76 23 (88 56) 49 74 28 (30 78 9) 92 68 (17 86 1 94) 38 32 10 (33 52 75) (55 77) (73 31) 80 (82 58 3) 35 (85 6 57) (71 97) 21 (37 67 79 13 87) (96 26) 44 (12 81 4) 90 65
31: 56 49 97 (44 10 99) (6 1 87 22 90 32) (2 50) (55 62) (72 12 16) 8 92 (57 35 26 94 68) (13 36 23) (89 17) 58 (96 42 76 5 98 82 73 95) (74 24 78 79 54 34) (33 38 31) 84
32: (62 3) (90 31) (24 44 12) (96 9 14) (35 38 17) 74 (95 1 23) 61 6 71 (57 27) (56 100 84) 94 65 (5 36 72) (82 86) 11 58 (10 16) 97 (75 45 76 48) (32 53) (81 25) 26 87 (49 92) (34 68)
33: 94 57 6 (67 22) 60 82 98 (1 90) (23 97) (4 2 56 62 3) (37 17 61) 25 28 75 (21 8) 38 34 (92 32 68 14 86) (77 81 84) 74 12 (31 79 80 36) (54 9 55) (44 49) (18 99) 53
34: 72 (6 32 1 67) (92 75) (23 89 90 22 50 65 3 95) (98 55 25) (94 96) 81 (86 74 42) (85 9) (76 97) 93 (2 16 10 84) 33 64 (38 36 44 62) (30 99) (49 27) 31 87 57 68
35: 32 85 (57 65) (15 22 44) (100 27) 13 (38 77) (94 98 4) (62 92 49) (76 58 26 36 23 9) (74 56) (3 2) (6 81) (35 31 73) (69 88 97) (24 37 33 45 86 12 95) (90 68) 20 72
36: (97 85) 86 21 65 99 (17 10) 84 (38 62) (25 49 40 26) 37 39 73 9 (2 42 28 35) 31 (53 92 76) (82 79 44) (88 67) 100 81 (94 83) 96 90 71 23 (55 72 41 1) 78 68 (74 32 6)
37: (76 97) 14 (94 69 44 34) (7 80 65 92 10 56 98) (81 49) (84 32 25 6) (82 42 9) 73 (33 60 5 57) 17 (58 62 55) (74 3 38 90 1 36 67 79 31) 12 61 (68 86 96)
38: (68 64) (81 49) 76 (31 20 25 12 57 71) 98 92 (13 85) 95 (55 21) 5 (39 3 100) 28 4 (82 67 38 97) 36 61 (77 42 10 74) (40 9) (99 62 86 73) (32 35) (44 34 90) 22
39: (6 98) (84 36 61) 13 32 (9 73 86 5) (37 26) 74 (33 82) (67 57) (65 31) (55 19 34 38 81 15) 76 23 (25 16) (62 92 22 10 35) (97 27) (17 90 99 100) (85 44) 79 (1 20) 68
40: 27 (29 90 6) 53 (72 23) 4 59 81 (74 12) (92 3 44 30 57 84 9) (98 67 97) 94 (62 5) (88 33) 14 (32 25 58 86) (31 22 85) (55 50) (37 35) (82 80 76) 49 (38 99) (61 87 68 100)
41: (42 16) (4 82 36 59) (28 13 25) 31 85 (72 45) (34 81 83) (32 23 62 17 49) (74 57 94) (12 68 10 76 99 96) (84 37 58) 26 (5 90) (1 61) (9 97 56) (86 3) 67 (92 98) (44 6 77 100 65) 55
42: 31 (24 53 49) (96 12) (6 10 57 88 98) (37 95 65 1 4 97 42 35 61 59 25 38) 64 (32 33 14) 94 82 (27 76 50) (92 3 26 36 79) (9 100) (34 99 81) (44 62 17) (23 40 54) 73 (71 55 56 74 89)
43: (61 3) (90 13 37 80 55) (76 26 31 58) (100 25) (94 44 42) (78 77) (46 32) (56 68) 27 74 (35 85 86) 67 (57 62 99) (97 36) 10 (18 23 92) (49 1) 59 28 83 33 (53 34 72) 82 5 39
44: (81 80) 29 (26 82 35 55 98) (73 96) (99 59) 25 (23 85) 9 (14 47 43) (1 94) (6 57 56 88 13) (62 87 68 31) (86 34 10 12 49 74) (37 97 76 90) (32 21 4 38) 84 (3 44 92 67)
45: (9 24 56 88 67 17) (28 2 44 86 55) (5 92 78) 85 98 72 (97 49 23) 65 74 (1 34 99 79) (38 45) (6 100 82 3 25 32 20 27) (94 57 11 36 22 62 95 31 96) (10 76 35) 81 (90 68) 16
46: (27 3 9) (90 25 75 37 81) 72 (40 78 82) (38 6) (32 63) 85 5 49 (36 87) (62 92 26) 94 86 55 96 65 (10 23 28 42 98 74) (2 44) (31 91 15) 76 84 52 (70 97 95 67 99 89)
47: (87 96 62 57) 92 32 31 (73 75) (6 28) 14 29 (77 74) 9 (47 94 26 10 97) 30 (18 59) 72 (24 16 90 13 11 34 67) (52 86 3 44 81 58 89) (82 61 98 65 41 25 35) (76 53 2) 49 95 (99 1 84 37)
48: 45 (100 97 31) (44 14 94 92) 65 21 67 22 5 (19 55 81 10) 32 1 49 11 78 58 38 86 (12 82 87) (76 62) 68 (96 57 9 36) (17 99) 61 (74 25 84) 23 89 (79 6)
49: 38 (12 96) 25 44 (6 3) 28 (53 5 18) (97 87) (65 51 74) (81 100) 75 (36 82) (29 92 86 84) (35 49 62) 68 (31 94 90) (23 56 37 71 34 27) 33 (57 85 60 72 14 4 77) 22 (76 98 11 61 32 21)
50: (5 69) 65 38 (55 20 49 81 66) 12 25 (36 73) (67 10) (84 80 98) 22 (86 61 44) (62 26) (74 92 32 87 82) (76 70) 31 (90 9) (56 13 85) 100 (97 1) (3 94 6 34)
51: 68 31 92 35 62 10 94 (9 79 19) 12 34 75 36 23 (25 97 85 29 5) (2 50 95 96 28) (82 38) 72 (74 73 32) (3 58 88 67) (57 6) 76 56 14 (1 46 44 81 53 37 84 47) 45 (64 86 65) (90 26 55 49)
52: (72 65) 73 (81 76 9 86 26 25 85 45) 67 (98 6 10 12 38) 56 1 (77 55 35) (92 49 36) 24 28 (3 74 27 5 23 62) 16 (53 22) (80 97 61 34) 44 (17 31 100 90 32) 37 46 94 82
53: 28 41 6 (54 32) (29 25) 55 (5 67 81) 36 (2 86 65 57 23) (85 49) (79 31) 8 (90 68 72 95 35) 33 (99 10 94 44) (62 56) 92 73 (97 3 22 1 76 98) 100 (38 84) (37 21 11 17 9)
54: (12 38) (89 46 5) (97 75 34) (55 67) (58 21 92 4) 85 17 (6 69 37 31 18 82 23 86 83 84 14) 35 22 (73 9 81 2 26) 1 88 76 (90 94) 25 74 62 (10 36) 100 32 (44 70)
55: 3 (34 1 58) 6 (53 23 26) (28 27) 30 (5 90) 67 (25 82 32 2 36 100 13 96 74 50) 94 (65 44) 31 86 (22 97 12 49 81 56) 76 (11 55 60 64) (17 57 95) (99 9) 10 (85 62 61 68 88 35 37)
56: (23 97) 44 14 (61 8 66) (26 96) 99 (37 6) (58 57) (4 62) (90 11) (5 35) (85 56 2 94 3 49 32 98) (71 12) 17 (31 40) (68 87) (76 95 79 82 20 88 27 25) 55 (69 18) 84 (92 36) 10 (100 22 86) (74 72 78)
57: 94 (28 25 45 76 1) 21 65 90 (72 12 58 61) (73 74 84 78 97 59 81) (68 49) (30 32 10 62 99 98 3 82) (23 29 15 36 77) 22 (44 56) (86 9 2 42) (92 96) (5 14 34) (26 67) (79 6 37 35)
58: (72 42) (86 84 5 22) 46 33 (61 69 44 56 98) (79 16 36 55 62) 74 (82 94) 20 53 58 (95 97 1 73) (10 6) 3 38 (27 34) (80 31 32 99 92) (67 35) 25 (81 90 76) (49 23)
59: 73 92 (59 76) 80 (15 82 84 56 13 27 57 44 94 99 98 90 34 6 28 20 23 32 62 42) (12 74) (1 30) (39 72 86 25 10) (17 67 55) (85 9) (31 81) (88 53) (97 22 65 38) (26 49 35)
60: 32 (25 62 65 90 71 3 23 56 77) 94 (55 97) (74 80 6 9 68) 53 (10 16 31) (92 85 59) (98 35 21 76) (81 38 14) 84 (17 58 12 57) 72 22 39 (49 100) 99 67
61: (16 21) 4 (31 53 88) (90 73 27) (17 26) (56 34 18 74 92 13 65) (44 76) 55 23 (89 2) 10 (25 84 49) (61 81 3) 11 (62 82) (69 37 8) 94 (96 99 85 86) 95 97 79 (14 32 5) 36 (68 6)
62: 53 98 94 44 97 (1 18 86 69) (20 62 12 31 15 55 81) 35 (90 76) 72 4 (36 85) (21 29 52 23 28) 16 5 96 67 65 27 6 (80 3) 34 2 (22 68 92 25 75 100 74) (30 49 8) 50
63: (10 44) (53 16 73) 81 39 (2 98 8 82) 5 (40 52 94) (34 74 96 14 62) 57 (6 85 92 84 3 37) (55 31 26 99) (72 61 12 42 45) 23 (49 15) (97 36 32 65 86 69 35 9 79) 76
64: (35 38) (14 96) (13 94) (22 74) (32 61 56) 100 (80 67 6 98 18 55) 34 (39 12) (97 26) 31 (90 86 3 25 23 84 10 2) (44 78 4) (77 57) 53 (81 82 65 1 92) (33 49 64) (83 9) (19 76 62)
65: 1 17 79 (76 88 94) 86 (71 38) 100 (57 44) 32 (4 13) 58 (25 92) (34 10) 49 59 (74 72 73 96) 35 23 (53 9 31 61 70 55 62 68) (81 3) 12 (28 30 6 84) 90 (99 82) (77 67) (37 22 97)
66: 38 (14 97) (34 49) 81 (46 9 5 87 84 35 36 82 68 69) (25 17) (92 18) 100 (13 32) 60 (40 94) 66 (62 76) 23 (24 85 30 39 31) (53 2) 55 58 (44 65 79 61 37)
67: 60 (90 26 12) 34 13 (37 36) (68 88 100) (62 16) (92 73 21 65) (78 28) 99 (6 24 9 25 58) (3 44 49 53 74 82) (30 96 86) 84 (32 35 61 76 2 57 98) (81 5) 17 (10 85 87 23 95) (22 94 31) 97 79
68: (68 46 35) 67 74 (93 4) (2 6) 5 (85 37) 72 49 65 1 11 100 (75 38 57) 42 (79 94 97 90 32 12 44 95) 52 (73 76 21) 86 22 (10 62) 55 58 92 (23 56 84) (25 3 26 18 82) (31 99) (20 9)
69: 6 (49 76) (22 13 81) 5 (36 92 26) (44 100) (80 53 97 78 35 90 9 40 17 96) 3 (10 72) 20 (31 38 85 56) (74 37 32) 88 59 (12 57) (62 23) (87 86)
70: 58 22 (23 17 29) 92 33 99 39 35 76 94 68 (42 25 56 96 82 75) (40 62) (12 5 44) (37 100) (97 88 32 31 9 79 71 89) (1 16 53) 34 (98 90 67) 81 (2 57) (36 3 77 6) (49 10) (74 38)
71: 85 (67 81) (44 89) 2 (95 87 90 79) (49 86) (36 12 3 25 18 96 19) (76 14 97 45) (94 53 35 28 6 58) 55 (9 57) 71 (4 100 99 42) (65 23 15 8 24) 92 (84 70 26 82 56) 72 (68 22 74 75) 62 38 31 78
72: (22 77) (12 62 76 44) (38 90 34) (36 86) (1 84 99 53) 5 (88 68) 58 (94 66 6) (92 10) 55 (80 25) (57 26 81 35) 45 (2 16 95 100 33 97) (89 56 3 37) (31 32 74) (49 65)
73: (67 32) (74 44) (36 56) (65 25) (9 64 79 81) 27 96 (89 100 8) (78 85 90 75) (26 35 95 5 58 38 49) (86 97 37 82 17) (98 31 84 6 1) (23 73 66 62) (28 92 13) (94 10 55 14)
74: (82 2 4 1 86) (80 73) 35 (61 45 17) (30 67 65 22) (10 84) (97 56 57) (89 44) (40 92) (34 38 55) 90 (11 32 33) (9 20) 49 (76 98 31) 62 (87 39) 72 36 81 (24 85) 6 100 (74 94 58) 37
75: (55 85 76 86) 32 12 (13 92 10) 96 (98 11 39) (82 25 89) (21 20 30) 34 (3 40) (37 35 26) 99 (36 78 94 62) (68 84) 100 (58 42 6) 31 (49 5 23 73) (65 90 74) (46 4 97 22) 44
76: (78 9) (37 49 58) (27 53 82) (62 23 54) 92 25 17 59 (98 3) 97 2 (36 90 99 57 35) (76 38 72 74) (94 5 10 81) (46 32) 14 44 (13 31 30 26) 75 100 67 (15 56) 28 18 52
77: (62 32) 85 (6 89 98) 59 (72 90 36 34 58 55 78) (31 35) (92 93) 29 (37 86 49) (74 67 3) (44 57 95) 79 (26 10 8 17 24 82 76 23 65 84) 2 (28 12 97) 100 (4 81 99 73)
78: (97 86) (35 34 72 10 75 3) (18 100 12 15 87 68 57) (81 37 55 77) (82 13 31 6 30 56 5 44 90) (67 53 40 76 58 36 79 73 32 94) (23 59 92) (62 28 9 96 84) 78
79: (34 94 53 74 81 83 17 90 84 72) 82 (25 50 20) 30 39 16 97 (100 2 89) (68 5) (92 55 26 61) (86 96) (23 63) (3 42 4) 11 (6 32 35 13 87 65 62) (8 66) 28 (22 99 98) (56 76 12 49 31) 44
80: 60 (97 3 38 65) (72 100) 25 (74 62 1 17 81 94) (23 78) 68 (48 96) 37 44 73 40 (22 49) 90 (98 32) (6 92 10 76) (86 69) (82 30 57 8) 59 28 (58 36 26) (35 31) (42 61) 87 21 (99 2 34)
81: 99 72 (68 46 38 90) 4 (44 26 67 17) 25 (37 22 6 73 36) 10 8 (65 32 82 61) 69 (75 79 33) (13 39) (49 62) 86 (18 85) 57 (74 92) (34 97) (31 5) (21 70 100) 3 (76 89 87) 81 19
82: (79 34) 82 28 (26 12) (62 68) (58 96 37 55 35 57) (100 23) (9 31) (93 94 13 3) (76 81) (87 65 15) 74 (4 49 10) 30 (84 85 32 97 6 5) (17 90 1) (25 56 71)
83: (18 59) (94 44 45 9) (62 98 31 76 24) (100 81) (67 32 92 78 6) 74 79 40 49 (8 82) (99 53 36) (5 86) (4 90) (42 3) (65 17) (57 25) (97 93 37 28) (35 12 77)
84: 35 88 (71 25 9) 37 (82 36) (54 95 85) (72 39 5) 24 (18 65 44 68 97) (56 23) 59 (62 4 92) (74 84 29 94 99 6 98 32 96 58 76) 31 38 (55 12 79) 100 10 (86 57) 13 (22 78 81 73) (49 2)
85: (71 79 23) (34 49) (5 25 98) 84 44 (32 92) (15 94 62 28 56 64 6) (10 35 36) 74 (58 88 2 1) (27 81 12) 99 (68 31 97 100 76 85) (82 57 65 3) (87 26 72) 90 86
86: (47 22 96) 37 9 (44 93) (10 16 88) (77 13 1) 35 (25 67) 23 21 (100 65 5 92) (12 74 99 76) (6 30 53 68) (61 72) (86 34 27 73) (84 82) (45 31 32 90) 57 (69 33) (56 62 94) (97 49) 14
87: (53 32) (76 26 60 2 84 49) (4 5 39) (10 81 68 44) 22 (23 95 25 80 73 78 3) (35 31 36 98) 42 (62 97 94 1 34) (72 12) (24 100) (90 92 57 21 58) (74 67)
88: (68 76 22 81 29) (35 99 27) (65 39 82 78 14 12) (10 46 72 94) (90 37 1) 21 (23 74 98 6) (13 92) 20 62 89 (31 86 57 97) (2 88 49 4 36 95 44 84 67 8 34 45)
89: 100 (35 11 75 26) 34 13 18 (40 95) (76 94 57 85) 68 56 (36 49 74) (12 65 1) (92 23 89 61 3 67) (32 55) 90 (99 31) 86 44 (97 82) 81 53 96 (84 25 58 38) (62 5)
90: (99 96 100 92 9) 18 74 25 97 44 (30 85 16) 98 58 (82 13) (77 90) (20 52 3 60 31 71 28) 24 (93 35 53 67 32 19 68 84 65 94) (86 95 57 49 56 37 1 12 62) 81
91: (81 57 97 62 76) (56 5 84) 32 67 (34 68) (3 96) (37 35 23) 87 (31 99) 27 86 43 (73 92 82) (26 1 44 100 16) 12 (75 9) (18 6) (49 65) 90 17 36 (94 25 85) 14 (20 74)
92: (3 36) 82 (22 26 32) (56 65) (49 58 31 97) 5 68 100 81 (2 38 76) 25 21 (57 24 84 62 61 6) (59 23 11 73 74 92) 96 (47 44 95) (34 67 85) 14 94 (35 12) (90 37) 86 77 (10 98) 87
93: 97 (49 5 54 90 72) 99 (28 69 74 12 85) (76 26 88) (98 78 62 80 9 4 6 68 13 32) (82 55 86 53 100 21 3) 10 (73 44) 56 (41 75 25 94) 61 (65 95) 92 23 81 (37 35)
94: (3 44 59) (47 37 13) 5 45 (23 81 17 12 99 35 85 31 25 36 84 4) (56 27 55 21 22 49) (10 62 30 92 96 100) (29 98 38 97 65) (24 1) (57 6 67 94 82) (39 74 86) 72 (90 9) (34 76)
95: (53 55 38 29) (67 31) 62 9 65 (12 84 99 71 97 26) (23 85 76) (82 81 88) (39 86 61 95 40) 11 (25 10 36 58 87 68) (30 22) (28 3 44) 94 96 (1 20) (42 80) (32 49 45) (57 74 100) 6 92 56 (89 90 13 35 78)
96: (9 21 81) (31 76) (92 67) (61 30 16 32 26 100) (90 94 23) (72 55 49 22 35) 34 (3 97) 10 98 (53 62 56) (93 99 27 50) (86 73) (74 44 6 17 13 82 84 36) (45 5 85)
97: (18 76 34) 80 65 (27 87 81) 97 (37 84 14 78) 86 31 (46 23 25) (92 67 90) (55 16) (17 44) 74 (42 100 9) (49 32) (85 12 1) (2 62 71) (3 82 94) (72 11 28) (21 22) 35 (68 30)
98: (99 62 97 32 76) (89 20 86) (98 90 48) (9 55 68) (35 65 84 58) 61 (71 96 13 57) (31 16) (49 73 92) (22 94 10) (56 81 23) (95 82) (100 6) (93 67 45 72 1 12 25)
99: 36 82 17 97 (74 31) (24 62 5 32 12 57) (90 6 86 95 3) 45 69 (49 44 92 65 73) 34 (35 100 13) (84 81 72 76 67 22) (26 87) (38 98) 9 54 (25 39) (75 55 85) 99 93
100: (33 97 26) 99 21 92 25 32 79 20 (74 36) (94 16 98 57 31 5 82) (95 40) (17 65 38 49) 35 (29 56 68) 10 77 (24 100 67) 6 12 (88 62) (2 85 55 44) (34 73) (86 81 11 78) 84 (58 53) (39 76 90 3)
