100 100
1: 29 65 82 (58 99 33) (44 84 28 20 32 45) 61 (87 89 71) (57 95) (42 48 25 98 49) (23 93 90) (43 60) (37 35) 39 (96 85 15 14) (22 52 56) 81 (77 6 21) (66 91) 2 74 8 7 (100 51) (73 19) (86 31 88 34 83 24 92 75 10) 13
2: (97 80) 19 (58 75) (86 5 32 54 71 21) (9 85 46) (22 62 99 68 56 36 83 66) (6 76) (95 87 91 11 10 61) (92 30) 51 (59 26 53 55 81 29 77 1 3 17 14 40 31 33) (16 38) (72 48 37) 79
3: (7 23) 18 26 38 84 (85 93) (62 72) (86 50) (33 56 47 31 37 68 17) 43 (63 60 66 29 46) (35 19 45 15) (91 73 3 92 16) (89 87 79 49 58 51 80 42 57 11) 59 (54 98)
4: 18 59 28 (48 40 17 73) 31 (25 41 15 2 65 62) 46 38 (57 20) (53 51) 76 84 10 47 68 100 (8 23 61) (63 19 96) 21 (74 36 50 88) 43 (98 42 79 72 75 71) 56 (37 26) (32 14) (11 5) (58 93) 83 85 (77 54 12 67 69) 94 9 (91 80 30 97 1) 55 33 (99 22) 89
5: (97 79) (50 40) 62 55 20 (91 19) 42 31 28 (8 59 36 3) (80 63 9 68 96) 34 (73 38 57 5 66 37 44) 69 30 92 (88 93) (43 35 53 52) 10 (49 61) (74 86 82 2 14 51 65) (76 84) (56 33) (54 7) (24 46 45) (94 21) 71 99 (67 77) 13 15 (26 60 29 95 89 4) 78 1 (75 58 17 18 100) (90 85 98) 47 (48 87 16 41 83 25 72)
6: 2 83 (89 26 30 48) 66 (43 81 5) (8 82 71) (94 74 92) 10 (14 20 15 38 84) (12 22) 39 40 42 36 96 (95 6) 55 65 (19 90) (99 75 51 13) 1 9 (7 70) 64 24 97 47 45 34 58 37 (93 21) 54 68 (11 98 46 62 73) (67 60 17 23 79)
7: (77 83 22 85 62) 42 27 38 (3 92) 24 (10 23 30 40) 46 99 (73 48 97 59) (96 18 7) 93 (68 36) (57 86 13 6) 52 100 87 (26 64 79 66) 45 28 (90 53 20) 54 94 (72 39 35) 16 (17 70) (61 4 69 19) 88 95 11 (21 63 55 29) 51 47 (14 5 75 15 76) (80 89 31) 81 (12 25 32 58 78 9) 41
8: (56 18 36 72) (100 21 38) (50 22 8 14) (89 17) (40 19 34 5) 93 (58 79) (52 94) 9 (69 3) 59 (32 83) 45 (60 87) (30 98) (55 27) (41 73 53 78 80 42) 28 99 (43 16 54 85 35) (64 47 63 1 70 71 15 11) (61 68 66) (75 92) 46 (33 62 74 25 96 77 7 90 26 2) 29 95 (20 10 67 81 12 82 86 13) 97 24 (91 84) 65 (23 76 57 88 6 44)
9: 29
10: 34 (44 75 50 82 22) 28 (17 58 89 88 8) (97 56 85) (24 51) (67 1 25) (13 99) 20 91 78 (90 9 92 74 54) (98 30 66 5) (93 3 96) (84 48 29 36) (79 27 42 71 16) (76 10 68 7 33) 12 (86 26) (70 2)
11: (23 9) 38 (17 56 34 81 25 43 63 58 84 35 50 37 39)
12: 87 60 3 15 34 (69 17) (91 54 16 71 36) 32 (19 61) 1 70 (89 82 4 57 14) (81 20 48 97 92 29) (41 2) (10 59 44) (86 5 93) 78 (22 42 6 11 38) 72 66 98 (62 39)
13: (76 29 11 89 6 88 15 3) 87 (97 27 38) (94 35) 91 (69 75) (36 52 20 53) 61 16 (19 24) (17 56 90 93) (14 18) (98 32) (72 83)
14: (32 19 45 38 54) 61 (55 95 12 92 22) (11 23) (15 36) (40 98) (78 46 33 75) 3 84 (42 52 76) (4 72 16) (24 68) (94 35) (56 71 8 29 65) (25 100 66) 39 (86 63) (43 91) (49 2 57 99 37) 6 (64 79 90 27 50) 53 (14 21 69) 89 (20 67 82 47 7 93) 96 41 (34 70 60) (28 58) 5 (44 30 48 81 80) 51 74 (59 1) 10
15: (68 37) 98 (70 52 26 93 7 72 74 92 53 79 85 87) 90 25 (11 17) (78 65 89) (64 10) (5 66 40 1) (63 73) 58 (21 45 19) 82 (96 69 84 36 34) 80 (20 31) (9 91) 62 38 97 (94 41 71) 23 43 (56 86) (42 24 18 15 35) (22 46 48 2 51)
16: 81 75 (97 50 44 31 16 43 49 9 6 25 53) 86 98 (57 32) (23 64 24 27 20 21 18) (19 13) 11 (22 46 73 52 77 83) (14 17 33 69) (4 100 54 2 66 41 68 45 47) 67 30 (62 29) (90 40 26)
17: 29 (84 46 28) (11 15 95 22) 76 21 (93 66 72)
18: 58 (13 87 5 82 22 25) (99 37 61 11 34) (57 90 29 88 71 65 75) (84 26 7) (56 47 80 24)
19: 83 (42 61) (71 76) (78 86 50 39 20) (2 53 58 94 27) (13 48) (56 6) (36 70) (33 75) (51 10 99 8 55) 4 (49 16 23) (81 73 21 68 35 9 57) (95 82) (88 91) (37 7 84 44) (43 80 79) (98 18 69 11 3) 96 87 72 19 (77 47 65) (63 28 30) (5 38 54 66 90 34 41) (62 29) 31 (40 17 93) (52 26) (92 67 59 12 97 25) (60 15 64) 14
20: (81 75 21) 35 50 97 57 78 68 (83 19 43) 36 8 (28 25 12) 10 95 48 92 (86 18 66) 9 (88 85 16 71 65 58) 98 70 32 (93 30) (82 96) 99 (45 84 37) 13 39 (87 100 23 60 11) 73 (62 94 49 63 67 61 22) (38 27 56 17 20 59 42) 7 72 64 (69 41 4 74) 1
21: (47 37 22 34 38) (32 31) 6 (44 99) (69 14) (41 5 36) (72 23 73 88 3 79) (91 40 10) (96 51 26 25 53 89) (83 39 46 65 84 35 87) 55 (82 93) (4 70 30 77 48 78) (49 62) 20 (1 86 60 21 45 16) 80 (8 2 63) (50 9) 81 68 43 76 (42 97) 90 11 (57 19) (17 56)
22: 45 (62 71 21 47 49) (40 6 35 77 75 4 42) 87 46 90 (16 43 29) (54 17 86)
23: 22 (74 75 25) 26 7 (47 67) (97 55 95 79 15 14 24 46 98) (8 99 65) 49
24: 13 18 2 (6 98 44) 99 (9 57 32 29) (35 24 100) (64 75 87)
25: 24 3 70 25 9
26: (56 73) 88 (47 83) 31 (32 92) 76 (22 10 79 16 91) 12 (41 74 26 77)
27: (66 41) 53 100 (85 80) 9 (54 63 90) 65 96 (88 4 60 78 37 95 45 69 10 33 7 73 93) (91 89) (64 79)
28: (90 92 55 100) (53 7) 5 (25 18 41 26) (76 57) (37 72 24) (49 73 44) (97 23 9) (78 15 43) (60 10 64 89 91 32 95) 27 29 (3 21 45 33 56 36 63) (16 42 61 67) (74 87 8 83) (75 80 52 65 81 69 99 38) (47 20) 66 30 (50 17)
29: (56 84) (2 24) (40 38 89) (19 8) 32 97 (35 41 4 93) 80 61
30: (55 79 97) 92 (39 96 56) 54 (75 87 66) 58 (53 59) (45 80 69 4 34) (48 38) 63 (88 76 6) 7 73 (14 11) 18 (90 85 3 9 19) 67 32 89 (44 28 21 99 47 57 74) (42 62 5) 8
31: (64 63 60 41 71 74 73) (42 92 76 96 17 34) (35 83) (58 51 97 9) (77 52 27 18) (91 90 86 69 28) (66 89) (3 61 26 21) 8 36 (70 95 88 100 99) 16 47 (65 78 4) (22 11) 98 (49 75 72) 84 (30 57 67 37) (1 46 24) 48 32 (68 80 79 56) 87 (85 53) 55 (2 12)
32: 88 (49 56 28) (93 27 19 4 13) (85 41 18 66) 74 (3 57 50 64 25 40 92) (5 1)
33: (46 15 29 14 64) (80 12 53 18 74 55) (20 56 5 39 93 96) 48 (91 90) (27 9) 59 60 1 58 (45 31) 63 85 (70 72 76) (23 67 17 71 7) (4 44 89) 41 (52 21 68 30) 62 34 (94 84) (99 33) (61 37 81 10) (78 54)
34: 53 (9 75 8 57 65 38) 89 21
35: (55 23 74 5) (34 90) (19 81 84 7) (16 78 32 58 18) (33 41 50 66 89) (76 53) 24 (64 45) 43 (59 94) (2 14 29 4 85 56 75) 95 97 21 (52 49) (67 68 69) (38 57 65 15 79) 9 12 (31 36 3 71) (100 46 42) (27 6 22 96 51 8 20) 87 (92 63) 35 (40 73) (98 39 61) (25 44) 11 (26 77 91) 86 (70 93) (30 10 48 37 80) (28 88) 83 54 (82 47 60 62 99 13)
36: (91 1) (84 36 15 13 35) (59 43 10 33) 52 (45 86 47) (75 74) (62 97 96 39 66 16) (90 14 80 41 94)
37: 41 (58 60) 29 (16 19 23 3) (75 32 68) (21 93 49) 25 53 17 7 100 (2 56 80 47 88 94 82 28) (38 33 74 70) 18 62 (86 79 48) 67 64 81 37 35 (54 34 95) 8 83 77 (31 55 73 50)
38: 56 (11 53) 79 (5 46 29) (4 99) (34 58 47 38 55 61 42) (85 25 59 71) 78 (28 20 8) (89 66 17 31) 51 (57 82 23 98 95) 45 (39 44 1) (86 81) 37 (41 50 24) 32 (74 9 88 97) (60 94) (3 77 52 63) 75 7 70 (68 40 14) (18 19)
39: (11 31) (99 74 90 93) (96 83) 6 (44 53) (28 98 59) 58 38 69 10 (32 97)
40: (98 90)
41: (24 28) 38 44 100 91 74 (18 15) 30 (52 67) 84 82 (55 81) 75 (87 78 47) (11 19 2 99 50) (36 71 25) (70 29 54 59 93) 92 37 13 (46 83 8 23 69 4 53) (3 5 27 77) (66 76) (7 42 56) (86 64 94) 73 17 57 (48 14 61 62) (98 40 88 41 49) (16 31) 45 6 (60 90 65 80 26 63 85 43) (21 39 33) 1
42: (39 66) (82 33) (47 71 34 41) (45 61 30 67) 44 (65 60 7 1) (86 35 12) (13 96) (100 29 15 43 23 55 8 75) (49 46 70) 42 90 (37 76 48 64 95 31) (80 4 16) (89 72)
43: (15 48 84 7 74) (53 37 2) 52 3 (30 19) (86 39) 5 (18 66) 67 (50 64 24 38 58)
44: 4
45: (17 4)
46: 96 (6 49) 26 (7 80 47 75) 30 (38 60) (78 70 87 100 94 37 55) (35 88) (31 58 16 23 57 56 24) 22 15
47: (60 39) (99 55 8 51 59) (81 50) (85 48 90 15) (87 71 25 30 83 9 54 23) 94 (2 5 98 18 7 42 24 28 34 93 3 80 6) 72 (68 67 86 14) (29 96) (44 63 64) (70 47 84 38) (32 37 11 41) 100 (95 78) (56 13 89)
48: (74 7) 32 (75 28) 56 (38 4) 63 54 (31 1 96 16 84) 94 (35 29 89 62 19) (5 53 36 18) 49 (41 82 76 34) (90 24) 68 (79 10 27 22 51) 12 (80 59 66) 2 (67 60) 17 (30 11) (37 73) (23 83) 99 9 (39 6 86 20 45) (91 98) (71 52) (77 25 46 48) (93 50 21) (26 65) (70 43 55 87)
49: (28 17 8 4) (18 44 7 90 81 25 68 14) (12 91 75 54) 99 11 72 (41 46 60) 70 37 (1 35 52) (5 53) (92 83 66 50) 86 (43 93) (10 15 98) (65 62 38 95 58 73 77 51 96 71 42 29 74 84 33 69 88 63) 13 (89 16 21 76 19 97 67 100 57 85) 82 24 26 (78 94 56)
50: (33 41 26 24 20 96) (97 16) 4 8 (59 87) (64 12 79 62) (54 83 13 99) (42 67 32) (90 84 53 17) (94 66)
51: (38 20) 44 (41 9 37) (99 83 89) 78 34 (56 63 61 13 35 71) (95 40 90) (43 33 29) (7 55 10 2) 23 (32 98 22) (26 28) (53 79) 82 (72 60) 39
52: (74 57) 37 20 (83 43 2)
53: (54 96 78) (17 11 28) (31 41) 83 3 91 (6 36) 61 82 (81 8) 68 (39 48 9) (57 99) (88 27 24) (65 76) 56 (62 100 38 58 30 87 67) (23 22 40 89) 70 (26 52) 92 97 (18 64 50 37 2) (45 21) 34
54: 47 26 48 (73 86 22) 25 41 32 30 (89 64) 69 (81 50 94) 13 66 (1 71) (36 75 56 70 4 3) (8 68) 19 (85 60 72 6) (16 93) 14 83 (61 15 28 27 53 45 49) 17 (33 24 40) 34 (97 31 35 59 11 44 76 18) (77 42) (95 67 87) (58 65) (38 96 54 55 46 7) (5 29 74 23 20 84 90 88 92) 78 (43 12 91)
55: 30 (49 25) 97 56 (52 34 21 61) 84 (11 26) 81 (88 72 76 92) (18 86 67 12) (91 38 68) (17 60 41 70 59) 15 6 (51 9) 73 (48 74) (14 42) (8 7) (100 93) 64 44 24 (13 43 71) 4 (66 90) (40 89) (23 47) (37 80 79 63 87) (46 98) 83 (55 3 54 65 95) 96 (19 33 50 39 28 35) (27 85 1 78)
56: 64 (15 42 100 25 67 97 31 4 34 88) (70 21 24) (68 63) 72 (23 45 98 75) (47 84 76 26 95) 50 (94 9 78 66) (13 69 87 7 80 52 41 12) (3 6) (81 48) (93 99) (56 33 59 27) (40 10) (73 83 71) 44
57: (13 94 82 15 30) 100 42 22 86 (97 56 99 73) (78 88) 1 (62 4 28 69) (72 67 37 91) 44 (76 31 89 87) 50 79 (95 23) (49 33 39) (12 59 3) (93 61 90 84 57) 18 (29 32) (25 47) 77 70 (80 65 8 60) (2 14 63 46 75 41 66) 96 (36 81 54 34) (68 64) 38 (85 11)
58: 67 13 9 89 (96 37 48 34 35 20) (81 16 71) (6 31) (94 74 53 75) 56 (21 39 23 95 29) (19 43 18) 61 (80 52 45) (40 25 4 85 62 64) 72 (12 97) (70 60 92) (54 100 14) 32 (11 42) (90 98) (3 51) (30 78) (15 27 68 7 87 24)
59: (92 88) (23 6) (96 26 39 19) (85 68) (49 69 25 76 11) (13 7 2) (16 9) 91 (18 53) (29 63 21 65) 54 80 77 (61 17 73 50 99 70 90 15 56 4 12 10) 28 (81 42) (95 60) (79 8) (1 41 34 100 36 98) (30 37 14) 47
60: (96 65) (30 27) (73 29)
61: (34 82 40 21 8) 87 (61 17 15) 73 (7 52 98) 36 (4 68 64) (22 18 91 50) 88 (92 80 33) (67 39) (16 1 81) (24 96 74 63) (83 86) (60 99 14 53 94) 69 29 70 45 (90 93) 13 (57 35) (26 56) 78 66 9 (3 58 30) (42 5 76 51 41) (43 79 20) 23 97 (31 6) (25 55) 44 (100 11 77) 2 (47 65 49 59 72) (75 95) 12 28
62: (9 1 48) 79 (36 22 70) (57 10) (2 55 25) 5 (76 62) (47 4 31) 6 (53 18) 29 (34 63 66 59) (3 91) (41 97 56 49 87 11 13 39 60) 69 71 7 44 (81 73 96) 94 (100 27 20) (28 88 64) (98 75) (37 78 40 67 42) (99 95 12 17 35) 30 85 82 (21 15) (23 68) (43 93) (26 16 84 74 54) 32 (86 45 24 83 61 38 33) (8 51) (72 58) (77 52) 50
63: 83 (66 54) (58 91 60 45) (17 85) 39 (82 15) (99 31 34 73 55 75) (27 72 21 33) 88 (11 74) (1 36 41) 70 (22 62) (46 71) (93 95) 68 92 (57 19 44 78) (56 25 80 63 48) 43 (76 47) 100
64: (72 55 93) 41 (91 45 8) (12 54) (40 64 5) (59 79 85) 27 (2 70) 24 (98 68 9) 100 (95 37) (78 50 21) 97 (22 38 16 28) (10 60 44 3) (13 81 62) (6 43 17) (80 77 87) (74 34 32 53) (86 46 48 96 61 19) (63 25) (99 88) 33 (14 67 30 1 47) (66 76 4 51 58 83 75 65 31 42) (52 69 57) (82 84) 11 (35 92) 89 18
65: (60 87 70) (24 33) 45 (38 37 79) 98 (92 3) 88 (14 73 1) (58 69) 19 84 39 68 (80 40) 11 86 (5 95 6) (31 20) 25 (65 15) (66 54 23 85 36) (77 72) 8 (63 12 34) (96 47 91) (90 28 2) 41 (74 59) (75 94) 32
66: (46 43 87 100)
67: (26 61 4 77) (96 12 49) (27 45 43 55 29 14 32) (31 65) (64 3 63 89 94) (28 46 17) 72 (95 66 78 93 30 23) (52 70 47) (100 58 54 2 13 34 68) (75 87) 99 (57 18 69 91 11 74) (40 85) 25 (44 1 35)
68: 33 (62 52) (28 19 38 5) 79 74 (11 78) 26 (92 94 81) (100 27 69) (51 46) 63 (49 83 22) 96 (48 9) 36 55 (50 65 23 34) (4 6 89 67) (15 66 70 16 3) (1 44 14 82 57 29 86 84 75) (93 60 40) (64 32 58 30 39 53 61 2) (31 73) (47 54 45) (42 35 10 97) (59 76 80) (77 85) 20 37 (72 87 43 95 7 71) 12 99 (88 98) 17 56
69: (60 61 78) (87 70) (88 100 58) (57 84) (91 85 50 1 41) (21 25 31 98) 37 (34 52) (64 9) 65 51 (2 12 89 29) (71 23 74 17 16) 3 32 (33 63 53 10) (40 6) (56 44 4 15 76) 72 95 (24 18) 48
70: 17 (98 85) 6 71 (94 66 21) (100 49) 62 (54 65 75) (38 89) (8 20) (7 58 64 55) 31 (73 9) (24 12 11) (51 76 19 28) 59 (3 22 42 34)
71: 39 61 6 75 72 76 (30 41 92) (44 79 33) (1 20) (5 14 60) (89 43) 21 (22 4 59) (98 19 35) 69 74 (86 8 26 65 91 18 57) 47 (67 37 52 24) (13 56) (68 93 49) 62 (2 54 95 50) (23 84) (34 12) (97 48) 36 (85 96) (63 100 45 73) 40 (25 90 17) 16 11 (31 27) 66 3 53 70 (88 71 58 38) (82 99) (32 55 51 77 80) 64 (46 28 29 81)
72: (34 39) (9 24) (20 27 58) (59 26 2) (22 28 92 64 74 30)
73: (59 99 100) (81 61 38 2 87 6 91) (82 97 45 14) 36 (57 88) (3 21 22 13) (56 54 78) (51 44) (92 1 31 49 69) 50 (77 75 93) (42 39 26 83 28 98 58 74) 9 (53 34 20 62 80 67) (85 86) (17 73 11 16) (94 19) 89 (68 30) (41 15 79 60) 55 (70 27 96 76 90 25 65 5 4 32 63) (48 84) (47 43 46) (64 8 29) (33 35 18 40 37 66 10) (23 95) 71 52 (7 72 12) 24
74: (86 1 60 50 20) (73 58 10 11) (45 51) (13 8 41) (83 91) 39 (99 98 92) 57 47 (22 95) 36 5 (94 30 87 37 69 90) (6 84 62 24 18) 70 (78 54 63) (33 4 31 44 59 48) 14 (21 27 75 77 74 34 88) 100 (82 85) (2 25) 19 64 97 (96 68) (35 26 81 72 52 15) (23 42) (17 55) 49 16
75: (35 100) (93 1) (53 18 62 64) (20 12 34) (36 49 7) 66 (38 94 31 43 33 71 55 80 3 52) (50 27 76 60 14 84) 70 (16 91 85 41 57) 59 (2 28) (10 40 99 77)
76: (2 46 64 98) (41 61 53 65 13 92) 88 (77 37 30) 52 (85 50) (78 15 63 49 4 5 74) (1 38) (32 44 90) (89 73 35) 29 28 43 (81 18 67 47) (8 91 95 3 25 70) (22 6 57) (58 34 71) (75 94 62) (100 14) (33 45 97 99) (10 31) (84 20) (27 79 68) (93 21 76)
77: (49 14) 22 37 29 45 (73 43) 38 62 (58 97) 87 (31 95 90 42 67) (16 47) (82 44 74 9 6) (75 25) (57 69 24 36 59 61) 40 (46 83) 99 (11 35) (7 18 78 13 81) 86 91 66 92 (10 27 32 21 26) (53 12 23)
78: (82 81 25) (14 64) 4 29 (75 40 15) (9 5) 51 (2 38) (88 78) 77 (22 84 93) (87 33) 34 (21 70 69) 67 (8 17) (35 12) (68 62) (99 6) (73 95) (58 32 48) 13 (65 10 39 11) (97 92 3 24 20) 94 44 (30 1 71 53) (79 59 56 100) (49 47 66 27) (23 16 50) (28 89 26 63 7) 57 (52 46 45) (85 90 60 42 61) (91 36) (76 37) (98 55) 41 19 54 83 80
79: (60 47) 42 (98 25 88 10 61 74 49 44 89 58 31 23 28) (54 21 5 41) 93 (2 92 40) (27 62) (9 70 36 7) (4 91)
80: 13 (10 79) 49 (8 80 94 50 59 99) (25 61 71 81 78 95 21 6) 40 (64 39 68) (31 75) 27 44 (73 90 52) 29 (87 51) (65 23 2 83 85 53) (34 30) (3 5 19 58) (46 70 96 60) (91 42) (48 12) 82 (15 14) (72 24 32) (67 56 62) (89 45) 55 (100 77) (7 92)
81: (34 20) 55 (26 78) 24 (99 35 65) (21 61 47) (39 90) 41 (32 52) (15 31)
82: (26 6 77 15 86) 40 27 (65 24) (94 38 55) (34 80 13 49) 59 (7 98 5) 91 79 14 56 73 (71 87 19 21) (51 92) (78 23 63) (52 8 61 66 96 9) (58 62 53) 2 (82 3) (32 54 83) 88
83: (59 23) 24 (18 66) 5 91 (43 99 86) 62 (35 52 96) 100 (79 63) (87 42 14 19 70) 29 (61 36) (8 30 12 93 54 31) 20 (28 46) 15 (56 55 88) 6 (49 40 57) (3 7 64 47) 82 (48 25 74) 94 4 (67 17 98) (26 58 22) 80 85 (27 9 21) 37 (84 33) 53 (65 51 77) 68 (97 75) 73 69 50 (45 32 76) 83 (44 13) (90 60) 89 (1 41 81 95 92)
84: (61 93 21 43) 35 (55 60) (16 7 23 99 54 64 36) 69 (49 72) (40 8) (65 14) (29 10 34) 46 (24 30) 70 (66 62 73 17 94) (71 59) (22 11) 41 38 (91 57) (96 3) 67 (4 76) (47 33) (56 51 100 68) (15 12 98) (48 83) 28 (63 6 90 78 37 5) (97 2 85 19 45 9) (42 20) 92
85: 34 (24 52 35 71) 93 (72 59 58 57) 80 (49 73 13) 11 (50 46 82) (25 87 3) (75 32 95 10) (6 12 18 21 43) (37 81 91 88) 40 (15 20 84 92) 68 96 (4 23) (47 19 36 26 64)
86: 24 59 86 (5 20) 89 (72 70 39) (26 53 48 36 99 2 27) (58 18 50) 9 (17 38 74) 90 (35 42) (34 71 61 8 25) 94 92 96 88 (23 77 54) 98 (64 82) (62 84)
87: 56 (12 51 64) 16 53 (5 46) (27 74 32 31 28) (85 21) 33 15 (62 42) (75 4) (35 40 3) 30 97 61 (94 79) 6 (13 100 81 77) (99 1 68 86 83) (71 82 39 89) 24 (8 43 66) (78 91 11 20 22) 26 (29 52) (48 45) 41 (88 9) 2 (98 76 55 23) (84 63)
88: (99 52) 92 64
89: (60 49 48) (43 100 66) 46 (67 10) (25 26 4) 99 82 (85 24) (95 9 47 63) (71 53 27) (1 74 72 77 8) (19 83 2 14 70) (79 93 13 96 58) (73 65) (21 29 55 22) (17 62) (30 78) 75
90: 9 85 (29 64 92 3) (66 10 80 90) (75 47 86) 50 25 15 (14 54 59 48 32 52) 97 34 (1 23) 70 58 (26 65 91 39 63 60 98 24 18) (46 6) 96 (100 68 49) 89 41 38 78 45 30 (74 73 28 62 7 2 95 76 88) (31 57 93) (71 94) (17 99) (4 35) (83 37 69) 61 (87 56 16 53) 40 81 55 (8 51 36 22 84 82) (33 44 12) 20 43 (11 21) (19 79)
91: (39 90 5) 58 (46 60 70 7 64 81 74 19 16 26 42) (24 78 69 95 68 61 98) 41 (73 15 85 82)
92: (2 71 15 42) (4 36 37 12) (27 40 44 5) (79 54 70) (49 82 83 50) (14 56) 7 28 (93 66 34) (99 86 10) 96 (13 91) 62 (61 65 90) 78 (68 51) (100 38 64 94 57 23 89) (92 58)
93: 46 (85 39) (47 36 28) 48 (83 42 62) (73 40 100 1 11 76 29 4 25 31) (7 50 64 70 45) 58 30 51 (54 5) (49 8) (19 89 80) (21 34 26) (68 2) 81 (97 9 16 71 93 79 60) (88 56 18) 98 92 (96 69) (33 82 57 24) (95 67) (52 3 84) (72 61 77 35 10) 27 55 (23 20 75) (32 13) (87 22 74 38 14 41 15 90 12 99) (86 53 66) (63 43) (44 65) 17 (94 78) 6
94: (75 80) 42 (35 15 32) (65 100) 66 (58 33 73 26) 5 69 25 (16 88 74 44 8 97) (55 95) (71 90) (2 91 7) 31 (45 54) 38 (51 70 78 92) 6 49 89
95: (48 2) (5 42 56 77 35 63 95 97 6 24) 12 (57 52 72 45 36) (41 78) 1 (15 71 39) (62 28) (84 25) 31 23 (51 19 14)
96: (19 75 11) 12 (74 21 31) 32 (87 81 40 88 34 8) (33 56 79) (7 49 99 63 22 86 35 91 90) (69 83) 28 (6 97 20 48) (85 71 64 60) 50 (26 95 58 44) 53 16 (62 45 68 29 24) (36 89) (67 78 84 61 57) 54 (5 46 30 15 14) (17 70) 96 (77 72)
97: (41 30 83 81 7 12) (35 93) (96 32 90) 62 60 9 (86 2 8 76 85 43) (49 80 40 100) (50 58 33) 70 (14 75 79 84 82) (61 73 5 87 89) 22 54 66 (51 18)
98: (99 22 12 80 33) (70 26 65 92) (9 87) (30 36 50 66 88) 31 (95 35) (96 81 71 93) 25 (11 98 58 91) 51 (41 100 42 52 49) 85 64 (3 76 23 54)
99: 36 95 (49 16 87) 10 17 27
100: 58 (78 69 89 4 10 15) (56 22 79 37 13) 93 (34 36 76 80) (74 65) (98 57 50 68) (100 8 14) 64 (82 77) 24 43 (51 17 70) 5 (84 20 18) 49 (86 45 54 94 6 23 83 75)
1: (38 5 73) (21 31) (61 55) 95 48 75 57 (2 65) 74 (36 4) (15 76) (69 83 10 6 63 78 68 62 71 64 54 90 89 14) (67 32 42) 93 (20 59 49 12 41 87) (8 33)
2: (64 67) (93 74 87 5) (94 65) 51 (6 4 31 52) 41 (37 82 59 62 8 24 73) 35 (1 16) 15 92 (80 71) 89 69 (86 72 57 61) (12 75 29) 14 (68 90 97) (48 95 79 21) 43 (47 78) 76 84 (19 53 10)
3: 41 (56 8 71) 58 57 (37 31 82 84 14 87 55) (98 30 80) 78 64 (32 47 5 13) (25 3 67 93) (54 21 68 38) 28 (2 10) (70 62) (76 85 69) 75 (83 73 35 53) (12 90) (19 61 7) (43 65)
4: (69 29 56) 21 44 (38 92) (49 7) 30 (12 87) (93 62) (64 48) 78 (85 89) 83 (55 35 59 79) (58 31 14 33 71 54 32) (90 50) (16 20 61 74) (27 22 41 5 73) (84 57) (100 42 76) (19 68) 45 67
5: (4 12 41 18) (19 73 83 87 100 95 32) 47 65 (61 21) 10 (49 2 68 82) (54 30 64 6) 74 5 (33 38 62) (15 8 92 48 96) (86 91 71 79) (84 7) 93 (94 76) 28 (97 78 43 35 14) 80
6: (64 35 85) 68 24 (69 70) (21 73 30 80) (93 46) (84 14) (95 78) (53 62) (22 41 94 87) (100 54 2 8 16 55) (48 7) (71 82) (59 65 61 77) 6 (90 47 83 56) 76 (19 12 39 58 13 74 1 96)
7: 27 73 (91 42 19) (75 46) 38 51 (20 58) 14 96 7 47 (93 3) (5 33) 49 18 (55 61 80 54) 59 (10 56 28 62) (35 23 37 6 94) (90 84 30 68 43) 97 79 (82 77 8 1 15 83 48 70 78 41) 92
8: 70 (100 53 78 74 64 20) 23 82 (94 96 38) (1 29) 42 30 (89 65) (31 4 19) (87 28 83 6 8 59 76 21 14 90 84) (49 80 62) (34 37) (54 71 86 57) (5 73) 93 (55 41) (47 61 50 35) (10 97)
9: 56 (77 7) 24 61 (4 58 89) 78 (31 79 5 15 6 47 98 73) (10 69) 86 48 (33 30) (38 84) (25 21) (64 34 97 35 19 53 87 20 11) (68 16 90 82 8) 59 (28 70 51 93) 62 (27 83) 2 (72 55)
10: (15 62 39 10) (8 28) (73 19) (80 20 79) 26 (75 12) (5 77 48 36) 69 (4 2) 49 68 92 7 78 33 (51 35 56 27) (84 74 64 85 89 14 99 21 59 6 1 100 76) (90 93)
11: 65 49 (74 96) 38 (16 68 93 19 85 59) 18 (21 47 98) (15 58) (78 30) (6 4) 63 (48 3) (70 87 84) (35 61) (53 54) 13 71 62 41 (55 77 73 90) (17 31 20 57) (7 39) (8 67 64 14 2 12)
12: 95 78 (73 68 42 56 64 98 83) 35 6 (87 7 20) 77 (93 97 85) 65 61 96 (55 50 49 92) (90 26 19 54) (33 75) (80 59 8 70) (10 14 31) 71 (48 67) 84 58 4 62 57 69
13: (85 49 93 73) (59 41 16) (54 55) (42 92) (76 35 71) (77 100 82 74) (36 89) (24 10 19 6) 57 87 (56 83 67 51 64) 58 (5 62) (78 80 50) (47 7 1 20) (18 32 8) 61
14: (100 61) 36 4 (12 6 84) (59 73 89 97 13 35 90) 2 (54 41 71) (67 95) 93 (83 14) (49 7) 30 (19 65 21) (74 33) 8 (68 92) (5 47) (1 23) 96 (55 77 38 16 58 82 57 64) (76 78 75) 80
15: (63 8 43 81) (47 69 46 65 87) 85 35 55 (93 13 15) (61 49) 54 (1 42) (19 57) (33 68) (4 3) (17 12 90 28) (74 62 5) 41 (36 80 100 84 59) (78 96 92 94 82 95) (83 73 56 14 76) (7 6 23 91 58)
16: 28 69 94 54 41 (19 20 3) 75 (87 59 37) (99 14 93 84 21 90) 96 (2 26) (46 16) (61 5 50 35) 31 (10 12) (22 58 78 49) (73 62 68 77) (74 36 13) (91 48 7 42) 71 (8 64)
17: 16 (21 55) (19 67 53) 13 15 78 38 (31 54) (89 96) (64 28 71 3) 37 45 (41 69) (48 33) 90 63 (20 86) (22 12 100 4) (7 70) 59 83 50 5 (73 68 74 61 10) (62 8) 2 (11 84) 49 (6 99 93)
18: (31 75 20) (24 32) (57 73 3) (74 4 83 49 64) (30 53) (41 55) 48 43 61 (19 69) 77 85 97 38 58 (16 7) (62 13 71 37 90 28 33 67) (5 76) (59 100 47) (15 35) 86 54 93 8
19: 16 43 (64 65 2 90 13 89 3) 15 (38 96) 80 (95 71) (73 37) 85 (30 4 63 21 5 7 91 8 1) 6 32 (78 58) (70 49 84 68) 55 (93 82) 59 12 (19 54) (41 35) (14 20) 48 (83 74 29)
20: (85 5 19) (58 90) (54 100 14 16) (8 7) (13 21 76 15) 81 (68 72 20 96 28 70) (61 87 38 52 1 35 62 73 74) 78 (83 71) 51 (33 75 12) (86 84 50 4 10) (93 48) (65 6)
21: 20 (7 59 16 74 77) 55 (37 90) (5 80 71 82) (79 8) 19 84 (64 87) (62 34) (83 33) 4 (89 31 28 85 76 17 63 14) 30 15 78 1 (6 61 48) (35 58) (69 93 49) 41 (21 81 22 2 70 53 96) (56 73)
22: (93 89 73) 12 (16 74 68) (61 71 54) 31 (57 87) 15 8 (23 77 78 83) (18 26 4 53) (7 35 46 63) (64 97 1 20 100 10) (6 70) (76 84) (90 98) 51 (14 96) 21 62 (2 17) 72 48
23: (69 55) 35 77 90 (58 71 78 92 14) 41 (11 56) (65 57 15 33) (100 67) (80 4) (3 6 21 59 85 68 82 86 37 53) 8 54 19 (20 73) 62 48 47 42 16 (46 95 51 74 28) (83 87 38 79 7) 93 84 61 98 1
24: (29 64) (31 15) (48 28 91 46) (90 71 86 41) 80 1 87 (49 77 70 23 81 61 55 78) 6 (72 13 58) 43 (10 65) (69 54 8) (53 47 73 83 18 38 50 56 62 74) (82 85) 7 (16 5 95 84 89) 14 24 25 (100 93 35) 96
25: 14 (77 1) 57 32 47 (61 93) 28 8 (65 49) 95 62 94 98 59 (76 86) (67 35 89 74 55 48) 80 (78 83 18) 21 (54 56 16 41 38 25) 71 (10 64 15 58 69 63 23) (4 19) 37 7 (20 79) (73 11 85) 5 90
26: 90 55 (78 77 31) (53 49 16) (54 2 72 81) (15 18) (28 23 50 46) 94 (68 21 19 10) 73 26 61 (8 56 48 98) (6 62 74 85 59 86) 35 (82 41 51 5 91 89) 71 (7 96 93 4 3 67 87) 83
27: (55 58 74) (10 87 56) 19 28 (13 41 7) 82 (73 75 31 92) (83 72) (32 63) 80 (62 71) (89 14 33) (86 67 68 77 76) (53 99 16 64 20) (60 35) (93 8) 48 79 (54 78)
28: 84 (95 67 57 59 79) 1 (51 5) 41 (54 39) 17 87 (8 30 61 55) (20 32) (73 65 72 64) (53 7 92) 47 93 90 (4 48) 38 (96 19 78 10 49 68 70) 14 (62 83 37 76) 75 31 71 35
29: 10 (96 1 18 38 77 9 24 67) 3 19 89 22 (17 71 54 78) 73 (37 16 76 69 14) (93 51) (8 84 90) 48 (59 68 12 35 57) (87 58 47) 80 (2 5 33) (83 42) (62 7) (41 60) 49 (28 61) 13
30: 98 71 (47 16 96 41 59 4) (97 87) (74 83) (2 93) (35 68) 58 (42 8) (14 53) (31 46) (5 60 64) (76 84 72 55 19) (21 6 48 73) (57 28) (90 67 80 62) (20 54 7 61) (78 43) (33 10) 89
31: (2 93 61 73) (79 42 35 21 64 75 46 62 65 94) (41 83 96 77 19 33 90 26) (70 98 68) (37 54 3 81) (76 15 7) (48 4 67 16 69 63 39 53) (95 38) 80 71 (56 74) 5 58 (87 1 57)
32: 90 (29 30) 58 (47 68 14) 96 (1 85) (38 50 37) 48 (87 57 78 20) 97 (4 83) (21 16 54 39 51 35 62 8 69 13) (64 67) 73 (7 93 71) (94 81) (12 26) (28 82 2 65 77) (80 76) (24 31)
33: 90 (96 84 78 74 2 75 14) (50 27 97 33) 87 73 (93 37) (36 42 98 10) 1 35 (76 57) (5 83) 94 8 (65 19) (3 68) (16 62 55 63) 49 (41 51 61) 69 (54 28) 56 (71 64) 4
34: (5 86) (68 51) 57 (11 14 67 64 31 72 18) (37 82 54) 8 35 (38 65) (96 58 80) 33 93 (12 47) (61 48) (71 42) (84 85) (55 56 63 21) 90 (76 30 15) (75 19 70) (6 100 92 73 78) (74 62 59 53 10 81) 69 1
35: (19 48 95 96) (94 64 7 22 76) 24 (55 73 86 83) 71 (3 54) 37 (14 46) 81 (61 11 67 90) 29 (5 62 8) 75 87 97 49 93 35 (58 51 31) (20 1 13 74 84) (85 98) 21 68 15 42 (77 36) 78
36: 98 100 71 20 73 (79 90) (68 95 15 65) 14 (93 86 85) (77 28) (10 6 84) (57 92 83 59) 54 75 (74 4 12) 7 (13 41) 21 2 (61 53) (8 96 78) (19 36 48 5 63 35) (31 99 62)
37: (51 52 4) 62 (83 2 85) (47 35 18) (76 64 43) (37 27 49 78 1) (14 6 42) (38 41) (90 73 3 5 68) (21 57) 28 (65 77 31 69) 20 (33 53 84) 46 100 (48 15) 58 11 (71 19 92) 55 74 59
38: (70 8) (76 62 90 15 48 86 13 92 39 68 53 57 5) 34 28 (38 64 6 65 75 2) 46 (93 51) (4 11 73) (21 41 30 71 19 20) 14 (54 3 55) 47 (29 7) 84 (49 37) 82 (94 43 77 12 35 78)
39: (87 12 33) (93 30 38 65 48) (19 57) (20 71) 78 51 (90 53) 61 (86 43 91) (35 11 73 58 68) (95 74 36 41 6) 72 1 7 (55 80) 63 (81 21 59) 62 (47 14 42)
40: 41 87 77 (64 14 6) (75 38 93) 35 56 22 (90 55) (51 83 5) (92 67) (78 73) 68 (53 62 58) (79 82) 54 16 96 65 (71 29 85) (80 15 2 19 97 69 8) 21 (32 4 7) 61 84
41: (26 71 91) (41 65 19 4 61) (8 64 42) 49 (56 83) (48 74 5 38 51 63) 76 (29 20) (75 97 14) 62 27 (73 93 59) (16 33 15 98 53) (32 78) 21 (12 36 55 87 7) (57 54) 69 (47 28) (50 90) 95 (84 35 37) (81 79) 31
42: 61 (15 79) (94 92 83) 87 58 31 (3 78 20) (59 70 5 93 80 41) (62 38) (55 10 7 49) (91 73 4 8 98 86 14 12) (74 54 56) (47 19 22) 1 68 35 42 (30 21) (50 64 6) (95 84 28) (77 57)
43: (64 89 100) (90 22) 77 41 14 (48 66) (97 28) (76 49 35) 4 55 21 (67 85) (54 83) 84 6 (87 63) (19 16) 51 (11 58 15 1) 36 (61 42) 20 62 (3 8) (73 68 75) (93 5) (71 52)
44: 62 (64 35 41 76 54 55 56) (96 10) (49 77 42 47 28 93 33) (80 92 12 21 8 39) 30 (74 67 78 24 94 83) 68 (90 79) 1 (14 5 57 61) (16 73 51 19) 63 69 (71 38)
45: (42 78) (14 48 77 54 33) 65 (74 15) 1 (84 94) (41 95 3 38) (62 36 30) 61 (16 64 67 58 28 83 53 22) (71 8 21) 27 (100 87) 6 (73 76) (63 5 93 56 35 90 96 68 20 7 80)
46: (67 54 2 6 35 83) 41 (3 93) 48 (78 63 22) 73 (5 57 90 31) 84 71 (64 76 33) 17 (38 68) (80 15 21 42) (87 8) 91 (23 7 16) (14 55 4) 96 66 (85 77) (89 49)
47: (3 78) (14 28 76) 81 23 16 (35 30 18 62 83) (74 79 6) (26 65) 89 (8 57 4) 59 36 (22 42 61 67) (19 54 73) 64 (84 63 41 90 21) (46 56) 77 71 38 55 (93 68) 85 (31 5) 7 37 47
48: (19 93) (14 21) 10 (71 74 78) (20 83 95) 64 35 1 (84 53 54 5) (68 56 15 6 48) 87 (69 89 73) 4 80 (90 12) 33 47 86 (43 31 42 37) 55 (62 7) (96 58) (2 41 63) 30
49: (32 77) (57 82 93) (80 59 54 99 92 37 41) 84 (28 55) (3 23 94 68) 83 71 61 48 (78 46) 67 (21 35 5 85) 73 42 (90 31 16 14 70) 20 (19 96) 74 22 89 (100 79) 76 (75 98 97 62 1)
50: 57 (28 100 68 69) 76 (11 38 62 19) (5 74 10 96) 49 37 (85 35) (47 71) (20 73 75 61 3 80 93 92 14 48 41 59 4 43 86) 78 (98 54 32 56) 53 55 16 (90 64 83) 97 8 21
51: (97 1) (5 4 35 90) (38 64 31 98) (3 74) (48 7 84 14 49) (95 69 15 70 58) (62 71) (68 10) 82 (87 94 83 2) (100 61 92) (6 19) 47 (78 80) (93 55 21) 73
52: (74 49 1) 35 (90 98 38) (76 73) (81 61 78) 82 (56 75 33 64 58 41) (68 31) (83 71 53) (87 5 80 15) (8 36 28 19 43) (95 16 55) (62 48) (14 67) (93 69) (7 88) (85 13)
53: (51 71) 96 75 (13 62 86 48 31 33 69 21 7) (5 78 83) (90 34 43) 54 64 (76 77) 58 (89 37) (4 50) (49 61 2) (41 35 93 80) 38 (15 8) (19 30 39) 73 (27 16 14) (28 87) (59 82 68)
54: 65 84 3 4 (10 82 59 90 7) 12 (49 55) (27 92) (5 67 2 35 73 79 83) 19 (70 78 98) (16 96) (64 86) 8 (57 100 50) 14 94 (22 53 33 93) (71 48 37 74) (54 63 30 41 47 6) 62 58 (97 68)
55: 67 (68 83 70 51) (31 35 28) (47 93 71 4 48 78) 55 54 (7 21 41 38) 46 (81 94 42 5) (6 23 87 82) (62 30 90 2 75) (80 61) (14 19) 64 (73 89 84 8 37 63 74) 33
56: (73 11 1) (53 28) 80 (55 71 2) 59 15 29 (95 82) 68 (19 58 37) (8 38 63 96) 21 20 (51 5) 31 92 61 (10 93 35) 47 (14 30) 56 (87 4) (26 100) (33 46 48) (57 41 32 90 49 84) (3 69 54 83) (78 62 13 18)
57: (32 18 52) (68 75 62 16 84) (41 30) 92 7 100 (77 31) 1 (5 28) (24 3 71 35 19) (74 69 46 76 34) 8 20 61 (95 67 53 90 49 93) (78 14 57) (64 83 85 96 12) 21 73 (4 38) 63
58: 76 54 (20 6) (83 43 53) (79 97) 8 (77 11 46) (7 49) (68 89 33 19 63 98 96) (38 72 94 65 35 93 39) 91 (69 1 5) (86 14) 85 3 10 (61 30) (70 90) 78 100 (80 82 18 64 92 15 73) 67 31 (4 37 2 62 74 71)
59: (65 57 83) (19 86) (74 70 73 20 72) (8 7 77 62 71) (4 2 3) (56 33) (30 48) 50 (80 38) 61 (36 39 35 84) (78 14) 90 (55 75 82) (85 68 64) 41 (54 47 5 12)
60: 97 27 (80 19) 83 49 78 73 (5 71) (21 33 79) 12 69 (20 64 55 84 37) (65 90) (6 3) 42 (57 75 41 63 91) 61 (48 35 28) (62 46) 89 59 38 (51 58 14 8 96 93) 54 (74 47 31) 1 68
61: (1 79) (31 76 54) 82 91 (38 28) 81 87 (84 55 97 42) (86 33 53) (62 12 2 18) (19 69) 35 (7 92) 57 (78 71 59 96) (83 68 5 77 61 8) (80 58) (41 13 73 14) (51 20) (29 90 64) (67 4 93)
62: (5 6) 49 (95 83 84) 63 70 (30 97) (89 33) (50 4 36) 15 12 (82 21) 48 (53 16) (96 62 20 58 57 76 80) (78 90 2 22) (74 77 41) (37 87 92) 86 (71 93 73) (7 79 68 75) (64 35 3 19 8)
63: (47 56) (62 27 90 49 15 35) (31 93 7) (84 30) 82 (83 68 5 87 96) 89 (51 64 76 57 38 48 3) (69 4 71) 11 (55 28) 74 61 (20 8 41) 33 65 95 21 (14 67 19) 78 63 (73 59)
64: (98 85) (57 58 47) (75 83) (32 41 68 42) (90 16) (54 19) (27 33 37 31 96) (64 100) (72 14 92) (8 28) 15 6 78 (67 50 61) 56 73 (53 62 91 55) (88 20) (76 80) (86 35) (87 24 43) 70 (74 69 84 71 7) 93
65: (94 59) 34 93 (19 64) (83 41) 55 (78 84) 92 (49 71 65 82) (8 60 98) 4 (81 67) 73 42 (100 35) (61 90 20 68 6) 31 5 (15 23 89 70 80) 69 (53 57 76) (28 27 21 54) 1 48 (14 18)
66: (64 49) 62 (42 67) (36 43 82) (6 31) (38 1 73) (12 57 83 97 48) (54 89) 77 (7 2) 20 (19 15) (32 27 56 16) (75 90 70) (84 41) 8 (78 17 92) (5 63) (98 3 71 35) (30 50 94 10 93) 87 14 55 (61 28) (68 65)
67: (55 58) 54 (77 28) 73 (83 50 10 57 53) (16 76 8 56 96 47 42) (48 80 78 23) (41 62 33) (89 64 43 4 61) (5 20) 30 68 (49 6 31) (93 14 71 35) (37 19) 84
68: 92 15 38 (64 65) 56 35 73 (59 74) 80 (6 76) (83 54 20) (5 87) (31 16) (7 8) (3 49) (33 53) (67 96 48 57) (63 62) (47 10 55 78) 91 100 (58 90 4 2 37 85 61 84 19) 93 (14 21 71)
69: (16 15) 71 90 (49 67 56 27 8 65 100 41) 28 (73 31) (83 68 77 94) (57 96) (78 4) (74 39) 54 (35 64 19 61) 5 (59 20 62) (91 13 14 12 93 7 21 84) 30
70: (25 46 58) (35 19 79) (7 56) (100 65 89) (76 64 47 49) 61 (53 92 55 93 71) 69 (12 48 98 83) 75 (59 21) 31 14 (57 94 54) 90 (73 74 86 42) 63 (97 33) 67 (41 37 15 10 78) 20 68 (38 96 91) (80 6 84) 8 62
71: 90 (89 78) 38 8 6 33 22 (71 93 51 96) 42 (82 63 87) (14 19 47 35) (76 18 68 94 4 95) (15 58) 55 85 41 (75 73) 1 (86 31) (2 49 70) (56 10 98 48) (54 12 20) 62 5 69 80 (92 84)
72: (96 63 64) 65 (61 5 67 49 89) (55 68) (42 7 28) (3 69 74) 17 (12 51 33) (2 71 93) (57 13 56) 4 (86 31 84 54 47 58) 73 95 (8 85) 20 14 (80 15) 19 (21 62)
73: (54 85 15 59 8 73 4) (97 30) 35 (56 61 48) (3 76) 78 (57 89 82 21 20 63 1 62) 49 (68 80) 41 65 28 (93 74) (31 77 7 26) (70 37 71 94 60 6) (90 5 16 91) (84 19 55 27 83)
74: 72 (31 96) (58 94 26 20) 76 (33 67 49) (6 14 36 43 32 41) (69 100) 28 (61 68 93 73 8) 1 (39 38 89 15 35 4 77 64 65) (23 91 79) (54 71 55 48 90) (37 30) 83 74 (86 63) 62 (5 87) (10 52)
75: (100 20 97 8 36 63) 42 (10 62 6 93) (16 19 48 65) 73 (4 94) (1 57 2 80) 58 77 (7 68) 28 (49 46 5 41 35 22 24 34 14) (31 85 67) (76 30 61) (71 83) 37 (64 38) (89 96 13) (18 56) (54 90) (78 87) 74 23 70
76: (100 70) 17 19 (5 73 57) (64 48 49) 4 7 30 (93 59 54 53 76) 71 10 (98 14) 97 (31 13 41) 69 (2 78 33 21 35) 28 75 (62 26 63 84 87) (8 55 83 68) (61 56 90 42)
77: (19 16 76) (54 82 83 8 35 57) (41 78) 86 65 67 1 (2 31) (96 49) 37 (62 89) 4 (22 5 100 71 80) 68 (95 73 93 61) 48 (21 64 59 26 38) (75 87) (74 7)
78: 27 (81 67) (93 41 54) (46 21 84) (63 62 80) 91 (55 20) (35 47 74 19 89) (12 77 68 69 8) (96 28) (87 38) 5 (15 7 82 53 51) 100 14 (56 73 90 31) 95 (78 33 64) (92 10) (61 76) (49 58) 57 94
79: (21 31 19 6 61 15) (35 68) (51 37) 64 100 (76 90 4 27 78 80) 3 5 93 14 (97 26 83 82 65) 73 23 (96 38) (30 62 57) (87 89) 2 92 (55 71 48 7 8) (50 59) 10
80: (37 100 41 15) (14 35 33 94) 19 (29 80 56) 57 (63 73 90 78 36 5 58 98) 21 (65 71) 31 4 55 (7 82) (28 48 85) 61 (75 8) 18 27 (64 59 97 3 46) (42 47) (68 93 30 83) 2
81: (38 35 98 1 19) (21 56 96) (76 14 80 90) 11 (71 28 93 54 58) (59 6) (61 55 2) (74 64) (12 33 47 73 8) (87 85 68 16 20) 57 (53 49 83 7 37 91) (62 78 41) (97 77)
82: (90 14 62 19) (73 21 38) 86 (35 15 12 85) (57 53) 42 61 100 18 (48 41 51) (71 80 77 1) (68 93) (91 8 82) (83 5 49 6 89 64) (97 63 10 92) 20 37 87 78 74
83: (53 5 100 20) (49 51 87 50) 80 63 35 (4 37 13) (54 1) (83 52) (93 64 6 77) 96 (97 39) 31 (48 74 21 19 41) (90 2) (26 62 16) (61 82) (84 89 78 68) (73 55) (92 7 28) 8 (56 47)
84: 74 5 57 18 (96 10 49 93 68) (62 78) (76 48 11 41 90) (55 73 65 86) (100 33 71 17) 64 75 (19 47 8 6 43) 36 (87 85 29) (50 95 20) 3 1 69 35 (4 56) (83 14) (97 31) (15 54 21)
85: (80 62 97) 4 (33 38 5 35 58) (49 90 91) 3 (78 32) 87 30 (76 59) (83 93) 20 (84 8) 64 69 (63 67 2 71 55) 1 (54 74 57 15 27 96 75 68 41 31) (47 73 7 10 70 89 98 65)
86: 57 (20 35 83) 48 62 64 (22 49 47 2 10 21 19 16 41 61 82) (97 92 12) 90 (86 42 5 37 100) (96 14) (1 15 77 7 31) (87 43 65 3 68 54 36 8 74) 71 38 73 (93 55)
87: 57 15 (85 69 30) 21 2 (54 20) 98 (66 93 5 3 46) 12 (35 48 62 24) (65 99 7) 31 (53 55 82 1 67) (68 64 41 8) (47 78 18 74) (56 80 19) (97 96 22 50 61) 13 (28 58 77) 90 (83 73)
88: (37 21) (87 76) (73 85 93) (35 49) 83 (30 63 4 27 54 41 94) 20 (64 98) (13 8 1) 74 96 (90 59 31) (55 32) (46 26) (65 56) 78 61 (68 57 10 82 69 71 53 7 62) (38 86 18 5) (79 19)
89: (51 93 78 57 28) 13 (97 53 86 49 92 7 33 4 6 48 47 1 55 29 96 68) 3 (8 42 27 83 34) (71 21) 100 (58 14 31 80 35) 73 76 87 (67 15 70 54) (5 38 64) 69 (94 10 30) (12 79 90)
90: 5 14 (21 28) 42 (65 97 57 49) (83 36 6 7 18 51) (48 55 50) (16 8 58 91) 73 (96 35 74) (22 92) (80 15) 78 (41 59 27) (86 71) 77 (31 84) 33 (54 90 61) (1 30 13 47 40 94) (76 39 19 10) (81 93)
91: 3 (69 64 55) 74 (63 41 5 12 83) (8 90 94 15 28) 33 (67 59 57) (1 61) (92 53 71) (35 80 19) 27 (87 96 21 49) 84 14 85 (62 36) (4 73 54) (75 10 82 13 78 76) (98 48 77) (65 26) (2 79) 31
92: (98 35) (41 6) 94 (59 15 1) (31 76 72) (61 63) 8 (86 58 20) 5 (73 55) (54 85) 71 12 26 10 28 93 2 (84 74) (7 82) (77 68 30) (88 49) (79 90 83) 65 (80 92) (3 19 32 53 14) (78 64)
93: 47 63 (21 35 83 41 98 14) 49 15 61 10 (19 37) 73 89 (78 32 93 13 71) (1 4 8 64 90 79 62) (7 5) 100 76 92 (12 48) (17 56) (55 85 75 57 27 39 84) (33 20 3) 97 (68 29) 54 (6 67)
94: 86 (84 41 57) 65 (15 92) 76 46 (58 48 19) 50 47 (5 87 80 54 38 67 68 70 33) (100 75) 35 (61 78 6) (7 62 93 20 83 14) 4 (36 37 13 56 49) (82 90) 8 (73 74)
95: (7 78 64 23 47 98 5) 55 (74 59 94 69) (85 68 65 20 67 76 62 89 35 57) (56 51) 63 (95 80 58) (73 1) (8 37) (71 17) (61 42) 54 (6 27 93 31 83 90) 96 77 49 91 (38 19 28 99 2 14)
96: (53 59 96) 97 (80 58) (89 74 36 35 82) (33 86 57 73 90 19) (20 61 71 92 27) (50 42 47) 21 14 85 (67 46) 30 54 (64 39) 31 93 84 (62 98 55 60) 15 (7 4) (48 6) (49 68 5 8 10) 83 1 65
97: (74 28 39) (36 23 57 94 56 29) (31 38) (30 50) 13 (19 8 21 6 5 68) 55 (78 96) 76 95 (90 61 20) 84 49 58 54 (64 83) (7 62 87 53 4) (16 77) 93 (2 35 15 10 73) 12 71
98: (49 62 4 20) (59 1 23 84) 12 (31 8 83 76 39 61 41) (14 79 86 48 58) (98 70 68) 13 (90 78 69 73) 74 91 (19 87 100) (64 82) 5 (35 38 55 93) (56 51 47 10 40 16 6 71 3 65) (15 24)
99: (74 39 50 28 18 93 64) (71 24 61 96 8 14) 33 (20 31) (90 35 62) (48 6) (86 78) 23 98 (38 84 41 88) 73 (59 10 67 92) (53 57 56 47 49) (77 89 75) (68 4 80) (19 7 63 81 2) (30 87 1 51 83) (76 5 21)
100: (27 89) 70 58 5 84 49 (24 63) (94 42 67 37) 14 (61 80 87) 35 71 97 57 (28 8) (68 59) (62 56) 75 (64 31 1) (53 74) 41 (90 20 66 76) (83 69 78 16 7 47) (73 93) 98 (100 92) (4 46) 55
