100 100
1: (93 39 8 94 85) (13 4) 97 (46 89 24) (73 47) (87 59) (80 95 99) (33 25 53 3)
2: 2 (87 63 22) (77 40 38) 90 11 (50 26) 78 48 100 88 64 92 (15 60 5 66 28 54 27 42) 72 (73 97) (93 10 81) (9 84 74 8) 31 (44 51) 21 53 85 (80 75) 32
3: 24 84 90 (38 40) 96 (95 78 28 23) 12 (26 99)
4: (90 98) (44 21) (81 59 48 50 51 95 22 77 20 3) 63 (39 10 66 37) 5 (57 93)
5: 64 98 (53 58 80 37 76) 10 (1 100 16) 55 (8 39) (44 33 99) (30 61) 70 (32 66) (82 52 9) (3 67)
6: (41 76 2) 63 (4 56 96 30 71 93 62 35 42 14 59) (48 61 58 44 82 29) (81 10 11 21) (50 34 57 25 75) 99 9 23 77 (65 13) (85 67 54 68 1) (87 73) (38 52) 15 (91 43 70 74 6) (78 5) (7 18) 24 (17 64 69) (45 46 100 60) 95
7: (7 64 47 74 5 14) (39 15) 86 (23 10) 92 (94 66 32) (2 12 34) 57 (62 18) 46 (95 35) (96 84 90) (26 33) (40 22) 71 97 (70 19) 77 68 43 78 (93 38) 91 89
8: (9 11 42 82) (15 68 83 75 100) (7 36 44 24 69 40 85) (63 76) (26 38 33 23) (99 86) (17 96 89 60 8 94 30 77) (52 21) (91 92) (97 18) 98 (6 64 53 22) 79 87 29 16 (20 39 95) (84 93) (5 4 50 72) (81 27 19 73 25 13 57) 78 31 71 (90 49) (12 65) (34 58 10) 47 37 (51 1) 55 43 28 (54 35) (66 2 88) 67 41
9: 8 (1 52) (96 21) 29 51 81 (90 5) (95 44) 59 18 (91 56 31) (69 89 17 63 47) (61 43 23 27 87 9)
10: (10 26 11 36 55) (54 84 58) 37 31 65 18 (29 71 5) (98 72 56) 4 (32 79) 27 6 (73 45) (24 85) (33 12 59) (1 76 43 87 41 52 20 42 90 30 25 81) 51 (13 68 91) 19 (2 83 70) (99 34) (8 44) 23 (78 69 80 64 38) (16 95 3 96 63 15 62) 89
11: (25 29) (50 100 14 90 93 45 2 36 68) 17 (30 60) 84 86 22 51 (18 20 87) 16 (77 11) 48 (53 63 43 52 56) 96 55 (73 23 32 82 57 65 31)
12: (67 42 43 53 46 81) (52 57 37) 94 (9 49) (18 24 83 78) 63 (48 77) (70 64 11 50)
13: (2 76) (39 40) (3 59) (47 66) (70 41) 21 57 (55 77 11 83) 56 37 (32 67) (84 46 81 10) 60 (30 50) 38 (68 71 98 7 17 65 87) (53 79 72) (36 5) 29 34 62 (24 13 69 16 31) (6 54) (45 9) 91 (63 96 35 14) (33 44) 43 (8 64 1) (73 97 88) (18 51 94 20 99) (19 93) 86 74
14: 50 (65 71 85 82) (3 97) (6 62 76 43) (54 27 14) (95 87) (38 34) (98 10) (55 15 93 64 45 30) 9 18 (57 56) (79 84 42) (8 90 31 81) (25 11 61 32) (96 69) 74 (5 26 83) 66 22 (44 47)
15: (31 13 80 30 69) (79 54 55 98) (58 12 42 90) (10 84) (88 52 35 86 71) (29 81)
16: 96 (82 60 53) (77 27) (88 12) 61 99 (84 30 32 24 42) (65 69 15) (37 7)
17: (42 64) (41 93 74) 53 (38 40 12 80 7 23 5 83 99 78) 24 72 (2 52 37) (89 18 90) (71 19 67) (4 29) (43 82) (98 86 66) 58 (16 20 88) (35 81 15 73 68) (76 77) (27 46) 54 (3 65) (75 49) 100 (91 96 11 95) 26 (57 63) (1 8 69) (32 9 31 47) (33 51) (84 48 56) 6 39 (30 62) (28 34 45 10 61) 50 (60 44 21 79)
18: 2 91 41 (62 25) 100 (45 6 21) 50 (95 10 52) 31 86 37 5 (12 22 26) 75 81 (79 1) (67 49) 83 (63 55 30) 76 8 59 94 (9 16) 98 (93 42 87) (32 80) 24 (57 13) (3 69) (92 84) (39 36) (65 15 88) (99 47 54) (89 46 20)
19: (12 40) (10 83) (55 9 47 16 4 95 7 49) 65 (31 96 86) 66 2 (18 53) 70 (54 64) (41 34) (22 94 25) (57 11) (56 52 100) (45 67) (92 85) (99 75 6 97 19 33 78 21) 59 88 (50 80 24)
20: 82 1 (64 7 71 73 99) (62 20 48 50 84 89) (95 74 59)
21: (86 79 58) (71 83 84 97 50 38 22 91 49 48 64 77) (96 78 80 44 100 1) (15 19 93 47) 70 89 (52 68) (57 55 17) 61 (73 85) (92 36) 9 7 (69 76 99 6 95 31 88) (21 87) (39 18) (72 33 12) (25 40 41) (60 16 29) 65 (10 43 90) 23
22: (69 22 58 36 35 1) 70 60 (8 37) 3 14 (88 98) (41 48 59) (38 7) (79 71 49) (50 57) (89 77 42 56 99 67 43) (27 72 80) (81 53) 85 (68 39) (93 6) 13 91 40 26 2 (82 24) 17 (30 97 52) (54 95 66 90 32 96 31 25 61)
23: (71 92) 98 65 89 (8 40) (93 85 52 14) (4 38 83) (30 80) (63 16 29 84 60) (70 49 17) 95 (78 56 19) 2 (22 9) 58 (32 55) (7 26) 48 (53 15) 43 97 (73 79 35 42 36) (91 68 34 12) 100 (28 90 18 46 96 69) (81 3 77) 57 45 27 (82 72 67 1) 74 33 64 (37 31 99) 50 (6 62 86) 44 (75 76 39) (13 24 88)
24: (54 52) 63 29 44 (89 95) (91 24) 26 (66 71 15 48 69) (84 4 14) 90 (30 61) (70 40 60) (98 53 10 58 85 47) (1 12 39 35 81 80 11 67) 42 (25 100) 21 75 (45 33 83 9) 18 28 (38 73 82 62) 2 57 (92 76 32 19 7 68) (41 94 56) 50 (46 79) (13 37 97) (3 88) (17 27 77) 36 (59 93) (22 96) 8 78 (87 55 6)
25: (17 87 23 71) 97 (46 29 78 24 42 95 79 25) (90 1 6) (43 69) (85 76) 84 (50 39 5) 82 41 20 (60 67) 9 (92 48) (15 47 34 13 49 59) 63 (11 31 21) (28 99) 35 57 (55 7 61 30) 66 (75 98 56 27) 100 81 (77 19) 53 (96 86 73) 33 45 12 (26 70 58 52) (94 36 64) (3 16 88) 32 4 (83 37 40 62 22 93) (80 91 44) 8 (74 38 54) (68 14 65 10)
26: (82 61) (18 99) 76 2 43 (66 63) 28 (8 69 4) 81 (92 19) (29 53 48 87 14 9) (21 68 52 62) 42 93 (98 25 39 46 35) (10 71 55) 26 11 56 23 65 31 (85 6 27 100 15 24 77 78) (22 64 67) 57 (84 37 1) (38 95) (59 45 30 73) 5 96 (90 83) (74 75 89 17) 49 (70 32 60) (91 3 51) 12 34
27: 71
28: (93 73) (34 52 81) 13 55 75 (7 11 1) (71 65) (60 3 33) (61 66) (67 57) (98 56) (76 2 29 8) (42 20 45 83 35 18 63 77 43 86) 21 12 (68 50 97 88) (78 64) (37 22) (94 16 62) (26 24 72) (51 44 15) (59 87 36) 19 47 (80 90)
29: 29 (38 76) (39 40 41 96 32) (77 99) (49 23 100) 5 (14 25 16) (27 50) 28
30: (81 20) (3 34 52) 90
31: 1 (57 76 5)
32: 74 (44 54 13) (38 71 66 89 16) (26 30) 52 (67 99 92 36 65) (100 29 15 91 69) 37 (55 17) (40 39 6) (31 83) 76 84 5 24 4 32 98
33: 49 (87 64)
34: 13 36 77 33 8 (65 60 3 73 48 5 81) (93 53) 51 (90 58) (47 88 12) (45 29) (94 43 72 55) (84 44) (57 50) 7 (24 41 79) 16 (4 38 34 100 28 35) (99 31 15 71 20 25) (39 63 27) (95 42 64 85) 19 32 (76 87 9 74 89) (92 91 23 70 54) (22 10) (69 59 26 86) 75 96 (62 2) 66 (46 97 40 68 1 56 30 67) (11 14) (6 80)
35: 28 92 (43 58 20) (81 35) 91 55 (52 83 19 11) (36 90 84 63) (68 21 74 31) (9 8 56) (30 95 85 79) (25 27) (17 87 60 12 71 49) (64 29 100 98 77) 82 (10 23 4 33 99) 1 (48 26) 24 (88 86 44 72) 80 (42 65) (57 32 6 15) 39 (38 13) (7 75) (34 89 37) 16 (76 70) (97 5 41) 14 96 66 (67 22) (69 46 62) 2 (73 50 59 45 61 94) (93 3) 54
36: 47 51 (45 69 76 31) 33 25 46 22 100 (72 74 40) (24 82 83 6 53) 52 27 90 (50 23 1 39) (14 29 66) (3 9) 13 96 (87 2) 62 (98 81 71) 41 (70 92) (15 60 38) (86 34 12) (43 37 30 55 26 18) (89 56 88 84 48 7) 91 (61 63) (36 54 19 8 67) (16 58) (49 75) (78 93) 57 79 (77 97 32) (95 59 11) 44 (42 80 35) (17 10) 99
37: (62 33 43) (58 81) (57 97) (95 37 99 22 10) 3 90 (23 6 21) 59 (68 66 12) (31 85 15) 52 42 41 29 44 19 (39 78 82 91 27) 70 (74 35) 18 (83 46) (76 86) 56 (49 65) (32 84) (5 8) 47 40 (69 67) (48 24 17 61 96) (79 11 98 16) (60 45 89 53) (55 63) (93 64 34 92) 80 4 (51 77)
38: 95 (34 46) (30 29) 67 (54 10)
39: 75 (44 6 61 98) (33 46 99 30) (82 43) (93 48 42 87 50) (2 74 40) 45 (12 24) (7 27) (10 17 68) (4 71 72) (88 56 67 3 78 96) (21 32) (11 94) 5 52 (31 57) 51 (62 64) 49 100 22 80 73 63 (37 38 19) 70 8 (14 91 95) (16 59 41 65 54) (47 55 92) (81 84 85 76 66 58) (97 13 9 26) 34 20
40: (39 82 9 14 46 44) (5 86 97 68) 19 38 (99 59 80 15) (11 75) (34 71 2) (35 72 77) (100 24 81 25 55 60 21 91 74) 92
41: (98 43 95) (51 45 40 8 74 3)
42: (26 88 3) 100 (81 31) 84 (69 27) 50 86 92 (34 2 35) 71 (36 29 28) (48 40) (72 39) 55 94 47 (83 32 66 54 75 87 77) (99 23) (1 89 52) 78 (41 24 5) (67 20)
43: 55 6 11 38 (27 97) (79 14) (85 91) (50 20) (58 94 76 64) (66 43 49 72 32 35) (7 98 63) (89 47) 42 12 22 29 88 (73 67) 36 (93 39) (40 41) (13 62) (69 99) (28 48) 33 (51 57 9) (54 46 26 61 77) (15 1) (4 59 71) 95 30 (74 23 80 24) (65 25 34 83) (19 16) (100 18 60) (53 70 90 84) 21 (2 8 78 81)
44: (53 42 75 56) (17 92) 62 (33 48 99 35) 19 (24 1 98) (22 79 90 97) 66 28 (38 47 26) 7
45: 63 (96 93) (71 31) (40 58 42 59 3 79) 89 (11 12 44) (38 48 35 66 7 73 13) (50 70) 34 (86 2 43 53 26) (41 17) (52 5) (68 49 15) 14 (76 28 18) 60 (46 16 84) (55 94 91) (39 75 51) 65 (32 27) (74 25) (62 20 99 100) (9 92 88 95 77 69) (72 56 67) 81 22 98 61 (85 21) 57 78 (4 45 33 6 24 87) 64 (19 83)
46: (27 74 32 21 1) 17 18 5 23 52 94 35 (81 59) 12 (53 83) (46 60 36 44) (68 92) (75 8 64) (67 50) 20 58 (24 2 93 43 6) (3 9 85 47) (98 57 69 66 22 13) 82 (41 40 48) (39 91) (28 71) 63 (11 84) 55 100 62 37 (80 19 34 54 31) (65 97 49 72 76 33 25) (70 7 95) (26 29) (90 86 73) 79 42 56 (88 96 30) (77 15 38 78 87)
47: (75 29) (78 66 42 20 54 9) (69 35 64 40) 1 30 (31 58 38 32 57) 90 (27 61 76 88 63 67 86 33 47 74) 92 (7 4 59) (16 41 44) 81 49 14 (2 89 3) (26 53 100) (91 23 5) (36 99 93) 62 (51 24 22) (48 77) (95 96 52 34) 13 (39 82 12) (11 37 25) (18 56)
48: (49 4) (17 90 69) (100 93) 39 (22 98) 99 (30 48 32 47) (82 53) 46 (56 92) (8 77) (33 21 18 78 40 14) 9 (85 72) (75 44 13 5) (29 31 89 87) (64 45 3) (80 12)
49: (44 59 94) (50 78 69) (58 54) (49 92 35) 11 (98 80 28 55) (32 33 46 52) 40 53 90 47 (38 73 22 8 23 60 91 17) (74 30) (71 87 89) 15 (27 5 99 18) 75 (45 64) (51 37 97) (82 1) (4 96 39 29 10) (77 19) (24 48 16 31 79 42) 9 (81 36) 14
50: 69 (23 18 49 94 78) (24 90 30) 44 (82 46 37) (81 89) (73 12) 62 50 (32 98) (53 75 34 7) (21 85 52 2 1) 8 (22 100)
51: (73 6) (30 66 9 82) 49 (7 23 47 60 28 1 25) (36 74) (13 58) 71 50 (79 15 93 22 56 90 83) (59 91) 33 (68 54) (43 80) (10 75 4 42 65 14 69) (26 40 21) (70 16 11) 63 (34 24) 55 77 32 (62 35 88)
52: (51 7 13 88 57 42) (24 65) (49 33) (71 10) (67 12 16 32 81 54) (18 27 89 82) 92 15 44 (80 47) 31 (39 79 9 35) (62 6) (3 76) (38 46) (43 73 29 37 86) (28 91 20) 5 (36 70) 11 (58 66 55 50 59 99 4 41) 93 68 (61 63 60) (8 48) 74 (96 87 77) (85 64 14) 98 (23 97) 100 19 (45 90 2) (75 52 94) (1 95) 84 (25 22 83 53) 72 (40 17)
53: (48 100) 50 (45 78) (33 22) (89 70 11 25 37 34) (80 54 44 15) 93 (8 64 66 35 1 41) (82 67 84 39 5 69 57 43 79) (6 65 49 9 36 7) 59 91 12 17 (92 53 76 16 10) (2 56) (63 90 32) (88 52 68) 99 95 87 (74 46) 83 18
54: (67 55 24) (8 91) 5 (46 93) 17 (57 30) (80 82) 39 97 37
55: 17 (48 96 74 82 18 35 81 63 4 56 90 42 27) (20 75 22) 36 (95 5 44) (28 6 66 31) (89 61) (99 45) (12 43) 29 (19 93 68 8) 38 (40 2 78)
56: (24 60 7 61) (51 89 33 26 48 52)
57: 20 (93 53 81 14) (29 48 27) (39 42 6 3) (94 33) (61 1 83 37 11 72 57 40 84) (91 60 38 74 31 95) (55 26) (36 12 17 62 68 75 78) (51 19) 46 (8 52) (89 67 80) 87 (86 79) (58 32) (85 66 21 35 22 76 18 69 43) (54 90 96 15 25) 56 59 64 (45 2 28) (9 82 71 10 44) 34 7 (73 16 98) (77 4 99 97) 63 70
58: (72 61 87) (83 90 52) (19 97) 80 (35 94 14) (27 71 77) (60 79 30 62 11 36 55) 48 12 98 9 88 54 (92 57) 26 44 (25 81) (99 4) 45 68 70 85
59: 62 (67 66) (72 3 1 45 40) (13 8 71 97 81 76) (20 19) (51 91 50) 75 (15 23) 35 77 (22 79 34) (26 54) (56 2 14 32) (61 59 93) (100 88) (86 87) (57 83 47 64 55) 94 46 (98 5 89 33) (74 80 29 9 95) 96 68 48 53 (27 52 41 30 18 38 43) (11 16) (10 78) (99 85)
60: 51 94 (88 98 76 6 41 90 27) 21 (60 81 50 54 28 37) (5 55 79 3) 52 (83 8) (33 12)
61: (68 86 54) (58 66 88 6 31 47) (43 63 29) (92 51 60 64 15) (8 93 36) 61 (77 18 48 59 91) (27 79) 12 85 (41 90 44) 45 26 (99 10) (94 98 74) (80 16) 84 1 65 13 (14 75 3) 49 (57 56) (82 21) (62 71) 28 76 (53 33 50 19 17) 38 (11 69 5) 34 42 (37 52 89 97 32) (2 46 35 20 24 4) (55 73 95)
62: (58 21) (56 55 69 81) (64 32) (97 3) 48 47 51 (29 57) (16 82 1 5 15 85) (41 59)
63: (52 62 43 44) (11 54 33) (41 37 49 51) 71 (5 93) 17 3 (78 100)
64: (42 62 77) 75 (38 12 10) (9 16 85) (68 46) (4 45 27 17) 41 (22 93 86 15) (80 20 32 25 89 91 90 13 53 71 54) (72 40 79) 2 39 (28 11 14) (59 73) 33
65: 36 (31 39) (61 73 3) 59 (43 82) (58 11 29) (92 48 34 17) (5 24 53 69 54) (49 77) (60 6 96 71 38) 74 90 (94 65 13) 10 (85 1 8 99 42 9) (21 72 55 15 26 87) 22 19 (98 46 91) 75
66: 30 31 (87 25 21) 76 (22 52) (62 38 89 23 65) (57 3) (45 94) (17 9) (75 44) 74 (83 6) (51 50 28 99 43 79 58 20) 16 (27 81 13 80 33 35 77 63) 5 (36 24 29 69) (95 15) (88 18 41) (48 66 85 10) (60 19) (91 100 82 32 40) 90 (47 54 70 7 67 55 93) (4 92 64) (71 1) 84
67: (97 42) 29 57 (81 74) 43 (91 83 84 46 3 93 88) 89 (32 23 25 80 5 73) (16 78 11) 76 (79 2 28) (12 65 35 40 34) 82 (20 67 59 27 6) 99 22 (41 54 51 1) (33 50) 36 (8 14 52 4 48) 24 86 98 90 7 37 (53 70) (94 47 64) (69 95 15 92 31 18 96 72 26) 49 (44 85) (71 56) (45 75 87) (13 62 21 39) (77 61) 30 (19 60) 63 (58 17) (38 9 66) (10 68) 55
68: 15 (29 54 20) (57 37 42) (60 12) (65 100 50) (98 48 26 82) (49 31 84) 27 (36 68 3 7 45 11) (78 44 76) 5 72 (38 10 40) (61 28 41) (19 32) (14 77 88) 97 (25 79 83) (70 74) (67 1) 64 86 80 (21 93)
69: (22 71 25 77 60 61 37 84 54 8 76 66) 99 (11 56 93 78 31) (45 68 23 58) (15 28 19) 24 (98 62 73) 29 (43 49 42) 65
70: (15 34 57) (96 21 93) 50 (2 31 42 100) 75 98 7 (68 87 32 94 86 20 10 60) 46 (54 40 36 11 66 38 39 84 61 13) (70 35) 24 (19 64 85 53 18 55 26 52) (92 58) 65
71: 75 11 (36 41) (83 37) (80 20 77) (92 70 5) (64 2 69 39 73) (21 58) 6 (38 28) (33 91 26) 18 (4 52) 49
72: (39 98 23) (57 7 12 82) (72 89 66 31 40) (74 76 92) (38 25 90 64 41 26) 6 (96 55) 48 (47 59) 30 (65 75) (97 95) 14 (32 34 52) (77 27 1) (80 13 21 49 60 46 79 20) (99 36 81 24) 45 (43 35 44) 71 (88 9) (63 22 8 4 69) (84 73 86) 37 (28 78 53 100) 10 18
73: 13 (76 75 16 7 17) (33 10 72 78) 5 (8 27) (38 19 66 100) (97 3 86 79 95 24) (70 20 77) (98 69 54) (63 87 93 31) (25 90 2 60 51) 22 (50 35 58 30 47) 74 6 (53 46 1) (81 64 67 88) (92 43) 55
74: (80 64) 60 (51 78 62) (87 65) 38 (96 4 61 2 90 1 98) 13 (15 73) (49 91 11 25) 81 (23 47 86) (36 46) (53 26 27 41) (71 8 35 3 32) 21 (84 44) 18 (22 29 88) 76 (9 33 52 77) 39 (7 58) 40 (55 20 93) 70 (28 92 82) (59 30) 67 (24 89) (72 85 97 16) 34
75: (1 90) 42 2 (68 59 79 18) (81 5) (57 84 91) (66 16 27 83 11 61 3 22) 74 (35 64 37 98 99 25) (20 72 7) (50 19 80) 67 (30 62) 92 23 (95 85 73) 24 32 (15 76 54) 14 (86 71) (8 56)
76: (42 74 83 84 95) 97 (90 87) (80 10) 33 (94 88) 85 (29 54 92 19) 16 (58 38) 32 63 (69 26 82 68 70 53 9) (3 71) 15 (20 55) 98 76
77: (73 24) (65 2 72 33) 54 (60 62 39 53 93) (37 51) (12 91 69) 67 58 (61 49 6 16 71) (14 28) 56 (77 21) 20 (38 83 52 81 96 43) 18 86 (30 3 88 92 78) 68 (89 41 74 79 63 29 35 36) (26 90 100) (42 7 64) (25 76 45) (44 13) 19 (32 9 57 94 27) 95 4 82 (1 50 46) 84 (23 55) 99 85 8 (59 97) (22 40 80 48 66 75) 15
78: (39 89) (74 6 76) (36 60 68 100 86) 46 33 (31 80) 65 (26 5 70 75) (19 81) (14 78) (96 85 88 87) (42 3) (48 51) (54 49 84 55) (61 27 69 28 93)
79: 15 12 40 (79 76) 75 62 (13 35 84 61 7 17 77) 25 78 88 23 (59 9) 22 (50 74 34 41 54) 89 48 (57 29 73 97 47) (24 87) (66 27) (2 21 26 63) (70 94) (85 56 98 95) 11 96 (68 3 32)
80: 28 (17 86) (57 59 92)
81: 9 (75 67 72) 22 (86 51 19 47 30 32) 96 (91 59) (2 94 83) (61 25 64 33 71 90) (4 43 99) 13 (80 56 40) (49 16 45 41) 23 88 (98 3) (74 89 58 38 17 60 95 6) 68 57 (8 63 34 15) (65 76) 39 53 42 (7 50 44 5) (10 77 54 36 70 46 97) 85 11 20 (87 93 69 55) 81 84 31 (92 82 79 35 14 78 12 29) 52
82: (11 45 56 46 86 70) 76 67 47 (27 14) 51 96 62 (8 64) (79 60 40) 36 (25 10 68) (93 6) 87 (80 24) 69 89 22 16 4 74 98 81
83: (2 5 4 83) 95 (15 17 74) 31 43 9 79 (76 42 36) (11 22) 58 (45 66) 47 6 21 56 93 (65 46 12 80) (52 84 54 10)
84: 88 (30 78 18) (6 73 58) (39 95 45) (68 21) 26
85: 99 (14 70 69) 44 (6 85 77 83) 79 68 39 (63 51 61 88 53) (24 76) 26 29 (33 97 80 19 94 15 20) 62 74 (21 45 30) (42 81) (3 93) (73 84) (46 4 65 18 35 82 89 58) (17 22 60 28 55) 78
86: (56 52 85) 13 (37 55) (79 93) (3 98 8 74) 6 (80 25) 65 (12 24 68 82 48 29) (26 42) (27 96) (31 45 49) (62 4) 28 (51 58) (64 47 60 95) (16 18 44 66 50 88) 11 (83 81 41) (2 73 43 1 30)
87: 19 (71 27 17) (3 69 31) (46 68) (76 83) 6 (53 89 91 12 58 74 36) 28 34 81 2 26 39 (84 59) (61 87 11) (23 98 40 60) 8 (65 7 21 15 47 57 18 1) 41 (63 32) 29 (93 64 56) (88 55 4 33) (96 99 13) (100 77 5) (44 79 22) 95 (42 92) (62 66) (49 70) (48 97 20 16 45) (73 82 67) (52 25) 85 (35 54 78) (38 72) (30 80) (37 86 43) (90 24 51 14 10 50 94)
88: (73 32) (43 77)
89: (59 92 37 97) 83 (91 36) 67 25 40 22 (47 61 38 15) (90 70 18) (64 48) (32 8 12) 95 42 98 (6 89) (31 35) 56 51 (49 77) (87 34) (24 93 88) 28 21 (71 79 54 33 19 44 55 82) 7 (84 27 86) 50 (75 5 39) 94 53 (2 100 3 14) (72 23) (29 4 20 46 9 80) 81 85 (60 69) (65 57 58) 1 (66 43) (11 62) (74 16 63 76 30) (96 68) 73
90: (67 98 89 27 42) 84 11 (39 65 70 52 78 63) (49 72 18 36) (58 43) (76 61 4 34) (92 35) (9 82 56 99 60 37) (100 44) (79 5) 88 7 (95 62 90) (53 24 3 83) (29 73 85 71) (1 41 16) (97 30 47 55) (38 96 66) 21 (40 51) 45 17 12 59 74 2
91: 61 (58 90 79) 34 (27 85 92) 76 (29 53) 19 (33 3) 39 51 (65 17 1 42 47) (87 55 77) (26 63 66) (71 95 43) 52 (13 91) (37 94 14 6 68) 86 72 (78 5 73) (100 83) 28 (18 36 35 93 70 98 8) (64 67 97 23 16 32 74 99 62 22) 45 25 38
92: (64 73 54 8 32) (56 87 2 42 18) (19 68) (33 47 31 22) (65 50 58 21 98 57) (39 40 41) (94 66 92 1 53) 51 (17 90) (81 27) (26 25 67 89 75 11) 59
93: (29 28 36 77 48 37) (95 90 76 91 60 3 51) (44 63 57 50) 98 (40 78) (22 45) (4 74 70 61) 18 (81 62) 96 (30 56 92) (1 9) 67 72 (53 55 80 43) (68 83) 94 15 93 (7 2 14) (8 16) (34 65 89 46 84 86 97 64 39 79 59 12 10) (31 87)
94: (77 10) 12 57
95: 77 (9 13 89) (58 83) 93
96: (32 23 68) 81 (49 50 83) 35 (45 80 42 18) (60 91 92) 58 (99 98 46 34 72 71 57) (37 39 66 64 27) (26 79) (96 43 55) 77 19 59 (25 63) 90 (11 38) (65 56 67 86 48) (75 2) (1 31 100 16 13 17 28 82 9 69) (70 97) 51 14
97: 76 (12 47 57 95 68) (88 78 11 77 3 20 67 30 55) (80 32 45) (73 10) 24
98: 17 (71 73) (13 37 36) 4 58 (2 41) (89 18 53) (51 93) 63 (14 15 77 94 65) (59 45 40 47) (39 52 79) (67 87) (78 33) 61 (76 83 9 98) (7 19) (90 99 54 100 92 85) (74 60 28 8 88) (21 22) (69 20) 24 (16 95 55 68) (57 48 30 27) 35 (26 84 50) 66 (32 72 75 56 62)
99: (90 19 48 35 57) (8 20 87 81 95 52 14 80 36 64) (27 73 77) 82 31 99 (41 10) (11 26 60 58 67) (83 78 12 24 1) (74 54) (53 25 68 40 37 15) 17 (56 2 22 75) (96 76 72 28 51 7 55 47 93) 70 (100 59) (62 50 21) (88 32 6 4 45)
100: 92 (26 51 29 95) (77 61 67 16 50) (5 58 54 9) (98 24 32) (35 91 83 19) (97 59) 82 (45 75) (15 72 27 17 64) (42 100) (25 38 28 86 89) 80 99 (33 94) 62 (12 68) (20 49) (18 47 70) (7 88)
1: (17 73 86 50) 25 44 (49 68) (31 77 47) 34 (92 51 90) 42 (66 52 21) (65 43) 24 (87 99 59 6) (93 36) (13 23) (53 62) (89 72 46) (96 20) (8 61) (35 91) 28 (22 5 26 10 57) (74 67) 18 75 9
2: 64 (96 8 81 39 19 46 75 67) 70 (26 98 42 47) 93 (28 92 59) (89 52 17 36 43 11 99 50 24 77 71) 79 (73 6) (18 83 55) (87 22) (35 86) (10 2 57) 74 (90 7 13 34) (40 53 23 61) 45
3: (59 77) (28 62 91 93 85) (22 25) (13 23 79 68 35 4 1 97) (89 14) (47 60) 36 (76 45) 26 (30 5) (10 57 73) (37 67 66) 78 (48 86) 24 (46 42) (18 65 17 90) (61 74 63 34) 81 (75 87 52 41) 39
4: (58 17 55 51 19 89 37) (45 77 26) (74 83 10 99) 48 81 34 (61 67 71) 47 93 6 (86 43 39) (85 66) 8 (72 35) 90 32 49 23 (25 98 24 87 57) (52 64 82) 1
5: 14 26 (59 60) 4 (34 71 42 91 39 46 10 49 2 75 78 73) (17 25 54 89 90 29 6) (65 37) (68 32) 47 (87 62) (52 55 83) 100 9 (35 13 40) (63 8 53 61) (81 48) (7 18 45 67 31 66)
6: (55 82 37 61) (91 43 23) 87 (8 32) (19 57) (45 60) (89 81 72 21) 84 (25 26) 73 (46 52) 66 51 (6 22 34 71 18 65) (17 78) (24 39 77) 85 35 (53 67 13) 14 86 (36 99) 83 10
7: (73 7 51) (75 93 79 43) (8 16) 23 21 (22 50 98) (99 90) (57 56 81) 47 (19 77) (87 100) 17 (46 72 89 66 25) 67 45 (53 35 68 39 13 70 74) (20 34 52 28 36 6 24 44)
8: (25 2) (1 99 57 54 98 74 73) (72 41 23) (36 52) (17 39 75 67 9 13 53 5) 37 10 (22 59) 81 46 (8 34) 89 77 61 (50 35 69 26 60) (55 49 82) 14 92 24 (18 48 65 28) 91 (86 93 43 87)
9: (43 18 100 48 98) (49 83 47 19 96) 45 (17 53 21 58) 35 (25 23 12 93 36 72 52 5) (77 67) 65 (79 76 64 39) (95 59) 13 (40 74) (8 14 57 26 9) (89 2 51 24 46 6) (81 34) (90 66)
10: (64 37) (35 76) (26 24 65 59) 49 18 (52 53 70 14) (39 17 2 8) (61 66 51 6) (25 13) (73 10) (38 21) (99 67 93 36) 82 (19 83) (7 15) (94 5 34 57) 97 4 (68 72) 81 87
11: (71 36 58) (90 70 65) 79 12 13 63 (99 67 83) (57 64 92) 8 (35 37) (17 68 81) (46 24) (19 74) (96 69) (82 43 25) (26 52) 2 (87 10 45) (89 75 51) 59 39 6 53 (34 61 49 97 40 86 14) (47 28) 11
12: 68 (35 8 18 21 67 43 36) (55 15 79 25) (52 94 72) (86 99 3 60 77) 10 (45 34 83 57 26) 28 50 (64 58 97) (87 7) 93 48 47 (37 23 24 100) (81 16 53 89) 46 39 61 (17 19 90)
13: (18 87 79 51 22) 61 (72 65 81 39) 45 (1 86 8) (32 91 64 59 98) (46 35 36 66) 43 (77 95) (25 73) (67 70 15 23 47) (48 24) (10 52) (28 34) (6 74) 13 96
14: (23 24 52 89) (29 61 26 98 81 35 82 93 96 11) (77 91 25 40 48 47) (57 99) (14 34 72) 58 13 (85 22) 39 (36 7) (45 87) (49 67) 59 75 43 (51 64 6) (78 68)
15: 74 (64 93 62) (65 14 16 32 99) (61 23 76 2 87 21 25 24) 70 53 (67 52 85) 6 (40 26) (10 51) 8 (66 77 79 28) (68 49 45 35) 83 36 98 69 43 59 (89 81 75 18) (46 7 57 100 17 37) 34
16: (11 86) (53 57 47) (43 36) (10 52 61 73) 39 (19 17) 82 67 (98 5 87 64) (89 13 21 18) 25 37 62 (66 28) 45 (93 51) (32 23) 29 81 77 (76 91 96) 75 (59 100 8 90) (74 35 49) 34
17: 48 (24 99) (100 83) (57 8) 39 80 (53 90 55) 85 22 (49 52 87 73 13) (81 6 37 45) (9 79) (44 66) 36 (91 35 67 65) (54 11 26 32 92 21 98 63 25 96 23 46) (64 61)
18: (50 61) (77 89) 57 (8 85) (74 36 6) 87 (17 96) (45 7) (9 52) 91 66 86 (12 75 67) (14 26) 55 (49 28 53) 92 72 (43 21 23) (93 24) 13 (59 100 48 47 71 84 90 19 70) 98 (10 11 37 46)
19: 13 98 43 (69 17) (89 8) (7 67 49 68 87) 70 (85 73) (37 77 76) 46 (91 44) (100 99) (78 61 92 35) 39 (25 52 58) 75 34 (10 21) (19 40) 65 (59 57 24) (66 96 55) (81 26 36 28) (45 23)
20: 10 (42 71) (67 30 85) 34 25 (72 13) 43 (47 74) (76 18) (57 20) 99 64 (35 4) (61 75) (46 55) (100 89) (97 8 68 98 66 11 39 81) (70 45) (87 59) (73 17 52 28) 77
21: 35 (84 18 90) (62 74 43) (98 79 60 6) (83 67 26) (40 85) (13 99 46 51 4 66 37 61 25) (71 17) 50 (39 72 21) 77 (65 87 8 2) (24 70) (68 92 57) 9 28 19 89 (48 45)
22: (14 55 64) (73 83 39) (57 92 37 59 50 53 81 72 21) 98 82 (89 47 18) 43 (36 28) (24 93 79 22) (66 4) 99 52 (49 77 51) (75 46 26) (25 91) 65 (74 45) (69 48) 67 (8 7) (23 44 87 35) (19 34 85 2) 11
23: (3 50 96) 7 46 17 21 67 6 (36 10) (75 51) (66 35 91 37 79 42 49) 59 (11 29 25 9 87) (81 43 47 77 26) 89 (52 8 72) (34 69) 74
24: 52 (73 65 43 61 44 82) (74 69 49 16) (51 87 100 97 47) (35 1 50) (40 90 25) (45 42) (34 39) (22 66) 8 (13 24 23) 26 (89 86 17) 37 (12 75 10 3) 32 (36 99 46) (56 98 85) (18 28 77 67 6 19 79 70) 72 54
25: (53 11 34) (87 69 10 26 57 18) 82 (45 58) 1 (67 40 99) (73 6 86) 91 (8 29) (25 75 64) 24 (52 77 51 43 72 74 47 66 81) (21 14 36) (79 100 96 92 22) (89 35 46 68 19)
26: (68 44 96 51) (77 85) 99 (7 25) 72 71 (61 87) 39 22 100 45 (2 58 34 8 10 3 78 18 84) (98 32 74) 26 (56 14 42) 24 (28 59) (86 67 65 36 91) (47 76) 17 (57 92 70 23 79) (46 35 43)
27: 75 (78 74) 42 39 66 60 (24 23 43) 77 (14 52 82 89 26 49 86) 79 (55 98 8) (100 87 64) 67 34 (68 16) (9 35) 17 (92 45 47 10) 29 99 36 61 (91 22 46 2) (59 37) 73 25 57 (90 96 72 58)
28: (86 8 26 71 44 77) (42 49 17 78 74 23) 87 (34 45 93 91) (85 52 99 35 68 60) 89 69 96 25 43 (51 80 2 55 24) 72 3 (67 66) 61 (98 100) 57 46 64 29
29: 81 (68 42 85) (24 67 34 26 91 6 49) (47 87 79) 55 (36 15 32 28 13 76 29 17 25) (90 11) (66 93 61) (38 23) 48 86 (65 37) 8 (46 59 74) (62 43 9 100 57) 35 (10 89) 69 77 (21 52)
30: (13 25) (8 43 17 66 74) (54 58) (97 89) (73 36) (6 86) (10 38 75) 47 (81 67) (5 23) 34 (39 14 35 48 84) (15 16) 90 (85 87 26 32 18) (98 50 59) (46 72) (93 11) 22 (51 49) 77 24
31: (65 26) 17 (67 52 89 49 42 39) (35 55) 48 99 (96 32 61) 87 (69 8) (23 92 66) (10 19 68 36 18 86) (57 70 34) (93 14 13) 2 (73 9) (81 72 22) (78 11) 45 15 (47 46) 25 21 83 37
32: (5 97 74 57 67 16 88) 45 (32 37) (89 87) (22 29 2 46) (23 7) (11 49 36 75 17) (48 77) (25 96 24 92 70 26 61) (42 81 39) 100 (14 53) (59 10 34 43) (99 52 79) 98 (62 68 50) (66 35 64) (91 47) 51 13 (18 72 76)
33: (98 21 7) (74 10 77 78) (67 92 59 43 64 36) (60 87) 100 53 (25 44 37 66 47) (39 73 28 76 48) (24 61) 63 71 (91 8) (56 81) 49 (1 45 52) (23 35) (17 89 57 46 34) 51 (13 5 19) 85
34: (36 47) (30 65 42 35) 6 39 (19 72) 34 (13 59 91 10) (93 96) (90 87 28 81 25) (51 79 17 37 23) (53 67 89 7) (26 61 43) (57 45) (8 50) 14 (40 74) (38 70 46)
35: (96 91 25 23 74 85) 35 (89 24 45 8 98) (72 49 99 100) (15 90 73 51) 59 (42 6 40) 53 55 (43 57 81 67) 52 (28 22 34) 58 79 17 77 (7 26 37 75 61) (70 87 47 44 13 66) (46 36)
36: (23 57 24 77 36 46) 25 (83 65 52) (28 93) (72 55 98 21 81) (61 68 67) (87 11 66 82) (34 22) (49 58) 35 (47 18 91) 32 (89 71) (90 70) (43 8 53 78) (99 42) 13 10 74 51
37: (69 22 99) 57 32 (67 25 28 54 72) 91 (4 89) 53 (47 39) (98 18) 12 (26 46) (13 16 61 52 50 37 96 8 35 24) (5 17 36 93 86 49 63 87 90 77) 68 (75 71) (23 10 60)
38: (10 43 68 29 55) 39 14 (7 46 22 67 44) 25 (34 40) (13 87 47 24) (65 100) (21 2) (71 74 66) 96 (52 57) (36 35) (91 72) 89 (64 90 23) (45 76) (70 3 59 32 17 49 73 77 61) (81 6 26 8)
39: (74 43 47 34 7) 48 (85 23) 42 (91 92) 24 36 (21 37 84) (35 17 70) (5 71 45 77 78 72 98 4) (96 26) 13 (29 22) 54 18 (25 1 53 87 40 65) (64 93 46 57 49 32 81 8) 52 90 (89 67)
40: (81 92 43) (24 77 74 48) (99 66 37) 22 82 (49 21 42 7) (8 57 67) 72 55 (98 89 59 70) 68 (34 90 13 36 46) 47 (19 64) (79 51) (25 45) 17 (32 3) (2 29 93 52 39) 23 87 41
41: 61 29 86 (87 37 47) 98 (45 46 53) 63 77 (8 25 39 36 19) (92 52 21 66 6 99 18 13) (17 79 62) 22 42 (67 74 81 34) (35 43) (90 64 60) (68 71 24 72 10 59)
42: (43 87 65 14) 51 18 (39 91) (96 78 77 68 64) (2 67) (37 49) 100 (22 69 26 76 10) 89 (46 61 23) (16 36) (47 57) (52 8 45) (6 35) (25 85 70) (90 55 44) (15 34 28 24 17) (83 92) (86 81 12 75)
43: (34 67 22 96 14 21 65 53) 66 88 37 (81 26 43 51 13 46) 61 (10 41 87 55 72 28) (63 11) 89 (86 90) (6 36 35 73 93) 83 17 59 9 (39 12 69 57) 25 (91 7 8 52 23 45) 77
44: (10 87 93 5) (36 85) 13 (66 32) (40 45) (58 37) (50 72) (86 48) 4 49 74 (2 9 25 53 39 68) 89 (63 46) 61 52 90 6 (67 81 77) (21 17) 28 (55 47 57 34) (8 14 35 24 23)
45: 81 (48 68 23 19) (17 98 97) 39 (84 18 66 57) (45 85 35) (67 37 72 13 36) (55 87 10 28 6) 77 (26 53) (96 34 59) (41 61 83) 93 (91 86) (11 100 49 69 25 14 52 82 90 64) 58 (99 24)
46: (65 53 89 43 93 45 34 78 36) (82 1 23 57 49) (38 61 50 87) 48 (40 26 25) (64 96 54) 35 72 39 70 (73 24 85 77 74 52) (67 17) 37 83 (7 59) 12 81 (13 18) 6 46
47: 98 (92 14 51 48 79) 36 (99 42 100 18 21) 49 (25 59 1 24 34 37 66 67) (61 86 47) (52 62 19 73) (89 43 91 13) (82 8 74) 44 97 (7 72 87) (81 39 28 9 46) (17 90) 83
48: 67 98 (49 36 44) (56 11 89 65 93 79 47 2 77 42 58) 62 (34 17 25 78 53 4 61) (45 23 52) 6 (72 43 37 86 24) (20 66 26) (57 39) 21 96 68 (46 35) 12 (22 48 55 87) 99 59
49: (68 47 18) 33 (81 22 89) 100 17 67 (50 63 23 37 74 39 71 49 29 65 12) 52 19 (45 21) 86 (43 25 46) 96 (26 90 87 77) (48 69) (8 53) 78 72 51 36 (61 35)
50: 52 79 (39 35 12 87 68) (34 36 21) (6 43 66) 67 98 (49 61 92 18 86 99) (45 100 14 50) (77 29 53 89 11) 20 73 17 (24 4 93 42 13 8 51 22 19 60 25) 23 (28 70) (75 81 46 59 96) 2
51: (73 67 10) 9 (47 52) (77 96 93 100 92 4) (86 37) 41 (66 59) 8 2 34 (81 26) (89 28 90) (11 61) 60 (56 62) 78 99 (49 43) (57 74 85 98 13 63) (45 39 87 91) (36 17) 82
52: (12 60 11) (26 36) (63 42 21 39) 30 49 (19 45 17) 71 86 (81 72 90 47) 32 (50 74 57 25) (8 70) (83 87) (58 28) 5 91 (35 9 66 24 56) (61 23) (53 52) (15 77 18 99 6) (46 37 67 10) (59 98) 22
53: (99 57 72) 92 (26 49 47) (19 12 16 59 36 85 65 81 25 5 46) (93 44) (98 70 77 61) 64 (89 90) (37 23) (11 48 52) (50 45 87 8 1 22 74) (13 76 43 91 2 67 17 53 73 24 34)
54: 13 19 38 (17 8) (36 57 6 47 69 67) (98 32) 43 (78 35 65 22 2 58 24 68 59) (46 100 49) (61 89) (64 25) (83 92) (60 15) 42 (77 73 87 66 81 76) (99 34) 51 79 70 (63 75 39) (14 18 53) 10 52
55: 66 78 43 25 72 (99 76) (51 93 45) 5 (70 57) (46 42 11 89) (28 91) 98 13 87 39 (36 23) (59 10) (18 61 65 40 74 14) 54 52 (77 21 19 15 62 26 73 24) (35 58) (90 32) 67 8 60 (97 49 37 81) 96 (34 86 85)
56: (81 37) (69 98) 48 (39 92 93 44) 34 (87 36) (57 17) 53 28 47 (96 11 55 62 10 23 90 26) (19 14 89 61) (77 86) 35 (46 79 99) 75 (67 59) 45 82 (83 24 9) 22 (13 25 51) 6
57: (6 68 43 52 79 36) (31 46 66 39 13 93) 35 (22 37) (24 26 77) 57 97 (92 99 19 45) (54 25) (62 75 59 67 12 72 94 80) (17 96) 87 70 8 (23 14) (98 61) 18 (89 81 34 53) 47 (7 21 28 58 4 11)
58: (100 25) (47 46) (86 69 21) (22 91) (61 77) 81 (70 98 89) 85 (43 23 8 83) (37 5 62 49) 87 57 (66 24) (95 39) 99 74 6 (52 35) 71 96 67 (90 34) (92 73 36) (51 17 65) (84 76) (15 10) 45
59: (22 46) (24 92) (28 61 64) 77 (98 25 34 1 75) 100 (93 49 4) (59 18 40 19) (6 52) (43 37 45 79) (67 89 47 74 65) 36 62 99 (53 72 90 57 51) 35 81 96 39 (26 9 87 20) (10 13 80)
60: (35 58) 65 (40 60 13 68) (70 56) (23 52 26 87 24) 96 93 6 (22 73 90 11 21) (25 57 51 98 2 67 45) (28 46 66) 89 86 72 (74 85) 81 (49 43 16 17 82 69 61) (34 99) 37 8 (77 36 78)
61: (93 43 75) (78 98 37 87 58 14) (21 36 16 45) (70 81 26 77) (25 17) (28 100 35) 91 (74 59) 9 (57 55) 6 22 (79 65) (52 90 5 61 89 68 85) (24 67) (56 69) 39 47
62: (47 98) 14 (74 20 36) 90 61 58 7 (13 26 79 64 35) 82 34 (43 51 44 63 10) (85 17 28 86) 99 (66 93 75 87) (6 25 69 77 23) (45 91) 100 (37 52 59 57 46) (89 18) 67 (50 39 24)
63: 98 18 55 36 (66 35 11 8 37) (6 12 89) 51 (24 9 47 10) (25 28 45 81) (23 90 53 4) (57 13 93 52) 26 96 73 39 77 (17 67) 79 91 76 (46 87) (43 34 72 85) (61 2)
64: 8 (77 62 57) (20 92 34 82 53) 17 33 48 66 (86 35 43) (59 81 6 100) (14 68 71) (70 67 26) (2 37) (21 75) (52 25 93) 19 (49 45 10) (73 99 23) (89 12 5) 28 (96 72 13) (91 7) 61 (39 46) 74 87 47
65: 14 70 91 25 69 77 (16 6 81 78 74) (37 85 34 98 13) 17 61 83 (10 18 90 28 66 67 11) 92 (39 96) 65 (46 43 19 32) (53 51 68) (72 8) (87 93) 26 (52 23 21 35 45 89) 86
66: 61 (45 72 69 91) (55 13) (89 32 34) 24 (4 43) (19 67 83) 44 36 47 (14 25) (87 92 90) (5 26) (35 39 70 59 17) (22 79 51) (75 2 73 46) (28 77) (66 8 42 53 57 52) 98 (96 7 37) 86
67: 18 17 (32 5 81 73) (57 93) (99 37 45) (19 98 34) (42 59 12 100 52 38 35) (47 77) 82 (24 46) (89 26 53 90 68 23 87 97 25 66 28 91) (67 54) (6 22 39) (13 74) (43 75 8) (92 36 96)
68: 92 69 (97 37) 6 (40 21) (85 76 98 53 96 86 64 89) 82 (100 34 77) 55 93 7 (99 68 75) 35 (28 91 13) (26 67) 51 (10 17) (52 81 58 22) (23 84 8 57) 24 (11 87 25) (79 78) (46 61) (39 70) 59 45
69: (14 22) (77 13) 18 50 (32 46 47 82 87 66) (23 17 62 71) 78 (67 96) 72 98 (81 15) 89 45 65 (9 8) (73 43) (57 42 6 26) (85 37 24 76) 51 (61 25) 34 (48 49) (35 53 10 16 36 21)
70: (22 78 19 96) (71 67 99 21) 76 (100 53) 52 (5 6) (90 70 73) 23 91 82 (36 66) (81 57 25 26) (74 43 58 79 93 46 34) (13 7 37 89 35) (39 51) (68 12 45 85 87) 24 10
71: (63 25) 91 (81 52) (14 96 7 20 43) (32 26 8) (67 49 28 87 21 64 74) (72 77) 27 (57 42 69 40) (75 34 39 76) 15 66 45 46 (59 35 10 36) (22 98 24 61 51 23 89) 6 13 65 58 (17 90)
72: (74 28) (17 40) (22 93 36 57 73 100 10) 23 48 (52 99) 77 75 (58 35 13 64 39 98) 68 (67 2 45 46 91 81) 34 89 (87 72 96 90 8 21 65 43 42 59)
73: (88 45 90 77 39) 6 (17 84 23 11 61) 51 (69 34 72 64 26 99) (49 86) 79 (2 65 97 13 35 25 20) (75 43 52) (98 92 10) (50 85) (71 57 8 89) (46 67 87) (28 24 91 1) 74 21
74: (55 37) (46 79 39) (43 53) 72 (93 25 35) (78 89 40 77) (52 26) 66 (41 14 59) (81 90 36 34) (2 32) 65 (73 17 23) (85 86 91 6 13 7) 20 (98 75 45 76 49) 83 51 82 (61 67 47 99) 87 (57 68)
75: (55 57 99) 25 47 (42 72) (49 64 45 100) (70 89 65 39) (66 98 92) (19 18 73) (36 23 6) 67 24 44 (34 2) (78 77 61) 8 (48 46) (81 79 40 28) 35 17 (52 26) (51 96) 59 (50 71)
76: (35 79 37 74) 87 75 (98 8 28 26) (97 43 53 91) 76 (10 89) 52 23 (99 93 25) (90 18 36) (34 66 69 46) 77 32 (39 67 72) (17 29 68 81) (13 57) 60 59 (83 73) 14 (85 21) (45 61) (6 47 31) (82 5) (78 24)
77: (16 96 93) (91 99) (12 29 88 22 28) 73 6 (11 17) (74 35) 97 47 (72 40) (94 4) (37 100 69) (66 68 89) (48 77) 13 51 2 85 (24 52 45 42) (59 81) 71 43 (65 7 26) 34 (57 8 36 21 79 46) 25 49 58 (95 64 61 98) 23 (67 87)
78: (21 28 91 90) 7 (85 97) (77 42) (46 6 26 2 84 57) (55 59 43) 36 (25 19 69 73 49 39 12) 10 98 (93 45) 23 87 (48 99) (81 78) (47 63) 67 (68 37 17 74) 53 72 (79 3 24 8 50)
79: 37 (24 64 49 96 18 66 15 83) (34 85) 8 35 (75 93 91) 57 (87 21 58) (90 13 45) (10 44 43) 46 (60 53 82 23) 67 (17 98) (51 14 86) (25 22) 36 (59 52) 68 (81 77 72 73) 61 (89 79)
80: (21 53) 67 23 (54 19 37) (75 28) (85 89 68 86 72 59) 49 5 (36 46 99) (18 78) (15 66) (74 40 39 52) 22 (58 17 71 51) 96 (64 10) (2 25 87) (97 76) 81 (93 57) 100 (82 35) (34 48 1 24 61 77) (83 43)
81: (40 18 25) 85 (73 77 86 6 89 46 66 47 92 52 74) 9 (96 36 30) (39 22) 75 (58 99 17) 87 (35 55) (13 10) 59 (8 42 43) (60 50 26 57 62 72) (67 93) 49 (82 34) (2 23 78 81) (28 15) (45 37 24 14 12 4)
82: (76 66) (53 50) 16 (87 52) (68 8) (40 86) (46 77) 100 (6 37) (22 54 24 72 26) 99 57 (90 23 17) 11 51 (89 61) 65 (14 48) (96 5 39 47) 85 (67 81 55) 20 62 (49 25 35 36 74)
83: (24 51) (45 53 42 26 77 68) 18 90 (95 89 13 10 36 57 19 86) 21 (96 93) 60 35 67 25 (17 58 12) (14 43) 76 (52 28) (37 66 23) (81 99) (32 59) (100 98 87) (46 8 85 91) (71 75) 83
84: 21 (37 69 75) 24 (10 3) (26 2) 20 (23 35 46) 43 (8 57 74 79 18) (90 81 66 53 7 25 76 42) 13 98 89 (93 72 85) 70 (36 67 68) 61 45 (52 11 83 14 32 16 34) (78 15) 39 (77 17 87)
85: 23 (85 62) (37 65 35 67 46) 77 52 (2 86 43 24) 91 (64 98 48 66) 39 74 81 89 (25 34 26) (75 59 90) (50 22) (78 19 21) (45 79) 8 (76 61 87 70 6) 10 (14 57 1 58)
86: 7 35 (8 17 68 75 11) (13 25) 78 (89 34 23 67) (93 80 57 64) 21 (81 70) 74 (59 28 77 52 47) (18 61 87 19) 40 (46 42 96 73) (45 15 72 37 91 82) 100 36
87: (9 46) (14 59 1) 93 87 (6 74 78 28 39 92) (89 34) 45 57 (10 81 58) (76 18) (70 99 33) (36 42 26 65) 73 53 (13 82) 52 21 11 (49 24) (48 79) 2 66 (35 25 91 67) (98 8)
88: (17 45 23) (72 97) (42 13) 24 (53 99) (89 81 28) (47 35 25 18 16 60 84 61 15) 74 21 (77 73 86 8 79 39) 22 34 (43 2 87) (36 78 58) 90 (68 52 66 19) 100 (59 67) (85 51 46 98) 76
89: 98 (55 100 81 20 61 78) 18 79 (72 90 50) (93 26 45) (10 57 32) 24 (92 67 74) (66 52 35 48) (21 77 34) 9 (87 82) 43 (37 95) (22 1 17 56) 89 (23 49) 36 (8 42 53 85 47 59 7) 64
90: (67 99 55 77 48) (57 34) (76 81 8) 50 (17 24) 53 (52 89) (22 60 36) 46 28 (47 37) (98 35 87) 4 73 (2 3) (64 49) 91 9 (14 65 44) 92 (74 7 90 51 23) (93 15) (75 66 26 30 72 58) (96 10) (11 61) 43 (21 25)
91: (66 49) (6 37 93 59 45 9 53 71 8) (13 51 61 23 21) 52 (57 47 18 17 77) 81 (67 34) 74 (64 10) 40 22 (7 36 54 26) (91 87) (39 24 25 32 100 96) (43 35) (75 46 65 89)
92: 73 (91 96 2) 37 92 67 (42 26) 61 (89 24) 98 (35 90 49) (74 77 81) (18 44 34) 39 87 40 66 7 93 (70 25) (58 100 52) 76 (80 19) 21 75 53 36 46 23 47 32 (65 8 72) 48 45 71
93: 25 (82 47 85) (52 22 7 89 78) (98 28 37 24 68 35 45) (77 36 43) (57 11 34 61) 74 66 (51 6) (46 67) (4 93) 48 54 64 73 59 (39 83 14 91 8) 55 86 87 70 81 53 (17 2 99 1 18) (21 26) (63 95) (13 23) 69
94: 45 (43 81 18 100) 58 (59 61) (65 35 77) (98 7 49 46 34 52) 8 (50 87) 39 (79 12) (25 13 89 60) 24 42 70 19 (76 57 28 85) 1 (67 66 92 93) 91
95: (93 24 3) (79 38 76 86 57 53) 10 14 (36 1 25 75 19 72) (47 26 97) 22 (34 45 8 67) (41 66 77 98) (87 18 61 37) (84 21) (81 90) (20 43 52 83) 100 (59 7 46 35 99) (73 6 17) (55 4 23) (91 39) 89 9
96: 72 55 (7 19 67 9 74) (57 10 45 52 8 13 17 34) 65 25 (6 26 87 46 29 39 23 37) 96 (35 86) (36 93 11) 79 (81 14) (77 99 16 59) (24 78 21 90 22) (89 70 82 3) 49 47
97: (91 35 81 59) 74 (25 87) (68 58 14 43 39) (7 36 72 19) (89 61 34) (40 44 67) (24 76 8 52 46 85) 22 (2 28 23) 79 (100 96) (49 13) (57 21 37 93) (73 54) (1 90 77 62)
98: 35 (32 13) 96 (10 14) (25 8) (44 89) 73 91 (70 4 65) 93 (48 90 18 36) 72 (68 86) 61 50 (5 76 57 26) 79 (28 75 59 67) (43 92) (82 41 46) (87 37) (23 81 98 100) 17 (15 22) 60 (58 74) (52 24 45) (69 49 39)
99: 66 (35 39 8 1) (87 57 48) (26 6 90 25 5 17 43) (99 69 72) (96 52) (59 29) 81 45 42 (91 36 22 58) (32 37 3 44) (16 10) (98 100 20 49 85 34 40 21) 23 77 13 (65 18) 53 (75 47 19 55 67) 61
100: 32 (21 66 48) (11 100 90 19) (25 68) 18 46 (29 59 98 17 87) (8 73) (26 96) (91 24 35) 99 53 (47 50) (77 52) (78 43 39 5 2 45) (23 36) (40 89 70 6) 63 (72 42 34)
