100 100
1: 88 (56 24 93) 53 (61 16 90) (79 25) 30 (75 69 85 41 38) (17 84 81 8) 10 22 13 100 (58 51 47 6 97 21) (31 62 26) (71 46 1) (32 60) 3
2: 67 (11 5) (100 91 28) (16 92) (39 87 86 41 62) (51 4 26 56 95)
3: 57 (36 1) (100 95) (29 5) (72 89 26 56 30) (74 54 53) 9 64 (6 37 73) 69 (14 40) 19 (3 58 93) 83 (92 97) (38 86 8 87) (7 47 90 49 48 12) 17 (2 61 71) 88 (91 99 79) 80 84 (23 46 10) (68 60) (77 20 34 44) 78 (22 18 39) 31 (59 81) (28 50 70) (15 63) 16 (11 52) 94 (33 51) 13 35 (21 85) (24 75 42 25 98)
4: 94 48 71 (73 86) (5 53)
5: (3 21 55 45) (35 2) (10 33 34 99) (9 62) (80 48) (71 95) (63 50 36) 75 (42 37 28) (65 73 67 94 52 30) 47 (100 82 96)
6: 99 66 (17 48) (3 50 28 65 21) (37 62) (54 63) (59 83) 94 (39 18 35 42 1 95) (86 53) (11 34 69) (85 84 61) 100 80 (10 73 96) (24 40 2) 71 (52 90) (89 38 68) 6 44 (76 92) (78 79 82 23) (7 97) (87 4) (51 46) 43 (12 67) (56 20) 72 57 (81 8) (14 74) (5 98 26 60)
7: (99 14) 70 66 (53 57 54) (97 35 74) 100 76 (79 39) (33 94) (6 38 19 52) (68 8 29 73 36) (91 32) (98 12) 28 86 27 (75 43 58) 61 (51 31 17) 46 93 48 (3 25) (80 96 92) (59 10 9 21) (85 65 49) (22 89) 18 (62 15) (50 63 77) 60 (5 82 71 47 23)
8: 20 (87 58 15 26 10 34) 19 49 (33 9 42 85 66 61) 88 79 (77 27 69) 8 11 (62 29 2 54)
9: (76 100 40 45) (75 12) 79 (51 30 35) 58 21 (55 66) (73 32 41 43 81 93 62 3 98 80 8) 7 (63 27 23) 4 (91 44) (26 1 22) (97 34 61) (59 83 18) (65 24) (87 48) (90 89 49) 95
10: 57 (65 33) (20 45) 38 (29 94 69) (67 19 7) (47 22) 85 (46 5) 31 8 (10 96)
11: (67 70 58) 59 20 (25 27) 36 41 (84 28) 21 (71 24) (79 81)
12: (2 44 82 7 83 49 91) 90 (9 53) (28 55) 26 57 88 (84 62 76) (68 1 59 36) (51 75 72) 41 11 (31 81 89) 21 (47 12 86) (50 77 25 6) 18 (16 93 5 10 13) (94 40) (15 64 45 8 69) (24 79 61 14 52) 80 58 56 42 (60 65) (96 66) (63 37 30) (20 73) (48 35 92 19 74 87 4) (38 34) (54 70 29) 71 23 (78 22) (32 33 43 100 85 17 98 46 3 67 99 95 39)
13: 63 (69 36 82 49 22) (37 19 24 85 58 25 38) 74 8 78 65 (50 71) 97 98 99 (15 40 20 76 10 54) (35 57 84 93) (43 66 6) 45 39 (94 28 70 91 53 88 100 90 33 1) (64 55 44) (56 72 96 73) (86 3) 32 2 (95 30 5 75) (80 81 14) 59 (48 4 51) (52 21 89)
14: 97 17 63 21 79 (8 64) (83 55 30) 65 34 93 (46 33) 44 (68 81 61) (41 4 89 5) (19 62)
15: 23 7 (42 5 33 86) (40 94 6 87 34 17 25 38 76 26) 16 75 (77 15 90) (59 8 100 47 14) (55 37) (20 92) (96 69) (19 89 81 12) 78 (36 97 98 28) 66 50 (60 68 39 9) (52 48 51 62) (45 93 30)
16: 47 (2 69) 99 (97 98 40) (81 24) (10 41) (65 8 45 31) (96 94 88 49 33) 61 (39 35) (43 25 30) 85 27 (77 23) 11 (87 51 84 86 71) 80 (82 5) (64 66 78 4 56) (19 22) (26 74 14) 90 (20 1 42 37 92 60) (44 7 73 67 72 48 58) (52 9) 34
17: (81 95 22 28 79 94 62) 46
18: 15 (10 6 16) 46 72 73 69 32 9 (29 52) 53 50 91 (76 14 37) (87 77 20 88 99 26 7) (65 61 54 19 18 45 94) 74 (11 40) 47 (59 1 75 39 3) (83 96 78 70) 55 89 44 (35 25 79 95 41) 64 (2 49 12 85) (51 90 100) (43 60 34 13) (92 31) (23 38) (42 8 33 93 84) 81 (82 4) 80
19: (97 40 18 56) (32 84 7) 88 (52 42 2 74) 6 (16 78 26) 69 (37 87 12 10 45) (48 30 95) 38 (58 83) 68 85 (57 49 81) (62 60) (28 24 73 29 35 66) (34 46) 72 (90 25 82 53 36 27) 89 (86 70 4 65) 31 98 (55 15) 13 63 (51 80 33 93 67) 9 (94 96 3 76 20) (100 91) 5 (54 22) (71 23 79) (61 64) 8 (92 21) (14 11 77) (19 1 17 75 99) 44 59 43 39 (47 41)
20: (4 80) 21 (22 37 87 12 9) 27 (19 84) (71 43 90) (95 77) (33 15 98) 44 24 (36 5) 74 (69 16) 6 20 (31 57 85 81 34 70) (7 62 86 94) 53 29 (1 64) 45 (76 32) 97 78
21: 86 (56 79) (43 62) (84 52 20) 59 (23 15 85 97 83 6) (42 34 9 55 71 70) 26 36 37 81 14 (41 38 91)
22: 19 92 7 (91 97) (34 8 79 63 14 46 45 39) (25 6 62) (88 81) 78 51 (27 60 16 56 64) (11 47 96 99) 33 (40 10 94 1 58 82) 71 61 68 5 69 (59 70)
23: (25 85) 12 (21 94 27) 26 (81 74 91 84) (20 56 95) (67 3 89) 24 30 (4 76 1 61) 69 (51 18 75 36) (39 97) (15 5 40 96 9) 38 99 7 (23 6) (53 71 72) (88 55)
24: (88 57) (24 7) (8 40) 56 64 42 (60 34) (62 98 36 43 30) 50 21 41 (85 19 81) (73 28 11 92 97) 74 (29 86 65) 63 (87 79 96) 25 (93 2) (47 23) 16 (52 10 46 48 71) 76 39 9 (5 100) (54 67) (37 91 68) 38 4 77 (89 55 13 1 26) 32 31
25: (76 86) (71 17 29 100) (53 72 46) (47 5 99) 42 60 43 (44 79 95) (97 70) (77 67 38) (88 4) 22 (21 66) (35 30 2 13 52 82)
26: (87 60) (43 78) (51 17 32) 49 (84 3 66 58 15) 98 80 38 (40 21 81) 30 (74 88 29 95 90) (10 9 23) 33 (100 93) (45 52) 31 69 (16 25 89) (59 22) (37 83) 12 (57 85 86 76) (73 92 26 4 91) (35 14) 72 68 (94 42 50) (70 63) (24 77 56 53 97 48) (1 47) (13 5 64 61 65) (6 44 39 54) 19 (34 71) (28 36) 67 (7 82 46) (8 2) 18 (75 20) (41 27 99 62 11)
27: 97 (52 83 63) (6 57 47) 98 45 (28 7 68) (59 88 62) (37 41 79) (77 12) (24 23) (42 38 74 94) 53 (89 58) 50 (46 81) 51 (90 76 87 1) 96 (71 17) 91 (39 16 8) 64 (30 84 29 36) (22 73) 70 (40 2 32) 31 (43 18) (27 33) 66 48
28: 76 (16 24) 99 21 5 32 (14 9) (3 65) (31 36 60) (78 8) (73 22 52) 93 (53 27) (2 4 96 58 49 98) 82 59 (39 33 34) (30 43) (89 51 87 86 12 19 17 71 44) (100 1 37) (40 46) (66 85 88) (20 77 48 80 54) 18 (55 41 91 69) (81 10) (38 57 29 67 83 70 47 64) (62 15 11 13 56) 23 (42 6) 50 (94 84 35 61 45 26 72 97) 25
29: (12 69 36 72) 83 (13 19 99) (33 3 50) (45 10 7 40 59 51) 20 (4 8) 66 (81 93 100 53 78) 91 (71 26 32) 64 39 (73 47 23) 67 (88 86 82 85 74 17 11 48) 5 9 (75 27 2) 49 (42 94) (29 97) (38 80) 56 41 (76 87) (62 21 31) (18 96 37 98 6)
30: (17 66) 61 (72 1) (90 68) 52 (11 75 80 65) 71 (67 6 20 4 60) (35 86 46 7 70 63) 95 (36 33 31 94) (19 23 51 50) (5 100 2) (13 12) (87 16 88 57) (69 27) 56 30 81 (49 44 74) (26 29 45 10 58 15 38 99 76) 73 (18 96) 55 (43 48) 8 34 (82 79 97 92) (25 77 89) 83 22
31: (90 28) (15 86 1) (87 40) (30 95) 57 (52 6) (92 91 25 84)
32: (6 12) (58 44 11 62) (95 5 69 81 55 80) (49 72) (2 24) 3 40 (63 19 97 89) (57 34) 86 53 (15 50 87 14) (42 38) (83 51 33) (48 96) 56 (23 28) (17 36 35) 88 84 82 (77 68 26 90 18 25 93 71 64) 75 (7 16 32) 78 (91 10 66 92 39) 79 (31 73 98) 67 99
33: 35 (83 1 76) (17 71 85) 53 (54 74 70 44) 19 88 (80 24 34 92) (31 30 58) (59 69 45) 33 (7 75) (20 28) (81 6) (95 36 4) (63 12 2 13) (89 94) (8 61 67 73) (26 66 48 79 5) 43 (41 82 38 10) 21 47 52 (91 68 15 18 78)
34: (56 77) (18 29) (34 57 24 74 30) 35 13 (62 94 100) 71 (3 85 93) (68 58 44 73 96 88) 49 (45 76 33) 92 6 31 75 (90 97 48)
35: 25 80 84 14 (100 32 37 11 16 41 63 76) (47 52 90) 18 (36 74) (29 64) 44 (39 57 3) (9 96 58 86) (95 65 33) (59 19 78) (4 97)
36: 74 86 25 6 53 47 (60 9 7) 16 (85 19) (28 99 52 90 40 70 76 84 35 92 83 30 41 43) (42 89) (82 58) 4 (62 49) (54 17 36) (50 44) 14 (2 95) (23 32 61) (27 78) 79 (21 37 12 87 8 26) (73 55 93 72 1) 97 75 (38 91) (69 24 68) (77 88 64 57) 67 46 (34 48) (96 13 94) 20 29 22 5 10 59 63
37: (79 4) (60 83 68 26) (37 80 28 84) (11 35 71) 88 (93 56) (73 22) (91 75) (94 21) (6 59 32 63 10) (85 29 2) (33 52 86 76) (98 17 66 31) 15 46 43 77 (27 65) (45 78 51 74 99 48 49 36 23) (97 19 41) (82 39) (62 25 87) (18 47) 95 (30 5 38 42) 44 (13 57) 70 72
38: (55 27) (62 56 74 35 99) 42 81 71 (31 77 83 33) (8 51 40) (69 30) (97 68 47) 12 7 75 23 (98 67) (14 60 54 41 93) 17 5 (100 38) (2 20 44 16) 96
39: (24 37) (59 40) (69 86 68) 30 63 (25 21 11 87 97) 58 (71 35 84 17 79) (70 53 96) (23 1 61 93 50) 19 75
40: 97 (58 54) (10 95 87) (22 43 44 91 24 93) 59 (29 78 1 36 66 69) 68 (12 40) (72 56) (89 61 37 62) (27 14) (21 48) (33 55) 41 (11 4 20) 65 (35 51 19 98 26) 50 85 (64 82 77 45 96 16) (90 52 75 92 38 2) 76 (18 99) (17 60 100 32 83 53) (79 31 39) (42 28) (67 46) (80 15) (25 3 13) 49 (6 7) (5 86 74 8) (73 47 57 63 71)
41: 88 (10 63 75) (53 2 61 84) 99
42: (37 12 56 43 89) 100 77 (61 42 27) 36 (79 96 82 75) (2 29 38 30) (10 70 76) 26 (90 54 49 60) 94 (57 34 17 20 64) (59 40 80 66 91) (81 32) (16 8 88) (83 58 53 47 85) 67
43: (7 64) (14 24 96 61) 11 (45 28 71) 29 (59 32 1 31) (43 72 88) 37 23 21 (55 56) 52
44: (39 8)
45: (9 23 16) 17 86
46: (32 9) (75 71) (37 99 48) (73 53 18 2 10 82 95 59 11 43 79) (87 14) (22 63 49 5 89 1 23 60 86 66 35 92 42 58 31 76 44 34 7 56 15) 100 (52 93 84 29 61 36 74 57 51) (50 98) (26 20) 97 (91 41 45 69 33 54) 68 (38 80 16 21 39) (27 67) (24 70) 65 (19 62 46) (83 17) 12 (6 72) (64 47 55) 96 94 81 88 (85 78)
47: (35 82 75 71 45 34 29) (80 30 79 47) (70 68 9 92) (43 54 41) 78 (67 51 16) (36 5 18 11 13 81) 25 (27 88 6) 17 (83 72 56)
48: (13 9) (75 85 16 1 73) 76 (11 58 69 83) 84 (39 71 64 49 24 59) (94 47 42) (38 43 100) 4 (54 87 44) (56 88) (72 35) 82 (77 52) (37 25 40 23 20) 57 62 (7 92 5 89 32 67 51 53) (70 61 99) (93 63) 46 45 22 (33 6) 60 (95 17 27 14 68) (66 29 18) (28 91 34 98 97 78 41 8) 30 (79 3 21) (31 36 12 74 26 2 19) (96 55) 48 (80 10)
49: 19 (66 99) (70 93 14) 84 (76 94) 58 (37 100) (31 46) (55 23) (95 81 64 51) (77 7) 53 (49 42 13 32 44 3 24 61 82 28) (29 16) (59 11 35 27) (62 41)
50: (98 33) 40 79 51 15 (6 63 59) (75 27 21 13 71) 46 (60 24) (65 43) 37 10 (44 100) (68 61 35 8 39 48) (14 99 25 20 76 41) (53 3 47 57 88 74 5) 90 (28 82) 89 (69 93 38 84) (4 30 62 17 77) 26 (94 52 81 36 66 2) 91 22 (9 87 32 55 95) (73 29) (72 34 54 12) (58 64 97 85 50) 70
51: (83 62 47 52) (4 92 81 33 15 21) 30 6 (97 44 45 99 49 64 9) (2 8 23) (14 93) (51 85) 38 7 75 96 (88 98 46) 95 19 (82 61) 67 (66 31 70 26 1 65 84) (11 43)
52: (8 3) (42 56 84) (71 85 58) 94 91 (16 96) (22 34 81 21 99 6) (24 79 44 66 23 32 54 46 78 14) 18 63 (59 100 61 51 41) (52 57 98 2) (39 97 76) 55
53: (38 60 28 11) 92 (79 80 83 88 31 93) 12 37 84 (98 62 82) 77 (68 90) (87 14 4) 73 36 91 (86 55 39 1 8 19) 54 (65 25 2) (44 30 45) 48 (5 70 69) (3 74) (21 59 66 32 6 49 42) (24 13 56 95) 53 (33 15) 61 20 (58 29) (57 17) 64 26 (99 96) 34 23 (81 71 43) 46 (27 10 7 94 41 47 75 97) 50 (76 67 16 63) (85 89) (40 78) (72 51 35) (100 22 52) 9
54: 21 (73 11) (93 85 98 45 29) (22 76 3 44) 74 (70 34) 50 86 100 51 39 (13 7) (87 95) 5 (62 17) (55 18) (71 60) 30 68 (80 90) (48 75 10) 56 (24 37 84 77 79 64 16) 38 20 (47 61 35) 41
55: (61 65) (41 5 93) (49 48) (6 31) 95 (99 94 52) (15 24) 97 (68 26)
56: 59
57: 64 (70 41) 22 89 15 (53 71 95) 32 (52 17) (23 100 43 50 46 73 35 59) 63 (28 91) 37 (83 65 19 13 97) (39 7 29 96) (74 56 55) (78 98 48) (6 33 86 8 18) 60 (47 49) 81 3 57 (67 87 42) 88 80 69 82 5 30 72 36 (14 20) (90 25) (77 93 2 61 11)
58: (70 76 20)
59: 100 (5 86) 42 (60 34 97) 47 87 52 (72 15) 81 32 (75 80) (70 62 69) (36 98) (82 51) 9 4 (2 53 16 73 46) (74 85 43 6 89 79 91 21 13 49 64 61) 84 (40 18 17) 28 (78 57)
60: 53 (40 69 93) (90 8 51 6 25 29 7) 100 (1 60 30 49) 91 66 (2 59) 27 (92 31) 41 (10 11 39) 14 (57 84 97 47) 72 37 (44 45 78) 43
61: 22 45 (7 85) (89 33 44) 77 (46 69 91) (27 59 25) (24 54 23 74 93 13) (96 68) (40 3) (56 43) 12 90 (10 5) (84 63 73 81 76 26 78 35 86) (52 61 9) (19 39 16 66 50 32 30) (6 38 53 17) (29 79 15) 97 (37 41 88 18) (1 4 72 14) (82 67) (80 42 64 51 28) (55 8) (100 57 31 87) (36 94) (62 58) 11 (21 71 92 70 99) (20 60 48 47 34)
62: (81 27) (4 18) 95 (59 54 55 83 9 14) (40 23) 84 72 (85 45 5) (43 93) (6 29) (60 36 88 82 38) 97 (57 86 91 12 32 34) 71 (90 7 52 19 20) 100 (48 28) 98 8 (10 67 44 79 64 75 46) (92 69 15 80 89) 3 76 (41 21) 1 (68 42 17)
63: (15 82 90 55) 95
64: (86 50) (89 67) 100 (23 99 94 45 97) (27 47 54) 38 24 (17 8 93 88) (84 83 85) 7 (34 35) 69 (58 79) 74 (39 41 15 13)
65: 33 (34 26 3 42) 81 72 (30 61 28) (2 18) (32 50 19) 73 (4 78) (37 86 31) 12 67 82 (79 80 100) (40 52) 99 38 23 45 95 14 63 (84 10) (71 49 39 66 15 97 6 58) (65 11 55 62 8 83) 51 (69 87) (27 5 17) 60 (89 98 25 43 53 57 70 41 90) (35 44 64) (13 54) 46 96 (22 85 47 9)
66: (45 95 70 91 30 54 8 46) (56 61) 63 35 28 (24 12) 11 (67 98 66 73 94) 88 27 (44 77 49 1 96 100 19 50) 39 (26 78 85 90 97 52 55 3) (48 4) 89 80 (17 6) 62 (13 93 68 41 33 20) (15 57 37 72) 86 (75 65) 51 82 23 (76 47 79 14 31 81) (60 64 16 18) (29 59 69) 38 (43 32 83 99) 36 40 (92 74)
67: 34 (43 3 94 16 37 30) (49 82) (7 96) 90 (17 1) 13 (4 85) 97 26 (63 19 5) (78 6) 58 64 50 (80 51 74) (31 14 84 98) (41 40 95) 45 (20 9) (60 28)
68: 96 (39 83 72 84) (40 64 48 13 22) (74 98 33) (53 95 23 28 93) (86 4) (57 35) (32 37) (8 18 89) (27 44 88) (11 10) (25 14 100 78 5 47 20)
69: (79 100) (46 39 96 45 26) (89 5 35 75 67 28 17) (87 27 7) 11 (16 78 21) (84 93 90) (23 4) (76 25 48 13 24) (22 20 81) (2 14) (1 37) (41 10) 86 (56 57 85) (74 19) (82 83 36) (61 9 64 68 66) (73 70 60) (54 8 3 44) (47 69 52) 40 (6 12 34 38 99 80)
70: (3 59) (57 39 28 78 85) (24 63 20 74 77) (48 70 5 34) (16 18) (60 13 4) 49 (98 84 42) 86 (9 94 61) (43 14) (38 96 35 12 30 44 50) (21 17 75) 40 (82 76 91 80 7 51) 1 8 68 36 (69 2 54 99) 53 (37 10) (11 22 29 66 32 92)
71: (10 88) (38 73 39 25 99) (48 91 30) 5 (65 21) 53 (57 62) 32
72: (18 12 21) (90 30) 27 98 (91 19 5 28) 53 (87 94 92 46) (78 26 7 11) (63 48) (82 84) 4 (23 88 50)
73: (77 46 54 24) (32 43) 6 18 (22 97) (47 81)
74: (76 29 75 59) (97 56) 39 (72 13 22 87 31 26 55) (66 92 78 54) 16 73 (99 14 95) (33 90 53) (37 52) 40 (82 89) (58 65) 4 (94 18 83)
75: 57 (59 48 86 26 61 58) 78 (38 19) 83 (56 30 24) 28 (52 84 3) (91 2 36 74) 55 20 42 (21 67 95 97 1 66) (73 82 17 22) (46 87 81 50) (68 35 88 5 70) (72 41) (90 25) (69 54 27) (79 60 15) 23 (93 96) 71 9 (45 47) (92 34 85 14 63)
76: (25 64) (30 34 13) (40 33 52 12) 7 99 (82 49) (86 59 78 81) (71 91 17 35) (20 39) 93 (85 11) (24 5 8 4 48 88 57 76 6 65) 60 (32 67 44 66) (80 51 2) 54 89 69 (94 68) (18 14 58 53 83) (72 37) 16 (70 96) 15 97 (84 56 42) (46 92 31 90) (9 74) (95 73) (87 29) (1 27 3 10 47 38 61 21 41 19 79 62 26 22 28) (98 43) 55 75
77: (30 27 36) (83 31 41) 19 (80 95) (66 25 7) 58 (28 64) 22 74 4 61 (76 68 96 67 35 86 42 12 13) 72 (54 90 20 38 93 24 26 52) 56 (97 14 50) (48 100 10) (65 91) (5 37 3) (63 49) (15 69) 23 (57 92 87 70 53 18 44 51 94 59) (33 84) 21
78: (88 92) (81 60 65 30) 95 (36 4 52) (55 1) (100 87) 54 61 (29 19) (25 56) 32 (64 28 70 7 39 35) (96 66) 23 (21 46) 49 84 93 (90 48) 50 (98 82 68)
79: 62 (18 57 46 75) (53 95 85) (3 89) (9 93 5) (30 45) 39 (94 37 36) 55 16 74 (44 67) (80 29 56 90) (20 35 2) (25 50) (6 27 24 52) 69 41 (61 48) (92 82) (88 78 64)
80: (7 24) (72 52 26 39 15 68) 8 65 88 (31 17) (25 71 53 6) (90 42) (59 76 77) 62 100 46 (1 34) (27 14 91 99) (58 63 73 89 22 11) (3 21) (69 5 60 79 92 93) 84 (82 35) (86 10) (81 56 41) (23 85 61) (75 28 50 45 20 13 87) (37 48 49 16 51 19 98) 30 (44 64) 32 74 38 (54 67 83) (97 57)
81: (33 40 26 99 73 41 35 75 95 72) 24 66 (25 10 22) (86 90) (82 27) (7 32 11)
82: (63 2) (94 34 81) (62 79 95 14) (27 13 21 4) 41 91 (99 23 38 56 65 20) (32 9 44 50) 64 (24 72 16) (36 18 47) (8 90 39) (7 40 10) 92
83: (78 30 38) (54 65) (46 70 31 19 69) (27 85 45) (87 41) 80
84: 14 (1 92) 47 18 73 (20 82) 76 12 (53 36) 58 (61 64 16 33 91 30) (66 99 17) (54 39 6) 4 (93 90 38 87 7) 98 (69 84) 49 80 (43 70 89) 88 (29 56 94) 35 (100 34) 96 (2 24 27 32 19 31 5 74) 26 9 (50 11) (77 28 97 23 15 8 57 71) (86 40 22) (67 55) (65 95) (78 85 63) (81 10 46 60 13 68) 52 (59 37) (48 3 21) 83 79 42
85: (3 91 50 2) 1 (56 76 95 9 96 97 61 78) (29 68 15) (12 16 5 38 60 88) 99 84 (46 53 18) (70 72) 86
86: (3 65 57 77) (81 52 62 78) 71 34 41 83 39 (17 74 72) 61 16 (42 92) (11 63) 47 60 (58 1) (35 55 96 12 24) (75 53) 79 (51 85 66) 9 56 (98 27 89) 45 22 93 (5 99 87) 26 (33 91 44 31) (2 46) 68 50
87: (76 89) 97 (73 92 94) 21 (8 87 7) (16 79 19 53 45) (25 61 22 67) 51 (27 69 31) 55 (62 47 88 36 54) (95 2) 11 (83 75 37 65 17 52) 12 57 35 (82 63) 100
88: 46 (98 59 14 92) 35 40 (95 20 50 64 90 63) 62 (16 11 58 9)
89: (22 72 78) 38 7 65 (42 15 79 59 58) 90 (6 43 8 12 84) (83 35) (47 96 23) (24 66 10 74 70 53) 97 32 3 (37 75) 16 (56 11 18) (98 88 85 60 82 68) 28 (46 20) (27 14) 77 4 49 92 (19 57 99 95 21 71) (44 48 89 81 34) (55 64 39 13 2 36 69) (33 30 51 5)
90: (92 61 58) (80 100 51) (43 44) (31 22 95 71 99 52 96) (93 23) 64 (94 21 26) (4 48 30 73 60 9 82) (81 32 6 54 86 70 42 25) 69 (20 57) (8 75 36 33) 29 (68 34 18) (17 15 37) (7 77 50) 85 (97 11) 2 40 47 (65 24 12) 35 78 (91 19) 27 (84 13) (55 66)
91: (70 69) 49 (2 6 21 57) 27 77 85 (13 91) (38 8) (48 54) (86 16)
92: 77 65 60 68 28 (26 9 88) (13 39 62 11 75) 57 36 (41 21 30) 7 (51 76) (58 56) (71 14) 24 (16 94 81 8 37) (17 78 99) 34 97 (70 18) 50 79 38 54 2 (44 59) (40 72 4) (53 64 93 35 74) (84 52 66 95 1)
93: 84 (87 4 32 28) 70 2 (99 3 15 96 54 63) 24 (59 68) (74 77) (93 12) (66 75 65 61) (53 14) (88 27 72) 86 (78 94 47 98) 90 (45 60) (1 38) 76 (31 37 36 20) (26 85) (97 11 67 23 56 34 73) (50 58 43) (83 10 51 17 6 80)
94: 28 (68 12) 55 (59 81 61 60 76 45 100 42) 94 (83 73 66 18 43 58 87 30) 22 (35 11 91 89) (84 40 32) 82 27 (20 2 80 49 48 70) (7 29) (36 56 31) (17 4) (92 74)
95: 42 (71 63 9 72) (4 34 36 51 31 86) 77 (70 15 98) (81 17) 41 90 (59 73 56 88) (18 46) 74 (58 11) 94 (12 61) (23 53) 16 96 8 (38 93 24 13 7 27 83 14 47 30 91) (21 92) 43 (33 82 89 97 5 87 76 66 68 22 6 52 50) 84 (35 80 95 3) (40 75) 19 57
96: (50 31 36 78) 18 3 (64 94 100) 86 35 54 (71 89 34 76 81 57 28) 19 (12 75 67 48) (73 22 85 14) (26 6) (13 56) (11 82 77 29 80 40 59 21) (24 69) (25 97) 90 63 (99 7) (93 17 4 38 20) (41 10 68) (16 65) (53 9 96 45 83) 42
97: (30 10 28 25) 17 71 98 (18 9) 90 (43 62 54) (42 92 7) (53 80 1 36 85) 56 (22 33) 20 (57 48) (91 8 4) 35 64 11 78 99 3 6 21 (88 79) 46 75 68 55 (70 14 96) 51 (59 61 63) (76 72) (31 13) (84 83 66) (97 45 58 39) 77 50 (100 49)
98: (53 44 34 81 89) (29 47 50 8) (64 14 4 74 93) (16 24 49) (3 68 77 35 46 57) 10 (61 96 52) (22 88)
99: (4 99 80 81 85 24 67 41) (35 82 18) 79 (34 95 77 1 66) (68 32 57) (2 61) 6 (94 97 30 42 100) 31 (84 56) (49 48) (44 29) 88 74 (17 50 47 54 75) (58 90) 23 (64 26 72 21) (8 14 36 91 27 83 53 89 76 25 59) (5 98 13) (55 46 16 9 62) 38 (92 52 20) (40 78) (37 86 51) (73 71 19) 7 (69 15 11 93) 3 (28 87 12 63) 33 43 39 70 (60 45 10)
100: (5 45 64) (9 97 100 6 68) 3 (17 72) (2 94 53) (34 58) 87 (18 85 11) 23 (88 7 74 78) (90 44 4) (29 46 62 39) 20 (16 19 65 36) 32 (66 52) 50 99 (84 92) 93 (13 77 82) (38 51 21) 41 (59 80)
1: (85 66 20 67 16 18) (86 51) 12 61 33 80 78 24 (13 76) (9 36) (99 43 62 60) 31 75 3 (93 19) (70 28) (53 92) 6 (27 46 48 97) (84 30) (1 69 22) 23 39 26 40
2: 53 (85 24) 38 (82 100) 79 (30 12) (69 90 33) (19 76) (36 37) 89 91 (16 60) (18 32) (86 28 46 42) 92 (70 29) (40 94 48 50 27 5) 26 (84 52 8) (87 59) 3 (6 41) 13 (65 51) (99 75) (25 57 93)
3: (96 70 32 53) 65 57 (77 84) 12 67 61 (69 6 40 3) (29 48) 18 97 34 (75 13) 62 100 (79 98 86 80 19) 7 9 89 95 (54 35 5 99 1) (66 23) (28 52) (85 76 49 26 50 93)
4: (97 18) (20 78) (98 30 26) (62 99) (92 61) (13 74) (82 66) 96 (48 77) 14 50 25 33 (70 51 72 65) (67 95 53) (59 40) 23 (69 93 90) (12 84 16) 9 (19 36 29 35 2) 6 (89 24 100) (76 94 37) 28 68
5: (54 38 76 22 4 65 85) 26 14 (86 40 2) (53 32 10) (100 23) 57 68 59 (3 80 25) (50 77) (20 55 6 33 99 47) (37 13) (67 79 36 69 95) 7 (72 62 16) 15 84 89 (75 24) (70 48 46 71 28 19) (29 61 12 30)
6: 53 79 59 (80 60 52) 21 6 1 66 90 37 (30 26) (31 93) (7 48) (95 12 55) 97 50 34 3 13 67 (62 91 51 15 28) 99 20 100 (76 23) 69 (32 57) (47 29 33 27 19) 18 40 (84 46) (22 89) (36 65) 73 (96 61)
7: 99 (94 69 60 15 27 20) 26 (51 89) (46 84 87) (40 33 16 97) (23 36 12) (9 54 29) 95 90 (48 6) (30 67) (92 53 22) (82 43) (100 32) (96 18 19) 10 (38 49) 62 24 57 (81 72) (64 77 80 78 61) 3 (70 76)
8: 57 (90 8 80 6) (26 64 95 99 10) 82 (62 97) (70 27 50) (19 38) (18 33 30) 48 (52 15) (51 98 40 68 91 42 69) (89 22) (14 28) (53 16) (65 13 3) (7 66) (1 61 44 84) 87 29 (92 24 12 76) (60 9) 36
9: (69 26 20 62 75 46) 99 50 (79 82) 12 90 (7 96 95 70 45 3 67) 76 53 16 (59 61 18 15 65 8) (36 21) 29 (51 86 85 28 5 97 88 84) (24 35) (47 100 48) 19 (23 92)
10: (97 84) (89 54 50 82) (7 30) (29 65 76 37 10 60 24) 96 (53 93) 3 6 (99 26) (18 70 42) (36 5) (48 12) (32 19 46 1 80) (28 98 40 68) (13 69 16) 62 22 71 (33 61) 41 8 (77 81)
11: (87 92 68) (95 18) (93 43) (22 80 2) (84 16) (97 61 86 32 94) (12 3) (26 81 90) 28 (54 8 72 70) (65 39 100 48) (35 37) 47 24 (66 53) (69 60) (30 88 6 89) (51 46) (40 96 49 76 19) (29 57) 99
12: (6 42) 20 23 (9 19 90) (15 72 46 62 70 36 61 95) 7 (28 65) 87 29 69 (77 3 94 38 48 50 30) (40 18 26 76 89 96 93 27 66 53 85 33) (12 84 32 99) 86
13: (64 66 80 65 40 34) (96 57) (76 68 19) (49 82) (67 47 100) 28 33 (54 50) (74 30) (70 59) 48 (18 53 25 97 69 61 77) (24 26 95 29) 84 (90 36) 91 1 92 (99 89) 37 (12 3)
14: 40 6 (12 52 36 49) 80 15 22 (21 74) 46 (97 67) 48 (32 50 76 65) 93 61 43 13 89 68 60 (66 26) (51 77) (19 95 92) (28 99 88) (53 7 84 16 82) (70 69 75) (96 57 38 98) (35 18) (3 62)
15: (15 26) (55 19) 20 (93 80) (51 8 40 64) 3 (18 31) (77 62 37 7 75 84) 33 65 30 (90 12 76 32) 89 (85 28 95 63 21 46) (59 50 23) (66 53) (13 61) (57 99)
16: (74 79 32) (15 99 67) (66 2 42 47) (1 95) 69 (45 59 70 54 19 89) 53 (38 30 86) (52 49) (92 48) 98 (18 84 87) (20 22 91 24 85 96 76 26 40 27 82) (100 3 80) (88 28 12 36 46) (61 35)
17: (28 15 38) (90 57 84 76) 54 (27 30 33 65) (66 67 37 69) (100 80 75) 39 (70 96) 93 (45 40) (47 46) (95 92) (53 87) 59 (29 7 12 1 86) (94 19) (26 32 42 64 14 97 48 50 62) 3 (61 36 99 6 25)
18: 82 (52 48) 37 (18 99 23) 19 59 76 (34 47 77 65 27) 89 (32 66 97 100) (6 73 62 79 85) (95 90 84) (68 61) 92 72 40 30 (28 74) (46 3 9) (26 57) 35 (7 33) 12 70 (96 94) (54 29)
19: (49 95 36 39 3) (13 14 20) 100 65 89 (77 19) 16 (90 32) 10 99 66 (24 76) 84 (30 15 69 8) (67 83 96) 22 75 48 53 (33 78 37 61 46 26) (28 18 72 80) (35 57 62 7 29) (87 12) 40 51
20: 29 (88 50) (30 68) (40 11) (48 99 76 77 70) 67 (57 93) 53 (96 54 8) (36 18 3 69) (94 75) 82 12 (89 38) (66 16 42 79 19) 97 (15 21 6) (90 100 61) 23 (84 26 33) (80 13 46 62 10) (20 28 58)
21: (13 43 26) (61 100) (46 69) 59 (75 25 48) 95 5 84 62 6 (39 82 33 92 3 12 28 19) (90 80 40) (14 89 78 70 96 52 99 53) (87 36 20) (77 91) (72 24 76 71 23 7 37 51 9) 97 (29 50 54 1) 11
22: 52 (94 74) 7 (10 36) 98 57 89 40 69 81 (86 37 3 95) 17 (13 80) 48 (97 65) 1 (16 53 9) 20 (30 68 25 76) 73 (12 46 70) (75 19 96 87 61) (84 90 50) 27 (28 77 26) 54
23: (9 49) (72 28) 80 (7 77) 30 69 29 39 (36 65 26 15 57 66 19 95) 75 64 (84 6 68 100 62 78) 51 52 89 (12 32) (82 18) (48 43 21 16) 37 (27 61 93 53 46 23 38 99) 3 90 24 45
24: (19 13) (40 24) (99 20 46 82 80) (48 98 64) (77 95 32) (93 89 70) 39 86 (36 27 50 79 84 23 26 66 69 16) 81 (12 1 11) (55 28) 3 76 (9 53 49 75 43) 90 52 (92 6 54) 73 (33 61 96 34)
25: (65 13) (1 48 61) 87 32 (22 39 60) (90 76 69) (36 40 19 78) (99 75 81) 11 (96 12 35 57 68 18) (31 47) 28 (37 30) 53 71 (16 97) (7 15) (3 50 77 23 24) (26 80 79)
26: (26 69 33 76) (90 24 48 3 46) (65 23) 80 21 (51 66 30) (37 28 19 9) 99 18 (61 93 74 6 40) (77 15 36 8 72 75 84 2 29 12) 81 86 (42 55 32 92) (67 16 1 53) 50 96
27: (36 93) (75 61) (60 83) (90 23 19 22) (27 50) 76 (49 46) (40 95 81) (37 53) 99 82 38 42 64 (94 28) (30 20 62) (68 84 48 86) 80 11 91 (89 87) (79 29 47) (9 77) (65 16 72 8 66 26 69) 7
28: (24 3 97 76 99 67 78) 37 (93 26) (15 11 7 19 50 27 80) (49 31 66 5 17) (53 32 2 6 77 57 92 72 12 65 43 62) 48 (40 94 68 33 75 36) (69 89 13 96 84) (61 70) 59
29: 66 (19 49) (57 27) (8 36 70) (25 50 48) (7 94 3 18 37) (74 99) (62 20) (42 79) (10 34 78 29) (35 26 30 90) 46 40 (43 54 28 84 60 12 96) 53 (61 100) 85 76 (24 98 47)
30: (26 77 78) 80 36 53 83 (3 76) 28 (84 5 50 51 75) 38 (66 61 39) 14 31 33 15 70 (94 60) (37 65 72 90) 48 23 (30 97 13 79) (71 1 47 54 34 27) (99 57 67 12) 89 19 (24 25) 16 (42 95 92) 9
31: 80 (93 84 97 61 7) 74 (27 95 96 34) (83 16 12 18 1 24 19 29 48 65) (37 76) 20 (60 77 86 49 28 30) 99 3 (38 40 51 66 55) (94 32 67) 87 46 (10 43) (90 53 26) 33
32: 24 (32 1) (73 82 94 53 40 20 48) (70 71) 12 (65 37) (89 76) (50 61) 42 (52 99) 100 29 (43 62 81 19 66 7) 78 (28 93 57) (9 18 36) 35 (80 84) 46 (13 90) 26 (59 49) (68 27)
33: (5 86) 76 34 (8 33 27 46) (35 38) (3 18 51 22 66) (61 53) 32 (29 50) (40 68) 14 (48 7) 89 (19 97 90) 84 15 (65 99 95) 16 10 (74 30 37 12 26) (13 57 81) (28 20) 77
34: 42 59 (100 64) (18 21) (24 61 82) (75 5 19) 53 (84 65 52) (76 62) 90 (70 28 67 34) (99 86 12) (48 95) (3 93) 92 6 (80 54) 47 (69 33) (32 96 20 14) 46 (30 22 36 98 15 16 26) (89 8 50 9)
35: (86 33) (9 49) 84 48 (70 6 34 96 30 12 54 81 76 50 61 5 19 32 28) (75 13 94 90) (38 26 47) 99 69 (97 39) (98 3 16 65 36) 80 89 (79 57) (25 64) (18 66) (46 88) (40 92) 78 (68 53) (7 87) 77 (95 37)
36: (69 53 59 35 78) 32 23 95 (28 7 99) (20 37 48) (50 79) (11 84) (29 33 89) (66 13 77 92 46 75 19) (90 47) 24 (21 3 87) 93 15 (62 12 96) 42 94 30 5 70 (100 36 97 82) 40 (61 27 26 57)
37: 53 15 (13 20) (48 61 66 5 76) (57 26 50) (46 40 49) (90 6) (80 60 74 16) (69 87 92) (19 35 67 28) (93 99) 84 (37 21 65 18 29 36 77 79 24) (54 42 3 43 70 39 12) (27 68 89)
38: 84 (50 54 15) (76 85) (53 92 19 36 32) 61 (12 6 65) 80 (48 71 18 38) (70 28) (89 23 13) (96 25) 7 51 40 (64 95 99) (3 29 42 33 69 75 66 21 26 82 27 83 77 1 24) 37 93 (30 10) (91 46) (62 100)
39: 60 18 27 29 (100 13 71 99 57) 35 (78 70) 26 92 (84 37) (28 64 44 79) (6 76) (16 53) 54 48 82 23 22 86 (65 50) 68 (97 74 24) 69 (7 40) 2 66 (46 3) (19 89 12 32 52) (15 61 80)
40: (36 81) 31 42 (29 96) 18 23 62 (76 60 6) (68 28) (38 66) 16 3 19 (39 27) (94 61 99 70) (48 24 84) (13 50 92) 69 40 (74 26 82 95) 15 32 59 (53 12 90) 65 (22 88) (67 9)
41: 19 (48 76) (27 79) (18 81 46 75) 16 (49 33 100) (77 40) (99 54 35 9 69 21 62 61 12) (66 52 50 47) (1 36 67) 60 2 (95 55) (14 64 83 28 65) (29 92) (26 96) (86 53 37) (24 11) 82 (38 57 80)
42: 96 (25 42) 61 (70 53 62) (5 21 65) (19 37) (77 32 38) (40 59 28) 86 52 (94 46) 97 12 57 (36 16 8) (26 75 80 6) (99 89 29 3 15) 49 (84 18 76 27 90 95) (24 48)
43: (99 76 51) 47 (67 37 36) 40 53 (9 50 59 42 66) 25 95 48 (28 21 26) 60 (43 93 61 27 90 18) (20 19) 89 (24 13 84 33) (73 94) (7 65) 12 (30 16 57) (46 6 97) 70 62
44: (14 18 76) 65 70 82 (89 37 40) 62 51 (49 34) (19 30 61) (69 66) (13 53) (9 79 60 90) (80 86) 54 (99 6 100) 32 (48 25 26) 3 50 (28 92) (20 98) 33 (52 46) 35 36 (12 16) (38 77) 68
45: (29 12) 48 64 27 (75 10) 16 (26 9 34) (67 80) 19 (51 53 47) (62 66) 61 22 18 83 (15 60 46 79 13) 30 (37 100 28 93) (97 20 86 54 43 65 96 94 69) (99 5) (33 87 40)
46: (80 1 53) (61 73 25) 48 84 (24 76 40 26) (19 95 30 79 89 37 22) (86 10) 66 57 (17 75 14) (46 18 7) 36 (99 62 52 27 65 83 6) 12 85 98 (72 69 78 49) (88 51 28) 3 50 (59 97 100)
47: (25 86) 27 33 (3 68 10 5 50 29) (1 46 12) 95 66 24 73 (82 7) (38 84 89 53 76 22 99 37) (59 65 61) 93 (16 98) (36 69 35) (42 15 28 18 26 90 57) 47 (75 87 60 51) 64 (48 19 40) 54
48: 13 (91 27 34 24 84) (57 7 78 71 62 53) 33 (32 9 77) (19 50 80) (89 29 96) 46 (36 94 48 30 12) 15 (16 28) 72 (79 61) 69 (90 70 99 4 75) 37 (26 54 76 6 40 55) (68 97 5) 3 66
49: (51 60) 55 49 (78 67) (97 46 65) 91 (98 84 7 18 13) 94 (80 70 99 9) (42 34 28 3) (32 59) 19 (40 77 8 37) 66 (89 36 48) 53 57 (12 26 16 30 29) 76
50: (84 57) (66 96) (67 46) 82 80 61 (50 75) (13 36) (85 90) (100 65) (93 78) (12 97) 86 28 95 (77 92 15) (3 5) 72 70 (7 79 6 24 27 18) 99 30 (32 88) 39 26 (98 40 53 54 29 64)
51: (46 90 7) 26 29 (49 37) 76 47 (18 38) 13 50 28 (54 67) 66 2 (93 61 1 30 60 3 80 99 100) 51 87 6 92 19 (16 97 27 77 52 70 12) (89 23 32 40) (59 65 86 48 22 95) (15 53) 9
52: 95 (52 28) 18 (51 7 16 26 90) 46 57 25 (80 55 100 86 36 66) (12 33) (78 99) (6 27) (37 62) (19 31) 21 43 84 53 (61 48 50 3 76 92 75 24 40 69 35 13 98 79 30) (15 87 59 74 65 77 5)
53: (59 96 71) 84 (3 13 100 26 80) (72 18 89) 1 29 (53 27) (92 4 33 70 32 46 77) (7 50 86 74) (25 57 23) (76 28) 68 (48 20) (6 49) 85 (95 19 99) (93 41 97 79 12 60 36 39) 42 (98 65 87) 61 40
54: (7 73) (87 28) (97 38 93) 80 (92 83) (19 62) (26 6) 36 (61 66) (46 42) 50 33 40 78 70 (69 96 3) 18 (53 99) (84 91 65 12 75 76 24 90 64) 48 74 (52 77) (47 8 13)
55: (36 65) (61 75) (99 87 46) (43 62) 38 (86 5) (14 50 79) (12 40 18 15 94) (78 21 9 49 53) 30 (97 57) 63 (54 66 24 84 32 19 76) 23 28 52 (89 13 48 74 90)
56: (85 37 30 16) 54 (77 46 66 93) 53 (22 89) 78 (24 95) 86 (12 96 52 6) 76 (48 23) 80 (19 21 2 3) (75 61 34 40 69) 82 (38 43 28) (74 79 94 42 99 13) 1 (97 57) 47 92 (29 84) (26 32)
57: (10 26 77) 46 (35 36) (71 70 34 68 32) 20 (37 3) (57 13) (50 12 59 96) 89 90 (42 69) (75 19 92 98) (31 60 30 6 91) 27 84 (53 7 66 86 80 40 24 48 95) (65 79) (52 87) (61 76 97) (28 62) 99
58: (50 74) (22 1 93 28) (33 90 40) (64 76) 52 (95 86 46) (92 61) 32 (8 84 36) 88 (39 19 67 94 34) 97 (11 26 30 16 89) (42 35 7 77 99 80) 13 (65 75 49) (48 53 9 3) (12 27 100)
59: 49 21 (61 15 93 46) 26 (62 77) (39 35 80 3) 13 84 88 29 (57 9 74 28 50 43 6 94 22) 33 37 95 100 (11 97 66) 99 (12 56) 27 7 (96 75) 36 40 (89 52 19) 70 (60 48 18) 53 (42 76) 92
60: (60 90) 36 25 78 (46 50 6 86 62 76 99 66) (94 30) (65 26 92 24) (40 93 7 80) (37 28) (85 57) (53 84) (54 16 38 22) 18 (15 48) (61 19 42 67) 69 12 (75 3) 89 (59 70 1)
61: 54 76 (84 99) (18 93 22 19 9 77) 75 (78 49) (85 14) (55 50) (42 12) (87 26 52) 48 (8 94) 53 (95 23 28) (6 43 57) (7 70) 66 (90 33) (79 59 30 80) (40 1) (65 69 97) (36 16 39) 3 (46 98 61 41 86 51)
62: 86 (40 71) 2 87 (12 37 9 20) 6 (79 5) (50 76 21 19 100) (48 66 27 99 29) 7 46 (88 36) (38 15 32) (92 34 24 49 17 53 51 22 97 26 8) 65 (59 14) 80 (28 82) (1 61) 54
63: (35 82) 86 3 75 (93 70 36) (97 9 52 40) 66 (41 77 26 88 13 50) 61 (96 87 48 37) (32 80 39 57 7 46 22 6 33 14 67) 72 (95 19) (5 27 65 12 84 30 24 53 99)
64: 46 69 (77 98) 43 (28 57) (59 84 99) (36 32 96 29 78 42) 24 (54 12) (50 35 79 66 100) 62 (68 51) (14 40 82 88 89) (48 26) (97 19 80) 49 (27 22) (67 13 92) 16 (90 20) (3 18 61) 53 65 76
65: 71 16 (35 82 12 24) (89 76) (57 30 13 92) (86 37) (55 100 7) (83 80) (84 14) 51 (77 9 87 90 50) (93 66 40) (96 10) (65 19 6) (53 46 26 28 18) (78 74) 5
66: (6 74) 28 (7 65 90 92 13 9) (66 40 29 27 53 97 89) (84 26 52) (75 42 49 95 12 86 15 94 30 100 32) (46 19 61) (93 8 77 48 33 81) (37 99) (16 69) (51 50 60) (70 25) (78 76)
67: (84 66) (11 57 64 25) (76 26 51 16 46 53) 61 19 (79 77 96) (42 69 36 33) (75 40) 23 (87 30 29) (10 5 24 38) (32 48) 12 62 47 (80 28 6) (93 65) 99 2
68: 54 (78 84 85 70) 19 (90 99) (38 94 22) (75 30) (15 92 61 76) (39 55 3) 98 (69 100 96) (37 33) (97 32) (34 26 27) 66 (89 14) 95 86 50 (46 7 12) (53 77) (93 47) (80 24 6 36 40) (62 48)
69: (18 8 19 96) 3 (69 33 57) 20 90 (36 70 6 23 62 1 83) (38 22) (77 30 61 32) 60 66 (10 84 75 13) 64 53 89 (28 48 99) (46 79) (87 50 16 91 80 29 39 59 40 65) 76 (12 15 26)
70: (27 11 48 94 22 13 92 33 76) 42 (49 65) (84 97 77) (46 3 50 36 25 89 57) (28 12 61 95) 93 (70 78) 53 (90 26 18 58 21 85 20) (37 59) 47 (51 30) (66 54 91 7) (75 39 69) (83 99 19)
71: 89 (27 23 57 5 90) 38 52 (20 84) (3 11 26) (34 80 92 76 24) (75 54 39 37) (16 32) 25 97 (19 22 13 46 96 28 7 47 62) (86 4 48 29) 21 53 (61 30 99) (50 6 95 12) (43 33 65) 1 40
72: (25 76 61 28 43) 66 (68 74 80) (57 32 99) (65 75) (12 100 30 16 59) (50 85 23) (47 82) (77 92) 18 62 (6 40) (97 95 19 53) (89 48) 37 26 (93 36 13 86 29 60 81) (46 3)
73: (87 54 80) 26 9 76 (16 50 71) 36 (59 18) 24 29 (81 13) (12 93) (61 32) (34 30 4) (37 74 65 75) 5 (95 48 19 57) (84 69) (53 96 94 27 7 6 28) (40 99 66 33 3) (90 46)
74: 20 (79 16) 24 (80 13 89 70 27) (92 54) 40 77 (34 66 68 59) 3 (53 50 6 94) (35 23) (18 48 33) 29 61 26 (57 7) (75 95 84) (19 76 12 67 64) (98 46) 69 (93 100 37) (99 36) 86 38 30
75: (1 70) 59 42 (41 7 93) (36 33) 74 (95 12 38) (26 47 90) (54 97 37) (39 9) (96 51) (46 66 15) 92 (13 76) 69 (23 80 53) 3 (30 34) 48 (86 89) 99 (81 5 87) (62 19 40 32 29 79 18 50)
76: 92 (97 99) (6 28) 15 36 (20 37) (84 48 80 7 46 27 54) (9 33 61 53 69 12 58 76 95) 52 (94 26 70) 50 (23 42 66 40 35) 13 24 87 18 (85 62) (49 34 77 30 74) (19 93) (96 29 25)
77: (24 50 61 54) (53 37 73 28 90) (95 98 36 32 84 27 42) (30 66 12 89) 100 (80 96 8 7 34 15) (20 19) 16 70 (91 99) 26 (49 92) (57 93 18 97 38 40 25 48 3) 86
78: (33 69) (90 61 35 32 26) (76 47) (3 18) 40 20 65 79 (12 6 96 66) (28 72) 60 52 (59 37) (67 53 83) 68 (22 29) (86 97 36 92 46) 100 75 (93 84) (89 99) 85 16 (19 70) (74 57 48 13 15)
79: 33 21 (82 84 27) 46 (66 3) 47 (18 8 87 52 24 54) (32 22) (19 30 37 17 62) 9 (89 99 40) (97 42) (64 69 11 25 39 50 53) (59 65) (48 75 14 12 86 7) (80 1 6 76 36) 92 61
80: 47 (9 46) (96 77) 57 (95 76 66 69) 42 84 (7 53) 61 18 (70 83) (65 20) (5 62) (97 12 13 40 16 90) (79 6) (67 37 26 35 94 59) 99 (32 3 29) 33 48 93 28 (30 19) (100 54)
81: 12 6 (20 27) (94 15) 21 92 13 (95 14 69) (9 42) 80 (73 16 32) (51 99) (65 86) (26 89 33 3 49) 23 (18 59) (52 28) (11 19) 61 (17 96 1) 66 (30 38 78 84 76 75 22 90 46 53 24) (98 47) (62 57 50 29 82)
82: (6 94 47 84 12) (72 46 22) (62 5 32) 13 29 (99 53) (79 75) 7 (81 42) (26 66) (30 78 95 74 61) (25 18 100) 87 (19 59 80) (76 69) (48 90 67) 96 16 (65 50 40 49 70) 37 (57 33) (36 28 63) 51 89
83: (33 51 97) 94 29 (14 80 65 96) 62 (84 95 28 86) (21 32) 18 (12 47 6) (89 75 48) (69 77 68) 64 (76 19) 74 (40 27 87) 37 (9 53 42 3) (46 99) 36 (57 30) (38 93 26 66)
84: (20 62 92 80) (61 28) 94 54 (46 13 89 19 32) (97 11) 23 70 (84 26) (77 69 75) (59 85) (1 50 68 95) (90 31) 12 (27 72 18 64) (65 3) 93 (6 16 48) (100 41 99) (51 21 78 49) (39 37) 35 (76 67) (60 52 36) 53
85: (10 1 24) 16 (7 99 89 59 93 23 36 86 52) 19 100 51 66 90 40 (84 3 61 29 26) 34 12 (37 21 76 79) 96 (20 33) (18 13 69 6) 70 (75 67) 97 (28 46 48) (80 91) (65 42 83 53 50) (54 8) (62 64)
86: 99 (85 12 7 57 96) (29 65) 53 68 (84 90) (28 81 24 59) (46 80) (69 32 30) (4 19) (93 66) 39 20 (91 37) (61 95 77) (25 70) (62 54 40 2 13) 15 3 (6 31) 64 (16 45 35 36 75 76) (21 26)
87: 65 (28 84 86) (36 6) (57 50 95) (24 80 37) 61 (53 59) (19 75) 15 (87 46 93 77 16 32) (30 31 26) (9 12) (18 2 69 29 48 54) 27 100 (76 39 8) 40 3 (83 94 74) (78 20) 99 72
88: (97 42 25 98 3 71 80 57 34 92 29) (100 26 41 28) (22 66 64 89 30 32 84 76) (46 12 78 85) (13 99) (87 1 27) 61 72 24 68 48 33 50 (36 79) 16 23 51 (43 53) (19 8 47) (75 93 95 37 18 62)
89: (79 62) 53 (48 66) (12 65) (74 80 24 76 69 42 33 36) 15 (84 61 68) (30 86) 28 (59 23) (9 87) 57 46 95 (96 64 19 13) (94 27) (7 26) 32 (14 6 3 40 50) 89 (18 99) 98
90: (76 1 50) 81 (60 30 36 35 97 100 9 93 53) (89 27 16 75 61) (77 78) 54 (74 99 67 26) (62 72) (57 6) (15 34 88 32) (12 63 80 82 18 42 84) (20 3 69) 31 65 79 (95 13 96) 66 (40 19)
91: 33 (40 22 46) 9 99 (71 27) (85 72 50) (84 19 60 53 21 7) (95 13) (36 23) (61 70 59 76) (37 31 29) 62 (57 3 75 32 26 66 28 12 86 91 2 24) (80 82 77) 52 (48 97 42) (94 18 90)
92: (87 77 72 40 7 99 89 36 95 26) (86 51 48 34) 90 (80 100) (15 88 19) (47 97 75 24 61 18) 12 94 (31 30 76) (66 70 22 74 33 82 32) 3 (84 2) (78 60 46 53) 62 (16 79) 6
93: 100 (12 75) (36 61 57 19 99 53 98) (26 7) (79 95) 49 (54 3) (13 64) (38 77 18 46 96 86 93) (28 29 48 39) (90 80) 9 55 (34 62 24 40) (66 68 50) 37 60 84 92 (76 1 69) (32 15 14) (51 78)
94: (28 96) 87 20 (70 93) 36 19 72 13 (34 92 99) (84 64 77 37 4 66) (50 16) 18 82 (22 29 90 26 52 17) (30 3) 5 (10 95) (15 74 42) 76 (27 94) (49 48) (6 61) 53 (100 55 46 23 67 79 7 12) 33
95: (17 81) 90 78 (55 19 62) (46 18 57 30 50 33) (51 87 2 54) 77 82 40 20 (37 32) (76 85 89 79 26 5 36 74 99 92 53) (3 35 31 75 65 23 95 88 49 6) 25 (84 9 13 66) 63 67 68 (48 12)
96: (42 69 34) (86 77 57) (24 90 67 36 48 32 23 19 27 43 95) (97 98 15) (89 10) (46 52 96 66 7 39) (16 61 35) (28 76 65) 12 (75 53) (30 70 78) (40 29 38) 93 13 (51 85) 18 (22 68) 6 (5 84)
97: (87 99) (30 37) 77 (1 27) 29 (65 62) 50 (24 25 16 48) (7 36) (57 100 61 20 15 74 95 75) 67 (38 90) 40 60 (64 66 59 3) 32 (97 23 19 34) 73 (14 92 35) (85 6 46) (53 21 93) 9 80 39 51 (26 96) (22 84 52 89 76) 55 (28 13)
98: (86 99 12 13 76 65) (24 3 67 88 32 46 70) (26 40 89) 16 (37 52) (95 62 15 68 19 29 6) 80 97 9 (38 50 51) (20 28) (54 84 57 53) (48 7) 27 (72 78 59 93) 66
99: 61 (23 26) 89 41 69 (55 32 66) (7 37) (19 46 71) (6 50) 82 (48 18 25 13) (22 5 80 70) (30 49 16) (38 99) (93 40) (64 84) (28 76 96 51) (92 29 12) (85 52) (90 53) 36 (86 100 81) 3 (97 65) 74
100: 61 9 (97 12) (100 46) (30 3 34 13 40 29 1 66 25 87) (42 2) (77 68 15) 26 (84 65 38) (53 64) (62 60 57 5 52 54) (35 90 80 28 50 49) (69 99) 96 (7 59 19 78) (6 18 48 24 94)
