100 100
1: (74 43 95) 84 (10 14 3 59 71 7) 92 82 42 50 (20 100 40 28) 24 (22 12 13) 4 80 45 (35 57 78 38) (99 11) (53 86) (89 18 65 39 67 19 36 93) 73 (90 34 94) (69 21 25) (83 81 97 54) 5 (98 31) (23 91 15 9 44 61 8 32 48) (72 63) 96 (58 46 52 79) 70 88 56 16 (75 1 33 51 17) (49 87) (60 29 30)
2: (54 27 91 75 32) (50 33 47 51 56 21 38) 1 66 (24 68 82 13 58) (53 5) (95 88 9) (4 85 35 92 45 100 18) 57 (74 70 8 25 84) (83 63) (39 79 55 98 61 42) (20 62) 59 (29 81 11 89 65 16 78) (15 30) 96 (3 19) (99 40) 14 (41 90 71) 94 (36 77) (49 37 2) (7 64 87 67 97) 10
3: 66
4: (51 35) (93 87) 47 6 18 (39 65) 64 11 (2 88 58 89 46 100) 80 67 12 42 (74 70 4) 24 (29 66 54 20 52) 60
5: (10 17 6 98) (68 82 41 87) 93 (23 19 71) (76 56 63) 80 (21 81 32 44) 61 36 26 100 96 (39 48) 57 (13 16) 94 (91 50 89 40 90) (51 22 75) (8 72 86 47) 77 (67 11) 9 35 84 4 14 (18 28 53) 27 (59 46)
6: (75 52 51) 78 (1 64 12) 97 (55 88) (14 7) 86
7: (38 64) (58 9 1 57) 59 (89 29) 17 (41 48) 77 (55 85 67 40 42) 65 (97 98 81 31) (94 93) (76 52 50 95) 90 (66 71) 62 32 37 (73 78) 30 20 86 (45 3 60 10 19 8) (84 61 82 75) (88 26) 56 (33 36 13 35) 96 54 (6 87 68) (34 24 11 43) 7 92 (15 47) 4 70 (69 18 27 21) (63 12 39 28 83) (46 5 25 51 80) (23 14) 72 (74 53 49)
8: (72 98 57 9) (17 21) (38 95) (59 64 32 97 43) (65 5 27 89) (74 80) 96 (2 20 46 66 60) 13 (31 76) (55 77) (94 50 30) (19 25 61 23 68) 63 (28 78 42) (86 24 12 36) 88 (35 73) (11 67) (52 18 44 92) 62 (84 91 100 75 29 1 14) (58 48 69 99) (37 7 33 82 83) 54 16 (15 71 53 56 22 87 81)
9: (7 87 55 53) (14 11 1 86 94)
10: 79 (68 45 41 74 38 73 26 61 46 77 85) (4 57 7 18) (50 93 63) 11 (75 22) 66 (35 39 96 86 30 13 67 83) 53 (64 42 37 44 14) (71 58 82 1) (33 55 12 3 48) 24 69 (40 54) (59 52 72 76 90) 25 (80 49) 51 (5 36) 27 (70 31) (17 47 92) 60 (99 20 84 16 65)
11: (51 73 99) (56 29 41 49) (83 8) (71 11) 69 (88 31 95) 81 (64 21) (42 39 6 45 24 52 87) (66 68 26) (96 50 38 48) (98 3) (12 76 61 9) 28 (4 80) 74 (43 94 77 65 37 44 25) (58 35) 89 (22 2 55) 60 (79 1 27) (62 53) 47 30 (10 100 54) (67 90) 5 59 (18 13) (32 7 85 15) (70 97) (63 78 46) (33 20 34 36 91 84 17)
12: 42 (58 64 78 98) (97 84 37) (56 21 32 86 11 85 89) (91 73) (4 83) (43 44) (15 33 100 72) (92 79 25 6 60 96 7) 51 (20 38 87) 17 3 (39 9 14 88 82 94) 93 10 (29 45) 81 2 (54 36 34 67 57 30 41) 95 (90 18 28)
13: 69 (14 36 63 85) 74 11 (72 54 10) (13 60 94) (31 1 6 98 26 20 19) (80 7 67 57) (89 64 22 93 90 82) (33 41 40) 3 (75 76 92 29 61) (88 87) (23 86 18 32) (79 28) (96 27 97) (37 12 49 81 48 65) (100 30) (24 84 78 9) 8 53 (91 56 16 43 95) 71 (58 15) (35 73 50) (17 62 2 77 59) (46 47) (52 55 66 4) (21 25 83) 38 44 5 (68 45 34 51 70 99 39)
14: (24 88) 62 (45 93 42 14) (17 21 52) (9 19 55 2 95 46 66 72) (54 98) (84 18 70) (91 30) 50 (32 11 10) (63 43 67 90 92) (77 41 75) (100 87 26) (5 59 56) (65 3 82 51) 89 29 57 (33 16 60) 20 94
15: (42 24 4 51 45 62) (74 56) (83 93 89 68) (35 21)
16: (22 91) (89 10) 76 74 27 9 (72 15) (85 94) (79 90 71 7 66) (64 52 63 39 44 96 12) (8 82 87 99) (30 49) (61 4 95 58 84) (41 62) 40 (38 68 55) (59 69 78) (80 25 35 3 23 93) (73 50) 21 (26 45) (32 83 11) (92 88 28 18) (13 75 100 98) 65 37 (29 24 51) (6 17 34 56) (97 1 5 67 14 86 33)
17: (65 89) (4 10 31) 17 (49 26 47) (84 36 82 58) 59 11 (8 27) 93 (99 13 41) 74 (88 71 67 5 53) (66 83 2)
18: 22 100 20 69 (36 44 49) 60 (14 66 51 26) (9 90 53) 81 39 11 34 (42 30 6 84) 10 71 96 (65 21 27 88) (37 15 68 61 78 62 4) 55 87 (40 29 91 17) (98 1) (18 50) (58 45) (80 46) (57 2) 32 72 75 89 (41 28 73) 7 16 (5 38) (92 74 25)
19: (96 22) (56 41) (11 71) (84 20) 78 57 99 (94 50 79) 33 (67 54 6 90) (86 65) 25 40 (18 34 91 19) 24 (58 16) 92 (36 80 44) 31 66 (100 51) (43 63) (64 30 26) 70 (83 21 17 35) (10 73 69 39) 32 (87 38) (82 12 7 45) 3 4 29 (76 89 1) 59 53 52
20: (60 36 92 82 44) (25 42) 1 38 96 (41 2) 95 22 37 (21 57 15) (14 20 23 83 66 30) (29 91 35 74 52 84 62) (99 64)
21: (68 91 22) 90 (2 27) 14 (30 37 32 97 1) (96 4 26 78 82 6 31) 44 (86 83) 28 50 29 (21 10)
22: (97 14 74 37) 58 (96 4) (52 72 51) (48 83 84 47) 91 98 20 (56 26) 50 9 61 60 (88 3 75 77 33 57 32) 66 62 (39 81 94) (73 95 18 16 55 2) (27 53) (76 34) (87 31 71 6) (45 70) 35 (10 78) 99
23: 100 (27 70 13 95) (97 32 82) (34 94) (17 45 47) (42 43) (54 37 23) (83 38) 53
24: 73 (80 88 97 100) 86 (75 8 13 3 91)
25: 6
26: (12 70 6 88) (28 75 36) (82 87) 53 62 (77 14) (91 74 68) (100 73 48 23) (47 42 95 5) 64 (72 86) 76 (49 65 20 51) 34 (3 60 39 25 98) 93 (92 30) 90 (84 17) 19 (45 8 18 66 67) 31 (26 78) (83 44 22 89 61 56) (4 41) (59 2 24) 81 7
27: (54 59 28 86 71) 2 (46 73) (1 53 81 37 62 15 100 22) (55 61) 6 (26 4 79) (38 49) (29 70) (10 63 40) 32 (9 33 76 50 65) (58 44 13 56 64) (30 24 72 39 94 82) (60 98 35) (43 11 21 31)
28: (95 11 81) 17 89 (35 78 56) 43 39 (14 82 48 12) (63 91) (71 58 51) 55 (47 16 62) 49 (52 90) (80 23) (20 77) (44 70) 76 (40 33 15)
29: 19 (13 1) 28 (4 18 5) 46 (99 71 77) (81 33) (94 40) 83 (14 7) (34 84 30 93) (80 70) (66 27) (45 31 39 67 89) (59 25 56) 63 32 (29 44 49) (61 95 47 100) 79 20 51 (50 78) (90 69) 53
30: (63 44) 81 (90 25 84) 96 (72 53 9) 91 (38 17 1) (39 6) (5 76) (2 18) (30 67) (40 98 35 11 29) 50 (45 95 69 4 87) 47 (71 26) (10 13 64)
31: (8 49 100) (97 4 87 88) 76 (15 31 13 54 33 89 94) 36 70 9 56 21 69 (79 78) 43 22 96 (12 6) (18 40) (61 53 55 46) 75 (95 19 11 93)
32: (41 35 27 19 39) (52 17 87 95 55 90) (43 44) (58 72 81) (62 77) 56 (32 23 99) (51 89 5 67 16 38 46) 31
33: (70 28 58) 22 (59 96) 18 (8 24) 82 65 95 94 85 (34 60 14 66) (3 72 78 87 55) 2 19 (68 99) (32 25 5) 4 12 (89 20 90 21 84 40) 71 27 (17 49 16 47 61) 10 (31 93 67 42) 30 92 (50 75) 86 (91 11 23 51 64) (13 69) (81 48 1 77)
34: (29 73) (40 75 86 65 14) (84 60 43) (70 19) (77 27) (24 38) 93 (57 39 68 80) 89 56 99 (82 88) (48 25 85 10 13) 61 (98 17 53 2) (3 46) (81 64) 9 12 (62 47 6) (26 66) 36 (97 96) 74 76
35: 13 9 (69 45) (59 10) (44 86) (64 30) 72 (6 65 16) (63 32) 88 (85 78) 39 (37 19 66 60) (20 92) (50 75 33) (54 12 91 34) (35 99 55) (36 97 96 38 4) (1 94) (5 67 83) (28 95 73) 52 (43 29 47 93 58 56) 87 98 76 40 81 (15 53 49 77) 42 8 (82 57 17) (2 41 71 62) 80 (31 48 27 61) 25 23 90 (22 79)
36: 17 34 46 (74 42 87) (1 7 37 10 19 61) 15 33 14 (65 18 52 95) (50 99 23 4) (36 57 63 62 6 98) (86 91 45) (84 40) 22 (81 83 67) 59 (51 35 70 31 71 2 16) 80 73 24 (28 32) 8
37: 1 (85 89 34 61 32 98 75 66) (88 13) (72 17 97 16) (86 92) (8 7 47) (59 48 23) (9 50 71 4) 10
38: (40 9 72 26 16 38 65)
39: (24 75) (96 100) 74 (15 55 50) (95 45) 27 (25 44 99) 83 (80 82) (10 20 43 6 70 29) (36 72)
40: (49 77) (100 28) (76 62) (40 45 19 87 14 72) (55 23 82) 90 (73 83 7) 61 (26 22 92 27 9 78) 99 (95 80 41) (74 56 8 98 59 35 32 20 64 3 46) (38 84 60 18) (86 75) 25 (37 52 79 58) 57 (43 50 4 39 34 44 47) (48 51 29 2 36) (31 10) 68 (96 65) 97 (6 12) (66 16 21) 81 24
41: (48 19) 97 (2 39 31) (14 72) (67 71 11) (95 60 86 18) 83
42: 16 (83 18 24) (58 57) 88 (91 71) 87 (75 53) (52 30 7 86 32) (56 78) 81 (66 73 63 3) 42 15 80 (64 76) (60 29 19) 67 (96 13) 69 (61 74 26 100) 39
43: (40 76) 7 (58 74 54) (91 13) 6 32 (89 21 73 53 8 29) 67 (15 96 51 23) (93 72 52) 88 11 (81 57) (4 3) (27 17 69) (5 55 48) 24 86 (63 16) 18 (80 44) (94 50 43 42 59 46 10) (37 79 77 31) (92 35) 61 (25 68) (28 97 14) (20 36 85) 34 62 26 (90 64) (12 75) (30 71 2 83 33) (56 70 100 47 60 22 19)
44: (76 52) 62 (26 40 14 56 72 61 42 70 33 95 48 47 49) (78 68) (51 13 82) (45 2) 21 (34 8) 93 86 44 (38 41) (29 94) (15 63) (77 30) (6 96 9 79 12) (7 20) 88 (71 87 46 90) 17 (1 74) (97 58 19) (35 60 4) 100 99 (27 89 59 54) (85 37) 57 66 (32 22 11) 39 16 5 (67 28) (75 23 81 64 36) (55 53 10 83) (43 92 25) (24 50 91 65) 31 (69 80) (73 98 18)
45: 7 (54 51) (52 11) (78 32 55) 76 (53 90) 61 81 66 8 68 (38 22 86 18 14) (37 74) 12 (26 67 10 62 30 27 16 58) 77 (96 9 34 45 40 79 31 88 6 2 95) (91 33) (48 47 64 97 46 49 73 57 23 92 84) (93 94 29) 82 (72 35 24) (60 21 41 100 20) (15 83 89 99 59) 13 39 65 4 (43 63 69) (17 98 1 56) 28 (44 42 80) 50 36 (5 3 87 70 19 75)
46: (92 88 43 98 31) (42 18 74 97) 90 (5 45 53) 82 (20 59 49 22) 95 25 (1 17 8 75 44 99 29 80) (56 91 62 84 46) (21 83) 10 (41 23 13 70) (64 52 66 28 19 76) (40 55) 77 (89 16) 33 (71 26 93) (48 38 32) (39 68 96 81 100) (14 60 7 34) (69 47 12) 36 58 (9 54 4) (73 15) (50 6 30 87 11) (51 72)
47: (58 64 27 12) (91 16 65 74) 25 (40 8) 97 32 44 70 (72 92)
48: (1 100 57 29 22 66) (81 46 12) 94 15 (39 93 38) 26 90 (34 17 74 85 42 3) 84 (53 51) (73 70 16) (59 19) (96 49) (72 67 23) (13 52 61) (63 31) (36 99 71 64 54) (97 87 21 7) 75 98 (48 32) 30 24 (58 95 56 4)
49: (90 19 52 59) (60 72 23) 22 31 (76 12 65 73) (48 98) 34 (2 67 58) 18 (16 61 29) 62 (4 5 14 66 21 30 89)
50: (78 82) 34 (70 21) (36 46 52 32 49 42 47 17 45 85 100 38 68 12 88 51 8 24) (1 67 56) 31
51: 25 35 (9 16 15 31) 78 10 (44 83) (58 62) (97 75 8 12 54) (47 30 3 38) (27 77 39 84 69 94 88 33 46) 65 17 1 (37 80) (79 98) (67 60) (7 13) 28 61 (43 73) (32 34) (20 2 26) 57 100 21 45 (71 18) 81 (92 52) (4 89) (50 49 11) (82 95 41) 64 (90 5 74) 23
52: (70 53) 27 (39 23 43 89) 7 (68 12 77 28 59 22 92 76) (54 21 62) 97 (63 17 33 24 11) (26 41) 30 (88 94 34) (47 51) (78 79) 29 (73 45 1) (52 72 16) (85 15) 14 18 (69 86) (67 3) (71 25 98 4 50 13 32) (35 19 66 31) (56 38 58) (80 90)
53: (3 79) (98 16 71 100 11 54) (77 81) (92 70 17 42 52 26) (53 2) (88 73 67) (97 19) 99 (6 28 51) (68 69 33 9) (37 35) (95 4 45) (84 32 10) (38 76) (91 61 46 1 78 39 21) (63 58) (93 59) 41 22 (18 50 27) (5 40 31 13) (60 49 82 15) (65 83 56 48 57) (72 85 64) (36 44) 55 (62 7) (43 90) (34 75) 25
54: (28 20 12 67 45 73) (71 2 44) (59 13) (88 25) 19 (24 97) (86 90) 89 (38 96) 75 (91 5) (56 3 26 40 47) 35 (95 29 100) 58 94 (8 1) (17 92 85 18) (16 68 30 23) (64 34) (60 39 84) (15 98) 65 (61 46 78) 70 55 (74 83 80 37 22) (77 27) 41 (72 21 93) 7
55: 5 (73 30 72) (90 59) (38 84 87 71) 19 (81 36 70) 15 (60 99 43 82) 25 (62 83) 2 (49 63) 55 98 (24 91 74) 45 (53 1) 68 (88 54 58 79) (94 46 39 21 27 44 23 34 32) 93 92 17 (57 12)
56: (17 91 78 34 8) (52 14 85 23 63 22) (28 88 44) (89 60) (6 54 18 57)
57: 35 (25 89 3 100 15) 90 86 (1 58) (45 24 83 62 81 4) 60 (91 17 68) (61 6) (55 95 12) 38 (48 51 30) (96 39) 37 66 (98 2) (32 72 43 79) 14 88 (69 34 78 20 7 54 28 59 40) 9 (36 77 84 64 21) 75 44 11 (13 49 19)
58: (9 24) (47 21 40 55) (53 49) (6 51) (22 2 87) (93 66 5) (42 91 57) (77 1 29 90 73 79) (70 94 64 4) (27 95 60 81) (74 26 34 16 38) 18 (59 98 85) (50 39 25 72) (86 8 41 11 28) (30 43) (10 46 68) (52 36) (54 99) (83 3 48) 7
59: (66 52 42 24 65 12 85 72) 55 71 5 (100 17 51) (14 38 82) (75 70) 96 (43 87 6) (50 44) (53 20 94) (40 33 4) 90 73 (13 97 28) 31 (10 22 16 61 26 93 81) (2 39) (59 7 41) (88 77) 95 (35 1 67 32 19) 54 8 (80 76) 45
60: (41 30) (68 31 96) 46 (32 53) (49 82 79 23 86) (77 71 5 12 56 98 83 57 19 10 33 28)
61: (96 22 88) 68 3 (19 94) (23 37) (10 34) 54 (28 8) 82 (72 81) (30 63) (9 14 41 12) 50 (99 87) 25 45 42 (71 26 49) (36 75 32) (58 69 1) (78 60) 95 (44 56 4 80 40 84) (70 39 7) 62 77 53 (11 67)
62: 28 (53 97) 5 27 (90 18 20 41 2 75) (17 87) (22 80 25) (39 16) 3 (68 1 30) 33 (60 21) (6 85 88 11) (35 9 45 91 42) (50 47) 86 43 83 78 (4 38) (37 65) (59 29 54 84) (57 26) (8 74) (67 82) 10 (12 32) 13 89 (95 94) 93 77 (71 15 96 52) (72 51 98 24 36 64 34) 44 99
63: (91 12) 45
64: (22 42 77)
65: 74 (25 86 80 37 20) (34 32) 54 17 (59 44) 31 (58 6) 29 (2 23) (1 75) (56 13) (45 84 55 26) 47 92 (65 21 14 27 88) (77 50) (60 41) 90 (69 89 85 3) 49 (42 8 72) 66 (57 24 48) 61 (97 68 52 15) 35 (18 19) (51 83 67) (38 78 7 28 95) (33 22 16 79 43 9) (82 10 63) (100 81) (70 5 12 30)
66: (45 12) (31 37 39 20) 99 22 29 49 (90 66 64 56) 84 (38 19) 7 79 (53 94 78 18 91 1 5 21) 11 (100 80 88) (27 35 17 51) (24 10 77 13 69 89 85 48 61) 47 (46 72 43) 8
67: (12 76 75 24 38 91 5) (11 83) (58 82 17 94 15 10 13 1) (74 100 54 93 52) (84 39 85 90 81)
68: (36 75 93 59 10 11) 28 (85 1) 65 78 (42 19) 66 34 (33 3 60) (86 26 38) (30 46 49 56 4) (52 67 8 76 20) (71 6 51 9 99 100) 63 (55 47 18 82) (90 27) (62 95 44 50 70 43 61) 84 (35 94 2 73 89 88) (23 31) (80 53 97) (41 12 7) (81 21) (96 15 68) 79 77 37 57 29 (14 58) (48 91 39 13) (40 45) (98 92 17) (69 72 32) 83 (74 24)
69: (41 34 98 18 54 87) (33 37 46 25) (94 82 6 53) (12 78 16) 28 (21 72) (7 91) (95 59 76) (10 81 20 38 39) (31 32 30 24 15)
70: 91 (43 35) (11 95 19) 88 42 10 (96 82 68 7 87) (33 72 73) (83 94) 3 26 (12 71 70 53) (37 97 60 5 63 1 65) (45 15 74 64) (6 62 36 29) 9 48 (92 38 84) 52 28 18 (25 17) 21 (58 99 85 23 56 40) (59 79 50 80) (98 34 61 44 46 14) (86 27 77 47 32) 69 (41 51 16) 75 (89 4 2 78) 30 (76 93) (13 22) (90 100) 57 (39 31) 24
71: (76 5) 53 (85 48 75 42 34)
72: (3 49 91) (92 74 25 16 48 13 59 64 81) 87 54 (63 38) (8 95) (35 89) 20 (51 97) (23 58) (32 36 45) (78 10) (73 96 68) 61 (70 82 2 14 71) 28 (100 9) 94 (33 39) 62 (42 34 66) (4 72) (12 47 67 57 7 85 99) (83 30) 15 55 (37 41 18 6) (65 17 40 52) (53 80 1 77 46) (56 27 50 98 19 21 88 69) 86 84 (11 31) 29 (60 76 93) (44 22 75 79 24)
73: (40 41) 87 45 86 (83 16) (74 4 24) 52 10 (8 38) 30 72 26 (84 34 93 3) 9 (97 31) 46 91 (65 15) (55 98 60 11 25) (39 35) 21 (29 56 23) 2 (70 13 79 82) 53 (22 44) (19 66 61)
74: 90 (15 89) (72 11) 45 14 84 68 (65 91 69 82 63) (10 24 75) (83 94) 17 (30 25) 6 (56 48) (20 7) 70 (35 5) 58 (31 3) 32 42 (29 64 43 13 66) (28 8 57 16) 1 76 (96 36 88) (98 19) (40 2) 60 (53 93 61 23 47 87) 18 (41 85) (46 21 33 12 59 50) (80 67) 52 92 (97 81) 37 (62 79) 51 (9 55 26 86) (78 73) (49 54) (100 71 4 34 22) 44 (77 95 99) 38
75: 71
76: (78 41 42) 44 (59 1 30 56 33 17 25) (10 93 13) 38 74 (94 8 24 32)
77: 78 (61 80 32 14) 18
78: (23 68 5) 76 (15 33 63 75) (82 10 90 22 35) 95 91 (72 9 73 11) 54 (12 77 2 27 24) (42 46 94 18 41 92) 8 (38 45 88 57) 53 43 (48 84 6 67) (87 30 80) 44 (34 52 16) 89 (56 69 66 49) (47 1 60) (14 74) 25 (28 51 86) 19 (61 83) 37 71 (32 29 96) (20 93 50 39 62) (64 7 31) (4 55 81)
79: 82 (6 93) 54 65 (51 43 13) (34 99) (55 49 41) 85 (58 21) (35 79 90 61 39) 70 91 (19 78) 71 (62 9 83 67 57) (24 64) 92 44 (95 20) 94 (11 73 12 1) (81 72) 32 (77 30) 45 (14 8) 75 98 (69 18 50) 59 4 (87 84) (23 53) (52 68 42 37 38) (63 7) (3 89 40 97 60 86 15 96) 2 47 (33 28 66) (56 25 74 46) 80 (36 31) (26 22) (10 5)
80: 24 3 28 (59 71) (58 51 52 39 93 38 27) (60 57 53 23 69 17 6 66) (26 10) 73 95
81: (75 17) 27 (95 96) (2 81 88 30) (55 70) 60 (3 40 6 78 31) (32 94 29) 56 (65 52 46 25 74 58) 47 (10 5 97) 83 (87 21 15 57) (54 61) (64 100) (1 36) (91 22 69) (63 80 41) (43 98 8 48 28) (66 13) 33
82: 66 (67 93 24 50 62 76 10 60) (18 20 42 80 65) (13 48)
83: (46 30 71 12) (2 14) (66 28 3 41) (22 7) 83 23 (24 75 68 5 98) 70 (74 89 78) (94 35 6 63) (62 16) (18 99 72 15 77 86) 60 (93 29 52 34) (61 4 9) 53 (39 45 49 95 50) (57 54) 73 (47 56) 81 (11 32 51 40) 44 (80 91) 10 8 (55 17 13) 84 (25 38) (20 90 79 64) 48 (36 19 59 43) (85 26 58 27 65 69) (100 42 31 37) 33 21 87
84: 76 (10 44) (60 92 100) 90 49
85: 1 37 (98 69) (68 7) (90 19 79 30) 24 (82 93 27) (2 64 75 80) 3 61 (89 86) (88 44 52 85 10 94) (65 55 58 50 20 47) 4 (99 15) (25 43) 76 (77 45) (40 60) (13 70) (67 71 36 33)
86: 100 72 57 (80 31) (42 70 3 4 24) (59 27) 66 28 (65 93 44 39) (98 23 56 15) (92 68 51) 71 32
87: 45 (68 25 29) 82 93 (48 76 69 28 35 33) 73 (77 74) (67 54 42 1 50 23) 5 6 (94 87 52) (97 20 62) 34 (78 57) (72 49 2 36) 91 (4 30 95) 71 10 (65 9 55 39 80 38 79) (64 60) (47 19) 53 (37 41) (27 24)
88: (20 95 92 73 71 47 53 46) (6 25) (48 18 12 70) (96 56 43 59 69 32) (33 85 66 31 13 76 38) 94 (80 62) (61 2 37)
89: 89 (21 57) 5 67 (9 13 18) (3 50 54 80) (42 41 66)
90: 74 98 (88 38 50 77) 9 5 55 (23 69 49) (81 68 14) (16 91 34 17 64 67 2 60 71 39) (24 11) (75 87) 52 15 (21 18 25 97) (7 86 82 43)
91: 100 (25 63 4 30 67) 8 (7 57 21 62 19 60 49) 40 89 (72 38 77 99 24) (41 51 1 75) (91 81 94) (5 13) (20 16 2 95) (79 33) (59 92) (82 90 42 31) (64 14 96 58) 61 (46 50) (93 86) (11 39 26 53 3 48 28) (15 18 35) 44 (10 27) 85 84 83 43 (65 78) (29 73 6 71 52) (54 66 69) 17 (23 76) 36 74 (88 97) 47 (12 98)
92: (52 38 3 87 58) (17 34 97 54 84) (2 24) (81 20) (8 43 75 36 86) (46 50 79) 7 (57 82) 35 64 (88 39) 100 77 94 96 (78 91) 61 (32 92) (26 41 45 14 6 12 10) (4 47 60) 71 48 (55 19 13) 59 (85 27 90 5) (51 69 68 73 1) (42 63) 53 (29 98) 18 (22 37) (70 9) 83 (72 62 23 49 16) (80 66) 25 (40 74 76) (28 44 93 33) 11 (89 56 67 30) 99 (15 65 31) 95
93: (61 19)
94: 50 (28 42 68 90 60 43 89) (93 48) 73 (72 9)
95: (83 76 77 84 63) (88 54 58 86) (35 28 24 16 94) (65 87 6) 62 (46 12 49 92 56) (85 18 13 82 99 74 68) 59 (69 9) (52 14 81) (71 2 100 32 19 11 64) (80 44 47) (42 48 5) (27 79 90 26)
96: 15
97: 45 (60 80) 33 (28 92 11 48 27 40 64 55 95) 36 (1 94 2 26) 37 90 (38 31 39) 41 (17 23 96) (16 29) 4 (52 67) 6 44 (50 7) (53 8 18) 85 59 (62 98 51 81) (61 88 93 32 97) (87 70) (79 15 84) 57 100
98: (44 51 60 50) (74 39 95 93) (48 94)
99: (30 70) 55 61 (33 41) 17 (75 92) (44 48 39 35 63 67 87 14) 13 (98 45 6 47) (8 32 84) (95 19) (79 59 65 72 20) (46 23 43) 71
100: 64 (75 38) (31 99 41) (63 29 23) 48 (42 90 2) 27 (54 60 69 93) (61 43 91 13)
1: (36 91) 48 92 45 (67 87 55) (2 65 50 11 78 97) (68 19 27) (20 21 62) 33 (18 46 37 30 9) (85 57 70 16) 72 (54 76) 6 (53 52 8 74 59 81) (51 79 35 44) 61 (66 7 1) (58 13 29) 10
2: (95 55 13) (83 59 91 21 81) (27 2) (20 40) 18 43 92 34 (54 12) 45 (17 72) (33 87) (11 78 68 44 70 58 41 57 73) (74 49 35 100) (14 51) (88 26) (85 36 79 53) (8 30 97 62 4 65 90 22)
3: (45 19 42) (91 68) (48 16) 83 (79 57 62 26 13 51 70) (89 58) (34 12 65 7) (53 61) 72 (10 2 54 22) (85 81) 86 11 (74 73) (52 43) (24 40) (80 92 33) 1 14
4: (74 16 37 78 30) (49 10 26 85 87) 62 (5 19 59 97 11 17 72 57 33 46 2 79 53 36 4 18 43) (13 48 58 31 52 70) (61 73) (44 15 91 21 92 51 7 86 27) 35 (22 68 12 1 29) (45 83) 40
5: (8 26 18) 71 (79 90 59 44) 70 (29 45) (33 53 32 58) (92 74 89 78 91 60 62 46 49 7) (14 81) (2 35) (17 16) (10 95) (67 65 30) (13 1) 83 (55 11 87) 43 (51 66 54)
6: (59 45) (78 83 12 26 91 35 4 7 25) (36 72) (69 81 97 88) (39 62 53) 43 58 92 (87 40 22 34) 44 21 27 (74 95 18) (13 70) (11 46) (5 56 19 31 16) (65 99) (79 57 68 80 30)
7: (6 83 16) 26 46 (11 52 78) 79 (36 18) (10 65) (9 57) (69 37 97 13) (54 29 58) (42 91 92) (85 53 1 61 51) (40 72 19) (44 90 12 70 43) (45 7 74 2) (48 66 59) 8 68
8: (81 1 44 24 36 99 92) (68 58 65) (54 11) (76 66) 56 72 73 59 7 (51 40) (33 26 79) 35 (2 45 13 16 37 31) (78 62) (43 74 97 17) (83 47 5 50 61) (91 46)
9: 90 (12 78 68) (61 65 14 58) (18 83) (73 5 87 44 30) 22 (11 70 37 7) 1 13 (8 16 53 35) (2 27 51 72) 57 (31 74 45) 94 34 (89 40) 46 (38 79) 92 62 95
10: 78 44 (18 81) (12 73) (67 22 17 72 13 40) 21 58 (19 34 70) 79 (7 60 85) 51 74 37 27 (82 65) 80 76 (33 46 1) (61 11) 36 (16 39) (83 30 91) (87 59 92) (45 43) 84 (62 2) (35 68 66 5 14 53) 69
11: 2 4 (13 97 10 67) 28 7 (11 70) (78 45 95) (43 83) (91 66) (68 46) (44 17 12) 58 61 (51 1 9 74) (33 62 30 8 41 52 18 53 90 57) 19 5 (72 79 92 14) 16 (73 27 31)
12: 26 (55 50) (34 65) 35 16 91 (57 43 31) (69 13 33) 19 6 (60 52) 78 (79 59) (45 61) (8 40 63) (74 49 92) (66 83 95 10 51 62 47) 7 (68 4) 67 (44 72 46) 48 (1 28) 88 11 54 70
13: (30 57 59) 72 27 7 (53 16 11 68) (83 1) (74 62 23) 66 5 (42 91 65) 51 (46 81) (24 8 76 37 17 54) (89 29 44) 92 (33 43) 79 (31 95 73 48) (82 100) (13 52 35 88 67 45) (70 99 10 85) 2 34
14: 22 70 (36 92) (61 14 7) 57 99 (12 79 28) 2 (16 68) 49 (41 46) (21 29 45 59 44 18 72 90 65 91) (8 43) (20 34) (95 26) 33 (13 10) (74 5 52 56 40 77 6) (9 83 78) 1
15: 96 (72 54) (35 2 28 78 70 83 16 11) (53 91 43) (62 39) (46 42 45 51 69) 85 (67 57) (52 68 8 12) 55 (74 13) 90 (81 65 73) 97 (7 86 20 44 79 31) (48 27 18 92 1 36)
16: (70 18 78 22 91) (43 37 95 13) 2 40 (59 47 74 62) (54 33 32) 45 65 (10 53) 5 (97 42 36) (8 1) 69 14 46 (73 90) 35 (38 51 92) 83 (58 49 52 48) (44 28 72 19)
17: (1 65 13 17 68 8) 36 (23 30 92 18 62) 50 26 (76 74 72) (83 28 80 16) (12 32 34) (54 43) (19 45 99 14 66 97) (91 56 46 57 51) (37 81 90 48 35) 70 (10 5) (33 7 53 55 67) (44 11 52 59)
18: (44 69 14) (46 66) (7 68 49) (77 95) (29 79) (53 33 1 82 52 31 12 42) 97 (62 11) (51 72 4 74 65 26) 56 (90 2 10 70) (91 5) (58 16) 19 (36 13 83 40 89) (78 30 8) (43 22 88 41 54 45 92) 18
19: 48 57 73 (99 60) (29 7 59) (85 68 92 70 35 53 44 31) (66 19 13) (42 34 87 65) (45 78 33 26 49) 32 43 74 61 72 46 54 (1 36) 2 5 (14 41) (79 52 95 8 40 91) (55 93 83)
20: (82 59) 43 8 (11 44) 87 29 (2 88 91 83) (57 40 46) (54 19 74) 65 (12 39) (79 68 28 18) 7 (13 51) (4 26 33 85 45 20) (22 69 1 78) 10 (62 35 92) 99 66 (14 72)
21: (45 44 66) 33 2 13 (46 83 19 54) (58 51) 5 (40 31 7) 62 (49 50 57 12 70 65) (81 69) (73 27 15 52) 55 53 (14 43 68 8) (11 18) 89 91 79 72 21 (90 48) 16 (20 74 1)
22: (66 1 74) (10 46 53 20) (59 16 19) 18 (65 44 92) (78 83 54 52) (35 5 36 56 49 62) (48 11 27) 13 43 (73 40 26 33 61) (64 21 81 58 79 31) (8 72) (70 45)
23: (28 26 73 99 37 72 79 46 52 60) 92 20 (13 43) (91 32) 83 (65 86) 54 (90 51) (56 48 40) (100 78 74 80) (7 68 36) (61 35 45) 33 (44 5) (97 49) (16 70 23 87 1) 55 8
24: 66 48 (1 85 69) (95 87 62 58) (54 78 7 55 52) 76 (4 44) (68 13 39 40 72 19 74 79) (45 42 57 90 15) 80 (59 50) (36 67 27) 65 (14 83 34) 33 (92 2 26) 11 (70 82 86) 10 73 91 43 (16 8)
25: (43 87) (35 30 29 18 10) (72 47) (34 74 13 7 16 52) 70 (91 90 2) (51 57) (39 44 55) (58 20) 11 (78 61 12 46 62) (81 83) 65 (19 1) 73 (69 79 76 53 40 92 54 8 26 85) 88 33
26: (59 65) 61 (19 48) 70 (21 95 44 16 18 5) (30 10 79 58 40 62 51 73 7 14 46 22 80 43) 68 (17 45) 34 83 (11 13) (74 38) 27 54 42 (92 91 53) (26 97) 52
27: 72 21 (87 54 68) (29 62 51) (45 39 5 83) (47 80) (86 70 34) 17 (85 44) 23 55 66 91 92 11 (43 33 35) (40 10 100) (97 78) (95 8 7 81 16 13 65 18 32 2 58 53 52 22)
28: (36 83 74 69) (70 59) (27 60 16 18 72 35 58 87 8) 13 11 79 (91 33 78 7 5) (51 12) (45 29) (52 95 21) 53 (97 94 57 65 44) 68 (61 62 81) (1 43) (86 92) 56 (80 26 54 46 40)
29: (13 49 92 29) (4 40 44 18 2 30 21) 58 (66 19 35 73) (14 7) 12 (39 83 81 54 97 48) 72 (16 46 34) (65 74) (43 52 70 1 27 100) 20 (68 11) (45 42 62) (87 78 8) 91
30: 83 (52 18 99 43 72 49 35 1) 26 29 68 46 13 (19 45 14) (74 8) 42 (16 10 21 87 33) (44 2 76) (85 51) 60 (78 7 81) 57 61 (30 20) (55 92 27 73) (91 62) (70 12) (11 69 58) (65 48) 54 79
31: 41 21 10 27 13 92 (70 59 50) 69 49 (32 81 48) (60 31 51) (45 36 46) (83 65 44 26 43) 78 29 8 72 (79 91) (74 33) (66 40) 52 73 86 53 (1 19 68) (17 97) 7 (100 11 22 88) 35
32: (77 2 74 60 61 40) 45 32 99 72 70 (59 18 86 5 7) 12 (43 62) 29 (88 97 68) 8 (33 76) (81 50 79 19) (48 23) (27 78 14 16 53 95 83) (69 1) (47 92) (22 11 42) (55 21 35) (13 57) 52 51 36 (65 37 46) 44
33: 31 (68 28 99 52) 19 60 1 (7 44 2 12) (72 35 22 53) (88 92 79 10 74) (16 27) (29 83 46 45) (43 11) (81 70) 76 (69 62) (36 14) (59 91 78) 87 (51 65) 97 (8 13 85)
34: (83 33 43 61 50) (11 51 26) (79 45) 7 48 35 (22 90) 12 74 (37 73) (55 54 36) (78 70) 46 (13 69) 92 (40 16 52) 57 1 (19 62 72 53 65 18 29 23) (71 68) (49 87 44) (58 56)
35: (65 19 35 70) 36 (68 52 45) (5 91 11 54 43 40 78) 73 (15 1 53 16 4 83 87 22) (32 95) (44 99 13 20 10 74 28 8 7) (79 59) 2 (51 66) 62 (72 57) 92 27 30
36: 2 (20 5) (17 91) (8 55 53 97 79 31 45) (34 1) (18 46 7 50 92) (36 43) (81 39 26 74) 19 40 35 61 57 48 83 13 (62 11 87 68) (12 70) 72 (10 85 58 44)
37: (40 13 87 53 12 11) (66 7 85 43 88) (70 21 69) (79 23 18 65 97 22 92 45 57 54 27) (72 61 51 8 62 68 35 74 83 2 16 44 20) (36 10 78)
38: (19 57 70) 55 97 83 (23 69 34) (45 80 76 12 62) (58 10) 8 (67 18) 1 (27 52) (100 72 54 65 30) (74 2 91 73 50 40 11) (59 78) (44 88 48 16 7) 92 (20 38 53 90) (35 87 66) 46 (79 51 32) (68 13)
39: (99 16) (87 1) (29 59) (55 78 69 66 90 54 68) (11 12) 61 (27 4 51) (34 92 26 42) 83 (46 79) (91 41 73 80) (52 98 86) 57 7 53 48 58 (2 72 35) 62 10 (5 22 13 45) 40 (67 32) (18 44 70 19 28) 97 30
40: 31 (27 2) 57 (16 10 28 83) (34 1 61 45) 81 (18 68 97) (70 54) (72 91) 13 58 (40 30 74 7 19 79) (43 35) (36 44 59 92 85 33 47) 5 73 46 (38 29) 53
41: (52 14 61) 10 97 (35 78) 44 (2 68 20 54) 58 (76 45) (83 32 59 73) (100 12 87 92) (60 65) (13 69 72) 46 (89 11 5) 53 (18 70 7 17 91) 62 (99 51) 40 19 81 (26 79) 16 74
42: 11 82 (14 87 1 35) 58 (83 46) 86 94 12 (70 7) 26 79 62 (65 76 15 4 71) (2 53 50 59 44 20 68) 18 (48 78 42 89 91 64) (92 10 95 33) 45 (72 61 43) (8 74) 36 (100 23)
43: (31 51) (45 99) (11 66 12) (55 57 59 32 13) (90 14) (27 94) 81 92 (83 19 39 91 40 52 44) 1 (23 85 88 43) 79 (74 53 8 70 28) (7 34 58) 78 68 46 35 (100 62 65)
44: (35 51 73 21 99) (70 44 43) 20 (46 97) 47 (76 1) (53 78) (72 45 5) 29 (32 56) (13 8 18 91 85 68) (39 26 19 27 79) (12 83) (57 16) (10 54) 55 28 (61 95 62 11 86) 92 (30 84) 74 98 (59 40 65)
45: 35 (55 72) (50 74 36 7 15 73 16 53 83 22 57) 70 (54 59 29 40 39 52 63 51) (68 65) (10 1 30) 26 85 23 46 92 (99 61 19 11 79 14 44 2) (78 13) 62 (45 12 97 87 18 66)
46: 55 14 (69 79) (40 73) 78 (36 8 31) 11 66 (91 51) 70 (99 43) (44 45) (4 88 18) (34 46 13 58 95 1 81) 7 (5 60 68 10 48) (54 72 27) 53 (74 32) (83 29 92) 50
47: 22 66 17 (50 83 45 11) (33 88) (87 4 51 23 28 74 79 26) 35 7 81 (95 54 40) 13 (78 44) (58 65 46) 70 30 (2 62 43) 85 (29 52 68 5) 72 10 (37 34 99 91 92)
48: (1 70 72 48 26 78) 68 99 (34 71 10 41 45) (35 46) (7 66 91 49 65) (57 82) (22 94 100 97 81) 5 (40 28) 87 (53 11 33) (8 98) 95 58 44 (43 92 13 83 88 37 74)
49: (55 31 84 16) 92 (10 28 83 27 48 87) (90 79) 91 (46 1) 45 65 68 26 95 (58 51 29 2 61) (66 53) (11 78) (74 57) 40 18 13 (60 44 33 7 17 72) (35 50)
50: (7 89 13 62) 65 (27 29 78 98 39 2) (33 52 44 11 45 18 91) (8 97 30 72 37 46) (22 21) (94 82) (92 74) (19 1 90 59) (85 5) (68 35 43 87) (58 10 14 40 61 70 51 83) (16 53) 36 79
51: (28 79) (72 50 4 18 11 68) (12 48) (91 46) (14 92 43) 44 (45 78 6) (83 40) (58 53) (10 86) (2 32 26 36 62) (15 59 74 19) (33 13) (57 5 22) (80 52) (97 70 1) (66 7 29) 98 65 16
52: (70 83 81 51 50 59 13) (85 67 40 45) (53 28) (19 16 90 6 92) 14 78 95 72 35 (68 44) 80 (52 20 32) (42 49 48 58) (62 74 56 1 46) (91 79 65 4 87 22 10 7 97 43 36) (8 73 11)
53: (87 72 78) (42 46) 55 5 (53 7) 2 (29 66) 71 (80 60 18) (97 19) (10 34 43) 35 (9 27 44) 8 68 (79 58) (69 59 73 1 13 22) (61 74 30) 52 26 31 (83 23 88) (48 70) 91 (17 92 62 11 45)
54: 14 44 51 (62 79 92 57) (59 58 11) 12 (48 2 8 4) (81 74) 53 100 (55 23 46 91) 65 (61 13) (7 83 95 67 10) (43 78) (19 27) 87 (52 35 89 72 45) 31 (1 56) 69
55: (79 58 22 68 14) (92 81 8) (57 7 32 45) (9 28) (6 39 59 2 74 78 83 44 90 99) (35 11) (73 27 33 13) (40 18 31) (55 54) (87 65 43) 16 53 (72 46) (85 10) 97
56: (48 16 66 19 44 35 15 70 83 46 27 52 65 11 76) (43 12 13) (32 68 31 7 50 78 45 1 53 5) 72 28 (73 88 14 86 60) (8 40) (79 92) (26 74) (54 95 81 61) (42 22 29 34) 2
57: (14 1 35 10) (43 91 22) (86 79 92) (8 87) 7 78 68 (19 81 5) 36 (34 55 74 80 97) 72 (12 53) (70 40 62 13 83 48) (89 44) (42 65 51) (60 58) (2 18) (45 56) 20
58: (72 12) (4 8 51) (48 27) 81 (85 46) (55 13) 1 (16 35 54) 44 49 (18 67 28 33) 83 (40 52) (47 80 42 68 53) 10 (11 17) (65 19 61 57 70 95 7) 32 (43 22) (79 45 2 91 92) 74
59: 88 (70 92 29) (44 72) 68 26 40 (86 74 58) (65 48) (36 16) (17 69 53) (7 2 5 80 46 19 57 35 33) 59 (54 83) (79 97 43 62) (95 13) (11 27 91 99) (37 1 49) (76 45 55 8 14 10) 52
60: (92 74 7) (27 26) 73 (42 54 68 8) 45 53 (82 20 35 33) (81 87) (90 97 51) 100 43 (13 62 12 83 80 22 55 40) 84 (10 72 79 98) (41 94) (58 46 85 91 11) (65 49 18) (61 44 56 34) (14 4 78) (57 1) 70
61: (100 93 57) 85 (10 49 68) (37 99 11) (65 78 36) 53 (54 5 48 73 70) (18 26 40) 43 (22 34 92) (35 45 44) (81 1 29) (79 27 42 59) 83 (31 7) (13 88 97) (77 33 8 74) (16 66) (72 2 51) 91
62: 82 68 (35 83 92 88 61 13) 49 78 (87 40 46 43) (7 91) 32 (74 18 53 28 11) (26 22 16 70 52 95) (44 14) 27 36 (20 45) (79 97 57) 51 (8 2) (34 72 15 55)
63: 29 (10 7 52 56) (42 99 35 65) 16 (81 78 44 36 13 53) (72 1) (92 48) (83 8 61 100 19 45) (14 95 91) (11 55 2 5 70) (79 27) (30 43 28) (74 68)
64: (8 27 66 72 74 43) 87 (83 35 34 54) (2 7 90 91 95) (10 51) (6 45) (13 16) (40 81) 53 (12 78 33 20 57 97) 4 70 (30 19 58 46) 48 44 (47 79 62 92 42 11) 85 (100 26)
65: (70 68 27 44 19) 38 (34 79 53 1) 95 (17 26 13) 33 (74 16) (36 18 40) (54 47) (7 85) (8 73) 14 (92 65 91 10 83 2 72 49 4 59 99 45) (82 51 86 81 35) (11 87) 62
66: (74 57) 91 81 (35 66 78 37 7 89 80 29 22 86 11) 46 (83 17) 82 42 16 (14 8 34 18 59) (4 49 58 20 19 73 3 88 26 72) 10 (92 48 45 2 65) (13 79 40) (52 44 68) 33
67: 50 (52 79) (16 30) (33 87 12 68) (72 89) 62 44 74 (99 54 2 11) (91 65) 10 (43 92) 48 (90 97) (8 53 35 4 1) (51 82 41 26 49) 42 (7 78 32 36 85 59) (61 29 45) (14 5 17 13 19)
68: (78 11) (53 60 86 68) (57 54) (26 58 33) (74 21 87 65 16) (8 7) 85 83 45 52 92 (95 10) (34 72) (46 40 50 61 55 15 5 44 79) 2 13 (90 94 18 62) (43 70)
69: 8 42 13 (66 45 57) (7 95 18) (1 29 87 100) (61 68) 81 91 53 (19 85) (83 33) (92 51 72) (31 43 90 44 10 46 79) (78 11 70 52 74) 88 65 (35 16) 80 30
70: (53 70) (43 65 33) 7 19 (61 86 81 55) (34 74 13 92 4) (11 83 88) (36 23 85) 2 (54 14) (68 46) (39 29) (22 48 26) (50 99) 58 (10 28) (1 47 45 73) 52 (31 79 44) (72 27) 97 59
71: 70 54 72 (95 75 55) (90 60) (59 74) 8 91 88 (37 87 46 33) (51 99 19) (29 27) (48 17) (83 43) (10 79) 78 16 (44 28) (5 80 36 62) (22 92) (2 11 61 52 42) (68 18) (35 53) 7 30 (85 41 13) 86 1
72: 54 (94 72 22) (78 65 87 5) (99 14 73 48 32 62 74 26 38 12) (57 30 49 69) 43 53 16 (52 1 33 41) (18 39 55) 45 (40 58 59 27 7) (92 44 86) (79 46) 61 8 (37 35) 70 83 10 68 (13 47 66 91)
73: (79 19 74) (55 1 80 78 51 40 45) 72 87 (92 8 91) (24 43 36 16 42) 7 (52 10 83 68 12 70 26 59) 27 (34 13) 53 22 (88 94 18) 58 (11 44 46) 48 (35 49) 54
74: (7 46 73 51 70 13 36 11 58 40 72) 43 45 (2 20 68 54 18 81 76 91 65) (44 42 16 1 22) (34 95 17) 87 (79 67 83 78 92) (62 10 55) (8 15) (4 98 47 39) 90 (26 48)
75: 74 (39 78) (54 67) (42 91) 8 5 (90 31 6) (26 1 51 14) (68 99 46) (72 61) (83 33) (71 34) 24 (7 92 81) (59 53) (18 16) 57 (37 22 70 10 45 2 40) (35 85) (62 65) (44 43 79) (48 13) 100
76: (71 46) (68 72 13 88 43 8 44) (31 22 7 42 16 49 53) (52 28) (74 69) (67 35 95) 70 59 27 (91 10) (87 92 34) 40 5 (45 26) 11 85 (82 19 84) (78 30)
77: (22 40 13 52 54 43) (70 8 65 7) (33 85) 72 29 (35 58) 14 (2 95 83) (74 5 66) (10 45 87 59 44 46) (90 53) (34 64 28) (26 62 60) 91 57 (79 92) (78 61 68 11 32) 51
78: (1 28) 31 (87 52 54 26) (81 19 12 2) (16 53) 76 (6 79) 57 (70 44) (83 66 11 72) (45 18) (21 62 7 42 8 33) 61 (35 13) 40 (69 68) 22 56 (92 29 51) (74 50) (91 77) 65
79: (70 85 27) (57 65) (31 52 58) 19 (13 43 79) 10 68 44 29 (35 72 60 53) (66 1 95 97) (2 12) (73 99 51 74 55 87) 83 91 (16 92 45) 40 11
80: 77 (61 34 52) 59 42 46 (40 28) (62 16) (81 78) (8 82 65 11) (95 7) 88 (66 79 89) (24 29) (72 74 1 13 86 5 10 44 35 51 4 19) 70 (97 92 54) 43 (39 18 45) 83 68 (36 87 85)
81: (97 7) (79 78 5) 67 (26 61) (55 12 81 43 33 92) 91 (69 29) (34 28 32) 27 (8 46 57 44) 30 (40 58) (18 90 42) 65 45 (2 1 51 95) 83 (36 59 22) 13 (48 53) 68 (74 35) (11 72)
82: 35 (87 2) (14 16) (13 33) 12 (27 46 85 67 5 51) (68 72) 79 26 (8 92) (78 20 90 65) (45 17 23) 10 (39 69) 50 (73 28) 91 (1 55) (34 70) (74 19 62) (44 61) 7 (40 60 21 95 59 53)
83: (41 8 19 7) (83 91 17) (68 46 23 42 22 67) (36 12) (13 72 62 11 39 65 95 44) (40 74) 20 70 54 73 (26 1) (60 57 79) (2 29 10 51 92 53 21) (35 16 58) (55 43) 15 (78 45 81)
84: 99 (48 14) (72 7 45 26 33) (46 51) (36 34 67 61) (91 11 30) (1 62) 22 (19 5 13 73 74 92 57) 65 10 (83 16) (29 68) 53 (97 55 20 66) (2 70) 40 (78 79 8) 17 (12 95 18) 54
85: (37 13) 33 7 53 (50 97 48 74 10 68 91 11) (59 85 71 95) 88 58 (66 70 34) (52 72) (35 54 56 12 92 62) (67 2 16 79) (65 44) (43 83)
86: (12 8 95 45 62 40) (42 5) 52 (73 54) 33 (1 19 27) (57 90 72) 21 91 70 (43 24 78 13) 65 (68 7 26 58) (37 44) (10 85 35 92 9 34 16 60 83 79) (41 6 36 74)
87: 72 22 (44 31 69 32) (46 55) 26 8 74 (87 9) 36 35 (12 90) (1 97) (5 61) (45 33 18 99) (40 92) (95 7 16 11) (19 2) (62 78) (70 83 42) 4 59 14 (81 30 13 73 58 48) 79
88: (78 61 85) 97 43 66 (26 81 95) (56 31 53 24 44) (74 52 34 13 55 68 70) (22 50 8 7 14 45 37 12) 42 (1 6 59 46 51 35 57 65 4 54 72) 2 11 (16 62) 18 17 90 (91 92)
89: (89 26 83) (15 46) 2 (45 54) (70 94) (18 7 66) (51 17 79 8 68 72) (92 13) (56 57) 29 33 (49 37 11) 52 4 78 12 (85 1 74 5 43 44) 14 (32 91 62) (16 31 34 19 65) 28
90: 85 30 58 (35 13 10) 95 (54 62 68 44 59 57) 97 (66 55 32) 7 (78 43 11 26 45) (70 79 48 92) (28 29 84) (14 53) 40 (51 49 65) 2 (100 74 91 67 1) (18 46) (21 16) (5 19 33) (94 52) (12 83)
91: 35 (21 24) 83 11 (100 43 72) (79 53) 5 (70 73 69 36 57 45 81 18 74 66) 55 22 (46 1 78) 63 90 (20 91 42) 12 33 (68 87) (44 2) (92 26) 8 62 (54 16 13 47 30 67) (56 19) (28 14 58)
92: 97 12 46 (35 72) 53 (20 78 52 43 37 91) (2 99) (55 65 95 54) 74 26 (1 10) 70 79 (51 45 13 84 86) 18 19 (47 40 68 88 14 92) (8 33) (7 44 16)
93: 54 43 (72 55) 26 (17 4) (53 91 16 5 62 33 83 58) (59 67 46 45 35) (7 74) (15 48) (80 97) 86 (1 92) 87 (29 98 78 68 79) (70 76 12 73 14 44 10) (85 13 100) (31 94) 82 34
94: (87 72 52 97 29) 55 68 35 (58 9) (61 5 76 31 51) 11 (27 33 70 81) (98 78) 23 (22 92) (74 13 62 54 14) (66 79) (12 95 91 2) (67 1 69) (83 7 16 59) 88 (48 45 19) (44 43 85) 8
95: 87 (72 8 74) (32 79 29) 26 7 (68 11) (61 65 33) (58 53 98 97) (16 81) 46 (40 88 99) (83 62) (44 28) (35 92) (2 31) 51 23 (54 13) (78 91 41 69 57) (70 48 39) 45 (20 30 36 1 22) (59 80) (14 12)
96: (91 81 43 62 70 72 21 78) (1 7 19) (39 97 46 16 79) 18 (74 13) (42 40) (11 22 12) 48 92 (57 88) (61 2) (8 35 59 33 31) (54 44) 5 (60 20 30 34 10 45 68)
97: 91 (87 16) (40 6 68 46 13) 41 81 22 (21 62) (43 47 2) (8 23 52) 90 (65 45 53) 48 (35 59 31) 79 (70 73) (7 92) 37 54 1 (74 97) (11 24 72 51 34 12 44)
98: 16 (51 14 12) 27 26 (54 30 73 7) 79 (40 45) (72 48 62) 70 (34 13 92) (44 1) 36 (57 46) (81 91 69) (22 11) 58 (2 85) 97 (52 8 37 99) (74 83 86) (35 5) (90 53 18) (60 49) 68 55
99: (2 85) 68 40 53 17 44 8 (32 34 95) (83 91 22 36) (33 10 58 39) (29 79 72) (74 61) 45 (16 46) 20 19 (1 13) 66 (48 70) 35 (100 62) 55 92 11
100: (92 44) (72 46) 40 (97 23 66 81) (86 95 39 26) (29 1) 18 (74 54) 16 8 (65 5) 12 31 (59 43 50) 19 53 4 (67 48 2 84 91 70 11 51 27 68) (14 45 24 57 42 13) 83
