100 100
1: 10 (2 7) (81 29 53) (69 93 24 72 71 77 39 8 27 34) (19 43 16) (87 46 30 99 57 1 61 50 67 89 79) (37 25) (32 47 33 64) (51 78 52 76) (11 85 75) (45 66 15 5 48 13 100) 86 59 (28 62 95 21 36 55) 14 17 (4 80) 63 54 (91 58 26) 83 22 (6 65) (88 56) 35 49 12 9 (84 60) (40 97 42 74 38 96 92 82 23 73 98 3) (90 44 31) 18 20
2: 39 (4 46 89 76) (66 20) 6 (90 57 11) 17 94 (28 38) (63 83) (73 5 99 70 61 50 84 21) (59 1 42) (75 44) (25 74 34) (55 45 80) (35 16) (71 22) (56 48 54 68) (14 37 98) (95 2) (62 19 53 32 52) 60 (9 27 86 3) (69 96) (58 91) (65 43 7) 13 64 (79 78 100) (29 15 85)
3: 9 (52 94 11) 21 65 (75 18 42 92 81 32 47) 56 49
4: 13 40 85 (17 18) (68 47 70 35 91) 53
5: (62 94 28 50 89) 14 (41 57 42 32 3) (34 55 29) 67 (31 72) (30 17) 80 44 (65 83 95 35 70 48 19 99) 9 46 76 (60 49) (74 2) 4 (69 8 100) 66 23 43 36 92 (16 97) (91 59 13 18 96 37 52) (27 45 38) (24 22 10) (15 87) 77 71 (81 78) (53 73) 20 (33 40) 82 26 (58 64) (7 51 11 85)
6: (41 89 85) 93 (77 44) 45 (100 69) (6 71) 15 38 8 (13 47 3 80) (63 23) 49 12 (29 59 5) (17 81) 9 (53 46 83 33 43) (20 82 11 16 2 37) 94 30 (92 90)
7: (32 44) 78 92 (24 91) (1 94) (84 89 21)
8: 1 (85 55 25 28 54) (52 24 56) (2 23) (66 62) 51 (60 76) (8 41 100) (80 84 72 49 42 5) 59 (81 99 33) 38 74 27 77 (34 15 95) (4 83 31 53) (9 14 65) (50 6) 64 (63 78 12) (91 61 21 75) 39 (67 70 13) (82 26 88)
9: (97 38) (74 99 54 93) (36 44) (25 84 14 64 29) 85 83 (41 78 92 56) (21 35 19 42) (87 52) (77 60 1 32 100 31 13 4) (22 34 88 15 62) 27 94 73 86 65 (59 89) 70 50 30 (2 55)
10: (55 69 84 98 3 80 50 68) 81 (25 78) 31 (11 13 77 42 72 57) 14 (74 30 86) (40 37 97) (91 85) 7 (24 46 48) (10 67 47 56) (26 45 21 15) (29 100) (43 28) (71 79 76 12 93) (9 88 65)
11: 54 (50 19 34 2 79 94 56 3 46) 82 (16 95) (23 5 47) 60 74 (75 69 48 51 43 80 42 15) (64 21 38) (31 55) (77 37 39 87 45 33 24 91) 30
12: (57 26 75 48) (97 9 52 66) (28 96 64 74 86 42 38 88 50 33 85) (77 7 32) (99 1) 47 41 37 (89 36 34 22) 30 81 12 (93 31 53) (71 45) (94 90) (63 29 19 11) 67 (61 83 21 25 18) 62 (78 40) (3 23) (43 68 54)
13: (13 2) (99 6 58 42 29) 8
14: 56 91 (46 18 8 95 62 34 72 65 94) (45 36 86) 61
15: (68 33 31 77 84 30 7) (75 74 1) 37 76 (8 44)
16: (58 100) (85 70 3 5 25) (76 39 7) (13 22) 80 (2 8 81 15) (33 91) (6 71 79 61) (72 40) (50 77 32) 75 98 (53 46 21 29) (51 34 88 10 26) (44 62) (36 92 37 31 93) (59 87 69) 23 (83 38) (97 30 47 96 86) 60 (57 55 43 49 65) (66 94) (78 11 89) (1 90 68) 12 (14 19) (42 20 16) (99 63 17 18 24 84 54) (82 4) 64 (9 45) (73 74 52) 67 (27 41) 28 35 (95 48) 56
17: 13 (93 95 52 29 27 56 83 85 8 10 24) (31 55 1) (15 79) (99 5 86 23 26) 16 70 44 (82 84) (14 37 47) (38 18 72 66 3 25 17) (49 92) (74 32) 19 (45 68 76 100) (88 7 67 77 42) (81 97 28 9 90 89) (4 62) (11 43 22) (40 36 6 54) (75 65) 57 (21 91) (48 80) 78 (61 94 71 34) 39 (50 51) 12 (73 58) (96 20 87 41 46) 69 (64 98)
18: (9 42 98) 50 (18 96 67 63 28) (85 32 45) (84 94) (37 53) (70 22 82) (14 95) 49 (8 54) (88 3 40 62 77 35) (74 27) (89 6 75 5) 51 79 73 69 (48 71) 20 (21 30 25) 41 55 97 (47 33 83 11 61) (76 92 86) 15 (43 1) 100 90 65 (64 13) 78 (4 59 10) (60 81) 16
19: (42 47 7 4) (27 91 3 81 70) (14 45 28 98 76 94 67 21 66 34 52 82) (32 59) 50 (39 55 9) (37 51 31) 48 88 (63 41 54 64 25 33) 16 89 (35 8 10) (6 83 22) 96
20: (93 79 75) (53 69 23) 47 48 (77 55) (92 43) (34 85 31 89) 37 65
21: 16 (87 33 8) 60 (7 40) (92 23 90) 79 47 (17 50 78 13 96 99 73 62 54 45 4) (85 32) (76 1) 5 25 2 36 94 43 83 89 58 20 (100 75 28) (18 77) 93 (35 80 21) 71 63 98 (10 48 29 44)
22: 30 (82 33 98 21 79 57 81 17 86 26) (64 28 84 20 90 56) 69 (7 96) 45 (37 73) (88 70) 12 (100 40 63) (71 14) (9 77) (34 22 65 31 16) (19 23) (18 38 49 68) (55 80) (74 27 13 91 5) (52 75) (35 44 62 94 41 43 4) (39 8 66 61 15) (48 3) (29 24) (67 93 97)
23: (98 13) (35 33) 25 (83 57) (85 20 4 54 40) 37 (70 62 67) (86 30 6) (53 44 29) 48 (47 89 61 7 12 88 10 75 49) (77 17 94) (76 9 68)
24: 90 36 74 (64 55 22) 46 88 42 (40 25) 49 5 (62 58 61 57 33) (53 8 82) 41 87 (38 44 96 91) 27 (11 16 18 85 54) (51 7) (32 35 2 43 31)
25: 71 (59 58) (36 67 99) 55 (25 38 27 42) (22 35 26 51 21 28) (74 3 61 45) (90 52) (66 20 85) (23 83)
26: (92 12 74 46 44) 27 100 28 (33 96) 23 87 47 (10 7 45 35 3 8) 22 38 30 (56 37 32) (11 52) (29 53 51) 17 (34 31)
27: 29 (71 16) 60 24 (11 40) (50 79 13 70 43 67 28 27) 46 97 (20 32 85) 89 5 (99 53 21 45 66 74) 58 48 (49 47) 8 55 (41 69) (100 62 17) 84 36 78 (26 94 14 10 22 83) (65 3) (9 81 52) (25 59 15) 44 (30 54 6) (90 88 76) (33 68) (38 87 1) 35 (61 42) (95 23) (31 37 57 86 4) 34 96 (19 56 7 73 92) (82 77 64 91)
28: 20 72 49 (90 43) (1 18 96) (30 34 39) (75 91 70 53 10 100 56 50 87) 84 (79 64) 28 (25 73 22) (86 12 16) (2 24 44 13) (33 51) 52 59 (99 45 42 5 40 4 14 67 31 17 62) (76 94 89 26) 71 (57 41) (88 83 21 32 93 54 27) 6 (69 46) (74 63 47) 77
29: (75 77 76 11 18 44) (88 45 54 22 24 20 69) (89 33 49 7) 87 53
30: 90 (1 48) (16 42 28) (85 71 88) 97 (11 80) 9 74 (60 70 25 3) 23 (79 55 13 78 14 94 2) 93 65 (95 52) (43 63) (12 6 50 49 66 33 39 82) (51 84) (87 35) (41 38) (83 89 68 54) (96 20 61 100 37 7 44 26) (75 8 47 62 40) (46 76) (10 18) (53 58 34 45 86 36)
31: 22 84 (54 97 53 8 28 76 75 90) (34 5) (69 73 1 78 40 87) (96 27) 19 12 15 (93 38 68 63 32) 74 (36 60) (86 21 45) (95 59) (14 3) (35 42 80) (46 39) (11 18 79)
32: (34 42 68 27) (48 37 55) 24 (57 76 72 16) (51 39 80) 47 (49 32 40) 86
33: 58 (40 5 90) (42 50) (85 28) 65 6 9 83 75 (23 47 96 39) 64 (67 91 41) 98 (93 79) 20 84 (32 95 52 22) (13 35)
34: (90 64 65 50) (20 36) (96 8 16 93) (51 85 19) 79 11 (60 78 22) 84 (7 66 57) 72 (76 35 63) (87 1) (80 77 88 17 70) (53 49) 27 (69 43 32 74 4) 25 (68 99) 86 (67 81 59) (48 55 41 33 52) 97 (12 44 94 98 95 39 58) (2 38 9) (21 91 83 34) 40 (26 18) 62 15 10
35: (79 15 17) (20 95 46) 92 71 (48 26) (25 74 81 44) 64 (14 87 24 43 4 75 35 37 96) 62 (76 67) (40 89 66 2 11) 21 (72 68 45) (49 22) (12 53) (5 52) 47 39 18 (61 73) (7 91) 38 (8 3) 42 1 (31 94 51) 80 56 (88 16 30 55) (65 41) 36 97 (93 63) 27 (54 69) (84 60) (6 13 98) 9 34 (86 23) (32 83 33) (19 29) (90 82 28) (78 59 50 85) (58 99) 57 77 (70 10)
36: (33 47 99 75 50 6 92 60 85) 83 (34 13 72 26) 81 (12 96 32 93 21) 62 54 16 (63 7) 65 8 (51 9 57 11) 58 (61 82 77 39) (80 22) 53 29 23 (31 66 94)
37: (18 97 31 100) 95 (46 25 93) (11 8) 76 (54 22) (84 66) (89 16 64 21) 14 (92 59) 17 (38 94 39) (61 2 37 41) (49 43 30 75) 23
38: (95 46) 47 (59 66) (16 62 93 39)
39: (51 30 18) (81 33 40) 35 (43 75 36 66) (5 27) (88 82) 22 (20 16 59 62) 63 (25 97 15 46) (10 34 61 64)
40: 11 (51 48 47 33 12) (69 35) (93 3 73 7 72) (100 23) (92 21) (85 36 40 67 97 91 5 65 66 9) (89 49) (74 71 38) 59 63 (29 68) (8 4) (60 37) (43 87) 78 (2 24 18 34 54 75) (62 83 10) (58 81 79 17) (14 82 94 26) 31 (88 42) (45 70) (84 25 27 52 28 57 20 6) (46 15 16) 56 (50 61 77) (90 86 22 41 76 99) 39 (44 98 32) (1 80)
41: 91 96 (32 78) (80 82 77) (92 61) 95 (8 93 66 42 58 14) 23 (5 43 48 99) (36 24) (55 19 100 60 13) 6 (30 39 3 50 20 86 79 72 54) 53 (11 62 49 15 64 33 87) (74 51) (83 12 97 1 41 9 22 17 52 38 56 70 26) 59 (35 81 57 71 34) 84 (2 28 27 10) (85 90 88 98 21 47) (16 7 68 65) 29 67 40 69
42: (72 41) 71 20 14 86 67 (83 55 8 68) (25 29 90 5) (77 40) (43 50) (22 28) (16 42) 74 32 27 (57 21 91) 59 79 (89 1) (15 18) (69 76 78) (38 96) (99 49 93 80) (54 33 39 45 37 92) (11 97 47) (34 60) (56 48 100 73 82) (6 30 94) 2
43: 68 77 (30 14) 20 10 (53 91) (52 3 36) 39 16 62 (82 59 6 49) (85 78 93 94 28 41 84 37 23 72) (63 9 100) 56 89 (66 50 31) (67 38) (43 22 71 51 48 54 24) 32 (98 45 4 86 44 61) (15 95) 7 (69 46 8 75) (18 25) (12 92) 21 83 (42 65 1) 34 (64 74) 33 47 (57 2 29 13) 97 26 (70 90 81 55 17 19) 73 (88 58 99) (60 40 79 11 27)
44: (11 90) (79 95 68 35 42) (34 91 66) 21 (37 40) (39 63 100 38) (29 92) (96 97) (13 51) (9 24 57 7) (98 64 80 2) 61 (20 65 77 27 82) (89 22) (41 3 1 83) (49 54 87) 28 (30 45) 53 (6 69 18) (78 31) (12 76) 43 93 (86 14 67 36 52 94 60) 62 73 (50 58) (33 70 88) (10 59 55 72 44 71) (48 17) (25 15) (56 5 46 4) 8 (74 19) (16 99 47 26) (85 75 23) (81 84)
45: (9 94 6 16 10 86 26 91) 73 (40 55) (71 90 68) (2 99 84) 72 (61 11) (33 62 79) (5 67 88 39) (54 76 31) (87 46 97) 15 96 98 3 51 (19 60) (4 75 81 23 38 95 47 80 83 77) (74 50) (18 45) 37 28 (58 64 48) 36 (27 52 53 8 63) 93 (1 56) 41 (7 22) 89 30 13 (12 43 59 44) (34 57) (69 65)
46: (64 10) (72 1) (19 70) (75 100 2 60 58 8 34) 24 (49 20 91) 53 (41 42 15 95 89 82) 3 (54 51) 76 16 (98 32) (62 13 22 14 88 55) 56 29 (84 68 73 45 61) 44 83 (37 31 33)
47: (18 16) (31 20) (15 21) (27 91 69 64 40 24) (61 41 57 63 29) 90 76 (81 23 53) (72 49) (37 59) (98 56) 82 55 (1 25 38 17) 45 (43 86 34) (54 19) 62 67 13 (46 42 65) (74 79) (28 12 36) (84 26 94 44) 32 3 (97 30) 78 10
48: (80 21 7) 45 (83 30 94) (25 27 43) 81 24
49: (96 31 60) (83 90 42) 9 (94 80) (66 34) 26 1 59 (48 61 86) 33 (93 4 45) (76 100) (72 49 98 91) 65 18 (2 82 7 35) 52 (63 23 3) (41 81 69 20 50 29 39) 71 (12 75) (78 32) (17 8) 16
50: (61 63 37 30) 25 (91 67 22 32 46 6 38 21 8) 33 88 70 87 (48 73 64) (26 86) (40 72) (51 2 5 44 95 43 4 45 81) (52 11 60) 77 (9 58 75) (71 69 85)
51: (42 13 9) 58 (76 85 21) 28 82 (45 78 86 66) (52 5 95) (96 89 6 12) (40 37) 36 (69 46) 3 (99 70 10 53) (43 51 50) (80 98 8 97 19) 61 (24 26) (75 63) 17 73 (23 60) (49 72 34 88)
52: 74 78 (47 31) 98 11 (3 76 64 10 94 56 38)
53: (82 54 99 93) (86 18) (92 7) (27 39) 56 60 (43 5) 17 78 (3 95 46) 22 62
54: 60 94 50 67 (47 20 9) 24 (98 58 91 86 43 90 54) 12 (36 14) 77 (1 92 56) (19 48) (70 66 74 41 95 85 63 71 69 6) (3 34) 46 38 65 (81 78 29 49 51 55 79) (93 45 30 61 100 82) (42 33) 35 (96 97) (73 26) (15 39 84) 87 (64 21) (27 37 4 40 7 17 76 99 44) (88 5 8 13 10 52 53 83 22) (72 59 18 28 16)
55: (93 70 24 41) (4 26 29 87 11 86 46) (95 48 65 72) 38 (19 85) (89 55 96 32 18) (36 54 100 76 43 28)
56: (47 93) (9 6) (100 83) 60 (68 17 29 92) 16 (33 37 4 11) (99 55 95) (31 70) 2 36 (84 64 89) (96 67 77 82 49 32) 53 (5 50)
57: (54 87) (43 38) (14 34 8) (11 64 96) (68 92 13 76) 44 20 (57 48 24 69 32 77 40) (2 18 49 86 56) 71 (33 79 63 91) (30 45 99 27 52) (17 4) (89 53 75 88) (59 19 85) 72 (50 93 7 26) (46 47 39) (15 94 95) (70 60) (23 41) (66 90) (58 31 83 25 82 73 61 42) 3
58: (47 78 39 80 45) (77 44 68) (3 7 91 71) (6 89) (94 12 63 96) (49 1) (64 24 86) (98 87 10) 70 17 (13 83) (61 29 15 97) (62 23) (8 85) 43 (14 55) 11 (84 67 5) 52 20 50
59: 63 (62 59) (75 45 72 80 85 79 83 77) (17 53 71 40) (4 15) (13 30 94 60 68 47) (19 56) (57 69) (65 66 89) 26 (76 16 28) (20 46 78) 6 (32 37) (54 14 39) 35 88 (24 73 10 93 11) 67 (23 50) 96 33 (52 86 27) (18 38) (64 5) 12 49 42 (31 99) (91 9 74 29) 44 (41 95 34) (58 82) (21 36 48) 3 (92 100) (97 43) (7 2 8 1 84) 55
60: (33 21) (98 32) (77 60) 41 18 58 (16 39) (57 50) (49 78) 92 66 24 67 25 (15 74) (62 6 85) 42 (9 90) (65 10 96 17 88) (89 61)
61: 15 (54 50) (25 74 55 41 7 91 1) (56 2 83) 49 82 (70 37)
62: 66 (93 32 2 9) 33 77 88
63: 62 (56 63 85 47 82 24 29) 86 4 78 (38 77 14) 16 46 (90 17) 23 (55 45 65 57 6) (64 50 22 58) (10 96 37) 68 (98 35 81) 27 (2 32 54 7) 93 (71 43 44 69 20 12 73 31 49) 15 21 75 (11 59) 80 (39 89 9 70 72 95 1 60 97) 18 (42 61) 94 48 (88 25 52 92 67 26) (53 5) 91 36 (83 8) (30 3) (41 19 28) 100 33 (51 76) (34 87 13 84 99)
64: 93 53 10 (36 39 15) (43 87 64 73) (17 45 82 20 62 46 55 99 44 57 40 1 61) 98 (90 35 95 63) (68 79 38) (75 70) (49 52 31 94) (12 37 71 58) (11 16 81 4 29 24 66) (65 2 86 54) 9 5 77 (13 85) (76 47) 30 28 (80 18 97 56 91 67 42 8) (22 100) (26 96 21 41) (74 3 6) (88 48) 50 (23 33 72) (60 27 14) 78 (19 7 51 34 83 69 84)
65: 31 (36 42 59) (7 39 23) 96 100 (29 64) (52 51) (11 45 6) 57 (84 2 88 13) 40 (86 74 79) 5 (73 61 19 58 24) (82 54 55 80) (89 87 85) (91 99) (14 90) (53 18 81 1) (93 95 67)
66: 31 (27 81 33 14) (61 43 47 67 89 68 82) 7 52 (26 21) (45 18 53) 73 86 85 54 (13 32 63 80) 96 (42 20 3 72) 76 (15 8) (51 39) 64 48 (59 30) 12 4 91 24 (87 77) (83 37 11) (40 75 28 10) 95 56 (41 90)
67: 1 (33 27) (22 25 13) (79 19) (60 24 75) (67 92) (7 6 47) (11 26 99 23) 35
68: (53 82 81) 90 (27 45) (29 58 60 9 15 55 26 86 5 19) 21 (64 69 14) (79 71 91 54 17 98 96 46) 38 99 (35 30) (49 65 83 56) (36 95) (4 11) (84 6) (50 97 75 20 78) (32 24 48 61) (23 73 33) (70 39 40) 16 (89 7) (94 1) 72 18 (67 12 88 87 3) (100 74 25 2) 22 63 (77 28 66) 59 (47 41) 44 (37 34 92 51 85) (31 42) (93 62 52) (68 76) (8 43) 13
69: 35 (37 33) (46 68 16 84) (15 17 10 21 24 59 71) (55 75 23) (60 79 56 82) (26 4) (61 73) (81 52) (43 45 88) (39 57 12 91 58 87) 97 (14 38 25 69 6) 96 (76 42 44) (13 31) (32 99 74 66 22) 49 (41 48 65 83 50 70 3) (63 7) 86 (67 62) (8 54) (29 92 77 95 78 34 19) (80 30 5 94) (89 98 9 100 1 53 18) 47 64 93 (28 85) 2 90 (51 11) 72 27
70: (10 49 16) (12 2 54)
71: 2 49 57 (30 74) (34 35) 89 (97 45 69 84 6) (24 100 25 44 73) (72 54) (23 78 58) (47 59) (90 22 76 93 80) 70 3 (37 51) (21 60) 7 (48 75 15) (82 13) (99 95) 71 10 (29 87 79) 27 91 (85 19) 68
72: 82 6 24 49 55 (95 91 19) (27 13) (60 79) (73 80 93) (56 45) 10 (100 33 11 65 37) (70 8 81 96) 43 88 58 84 (48 20) (98 47) 3 75 (14 23)
73: 70 36
74: 9 33 (57 54 73) 16 (26 95) (49 85 37 18 86 46 58) 55 53 (51 71) (39 28) 91 (75 96 60 76 67) 94 (15 6) 90 (83 77 34) 17 (24 79) (87 30 44) (35 29 13) 8 93 (59 36) (72 92) (99 12) (68 74) 43 47 78 42 (82 66) (45 20 7) (63 48) 23 (80 27) (31 100 3) (1 10) (61 41) (25 97 84 62) (5 56 88 32) 38 (4 64 69) (19 21 2 50 40 81) (22 98) 11
75: (59 45) 83 44 82 (6 69) (13 60) 52 (31 40 73) (29 30 32) (55 84 64 99) (80 38) (42 61 90 93) (43 26 88 92 5 12 9) (18 16 76) 96 (66 11) (35 89 33 81 4) (25 68 1) (56 23 54) (2 87 46 95 24) (57 75 36 47 8 72) 10 17 70 (62 53 63 74) 86 20 28 (14 77) (97 67) 39 (37 15) 85 41 (3 100) (50 21 78 71 98 27) (91 65) (79 19 34 22)
76: 2 (80 36 26) 70 (57 92 68) 58 19 81 (85 87) (95 62 53 18 33) 41 54 (83 89) (23 14 84) (48 65 15 7 79 32 39) 69 (43 52 47) (55 71) 10 (82 96 11) (60 78 12 44) 77 9 31 (67 61) (51 72 97 64) (21 45 50) (66 29) 59 (28 88) 91 99 (24 37) 93
77: (84 58 70) 91 98 (23 78) (96 46) 56 (6 32 95) (94 5) 89 (86 52 97 2) (17 9 43) (16 64) (49 20 99 53 76 21) (28 35 44) 100 11 (36 57) (71 40) 92 87 81 (85 41 74 3 38) (93 30) (77 29) (61 42 80) (79 90 50) (19 39) (12 65 13) 27 60 66
78: 90 (48 22 47 20 3 75 46 64 70) 92 (100 58) 9 (72 73 1 13) (32 21 33 37 44) (10 38) (55 34 99) (40 53 29 85) (27 41 87) (16 60) (31 63 93) 6 (68 69) (42 76 14 2) 89 (54 50) (18 19) (61 74) (36 96 24 59 11 71 8 12 35 4) (67 7 57) (43 15) (49 95) (88 84) 62
79: (4 79 63)
80: 78 (40 62) 68 61 (25 52 11 2 32) (44 59 38) 19 27 (70 71) (95 16 74 81 83) (80 15 4 86) (8 3) (49 37)
81: (63 84) 32 (9 95 13 89) 4 93 (91 99)
82: (16 28) (78 58 86) (52 87) 40 68 63 (54 95) (9 70 22) (8 2) 89 (26 53 21) (83 72 98) (37 85 13) (79 23) (30 74) 3 20 (18 93 91 99 76 1) (14 64 35) 41 (81 19) 96 75 (45 44 31) 69 (11 15) 88 57 (94 43 55 97 24 42 17 59) 60 (49 25) 77 (36 82 10 46) 73 (4 27 80 33 5 12) (34 7 6 51 61) 38 62
83: 48 (59 58 5) (82 17 79 65) (71 91) (35 18 87) 41 (9 60 83 29 14) (31 40) 30
84: (91 82) (8 97) (74 41 56) 58 92 (11 24 33 10) (77 85 50 67 37 3 52 43 28 45) (66 29) 65 (89 20 79) (53 70 55 22) (2 60) 87 (21 17 18) (80 14 90) 72 68 48 (64 9 27 30 81 93) 34 94 (51 31 76 100 71) 32 83 (1 7 19 78) 57 (98 25) (26 13 88) (54 99) (4 42 44 49 39) (16 59) (62 96 95) 46 (6 69 40) 38
85: (24 81 78 15 96 66 79) (38 28) 37 (46 92 48) (13 1 22) (71 10 63) 2 (17 60 3) 5 98 (20 40 88 80 47) 25 (56 49 64) (76 93) (45 32) (91 87 12) (58 41 83 90 43) (6 61) (16 59 26 21) 70 7 (9 77 55) 27 (54 14 35) 72 89 (8 50 82) (84 86 62 65 68 52 36 69) (42 53 39) (44 18)
86: (65 77 1) (14 9) 60 (90 67 58) (5 87 6) 41 (29 80 37) 57 (66 84) (38 10) 62 (7 40 31) 56 18 (99 8 25) (93 2) 24 95 (70 21) (89 63 81) 46 36 (64 59) (27 26 47 53 79) (83 13) 74 (22 11 97 34 96 94 88) (33 16) (23 4 17 45) (32 69 44) 28 98 76 92 (20 71 12 52) (19 86 15 54 68 43 30 72 39 3 55 85 91)
87: 48 41 58 (22 44 43 78) (34 55) 98 19 49 (91 2)
88: 3 (94 55 24 36 20) (59 77) 53 (66 29 51) (62 13 23) 2 79 57 (61 9) 65 67 (22 86 28) 26 (74 82 47 38 42) (100 58 31 19 99 90 71 69) (96 46 49 64 81 15 41 6 45 70 91 68) (56 37) 85 (17 27 44 33 7 97) 84
89: 80
90: (91 32) 3 (36 81 55) (38 49 5 75 15) 34 72 41 (89 92) 88 12 (20 58 31 37 47) (67 78 6 59 96 24) 43 (17 76) 98 56 (62 30) (2 51 65) (64 35) (7 13) (16 54 50 48 95 8 22) (79 86 9 29) (28 14 39 11) 87 27 (23 71 94 69 84) 66 85 (97 80 61 83 70) 40 74
91: 57 (66 75 51) (73 4 5) (41 99 82 100) 49 30 (58 72 27) 35 (32 25) (14 24 54 48 16) (88 29 13 37) (42 76 89)
92: (4 90 47) (68 38 41) 5 (11 30 20) (21 1 48 6) (49 22) (87 52 17) 19
93: (69 5) 40 (1 10) 96 39 81 (91 58 27) 72 (47 56 31 95 38 11) 7 (97 78) (89 64) (30 61) (88 8) (42 99 60) (4 85 37) (20 9) 82 77 71 (18 16) 28 80 (48 63) (46 19) 93 51 (17 98 66 12 14 84) (52 50) (53 34) (65 15) (35 70) 59 36 (94 87 74 49) (26 41 54) (100 2 25 3 21 92) (86 24 23 62 6 45) (83 68 67 32 76)
94: 52 (100 7 6 45 8 78 80 54 25) (20 44 60)
95: (61 87 35) (15 9) (92 26) (85 58) (16 1) 32 23 13 73 80 (100 90 4 40 86 34 45 88 29 59) 57 (14 96)
96: (51 90 67) 79 88 (33 6 18) (48 71) (14 43) 63 23 (61 27 26) (99 82) (34 5) 55 (57 45 12 98)
97: (59 68) (18 36) (1 35) (29 82 17 72) (5 80 6 11 55) (79 12 74 97 62 3) (69 41 61) 63 (53 87) 65 (66 28)
98: (83 62) 16 (58 93 37 55) (89 12) 98 19 97 (7 8) 32 (50 1 46 2 33 5) (80 23 14 10) (78 95 96 84 26)
99: (29 17) (96 52 91 69) (21 65 25 73 42) (45 84 78) 61 50 (13 64) (20 100 76 49) (98 71 43 27 70 88 58 48 26 94 7 55 4) 31 (89 53) 83 24 87 (35 79 57 8 38) (51 3 66 97 9 82 11) (10 77 16 99 56 23 30 86 81 62 74) 34 36 (40 72) 12 90 (15 80 18 37 6 2 46) (14 19) 75 (41 47 60 59 33) (22 28) (93 39 92) 68
100: 41 36 (66 48) 74 42 100 (35 31) (45 67 55) 26 (61 28 17) 3 22 (63 78) 53 33 54 52 85 89 (99 29) 39 (11 75) 77 (50 97) (32 15) (49 88) (65 8) 16
1: (58 8) (34 30) 35 (9 1) (78 65) 95 (69 97 44 12 98 68) (46 82) (92 18 84) (31 85 27) (47 61) (21 17) 75 (74 40 86) (64 45) (16 54 43) (7 2) (63 49 67 93) (28 41 42 59 15)
2: 11 65 (46 78 77) (57 90) (82 68 40) (8 2 93) (63 30 34 56) (85 75 21) 88 (80 5 61 41) (16 76 71 37) 84 (98 62) 1 49 (99 28) (70 43) (24 35 13 87 74 64 45 59 6 44 69) 86 42 (50 9)
3: 10 (90 58) 66 69 (12 44) (51 16) (5 11) 84 (26 47 46) (71 68) (45 99) (49 17 63) 25 (78 54) (97 85) (19 52) (1 31 93) (41 27 59 75 100 35 74) (40 30) 57 2 (82 43 6 80 88 18 53) 86 (77 64 72) 22
4: 1 (40 45) 16 (93 50) (9 63 28 56) 95 (86 92 44 35 64 43) (18 21) 99 (23 57 2 34 59 8) (69 91 49) (82 5 19 22 80 78) 81 (84 79) 55 74 (54 27) (17 66 68 75)
5: 82 (98 85 28) (75 92 21 33 83) (22 51) (68 11) (63 59) 2 24 18 (17 54 90 58 50 35 65 53) (8 41) 96 44 1 (86 42 74 77) (39 91) (69 97) (6 31 45 40 16) (64 27) (93 56)
6: (18 77 8 43 96 69 90 84 50 72 78) 51 (13 63) 88 74 (85 67) (16 36 6 71 59) (41 82) 94 (64 60) 75 58 44 33 (30 42 28) 40 (92 19 45 27 65 86 56 35 97 54 1 99) (93 23) 17 68 2
7: (22 64) 5 93 63 71 61 (48 10 34 85) (54 23 98 27) 88 (35 65 90) (69 86) 74 (78 2 24) 26 (57 30 12) 76 (94 53) 29 (99 44) (82 36 58) (68 17) (16 21 1) (59 45 84 19 66 41) (67 40 49 43 15)
8: 1 18 (82 51 80 69 74 63 59) 27 (68 26 35 100 49 64 5) 40 46 (85 17) (98 15 19 8 94 50 42 13 14 93) 30 24 66 (75 57) 37 (58 22 90) (44 36) 16 (34 43 78 72) (45 21) 84 41 (31 86 54) (99 6)
9: 8 (51 62) (68 45 78 56 19 86) (69 41 30 54 83) (35 12) 40 5 6 (50 1 60) 82 (44 16) (2 77) 43 (64 75 99 34 22 93 49 3 88) 74 (81 10) 36 (23 17) 76 33 (18 63 59) (95 84 27 85) 90
10: 43 (1 19) (70 40) (18 98) (41 76 78 59 47) (16 84 35 64 74 63 69 17 27 34) (82 44) 66 (5 10 54 72 23 39 46 58 99 93) (26 30) (60 28 71) 75 45 21 (51 85) (52 86)
11: (93 76 5 12 90 82) (6 52) 27 (57 30) (36 72) 80 44 (97 65) 77 50 (55 67 43 10 75 31 68 34 74) (17 84 45) 29 (1 100) (56 18) (66 40) 2 (64 69) 42 (58 37 16 63 59) (24 3) 35 (92 99 41) 26 (86 78)
12: (26 43 16 63 74 76 40 34) 36 54 (49 90 82 12) (35 70 96) (8 17) 41 (64 75 85) (23 59 97) (93 10) (66 44 99 86) (30 31 47 45 98) 22 (77 58 28 1 6) (51 78 68) 69
13: (9 88 5) 99 (46 85) (17 18 30) (72 82 22 75) 84 86 47 (54 44 35 23 58) (57 77 28 1 66) (63 51 78 41 67 59) 16 65 (71 6) (13 68) 2 (4 10 91 8 81) (21 69 45) 43 64 95 27 36 33 (90 74)
14: 2 (63 93 28) 91 (76 66 40 18) 65 58 90 (86 9) (72 78 98 99) 44 (37 41 54 96 5) (83 31 84 30) 64 43 (85 46 27) (57 1) (22 68) (10 8) 69 (75 19) (17 95) (82 59 42 16 35)
15: (64 100) 45 43 35 58 9 (78 85 18 74 47 41) 90 (82 68 80) (46 86 69) (2 61 16 71 8) 54 5 63 (93 34) (95 99 39 57 42 6) 88 (40 76 17 75) 60 1 (10 22 27 11 44 31) (59 66)
16: 27 (5 100 6) (63 18) (47 84 37 28 59) (86 46 42 93 95 60 80 17) (85 16 54) 82 (69 68 70 75 78) (24 11 44 35 40) (64 45) (49 74) 77 91 32 (56 1 41 39 19) 99 (98 30) (34 43 90) (21 38) (2 36 22)
17: (75 37) 6 (51 77) (97 17 16 35 28 74 2) (53 54 82 44 83 85 40 5 41) (47 86 64 60 99) (27 56 88 22) (63 84 49 68) 34 (4 92) (43 100) 26 93 (57 23 58) (90 69) 59 21 1
18: (74 34 75) 3 (17 86 59 5 1 35) (96 54 37 57) 45 43 (39 30 85 84 64 4) (53 97 21) (69 65 49) (63 82 66) (22 12) 24 (60 29) (42 28 76 44) (93 83) (18 55 14) (99 78 47 68 16 31 40)
19: (54 41 59) 98 (12 11 1) (44 5) 93 (71 82 78 99 34 51 22 47) 84 (92 86 76 31 75 63) 68 87 69 (2 27 43) 64 (77 80 65) 67 72 (55 57 16) 9 45 (35 46) (17 74 88)
20: (90 28 66 57) 5 75 99 (54 27 40 41 72) 22 (34 49) (68 17 84 6 23 30) (82 2) (33 25 18) (77 16 78) 47 39 (35 85) (58 42 29) 63 64 74 (21 46 92 93) 88 (94 44 59) 1 (86 43)
21: (59 21 34) (18 8 40 68) (11 64 85) (28 77) (69 92) (47 19) 78 (22 12 60 48 31) (51 41) (3 36) 25 (10 37 7) (76 54) 17 86 (27 43 50 35 82) 9 (16 66 84 74 93 1 75 71) 2 99 42 44 63
22: (22 27 33) 31 28 (67 64) (86 78 35) (25 63 92 45) (46 69) (42 82) (100 19) 85 90 (74 2) (29 18) 5 41 40 (88 68 1 24 87) (75 99 84) 44 43 36 (12 26) (34 50 9 39) 53 (54 16) (37 71 17)
23: (27 58) 64 (93 20) (74 88 37) 12 (90 47 51) (63 21) (17 86 33 6 65) (59 99 98 41 67) 68 (72 82 35) (45 75 49) 5 (36 71 11) (30 44 40 69) 16 76 (43 25) 22 (8 57) (26 96 95 1 77)
24: 93 (60 10) (64 17 32 66 57) 90 51 (27 68) (46 82 43 54 71 55 7 16 91 44 11 22 86 74 48) 67 (63 40 28) 8 (58 75 41) (47 29 69 5 35) (1 84) 99 78 (85 72 59 88 65) 76
25: 25 (80 19 24) 99 10 12 74 (68 30 17) (86 75 47 61 71) 27 8 (67 35) (91 37 16 43) (21 39) (85 18) (28 9 93 2) (42 48) 34 (84 50 94 44 82 23 60 1) 69 (63 40 57)
26: 35 10 (41 30 43) (88 57) (16 50) 45 47 84 (69 40 74) (28 25) (1 64) (98 67) 44 27 (85 34 66 86 5 51 12 55 22 17) (63 93 100 99 82 59) 96 75 (76 95) (68 49 36) 54 8
27: (48 96) (32 9 72 93 16) (47 19 86 59 24 77 25 41) (75 54 43) (18 74) 91 (80 85 53 44) (68 34) 39 57 (1 17 82 78 35) 67 28 45 (88 2) 22 (31 99 63) (42 8 26) (84 90) 66 (40 27 69 71 64 5)
28: 42 88 (100 44 54 84) (30 55 59 27) 25 (41 77) 16 (68 69) (40 5 33 19 66 97) 45 2 10 (22 64 12) (28 47 26) (43 31 1) (74 8 93 86 21 35 99) 51 (82 76 18 17 90) (85 75 63)
29: 75 (2 9 36 21 23 68 22) 74 97 (35 17) 55 83 (26 16) (95 46) (56 6 84) (99 10) (88 69) 91 (41 27) (59 58 12) 47 (86 76 77 44 64 90 1 5 54) (49 100 78 40) (65 71) (43 13) (63 42)
30: (45 5 23) (42 92 37 47 11 84 16 69) 9 (41 63) 44 57 (10 71 66 74 64) (39 22 75 99 18) (27 59 90 43) (26 86 93 35) (68 83 50 12) (28 54 6 1) 82 91 77 (15 48)
31: 86 (49 57 75 28) (99 46 63 83) (5 20 27 15 24 36 22 8 64) (43 59) 40 44 (35 1) (90 11 74 37 82 93 76 26) 68 (78 9 10 56 84 16 17) (47 88) (69 19) 45 (65 12) (100 52 66)
32: 68 (36 50) (33 46 100) (60 76 7 34) (80 5) (59 3) (69 91 55 43 74) (1 84 98 86) 49 (27 26 78 18 41) (32 66 28 85 21) 19 77 (57 62 40 42 12 56) 9 24 (47 35 75) (2 93 90 16) 95 (63 31) (17 81)
33: 1 (8 96) (69 98 41 59) (39 68) 62 26 (42 49 30) (45 46 72 82 36) (100 76 21) (27 5) (56 64 16) (19 12) 66 (67 86 74 28) 75 57 (54 22 34 40) (78 6 99) (44 23 43 88 15 35) (11 29 18 24 84) 50 60 63
34: (64 28) (32 42 40) (22 20) 43 87 (34 44) (9 78 14) (68 16 27) (31 95 41 59) (46 84 99) (93 8 57) (96 5 90 1 30 47 45) 19 12 54 (39 63) 35 (74 2) 71 (75 11 17) 51 (69 26 86 82 49 36)
35: 100 18 85 91 (34 26 41) 27 (25 69) (30 24 54 93 19 31) 83 63 (59 75) (21 39) (78 97) (33 67 49 64 40 71 74 99 44 23 77 9 5 16 68 22) 4 2 90 (95 35 1 82)
36: (25 45 99 56 31 47 76) 59 44 78 (97 73 93 75) 63 17 (51 34 5) (39 35 14) (1 90 9) 21 68 (41 85 12) (100 74 54 16 30 43) (77 88 27) 40 65 64 (82 55 24) 86
37: (11 91 64 74 84) (71 19 88 43 5 22) (50 44) (68 76) (61 35) (98 59) (10 90 75) 51 (85 40 18) (63 23 26 46 66) (45 32) (30 6) (16 2 27 99) 69 (78 72 15) 12 (1 54) (56 20) (47 17) 82 (37 80 42 93) 86
38: 34 (63 59) 47 6 (75 84 78) 69 (2 24 86) 26 57 (44 8 90 41 40) (99 17 25 37 92 82 30) (43 12 22) 35 (50 45 54) (31 88) (27 1) (85 55) (11 74) (64 9) (77 16) (52 42 5 80) 68 93
39: 11 19 45 (85 17) (41 99 44) 30 (38 65 64 49 84) (93 58) 100 (36 54) 57 69 (1 75) 40 43 (90 8 32 42) 66 (86 60) (53 68 35 34 16) (37 74 76 22 31) 77 33 59 63 (28 2)
40: (30 41 77 40 31 65 32 59 44 24 34 5 33) (93 43 54 21) 74 (75 64 23) (83 17) (16 68 12 84) (4 85) (10 80 45) (28 27 42 22) 47 90 (95 18 99 35) (78 51 57) (82 50) (39 1 86) 66
41: (75 28 42 77 76 41 86 37 46) (66 84) (57 68) 43 47 78 (22 85 83 91 44 92) (64 8) 5 (40 59) (16 90 88 27 69 34 18 17) 61 (93 12 6 87 55 97 33 63 30 60 49 35) 82 (24 99 9 100 54) (19 74 45)
42: (47 59 11 8 12) 99 (33 85 46 88) (74 65 30 13 51 28) (5 49) (16 25 93) (17 40) (66 63 32 10) (31 78 41 9 57 100 91) 18 (84 2 64 54 77) (75 3) (69 60 42 24 68 44) (82 43) (35 19 1 27)
43: 54 (53 34) (63 75 51 24) 20 (45 99 57 21 96) (22 11) (44 77 59 16 50) (74 90 72 64) 41 (58 76) 18 6 (1 86 35 40 84) (2 39) 27 85 (28 43) (66 48) (12 68 37) (55 17) 69 47 (42 5) (87 78) (10 30) 82
44: 94 85 (64 74 16 5) 43 2 (63 30) 68 (59 46 54 88 77 24 15 34 7) 69 (50 78 80) (87 82 23) (35 47) (45 71) 86 22 17 57 (58 40 1 75 29 28) (21 6 26 84 44) 76 (9 27)
45: (16 42) 64 (100 31 51) 14 (11 48 1) (46 22 99 40) 43 (44 25 47 72 50) (12 59) 6 82 (28 63) (84 18 30 26 19) (96 21) (49 75) (27 35 57 5 45 58) (95 29) (71 54 86) (69 85 93 76) (2 68 74 66 94) 88 (65 17 10)
46: (82 27 28 55 78 14) 53 93 (74 16) 54 69 43 (86 88) 77 (64 47) 30 31 50 (44 37 39 59) 57 (24 5) (51 17 99) 1 75 10 6 40 (68 98) (2 45) (35 11 38 85 63 84 26)
47: (86 3 93) 71 (30 99) (66 11 67) (85 43) 10 36 (17 68) 72 6 75 (12 44) (63 59 23) 35 78 (57 21) (33 56 1 40 18) 74 (45 19) 69 (54 38 76 28) (20 4 26 42) (32 41) 90 (64 16) (92 88 27 52 58)
48: 49 66 (64 100) 87 69 23 96 (30 2 17 59 32 5 78 40 42 50) (16 11) (55 91 1 76 92 74) 57 21 (68 34 18) (10 19) 72 (12 93 85) (41 35) (45 90 84 44 54 63) (83 20 43) 71 27 (22 99)
49: 22 (40 70 68 8) 60 (90 85 34) (88 32 27) 46 (17 43) (87 42 64 6 91) (51 61 18 99 59) (56 100 54 77) 28 37 (35 49) 47 (5 92 24 93 29 82 80) (23 78 74) 84 (57 71) (72 58 69 44 30) (16 1 63) (3 41)
50: 35 44 16 (74 27 85) (64 76) (45 10 63) (8 11) 61 (58 17 9 1 68) 30 (98 34) (40 28 19 43 57 84 69 2) 75 (12 59 54 56) (18 77) (99 49 100 93) 41 5 33 (51 36 42 60 78) (90 21)
51: 24 18 (96 71) 68 (11 84 43) 50 (51 76) (39 8 91) 44 (69 30) (46 28 45) (88 25) 34 (93 32) 82 99 1 5 (16 66 64) 26 65 (74 54 36) (40 41) 90 35 63 19 17
52: (8 5 22 85) (65 66 84 80 17) (25 64 26 41 9 63 19 45) 76 82 (28 30 35 68 99 92 3 43 34) 1 (51 49 59 12 94) (44 16) (40 100 75 58) (27 69) 86 50 (54 33) (93 57) (77 2)
53: (97 99) (51 82) (2 88) 1 (12 85) 46 (20 43 84 30 75) (36 35 78) (76 23) 54 (29 16 77 26 27) 47 31 (8 66 56 41) (4 45 57 6 59) (63 28 68) (74 93) (69 100 5 65) 86 (64 34) (18 24 44)
54: 42 (91 84) (9 19 66 11 40 82 78 68) 71 (29 30 69) (28 86 55 44) 85 46 (24 21 16) (35 8 57 74) 61 45 (37 43 100 36 47 65 17) (59 64 76 18 90 70 27 53) 41 (63 23 93 54 1 94 75) (12 2) 31
55: 42 (90 24 18 20) 27 (86 44 35 72) 75 99 46 (68 9 30 41 97 32 74) (47 78 5 58 98 85 59 17) (88 45 63 64 100 43 11 22 34) (8 61) (54 10) (82 2 19 25 96 87) (55 1) (16 84 69 76 56) 65
56: (14 2 69 16 9 26 22 93 27 86 63) (28 99 68 1 45 84 47 85 61 17) 66 (53 64 3) (52 10 54) 57 (59 75) 43 (40 72 74) (77 42) (46 88 35 90 44) (41 11 8)
57: (96 82 47) 57 (43 16) 71 95 (23 36 12 84 41) (40 91 35) (22 27 17) (60 42) 44 (88 76 77 1 10) 75 (99 5) 28 (32 69 74 64 45) 59 34 (24 65 2 63) (78 86)
58: 71 (13 21 43 65 90 34) 69 59 40 (83 51) (60 98) (68 46 77 41 88) 24 (17 30 50) (63 74 33 95) (85 45) (57 91 72) 78 (1 99 76 27) (64 35) 54 93 (16 25 87 86 5) 44 36 (84 82 2)
59: (84 1) 6 38 31 (40 5 43 45 80 27) 69 (88 49 95 57 97) 86 (71 8) (2 54) (78 18) (74 41 75 9 37) 63 (83 82 34 93) 85 25 99 (59 65) (16 44) (35 47 28) (76 39) (42 90 66) (68 19)
60: (5 75 57 78) (21 83 67) (84 31) (40 9) (1 76) 41 45 8 46 (59 53 30 82 2 68) 64 (72 94 86 77 51) (85 42 99 54 34 18 60 50 49 56 36) (93 71 16) (63 74 35 11 69 43 27 44)
61: (60 24 8 93) (44 36 96 63 16 65) (43 2) (58 46) 45 (85 82) 17 (37 95 47 54 68) (77 18) (90 99 69 40) 12 1 (41 74 50 30 14) 97 (75 25) 100 57 39 23 (76 27) (78 64) 80 (51 88 66 22 35 49)
62: (44 99) (93 69) 74 (84 17) 97 (39 85) 58 98 (18 34) 46 21 (45 68) 22 60 (36 43) (82 30 88) 9 (23 53 90 5) (86 40) 12 (59 76 16) 63 (24 64 80 28 8 78 2 35 41 47 75 27 38) 1 14
63: (34 96 82 69) 59 (74 58 6 31 19 57) (93 97 64) (47 79) (16 44 12) (50 35 1) (28 43) 78 (45 51 2 100 22) 40 (75 68 21 30 63) 18 85 8 66 54 (36 39 81) 49 86
64: (75 84) 35 11 (78 24) 12 (69 39) (46 19) 16 (34 2 65) (85 33 68) 88 28 (17 18 63 1 47 22 50) 59 (45 64 43 5) (37 99) (86 52 82 77) 58 57 (76 74 44 56 66 41 93) (54 27 9 90 8)
65: 1 55 (16 18) (43 99 97 36) (83 8 20 22 77 34 9 17) 90 (47 100 40 44) (5 54 45 27 63) (76 59) (30 2) (35 85 93 64) 33 (10 41) 14 (3 69 88) 72 60 (49 86) 68 (75 84)
66: (16 25 99 39 44) (64 54 34) (5 75) (43 59) 84 90 69 (88 76) (35 2 12 60 37 97) (38 77 40 91 1 100) (62 51 93 85 17) (30 36) (8 22 74 27) 68 49 86 57 41 19
67: (59 84 45 56 96 47) 19 (5 8 27) 23 (42 54 18) (63 86) 40 (35 64 43) 1 (75 69 67) 66 (65 50 76 12 78 88 22) (41 90) (60 93) (34 68) 28 (44 17 33 16 74) 10 58 (25 100)
68: (88 68 76 58) (15 57 31 17 82 85) 2 27 12 (34 84 78 41 30) 16 (23 10) (92 22 99 93 63 45 71 59 64 4 97 66) 56 (86 35) (40 43 46 42 69 80) (32 74) (44 75)
69: (97 43 6 90 10) (69 16) (41 76 22 35) (18 47 34 82 17) 64 (75 2 54 59 27 57 45) (29 85) (51 88 68) 42 63 (20 86 74 84 93) (99 5) (31 49) (40 1 44 11 50 78) 28 71
70: (2 93) 73 (4 77 64 57 68) (35 17) 23 22 (50 69 43 30 82 9 56 41) (61 72) 40 28 (8 85 34) 63 (99 90 86) (76 78 84 18 5) 54 (88 55) 51 (75 19 44 71) (58 46 80 16 27)
71: 16 (64 63) 96 (80 5 17 28) (2 90 86 88 1 69) (84 25) 45 35 58 99 41 (30 18 68 43) (6 85 77 75 21) (74 93 57) 76 22 (44 42) (10 50) (71 78) (83 12) 27 (40 54 59 49)
72: (57 10 35 82) (71 43 46) (99 63 32 17) 86 (8 36 34 76) 78 (51 28 16 50 45) 90 (41 93) (5 59 42) 44 75 (66 40) (49 69 54) 84 (14 74 1 91) 68 64 47 (55 97) 85
73: 78 (42 54 43) 99 (22 40 91) 16 (46 9 63 35 27 71) 68 (28 72) (75 59) 82 (18 69) (50 44 57) (74 1 17) (31 66 45) (5 65) (2 64 51) 95 21
74: 54 (71 42 8 31) 30 (47 52 43 84) (44 25 90 99) 12 (86 77) 68 (40 11 75 24 16) (64 27) 28 1 100 (35 88 10 74 18 15) 60 (93 26) 78 (80 45) 97 (2 69 65 5 82) (34 41) (61 22 59) 9 17
75: (43 33 75 64 51 78 28 17 91) (63 3 29 90 82) (35 49 2) (16 40 99) (67 72 11 46) (50 59 57) (39 1 15) (18 20 36 45 44 74) (21 100 8 23 66) (37 68 69) 31 71 (22 30 12)
76: 75 (90 2) 1 (52 46 30) 93 21 (28 91 64) 57 10 (54 34 44 8 27) (31 51 59) (45 74) (71 40 66 19) (32 55 47 49) 42 37 (15 77) 17 (35 68 85) (69 5) 29 82 (86 23) (84 18 78 16) (99 63)
77: (64 75) (60 42 84 21) (36 5) 17 (34 69 86) 58 (18 35) 88 1 (16 40) 12 28 (59 10 76 99 85 77 93 63 66) (23 68 74) 27 (41 8 56 15 82) (44 50 22 11) 57 20 (62 54 6 45 100) (29 9) 43
78: (69 30 18) 68 (31 41 47) 94 (80 87 58 2 64 59) (5 74 63 44) 53 (60 42 75 98 17 10) (71 8 12 21) (76 85 93) 34 84 16 52 (43 99 35 49 40 9 51 27) (1 82 77 54) (90 7) 100
79: (86 44) (71 64) (57 77 75 11 16) 30 18 (34 67 83) (85 76 97) (45 84) 10 (79 65 82) 54 74 20 (96 72) (22 28 17) (68 40 59) 47 41 1 (33 21 99 43 69 35) (27 88) 42 (31 90) 2
80: (6 34 84) 95 (86 17 72) 58 (94 42) 35 (90 41 93 48 5 49 40) 59 (71 75 51 11) (36 64 22 8) 77 (44 97 45) (80 30) (2 63 10) 16 74 (69 1 32 98 66 21 31) 85 76 (99 65) 82 89
81: 74 (22 40) 85 10 (75 48) (8 1) 19 (54 93 45 44) (77 76) (72 34) 16 (69 82 63 47) (18 41) (3 80 90) 99 39 5 (64 17) 35 84 (49 68) (36 65) (88 27 6) 66 50 12 43 86
82: 6 42 96 91 47 (18 19) (22 72 39 63 93) (56 88 30 17 83 5 82) (49 41 46) 44 43 68 40 65 (11 64) (24 99 53 76 1) (71 66) (54 57 97 84) (51 35) (61 75 16 36 59 69 85 74) 8 27
83: (17 1 84) 56 82 (83 76) 57 (36 90 80 28) 46 85 (61 48 6 12) (33 99) (25 86 45 19) (42 2 18 16) (27 9 8 41 74 49) 93 21 (98 66) 54 35 (69 63) (30 34) (75 58) 64 (43 40 44) (68 59 23 5)
84: (45 75 74 7) 88 46 71 43 (30 16) 27 (37 41) (93 1) 99 64 (90 15) (17 9) (76 98 18 54 33 68) (81 65) (63 77) (58 85 59) (44 22 10 47 40 69 56) (34 86 78) (28 31 2 72 35) 8
85: (93 41) (69 58 12 84 1) 17 (36 76 2 43 6) (10 51 8 34 75 77 95 50 88 78) 71 (100 5 82 60) 68 (35 25 4 55 24 54) (20 74) 66 16 (90 33 30) (65 57) (27 40 64 18 59 63 9 44 23 21) 86
86: (66 16) 18 (2 41) (53 50 95) 54 (35 64 88 51) (40 74 43) (65 27) 77 31 86 23 (59 45 68 1 57 34 12 9 47) 99 (63 10 93) (75 22 17 85) (49 14) (82 80 42) (30 28) (90 32) 58 55 (44 69)
87: (95 31 44 84) (64 24) (68 28 83 29) 66 41 (27 93 54) 17 57 71 (90 69 34 65) (99 76 16 11 58 21 45 77) (63 75) (40 92 78 50 97) 55 (1 30 85) 5 (74 86) 9 26 (82 35)
88: (100 46) (10 99 69 96) (34 78) (62 68 43 72) (30 12 64) 65 41 1 (17 28 91) (44 27 85) (90 9 60 59) (24 75) 74 (76 95 19 84) 16 (40 8 57) (35 82 51 23 50 63) 39 86 (29 54) 45 (93 22) 18
89: (51 85 98) (60 84) 69 (5 27 90 17) 56 81 20 (68 12 63 99 75 44 37 9) 66 46 (45 42 58 2) (30 57 18) (76 23) (16 28) (6 93 35 78 91) 19 65 (43 40) (29 21) (86 59) 77 (100 55 7) 1 82 71
90: (71 2) 75 (30 33) 17 (21 60) (68 43 99) (31 92 25 18) 69 (42 12 57 44) (28 84 77 1) (95 41) 85 6 (74 54 22) (35 34) (47 45) 86 40 (49 64) 66 16 (27 63 24) (78 65 96 88)
91: 2 (19 42) (5 69) 46 17 14 (43 63) (58 85) (50 99) 84 33 (22 1 8 74 49 40 82) (57 88 87) (86 81 24 27 75) (16 71) (34 4 45) (64 11) (47 59 83 72 10) 68 (7 28) 65 (76 66) (77 90 44) 41 54 (35 93 61)
92: (85 95 42) (74 17 53) 5 (26 86 18) (67 36) (44 43 7 76) 56 41 (75 20) (3 84 57 78) (21 37) 99 93 16 (60 69 59 27) (54 77 90) 6 63 40 (1 9 35 68)
93: (81 1 65 76 69) (42 53) (56 54 38) 10 (68 43 72) (49 78) (9 21) (45 75 85 57) 99 40 (30 6 28) 33 (31 41) 22 63 (59 55) (20 71) (44 62 12 84) (34 82 37 64) (98 17) 74 35 86 93 (77 36) 16
94: (21 37 43 90 44 9) (57 88) (82 52) 2 34 (48 19) 93 (22 59 27) (84 28) 40 (5 17 45 11 42 47) (63 69) (74 58) (64 6) 77 (12 86) 3 16 (36 54) (49 7 23) (18 68 35 99 14 30)
95: 53 (75 65) (81 57 72) (54 55 82) 98 (86 69) 71 (33 11 78 1 17) 64 (93 31) (37 2 90) 44 (63 38 84) 14 (51 8) (35 50) (59 46 66) 5 (80 27 30 68 77 56 18) 45 41 (43 74 34) (16 76)
96: 41 (2 35 31 77 22 17) (21 34) (68 63 57 58) (19 45 16 72) (28 12 1 55 24) (66 86) (5 88 51 42) 78 (76 99) 90 (60 26 98) (69 54 30 65) (95 84 49 18) (33 56) (36 44) 27 82 (85 64 74 75 93 59)
97: 9 (12 71) 39 (27 86 98 18 69 82 54 77 16) (42 47) 5 (75 64 43 88 93 34 68 44 37 10) 97 (76 1 41) (35 100 84 45 99 22 40 31) 59 74 51 (30 63 90) (17 58)
98: 74 (75 96 18 84) 35 72 49 (68 47 98) (41 44 51 86 77) (85 21 33) (82 43 22) (16 34) 69 99 (10 63) 58 (2 19) 52 (1 54) 45 40 (64 17) (87 93) (90 46) (23 60)
99: 63 (57 5) 100 (17 12 42 45) (91 51) (13 88 77 16) 78 36 (93 86 67 84) (54 44 82 69 56 71 28) 96 1 (25 59 75 64 21 8 41 35) 76 9 68 (2 34 43 74) (40 53) (81 65 99 27)
100: (93 2) 6 8 40 (41 63) (55 9 44 56 77 21) 16 95 (69 27 18) (22 91) (88 74) 28 54 75 10 5 72 59 (49 71 26) (94 84 99 100) 17 (65 64) (42 37 30 68) (1 43 78 46)
