80 80
1: 73 25 17 55 16 53 72 20 51 27 33 29 70 15 35 40 67 39 47 13 61 57 64 22 30 4 68 8 74 48 10 6 71 49 45 24 5 75 66 42 56 34 60 19 62 52 3 58 59 7 54 37 32 12 23 28 80 50
2: 24 78 1 10 47 17 30 29 16 48 63 53 57 44 64 14 75 3 74 32 6 35 60 68 33 34 52 27 23 19 5 58 65 4
3: 22 42 48 36 41 2 24 34 45 56 53 73 33 49 9 23 77 72 65 69 19 10 55 57 50 54 32 47 18 71 8 12 43 14 27 26 70 38 1 51 7 29 35 16
4: 49 56 67 24 42 2 38 54 12 51 72 1 60 76 32 44 69 59 57 70 36 9 8 46 37 10 71 73 15 27 17 58 74 35 33 50 63 40 48 19 18 68 4 5 31 6 11 52 62 30 64 75 78 66 14 13
5: 58 72 73 78 24 22 34 12 65 50 52 32 53 16 55 8
6: 76 37
7: 48
8: 53 26 48 16 59 30 22 73 33 31 17 12 25 37 14 27 23 6 63 3 49 47 52 11 15
9: 60 20 66 74 54 35 70 80 62 1 78 15 63 34 37 56 24 57 29 76 19 6 42 73 53 45 2 12 55 77 69 25 61 14 13 26 49 22 11 39 17 58 4 23 16 72 47 41 5 44 18 64 9 65 31 71 38 7 32 68 27 59 36 75 67 50 79
10: 35 75 12 49 66 10 21 74 54 70 63 8 7 76 1 77 72 62 25 14
11: 80 42 25 66 69 4 52 32 55 6 51 72 35 31 54 17 67 76 57 12 56 71 64 10 7 78 39 3 24 63 21 14 40 26 5 22 27 77 11 73 68 15 44 8 53 48 43 79 16 30 19 38 33 75 1 36 59 62 46 13 58 47 37 50 45 60 23 61 65 41 70
12: 47 23 19 1 65 21 73 76 43 52 39 38 20 3 66 5 16 6 79 75 34 59 49 10 26 64 25 11 71 55 40 48 58 78 33 36 9 80 62 42 74 60 54 53 77 28 45 56 67 32 22
13: 47
14: 59 42 43
15: 30 28 38 50 67 39 61 80 11 72 37 63 26 2 22 62 7 56 15 68 8 4 60 27 33 18 66
16: 13 51 16 19 12
17: 29 51 1 54 33 19 4 66 71 21 52 77 48 17 39 31 32 69 79 37 6 61
18: 10 29 26 71 55 33 73 25 38 12 5 78 64 67 30 66 51 32 27 21 45 15 17 70 47 36 77 42 3 40 7 76 53 54 48 72 80 1 13 4 20 46 16 18 79 52 31 57 74 23 61 58 44 59 22 50 8 11 41 24 63 2 43 37 69 60 62
19: 22 46 76 11 39 40 54 26 37 23 75 24 68 77 45 18 67 60 43 69 31 61 42 50 2 32 38 51 59 34 30 49 20 63 9 55 4 5 21 17 57 47 80 1 74 3 25 71 14
20: 3 10 52 30 22 60 29 19 31 66 13 14 34 71 59 58 11 18 48 47 51 9 53 43 39 38 26 6 7 32 12 27 55 16 75 74 46 49 77 72 1 57 33 36 54 4 41 63 76 65 69 24 37 62 50 78 40 28 64
21: 16 10 53 14 26 32 39 75 17 44 61 69 79 20 41 63 23 2 76 8 3 58 35 12 65 18 1 67 19 46 55 21 40 28 71 50 29 5 37 42 13 47 27 70 6 51 48 62 64 78 22 36 15 57 33 11 52 25 38 68 43 74 77 34 80 73 30 72 9 7 45 54 56 66 24 60 31 49 4 59
22: 76 44 43 11 56 71 19 73 29 26 54 39 18 37 79 48 12 38 57 24 28 40 8 69 25 2 61 7 46 32 10 72 41 21 9 45 62 4 65 75 42 67 20 31 3 36 30 22 51 15 78 70 14 58 60 80 64 13 50 23 77 68 1 59 53 74 66 63 52
23: 24 38 11 46 56 47 5 75 45 79 40 15 70 4 1 10 23 55 44 14 61 12 53 33 35 57 8 2 64 74 20 65 73 9 69 43 37 59 6 76 49 48 80 32
24: 64 8 49 33 6 74 29 65 10 52 61 26 7 43 55 57 21 35 76 44 24 41 48 22 39 58 80 62 50 34 78 77 72 2 69 23 70 25 31 30 59 9 12 42 56 60 27 1 68 17 79 73 66 11 46 63 16 54 5 18 15 13 53 36 37 32 28 3 38 75 4 45
25: 74 75 40 16 10 71 35 12 66 76 33 61 23 9 30 36 50 32 79 1 58 69 8 57 64 48 72 70 43 59 65 18 77 41 29 13 17 63 67 11 44 15 45 60 53 4 80 19 31 46 52 3 51 7 20 27 21 34 2 56 14 37 26 42 68 38 28 49 5
26: 23 20 51 65 37 44 18 53 2 61 59 26 9 36 6 67 30 70 50 14 54 34 63 60 48 64 19 5 56 72 8 68 74 46 21 69 16 40 75 58 13 29 17 1 73
27: 53 5 6 24 60 71 21 35 73 23 62 43 19 36 78 8 25 42 63 61 76 65 50 13 75 22 10 39 44 14 38 27 29 7 46 31 20 51 66 64 59 37 30 34 28 69 74 56
28: 29 38 27 69 78 72 20 77 9 60 42 54 50 71 22 49 8 51 4 14 23 21 64 44 58 10 31 52 79 11 12 15 32 47
29: 47 80 28 59 2 32 31 64 36 37 9 65 15 23 69 12 48 5 21 63 60 61 76 13 72 16 6 29 18 57 58 56
30: 22 21 24 23 70 64 46 7 60 74 2 47 58 1 6 14 10 54 80 11 37 52 34 44 73 39 28 5 68 71 32 49 57 55 76 69 12 13 17 77 53 9 30 15 50 27 78 48 63 16 66 59 38 36 61 3 25 41 40 42 43 75 45 18 19 67 62 26 72 4
31: 50 60 12 65 31 11 20 5 54 33 71 62 72 30 79 41 55 34 22 6 38 78 39 35 16 52 75 36 27 4 49 45 14 42 56 51 53 70 10 61 26 64 32 67 44 9 25 74 8 47 19 2 28 37
32: 22 13 42 2 28 33 29 15 6 75 59 31 32 50 67 65 55 78 66 30 44 23 3 54 40 46 38 57
33: 42 79 70 33 40 8
34: 68 14 40 64 17 36 72 9 57 26 1 15 31 58 5 45 41 47 27 37 48 66 32 49 28 16 24 23 34 76 75 43 18 55 22 12 25 62 51 35 13 59 7 21 53 39 19 67 52 63 20 60
35: 77 63 46 64 17 35 14 49 29 1 75 26 71 70 22 11 27 68 34 54 48 6 79 21 76 28 31 62 7 20 9 23 36 18 65 50 42 51 37 15 30 13 55 10 80 60 59 8 39 2 56 16 47 73 57 45 40 67 25 33 58 43 32 72 74 44 19 78 12 4 66 5 61 52 69 3 41
36: 8 65 44 40 42 29 57 26 68 78 37 64 7 19 47 2 13 50 6 54 77 61 10 5 21 52 76 39 1 46 35 41 53 70 43 67 80 14 71 15 59 58 30 69 33 72 66 32 22 38 27 3 28
37: 32 55 35 48 61 36 46 27 66 34 72 52 28 30 57 51 2 31 1 56 18 29 42 73 16 8 39 59 50 20 68 38 33 21 77 71 43 14 19 22 4 79 58 12 44 74 5 53 13 80 76 69 62 24 40 10 60 6 45
38: 34 1 5 20 67 33 55 64 26 8 35 22 63 18 73 59 68 13 66 19 42 51 31
39: 11 49 59 65 71 61 12 72 47 55 79 67 62 19
40: 22 20 70 15 23 11 44 30 16 54 62 77 29 36 71 10 32 45 37 56 72 2 35 52 40 12 24 5 18 66 25 64 61 47 3 42 58 41 8 68 49 59 50 60 48 31 74 4 33
41: 8 30 27 1 23 47 80 55 73 62 13 70 12 40 10 3 41 72 59 57 2 68 42 19 49 5 25 37 48 79 38 56 29 74 69 32 43 7 60 64 58 16 65 6 33 61 78 20 15 39 24 4 14 67 17 51 34 76 75 46 52 66 50 11 28 36
42: 62 33 40 35 23 38 68 17 44 56 37 67 80 4 6 42 15 26 77 5 70 75 24 31 47 59 21 48 18 9 79 3 65 51 20 32 61 74 43 78
43: 50 79 12 10 9 4 57 1 24 39 69 67 37 6 41 11 58 40 42 3 54 46 75 61 77 22 63 21 51 70
44: 5 23 53 59 51
45: 7 75 12 40 48 80
46: 66 27 59 62 26 32 44 3 80 30 76 28 8 43 18 29 14 52 73 17 49 64
47: 61 38 41 30 31 37 1 79 28 5 74 45 40 43 64 21 20 56 42 44 69 2 3 55 71 57 52 22 59 58 8 67 13 34 25 39 66 49 70 10 29 47 18 7 36 14 4 78 24 32 19 60 73 35 80 11 68 50 54 9 33 12 6 48 16 53 62 63 75 17 76
48: 48 76 37 5 42 59 27 7 36 75 44 45 13 80 46 18 39 40 19 68 6 15 33 72
49: 9 71 66 14 28 52 19 47 26 53 58 33 43 45 15 23 62 17 68 39 18 77 42 40 74 51 36 1 7 5 67 4 24 27 31 61 29 63 73 72 78 75 79 80 64 2 59 50 38 32 69 55 54 56 25 20 44 41
50: 32 56 3 41 38 25 6
51: 53 54 17 45 15 8 59 50 79 63 80 77 47 74 12 57 16 10 9 22 46 70 76 5 26 36 34 25 62 78 64 20 19 33 67 3 73 35 21 31 13 37 49 4 61 28 65 24 11 40 42 75 60 38 58 30 44 6 2 71 14 51 29 23 48 1 18 68 32 39 27 55 66 56 43 72 69 52 41 7
52: 15 55 20 4 77 80 54 6 66 73 8 27 38 7 24 61 40 57 74 9 19 1 39 56 46 28 13 33 71 53 26 79 29 62 10
53: 76 26 45 13 72 9 30 32 67 21 68 48 75 69 31 34 35 1 29 39 47 71 10 79 53 37 6 17 18 22 51 73 27 14 19 77 8 4
54: 34 73 32 54 1 37 20 42 55 36 29 57 71 12 70 5 66 50 14 72 80 33 59 23 64 24 19 41 51 61 10 78 69
55: 3 69 80 61 28 26 73 24 55 6 52 12 49 10 59 58 54 50 31 18 29 8 63 27 25 56 60
56: 7 69 29 26 12 56 78 17 38 58 49 9 75 65 43 40 13 25 5 36 41 72 27 77 62 21 57 1 59 70 68 37 30 4 33 61 73 11 67 53 22 24 45 19 15 2 28 16 79 42 76 66 31 71 6 35 14 50 48 20 47 54 8 74 46 39 63 34 10 18 32 51 52 3 64 44 60 80 23 55
57: 59 28 79 67 47 13
58: 70 75 71 55 60 61 13 3 14 68 53 34 48 26 63 7 37 62 41 38 19 72 59 17 56 79 77 45 40 76 22 69 9 23 21 67 80 1 74 29 78 66 33
59: 3 62 5 8 50 72 12 25 65 49 60 46 61 41 59 27 4 55 68 26 18 33 2 16 23 40 79 1 13 48 58 36 14 76 29 75 39 70 38 15 71 17 6 43 66 7 63 56 80 77 67 19 73 53 31 69 47 78 24 52 74
60: 3 58 61 71 53 42 45 32 26 27 36 69 6 24 14 51 41 70 57 72 79 74 20 16 66 49 2 52 28
61: 10 65 11 41 20 75 21 46 58 50 72 61 69 34 76 80 47 30 74 59 5 48 36 70 9 31 51 55 71 49 17
62: 79 4 10 48 72 47 24 31 20 75 78 76 34 13 50 3 64 41 53 61 77 45 40 22 15 42 35 25 33 60 70 43 71 28 65 39 49 29 7 18 68 11 46 58 17 19
63: 47 80 34 59
64: 76 65 35 77 7 31 74 75 38 13 60 3 78 68 50 22
65: 10 26 68 78 11 17 70 67 1 28 50 66 54 72 27 60 30 6 20 7 63 36 64 29 44 38 24 62 49 13 52 58 31 9 22 45 55 53 61 32 15 75 69 80 3 23 40 25 43 56 41 2 8
66: 61 13 32 20 37 49 14 66 5 67 6 15 26 9 71 79 59 35 39 60 41
67: 36 74 11 22 77 41 3 13 34 14 61 1 9 27 38 39 75 19 59 68 65 67 60 12 69 62 40 31
68: 4 2 49 5 38 57 51 17 13 36 60 56 34 18 37 73 42 14 6 67 28 55 80 33 78 43 10
69: 40 73 50
70: 11 10 18 78 77 28 15 40 51 42 5 31 55 4 35 3 22 73 34 13 2 9 52 76 33 19 59 70 72 67 61 80 29 54 12 43 24 53 49 38 58 1 32 41 64 69 39 26 6 8
71: 74 56 76 5 7 69 68 28 64 46 18 26 70 71 8 6 75 44 23 67 59 9 30 65 3 21 33 41 49 4 10 37 79 73 39 72 38 25 57 52 78 19 1 36 55 32 50 16 45 54 47 35 29 24 42 66 14
72: 46 72 53 5 64 77 67 8 75 19 40 9 80 16 34 60 24 41 58 3 42 69 38 4 48 51 49 18 14 57 25 44 52 22 20 66 45 61 2 50 35 7 62 78 59 11 29 1 33 23 70 79 68 6 47 36 37 13 63 74 21 27 30 65 73 17 56 76 26 32 39 12 54 55 31 43 71
73: 30 50 71 47 16 19 5 18 14 37 67 25 79 70 38 53 45 57 68 61 12 49 9 2 7 65 42 51 29 77 36 6 56 46 4 33 11 34 76 39 26 35 24
74: 31 24 50 27 8 80 4 18 77 15 12 16 28 1 34 9 35 48 66 2 17 23 5 55 51
75: 22 44 7 56 67 28 21 60 27 62 42 66 52 26 19 18 53 47 33 43 30 23 11 48 17 16 72 70 32 79 2 25 61 35 74 64 76 46 20 40 77 10 29 73 68 78 69 24 1 3 58 4 75 12 39 36 45 57 13 34 14
76: 65 53 69 47 49 15 20 26 34 74 28 79 32 72 54 27 13 56 7 66 24 30 58 51 48 43 46 31 76 68 36 35 70 67 77 12 25 1 18 38 22 80 8 33 3 19 61 16 57 41 14 60 45 52 75 29 73 4
77: 37 65 75 67 48 2 9 68 29 51 50 73 15 63 47 38 76 8 61 5 70 64 62 45 58 80 77 4 55 66 20 11 41 57 35 14 52 71 54 24 16 18 69 23 27
78: 45 47 70 51 75 26 79 74 42 44 77 9 48 3 35 16 39 55 34 11 46 49 80 61
79: 68 3 2 21 76 43 77 32 30 15 58 66 65 7 78 74 64 49 33 31 10 44 67 16 71 20 42 52 55 79 4 57 61 5 14 41 11 54 40 69 22 39 59 53 8 73 12 56 9 51 17 26 24 29 46 19 34 35 28 6 27 75 60 18 62 36 45 47 38 1 70
80: 48 41 40 46 33 61 35 73 13 2 51 16 45 9 43 70 78 67 27 25 44 26 39 50
1: 36 52 2 (22 12) 17 4 (74 51) 26 (11 56 67 21) (18 23) (25 47) (72 65) 24 (75 9) 41 10 (79 58) (43 19) (54 20) 70 37 71 49 (53 35 34 59) (76 3) 38 30
2: 9 (72 19 25) 77 (60 49 23 47) 56 51 26 (3 73 4) 74 (24 65 36) 29 (15 40) 35 79 75 (18 59 30 21 70) (80 22 68) (32 37 31 41)
3: (43 65 2 8) 35 (40 12 36 32 75 71 24 72 62) (20 78 42) 47 41 (59 70 18) (56 21) 76 58 (11 19) (51 79) 50 (64 67 60 55 30) (25 46) (22 1)
4: 11 35 18 (40 2 9) 71 (20 30) 22 (52 75 70 56 47 74) 15 (43 24) (72 49) (73 68 1) (51 23 79 42 77 53) 59 4 62 (19 31 37) (21 76) 17 (28 25 41)
5: (72 68 19 31 70) (59 41) (47 25 2 40 49 21) (4 42) (27 36) 38 (66 44) (34 9 29 51 61 11) (74 71) (30 56) (37 73) 26 48 (1 79) (12 24 77 35 18 23) 54
6: (42 68) 8 2 (43 41 32 26 51 30 52 66) 35 37 (17 23 4 79 59) (71 73 9) (56 29 12) (21 50 24 36 55) (20 72) 70 (31 1) (48 11 53 60) 47 27 65
7: (79 48 24) (62 65 36 22 56 35) (58 25 51 73 72 45 10) (18 49) (71 11 75 30) (34 64 76) (41 1) (9 59) (27 15 52 21 3 47) 20
8: 10 (4 52) (65 76 41 27) 31 (46 22 18) 21 (24 40 79 77 53 33) 11 51 (26 25 72 28 1 47 15 71 56 36) 55 38 (59 37 5) 3 (23 35 70) 74
9: (19 51) 47 (30 20) (42 25 70 23 66) 49 80 (22 24 78) 52 (65 29 12 61 72) (67 9) (26 4 43) (53 73 56 34) (74 28) 58 79 21 (3 77) (71 31 35)
10: (36 12) (24 51) 11 (47 21 2 23 31) 68 (18 52 1 28 71) 65 (27 70 10 53 43 61 62 4 41 75) (79 22 20) 40 55 30 (35 25) (54 56 3 37)
11: 67 (25 77 73 43 35 72 51) (15 70) 28 75 (39 40) 65 (30 21 62 19) (79 47) (8 9 41) 61 (78 56 22 23 31 11 20) 24 12 (18 4)
12: (75 30 31 5 54 45 22) 72 11 (23 10 67 73 18) (74 41) 47 4 70 (20 24 1) (40 28 56 55) 25 (9 29) (35 51 16) (76 8) (37 59) (34 3 79) 39 43 21
13: 36 53 (29 27 76 80) 67 (68 24) (16 22 48) (51 70 1 26) (52 65) (18 21) (32 4 11 58 64 34 57) 72 20 (37 38 66) (47 35 41 62) (9 30) 75 (59 25) 56
14: (27 59 10) 41 51 (77 11 49 66 46) (26 3) (68 30) (8 72) 76 (4 73) 28 36 (19 34 35) (2 20) 23 71 (47 53 31) 79 22 (56 75) (60 58 21) (37 25 9 67 54)
15: (59 28 30 56) (9 40) 1 36 32 (70 65 48 24) (76 11) 23 25 (34 42 74) 66 29 49 (51 4) (8 52) 62 18 (77 79 41 15 22 21) 35
16: 35 (78 21 74 40 2) (20 34 26 16 47 25) 51 3 75 (73 11) (12 31 9 5 41 56 60) (76 24 30 71 72 8 77 29 1 80 59) (37 79 18)
17: (65 19 9 74) (61 17 58) (34 25 4 79) 62 (56 1 26) 2 49 46 (8 51 42 53 30) (59 18) (72 24 41) 11 (35 47 75 68) 21
18: 47 (18 62 46) 70 (75 72 21 76) 15 24 53 34 49 (25 3 51 74 38 55 22) 35 40 19 26 (59 73 30) (20 56) (71 4 77) (37 79 9) (68 42 29 48)
19: (39 62 36) (38 37) (76 25) 54 48 (4 56 12 2) (47 70 1) (41 35 51 75) (67 58) (30 11 31) (49 27 71 59) 9 17 (34 72 16) 73 (3 20 79) (22 53) (52 26) 21
20: 75 1 (40 79 56 28) 38 23 (27 37) 54 (9 31 51 52 22 62) 49 (34 18 66 19 65 72 26) (25 41) 61 (47 77) (12 42) (60 35) (76 21)
21: (51 17 28) (11 58 18) (35 29) (19 79 61) 34 (10 21) (26 22 53) 25 (75 42 56 24 12) (72 30 47 71) 37 (43 27 36)
22: (47 64 18 21 24 28 65) 27 62 (1 32 3 20) (67 15) 51 (12 22 31 30 38) 19 (75 37) (5 36) 35 8 (43 79 34) (76 40 58 53) (72 9) (70 56 11)
23: 3 9 (71 22 54 19 40 21 32 18 41 56) (12 42 25 23 59 1) 49 (2 35 8 72) 51 (77 74 58 26) 65 (24 30 28 75 27 44 29) 11 34
24: (34 22) 60 71 (9 77 52 40 42) 76 (30 2 65) 27 18 43 56 19 23 (59 4 70 20) 5 72 (24 1) (54 41 75 55 79 49) 21 37 (62 51) 73 47 11 (74 3)
25: (1 62) (12 18 80 59) 30 (27 41 47) (19 10 71) (72 40) (11 22 76 34 56 9) 75 (50 35 31) 55 (51 21 24 65) (73 49 8)
26: 76 59 (11 30 55 38 8) (65 24 36 31) (22 73 3 20) 34 (49 51 78 52 75 25 79 46) 21 (58 71) 12 (80 15) (9 42 19 56 66) 26 (72 70 18 53 60 35)
27: 56 11 (80 28) (4 37 3 67 25) 79 (34 49) (75 53 60) (65 24 41) 9 (20 2 72 18 1 35) (30 59 46 76) (55 51 31 8) (52 27 77) 15 36 48 (74 21)
28: 15 74 (55 41) (49 60) 75 1 (32 51 79 30 35 62) 52 (20 25) (56 70 21 34 76 71) (65 57 29) (27 12) (24 22 36 47) 31 37 68 46
29: (65 36) (59 32 20 9 56) 49 25 22 (1 41) 26 79 (58 18) 77 21 (70 62 2) 55 28 72 53 (3 40) 27 (75 51) 52 (47 73) (37 46 24 54) (17 71 29 76) 35
30: 51 (31 32) (72 18 71 25 75 79) (8 47 24) 1 (21 15 46) 11 (19 4 61 36 41) 22 (2 26) 37 (76 65 20) (27 30) (40 56 73) 35 53
31: (53 55) (11 28 24 61 25 22 34 31) 29 (17 70) (27 76) (42 67 51 35 4 72 38) (64 8 37) 49 (62 20 59) (47 79) (56 32 18 40 19) 74 (9 21) 65
32: 17 (28 31) (72 37) (1 71) 76 (21 2 47) 40 (23 75) 34 46 (70 19 60) (32 50) (25 65 11) 36 (22 20 79 18 35 24 30) (54 9 51) (12 3 42 49 5) (4 53) (66 56 41 29)
33: (41 62 21) 79 (18 47) 23 (52 4 76 20 54 56 17 49 1) (73 25 40 42 8 68) 31 (35 48) 33 (3 24 80) (72 32 2) (58 70 71 37 36) (38 12 15 75) 51 (11 59)
34: (70 78 79 27 20) 58 (2 34) (75 68 5 73) (62 67 9) (74 54) 76 26 (61 41) (35 47 21 25) (63 31 12 1 51) 56 (24 3 30 37) (38 53) 72 19
35: 42 79 4 (80 53 73 77) (66 76) 2 (62 72 35) 36 56 (38 78) (9 24) (37 70 75) (47 64 27 25) (40 51 34) 10 (21 23) 31 (3 1 71) 74 11
36: 71 (11 72 3 4 67) (29 34 18) (40 47) 76 (21 68 75 59 22) (30 37) (25 51 12) 41 65 79 (26 56 24 54 48 73 61) 35 49 31 (27 60 20 9)
37: (56 73 30 25) 19 (35 26 41) (9 36) (34 17 15) 47 (71 77 58 21 68) 43 42 (23 4 11) (54 1 20 48) (53 6) 31 (24 66) 8 27 18 (29 40 72) 22 51
38: (47 59) (52 3) (21 20 70 32 18 71 22 28 4) 12 (56 31) 23 (15 72 41) 30 (51 24 49 64 73 19 9 50) 67 (27 42 68 79 25) (11 65 77 36) (76 58) 37
39: 11 35 (73 56) 24 (79 66) 34 (59 31 47) 30 (17 48 37 20 9) (67 51 36 52 71) (19 72 62 41) (21 78 22 53 1) (80 12) (75 49 15 27 43 70)
40: (22 67 4 58 79) 37 (19 26 45) (23 35) 40 47 (43 75) 56 59 (49 69) 30 (51 1) (65 80 34 48) 18 (70 21) (32 42 52 25 62 72 12 36) 20 11 41 33
41: 71 (30 79 35 49 61 31 59 20 25 41 80) (34 21 18 50 9 36 43 67 22 66 76 77) (62 72) 24 (56 51 11) (54 40) (65 60 70 58 3 47)
42: 47 (28 78 36 60) (49 18 27) 22 (12 9) (31 73) (75 3) (72 11 79) (14 51 19) (68 24) 62 (1 38) (41 30 54) (25 48) (33 56 42) (4 35 70 32 40) 37 21 (43 71)
43: (21 62 68 72 34 80 11) 49 23 (76 70) (30 47) (59 42 51) 25 41 (56 65 75) (12 37) 79 36 (18 3) 35 27 14 (24 19 46 20 22)
44: (35 71) (46 4) (32 78 23 18 24 36 22) 2 (56 37 49 47 26 75 11 9 72 27 28 51) 30 (40 21 48 25) 80 31 (42 65 79)
45: (79 78) (3 53) 1 (73 37 65 51 23) 77 (47 31 49) (30 56) (9 34 12 71 48) (21 24) (72 58) 75 60 (62 76 19 80) (40 22) 25 18 35 11
46: (71 35 18 62 32 79 25) (23 75 19) (4 48 41 26 76) (43 36 80) (21 24) (73 30) 78 (51 61) (27 72 56 52 22) (37 59 20 11)
47: (79 41) (42 9) (40 34 21) 73 (11 56) 1 (12 51) (61 31 53 78) 19 3 (2 13 8 59 20 35 18 23 76 47 39) (71 75) (36 63 77 30) (28 29 49) 62 57 72
48: (42 21 56) (3 26 61 78 40 12 2 62 24) (17 18 25 48 75 30 1 59) (11 8) (76 23 47 72 74 77) (4 45 80 53 41 29) (58 20) (35 22 7 37 51 34)
49: 71 12 (76 35 78 39 4 60 79) (23 59 34) 56 (21 3 30 72 9 28 70 47) (46 66) 61 (20 19 62 31) (68 1) 55 41 65 (40 73 24) (25 8 10) 51
50: (54 24 51) 35 (65 37) (77 61 26 56 55) (21 74) 30 (59 41) (64 62 71 5 3) (27 47 72 43) (15 28 19) (18 9 11) (25 32) 1 40 31 (80 4 73) (20 22 49 69 36)
51: (78 4) (43 53 61) 25 31 28 42 (16 22 44 21 80) (74 79 26) (27 73 56 3 19) 72 (70 38 68 11 37 49) (77 54) (34 20) (17 76 60) (1 51) 35 41 18
52: 37 77 (36 60 8) (47 30 17) (31 71) (11 51 28) 20 (79 18) 75 (70 40 24 34 2 21 65 35 1) (4 22 46 5) 55 (25 59) (49 72) 76 (12 56 41)
53: (62 12 75) 34 (70 58) 47 53 24 (60 79 23 20) 56 52 31 (1 30 9) (51 11) 36 (44 25 73) (59 37 27) 49 (18 2 22 26 8 72) (5 3) 76 (21 65)
54: (40 9 70) (3 4) 43 (30 51) (36 65 79 24 1 35 26) 28 (77 17 20) 72 (56 32) (21 71 11 54) 18 (49 47) 52 (76 31 22 19 10 55 12)
55: 77 (49 30 37 58) 11 72 (78 79) (1 52 47 24) (12 18 71) (38 34) (5 35 31) (23 21) (19 9) (59 20 41) (74 3) (39 32 54) (70 56 65 51 61 55 68)
56: (73 29) 68 (3 42 23) (37 4 21) 35 40 50 (47 49) 56 (11 25 79 51 59 12 31 27 22 26 72 55) 65 75 (41 15) 24 (52 71 58 9 1 76)
57: (23 9 18 20) 76 (77 68 73 29 4) (24 19 56 54) 3 (37 21) 41 11 51 (79 60 1) (34 72 52) 30 (71 43 47 36) (22 75 32 25) (2 35)
58: (65 28 26 9 62 22 41 40 76 79) 43 (55 18 70 56) (21 29 4 24 37 2) (35 72) 34 (61 1) (12 5 47 60 36) (77 75 30 49) 11 (25 59 20) 51
59: 35 42 (48 18 58) (21 59) 14 (40 70 32) 54 (47 46) 11 (66 51 44 36) 24 (41 30) (56 38) (27 20) 67 (55 71 25) 19 49 (63 29) (1 9 23 39) 8 (72 4 26) (12 61 22) (37 79) (57 34)
60: 20 (58 25) 26 (76 41 75) (27 24) 79 22 (9 55) 65 40 (72 47) 37 (2 64) (35 21 11) (68 1 4 56) (59 34 31 15 19 28 30) 62 66 (12 18 51 29 67)
61: 49 73 52 76 (42 23) (43 25 61) (65 80) 19 (22 55 62) 59 24 70 (72 29 30 66 11 47) 27 (41 75 35 56 79 9 67 77) 54 58 (18 1) (51 36 21 26) (15 78 17 40 60 37) 39 31
62: (12 56) (21 42) 1 (27 40 11 72 52 59) 79 75 (35 10) (34 24 65 30 49 47 77 46) (41 39 31 15) (58 22) 4 (51 18 67) 20 9 37
63: 56 19 59 (10 30) (29 27 21) 65 (47 38 55 58) (15 24) (8 4 43 77 51 25 22 20 26 9) (18 2) (35 11) (72 34) 49
64: (26 77 35 49) 40 79 (23 30 29 54 2 12) (75 46) 36 (51 27 9) (71 11 34 47) 28 (41 4) 20 (62 18) (1 38 21 25 65) (70 22 72 56) (24 31)
65: (56 72 20 76 31) 51 12 (59 71) (42 79) 77 24 62 67 21 9 35 27 (3 25 64 2 23 29 36) (41 73) (11 5 39 61) (32 22 26)
66: (71 17 12 35 75 34) (77 47 40 38) (66 79) (56 54 59 27) 25 (18 30 72 21 37 10 41) 65 9 (11 22 32 20 52 74 51) 36 15 (46 4) 1 (60 49 24 58 76)
67: 15 67 34 (47 59 73 19 26 32 66 49 71 12 77 56) (80 58 31 72) (68 43 9 30 35) (21 18) (42 36 25 51) (76 70) 11 (75 41 53 65) (57 1) (39 38 22 79) 4
68: (35 72) 48 (30 34 75) (4 24 42) 36 (47 79) 53 (59 40) (73 19) (58 71 37 1 41) 26 56 76 (38 62) (22 51 49 11 2) 9 (15 64 77) 67 25 (21 65)
69: 26 53 67 (24 58 30 23) (22 54) (11 51 79) (4 56) (49 70 71 60) 77 75 (59 27 36 9) (17 28 19) 65 (47 61 76) (3 55) (41 20) (37 72 35 29 21 43) (25 18)
70: 36 78 (35 11) (3 1 25) (71 79 62 73 23 21 47 72 54 33) (9 42 59 43 58 22 65) 56 41 60 (40 4 18) 61 26 (75 31) (70 24) 51 (10 80 77 76) 30
71: (77 1) (60 22 28) (9 20 79) 3 (18 40) (59 56 47 11) (52 58 73) 25 62 61 31 (4 39 17) (72 27) 36 71 37 54 (12 53) 49 (21 66 51 19 30 35)
72: (21 31) (62 9 54 60 18 56 5) (72 58) 61 (41 59) (30 22) (75 36 25 40) (26 28 34) 48 (20 35) 11 (15 24 1 76 49) 51 (10 29 3 39 4 65) (37 70 53 71)
73: (71 56 49) (55 27) 8 (22 53) 26 (79 80 18 77) (35 3) (38 52) 47 (9 24 70 68 54) (30 4) 75 12 1 72 76 (5 37 46) (11 69 21) (51 59 41 23)
74: (52 10 49 19) 64 31 (1 24 2 22 59) (12 42) 72 58 (79 75 76) (9 67 56) (47 41) (20 26 23 27 35 37) (40 60 25) (71 18 21 78) 51 4 (61 30)
75: 71 (59 49 41 30) (47 26) 32 (12 79 10) 20 (62 64 72 19) (43 48 56) (75 77 22 24) (23 9 31 35) (1 78 65) 53 51 58 (34 61 76 25 4 42 45) (2 21 11) 27 67
76: (56 10) (11 79 73) 61 (23 71 35 76) 4 (62 41) (30 29) (9 12 59) 70 (19 24 22 27 25) 51 (72 36) 58 21 34 (6 77 64 46) 47 37 (53 20) (75 18 48)
77: (3 64) (17 74) 56 76 (12 58) 75 (19 51 59) (70 42 11) (22 20) (49 18 28) 10 (35 67 53) (30 25) 43 9 (72 79) (36 73) 52 (24 78 37 62 77 40) 21
78: (62 28) (75 35 21) (49 80) (4 18) (24 54 41) (12 58 79 72 47 2 30 56) (65 70 51 42 9 22) 11 (59 32 36 27) 68 31 (64 5 20 71)
79: (76 42 72 47) 35 (31 60 33 23 52 18) (58 25) (59 75) 62 24 (28 79) (11 41 73 71) (43 57 37 51) (39 17 49 66 9 12 22 21) (78 56 53)
80: 30 (45 56) 49 55 (72 22) (36 46) (63 48 76 11 9) 68 52 (37 51) (35 70) (15 65 12 58 29) 18 (47 59) (41 23) (74 77 54) (25 19) 21 (24 1 78 42 61)
