80 80
1: 65 76 27 42 43 17 15 7 54 30 19 77 70 26 40 79 11 20 8 80 47 39 28 56 22 36 34 13 61 24 52 18 75 33 5 72 9 58 4 1 38 6 37 63 53 71 35 21 45 2 57 46 12 67 10 3 66 23 48 14 68 60 41 62 51 69
2: 57 79 78 15 35
3: 76 18 61 80 15
4: 36 79 18 62 53 44 48 40 17 38 5 63 59 8 32 80 15 6 77 31 75 69 73 42 47 60 12 56 23 7 19 58 55 78 29 72 74 76 37 28 57 26 43 41 39 54 30 24 10 65 33 70 27 34 68 66 14 67 49 51
5: 54 80 59 6 26 75 57 64 41 22 42 10 68 78 3 51 50 69 56 52 27 11 1 7 32 72 46 33 9 35 47 8
6: 37 44 79 48 67 62 20 63 60 43 27 38 72 73 41 47 23 58 6 10 28 68 1 54 74 18 77 36 4 15 57 3 5 42 14 33 69 66 51 16 64 31 12 7 45 49 30 53 65 32 78 34 35 76 8 46 13 40 50 56 29 25 71 26 19 2 22 9 75 80 24 39 70 59 55 52 17 11
7: 77 33 80 27 39 61 56 50 68 60 29 38 67 20 48 10 25 15 8 71 52 5 13 14 1 63 32 69 4 21 64 26 79 23 40 75 65 2
8: 66 42 51 52 19 31 22 47 5 17 79 67 74 69 70 15 73 76 12 64 57 2 8 29 7 27 58
9: 69 11 25 48 29 3 77 65 70 67 34 80 4 43 62 5 28 27 23 8 59 78 55 52 61 39 58 33 38 64 17 21 14 41 71 54 6 63 44 2 46 60 1 10 20 66 50 26 76 45 47 19 42 18 31 16 68 74 22 12 75 9 56 51 32 72 73 13 35 40
10: 43 54 72 30 33 39 24 11 4 38 78 67 23 62 42 50 44 51 65 6 55
11: 28 46 39 59 52 78 29 4 19 60 6 73 37 22 51 58 74 48 34 62 1 80 66 3 20 47 70 31 13 15 69 57 45 32 76 17 71 14 26 21 65 35 8 63 61 79 40 42 54 27 56 53 44 49 16 25 68 38 10 12 64 2 11 18 77 72 5 23 55 67 7 33 50 30 24 41 9
12: 11 40 25 27 35 33 23 68 10 60 6 12 79 58 55 75 48 19 16 15 52 20 74 7 78 63 50 80 45 9 29 28 59 18 3 77 1 67 44 34 5 32 71 62 31 54 73 66 41
13: 3 27 49 21 22 70 46 71 25 51 42 54 68 56 50 26 32 37 76 16 38 53 65 57 7 24 62 2 12 80 10 77 52 48 40 66 9 74 39 61 36 72 78 47 8 20 58 28 55 4 17
14: 60 45 63 34 10 4 71 65 5 20 55 75 48 24 29 40 68 70 53 56 79 39 46 25 11 47 58 74 67 26 73 15 1 41 32 21 3 16 69 33 23 61 44 28 52 42 18 37 51 35 57 80 72 12 49 38 43 62 59 22 54 8 14 7 77 30 9 50 2 27 13
15: 68 57 29 33 42 70 9 18 41 47 79
16: 64 78 15 8 61 47 6 69 14 2 52 39 30 24 41 59 23 34 4 57 1 71 9 60 72 45 26 77 29 3 17 63 19 80 48 56 66 38 46 73 13 70 49 43 67 51 53 54 37 10 74 68 44 55 35 21 36 7 12 65 50 25 42 40 62 79 11
17: 29 4 22 15 39 26 18 38 50 69 68 13 72 10 16
18: 1 13 32 58 31 78 43 54 41 15 24 39 68 70 10 17 40 37 60 6 62 63 66 61 36 11 47 57 46 28 76 50 80 73 19 51 2 65
19: 15 27 52 50 63 37 30 28 20 13 60 78 26 32 2 18 11 56 75 46 76 3 36 9 19 62 33 58 40 38 66 47 6 69 53 73 1 74 17 80 23 16 77 72
20: 30 51 63 6 49 24 14 53 33 25 46 75 50 11 36 45 23 65 58 35 27 62 12 52 54 74 31 13 10 71 44 48 2 67 15 1 16 22 32 57 29 9 39 41 56 60 3 18 4 70 79 5 26 76 66 72 7 68 43 55 77 59 61 78 64 21 42 19 28 47
21: 25 56 62 42 36 46 73 79 72 9 70 38 15 6 32 23 34 60 28 19 57 51 37 12 55 5 33 44 31 35 27 68 11 21 24 69 78 1 8 20 22 13 63 67 39 54 4 16 2 80 14 76 49 58 18 47 48 52 65 40 61 77 53 10 26 29 43 3 30 7 59 71 75
22: 39 23 45 60 25 68 50 20 47 24
23: 48 69 51 29 15 25 9 35 49 26 61 1 17 68 10 18 59 5 65 62 47 34 79 20 6 53 32 3 27 46 72 13 64 57 77 60 7 67 76 58 71 41 21 16 8 24 4 70 40 30 50 80 28 42 37 55 38 22 56 23 2 31 52 44 45 66 12 75 11 39 63 43
24: 29 11 70 12 49 59 52 30 62 4 14 34 47 50 41 54 19 78 45 2 46 61 17 75 20 16 73 6 26 8 57 51 65 63 77 71 44 42 3 7 43 74 80 66 25 72 67 22 68 58 60 36
25: 63 79 39 59 26 34 42 7 78 55 76
26: 47 55 24 23 11 33 75 22 15 57 42 50 10 53 49 4 78 37
27: 45 49 67 79 29 36 15 28 57 77 37 48 70 52 16 47 78 25 69 68 46 7 8 32 30 12 39 4 24 3 5 11 17 6 80 76 38 53 9 75 66 18 31 72 22 59 33 20 61 23 74
28: 56 42 41 16 27 79 60 28 64 59 49 45 57 67 17 25 74 78
29: 23 27 60 10 43 42 54 4 21 41 29 17 47 59 16 77 14 9 44 28 65 71 20 61 56 13 58 8 12 57 76 15 2 75 50 40 70 6 19 24 35 33 30 25 79 32 80 53 78 67 74 36 31 66 68 11 69 7 26 51 1 63 55 49 46 37 64
30: 12 8 68 34 37 44 18 36 79 77 61 16 21 35 58 74 50 22 45 52 71
31: 48 72 25 53 67 36 70 10 13 68 7 76 73 23 56 44 66 74 19 26 63 38 21 46 3
32: 57 10 6 56 27 28 62 72 11 76 31 78 39 14 25 21 59 15 41 47 63 43 51 16 5 23 42 44 4 7 30 34 73 37 22 36 79 26 3 65 55 48 77 24 49 40 52 68 66 20 69 1 70 53 35 45
33: 80 51 67 44 59 46 57 71 52 13 11 3 18 19 56 74 70 20 79 37 58 5 43 63 33 48 75 54 16 61 4 25 68 14 15 34 12 1 10 22 78 6 55 50 26 69 9 45 8 49 38 77 72 2 23 65 29 60 42 31 17 40 28 73 7 27
34: 5 61 52 74 15 34 24 31 20 4 47 16 33 38 13
35: 30 57 62 2 4 18 19 79 22 1 32 9 65 25 38 70 11 8 73 27 53 61 69 47 36 68 51 80 17 76 5 64 16 14 67 35 78 49 63 7 26 10 23 52 34 50 55 12 74 54 44 42 71 72 58 43 20 6 39 21 31 46 15 75 24
36: 62 3 47 75 44 21 57 6 32 1 50 76 55 72 17 22 61 48 79 66 59 12 24 26 5 77 49 33 11 16 35 23 39
37: 30 34 10 38 79 11 16 73 14 50 1 32 19 33 70 40 56 62 74 53 35 64 42 75 59 25 29 20 61 77 18 3 65 72 9 78 44 27 80 66 71 5 67 58 23 8 63 28 51 31 69 48 57 47
38: 49 16 24 44 15 20 18 8 53 60 45 77 69 17 71 22 35 9 43 12 76
39: 12 2 24 38 5 8 80 31 34 3 64 28 60 55 44 37 29 58 75 14 70 10 68 17 61 71
40: 33 6 31 17 53 16 59 45 63 44 80 67 69 74 56 70 32 13 55 41 15 64 52 30 57 12 66 4 46 65 21 11 40 7 47 5 35 27 1 72 42 79
41: 79 34 1 54 35 65 64 66 68 41 73 12 78 47 13 63 60 20 51 19 39 32 4 80 2 38 71 44 45 76 46 24 50 9 61 3 23 67 17 37 30 72 75 48 33 57 6 27
42: 49 78 80 68 31 19 40 8 34 4 16 36 2 76 61 73 6 21 42 74 71 35 75 11 38 10 39 27 33 41 53 15 65 37 7 48 26 9
43: 65 19 36 67 21 27 1 8 45 47 28 54 70 32 71 18 31 62 33 40 22 2 38 48 16 49 73 39 53 61 66 26 25 30 55 44 58 29 24 4 34 10 5 79 51 41 42 76 52 77 46 78 69 23 37 68 13 20 63 43 7 57 59 35 50 3 75 74 64 17 56 9 6 14 60 15
44: 47 63 62 79 80 34 72 59 29 1 41 28 13 73 38 33 76 36 27 11 20 60 30 18 17 12 35 49 26 24 50 16 52 21 43 23 64 40 51 74 75 19 22 45
45: 63 44 64 77 50 76 15 46 12 11 51 69 17 72 60 73 35 16 8 79 80 43 41 39 5 45 47 58 28 25 20 38 53 24 9 6 7 36 33 26 40 22 68 65 27 10 54
46: 13 39 70 24 35 79 11 51 22 46 63 74 40 32 67 31 53 19 64 33 68 73 15 9 76 80 58 20 45 62 4 3 12 25 56
47: 76 77 30 11 2 41 43 70 56 62 19 7 5 69 66 27 73 39 37 58 55 40 32 18 50 8 14 33
48: 64 38 75 49 45 73 76 77 3 43 2 32 63 5 6 59 17 15 48 31 58 24 40 25 30 1 19 72 42 53 56 54 4 69 68 23 13 20 21 80 50 27 61 60 66 14
49: 48 39 79 76 40 63 7 68 60 66 16 36 29 3 6 77 58 31 56 17 69 61 43 4 14 54 35 13 80 20 53 23 64 9
50: 32 63 54 40 49 42 24 59 16 58 25 48
51: 38 20 80 28 51 55 64 40 54 47 42 24 9 2 69 16 21 66 77 53 26 30 70 1 31 58 49 56 45
52: 44 35 52 19 58 55 49 51 26 64 4 48 50 43 75 17 53 60 38 29 78 47 23 10 32 9 39 61 18 62 54 76 13 11 41 67 80 71 7 59 22 34 25 36 5 57 69 46 1 77 68 16 73 33 3 28 66 74 6 15 14 8 40 70 37 45 63
53: 6 19 56 17 63 76 46 71 23 11 29 62 73 4 55 51 21 68 66 49 1 79 40 34 20 47 43 74 54 7 24 5 18 33 41 3 67 50 57 70 42 65 32 72 10 35 37 61 78 60 15 52 59 38 75 9
54: 10 71 19 41 5 8 21 32 3 35 61 78 44 70
55: 77 54 1 17 39 34 44 41 35 21 59 57 9 53 58 52 51 14 38 69 64 27 76 43 20 75 33 79 73 74 2 48 10 22 31 68 23 56 60 80 30 63 7 65 49 6 4 16 47 13 25 11 12 66 50 42 15 29 72 28 46 26 8
56: 47 62 70 20 55 61 27 79 69 6 75 63 46 37 64 34 19 21 30 10 51 43 56 15 48 32 60 52 76 39 41 3 23 57 31 49 14 24 18 26 7 13 38 40 77 29 59 35 2 78 36 45
57: 37 22 41 10 63 50 78
58: 58 61 77 3
59: 16 74 55 46 68 44 12 66 28 75 7 34 38 58 20 54 35 61 52 29 31 27 77 1 22 23 80 50 17 45 2 37 42 18 70 19 5 13 3 40 6 51 25 49 79 9
60: 28 30 48 39 32 69 12 18 23 79 50 45 6 34 15 78 24 67 4 71 55 13 26 52 7 10 35 44 63 56 70 59 64 61 36 66 47 54 20 68 37 41 22 29 2 27 80 75 9 5 65 42 43 58 73 19 25 33 46 3 76 38 57 17 8 77 74 11 62 1 31 16 60 14 51 21 49 40
61: 39 70 58 22 72 27 53 13 42 78 43 20 30 56 76 51 15 9 59 71 29 18 7 34 63 75 48 14 68 31 44 46 67 26 79 64 19 36 45 3 33 50 17 60 49 69 66 47 5 74 40 10 25 6 37 24 62 1 38 57 11 65 23 77 61 21
62: 75 78 72 38 40 20 53 65 12 59 57 49 76 30 1 47 62 44 73 55 67 3 23 41 58 34 79 45 14 42 60 13 68 28 80 4 21 64 11 69 2
63: 48 24 8 16 29 25 23 44 14 53 30 5 36 74 15 72 31 40 9 4 13 42 39 65 46 27 56 70 32 45 47 41 11 61 34 10 21 43 6 2 80 59 20 63 3 38 67 1 60 22 12 64 26 71 28 19 73 69 68 78 75 52 51 49 17 7 18 50 77 58 35 33 76 66 55 54 62 57 79 37
64: 23 63 48 46 47 26 44 71 12 68 17 80 57 4 67 73 79 14 41 33 28 20 11 37 66 5 25 7 62 64 9 61 55 27 58 49 10 39 19 16 13 32 38 1 2 78 24 21 43 30 65 31 72 69 29 34 77 3 52 18 59 35 22 8 51 74 76 54 40 70 56
65: 14 26 50 13 39 10 15 3 34 36 33 8 18 2 52 32 51 70 29 1 4 30 59 24 68 64 48 67 56 6 76 66 58 37 43 62 21 38 75 19
66: 63 50 58 28 66 2 9 4 59 65 72 60 16 15 24 1 30 45 76 79 35 52 20 49 37 33 38 74 36 78 71 25 47 40 41 10 55 48 64 11 7 70 54 27 43 22 46 32 3 73 8 12 26
67: 12 51
68: 11 72 27 28 26 74 39 17 48 52 15 5 7 23 45 9 3 10 6 13 31 24 19 16 79 50 1 76 20 77 80 62 36 38 25 34 35 44 37 2 22 73 75 18 60 63 29 68 54 4 42 30 53 70 12 8 21 57 59
69: 48 6 27 49 15 33 41 22 19 45 11 34 77 20 62 2 54 21 69 70 10 8 36 74 68 13 17 23 55 79 28 46 63 31 39 12 50 75 35 78 42 52 16 51 56 40 67 37 53 7 72 43 65 66 4 3 76 73 9 71 61 14 25 44 59
70: 34 6 70 79 50 29 42 58 62 52 69 15 53 56 76 48 18 46 14 77 24 55 1 49 38 13 75 59 27 36 51 54 11 47 21 9 44 66 26 19 73 68 28 60 35 8 33
71: 22 33 1 68 67 49 76 47 31 38 11 66 41 27 69 54 39 77 80 17 71
72: 73 23 76 59 42 50 12 10 69 25 47 18 46 32 40 30 29 6 4 8 7 64 80 45 68 51 16 5 11 27 26 36 66 38 70 61 1 17 71 3 67 34 78 24 48 31 65 55 44 54 52 60 58 43 75 15 49 63 14 72 22 9 28 62 37 53 2 79 21 35 39
73: 75 10 63 44 41 24 48 23
74: 45 26 31 50 13 9 51 70 12 35 5 58 52 69 44 57 73 2 78 47 56 74 34 39 67 62 21 60 41 3 64 20 11 37 80 24 10 48 6 46 42 16 15 71 65 36 68 30 38 61 25 40 49 8 4 28 27 22 18 75 43 63 33 53 14 17 76 72 32 77 7 66 59 54 1 19 23 29 79
75: 43 1 41 50 6 80 34 75 73 55 27 33 68 78 60 37 53 5 28 39 54 29 35 14 18 11 70 13 45 52 64
76: 77 22 37 62 73 46 20 36 35 58 43 27 39 23 78 3 54 18 2 11 6 31 59
77: 69 18 6 10 51 60 4 50 30 16 11 7 67 33 49
78: 80 1 24 29 48 12 75 10 37 53 5 66 7 69 52 76 47 31 43
79: 35 28 68 75 19 11 39 71 55 77 63 53 12 43 70 37 21 16 49 18 33 23 42 48 6 32 46 29 59 9 72
80: 26 12 18 6 71 45 40 47 46 28 51 35 36 69 80 9 67 39 54 53 79 23 63 61 20 44 42 50 62 15 22 75 78 1 77 59 14 30 70 65 10 13 3 34 31
1: 20 (11 53) (72 33 64) 78 (36 48) 19 (16 41 5) 7 63 (14 44) 51 (1 74 62 6 71 80 23) (43 65 12) (68 70 52) (66 60) (37 61) 55 21 40 75 32 (18 9 59) (29 35)
2: (21 13 63) 62 (42 43) 1 (8 19 74 66 20) 76 (14 51 6 24 72) (65 11) 18 7 (48 35 16 41) 29 (55 64) 9 (47 68 60 23) (33 59 39) 69 56
3: 14 6 (58 62 27 53) (54 16 46) (52 33 56 68 69 21) 24 (74 43 31 32 80) (13 37) (12 23) 1 (72 9 41) (66 49) (61 11) (39 59) (20 48 36 19 63 65 76 60 5 64)
4: (63 11 1) (52 53) (34 24 21) (14 65) (68 7 42 60) (29 17 46) 69 40 27 64 20 (77 41) (33 62 35) 43 (48 49 66) (23 16 74 6 55) (32 26) 10 9 72 13
5: (54 60 59) (32 14 12) (75 21) 52 (23 36) (37 39 74 20 47 6) 4 (43 64 61 68 48) 8 27 (11 1) (7 9 72) (78 63 34 40 45 33 35 53)
6: (72 18 29) (59 21 6 76) 19 (4 11) (60 77) 16 70 (48 24) 1 80 (69 23) (10 65) 79 (63 33 27 5) 61 56 (40 74) (55 41 45) (68 36 75) (53 12) 49 32 (20 43 42) 35 (9 52)
7: 11 (14 68) 23 (61 20 55) 35 (13 45 21) 53 (4 40) (31 1 69) 42 (12 33 52) (32 43 5 29 63 49 16 64 74 25 24) (66 77 59 60 78) 6 (8 47) 56 (27 72)
8: 52 16 (38 70) (47 63) 30 23 (65 11 5) 27 66 (21 54) 37 29 42 35 (33 13 9) (64 14) (24 43 39) (45 74 60 68 1 4) (6 55 72) (69 7) 8
9: (43 80) 14 79 (21 23) 70 (1 72 33) (61 20 5 66) (51 37 29 19 45 60 68) 41 (46 49 42) (59 9 38 55) (6 74) (64 27 11) (16 15 69 12) (63 35) 53 (13 52)
10: 4 (26 52 14 13 57 33 64 66 7) (9 43 80 11 20) (6 77 60 23 17 18 39 55 54) (68 45) 32 (12 74 63 35 21) (72 69) (73 31 65 78) (5 56 29 53 42) (61 37) (1 16)
11: 23 71 (21 62) 47 45 (14 52) (37 5 42 27 20) (64 53) 6 (76 32 68) (26 1) (44 10 12 40) (9 77 72 79 36) 61 (18 66 63) 55 (69 46 16) (33 60) 35 19 (29 75 11 70 24 74)
12: 24 78 (72 41) (79 80 35) (16 23) (36 6 40) (12 67) 59 (14 20) 46 60 1 4 13 45 33 (21 64 38 9 29 68) (62 11 66 27) 44 69 39 8 (30 55 63 74)
13: 9 (29 62 68 41 14 40) (44 49) (61 65) (63 34) (70 52) (55 48) (18 16 11 20 31 19 17 60) (80 64) 1 (7 43) (21 56 75) (69 74 23 46) 59 33 6
14: (70 75) (4 14 56 49) (69 33 55) 63 (7 48 37 39) (16 47 21) (74 72 24 35 43 64 60) (9 20 1 6 29 62 80 52 11) 32 (65 61)
15: (68 20) 52 8 (16 61 40 18 27) (35 70) 45 (48 17) (46 23 14 42 29 74 65 34 38 3 72 53) 21 11 (69 80) (6 32 4) 55 56 1 (43 2) (63 33) 7 19 (12 26 66) 60
16: (11 63 49 77) (21 23) (34 66) (30 79) (72 24 28) (69 74) 29 (68 44) (37 6) (55 43) 38 (9 51 20) (13 27 35 33 42 40) (36 19) (14 12) 52 64 (45 50 59) (17 32 60)
17: 29 (16 18 19) (44 13 43 71) (23 8) (28 24 11 69) (33 55 74 39) 53 (52 27 48) 60 (35 45 6) (40 63 38) 41 68 (9 59 64 4) (72 49 61 36 1)
18: 80 (6 64 12) (19 47) (33 68) (4 9) 17 20 72 (75 77) (38 65 53 1 44) 79 (76 74 70) (21 63 23 43 60 59 37) 3 (27 61 56 11 14 15 30) (35 52)
19: 35 (42 48) (70 47) (54 64 33 56 24 74 59) 79 (9 12) (19 52) 11 16 (63 53) 20 (46 8) (21 1 6 29 69 44 4) 18 (61 37 31 43) 68 60 (41 65)
20: (13 59 12) (1 41) (19 55 29) 23 (53 60 14 66) (43 56) 45 (27 69) 46 6 (38 9) 80 (63 37) 49 74 68 34 (51 7) 33 (11 64) (62 24 76 48 35 22) (44 21 32 61)
21: 61 (54 29 74 40 65 48) 69 (42 20 14) 43 (79 56) (1 30 53) 31 9 (7 63 68 16) (51 44) 60 11 (55 36 70) (13 64 23 21 72 35 62 32)
22: (13 8 43 44) 71 (24 11) (38 20 64 76 26) (66 9) (32 74 23 1) (30 72) (63 46) 69 (17 80) (35 55 52) (14 57 36 27 21 6) (45 59 61 33 5 60) 68
23: (6 37 4 22 20 69 27 49) (29 11) 41 (76 61 7) (35 59 64) 44 63 (36 68 62 60 33 10 31) 12 (26 32 23 14 9 79) (1 52) (56 53 48) (80 43 72 55) (21 73) (16 19 74)
24: 27 (4 6 39 29) (50 18 63 51) (34 43 41 11) (20 64) (45 13 60 26) (14 23 1 38 78 46 10) (35 53) (61 66 70 32 16 72 36) 73 68 56 44 (22 74) (21 65) 48
25: (22 9) 64 (32 52 55) (29 13 60) (50 68) 33 (48 31 24) 35 (66 7 16) (27 74 46) (23 59 28 37) 45 43 (21 14) (69 6 11 72 61) 12 20 63
26: (36 42 13 60) (11 63) (19 7 44 20 72) (29 14 64 66 16 68 35) (80 6 24) 51 52 25 (5 33 70) 45 (74 17 9) (43 55) (61 56) (1 31 23 65 32 4 21)
27: 35 56 (60 13 70) (72 47 42 64 55) (12 9 28 23 20 63 4) 14 (7 19 29 32 59 21 66 40) (69 11) (71 5) 75 33 43 (76 6 1 61) 68 48 (44 41 74) (8 37) 45
28: (39 6 70) 66 72 74 (45 11 64) (55 43 27 12) (9 69 19 37) 44 28 29 13 (21 20 14) 68 (51 63 60) 32 1 23 (75 62) 52 (33 18 59 80 79 4)
29: 78 (61 53 20 60 79 70 52 4) 16 65 7 (39 12) 21 23 64 (8 14 44) (56 6) (37 33) 27 75 (49 59 68 63 11) (55 29 43 24) 74 (9 72 17 15)
30: (32 48 61 77) (60 66) (37 51) 21 (74 56) (1 43 55 23 62) 65 (10 14 64 63 35 40) 80 29 27 24 11 (4 72 20) 41 19 6 44 (16 47 68)
31: 51 (49 59 34 76 48) (61 71 32) 20 4 (78 35 64 68) 8 (72 37 12 29) (63 80 27 21) (56 55 43) 18 23 60 (74 39 40) (69 42 33 46 9 6 11)
32: 37 (47 53 23) (9 46) (36 35 21) (13 29 20 19 7) (50 40) 18 (43 27) (41 48 5) 56 65 (11 14) (74 64) (63 6 66) (79 12 72 60 4 52) 54
33: (33 53 6 55 46) 44 (74 63) (61 37) (42 69 10) 26 (14 21 19) (34 41) (20 27 64 65 15) 29 (79 1 71) 11 5 36 (7 47 77) (52 45) (40 12 70) (60 4 9 75 66) 43
34: (35 6) (64 4) 37 (14 72) 9 (21 24 12) (61 39 74 34) (62 75) (52 60 56 59) (44 23) 41 (33 80) (30 11 53 43 55 16 63) 68 70 1 (65 69 32 42 25)
35: 6 56 (32 60) 21 1 43 53 (68 80) 79 (5 36 2) 40 (70 38 37 74 11 64 63) (12 30 46 55 23 44 29) 35 (41 49) 45 76 42 (20 9) (75 16) (59 72 52 14 66) (54 69)
36: (61 13 60) (1 70 45) (27 6 20) 74 76 (72 69) (35 32) 52 (19 43 44) 80 (30 29 24) (42 16) (31 63 65) (66 4 21 49) (68 56) 18
37: 18 57 (27 66) (32 30) 59 (52 13) (75 39) (4 79 68 56 76 72 78) 42 33 (43 63 29 21 64 26) 11 (6 23) 41 (69 14 47) (74 65) (19 61) (16 1) (60 53)
38: (45 53) 64 (72 27) 71 51 39 68 (21 13 62 11 6 17 55) 63 9 48 (43 42 56) (44 65) 10 33 4 (61 14 37) (19 59) 34 (70 60 35) (16 52) (41 1) 74 23 (31 7 66)
39: 74 71 (7 32 49 20 27 69 16 1 72) 11 (63 36) (56 46 18 43 13) (17 47 45) 80 79 14 65 10 (52 61 9 41 4 64 25 76) 55 (23 60 21) 35 (6 68 75) 42 22
40: 42 (72 61) (16 44 18 4) (47 33 46) 62 (1 60 66 52) (74 51) (40 80 56 45 14 53) (48 12 23 11) (50 63) 32 (7 29 59) (43 6 9) 13 69 64 19 21 (49 37)
41: 42 (64 41) (11 73 23 4 14 62) 44 (5 20 43 71 66 29 69) (15 63) (57 6) (55 53) (45 32 60 24) (47 18 54) (74 16 52) 12 75 28 56 (40 9) 1
42: (29 14) 26 53 11 (20 62 25) (50 79 21) 70 (24 6 33 1 63 23 10) 15 (28 32 8) (60 48) (4 69) (13 74 59) 40 (61 43 9 16 51 5 35 80 72 55) (42 68 37)
43: (44 9 63 33) 79 (24 64) (69 49 75 72) 60 (1 4) (29 14) (74 78 6 65) (16 20) 76 47 (21 32 23) (52 43 45) (56 66) 35 38 18 10 (48 61 55 53)
44: (36 29 62) (11 41 10 43 37) (33 40) 38 (70 31 59 6) 32 (80 60) (72 64) 69 (63 14) (23 16 24) (9 55 68 74 52 45 12) (4 21 30 39) (20 61) (54 35 73)
45: 27 (41 68) (59 16 1 61) 32 (11 69 20 52) (38 46 51) 40 (56 63 14 60 62 75 74 28) (30 43) 44 (24 72 22 48 23 80 6) (9 12) 33 (45 66)
46: (16 13) (59 19 27 35) 53 (69 33) (56 52 72 46 11 64 55 5 9) (24 40 60 23 79) (6 29) 14 31 (20 41) 70 (43 66 74 21 1) 45 76 (63 18 61 80)
47: (74 35 27 20 45 55) (18 5) (52 43) (6 36) 15 (14 29) 21 (9 22 1) (70 8 4) 32 16 71 (24 60 66 56) (61 62 37) (80 53 11 44 13 34 64) 40 (19 51) (41 26 63) 78 (23 72)
48: 14 (64 43 41) 70 21 63 (9 56 60) 7 (49 66 42) (32 36 27 6 74 55 65 13 16 69 73) 11 78 (50 52 72 20) (23 31 79 37) (68 4 33 12 61 48 1)
49: (42 64 11 51) (48 50 69) (33 79 20 14) (29 71) (26 59 60) 44 (32 61) (21 24 36 43 53 62) 77 (55 28) (70 6 66) (63 74 38 27 52) 13 (72 16 23 56) 4 35
50: 68 63 60 16 (43 55 30) (9 52 45) (13 36 44 10) (18 74 24) (14 57) (12 59 72) (23 53) (7 22 29 41 77) (6 20) (66 35 5) 47 (37 48) (17 33 75 11 26 19 69 80 70 65) 61
51: (11 14 64 45 55) (33 65) (10 63) 37 18 80 (21 9 53) (67 8) 44 46 (1 52 5 13 51 35) (72 24 56 32) (61 59 70) (29 23) (77 74 20 6 4 60) (43 69) 41 16
52: 68 65 63 (43 16) (13 78 20 69 6 32) (8 33) (5 9) (40 70 60) (19 66 75 44 55 74 21 27) (30 64) (12 1) (56 24 11 35 72 52 34 53 23) (59 14) 7
53: (48 27 46) 78 (38 4 32) 74 31 (26 75 63 79 6 43) 42 21 (40 61 20 37 19 45 55) 23 (70 52 62 35 80) 68 (69 72 16 29) (1 11 49) 14 51 13
54: (35 43 55 4 10) (5 68 45) (9 21 51) (80 69 76 53 33 66 59) (29 50 20) 49 (41 70 1) (48 24 14 60) (75 11 18 64 16 13 12) 6 63 (52 71 74 72)
55: (10 79) (21 35 47 52 51) 39 (64 70 69 66 60) (63 29) 59 (9 4) 14 (26 72 40 20) (43 25) (11 75 62) 53 56 (36 6) (23 33 13 12) (16 32)
56: 5 (20 11 60 6 1 19 51) 47 65 55 (21 32) (63 33) (48 29 14) 28 (56 9 40) 7 74 (61 31 37) 16 53 (69 64 49 46 23 43) 13 4 70
57: 11 61 68 (13 64) 37 35 (52 20 6 26 36) 24 (43 63) (60 15 2) 21 (14 1 40 5 28 16) 29 (33 62) 23 (32 8) (74 56 27) 41 18 (4 53 55)
58: (8 47 60) 65 (58 4) 62 (21 9 33 50 76) (30 70 18 6) (59 63 14 66) (55 39 61 20) (43 19) (51 23 35 29) (11 46 49 64 72 52) 13 (48 12 1) (37 74 24 45)
59: (66 65 6 48 5) 29 (20 55 12 44 21 69 37 76) 74 16 36 (61 79) (32 33 25 23 60 63 53 11) 43 4 (9 40) 56 (64 27 28) (80 68 62 70) 24 72 50 (52 14)
60: 44 (11 41 55) (1 18 49 21) 28 77 (14 62) (43 20 56 12) (22 38 61 60) (39 52 29 70 24 75) (4 72 53 7 63 16 45 33 9) (19 6 74) (48 68) (66 23)
61: 72 74 (49 36) (13 14 69 27 64 52 1) 42 3 (59 58 24) 20 29 11 43 (35 39) (61 34) (18 41 7) (16 21 54) (30 9 63) 53 (33 60 80) (23 48 37) 56
62: (69 1 6 9 11) 32 (4 60 53) (70 72) 12 (20 46 10) (63 37 68 44) 64 (23 47 62 52 18 13 56) (36 76 80 19) (35 21 24 16 74) 61 (14 65 43)
63: (53 37 50 35) 31 (25 80 60) (61 12 24 32 40) (52 57) 64 21 (9 44 48) (79 1 19 74 18 6 16 23 66 55) (7 4 43 72 11) 45 (46 63) 68 (20 41 69 29 73) (14 56 49) 33
64: 75 41 (52 63 48) (8 20 28 23 46 44 5 74 40) (56 60) (51 6) (45 62 66) (55 39 35 64 61 16 29) 37 (43 9) (11 49 65 72) 7
65: 62 13 (37 60 80) 16 (43 63 9 42) 4 29 53 (74 6 61 35) (66 18) 40 10 (33 72) (23 7) (14 45 20) 55 (41 1 21 11) (32 24 69) 64
66: 20 (60 29 18) (11 8 55) (59 6) 71 (19 48 72) 16 (74 32 61 4) (36 27 23) (52 40 9 47) 31 (41 24 1) 51 13 (63 78 43 37 66 70 53) (12 64 69) (65 49)
67: 46 (23 9 10 65 41 28 31 72 62 4) 80 (37 43) 21 (29 74 52) 69 20 (11 8 6 27 7 71 60 12) (14 53 40 63 1) 35 (77 24 16 61) 33 64
68: (7 1) 64 45 (15 63 55 75) 29 (24 68) 12 (72 74) (33 18 42) (60 69) 49 (35 52 32 4 65 39) (5 13) 21 17 23 27 (9 70 62) 71 14 (43 20 30 59 48) 16 41 (11 6 79) (61 46 31 22 53)
69: (43 71 55 21 16 40 64 52) 48 (49 77) 80 (29 37 5) (51 35 61) (27 33) 70 19 (47 63 38 74) 60 (8 1 23) 56 (4 7) (62 72 45 11) (32 6 9 69 14 17 78)
70: (15 59 31) (74 70) (52 65) 18 21 29 23 (11 72) (39 8 64 4 35) 66 (6 79 9 75 33 20 40) (56 51) 27 (32 46 54) (37 24) 69 (63 1 43 47) (61 53 14 60) (80 68 13 16)
71: (74 63) 20 23 (60 54) 79 (1 24 66) (52 39 53) (6 14 7 80 37 30) 33 72 (21 29) 61 71 69 16 (13 12) 9 (42 41 35) (11 43) 38 64
72: (68 16) 35 (21 23) (41 6 24 72) 9 (17 32 19 62 79 64 63 44 53) 1 (11 14 69 4 13) (48 27 45 40) (33 37 66 36) 5 55 (61 20 31 74) 10
73: (4 53 76) 75 (35 64) (41 45) (70 24 21) 8 69 6 (32 16 9) 44 14 (33 47) (31 68 62) (52 48 74) 12 (42 11) 60 63 72 (55 43 19) (66 37 18 46)
74: 33 6 (9 4 37 53 13 35 31) (61 63 24) (66 29 60 44) 27 (43 74) (46 40) (30 52 19) 11 34 (69 14 64 55 59) (8 16 68 20) (12 28 42)
75: (26 55) 36 33 6 (21 12 61) (29 43) 68 (19 59 80 53) (75 27) 24 (9 14 60) 35 (62 74) (79 78 7 63) (44 69 4 56) 65 (5 42 1 70 39 72) (41 37 73 20) (23 48 52)
76: 63 9 (62 25) 70 61 (27 78 36 49 53) (23 29 8 18 45 35 4 11 64) 47 19 (13 46 68 69) (56 3) (44 41 38 20 43 74 52) 55 (72 31 42) 66 71 (21 65 60) (48 1 6 32)
77: (38 69 29 70) (52 68 48 60 13 74 63) 61 32 (24 4) (1 11 76 80) 16 (58 36 51 30 14) (79 59) (7 56 12 19 49) (64 20 37 47 55) (6 27 33 9 23 71 45 21 43)
78: 80 (52 75 57 6 60 76 72 28) 42 29 20 (25 53) (2 63) (74 13) 33 21 (11 27) 54 64 12 (41 24) 69 9 (61 37 62) (43 10 32 5 19) 35 (56 66 26) (16 18 4)
79: 16 (61 56 72 23) (28 41 53 14 69) 4 (21 36 12 80) 15 (40 6) (74 66 70 64 33 20 27) (11 60 37) 43 (46 59 29 45) 44 (25 49) (63 2 1) (68 62 35) (7 30 55) (32 8)
80: 78 (49 14 1 9 52 39) (24 23 74) 62 7 37 (68 16 64) 48 (33 75 60) (12 29 45 3) (18 4 63 42 41 35 71 21) (11 13) 55 (72 19) (40 44) 6 (59 51) 80 46 (5 27)
