80 80
1: 37 6 14 61 33 53 67 34 39 68 20 42 59 5 27 16 38 58
2: 74 54 25 78 12 10 32 4
3: 78 57 66 9 35 43 79 32 28 31 70 25 65 45 68 6 2 51 60 13 20 24 4 46 53 69 26 47 27 19 63 33 76 61 59 73 80 41 16 23 15 14 29 74 12 37 30
4: 51
5: 32 20 55 42 12 54 39 72 51 28 18 79 35 4 34 43 25 23 69 38 26 37 21 10 59 60 3 52 5 2 74 8 14 67 40 9 53 44 71 30 70 16 68 31 33 50 36 7 22 75 66 24 1 73 6 76 13 45 78 46 29 48 77 11
6: 54 48 28 40 13 66 59 7 8 29 49 74 23 42 76 77 44 14 6 50 53 38 12 69 68 64 72 43 65 80 60 67 33 51 2 79 45 58 15 39 55 9 52 63 16 70 32 57 47 78 24 19 22 17 11
7: 29 55 20 57 53 33 60 24 21 31 39 4 68 10 54 26 1 74 35 25 45
8: 15 42 69 30 34 61 39 14 29 77 58 68 5 22 28 43 78 64 70 60 10 45 18 13 27 80 49 46 67 66 62 50 31 17 6 38 55 33 71 3 57 41 24 44 40 8 7 32 52 25 76 4 54 19 1 21 16 9 35 23 72 63 12 2 36
9: 5 79 55 80 52 75 15 29 42 17 4 2 24 77 53 65 1 67 30 47 69 64 10 8 68 23 21 66 32 43 54 25 63 26 6 50 58 72 12 61 56 62 7 37 11 19 48 59 44 60 13 51 78 22 71 20 39 40 27 49
10: 44 50 31 23 35 4 11 52 28 57 61 51 5 1 77 19 60 9 15 13 73 41 46 58 76 43 22 36 63 74 3 39 55 37 80 79
11: 9 34 24 71 10 64 38 25 20 14 58 33 2 73 54 11 43 30 59
12: 7 27 8 80 23 77 18 49 54 6 3 38 41 75 15 42 51 57 5 36 35 19 45 44 63 39 34 28 31 66 52 67 61 16 26 21 25 40 29 17 71 59 13 2 73 74 58 68 1 32 24 12 48 4 72 53 9 70 79 14 55 47 62 30 46 11 20 65 78
13: 78
14: 21 31 49 76 42 56 3 40 10 67 16 70 63 48 61 41 62 1 47 2 55 43 32 72 17 44 7 23 37 78 46 13 54 50 39 57 36 58 68 34 12 51 5 18 66 6 71 60 53 77 35 22 4 15 73 24 69 27 25 45 79 38 64 19 26 74 52 8 29 30 14 28 20 75 65 59 33 9 80
15: 56 49 20 24 30 16 76 67 42 13 33 22 32 46 17 55 77 52 54 74 36 39 45 35 37 65 51 68 8 26 50 80 15 10 19 60 64 9 40 31 43 28 29 75 27 2 63 38 72 57 12 47 62 23 61 59 73 66 44
16: 5 32 2 67 24 51 14 65 55 28 73 20 39 8 56 22 71 46 6 19 77 75 11 30 42 66 52 36 21 31 63 18 54 50 45 69 57 15 68 9 35 53 72 29 13 33 34 80 44 49 47 62 40 59 1 70 27 16 3 76 58 26 48 64 74 61 4 38 37 10 7
17: 35 65 28 1 51 7 23 34 19 30 54 70 22 39 25 21 74 32 15 44 72 76 62 33 69 36 14 40 20 18 53 41 58 68 3 13 80 49 4 24 11 79 43 47 61 5 60 45 77 46 78 42 12 37 52 2 48 75 6 71 26 16 56 64 63 38 9 8 55 27
18: 65 52 61 4 41 71 54 67 55 20 66 28 8 26 30 1 43 63 57 31 45 7 2 58 27 22 33 77 37 39 23 14 49 53 48 51 17 15 73 36 68 6
19: 41 5 22 48 27 7 64 70 44 11 25 78 29 73 19 54 2 72 62 79 39 50 53 40 68 76 23 52 32 20 15 10 26 9 4 51 60 28 36 24 75 43 14 74 42 21 69 61 49 59 1 65 77 71 8
20: 8 57 67 33 2 53 17 13 77 66 45 35 71 32 27 20 54 41 7 26 49 37 23 4 22 11 61 78 51 56 31 10 28 1 21
21: 60 37 16 14 2 28 35
22: 19 45 3 17 40 41 10 69 24 60 25 57 14 11 61 44 46 63 53 35 30 66 21 27 12 54 48 52 36 64 15 23 7 8 49 72 42 16 65 59 51 67 77 56 38 18 26
23: 69 71 1 25 33 46 20 59 63 62 8 72 31 7 18 61 51 66 77 67 14 60 24 42 26 32 30 3 50 57 27 44 58 2 68 54 52 36 35 39 9 55 12 64 16 11 10 53 75 13 38 80 29 49
24: 75 17 56 57 44 73 30 45 53 69 43 25 28 65 20 72 10 7 13 76 31 80 46 59 37 35 71 18 15 63 70 49 61 24 27 1
25: 3 53 17 66 40 18 9 44 2 78 23 56 29 22 73 4 38 76 63 35 10 30
26: 34 26 14 18 15 4 75 25 54 6 64 59 22 12 53 2 50 38 63 29 67 23 66 7 39 58 30 31 43 73 35 16 76 19 33 49 21 37 65 17 57 56 46 32 44 8 27
27: 57 8 59 66 9 20 74 69 16 27 34 37 18 13 51 24 4 26 11 65 47 77 43 76 36 5 64 72 10 29 42 49 19 61 67 1 33
28: 41 42 33 7 70 12 54 11 62 56 10 79 30 20 4 59 1 27 3 74 44 38 14 66 53 35 17 52 73 8 69 55 40 60 2 47 58 36 23 75 18 6 34 49
29: 12 57 67 32 23 30 10 71 50 59 21 11 4 16 47 15 73 61 35 63 38 39 20 36 49 40 66 74 48 1 6 24 52 34 43 80 42 2 60 58 28 65 75 46 18 44 17 62 68 53 72 9 41 25
30: 39 35 69 55 34 53 17 16 67 62 11 47 76 22 56 32 2 14 42 19 80 18 54 26 61 45 59 27 31 10 15 28 12 43 52 60 8 41 4 7 72 70 50 46 71 30 25 68 38 75 33 5 20 37 3 65 9 64 73 78 74 63 36 66 24
31: 46 29 14 11 70 16 44 77 60 24 8 40 74 12 35 48 32 73 63 72 21 75 64 9 15 45 68 49 22 79 55 4 50 58 30 71 27 39 7 38 43 5 18 6 52 31 2 80 36 17 61 59
32: 74 6 10 39 44 71 3 35 42 70 75 36 64 37 61 7 57 19 66 38 24 15 28 54 59 13 23 30 69 63 8 40 73 34 27 62 68 43 16
33: 4 29 80 23 59 36 49 19 10 44 50 25 68 60 54 74 1 26 42 32 58 65 57 40 15 63 47 9 78 33 41 39 22 61 35 30 7 8
34: 27 31 61 40 78 36 10 54 18 62 53
35: 67 25 3 36 61 17 48 43 41 13 68 73 1 14 4 53 54 46 24 79 37 44 33 27 76 5 23 57 29 40 63 18 71 56 38 21 12 19 22 28 10 70 60 47 15 26 42 50 30 16 58 8 20 2 55 52 39 34 78 69
36: 3 4 76 30 26 69 80 40 7 79 61 2 77 9 73 52
37: 63 23 76 40 37 44 31 24 36 71 55 29 42 60 41 26
38: 61 20 47 53 69 14 6 26 37 46 8 35 79 73 58 60 30 21 24 49 50 65 7 39 57 59 42 32 74 4 9 41 27 43 54 75 77 12 45 23 15 25 68 44 64 1 76 40 71 66
39: 47 6 70 76 5 4 16 29 38 28 7 60 32 72 19 25 51 67 37 1 49 53 41 63 73 68 45 35 34 8 62 48 23 30 39 58 77 12 79 24 74 13 64 44 31 22 71 59 65 55 80 18 42 54 46 78 57 43 50 26
40: 60 44 20 53 9 42 58 27 68 38 23 78 21
41: 51 15 57 40 3 30 8 18 45 67 47 6 79 63 56 52 11 55 39 58 29 62 50 71 74 17 41 53 38 19 22 24 28 13 31 2 27 26 78 7 73 66 48 33 9 49 68 72 1 35 77 10 32 76 70 75 37 42 25 20 12 34 5 14 65 46 36 44 64 54 59 16 43
42: 9 8 3 35 65 34
43: 25 73 48 67 40 15 64 1 60 55 59 26 8 61 62 16 28 52 39 29 2 22 58 33 38 11 36 47
44: 63 65 36 53 25 37 44 50 58 21 18 13 15 51 42 62 34
45: 47 73 13 52 63 35 5 70 40 14 4 53 51 64 38 60 10 9 36 32 74 71 72 62 78 24 25 12 61 34 30 7 80 8 3 58 1 44 26 46 43 49 56 69 21 31 23 6 20 29
46: 23 30 26 34 16 4 36 6 56 77 67 7 38 28 42 54 49 3 32 1 55 22 14 45 73 53 46 9 79 62 51 59 75 65 15 35 71 8 74 70 40 76 52 13 25 69 39 64 63 44 17 33 20 27 48 18 11 58 47 78 5 72 43 10 19 68 57 2 21 80 60 50 12 66 24 37 41 31
47: 12 22 49 71 64 66 41 55 40 77 8 26 43 73 72 69 39 57 28
48: 64 10 73 22 34 66 65 76 9 4 5 45 61 43 71 29 21 26 8 25 75 50 51 38 44 36 78 40 67 24
49: 2 75 79 5 51 77 13 11 62 73 52 57 1 37 32 41 49 50 35 58 24 40 48 54 3 69 23 45 20 22 6 47 67 8 12 74 42 38 76 64 17 55 60 10 72 61 71 15 63 25 56 19 14 16 53 44 43 31 7 28 39 34 30 68 27 33 65 18 66
50: 23 19 56 70 65 16 4 14 64 47 39 54 53 79 60
51: 10 63 19 20 11 44
52: 42 44 9 37 15 1 55 60 52 69 77
53: 15 64 44 19 62 78 33 73 70 21 58 18 55 56 17 51 53 16 79 12 11 27 46 47 69 28 14 36 10 45 4 50 29 7 42 26 34 32 63 25 72 13 38 9 75 48 57 76 22 35 39 30 40 80 31 60 52 41 8 65 2 66 43 77
54: 9 66 22 74 8 71 57 39 23 73 37 80 55 63 16 47 35 36 41
55: 23 20 21 77 40 25 62 68 57 47 3 24 22 36 43 79
56: 47 21 67 8 13 72 5
57: 20 61 74 1 14 34 66 44 45 68 78 8 67 22 60 49 79 50 56 28 62 2 10 77 6 15 24 35 4 13 72 39 63 70 17 53 31 69 51 27 65 11 55 75 46 3 7 23 58 43 54 80 25 71 76 5 18 38 73 59 42 52 30 33 32 29 16
58: 76 32 13 19 25 11 2 43 80 6 20 55 50 77 14 62 30 33 37 59 9 47 42 34 69 44 36 5 17 26 27 73 45 68 57 66 1 31 72 49 64 39 61 78 70 29 74 35 54 52 16 71 41 53 15 38 46
59: 43 37 69 31 5 77 19 17 22 26 3 79 46 10 16 2 18 7 49 59 54 48 24 25 36 53 63 68
60: 10 74 69 60 19 15 66 68 72 63 49 46 59 6 13 2 64 18 80 17 34 32 9 22 39 45 76 30 55 21 41 44 11 51 29 56 71 48 1 3 26 25 20 58 47 14 36 70 75 31 62 28 33 5 4 16 38 27 50 53 67 40
61: 3 21 69 74 78 41 53 16 7 70 77 45 52 43 26 14 37 59 31 8 50 44 39 32 62 57 55 19 65 40 51
62: 69 59 75
63: 21 18 64 76 56 31 27 40 57 69 35 77 10 13 36 20 23 6 60 22 54 51 38
64: 72 33 51 2 16 4 21 5 42 55 11 23 40 80 8 52 65 62 75 67 77 37 61 41 49 20 60 74 70 56 63 46 53 39 64 32 59 6 43 79 9 48 18 7 13 68 30 69 73 12 36 66 3 28 45 1 22 57 19 14
65: 55 75 63 32 21 9 40 65 42 58 24 38 50 11 60 66 26 29 3 31 19 51 2 5 25 7 30
66: 75 14 29 1 26 27 9 11 10 57 58 60 7 80 2 35 20 55 43 66 18 68 79 13 62 12 28 45 74 54 77 41 19 24 63 16 52 73 67 25 5 44 76
67: 10 49 70 57 67 18 25 58 77 3 71 45 54 28 59 60 48 4 79 30 17 56 65 12 7 61 41 68 40 75 47
68: 32 7 69 66 23 72 14 36 21 74 24 31 58 26 35 33 67 48 54 8 59 51 50
69: 45 73 59 1 63 75 42 27 12 67 28 80 71 22 64 10 65 69 62 46 14 68 21 53 36 54 49 16 35 34 40 55 33 31 77 66 76 74 57 20 61 15 29 32 37 47 43 52 26 17 39 60 79 5
70: 80 57 3 11 29 4 27 36 53 42 14 77 78 43 12 31 74 44 76 33 25 10 21 60 7 72 8 23 40 30 9 35 2 47 52 28 69 6 46 37 38 66 50 65 71 5 73 41 58 34 75 63 62 54 70 56 79 68 39 17 19 15 64 32 20 67 51
71: 9 19 65 36 67 68 1 20 31 22 38 60 80 47 43 63 77 30 18 46 42 3 64 15 58 8 74 57 59 29 35 34 62 55 53 24 48 56 25 26 13 27 12 75 4 49 6 23 5 51 54 70 2 16 79 17 37 78 72 50 7 39 44 10 11 28 52 40 66 69 71 73 33 21
72: 75 44 74 61 6 4 2 28 12 46 51 58 76 69 3 65 10 27 1 11 22 30 32 66 20 17 47 73 29
73: 52 11 36 53 22 64 46 80 34 25 16 57 6 31 17 66 1 51 2 49 47 76 29 9 35 23 4 79 48 73 71 67 13 72 33 15 8 5 27 59 19 77 14 26 42 65 78 24 10 74 41 68 39 30 37 28 18 7 50 75 69 54 20 44
74: 5 71 29 53 66 19 23 27 74 35 34 26 58 70 1 51 10 72 39 37 79 47 36 28 69
75: 4 54 38 57 72 49 56 32 67 5 39 19 78 48 79 28 46 42 11 10 36 14 16 12 62 75 74 23 63 20 71 24 13 2 8 61 69 51 80
76: 42 30 9 28 25 43 74 2 34 70 21 22 56 79 64 65 14 55 53 72 78 57 76 54 16 60 32 11 61 39 31 68 67 45 5 49 71 19 17 1 4 51 24
77: 64 29 76 51 41 25 15 72 54 49 67 35 42 21 34 2 68 39 79 56 52 71 48 77 44 26 66 33 46 69 10 57 7 19 47 11 80 31 23 22 74 43 17 28 45 70 18 59 38 75 63 36 8 40 12 14 62 55 65 61 50 24 32 5 37 9 13 78 30
78: 62 61 28 73 21 24 72 66 45 79 33 64 65 47 26 41 49 11 44 20 56 10 55 1 74 78 37 18 77 58 67 80 51 3 9 60 53 54 16 17 13 43 8 71 32 50 52 68 39 25 42 30 40 14 36 19 38 27 6 34 12 31 35 57 48
79: 32 73 64 52 26 70 21 65 37 16 29 58 56 12 44 63 51 18 49 42 45 8 77 15 20 22 62 41 1 66 23 24 39 72 55 2 48 61 47 9 50 40 6 3 36 75 27 19 60 68 30 79 57 76 78 7 25 4 13 69 17 35 33 80 28 53 71 38 11 43 5
80: 58 26 15 78 63 9 32 45 8 75 57 27 72 79 33 1 56 51 67 31 37 35 12 30 17 5 47 49 44 6 21 50 74 34 24 16 65 19 73 80 25 10 76 11 39 18 55 53 13 28 62 68 20 52 22 66 36 59 29 38 3 64 60 46 69 42 48 4 40 77 14 41 7 61 54 2 70 23
1: 64 49 (66 24 7) 28 (79 41 35) 10 (78 72) (71 23) 16 (60 5) (39 8 43 18) 69 (29 73 80 46) (14 45) 17 (19 74) (12 20) (9 57 38 76 27) (52 58) 33
2: (18 11) (29 6 64) (31 19) 5 17 30 23 16 (43 76 59) 41 (57 72) (71 70 73 20 58) (35 26 80 75) 66 (15 60 12) 46 8 (65 3) 36 25 (14 53 21) 9 (79 77 28) 49
3: (72 80 25 55 49 5 78) (12 59 8) (64 16 35 61) (79 10) 42 (17 67 46) 71 30 (60 23) (57 22) 14 65 (45 41) (36 28 70 32)
4: 8 36 (75 27 26) 14 (73 10) (53 17 9) 7 76 (38 2 30 72 50 19 70) (48 3 45 18) (31 33) (67 39 5) (60 12 28 20) (71 64) (80 57 35 25 79 29) 16 46
5: (9 14 77) 48 49 (31 76) (65 5) (1 12) (39 57) (60 70 17) (80 58) 10 45 (73 30 74 64) (59 46 56) (69 71 41 66 19) 35 16 75 79 (8 27)
6: 28 79 9 1 (60 5 32 57) (78 72 29 18) 6 39 73 41 (58 14 31 16) 12 (70 71 17) (26 49 63 45 38 8) (46 64) (80 3)
7: 24 (32 46) (64 8 49 79) 61 59 (18 71 36) (12 38 16) (19 70 9) (23 66 6) 30 (67 80 68) 65 53 20 (57 22 31 26) 17 (14 41) 5 45 77 (39 73 28 33)
8: (64 54 15) (20 75 71 45 6) (56 70 80 61) (48 23 43) (22 8 26 19) (33 73 32 42 31) (16 17 27) 9 (78 46 47) 41 39 30 (49 57) (77 28) (68 5 35) (79 53) 18 (38 12) 14
9: 60 (42 23 52 29 45 25) (36 6) 33 71 (70 15) (66 48 19) (73 16 65 12 77 10 79 80 40 11) 64 31 (41 46 54) 38 (17 76 3 27) (53 78 14 58 30 5 8)
10: 29 (51 49) (32 28) (41 77 53 8 59 33) 25 72 (70 15) (78 24 5) (73 48) (45 57 60) (14 67 7) 27 71 80 (19 63) 75 66 (9 22) (23 46 11 74 35 30 16) (69 34) 2 20
11: (51 49 76 70 12 20) 78 (79 77 17 22 57) (43 75 6 5 31) 10 (16 46 23 19 27) 64 11 66 (53 65) (72 60) 80 (29 73 58 28 71 9) (41 30)
12: (70 79) (69 53 35) (47 6) (45 28) (14 15) (77 41 66 30 31 26) 71 75 (80 38) (8 3) 49 (78 22) (12 23) (17 46) 67 (64 72 9 2 5 29 39)
13: (8 17 3) (73 78) (16 64 12 75) (46 9) 23 (49 80 57 41 39 10) 71 79 (66 45) 5 44 (58 32) (15 53) 14 20 (27 60) 77 (24 6 35) 63 56
14: (76 57 60 17 50) (28 6 1 21) (3 77) 12 61 (80 38 70 30 16 46 41 35 11) 22 (68 45) (53 26) 18 (69 14) (78 66 8) 49 (64 5 31 73) 75 (19 58 23)
15: (24 43 30) (46 53) (77 16 38) 8 17 (80 52) (70 9 33) 15 (29 73 71 18 32 31) (10 49 41) (22 14) 58 (3 26 19 35 44) (57 60) (69 12) 79 6
16: 30 (60 1 57) 35 (32 23) (12 15 6 59 61 71) (26 78 17) (53 50) 3 (39 29 27) (73 49 5 54) 64 (76 69 41 21) (22 8) (43 79) (16 31 80 14 58 66 46 75)
17: 58 26 (20 71) 79 (80 18) 72 78 12 (53 8) 41 (22 35 6) 57 76 (30 9) (15 14 77 28 46) (69 70 59 60) (31 24 29 49) 67 (25 73)
18: 8 (22 12) (27 30) 77 66 25 35 (59 17 53) (5 80) (44 60) (79 34 63 71 16 41 14 24) 78 (23 64) 28 (73 29 31) 67 26 (46 39) 57 49
19: 10 (74 60) 65 73 (78 16) (12 41 51) 6 (76 39) (26 3 80 77 30) 70 (61 71) 50 49 (79 59 35 33) (27 64 19 15) 8 66 (14 58 22) 53 32 (9 17) 46 75
20: 24 (35 60 11) (27 20) (51 71) (72 73) 5 (40 12) (75 9 23 16) (28 79) (78 57 46 80 29 17 49) (55 1 30 19) (63 58) (69 18) (38 41 45) (7 66 3 70) 14 15 64
21: 7 65 (53 12) (9 64) 8 (63 60 55 77) (48 16 80 44) (71 69 35) (5 68) (56 17 46) (31 38 79 26) (76 20) 22 (40 14 19 78 45 29) 70 61
22: 59 (47 16 60 10) 8 (39 30 71) 69 (31 46) 9 54 (35 80) (48 25 49) 43 (72 63 77 76 64) (18 5) 33 (26 19 55) 79 (20 73) (53 41 14) (6 57 17) 15
23: (37 45 54 39) (70 8) (74 5) (73 29 71 25 49) (26 68 6 19 57 33 64 12 79) (3 55) (46 32 77) (20 22 80) 14 (18 35) (50 9) 10 (38 63 40 17 75 15) 28
24: (6 17) 38 (55 75 30) (65 80 48 23) 16 5 77 (68 66 29 9) (45 19) 71 (11 14 39) 27 (22 37 73) (35 24 15 59 8 7 12 32) (46 31) 49 (57 3) 78 (76 79) 41
25: (24 14 48) (43 3 78 70) (60 76) 53 (38 49 66 30 33 22) 55 67 80 (35 44) 41 (79 2 73 23 7) 77 (71 26) (59 58) (5 19 8 39) (65 12 9 45) 17 (11 29) (46 57)
26: (74 39 65) (69 59) (71 48 58) 45 (80 66) (19 61 77 3 53) (18 22 27) (38 16 78) (5 68 73 37) (33 35 20 12 43 47 30) (7 15 36) 41 9 (79 26 17 14 46) (60 23)
27: (12 16) 31 (18 35 78 79 22 49 41 28 23 74 63 27) (80 34 72 53 9 24 8 14 58 32 20) (19 17 60 71) (66 70 15 69 30 46 38 40) 3 (26 1) 73 57
28: (10 76 66) (60 70 39 17 64 6 71 57) (80 20 79 24 41 21) (8 15) (32 30 19 72 67) (77 53) (47 43 16 75) (78 35 46) 3 (49 5) (73 14) 29 (69 18 74 12)
29: 16 (58 79 73 57) (19 71) 53 (15 45) (31 3 77) (37 70 72 7 39) 65 (33 23 41) (26 80 9 74 66) 14 (48 69 6 43) (25 60 12) 27 (5 8 35)
30: 28 (26 46) (64 72 71 8) (3 29 18) (14 38 65) 45 (30 32 57 70 12) (49 15) (58 24) (36 67 35) 53 60 (41 17 11) 80 77 (9 23 76) 22 (31 39 79 73 78) 25 (5 16) 33
31: 59 68 (14 69 46 65) (15 3) (26 39) (10 5 8) 23 76 30 (12 77 80) 41 61 20 31 (34 7) (49 63 18 16 57 24) 78 (53 71) 37 (45 70 73 58) 60
32: (49 19) (26 31 9 75 12) (64 53) 17 (6 33 29) 65 (3 8 23 78) (61 80) (20 2) 70 (68 15) (16 57 30 58 77 60 38) (46 69) (41 39 45 72) 5 (14 79 76)
33: (69 71 49 14) (16 11) 5 (53 41 70) (7 33) (6 8) (20 28) (23 1) 58 18 77 (80 35 30) 78 15 79 (46 3 17 26) (64 60) 27 (73 57 68) 43
34: (5 16 48 76 1) (44 69) 45 (8 17 32) 29 30 42 (11 80) (49 41 58 27) 28 (71 74 39) (77 70 14 57 53) (73 60 26) 12 78 (46 35)
35: (14 58 7 73 38 42 41 28 77 54 26 31 16 24) (46 57 45 69) (78 20 29) 80 (39 8) (21 71 74 32) 53 33 (79 15) (70 17) (68 5 22) (30 63) 3 (10 66 25) (23 12 49)
36: (78 5 18 63) (75 41 45 77 74) (8 58 23 70 64) (19 34 22 16 79 14 35) (17 31) 43 (73 44 60 69) (27 12 10) (68 80 33) (54 30) 15 (37 48 71) (46 28 53) 29 55 (32 59)
37: 78 54 24 (79 77) (41 20 52) 69 (37 64 38) (16 35) 9 (59 44 14 30 27 32) 17 5 (39 74 71) 58 46 3 73 (21 26 61) (49 1 18) (80 10) 70 15
38: (11 8 49 6 70 63) 28 (12 40 16 14) (39 80 41) (57 15 25 5) (31 22) 17 (35 58 77 43 79) (65 60) 1 (30 78) 48 (46 23 53 71 26 45) (29 32 75)
39: 23 9 60 (57 7) (58 8) (15 29 12) 19 (18 16 79 47) 5 6 26 (41 53) 30 70 80 (32 10) (46 33 76 74) (75 78) (77 35) 14 73 (71 50 69) (54 64 31) 1 61 43 (38 17) (39 49)
40: (37 16) (80 70) (31 61) 45 (55 60 22) 77 (6 14 12 33 67 65 15 43 47) 19 (5 28 38 64) 35 48 36 (49 71 9 34 78) 8 (79 53 25 69 17 41 46) 32 (29 63)
41: (28 35) 77 (17 3) 67 (53 58 46) (79 39 66) (22 14) (54 47 18 12 60) (61 10) 8 20 64 (38 78 73 70) (33 30) (19 80) 41 37 29 49
42: (35 37 49 70 19 5 76 44 15) (78 39 33 23) 14 (52 69 38 9) (32 40 75) (30 73) (29 58 79 27 57 8) 16 (22 28 17 6) 80 65 53 (1 46 12 64) (77 71) 41
43: 17 (57 79) (76 29 55 48) 10 (71 15 39 47 59) 24 (69 70 58) 11 (8 3) 35 (61 46 18) 32 45 (9 26 64) (6 19 30) 5 31 41 (49 14) 78 (53 66 38 27 77)
44: (73 22) (23 29) (12 53) 31 (35 48) 41 39 (61 80 57 28 60 77) 19 (66 14 10) (38 8 49) 16 (71 15) (6 32) (33 40 24) 25 (72 52) 5 37 (44 17 70 9 79 46) (51 45) (26 78 58)
45: (14 80 49) 57 48 12 69 66 (31 18 58 20) (8 77 76) 38 (24 7 41) (67 5) (64 39) (46 78 60 16) 53 6 (79 61) (22 17) (3 15) 30
46: (14 39 80 3) (71 45) 59 (77 46) (72 10) (60 31 30) (38 17 24 69) (29 22) 64 (58 41) 26 70 (8 57 23 73) (35 16 53) (15 12 75 5)
47: 33 39 (46 3) (53 16 78 67 28 55 9 50) (17 14 49 74) (43 29) (58 72 80 27 35) (71 73 69 15) (54 12 56) 38 (41 6 79 77) (60 30) (70 45)
48: (79 31 43 9 71) (67 39 80) 68 73 (59 64 17) (6 12 22 46) (14 19 41 77) (35 53) (49 78 29) (5 16) (18 75 60)
49: (24 16) 47 33 (64 15) (41 31 45 39 18 75) (26 12 79) 28 (76 29) (8 6 17 58) 59 (73 49 38) (23 77 20 27 9) (71 46) 80 57 (22 78 14 19 67) (69 60)
50: 5 14 (65 49 78) 19 (79 41 58) (71 9) (30 44 33 61 68) (77 10 46 23 31) 29 26 (8 73 15 53 39 16 80 60 38) (35 6) (70 48 57)
51: (22 48 70) 57 (9 73 10 65) (64 53 12) 18 (39 17 60 46) (16 79) (45 71 78) (3 74 15 80) 6 68 61 (20 4 23 19) 49 (14 41) (75 5) (77 27 76 44) 63 72
52: (5 53 41 14) (6 17 28) 64 36 (69 9 70) (78 73) 71 (10 35 80 12 30 15) 58 (23 45 61 46) (19 77) 57 (52 16 79) (18 8) (31 43) 22 (66 49 29)
53: (29 50 20 18 6 26) (41 1 22) (74 80 16 44 69) (14 76) (64 25 57) 39 (17 78) (60 46 58) (40 34 19) (79 35 38) 12 (70 59) 73 (9 45) (24 5) (30 53 28) (23 61 71) (7 3 49)
54: (69 75 30 11) 23 (8 71) 39 (50 32 26) 2 38 20 (6 80) (33 73) (7 14) (41 63) (68 78 70 5 28) (16 15) 67 (35 22 34) 58 (49 19 57 18) (9 77 76) (17 12 59) (46 66)
55: (5 69 23) (77 46 6 39) (80 78) 17 (10 9) (47 14 8) 76 (53 7) (71 37 65 43) 57 (61 31 28 30) (54 16 79) 35 (60 52 58 18) 41 15 (64 66 49) 12
56: 50 80 (25 17) (76 41 26) 79 (20 63) 22 (78 60 45 9 70 53 35 49 28) (77 67 75 46 16 57 30) 71 (15 64 14 24)
57: (58 66) (15 54) (46 7 29) 32 41 47 (22 73 55 63 71 24) 14 (76 53 18 3 61 77 23) (39 10 80 35 6 79) 20 70 38 33 12 8 (16 64 26 27 67) (78 75 69 49)
58: (35 6 11 68) (67 26) (70 71) (41 72 38) 53 (57 28) (18 80) (1 31) 60 (65 45 44 43 23) (14 78 46 12) 9 17 33 10 (79 49) 39 (29 16) (66 74 40 8)
59: (39 3) (1 26) 27 (29 11) (68 15 71 80 59) 38 (57 58 67 14) 46 (60 6) 24 61 43 (28 9 12) 16 (73 41 69 33 23) 19 31 (64 32) (22 77 5) (62 30)
60: (5 43) 9 49 28 (65 35 7 31 17 80 40 46 39) 23 (53 14 66 71 33 29 50 79) 60 (8 30) 69 (76 64) (19 15) (70 78) (22 45 3) 10 (52 37 38) 67 21 57 63 6
61: (45 32) 34 18 (19 3 36 20) (14 1) 35 (31 15 49 58 23) 9 (33 57 48) 77 80 78 76 (43 10 79 22) (30 17) (67 38 24 75 16 27 69) 8 (72 12 29 64)
62: (34 58) (53 43 30) (80 66 77 57 12 32 29) (16 28 9 75 79) (14 23 69) 39 (60 71) (55 19 46 17 64 44 8) 70 (78 45 41 49 61 15)
63: 6 (54 14 23 49) (44 53) 37 9 (26 59 60 24 17 10 71 39 15) 31 (16 70 3 80) (30 8) 65 (29 64) 51 57 (22 35 25 77 41 33 69) (46 66 32 75 79 12 18 45)
64: 50 (78 71 27 43 64 15 69) 32 (16 6 49) (22 73) (76 31 8) 53 60 (70 41 23 45) (38 79 80) 14 (48 46) (39 30) (19 47) 26 (77 58 9 63) (11 17)
65: (24 49) 76 46 33 69 18 (65 73 41) (71 61) 39 (42 15 67 6 38 27) (79 17 53 78) 26 (14 19 77 16) 29 64 3 22 (12 44) 80 (57 50) 72 (9 70 48) 30
66: 64 (77 60 22 5) (14 30 48 28 78) 69 (18 66 6) 71 54 (49 73) (57 68 80) (32 25 15) 27 53 (12 79) (8 3 20 23) (41 58 29 74 16) 46 (70 26) (65 9 47) 72 38
67: (26 69 39 66 30) (75 60 48 64 22) 5 23 (67 70 43) (14 78 12 76 27 77) (57 49 68) (73 29) (1 35 9 80 15) 18 (71 6) (41 56 20 8) 16 46
68: 67 18 (80 73 31 29 16 59 35 60 33 70 1 14) (9 23 39 76 19) 5 (32 55 58 12) (49 78) (6 15) (3 64 77 57 38) (71 8) (17 40 41) (79 7 66 46 30 69)
69: 5 17 (75 60 77 58 28 30 22 61 59 62) (68 63) 73 (6 49 36) (16 80) (57 74 23) (53 27 19 79) (71 69) (35 8 47) 64 70 (3 52) (24 32) (46 14) (45 38 9 72)
70: 76 61 12 6 16 (70 64) 79 (19 80) (71 58) 8 39 (24 5 46 14 32 45 3 17 57) 35 31 53 67 (30 50 41) (77 60 28 74)
71: (45 60) 54 71 (37 20) (77 31) (29 32 67 14 47 17 30 49) 57 23 (74 24 41 46) (76 48) 35 (78 73) (18 16 69 12) (9 75) (5 39 70 8) (38 79) 19 (58 11)
72: 64 (57 49) (74 53) (75 68 29 76) (45 58) (14 9) 23 6 (39 16 30 12) 47 73 41 (31 24 5) (60 56) (19 77 78 70 46 80) (71 8 15) (17 22 27) 79
73: 70 (19 58) (31 53) 5 (79 30 72) (80 28) (10 12 48 18) (54 47 16 38) (25 15) (11 36) (35 64) (3 41) 32 (46 71) (66 78 24 43 29 69) 49 14 73 (39 45 57 26)
74: (60 73 27) 30 71 (74 76 31) (41 75) 57 (64 38) (2 10 72 17) (14 3 33) 7 77 (80 15 39 49) 70 66 (6 29) (16 68 45) (32 12) 58 (69 78 61) 28 (5 46 54) 19
75: 80 (73 77) (64 71) (14 17 70 69) (32 41 19) (75 79 57) 29 53 (5 72 48 62 16 26 49 38 31) (65 60) 46 24 (66 30 28 15 12 9 23) 67
76: (36 60 27) (46 10 41) (24 48 69 17) (35 30) (5 58 70) (16 72 63) 19 (3 14) (39 49 76 73) (6 80 79) (77 26 66 37 25) (15 8 38 57) 53
77: 53 (31 78) 64 (66 47 80 10) (57 27 8 70 69 20 79 12 67) (36 14) (71 77) 15 (55 61 38 19 63 41) (16 58 22 9) 17 (18 46 39 59 49 5 6 23 52) 73
78: 61 (34 73 30) (13 2) (53 77) (20 46 9 76) (35 3 19 57 12 41 25) 39 (5 70) 48 58 (8 71) 17 (14 75 6 40) (78 80) 79 (45 33)
79: (10 53 80) 57 (17 78) (50 66) (59 55 49) (39 69 41) 46 3 31 (19 74) (38 67) (71 14) (70 5 76 64) (79 73 36 6 12 77 75 9 35) 28
80: (70 77 8 46 78 79) 39 69 31 57 54 (3 16) 17 (53 45 9 30) (75 12 36 24) 73 15 (71 10 6) (66 60) 80 23 (29 58) 14 (64 33)
