80 80
1: 37 45 67 61 11 17 44 69 7 16 32 63 76 52 58 57 25 1 3 13 27 50 80 29 34 70 28 18 65 73 60 33 15 4 23 77 9 75 79 66 2 20
2: 60 43 19 24 77 16 51 26 40 1 76 11 27 48 79 12 29 7 72 63 61 22 80 14 78 56 3 30 17 67 49 25 28 39 42 52 23 33 75
3: 71 64 49 21 34 42 2 39 12 60 68 78 16 73 7 80 56 4 40 75 63 41 8 58 17 5 52 31 33 45 3 10 18 11 65 14 77 62 32 28 38 46 24 36 55 47 22 44 54 53 61 74 50 20 43 29 25 67 13 69 70 1 76 37 66 35 57 27 23 26 30 51 48
4: 46 69 58 68 75 50 80 34 14 53 74 37
5: 39 42 7 4 26 6 65 55 25 74 48 63 35 14 34 31 59 57 15 52 41 36
6: 27 53 32 5 19 72 78 10 40 37 80 9 75 66 25 68 20 46 39 59 11 38 77 22 56 2 76 21 24 43
7: 63 78 5 77 71 58 66 40
8: 4 39 8 63 76 11 21 5 1 3 67 10 9 25 74 62 48 27 26 59 43 44 47 53 24 42 2 64 29 68 80 30 13 69 38 56 7 52 32 54 60 73 33 77 46 66 61 14 40 65 20 12 55 36 34 16 37 58 50 78 31 41
9: 42 29 62 22 64 54 59 18 12
10: 72 25 77 17 80 44 20 14 57
11: 17 14 56 78 74 39 76 15 10 3 32 60 73 6 42 35 37 50 18 12 27 80 59 4 34 20 5 79 25 2 24 36 33 46 67 1 26 9
12: 60 15 30 53 50 20 47 21 6 59 14 52 5 42 34 51 17 78 69 1 27 10 71 37 32 76 80 44 55 33 16 35
13: 5 54 8 55 80 22 1 15 60 19 68 21 70 67 16 4 79 6 48 27 39 65 78 40 31 57 47 14 12 75 35 17 29 26 37 63 43 51 45 32 24 71
14: 8 68 6 5 65 33 47 69 60 23 74 79 62 21 12 44 55 54 37 76 2 1 80 67 22 73 20 78 9 24 19 17 43 63 53 34 18 72 13 39 42 75 48 16 29 36 11 52 4 57 25 41 46 59 66 40 38 64 35 30 61 70 71 31 49
15: 65 42 14 6 44 24 43 62 55 10 72 67 78 8 57 4 25 71 45 40 58 36 11 59 47 12 7 18 21 79 73 77 39 31 75 46 49 34 35 33 80 2 60 15 16 23 54 37 63 76 1 22
16: 80 74 57 78 17 45 65 49 56 36 22 34 25 35 13 51 31 1 75 54 18 4 32 72 64 53 79 8 30 12 2 43 77 14 10 26 60 50 67 6 40 47 76
17: 30 41 36 48 34 35 32 74 40 1 33 18 19 79 5 78 10 56 43 72 14 6 23 62 66 50 2 52 9 67 28 11 77 31 25 12 26 21 39 16 37 38 8 55 20 54 60 53 22 61 24 17 4 7 76 73 15 58 68 70 51 59 44 57 13 29 49 75 65 47
18: 76 23 44 33 52 53 80 12 18 66 63 10 47 51 40 55 24 64 4 19 68 42 28 34 37 15 5 20 50 29 70 56 39 57 65 32 72 36 21 71 8 60 43 58 54 49 35 1 45 22 75 38 78 11 7 59 31 74
19: 41 16 51 79 8 37 19 67 35 73 57 38 59 65 61 23 20 47 80 56 3 46 52 72 68 12 27 13 44 9 77 69 62 2 64 55 76 31 4 70 43 30 66 34 22 6 5 33 63
20: 21 13 64 38 6 2 31 43 63 70
21: 12 6 58 11 77 5 79 59 41 24 36 76 4 43 75 55 38 28 68 22 69 74 26 27 42 61 23 39 49 47 35 2 60 7 67 73 50 16 78 57 8 30 80 54 29 71 63 3 66 70 17 44 21 15 53 1
22: 48 57 54 60 34 28 47 20 36 27 43 65 14 12 68 9 26 76 40 31 41 18 59 71 74 50 55 45 75 35 73 29 66 25 39 56 38 23 3 44 19 79 15 61 2 33 67 10 77 62 22 1 70 64 63 11 6 53 51 58 52 46 17 24 32 49
23: 62 13 77 38 78 63 24 57 7 39 29 68 4 14 53 72 17 15 21 64 47 75 65 1 32
24: 66 52 1 53 22 41 76 27 5 71 34 2 40 47 65 54 57 44 21 30 18 75 72 73 8 6 36 31 15 28 60 38 13 70 62 39 69 17 24 51 61 11 12 59 23 16 35 79 55 4 80 32 56 19 67 37 63 14 43 26 48 64 33 58 25 9 46 3 77 50 78 45 74 68 29 20 10 49 42 7
25: 20 57 5 47 50 55 32 61 79 11 3 77 75 4 68 38 42 30 25 2 8 27 35 41 6 40 60 78 26 18 17 29 19 67 22 7 44 12 36 23 49 62 53 73 48 52 58 33 1 70 69 43 54 39 63 71 72
26: 57 15 5 12 56 47 48 68 75 25 4 2 63 61 80 27 13 55 72 59 53 11 36 50 26 3 38 39 78 34 30 29 8 16 9 74 33 51 18 37 69 73 64 70 41 19 46 23 66 1 52 42 65
27: 70 41 66 77 39 62 54 57 3 18 17 48 7 13 29 23 49 22 75 53 60
28: 56 15 38 79 48 71 69 50 26 73 24 11 68 8 25 16 31 4 29 51 7 58 12 27 78 52 72 67 49 66 18 9 2 41 17 10 76 5 45 22 61 57 34 77 64 37 46 39 20 30
29: 69 43 64 3 33
30: 64 69 42 13 58 9 45 29 65 51 50 11 32 75 80 59 20 34 66 37 5 17 77 10 14 46 28 52 21 40 30 33 68 53 4 43 24 16 73 8 27 18 72 60 70
31: 50 7 10 14 8 30 80 27 53 13 77 37 20 61 16 78 56 36 62 21 66
32: 60 52 6 42 13 50 25 57 55 32 51 56 26 48 36 19 68 65 7 14 17 34 78 37 79 2 73 39 43 24 59 61 54 16 44 18 29 8 30 74
33: 77 75 21 45 39 26 31 12 19 22 62 13 20 58 14 3 79
34: 14 76 60 2 41 11 7 79 54 30 26 61 5 20 32 38 39 43 53 62 65 37 59 78 56 33 1 36 13 15 28 4 67 48 18 35 74 66 51 75 6 73 34 31 80 42 77 50 64
35: 22 9 61 6 7 79 73 46 56 32 65 66 62 55 15 23 10 53 25 18 69 33 13 54 48 39 44 8 11 60 3 43 50 41 57 51 74 14 29 35 17 28 76 68 4 27 5 42 80 24 75 52 49 16 59 36 45 64 40 34 63 72
36: 50 58 24 75 47 11 32 37
37: 75 37 61 56 38 9 36 3 26 58 22 78 41 25 69 60 73 50 59 13 6 53 33 72 68 23 20 29 18 43 44 34 28 11 52 42 39 46 2 77 49 71 45 15 51 19 1 12 32 14 24 17 76 8 67 30 35 66 65 70 16 62 48 5 27 74 55 47 54 7
38: 35 10 57
39: 70 9 76 77 40 6 29 14 61 33 15 41 73 31 32 4 49 26 68 11 65 45 42 43 24 52
40: 39 15 1 73 14 23 46 66 7 36 27 18 56 77 4 69 5 50 51 80 29 32 40 58 64 16
41: 14 58 43 19 50 17 68 8 38 39 37 32 55 45 9 29 21 76 18 2 60 61 1 67 30 6 53 78 13 66 42 11 48 25
42: 20 5 69 77 59 22 30 75 26 61 38 50 63 21 42 29 72 41 13 49 34 60 80 12 27 18 23 4 71 2 66 10 17 40 47 15 51 43 1 6 14 55 24 36 25 39 54 56 28 8 7 57 79 45 9 62 37 74 68 67 64 11 3 32 53 44 31 58 65 35 19 46 70 16 76 33 52 78 73
43: 33
44: 76 49 78 37 60 80 79 1 20 16 15 57 40 14 71
45: 52 37 57 20 29 31 70 32 33 72
46: 56 54 10 24 30 41 17 37 5 34 8 46 19 65 48 73 68 58 28 26 27
47: 5 21 3 52 41 69 2 16 64
48: 65 8 9
49: 49 31 72 53 5 9 70 67 11 13 15 26 64 74 63 66 57 20 3
50: 30 77 19 26 7 72 79 15 14 59 1 51 38 80 58 16 75 40 48 68 60 28 5 29 61 39 13 63 32 74 41 11 65 46 6 49 9 37 62 66 17 27 31 69 3 64 33 54 56 34 24 70 67
51: 67 40 8 6 59 68 7 79 63 4 3 61 76 14 62 48 35 55 24 34 2 30 22 53 56 41 77 69 52 47 28 50 73 80 37 27 19 21 64 66 12 78 26 58 20 70 71 74 15 10 36 29 23 44 39 17
52: 21 18 39 62 65 46 8 45 10 76 48 16 17 57 30 59 66 19 61 42 52 75 6 55 9 77 3 26 54 71 50
53: 39 6 14 4 52 79 70 48 66 43 12 67 26 23 50 74 34 30 10 69 2 20 73 5 40 29 9 58 75 72 61 32
54: 78 67 45 23 59 29 49 2 60 37 46 34 25 9 43 4
55: 9 30 24 47 14 59 46 36 5 71 68 60 76 43 35 32 27 13 4 44 29 48 52 61 20 3 80 63 72 8
56: 54 44 34 73 72 80 64 59 48 28 8 68 4 77 46 13 70 76 41 63 79 39 18 17 49 1 25 31 37 32 58 14 26 20 21 53 71 19 27 57 75 42
57: 6 28 22 59 3 35 38 32 70 78 54 50 71 12 26 30 1 45 21 49 48 41 65 20 18 40 55 14 80 68 79 51 34 2 29 7 63 57 23 56 72 73 53 13 61 17 27 33 64 52 9 47 58 77 60 11 43 10 5 46 74 42 4 31 15 75 67 24 19 16 44 37 62 76 69
58: 52 79 51 45 72 67 60 70 53 68 74 27 17 65 55 48 25 39 47 29 32 64 20 69 19 22 58 57 40 46 31 73 76 33 42 77 5 63 37 49 15 1 34 16 6 50 71 28 3 11 75 61 26 80 9 41 7 23 30 44 59 13 35 4 78
59: 45 75 23 60 54 64 72 58 37 68 53 48 49 38 32 52 26 47 41 3 67 40 13 15 8 6 24 79 57 66 31 42 69 35 21 25 7 34 76 63 78 29 65 46 43 22 9 20 18 36 62 50 10 11 70 44 39 61 27 73 5 16 30 56 28 55 51 2 12 77 59 17 4 74 1
60: 70 34 37 22 33 4 11 42 80 56 76 66 73 1 35 5 21 74 52 25 69 59 61 63 58 6 2 51 53 23 77 7 17 57 44 3 64 36 71 9 72 40 12 45 26 79 24 14 18
61: 48 35 42 4 80 63 26 7 25 3 27 62 77 44 55 8 58 16 17 41 20 46 56 22 65 50 59 66 36 1 43 32 23 38 52 69 47 73 21 6 68 75 29 70 49 14 5 37 78 53 57 64 28 79 45 71 54 67 9 60 74 24 72 10 2 51 13 12
62: 44 10
63: 45 35 25 17 51 76 68 23 72 42 9 56 60 70 4 64 61 14 26 53 67 2 15 8 5 22 65 52 32 34 79 27 49 33 54 1 10 71 48 43 11 16 69 47 58 44 28 63 38 41 19 24 29 3
64: 71 49 2 11 12 44 35 57 20 73 62 55 31 46 21 76 34 40 15 7 5 51 19 14 1 68 29 38 77 56 30 66 36 10 61 41 32 23 58 67 53 64 69 74 48 22 63 42 47 13 45
65: 45 22 16 77 6 27 33 23 26 46 71 10 51 53 70 18 68 43 48 40 80 34 14 47 19 5 11 31 32 65 72 61 67 63 52 54 37 38 56 7 3 44 39 66 21 29 78 62 69 41 74 8 25 59 17 50 4 9 30 60 1 57 58 49 42 36 55 13 20 2
66: 4 54 53 5 56 57 29 41 6 31 37 66 3 78 32 51 20 80 27 45 34 74 23 18 8 44 38 28 79 19 49 50 42 72 64 67 61 21 24 9 40 35 17 59 16 60 70 7 55 48 62 76 30 77 75 25 43 10
67: 47 76 3 5 66 6 20 2 45 21 42 15 77 64 80 58 11 75 60 24 56 37 17 40 65 54 39 31 10 69 13 61 35 62 16 22 14 55 29 12 50 63 49 18 79 74 67 70 7 33 9 4 32 26 53 36 27 71 25 43 51 8 73 48 72 30 28 19 78 41 57 46 68 23 34
68: 33 12 9 16 28 45 64 66 53 25 49 55 67 4 80 3 36 21 22 43 74 69 46 79 61 18 73 38 57 50 47 32 1 52 78 76 29 24 7 35 48 60 8 72 44 2 20
69: 29 12 42 73 41 65 38 47 35 78 36 80 25 24 6
70: 75 4 80 47 7 30 76 31 33 6 19 48 70 8 28 63 23 36 37 46 26 64 12 55 38 43 15 3 74 52 10 34 13 79 78 49 29 58 1 35 9 50 72 5 2 73 39 67
71: 48 78 54 25 69 72 76 75 21 2 41 77 11 29 8 43 63 24 22 68 19 33 56 32 59 30 1 58 40 79 67 52 73 4 57 36 61 42 34 28 74 10 62 38 60 80 12 14 6 55 27 5 66 35 37 71 31 17 45 51 16 46 15
72: 17 58 71 12 10 43 26 65 54 73 51 25 32 18 2 11 44 55 22 14 4 8 3 28 33 37 69 70 9 16 13 61 78 48 66 6 80 1 31 62 60 77 41 34 23 47
73: 63 80 46 52 67 25 11 39 22 16 6 75 38 30
74: 46 39 70 7 22 3 73 24 77 47 34 50 56 23 43 15 45 42 2 35 25 4 52 38 12 64 68 1 60 61 54 33 55 69 17 78 14 27 76 5 9 37 48 30 16 75 80 59 40 21 41 26 63
75: 49 42 53 13 79 41 36 70 72 35 33 58
76: 1 19 63 2 48 42 53 57 80 74 76 28 65 56 72 31 23 5 43 33 58 36 61 11 68 12 46 9 73 30 14 78 45 3 51 8 29 13 71 37 10 7 77 79 66 50 18 20 24 27 34 67 60 75 4 17 15 64 26 25
77: 55 4 16 28 22 36 57 14 46 8 39 43 58 29 2 70 44 67 77 49 60 37 41 7 18 51 56 62
78: 7 24 28 70 17 50 2 18 27 30 32 37 41 61 48 12 74 76 22 8 78 67 33 14 29 1 40 21 71 52 65 4 20 3 11 77 49 15
79: 51 8 28 70 22 76
80: 37 61 18 66 77 59 62 78 12 2 7 14 64 48 60 5 58 25 17 24 11 79 65 8 52 49 45 75 53 1 50 29 30 67 68 42 47 73 15 54 44 28 6 35 22 34 71 57 70 76 63 31 27 26 32
1: 68 (58 21 18 3 74 80) (61 40) (12 13 17 14 60 56 64 34 15 22 71 70 23) 63 (44 57) (65 2 8) 50 (1 26 16) (25 59 11) (24 42 76 78 37) 72 41
2: (8 80 34 11) (24 54 59 14) (37 67 57 16 70 6 20 25 28 26 61 42) (22 32 63 64) (53 21) (71 41 74) (60 3 68 15) (1 47) (72 76) (17 65 51) (77 78 19)
3: (25 65 2) 67 57 (35 58 50) 63 (66 33 68 21 1 51) (8 22) 74 52 (37 59) (55 27 78 19 76 47) (26 11 42 29 70 49 3) 24 61 (60 72)
4: 26 (65 11) (18 67) (15 54 61) (25 24) (28 16 51 58) 17 42 68 (71 66) 3 72 (30 34) 74 (21 78 19 8 77 39) 35 (57 40 1) (60 70 13 23 55) (14 76 53 63) (56 59 5)
5: (60 63 17) 35 (19 55 67) 26 (42 12 30) (13 11 53) (3 50) 34 (58 24) 46 (28 7 70) (76 64) (8 57) 80 (18 21) (65 74 37 61 47) (66 49 71) (14 40 25) (59 6)
6: (73 22 25 5 12) (41 24) 53 (39 65) 11 (72 66) (20 35 37 16) (34 60 51 80) 15 17 58 (67 61 19 14) 59 (32 42 57 50) 69 (13 70) (71 52 21)
7: 80 65 66 (60 78 68 34 74 61 58 50 17 1) (23 28) 31 (3 57 77) (18 35 2) (15 51 8 37 25) 5 24 (27 32 64) (70 40 21 67 76) (59 42)
8: 76 (42 66 51) (13 67 19 55) 24 35 56 (77 41) 80 46 65 18 (52 71) (68 28 26) (59 32 70 25) (61 17 16 48 30 79 8) (14 37) 3 21 (78 15 72 31 63)
9: (30 24 59 35) (72 17 19) (54 50 57 11) 37 (70 53) 58 61 (66 60) (67 74) (14 48 8 76) (68 49 65) (6 55 22 28) (63 42 52 26 39) 41 1
10: (12 63 17 42 30 72) 51 16 22 64 (52 66 67) 28 (70 3 31 57 59) (11 71) 6 (18 53) 76 (24 35) 61 15 (46 62 38 8) 65
11: (25 50 22) (59 80 14 6) 26 60 (28 37 65 78 42) (41 15) (2 64) (63 76) (24 30 67) (58 49 35 71 1 57 17) 73 (39 36 3 72) 18 (8 21 34)
12: 14 (72 8) 51 (9 53) 25 (59 60 78 2 80 28) 18 3 (67 17) (61 42 19) (22 76 70) 21 69 (26 37) (16 33 64 68 13 24 15 74 57 71 11)
13: (75 64) 19 (23 20) 59 58 72 50 42 17 (61 8) (3 49) (65 34 67 24 31) (57 1) (70 30 55 14 56 37) 41 27 16 (26 76) (33 35 32)
14: 67 (24 57) 11 50 39 5 (64 37) (40 22) 13 15 8 (65 2 76 32) 35 (31 3 56 51 60 12 16) (17 10) (4 63) (42 23) 71 (72 44) (55 34) 80 78 (61 41 30 74 77 53 33)
15: 22 (26 17) (50 34 23 67) (78 5) 35 44 (63 57) (64 51) 21 (1 39) (59 42 80) 40 (76 71) (11 49 28 58 15 24 74) (37 18 70 13 12)
16: (2 35 47 28 59 61 30 57) (72 24) (71 74 3 73 52) (63 37 19) (13 42) (58 8 14) 26 (44 32 1 12) (66 40) 68 15 (21 17 77) (31 67 65 50)
17: (65 60) (52 10 3 24 14 21 22) (76 11 1) (78 28 67) 30 (12 58) 16 (46 13 61) (59 57 2 42 63 32) 74 (25 72) (27 41 37 80 51 23 35 56) (50 71) 66 17
18: 57 3 (80 16) (67 14 17 76 34) (78 15 1) 68 (60 18) (35 30) 11 (37 24 56 28 9) (32 42) 27 72 (40 52) 25 41 (22 26) (77 66 59 65)
19: (18 65 56) 26 (14 66 25 22 51 50 32 2) (70 64 46 33) 71 19 41 (52 63 13 17) 6 76 (37 58 42 24) 67 57
20: (56 37) 25 (11 33 30) 53 (6 1) (22 12 42 64 59 24) (3 58 57) (44 67) (8 78 65 28 61) 10 (18 34) (76 51 31 66 68) (49 55 45 19) (14 17)
21: 18 (13 31 33) (67 78 64 3 23 6) (74 24 14) 12 (30 68) (15 60 71 52) (66 47) (21 51) (8 41) 56 (65 17 59 42) (57 20 61)
22: 27 (68 19) (72 22) (78 16) (51 74 63 25 64) (80 59 21) 77 9 18 67 (17 60 42 6 79 14 35 57 37 28) (73 61 58) (2 13) (71 24 33) 3 65 15
23: (3 61 42 64 63) 1 (51 27 2 18) 35 (66 54) 58 (72 76) (17 57 59 26) (65 22 67 60 37) 25 (74 24 70) (21 53) 40 14 (15 19)
24: (67 15 42 39) (8 50 78 22) 57 (59 2 51 23) (28 11 18 60 17 66 74 68 21) 63 (37 61) (13 55 76 30 24 46) (32 80) (35 14 69) (6 36 71) 3
25: (14 37) (80 54) 5 10 (8 72 68) 69 (3 32 67) (35 22) (17 2) 60 (63 26) 15 (41 74) (11 1) (61 76 65 58 66) 56 (59 16 42 28 25) (6 73) 24 71
26: (22 13 49) (80 56) 24 (67 33) (5 11) 76 (52 25) (74 3) (63 34) 65 46 (59 26 60 53 37) (2 8 61) (42 51 39) (50 32 58) 57 (70 72 16 17) 21 28
27: (76 28 6 63 8) 61 56 (59 13) (80 21 66 31 57) (24 26) 55 (37 78) (42 30) (19 50 1) (40 2) (35 71 51) (58 11 22) (65 67 74 46) (25 12 3)
28: 57 (17 51) (56 59 58) 37 (67 34 78 24 80) (1 79) (42 66) (61 46 21) 3 (22 72 63 18 35) (50 77) 70 68 (2 76) (30 71)
29: (51 8) (59 45) (17 28 23 70) 54 (40 66 39 69) 67 (30 21 1) (32 55 37 3 50) (9 68) (78 77 27) (26 65 76 2) 22 25 (61 14 64) 71 (18 24 63 57 41 13 42) (80 58 35) 53
30: (34 3 71 59 51) (17 67) 78 (50 80) (26 53) (41 25 70) (16 46 37) (55 24 14) (73 8) 76 (28 31) (74 19 12 21 30) (52 65 66 58 64) 42 (32 2 57)
31: 50 20 (17 28 71) 14 (24 33 42) (34 16 3) (15 80 70) 45 57 8 67 (59 49) (19 39 64 76 66) (5 18 22 13 65 72 56 58)
32: (80 50 22 56 65 13) 42 24 6 (59 1 61) 23 64 (37 17 71 41 30 68 32 11) 63 (36 67 39) (53 45) (35 66) (57 40) 16 (3 12 55) 78 72 34 58 (8 18 25)
33: 29 (63 65) (11 39) 1 37 (78 50 42 12 68 58 71 2 35) (17 30 74) (24 67) 18 (57 22) 34 (75 60 43 70 15 19 76 72) 8 45 14 (25 26 3)
34: 66 (32 16 58 46 17 3 63) (4 22 19) (67 59 65) 8 (76 5 57 24 50) 18 (35 80) (56 11 37 14) (42 60 72 53) (51 64 28 15) (1 30 74 71 34 70 26 54 12)
35: 60 (14 66 5 15) (74 42 12 63) 38 (18 22) (25 70 19) (59 71 55 67 3) 61 (58 16) (37 11 21 34 75) (68 13) (35 69 17 64 24 57 80) 51
36: (42 22 76 40) (35 64) 69 26 (8 77) (55 31 15 16 17 75 71 59 25 67) (32 3 24 68) 5 (34 37 70 11 65) (18 60) 14 (51 61) 21
37: 18 (66 1) (28 72) (76 17 56 30 54) 8 (74 26 65) (59 42 13 15 6 50 37) (44 58 60 34 57) (31 14 19 67) (70 77 46 61 51 3) 11 (4 24 80 78 45) (71 41 12 36 32)
38: (24 14 42) 61 8 65 66 34 (64 23 18 63 20 70 22) (71 19 68 21 50) (26 74 37 25 73) (17 3 69 28 57 59 41 6)
39: 22 (53 42) (40 2 13) (51 28 32) (70 21) 17 (65 18 8 35 5) 34 27 (58 6) (11 74 37 41 67 50) (26 15 3 23) (33 14 77 56) 24 73 59 (25 52)
40: (59 14 74 16 60) (66 44) (71 17) (2 67) 24 39 78 50 (7 15 57 8 18) (53 13 6 30) (51 42 65 25) 64 3 (22 40) (35 58)
41: (46 56 34) (39 22) 27 (24 65 61) 42 (78 50 5) 25 (63 71) 47 66 (77 64 14 28 8 17 69 26 57 19 51 75) 58 (21 37) (59 35 3) (74 72) 67
42: (25 12) (9 39 60 63 15) 8 (2 35 71) (59 14 80 57 66) (3 24) (26 5) (74 42 67 11 34 65 37) (30 64 21 32 69) 75 (41 76 58 61 56 52 18)
43: (13 41) (15 66 71) (20 29 68 18 34) (17 61 3 19 32) (59 37 16 72 74) 54 (63 25 2) (65 42) 8 24 (53 6 55 57) 30 (22 14) (70 39 21) (76 77 67) 35
44: (42 14 22) (64 63 1 68 24 3 51 10 15 12) (37 25) 19 (17 80 35) 62 (77 18 32 56) 72 (65 66 60) (61 58) (21 55 8) (59 57)
45: 37 (76 61 16 66 15 67) 39 57 (58 1) 71 (60 65) 13 (64 3 41) 54 74 35 (52 28) (22 59 80 63 18 24) (30 33 42 68)
46: 76 (15 50) (52 42) (14 59 56) 35 (30 67 28) (4 40) (64 46) (22 57 11) 8 (74 58) 6 61 (37 19 26) 24 (68 71 54 77 55 73) 65 (70 3)
47: (19 64 69) 23 (72 8 42) (21 16 67 74 59 80) (22 26 36 25 55 18) 63 (61 24 70 58 57 17) 12 (14 51 37) 68 (13 3 15 65)
48: (2 74) (72 32 28) (71 51 26 56 67 78) 68 70 8 (5 50 34) 61 (63 22 14) (52 58 25 64 27 37) (24 41 80 57 46) 13 (55 59) (66 65) (3 53) (35 76 17)
49: (77 57 44) 67 (42 35 78 65) (37 17) (56 63) (39 18) (70 59 61) (3 64 54) 50 (25 22) 24 58 (68 27 75) 2 21 (49 14) (16 15 80) (28 66)
50: (1 67 70) (21 17 24) 78 40 (34 30) 3 (76 26) 53 (58 36 12) (61 18 16 42 22) (28 35) 57 65 (66 4 52) (41 25 59 8) (68 37) 74 51 (11 32 31) 80
51: 3 59 (30 40 65) 13 17 (58 71) (24 42) (2 37 50 12 66 79 63 35) 34 (16 28) 61 57 (77 67 76 64) 19 26 (72 18 22 60) 32
52: (2 55) (25 47) (60 22) (52 71 5 78 68 17) (74 58 73) (59 3) (1 63) 8 (42 51) 37 (53 35 18) (45 12) (61 32 28 14 24 65) (80 30 39 19 70) (57 26)
53: (12 59 61) (16 60 57) (68 35 31) (18 24 4) (42 56) (37 25) 58 (3 64) (49 8 34) (27 41 63 21 22 66) 65 (80 51 26 17 75 6 14) (67 76 23 30)
54: (34 21 80 37) (27 66) (32 50) (74 61) 46 (24 63 3 25) (8 35) 67 (56 65 15) 42 (71 16 59) (22 57 52 9) 18 (14 13 72 17)
55: 8 (72 21 42 24) 59 77 (12 14) (64 32) (35 58 52 57 74) (65 15 61 17) 41 68 26 (5 3) (70 66 22 51 67 71 18) 37 (19 25 13)
56: 8 66 34 61 (51 32) 77 (76 35 46) (59 2 6 16 42) (24 26 63 31 18 40) (60 67 22 74) (50 37 19 71) (28 17) (11 3 65) 64 57
57: (3 77 65 24 42) (64 59 18 71 52 60) (25 17) (68 56) (19 44 32 1 67 15 28) (80 21 49 27 45) 38 (61 35 76) 57 (58 14) 10 (66 26) (16 13 22) 5 23
58: (36 51 59 53) (25 42 77) 57 (71 61 8) (3 41) 63 (65 37 24) (1 50) 64 46 28 7 22 (60 80) 40 21 67 (18 70 58) 56 (76 75 33) 72 (30 4) (17 15)
59: 80 51 57 (9 66 17 50) (42 52) (71 61 6) (30 35 21) (24 65) (37 34 5 56 15 26 32 11 55 18 14 58 54) (60 19 22 74 8) 12 59
60: (12 42) (13 32 1 11 50) 65 44 (80 35) (77 24 71 68) 41 (22 54) (76 17 34) (66 21 2 59) (72 25) 27 (55 8) (16 67) (14 3) (37 63 58 61) 18 (15 57 30 74)
61: (66 74 39 35 68) 50 64 1 (52 32 72 65) (58 67 25 78) 51 (55 28 19 53 21) 59 34 (17 2 37 71 76) (24 31 80 8 60) 3 (14 22 42) 41 63 (26 57)
62: 27 22 64 (25 52 35 50) 57 8 (31 17) (37 33 65 15 59 14) (23 67 24) 77 (80 3 71) 34 61 (72 42 19) (66 51) 9
63: (59 8 67 21 55 63) 71 60 35 (50 25) 73 (15 74) (56 65) 80 (5 26) (2 58 64 23 42 3) 24 (14 70 76) (49 20 57 19 13 22 1 18 51 61 7)
64: (22 18 23 70) (3 16 34 19 20) 9 (59 61) (57 67 64) 49 (80 56 63 26 40) (51 50 35 68 76 74 42) 47 30 (29 66 14) (60 58) (24 8 28)
65: (37 76 67 39 78) (42 46 72 3 59 19) (58 50) (57 23 26) (52 63) 24 (32 16) (8 35) (80 18 22 14 15 69 34 5 48 13) (65 61) 1 30 17
66: 67 1 (31 35 80) (7 71 42 3 6 66) (30 37) 60 (72 18 61 68 14) (40 41 51) (22 50) (64 26 24) (34 27 28 52) (8 53 49 19) (21 59 17) (65 76)
67: (73 68 8 34 78) 77 59 (41 71) (42 37 3 11 61 13) 66 (57 15 51 53 1 58) (24 76 21 28) (64 22 67) (14 65 63 80) (49 25) (19 70 16) 2 50 17 54
68: (28 46 64 80 58 3 50) 39 42 (19 57) (25 14 8 6 63 55) 41 59 71 (76 21) (22 56) (35 32 37 67 23 51 18 26) 4 (13 74) 24 65 30 (17 61)
69: (4 50) (47 26 68 61) 19 63 (28 74) (35 60) (71 12 8 53 3) (37 58 21) 51 42 (65 67 14 57 64 1 72) (59 30) (40 24 25 29)
70: (53 75) (80 67) (57 13 1) (30 79 20) 65 (24 72 45) (14 51 70 66 22 26) (37 17 3) 78 74 50 56 19 (59 18 25 77 21 27 39 42 58) (63 60 49) 61
71: 58 (80 44 65) (22 25) 76 37 (71 78 15 55 24 67 56 63 12) 52 60 (57 18 61 64) (42 51) (14 7) 13 (72 21) (3 28)
72: (53 55) 19 71 6 (26 30 50 24 70 76) (45 25 60 61) (57 37) (56 14 18 65) 49 (59 28) (16 17 63 35 58 67 15 2) 75 66 (10 68 42 23)
73: 67 24 59 71 76 72 57 61 (28 34) 30 (80 15 64) (35 17 32) 60 37 (22 14 74 69 25 19 40 51 53 68) (70 1 42 8 58 56 46 26 21 11 3 39)
74: (61 58 76) 5 (68 51 24) 59 35 32 (64 37 4) 22 (57 50) 17 67 18 66 (3 42) 71 (16 14) 60 11 (8 78 26 53) 49 65 (34 21) 70
75: (36 66 76) 56 6 (50 73) 27 52 (53 67) 57 (3 34) 25 35 (26 21 71) 58 24 (30 18 14 37 80) 22 23 (33 61 59 4 1) (2 74) 42 70 13 (17 16) 15
76: (41 2 71 58) (11 51) (14 74) 55 16 34 57 42 1 (44 28 56 67 3 59) (35 21) (78 18 63) (8 79 70 19 76 15 66) 80 (39 24) (22 60 6) 68 17 37 (64 52 12)
77: (34 6 77) (28 8 74) 51 (58 59 39 10 31 60 7 15 57 50 80 3 72 66) (78 22 17) (27 24) 64 2 (37 1) 40 (21 56 52) 19 71 42 (67 16 33 30 76) (61 23) (25 65)
78: 34 (3 72) (28 32) (18 74 21 41) (68 66 80 15) 58 (59 44) (51 23 31 76) (11 25) 17 (16 26 14 12) (42 24) (54 8 57 65) 70 (67 37) 2 (78 61) 6 (71 7) (13 69)
79: 67 (68 16) 80 53 (17 32 71 60 22 21 76 11 66 25 58 57 13) 56 (44 28) (33 63 51 1) 34 (59 70 24) (15 2 42 61 75 35 14) (50 19)
80: 31 (4 42) (19 74 24 14) 72 61 8 (60 15 68 18) (66 50 76 2 56 55 16 40 73 51 21) 70 (65 10 1 30 11 26 57) 71 (3 6) 58 (69 67 13) 34 44 35 12
