80 80
1: 22 34 79 64 25 42 19 12 5 70 76 36 41 66 4 47 77 65 31 38 1 48 7 56 63 73 40 21 51 71 49 72 74 18 6 67 45 61 32 10 20 29 16 80 13 3 26 46 37 8 60 62 53 50 52 54 14 69 17 55 30 2 44 57 24 15 59 75 43 39 78 23 35 33 68 9 11
2: 9 78 75 63 33 44 15 39 5 51 4 70 7 53 56 19 55 48 28 60 27 16 36 3 43 46 17 32 34 45 25
3: 20 71 53 17 5 38 80 15 66 60 72 29 79 16 52 41 23 13 36 62 24 21 57 54 9 78 18 75 67 42 63 19 27 64 7 39 69
4: 34 19 23 21 32 66 12 79 40 36 57 73 78 4 49 5 56 37 63 46 50 22 25 29 54 31 7 1 39 8 74 47 18 71 43 58 30 3 70 65 59 55 10 64 20 77 2 13 44 75 48 11 80 17
5: 76 37 55 47 38 20 63 57 3 7 73 23 61 56 9 60 11 78 25 50 17 19 29 12 69 30 1 74
6: 9 36 70 28 37 21 3 16 5 62 40 19 2 1 38 6 65 7 29 12 59 46 51 72 41 22 27 56 74 79 14 61 58 47 39 48 11 57 18 31 45 78 43 4 23 50 73 17 69 53 71 42 55 30 15 52 63 32 67 44 20 76 64 54 60 77
7: 37 76 51 54 73 56 80 21 58 24 25 31 65 72 7 2 30 59 61 52 9 46 64 19 20 13 44 12 63 4 10 8 23 38 27 68 6 77 35 78 29 15 60 40 47 57 69 43 53 1 3 48 11 42 75 45 55 41 26 74 14
8: 41 62 47 68 29 13 75 42 44 2 18 56 15 5
9: 71 70 12 2 57 65 44 63 55 54 26 77 16 79 73 27 25 53 61 76 22 1 64 20 50 39 49 66 41 59 37 21 74 67 9 47 42 78 34 11 35 75 7 28 62 60 8 72 3 18
10: 41 73 24 62 44 78 3 1 2 48 42 74 55 71 58 50 53 27 49 79 52 54 51 65 35 15 20 29 66 26 8 7 57 11 5 64 46 75 23 80 31 10 60 70 59 28 9 19 36 32 72 38 56 67 34 61 25 17 77 63 30 6 14 37 43 33 68 45 18 69 13 12 4 39 22
11: 80 11
12: 79 74 55 13 47 9 32 61 6 17 25 73 30 64 71 60 33 34 58 40 18 12 65 76 5 48 53 39 22 14 38 56 10 15 21 28 72 11 1 67 44 4 78 19 24 70 49 69 80 63 46
13: 74 32 65 68 70 49 76 5 24 30 10 42 22 77 28 13 80 63 19 12 14 27 56 78 21 71 39 75 18 73 33 66 62 43 23 3 57 20 48 44 11 53 8 52 55 67 51
14: 6 76 14 40 66 75 12 41 20 68 56 5 28 2 17 53 55 74 57 34 80 9 67 63 25 39 43 50 61 38 7 33 73 48
15: 50 6 36 59 26 72 28 76 66 30 19 79 80 43 11 60 32 41 14 56 20 7 2 70 13 17 40 64 77 9 69 46 65 44 45 29 54 34 58 62 22
16: 24 25 63 7 10 73 80 79 34 36 21 9 70 39 18 11 26 64 67 2 45 40 28 69 33 68 41 66 78 55 54 60 17 43 74 44 20 46 72 4 23 75 37 30 77 76 57 61 22 38 47 15 53 65 29
17: 73 61 56 67 9 14 40 11 15 68 63 52 55 69 26 43 33 76 12 58 74
18: 40 6 63 18 74 14 5 21 51 17 20 55 41 52 33 10 32 45 3 79 1 2 50 19 80 48 64 39 31 30 38 62 35 24 34 42 47 78 44 9 12 27 23 26 58 69 36 73 54 76 15 60 22 49 46 61 66 68 4 67 59 53 11 16 7 57 77 25 8 65 72 71 56 43 75 13 37 29 70
19: 34 4 7
20: 37 68 43 71 44 33 58 39 62 4 38 67 49 29 27 14 69 17 55 59 34
21: 61 73 24 50 74 18 52 62 17
22: 26 42 28 46 30 66 74 19 32 38 48 15 57 35 56 17 21 76 10 34 63 59 69 53 36 60 70 9 31 51 41 11 58 14 75 2 5 54 22 39 40 8 52 77 78 67
23: 36 12 51 33 38 30 79 70 80 73 67 15 5 42 25 66 49 13 22 29 7 37 65 58 39 59
24: 76 9 47 39 43 1 56 69 42 38 44 51 77 48 3 6 70 22 15 74 72 34 79 36 67 71 80 45 19 8 31 59 18 40 35 73 20 10 32 52 29 26 61 4 27 49 53 33 54 41 14 7 17 68 65 62 24 78 13 2 46 64 57 58 63 23 30 5
25: 26 19 74 27 28 78 37 49 14 77 50 53 52 54 23 47 65 76 38 75 20 8 13 61 80 39 55 63 32 46 4 11 2 48 51 1 67 5 59 79 57 33 58 62 16 36 68 17 34 3 73 15 64 18
26: 22 17 2
27: 15 33 27 41 78 69 7 72 24 31 49 34 60 70 2 51 75 6 80 30 4 5 38 63 35 8 62 13 45 12 29
28: 8 51 53 37 50 62 9 66 55 61 2 59 67 29 3 7 27 78 14 36 48 5 13 58 54 41 64 68 24 69 63 43 70 44 60 25 26 18 38 40 57 4
29: 8 77 61 79 46 19 47 66 23 75 21 22 25 15 24 68 32 60
30: 78 39 55 57 10 9 16 5 3 60 35 51 63 41 4 58 8 53 21 75 45 14 11 79 6 50 49 71 76 31 43 36 12 29 59 22
31: 51 14 50 2 9 68 39 65 76 37 5 73 20 17 42 25 67 22 61 45 47 74 69 11 79 31 60 6 35 33 59 57 15 54 40 43 27 46 23 72 34 58 80 78 24 71 63 18 16 7 41 38 75 66 19 44 53 29 1 3 55 49 36 28 8 32 52 70 4 21 26 12 64 30 56 77
32: 25 10
33: 16 66 41 22 27 54 60 10 67 53 79 7 12 40 52 15 42 13 69 23 74 36
34: 33 2 29 39 31 71 12 53 17 50 42 57 38 47 51 36 23 76 44 48 62 45 6 64 59 35 60 80 61 25 13 34 67 20 28 43 8 77 40 1 49 54 37 52 27 56 63 69 58 32 66 14 22 75 10 11 41 68 30 79 3 18 4 73 7 15 55 16 19 9
35: 40 12 45 36 19 8 62 21 78 16 59 74 51 48 63 53 32 41 17 11 44 79 46 71 1 52 27 2 80 75 49 61 68 50 34 24 38 55 28 57 67 69 56 6 73 58 54 37 33 39 77 25 31 23 65 30 26 64 9
36: 54 58 66 6 41 30 75 8 72 80 21 77 11 34 14 62 42 12 71 28 70 19 27 4 20 13 68 9 76 16 23 60 57 73 79 32 48 45 38 26 22 69 1 50 17 46 52 67 65 44 29 35 5 2 25 39 24 15 49 59 55 47 51 63 74 40 61 18
37: 16 60 3 26 65 73 71 70 55 63 44 19 11 68
38: 8 22 76 42 15 13 59 23 55 11 34 64 46 18 62 20 40 24 17 70 19 80 57 28 21 75 44 77 9 41 66 49 50 36 3 72 58 6 26 45 31 14 71 7 29 43 39 48 47 79 53 69 51 68 10 60 67 54 33 16 63 74 5 12 30 37 25 78 73 2 4 32 52 65 1 38
39: 1 33 72 53 69 55 24 62 28 26 7 59 21 36 66 58 44 2 67 77
40: 42 62 22 27 50 69 55 43 53
41: 48
42: 43 16 47 17 73 53 56 72 10 52 35 41 48 61 3 24 6 8 29 68 60 7 71 4 18 62 13 50
43: 30 29 40 76 70 66 41 26 47 32 65 28 54 58 35 23 22 24 49 71
44: 1 21 31 40 28
45: 29 52 7 31 14 64 43 16 58 65 4 27 12 42 50 9 80 6 2 63 22 70 28 67 75 60 66 13 54 18 24 37 74 5 10 51 11 39 56 26 78 38 41 25 59 20 3 33 8
46: 75 11 35 16 5 9 77 28 32 25 4 12 2 53 37 54 34 61 55 18 57 38 46 21 6 31 39 80 50 73 44 51 27 23 62 52 45 58 56 29 76 79 78 48 19
47: 43 53 65 45 42 50 57 17 18 4 79 76 77 38 12 33 62 52 44 3 67 55 34 26 9 5 73 54 32 64 49 72 19 51 48 39 8 69 7 80 78 40 21 60 22 6 35 74 59 13 58 75 41 28 29 23 20 10 25 56 24 71 61 14 11 37 16 70 68 31 63 66
48: 39 31 44 56 49 75 30 1 23 19 15 76 8 80 66 77 36 5 65 46 22 32 72 45 74 11 48 18 28 79 67 2 37 34 9 29 50 14 53 25 38 12 55 42 57 68 41 10 78 27 51 60 35 54 40 33 26 63 64 3 4 47 20 7 21 6 58 73 13 43 70 69 17
49: 78 64 34 24 28 69 21 22 51 70 66 77 31 44 49 62 42 15 7 46 26 45 25 5 35 48 9 40 29 55 71 60 39 20 58 1 19 59 38 52 80 30 50 74 63 18 32 16 2 76 41 79 57 56 14 13 17 65 8 3 67 61 73 36 12 11 54 27 10 72 53 75
50: 57 29 36 16 43 32 28 61 62 53 11 45 59 19 39 14 44 80 49 52 50 7 60 58 78 15 71 73 8 34 20 9 70 22 64 77 17 51 41 33 35 24 42 54 79 55 21 75 56 12 47 74 27 69 66 67 5 38 46 63 37 31 6 48 72 3 68 2 40
51: 49 9 39 77 20 76 25 21 23 75 22 40 13 61 37 78 10 64 71 66 41 19 50 17 12 67 70 53 28 48 47 46 60 2 59 26 56 65 3 79 44 5
52: 72 18 51 56 45 21 26 24 32 79 7 35 62 44 12 47 16 23 46 58 80 49 22 39 42 50 68 48 52 20 65 36 61 9 17 25 67
53: 43 41 72 4 30 56 78 76 64 68 36 54 66 34 49 52 31 3 21 61 38 7 2 58 48 14 59 1 22 60 13 10 35 25 69 57 74 75 24 51 53 44 63 15 37 67 23 32 33 70 27 79 17 46 39
54: 57 77 23 1 27 51 5 65 37 30 6 2 22 78 55 50 63 41 36 29 48 11 62 25 19 10 39 42 17 13 56 71 20 43 64 76 12 68 74 49 72 15 66 32 80 8 28 45 40 70 31 9 53 34 73 52 38 33
55: 24 67 6 45 57 53 27 52 51 60 1 19 2 75 80 50 69 48 79 17 70 63 30 73 49 39 34 20 31 54 4 8 25 44 22 3 71 77 7 29
56: 66 73 67 46 55 25 5 32 78 34 56 59 52 74 19 18 4 22 44 77 20 71 40 47 15 1 48 16 57 24 63 28 51 58 9 3 68 39 12 38 75 69 7 70 62 33 36 60 49 50 76 17 26 43 37 64 45 41 42 21 72 27 2 11
57: 27 16 15 72 10 35 34 20 66 43 31 64 2 22 1 33 6 45 70 55 8 59 63 18 62 68 49 50 75 60 77 38 67 42 17 53 76 71 57 65 4 46 58 41 3 69 54 47 14 79 28 9 48 37 29 74 21 51 80 40 56
58: 62 34 17 77 58 68 63 3 32 19 33 25 80 61 45 36 55 1 75 47 37 73 49 28 59 16 22 64 66 10 60 39 23 48 12 30 9 29 79 56 72 51 14 69 20 57 38 35 18 67 15 7 27 4 50 70 26 71 65 46 11 13 74 6 24 31 2 43 52 8 54 44 42 53 21 5
59: 11 76 75 10 3 34 35 60 1 51 77 64 31 29 68 21 80 55 5 12 39 63 69 73 43 30 24 27
60: 36 19 1 56 17 20 54 55 5 80 78 13 44 74 4 30 58 75 41 42 64 53 26 21 37 68 46 34 50 71 11 14 79 49 57 35 10 32 9 45 70 39 3 27 7 2 59 16 22 6 18 52 61 66 40 63 48 67
61: 75 2 13 61
62: 31 73 8 63 39 56 21 37 10 19 78 24 6 30 71 32 62 41 38 42 25 12 79 53 67 15 44 80 57 43 7 13 36 28 40 76 68 55 18 9 23 35 60 66 74 34 3 64 48 46 16 70 49 22 1 47 11 45 52 26 2 77
63: 34 42 80 20 71 29 17 75 47 52 41 13 50 64 49 69 44 19 43 73 38 23 12 67 55 63 21 25 15 32 46 48 66 35 37 77 24 7 79 58
64: 1 26 35 23 16 56 72 20 51 42 67 12 8 52 73 48 30 2 64 65 62 36 37 47 75 46 57 71 76 13 61 4 5 43 17 32 55 68 58 45 31 63 59 70 14 44 39 29 49 7 22 66 78 33 10 21 38 79 80 28 53 34 60 11 77 74 40 18 69 9 15 3 25 50 27 19 6 54 41 24
65: 44 5 65 54 22 15 78 43 17 77 80 29 11 68 30 48 32 40 16 12 67 9 63 57 42 60 73 31 24 75 27 6 58 70 8 26 2 76 3 51 36 66 64 23 28 72 10 46 1 19 69 13 14 61 52 59 20 39 62 74 47 45 35 4 33 38 55 21 34
66: 40 80 15 37 11 48 70 74 50 19 31 53 32 25 75 78 52 47 1 56 63 16 38 24 43 55 4 23 17
67: 19 61 17 25 20 37 33 67 68 59 28 41 10 60 14 8 39 77 44 43 2 15 69 36 62 80 38 11 63 58 13 75 48 31 46 74 30 66 21 79 54 56 5 65 57 42 6 12 49 45 70 4 34 23 22
68: 8 18 67 2 36 68 47 65 59 34 62 52 51 1 56 42 35 28 44 39 69 49 76 6 72 11 77 73 26 5 33 74 30 63 12 41 20 75 10 21 64 29 38 9 4 32 71 78 66 80 15 31 23 43 24 48 45 46 57 61 58
69: 28 46 49 72 27 65 73 68 80 76 58 50 48 14 62 37 75 78 55 19 60 32 30 59 26 11 15 38 34 29 61 79
70: 34 51 17 5 49 47 76 69 18 4 44 55 31 67 77 70 73 6 10 78 58 42 56 16 14 71 41 54 48 19 22 64 61 60 12 21 50 62 75 35 9 24 39 26 37 28 2 8 68 1
71: 21 23 53 77 64 28 78 45 37 19 43 33 62 35 8 68 55 51 39 73 25 74 22 9 27 5 17 75 56 6 1 48 61 57 47 54 11 65 44 42 13 3 34 12 16 60 72 26 80 41 58 79 30 49 24 31 69 29 18 46 32 36 67 4 59 14 76
72: 10 27 54 6
73: 28 30 29 32 69 53 74 54 24 76 41 42 56 23 9 50
74: 64 72 25 19 36 10 9 32 3 71 39 60 44 57 59 48 38 61 77 37 63 74 43 21 33 4 69 73 29 11 66 70 55 30 62 53 13 12 2 35 40 7 17 18 76 68 50 16
75: 72 7 1 77 30 59 44 24 14 15 6 31 25 75 27 19 11 28 74 48 21 62 79 35 63 4 34 60 26 43 12 76 67 57 10 66 38
76: 38 21 65 49 60 5 1 35 43 51 70 22 36 78 53 19 13 41 42 76 26 11 6 48 17 57 59 69 71 28 66 32 10 56 14 45 46 7 9 63 25 47 16 64 8 61 80 27 68 20 30 33 50 12 29 3 18
77: 26 51 50 38 28 8 20 76 16 56 7 77 49 65 70 18 59 63 57 74
78: 66 13 73 50 61 78 41 36 20 28 77 25 46 34 7 33 67 76 48 47 69 17 21 23 1 57 74 35 62 18 3 19 32 49 15 14 60 11 63 26 42 9 2 45 72 56 75 44 64 38 6
79: 10 29 33 27 36 47 79 58 51 40 52 49 39 8 17 43 77 44 14 66 31 55 42 32 22 68 74 78 28 46 15 18 35 65 1 59 71 34 48 5 25 67 63 9 24 38 72 54 4
80: 1 79 25 61 13 24 46 77 38 59 34 17 15 55 60 50 4 75 6 56 80 70 12 11 65 9 26 14 33 43 44 19 8 72 5 18 63 64 49 35 21 22 74 52 29 62 32 53 36
1: (59 79 80 49 54 35 38 53) 56 (6 31 24 78 48 62 71) 66 (58 39 9 7) (70 65 55) 12 (5 75) 4 1 (34 68) (18 64 60) (10 57 36 25 76 44)
2: (4 53 36 65) (34 35) 7 (22 57) 16 28 (8 39 62) (54 67 26 49 6 24 51 46 14) (61 68) 55 (38 74) (78 1) (58 70) (18 45) (10 25) 27 (9 64 31) (60 48 56) 50 15
3: (56 38) (65 71) (13 9) (4 31 64 25 18) (7 78 1 37 49) 50 (2 57) 47 (5 48 28 76) 53 55 45 34 74 (59 51) (58 6) (60 24) (30 62) (10 42)
4: (53 7) (12 47) (80 68) 42 (34 20 70 64 79) 57 (48 67 66) 6 16 55 (36 4 71 19 18 1 27) 74 (45 60) (28 56) (30 75 65 38) (25 58) 10 (24 2 46 31)
5: (76 23) 38 (1 18 30 80 65) (60 70) (54 22 13 12 56 6) 8 (50 46 79 14) (58 45 3) (68 2 49 71) (28 27 10 51 4 47 31 67 25) 24 64 (36 59) 48
6: 7 (75 15) (42 35 1 67 45 64 34 76) (36 60) (18 38 6) (14 78 31 12) 24 (54 27 70 30) 68 (65 47) 10 (55 72 58 62 46 50 80) (57 48 71)
7: (62 23 3) 2 (63 64 42) 50 (33 77 19 10 74 1 78 14 58 55 24 27 7 34) 18 (75 60 48 76) (56 28 9) 45 (4 39 52) (49 38 47 53 31 6 15 16) 5
8: (58 48) (35 31) 9 1 (65 25 28 45 80) 30 (77 70 4 64 50 67 42 76 55) 62 68 47 (10 79) 27 (7 22 34) (13 57 49 54 38) (18 24 29 71) 36
9: 49 (57 17 65) (70 46) (10 50 16) (24 47) (22 45 31 60 5 73 76 36) (79 2 1) (9 58) 30 (35 68 6 71) (28 38 15 80) (3 51) 14 (54 62) (56 18) (52 64 48 7) (74 34 12 78)
10: (79 22 54 34 33) (70 51) (45 68) 76 (42 48) 12 (32 38) 13 (64 59 57) (62 74 1 10 24 65 75) 4 18 (16 58 47 49 67 60 7 53 30 72)
11: 25 (4 60 46 31) 65 (62 68 47 59) (18 9 80) (54 17) (48 36) 66 49 (64 69) 76 78 22 (6 16 38) 74 75 (56 50 37) 7 (71 45 15 11 1 34) 30 (12 10) (58 13 67 5) 35
12: 65 (33 74 46) (71 35 62 47) 51 64 27 (6 50) 1 58 (45 67) 80 4 70 76 (7 23) (14 30) 18 56 9 (12 13) (48 5) (52 31 38 75 36) 63 (68 49 10) 17 (59 34 54)
13: 15 (1 33) 28 (25 36 3 63 53 60) (61 27 45) (4 74) (49 48 18) (47 80 34 42 12 65) 67 (24 8 78) 10 (38 23) (64 54) (71 58 62 13 76 7) 51
14: 36 (75 65 67) (1 49 47) 28 12 (78 69 20 34) (60 7 50) 80 (13 48) 15 (53 57 6) 22 14 (45 64 79) (76 10) (71 24 30 18 70 25 17) (58 31 38)
15: 24 (33 50 25 27 65 56 62) 53 (18 31 29) (10 68) 34 66 3 (54 16) (49 57) (6 8 79 48) 38 (67 80 23 12 69 7 17 75 58 64 1) (63 22 36 78 2)
16: (47 42 1) (33 6 64) (3 56 65) 37 (30 38 60) 76 (74 62) (31 45 77 50) (70 9) 46 (52 36) 35 66 57 (34 49) (18 25 71) 2 58
17: (10 53 21) (24 67 15 57) 64 (42 1) (54 47 31) 50 (2 35 18) (20 60) (49 80 26 5) 55 79 52 (51 48 34) (70 36 4 71 16 76) (58 14) (63 78 56 22) (25 74 38) (65 3 6) (66 12)
18: (68 78 70) 10 74 (77 80) (48 62 4 16) 25 (49 58) 52 42 (47 34) (24 76 1) 56 31 21 (45 46 8 60) (18 64 13) 36 38 3 (79 28) (71 9 57) (12 6)
19: (7 48 2 75 6 34 31 55 65 70 29) 54 76 69 (4 3) 12 5 (63 50) (62 15 58 71 78 46) (49 66 51 67 38 64 74 13 60) 25 10 37 22 (36 18) (24 80 35) 56 1 47
20: (50 58 7 6 56) (54 10 76 15 4 77 64) 60 (13 45 5 25 14 47) (48 49 24 52 3) (18 34) (67 16 38 51) (65 31 57 78 9) (68 63) (1 36) 55
21: (38 51 29 80 35 74) (62 6 67 50 46) 4 53 52 (63 47 65) 59 (57 48 31 16 56 64) 60 30 (39 13 71) (44 18) (70 76) 36 (7 78) (22 9 49) (3 58) (1 75) 68 12
22: (33 47) (70 10 52) 4 23 (31 48 65 29 30) 60 22 (56 49) 38 (6 9 80 13) 36 67 (15 71 26 62 50 64) (53 34 55 54 51 57 45) 43 (40 76) 12 16 (79 24) (58 18 1)
23: (4 1 65) (34 7) (13 29 73 71 67 62 53) (43 24) 66 63 (5 47 36 10 51) 18 (78 46) 48 35 68 33 (38 16) (25 54 3 64 31 52 6) 58
24: (38 36) 16 (70 3) 28 (79 53 62) (73 59 58) (47 56) (12 13 50 7 18 80 35 43) (31 52) (42 64) (24 65 75) 10 (45 49 21 39 29) (55 1) 27 (66 63 71) 68
25: (31 38) (74 56) (48 47 62 66) 79 (46 34 12 7 10 4) (53 54 64 29 1 58 75 80) 45 (71 16 67 35) (76 36) 28 (32 78 9 2) 55 (52 18) (51 49 14 5 23 63)
26: (62 43) 17 (65 18 51) 48 56 47 60 39 (15 35 78 49 31) (76 28) 1 (75 77) 69 (58 70 22 25 16 9) (7 68) 52 (80 38 36 24 71 37) 10 (64 45)
27: 54 33 (60 46 55 28 57) (69 6 72 27 40) (79 49 76 3 48 13) (7 65) (53 35) 45 (20 24) 10 (25 9) (34 59) (64 36) 56 (75 31 50) 2 (58 18 71)
28: (49 67 65 68) (78 51 76 15) 2 77 73 22 (6 50) (79 36) (25 10 64 9 56) (69 38 45) (46 58 13 62 34 31 44) 39 54 (43 57 48 70 14) 35 75 (12 16) 47 71
29: (59 68 80 48) (79 49 76) (18 1 45) (27 38) (69 28) (43 71 31) (10 23 3 54 65) 74 (36 4) 5 50 8 24 47 (30 57) (46 42) 20 6 58 (7 63) 64 (73 15 34 55 16)
30: 27 (31 18 10 22) (69 55 68) (15 35) 75 1 (58 62 23) (7 64) 4 (38 34 36) (65 67 53) (5 59 54 73) (60 6 76 24 12 13 43) (74 71) (48 16) 49
31: 65 59 (71 30 62 18) 4 (67 6) 68 (55 48 7) 24 (45 31 27 47 10) (70 34) 58 49 66 57 (1 22 46) (53 64 44 35 38 50 79 54) 75
32: 58 (36 31 80 25) 43 73 74 49 38 18 54 (68 60 13 2 79 78) (53 46) (63 76 48 12 52 22 6) (69 56 4 47 50) (62 34) 65 35 (15 64) 1 (24 10 29 71 66)
33: (54 16 67 39 31 45 57) 38 17 (35 80) 71 (68 25) 12 64 (34 58) (50 1) 65 18 (24 13 53 47 14) 2 23 (79 10 74) 76 48 (27 78 20 56)
34: (58 12 1) (35 34 38) (19 56) (24 25 75) (48 79 65) 68 (2 53) (71 9 4 64) (49 22 10 20 47) (27 60) 14 46 (69 15 54 80 70) 67 (63 18 16) 31 78 (50 59 57) (62 36 55)
35: 49 (52 68 70 79 46 75) 10 (59 58) 53 (34 57 31 24 1 60) 76 (27 36 48) 9 (47 78 18 63 74 43 7) 42 22 (62 71 64 65 30) 80 50
36: (16 3 10 54 58 2 71 30) (56 67 33 52 60 64 25 6 24 28 80 39 65) (62 15) 50 (23 34 68 38 35 4 79) (76 74 31 1 53) (49 78 48 22) 18
37: 7 4 23 (51 53 63 54 20 31) (16 74 18 48 50 66) (47 28) (62 25 58) (46 56 9 45 38 70) (57 69) (60 34 5) 71 (6 1 64 35) (10 67)
38: (7 38) (35 74 54) (28 62 75) 53 76 67 48 5 77 (78 18 80) (66 49 16) (1 36 25) 65 23 (50 10 31 45) 24 (69 63 57) (34 47) (3 14 64 68 56 20) 79 (12 58 6) (27 46) 22
39: (35 4) (18 23) 14 (1 16 20) (38 74 51 45 3 60) (71 24) 55 31 (58 36) 22 68 2 (30 49 70) (79 48) (64 52 9) (50 53) 47 (13 34) (12 56 67) (46 65) 25 (10 6 54) 62 59
40: (64 31 1 51 15) (4 36) (54 18 35) 65 (33 56 48) (24 50) 22 (6 16) 7 60 (57 62 12 66 17 28 47 34) (44 49 38 14 43) 79 74
41: 42 (76 60 35 31 47) (1 34 38 33) 49 28 (62 7) (48 43 57 30) (73 15) 24 (78 68 53) 71 (36 3) 56 67 51 (16 18) (9 14 6 22) 27 (54 8) (50 45) (10 64) 70 63
42: (40 70) 50 (52 45 34 8 57 36 38 65 31 6 76) (48 78) (33 18 1 13 10) (71 60 56) (64 23 47 79 58 49) 22 3 (63 62) (7 67 54) 73 9 (68 24)
43: (66 71 28 62 14 10 30 79) 48 18 6 40 (50 1) (63 76 15 80 58 65 75 13) (38 68 24 74 67) (42 54) 64 (56 47 31 2) 53 (4 16 7 17) (34 45 20) 59 57
44: (6 52 8 60 48) 18 (58 62 55 46 53) 79 (63 13 39 49) (37 68) (36 24) (35 10 38) (70 2) 34 15 (47 64) (56 78) (75 50) (7 67 9 31) 74 (51 65) 20 (1 12 80) (71 28) (4 16)
45: (2 54 16) 31 (7 38) 64 71 6 (55 47 15 76) 1 (57 35 67 62 49 46) (65 30 52 34) 48 36 (27 10 58) (18 56 50) (78 24 60 68)
46: 65 (6 16 63 10) 29 62 (4 79 53) (2 22 7) 80 (68 35) 25 (78 52 31 71) (57 48 64 15) 60 76 (46 12) (24 58) 67 36 (51 50 69) 1 56 38 49 18
47: 79 (29 34) (65 31) 8 (16 7) 66 (18 43 24 68) 78 64 (5 38) (57 63) (52 71 9) 25 51 (58 1) (70 48) 36 (56 50) 62 (42 4) 6 (76 12)
48: 53 28 34 (36 24 46 48) 67 70 14 41 66 (62 4 2 13 71 7 52) 42 (10 68 74) (79 25 50) (22 76) (1 58) 69 38 (12 55) 49 (47 60 64 63) 51 35 6 57 78 (56 65) (75 18) 54
49: 36 35 (48 55) (51 60 58) (68 20 67) (71 78) 57 52 79 (24 30 23) 27 10 34 (31 12 49 18) (80 1) (47 38 13 62) 64 (4 50 25 70) 9 (54 77) (63 43 53 56) 69 76
50: (38 57 60 10 45 50 30) (31 18 15 9 28 46 69) (34 74 6 80) (48 25 76 47) 14 64 (4 73 78 21 63) 1 (66 58 36 52 5) 56 (40 77) (42 35 70) (54 55) (51 49)
51: (53 28) 68 35 46 (47 6 7 65 38 58 30 31) (48 36) (64 49 76 22) 54 (1 77 45 18) 2 (79 23) 34 (56 71 59 24) 13 (50 55 52 57 27 25 70) 10
52: 33 66 (60 58 50) 64 54 (25 24 3) (80 7) 56 (65 42) (36 31) (13 53 79) 49 22 (17 52 6 18 1 35) (46 47 62 38 21 68) (34 55 63 10 45)
53: (35 42 60) (3 28) (33 76) 46 (25 50 18 66 24 80 57) 64 13 (39 2 38 30 74) (9 34) (58 16) 1 49 7 (54 6 40) 73 (12 22) (62 47 53) (48 31 10) 71 14 (51 55)
54: (71 67) 3 (70 36 65) 34 (60 72 43) 15 (9 64 35 18 49) (25 4) (73 33 22 57 47 1) (58 38) (50 6) (28 45 24) (55 46) (79 48) (53 16 7 31 10)
55: (1 6) 56 (28 9) (13 7 17) 10 2 (69 50 70) (18 62) (16 60) (31 46 49) 14 4 (64 37 39) (35 12) (54 57 80 66 20) 63 34 79 (36 65) 47 (5 40 58) (74 25 59 38 71 48 30)
56: (77 70) (60 31) 1 22 57 (76 73 67 48 12) 18 (42 5) (54 17 14 56) (8 4 49 47 7) (50 64) (71 66 13) 51 62 35 2 24 (6 58 68 10) 45 80 (52 78 53) 15 (34 46)
57: 78 10 (4 54 68) (31 53 77) (38 1 5 75) 35 (6 16) (28 7 18 71) (50 25 76 48) (14 65 30 46) (3 62) 36 74 (60 9) (24 47 22 67 13 56) (57 64 34 55) 58 49
58: (57 69 39 18 47) 43 (68 17) 35 31 48 (24 23 34) (15 12 67) (50 53 46 22 49 63 10 58 64 7) (60 71) 28 70 65 52 (25 20) (4 36 45) (38 79) 30 6 56
59: (9 18 58) (53 77) (60 36 7 64) (75 6 4 76) (50 24 69 34 49) (67 38) (79 80) (22 47 31 74 15 71 1 65) 20 (57 10) (45 25 51) 30 35 56 68 39 23 28
60: (31 7 76 37 56) 1 (2 28) (50 5) (12 75) (57 74) 27 (53 70) 71 (18 34 47 78 36 22 29) 33 (65 48) (59 38) 30 (10 58) (64 9 49) (45 16) (3 69 55) 15 6 67 80 62 42 51
61: (67 80) 69 (36 6 47 35 16 9) (71 34 17 46 18 60 7 14) (25 78) (65 42 70 51 49) (31 61) (21 29 74) (50 28) 68 (1 64 52) (10 12 58 24) (53 5 76)
62: (47 80 25) (65 75) (15 69 18) (9 27 49 64 56) (40 68) (13 24 10 70) (71 58 46 28 67 38 3 20) 62 35 (54 34 1) 39 (78 6 52 42 74 50) (57 36 8 21)
63: 68 (53 56 65 45) 34 (36 4 50) (48 54 64 66 38 18 60 30 63 55) (9 6) 67 3 (5 49 74) 58 (28 77 59) (62 31 37) 75 35 27 (47 12 79) (80 7 22 14 76 78) (57 24 13) (1 25 17 16) 2 10
64: (65 50 71 15 31 1 60 57 53) (68 6 45 4) 12 (7 56 70 3 38 64 58 48 47) (80 76 74 25) 9 (10 54) (34 59 35) (18 28) 51 49 (24 16) (62 78 63)
65: (79 69 6 36 67) (1 65) (4 48 38) (71 10) (43 9 68 45) (35 24 80 31 54 51) (16 25) (23 77) (18 47 13) (12 64) 57 (58 49 76 15) 7 52 37
66: (38 75 48 18) (57 64) 29 (10 60 1 45) (62 65 54 68) (56 79 13) (76 63) 78 39 (58 74 67) 36 (47 43 33 51) 14 (16 31) (23 50) (34 3) (4 28) (49 53) (15 9 22)
67: 14 1 75 58 (39 52 25) (33 45) (68 31) (23 71) (63 57) 13 (55 24 9 22 49 50) 64 (16 62) (18 48 53 51) (38 56 28 60 65 78) 20 6 79 (36 70) (35 12) (10 47 3 34) (67 17)
68: 69 74 25 (67 68) 38 37 (48 47 65) (59 35 79) (71 76 54) (7 17) (36 20) 57 (42 18 64 70 31) (50 62) (13 24 34 28) 56 10 60 (29 53 8) (1 14 58 52) 16
69: (1 40 76) 73 (27 5) 22 28 35 7 (20 50 24 34 55 74 3) 18 (31 53 16) (38 63 78 12 64 59 33) (65 48 10 6 36 58 57 39 15 70 49 68 56 17) 47 67 71
70: (16 74) 54 27 (48 9) (28 13 77 70 62 12 64) (67 36) (4 51) 37 (66 24 45) 43 (18 47) 15 31 (1 56) (10 57 23 2) (55 49) 38 50 60 (76 6) (58 53 80 22) 65
71: 64 4 (18 54 51) 37 (70 1 62 12 43 42) 57 (55 9 58) (13 6 24) (49 50 20 3 60 34) 36 (76 30 38 47 56) 63 35 (79 68 31 74 10)
72: (3 79) 57 (12 74 56 42) (18 53) (49 39 9) (6 36 78) (50 10) (16 80 75 48 47) (54 31) (69 27 64) (1 24) (68 7 52 38 71 15 58) 65
73: 17 34 37 (42 25) (68 7 63) 49 (12 56) (14 16) (18 21 47) (5 24 59 35 64) (54 10 6 55 9 23) (70 78 36) 58 (46 50 65) 4 1 (69 48 74) 31 38 (71 13 62)
74: (5 80) (54 16 49) (7 65) (50 78 57 79 66) (64 47) 74 (58 21 60) (6 24) 25 31 (67 18) 12 (10 1 48) (33 56 73 77) (75 35) (13 4 22 45) 38 (17 9) 36 14 (53 68 71 62)
75: (80 69) (7 64 29) (61 78) 53 60 (36 45) (48 63) (9 34) (3 70) (1 25 4) (56 47 58 66) (67 51 71) (8 75 30) (18 13 35 57 10) (22 14 16 68 2) 27 (55 31 50 38) (59 49) (65 46)
76: 17 9 (12 76 64 73) (65 77 69 70) (31 68) (47 14 54 56) (15 1 38) (16 78 43 25 46) 13 71 22 (59 24) (51 53 75 18) 7 (74 57 6 48) 36 (62 30) (5 49 34)
77: (48 15) 56 24 (59 6 49 39) (25 80) (50 13 74 46 67) (38 47) 64 (62 54) 58 22 29 57 68 78 (10 7) 34 16 (70 35 31) (55 77 36) 79 (75 18 51) 4 9 (71 1 65 63)
78: (7 48 49 31) 30 24 (60 9 79 54 64) 62 1 47 78 (51 4 71 10 56) (18 69) 76 (13 12) (50 66) (22 68 27) (16 25 5) (38 46) (2 70 65) (53 28 6) (3 45 35)
79: 46 (67 75) (57 1 23) (15 60 63 53) (49 9) 64 (62 47 38 25) (79 4) 69 16 (80 29 12 18) (10 58 50 3 35 34 71 55 48 51) 36 (24 30) (52 6 33) 31
80: 63 (48 35 62) (12 76 52) (14 23) (16 36) (18 7) 1 (71 46) (50 69) (60 38 24) 49 10 55 66 57 25 (15 65 54 80) (67 27 3) (4 45) (11 47 64 59 13) (34 31 68 58)
