80 80
1: 29 57 31 53 12 14 30 6 10 13 70 17 47 78 63 61
2: 6 39 5 34 78 52 72 23 63 66 18 26 74 22 32 28 15 27 57 36 13 55 44 33 37 60 3 21
3: 32 42 55 78 5 54 11 72 62 13 67 31 49 17 8 9 29 44 25 24 50 12 45 15 65 37 22 33 23 66 2 18 70 51 73 1 39 21 38 74 56 36 10 79 27 16 63 71 26 46 34 75 68 6 58 43 69 3 14 40
4: 51 14 40 34 23 7 48 70 10 33 8 68
5: 48 42 72 33 45 58 44 68 4 70 38 5 9 53 25 3 50 23 26 35 12 13 60 51 11 28 71 20 78 1 77 55 43 40 74 67 79 16 30 21 34 41 73 76 24 75 59 47 2 65 56
6: 77 7 1 48 13 59 56 52 8 71 45 2
7: 66 25 2 60 1 13 40 57 3 56 77 47 9
8: 43 62 15 2 74 26 56 30 59 5 79 66 13 54 36 50 52 14 41 76 60 53 40 63 19 75 8 73 55 32 37 72 65 1 47 34 57 24 38 29 77 28 7 71 49 68 46 4 58 33 21 16 25 70 3 11 69 45 9 22 39 67 48 6 17 35 10 12 31 42 23 51 80
9: 67 16 11 63 76 45 29 55 47 10 3 54 56 5 62 51 71 6 58 59 2 72 44 53 79 37 75 24 61 74 26 7 40 32 14 22 13 77 69 33 18 49 78 9 30 28 36 4 57 21 35 20 52 46 19 1 8
10: 37 78 30 6 64 23 26 2 51 13 27 41 45 24 47 63 70 28 33 72 61 52 42 77 48 76 60 75 79 17 35 40 44 74 53 50
11: 67 56 75 30 28 20 11 52 49 24 42 46 31 15 1 48 79 27 45 19 76 26 50 53 69 38 5 33 34 78 36 14 40 68 43 17 10 21 70 58 6 32 16 12 47 7 63 55 39 51 44 8 22 29 65
12: 11 19 16 54 29 53 58 62 37 63 6 30 72 56 8 15 14 41 5 36 55
13: 77 27 3 68 62 9 32 75 19 20 26 51 53 33 29 60 11
14: 9 19 48
15: 4 32 34 20 36 19 31 59 15 44 51 21 65 9 1 68 8 71 13 67 78 17 37 54 55 40 22 43 6 41 18 52 42 70 75 3 77 56 30 11 23 16 33 10 35 25 61 64
16: 4 21 75 31 14 62 39 76 60 22 64 57 79 44 46 15 63 32 27 30 56 69 72 38 53 61 42 48 16 55 36 58 47 51 33 59 49 68 52 11 25 40 17 71 20 13 41 8 10 26 28 65 18 9 29 70 34 45 24 19 3 35 2 37 43 74 73 54 23 5 1 6 66 80 50 12
17: 33 48 32 69 41 15 1 68 31 12 18 38 24 43 77 58 27 44 53 73 34 63 36 51 23 35 10 25 55 75 37 71 14 4 11 60 22 30 65 45
18: 10 68 60 4 40 6 21 78 42 46 12 45 38 2 24 9 66 71 70 36 5 58 34 14 11 56 31 69 7 25 26 62 32 77 59 44 43 72 49 61 64 17 22 80
19: 22 15 21 46 39 12 73 20 24 58 25 13 41 65 76 33 32 50 55 51 52 71 74 11 34 16
20: 75 61 49 52 55 3 62 57 42 11 50 38
21: 55 37 77 51 31 71 29 54 34 8 52 15 4 3 75 78 17 25 74 11 10 19 27 21 28 66 14 44 57 24 45 47 9 56 64 16 12 35 80 36 61 73 70 50 2 42 39 60 38 72
22: 13 61 68 55 18 24 43 53 58 28 75 7 45 79 31 47 12 6 60 76 56 20 62 14 17 37 32 63 66 1 15 26 39 70 23 10 71 25 65 38 74 34 36 67 35 9 2 77 27 72 73 52 22 44 4 29 8 11 21 30 40 41 16 33 54 5 80 69 49 57 59 46 64 48 50 51
23: 32 7 75 37 64 15 34 74 21 16 2 44 1 27 70 77 12 9 8 67 33 71 5 65 72 54 23 78 29 3 60 80 48 20 69 40 56 22 36 26 4
24: 54 69 13 26 39 47 65 71 75 38 4 58 52 59 76 36 55 19 57 32 61 12 37 31 53 18 33 63 74 62 51 43 78 24 29 10 80 7 35 27 50 79 66 60 3 9 16 44 73 20 48 67 77 64 68 41 25 72 46 30 15 49 6 23 1 8 17 40 34
25: 69 14 11 21 33 66 7 72 3 13 36 50 24 9 68 64 38 2 77 31 26 71 15 48 40 41 53 19 49 57 23 61 29 6 8 52 44 54 28 65 67 70 73 35 78 39 18 37 16 10 12 34 43 17 60 55 42 22 5
26: 3 33 43 9 76 13 17 21 36 79 67 7 41 77 1 2 46 73 68 39 23 31 12 69 72 53 6 30 27 80 22 14 45 70 42 52 5 11 35 55 63 44 58 38 50 51 40 26 66 78 54 60 37 25 71 59 15 57 18 20 10 8 19 28 34 16 32 48 75 74 64 56 47 24 49 65 62 29
27: 2 13 48 52 66 23 62 68 7 43 50 42 57 26 37 18 1 69 14 31 27 5 58 63 70 56 45 19 46 79 73 16 40 22 33 30 10 6 47 59 28 12 34 77 75 24 78 25 60 65
28: 75 42 38 44 9 68 39 6 54 65 40 77 4 36 67 28 70 27 32 69 45 25 29 30 31 59 19 49 64 60 51 12 61 57 72 11 34 17 73 76 41 1 5 22 20 48 35
29: 56 21 37 26 78 32 2 65 59 6 80 38 67 46 72 28 66 15 57 14 30 23 51 25 69 18 48 4 9 7 3 36 47 42 10 19 17 52 44 27 58 76 63 45 60 43 71 13 73 49 31 20 68 24 33 29 64 8 70 11 74 39 40 50 77 5 54 75 62 12 1
30: 12 54 46 67 43 9 80 21 74 61 42 51 50 75 23 71 36 38 33 49 7 30 18 6 68 29 79 57 76 72 10 11 65 58 66 25 78 13 27 60 19 73 62 17 2 5 20 55 39 40 16 4 37 70 28 59 22 3 24 64 45 32 26 77 34 47 56 63 31 1 52 69 14 35
31: 69 79 41 13 21 10 71 43 60 31 16 61 42 22 80 23 59 12 3 1 44 49 66 52 40 11 34 45 14 38 74 53 73
32: 71 15 56 36 78 54 63 9 19 10 26 38 14 49 41 40 79 59 47 76 11 45 60 18 74 1 58 34 25 77 70 80 23 69 13 57 32 68 31 62 67 6 35 66 2 8 44 53 42 51 22 65 7 72 55 24 48 28 29 12 21 33 17 3 75 5 64 16 37 39 43 52 27 20 30 4 50 46 73 61
33: 66 21 11 61 35 80 25 54 55 23 27 31 9 26 13 57 36 70 69 8 77 7 37 45 75 49 73 40 78 6 59 47 56 20 48 17 67 24 32 4 50 29 22 5 14
34: 73 66 13 2
35: 23 57 70 73 74 71 24 64 66 6 15 7 21 56 38 2 20 67 50 40 41 5 72 42 65 46 13 77 37 14 34 59 78 54 28 69 51 31 43 47 75 52 63 10 26 11 79 1 3 29 12 45 30 80
36: 5 53 13 19 14 61 38 20 44 26 37 25 52 47 46 77 28 75 29 23 54 60 31 74 56 2 72 24 50 45 42 43 6 16 30 55 76 73 34 41 11 18 66
37: 63 27 57 13 29 46 56 2 3 6 61 76 5 44 51 36 15 12 33 30 74 26 28 8 45 64 78 80 62 69 72 21 41 34 42 20 22 25 73 14 43 4 1 48 11 49 23 7 32 39 60 66 71 52 35 16 47 70 40 10 67 37 77
38: 28 53 17 9 18 35 32 71 69 3 56 10 47 29 49 13 16 70 55 33 34
39: 19 67 9 36 14 78
40: 5 54 37 49 9 24 33 57 63 25 68 61 38 35 19 6 27 80 44 51 59 64 78 48 40 31 69 11 71 13 23 7 26 17 22 65 32 53 46 66 76 55 34 79 47 15
41: 50 26 66 6 49 41 38 29 35 18 64 27 13 68 45 73 62 69 22 63 25 60 71 19 46 32 17 72 48 77 1 39 24 2 8 44 33 3 56 47 52 75 74 59 78 28 7 61 10 20 40 65 31 42 16 51 30 79
42: 6 26 63 54 4 47 61 33 5 39 12 28 50 2 15 45 65 72 79 21 40 36 55 41 67 64 35 66 78 73 9 19 7 68 80 23 60 11 58 20 49 27 30 14 1 16 42 56 57 71 37 70 43 75 31 69 8 76 3 10 25 34 52 24 62 51 77 22 48 17 44 18 74 13
43: 50 36 17 48 59 66 79 21 52 78 14 25 61 46 72 1 12 43 16 70 80 13 63 5 74 62 60 23 37 31 11 56 28 10 2 69 24 67 75 71 45 55 47 57 68 35 39 20 7 34 15 4 6 41 44 8 53 33 18 64
44: 71 74 73 55 59 51 54 25 38 66 49 62 45 4 11 58 41 26 17 8 61 29 9 24 60 1 44
45: 40 48 72 6 16 5 33 26 8 41 52 25 36 30 62 9 73 60 66 51 20 14 47 71 76 31 70 18 17
46: 75 38 60 51 59 26 73 15 22
47: 45 24 80 30 40 68 33 47 65 17 78 9 2 73 32 34 28 35 67 27 14 29 63 37 23 41 26 50 39 36 77 6 49 69 54 62 61 25 12 79 46 22 8 51 70 42 75 57 11 58 52 4 16 10 7
48: 9 72 17 50 23 33 3 28 67 70 15 12 74 8 19 58 1 59 48 53 10 31 69 30 54 75 22 24 77 38 27 21 49 76 61 42 16 6 45 32 62 40 80 14 44 47 73 63 36 71 35 18 11 26 7 51 37 34 29 13
49: 79 56 52 25 42 11 50 45 72 29 37 5 27 64 78 12 34 1 14 2 77 19 53 7 46 9 65 44 62 39 15 80 66
50: 66 29 70 8 63 55 24 11 13 23 15 34 73 79 76 68 25 42 20 57 27 9 43 46 69 78 56 26 41 10 30 4 2 64 19 6 31 58 44 54 59 52 36 1 33 53 49 62 80 39 3 48 60 47 17 5 75 65 61 71 51 22 40 72 77 38 16 12 67 18 45 28 37 14 7 50 74
51: 17 28 27 35 30 61 71 11 66 44 65 80 5 60 39 74 38 6 59 16 32 64 76 10 2 52 70 15 77 69 19 56 23 29 67 72 45 31 20 54 12 79 46 57 62 26 13 21 25 33 53 4 49 63 22 75 78 40 8 55 3 34
52: 72 40 27 66 28 68 39 71 48 35 53 16 30 51 54 15 32 19 58 61 36 75 3 67 70 33 7 63 1 65 45 13 6 76 60 41 18 12 5 78 46 10 17 80 14 59 52 42 79 21 69 56 64 31 22 20 55 29 8 26 34 77 24 37 23 74
53: 6 5 50 46 27 7 16 70 57 43 1 26 73 77 20 21 39 55 71 18 78 36 37 72 48 3 45 4 66 31 51 74 47 33 59 60 79 32 35 52 25 63 53 69 58 62 61 12 54 15 29 28 9 23 13 38 11 41 68 67 22 24
54: 43 54 3 35 11 2 48 21 37 68 57 13 8 76 45 79 10 26 12 41 40 78 24 14 58 64 28 17 46 73 71 69 61 77 66 67 72 7 23 20 70 25 65 15 19 47 55 4 6 74 1 80 22 52 59 31 42 63 27 29 33 30 60 5 18 39 50 56 36 9 44 51 16 75 32
55: 45 2 1 61 41 3 38 76 53 80 64 58 48 65 42 69 12 6 68 73 55 56 49 60 17 44 31 47 4 24 9 70 36 54 79 77 23 26 59 10 32 20 13 57 63 78 15 28 18 29 11 33 62 25 50 8 66 21 43 19 35 5 37 52 46
56: 36 62 48 30 70 6 15 55 22 20 58 25 13 66 35 33 69 51 72 50 8 5 45 54 76 12 63 31 1 52 57 21 28 60 56 41 24 3 9 78 38 71 19 29 27 7 2 43 61 18 42 77 46 4 80 59 39 67 49 23 26 17 79 11 74 10 34 32 53 44 47
57: 48 13 40 41 67 39 57 33 70 63 66 17 35 50 74 26 56 11 73 59 51 15 71 34 42 4 12 64 36 62 10 65 23 79 28 6 53 20 22 37 19 47 78 60 3 14 49 45 76 31 77 52 24 80 69 75 9 58 44 25 8 54 68 30 7 18 72 46 21 1 32
58: 44 19 15 31 27 13 43 16 77 60 75 51 67 71 49 68 26 62 36 25 20
59: 56 57 49 40 43 1 66 70 22 37 26 71 54 41 69 35 58 3 14 55 62 29 45 51 32 78 64 36 48 13 28 76 33 61 52 20 77 44 65 63 42 50 74 68 73 72 38 12 34 4 2 8 39 47 24 60 5 67 23 21 19 18 53 10 31 79 30 59 11 16 75 80 46
60: 11 73 59 40 25 1 78 37 58 67 80 35 62 26 56 39 22 9 33 23 70 6 46 36 17 7 5 52 76 12 27 68 30 50 42 77 47 14 20 18 2 55 41 64 13 69 34 4 61 3 10 79 8 48 71 21 31 65 51 28 60 16 19 32 24 15 75
61: 45 13 15 22 54 6 28 21 40 46 69 75 59 41 18 76 55 10 31 57 58 16 49 77 5 64 51 8 14 80 42 19 60 74 26 2 3 73 1 79 29 17 63 25 50 71 39 52 35
62: 58 77 49 9 64 43 74 42 34 35 11 26 13 46 62 79 27 80 29 24 36 37 47 66 61 67 53 10 3 76 15 2 21 55 38 60 72 22 39 50 51 20 1 18 41 63 40 71 25 17 23 78 54 65 73 33 19 45 14 16 69 52 32 68 4 59 44 7
63: 33 40 3 63 15 14 49 44 62 20 13 48 66 6 47 19 16 24 74 51 53 31 28 22 50 17 57 43 70 12 67 36 73 68 45 79 26 59 69 65 8 52 75 25 30 1 80 32 54 38 78 29 61 56 71 4 76 5 7 37 10 42 35
64: 58 59 6 73 43 20 61 45 54 1 68 80 71 35 28 2 31 25 49 66 55 33 3 27 52 4 21 23 32 36 7 5 69 57 79 38 77 29 75 14 34 13 22 60 18 47 62 15 19 39
65: 14 7 19 9 3 73 16 43 34 62 11 4 29 6 40 41 28 46 71 12 47 56 54 26 48 13 67 49 37 72 17 30 52 63 44 35 68 53 42 36 59 21 57 33 8 25 58 74 78 61 69 22 80 23 55 38 2
66: 23 17 78 14 63 50 64 5 41 55 4 60 30 74 66 44 6 22 35 58 69 28 2 53 7 32 25 8 16 72 47 61 59 52 77 31 80 51 10 37 11 12 38 67 3 36 75 9 57 34 18 19 1 40 62 76 39 24 46
67: 19 36 40 22 1 5 20 48 41 69 64 42 58 23 68 59 28 50 67 21 56 63 16 61 9 33 34 18 79 3 55 70 73 26 47 78
68: 77 59 66 35 41 64 12 31 43 32 28 69 70 67 63 27 6 58 16 51 79 8 11
69: 67 63 58 30 32 19 76 61 31 64 14 22 29 50 39 55 36 65 54 56 20 26 13 73 52 49 17 57 46 59 27 45 6 18 53 5 25 40 51 7
70: 27 49 51 56 54 80 28 67 18 71 43 38 17 30 74 23 20 15 47 11 9 3 16 68 75 79 61 21 5 44 14 34 46 10 76 12 58 50 60 32 24 70 29 64 69 78 77 48 26 35 37 22 59 66 2 53 63 31 25 8 41
71: 21 67 51 33 48 42 34 75 69 53 27 50 60 39 35 56 15 3 76 74 26 45 18 68 47 5 73 66 25 23 78 8 30 55 62 72 71 29 14 79 43 22 16 52 20 4 2 49 38 36 80 61 41 12 54 40 46 17 63 70 65 44 58 19 32 7 64 11 59 28 57 6 1 24 31 77 10 37 13
72: 7 2 20 47 18 16 37 74 17 29 23 33 30 79 43 66 65 1 39 48 67 45 50 4
73: 33 29 13 21 56 49 23 44 16 1 59 42 79 27 46 20 34 52 26
74: 3 34 62 5 48 61 12 26 63 80 60 79 72 11 78 6 33 49 66 10 21 16 25 14 68 46 45 73 13
75: 75 24 10 37 1 6 48 66 52 4 53 69 11 42 30 58 68 34 77 23 33 7 22 46 49 14 28 64 47 38 65 17 54 20 39 72 60 74 40 13 35 44 19 3 51 59 8 32 61 9 29 70
76: 20 69 37 41 35 2 9 15 64 6 50 27 28 42 46 49 36 79 71 56 63 33 78 52 58 32 77 7 54 18 10 45 61 23 1 13 34 25 55 51 59 73 62 68 39 67 66 60
77: 17 42 60 80 5
78: 21 77 56 6 29 63 25 64 31 58 17 62 54 16 2 24 34 57 11 37 67 76 72 55 79 30 23 10 32 1 75 5 61 14 53 20 15 50 26 46 38 74 66 7 45 27 41 3 65
79: 73 42 66 34 75 49 41 24 15 32 31 67 52 65 29 56 23 10 72 5 60 58 62 1 17 80 27 38 13 59 8 70 55 74 18 53 4 68 28 7 46 22 48 69 79 11 3 40 71 39 21 77 20 30 37 45 47 25 76 54 2 26 63 9 50 33 36 14 12 19 51 43 6 57 64 35 78 61 16 44
80: 61 55 18 14 77 30 71 5 65 78 4 48 13 32 27 21 35 11 37 33 42 28 6 64 53 45 46 23 2 50 73 7 29 39 74 17 9 51 41 62 1 25 49 43 22 56 44 68 36 47 58 16 24
1: (72 63 41) (73 11) (80 22) (76 62) 8 (49 56 32 66 6 24 50 30 3) (61 35) (29 67) 71 78 (9 52) 79 53 55 (15 42 44) (60 37 16 31) (5 59 43 23 57 75 64 27) (54 7 17) 28 48 26
2: (64 29 71 78 34 56 47) 61 18 76 (43 42) 79 9 51 62 (10 59 37 21 3 30) (72 36 35 50 66) 7 (41 49 32 16 5 55 26) (60 65 6) 54 (25 70 22 27 8 80 23)
3: (9 23 31 75) (61 25) (21 26 56 57) (55 13) (78 60) 63 24 48 (74 42 54) (52 41 37 30 66) 7 (16 20) 67 (59 29) (62 53 51) (50 3 2) (32 70 71 5 64 79 38 15 65 35 8)
4: (51 55 23) (79 28 8 60 43 21 72 18) (33 17 44 22 71 66) (57 32 9 42 54 15 65 64) (16 24 62) 37 (29 47) 63 75 53 59 50 80 (30 56) 5
5: 30 (69 49) (16 27) (29 40) (52 45) 71 (61 22) (74 63) (60 78 33 43 11) 79 59 (64 70 50) (77 12 80 32 3) (54 23) 5 (53 28) 67 (35 26 18) (37 9) (42 36 66 8 2) 56 25 (55 51)
6: (22 12 24) (61 75 16 2 79 56) 50 74 (1 51 78) (29 69 60) (27 11 36) (18 32 76 42 33) 66 80 55 (65 37 41) 10 35 28 (54 64 68 52 57 48 9 3 15 30 71 63) (47 43) (25 45) (26 8) (40 53)
7: (25 22 64 57) (65 42 41) 4 27 (54 62 37 63 24 8 50 35) (66 79 43) 53 (80 71 30 18) (26 49) 78 69 (23 76 40 60) (75 11 72) (32 29) (33 52 9 47) (56 6 48)
8: (52 16) 32 (9 4) 44 29 (43 21 3 33 79 48 60) 54 (42 61 37 51) 65 (45 8 59 23 70) (22 55 50 26) (57 12 11) 41 (56 71) (66 24) (75 6) 63 (15 25 68) 47
9: 28 (79 47 49 57 5 56 22 7 21) 16 60 (75 18 42 33 80) (70 14) (40 24) 38 (9 13) 8 (3 25) (45 30 50 32 44 54 53 66 76) (62 29 23) (67 39 65 48 26 55) 15
10: (25 4) 59 (15 50 51 11 31 17 8 32 48) (22 62 41) 9 (42 37 55 27 75) (18 78 71) (21 29) (3 70 57) 35 (1 52) (24 74 16 63 30) (61 43) (79 66) 26 (56 54) 47 38 76 60
11: (68 80 16) 50 (26 43 3) (18 56) 70 19 (71 54) (44 59) (12 22 37) (17 78 30) (11 60 33 42 36 20 49 48) 57 (65 55 29) (15 32 13) (28 21 9 75) (66 74) (47 51) (35 53) (5 25 79 31) 40 (62 8)
12: (49 3) (50 23 28 51 5 22 16 8 11) (74 53 71 59) 63 48 (31 37 17) (19 52 35 47) (1 56) 54 32 21 43 (68 26) (30 79 25 24 60 65) (18 42 27 57 70) 55 66 29
13: (2 79) 5 (64 30) 62 22 (42 36 59 24 8 57 43 3 37 29) 35 (55 6) (56 50) (73 76) (27 61) (65 40) 75 (10 16 25) (58 48 33) (1 60) (34 9 53 19 32 63 38 71) (41 69 15 26 74 80) 54 51 (7 52) 31
14: (31 70 35 30 64 17) (75 32 54 80) 66 (16 74 8 45 26 18 61 57 59) (39 52) 22 (33 3 49) (62 21) (1 78 50) (71 42) (48 36 69) 37 (60 65 27) 25 4 (29 43) (11 9) 47 12 (63 79)
15: (56 32) (8 53 43) 16 51 46 24 (63 71 23 60) (12 37) 3 (50 58 52) (49 57 21) (76 79 62 54 2) (29 35 17) 61 (22 19) (26 55 40) (15 78 64) (42 70 25) 11 48
16: 50 16 12 58 (52 31 45 30 67 72 47 37) (36 11 9 59 48) 53 66 63 (32 38 70) 26 22 78 (68 3) (42 62 19) 61 65 79 23 (21 27) (5 73) (54 51) (15 80 24 74) (8 41 71 60) (43 25)
17: 40 56 78 63 (1 66) (22 80) 38 (52 21) (70 72) (32 57 65 51 18 54 8) (10 33 41 3) 62 (61 60) (29 47 75 45) 79 69 55 (11 48 30) 42 (50 44 16) (26 25 71) 15 24 (77 43) 28
18: 29 (9 42 48 3) 67 (50 64 32) (70 27 26) (60 38) (36 61) (71 22 43 69 54) (57 55) (45 59 72 66) (76 15) 16 (24 62 80 30 52 17 25) 56 (53 41 2 79)
19: (25 71) 27 (50 64 54) (13 26 21) (30 48 57) 32 15 75 (14 28 61 36 40 59) 51 (67 42 49 29 62 12 24) 55 69 (66 8 56) 41 39 60 (58 9 11 52 65 63 16 79)
20: 45 29 (23 22) (30 75 59) 55 (35 24) 41 (69 70 36 19 42 52) (67 76 11 50 37 57 33) 72 (60 79) (64 26 9 56 16 58) 73 (43 13) (32 62 63) (54 51 53) (28 5 15) 71 78
21: 65 35 (57 78 61 64 70 30 11) (37 55 18) (67 43 33 56) (22 21 15 71 9 8 52 79 16 51 53 31) 74 (29 59) 60 (62 54 26 19 25 48 32) (42 3 23) (2 5) (80 73)
22: (66 19) (26 65) (56 3 25 33) 46 (54 52 41 37) (63 17 30 57) 42 15 (18 60) (48 2 62) (22 9 67) 69 40 (27 79 59 61 80) 70 (64 31) (16 71 53 11 28) (75 51 47) (23 50 32) 8
23: (26 2 8) (22 29 67) (31 71) 52 (66 48 25 53 57) 10 (62 36 17) (30 3) (15 40 27 50 56) (75 80) 51 (55 64) 43 (76 32) 60 (33 78) 72 42 5 24 (73 70 54 35 4 65) (59 23) (79 16 37 47)
24: 22 (60 25) (62 33) (57 66) 56 (17 59 30 52 44) 32 (43 24 42 35 10 70 55 8 54) (27 21) (53 78 75) (47 48) (11 9 5 80 16 79 63 50) 36 3 29 (40 26) 41 (18 71 19)
25: 76 (41 37) (28 42 43 24) 7 49 40 (21 55) 29 (19 74) 36 (5 60 54 62 26 64 18) (70 44 66 50 80 15) (22 71 3 53 63) 69 (47 16) (79 30 51 27 78) 32 (61 65) (8 33) 58 (17 57 56) 45
26: 73 (46 59 62) (50 18 5) (53 36 32 78) 55 58 (23 52) (16 71 11 47 51) (13 22 8 37 33) (29 69 56 74) (10 9 3) 63 45 (44 41 67 35 70 42 54 25 65) (30 48) 40 (2 27 60 24 26) (79 61 57)
27: (56 53 69 70 28) (23 29 32) (76 68 26 27) 48 (79 2) (42 22 30 16 17) 33 (60 80 11 78) (58 41) (64 51) 73 (21 50 37 10 62 54 40 3) 52 49 (71 47 24 13)
28: (68 27 28) (52 22 56) (67 35 70) 66 10 (51 80 26 5 79) 25 (53 43 65 16) 36 60 (38 30) (55 50) 21 (75 64 47 11 71 2 54) (42 29) (63 32 8 57) (9 61 41) 76 (37 48) 59
29: (25 26 73) (22 9 54 65) (21 55) (13 71 79 36 49) (30 78) 11 (3 61 80) (75 62 35) 32 (37 38) (52 56) 44 69 (51 33) (64 23 50) (16 1) (48 53 41 12 70) (29 24 59 72 47 28 8) 63
30: (48 80 10) 52 (50 59) (63 30) 51 (26 8 65 1 75) (11 27) (54 28 47 12) 37 (24 60 41 56) 15 (22 9 72) (35 36 70 78 29) (66 71 17) 79 (57 69 45 5) (32 42) 16
31: 30 (51 41 8 69) (60 21 53) 28 (66 18) (32 31 26) (15 64 1 79 58) (56 68 36) (17 61 50) 11 (48 52 22) (24 71) (57 27 33 35) (59 42 3 78 54) (25 45 16) (29 63 40) (43 55) 70
32: (70 13 30) 37 (9 19 33 60 51) (32 68 18 78 29 38) (2 63 24 79 53) (40 48 16) (8 23 17) (64 47) (41 55 71) 3 (57 54) 62 66 11 (22 59 26) 69 (52 75) (76 28) (80 15) 56
33: (5 24) (27 72 19 80 45) (52 8) (13 41 42 47) 2 16 (67 29 73) (53 48) (57 37) (22 63 50) 26 9 75 (56 3) (43 51) (79 55) (4 54) (59 65) (38 11) (32 62) (64 15 71 40 74 17 60) (76 23) 30 (10 25)
34: (37 48 76) (2 56 50) (24 38 21 60 23 75 28 59 36) (47 51) (79 18 57 66) (40 32 49 64 27 25 19 5 73 42) 31 (15 16 26 35) 62 3 (17 43 65) (22 52 74) 67 (8 11) (30 4 70) 71 78
35: 26 (21 52 80 76) (33 51 30) 59 (66 9 22) 56 (70 55 28 16 63) 17 (37 42 43 24 5) (47 10 68 40) 8 62 54 (57 15 38 79 48) (65 64 25) (60 71) 32 (61 75 41 53)
36: (53 12 24) 62 76 60 54 37 (16 8) 39 (58 63 18 11 47 3 28 57) 80 (59 69 26 25 66 52) (43 17) 23 (29 71) 30 (79 48) (2 22 21 55 50 9 67 15 56 64) 32 (65 33) 45 42
37: (47 33 78) (23 17) (80 21 79 55) (42 72 32 71) (49 50 35 15 24) 2 (75 60 48) 76 (22 10 36 57) (43 70) (3 16 25 8 52) (12 30) (9 54 66) (63 27 26 37 62) (59 40) (65 53 29)
38: 75 (21 29 17 48) (16 62 25 64) (56 26 36 31) (55 35 30) 28 (59 65) 41 (78 71 40) (8 44) (79 24) (5 3 53 51) (50 66 70) (32 46) 18 20 (11 22 63)
39: 37 72 (69 60 71) (19 66) 3 (32 49) 42 79 (53 21) (47 8 64) 28 (51 16 54) (26 30 11 76 57) 61 24 (62 2 43 25 75 50) 22 80 (56 52) (29 59 41)
40: (15 11 31) (52 8 69) 59 71 67 (42 4) 3 28 57 (18 9) (75 30) 35 48 54 (5 63) 66 (16 45 61 32 79) (10 25 37) (47 22 40 65 33 27) 24 (29 60) 50 23 (26 62 51) (7 41)
41: 71 (52 35 15 59 22 31) 12 (5 68 80 79 8 28 44) 36 50 (57 37 25) 54 17 41 (67 10 60) (56 45 70 65) 16 61 (43 78 76 62) 19 (55 26 47) (42 53 24 32 66)
42: 76 (41 77) (15 79 65 63 67 56 61) (80 47) (73 48 71) 25 50 (55 37) 10 21 (18 59 28 32) (54 62 8) (27 57) (42 35) (36 30 11 52) 31 (75 26 3 16 49) 29 (5 20 60)
43: (27 50 15 53) (26 31 43) (11 55 42 16 37 80 3 17 18 64 63) (72 5) (35 68 32) (56 8 71 59) (58 22) 54 25 30 (62 24 79 29 70) (36 65)
44: 66 (32 22) 26 (56 73 80 71 65 63) (2 23 24 42) 59 (25 36) (62 51 16) (21 49) (18 58 28 79) 29 (3 55) (31 17) (37 11 41 70 75 9) 5 10 40 (43 50 15 54 48) 57 44
45: 37 (21 55 17) 41 (11 26 36 52 76) (59 8) 9 61 (44 71) 32 (74 49 64 30) (18 35) (33 27) (69 43) 80 (72 5 10) (56 50 29 48 57 3 47 63 16) 22 (54 31 53) (28 79) 51 (6 78) (42 62)
46: 74 (11 30 37 47) (79 73 78) (62 19 3 9 41 51) (71 69 16 80) (24 53 49 70 52 27) 61 35 54 (26 56 43) 55 (75 32 66 18 36 50 22) (59 29 8) 76 (65 60 40 57)
47: (53 64 79 57 42) (38 54 7 5) (66 60) 75 32 21 37 (35 41 43 62 16 63) (26 27) 70 (30 56 40 33 72) (1 24 65) (45 11 50 47 10 29 8 67) 36 (55 22) (9 80 59) (48 71)
48: (6 60) (5 67 29 48) (70 54 75 4) (40 80 50 33) (63 56 45 23 41) (57 25) 16 (37 52 71 26) (42 17 74 8) (11 43 27) (72 79 14 22) 28 (59 65) 55 53 24 (10 32)
49: 79 76 24 (64 20) 25 (30 18 26 32 73) 11 (57 61 42) (51 55) 70 80 (31 59 28 9 8 38) (48 44 65 47 29 3 22 75 71 56 63) 37 40 (74 33) (16 58 50 41) (62 69)
50: (24 3) 59 (20 63 36 79 72 25 32) 50 21 10 47 (67 42 53 27 70 61 29) 16 57 62 66 78 71 (56 19 43 26) (54 80 60 11 41 35) (33 48 8) 76 (30 69 49 5 22 55)
51: (60 13) (53 16) 42 (29 62 30 76 48 22) (44 61 56 46 21 10) (63 75 24) (17 5) (69 80 4) (59 41) (68 9 58 66 11 3 35) (79 52) (15 8 32 45 50) 19 28 (37 47 40 70 71 54 26 57)
52: 62 (15 11 30) 69 (57 63 56 6) (50 61 55 45 49) (16 75 32 47 71 8) (42 21 79 26 41) (65 19 29 24) (37 36 35) (22 10 73) 54 (59 2 51 52 25 64 20 9 66 53) (27 76) 43 (31 60)
53: 24 71 (65 80 17 70) 11 48 (66 36) 63 69 (78 62) (49 57 79) 31 13 (59 38 22 56 8) (51 10 12 75 32 9 5 53) (43 52) (50 1 55) (40 25 16 26)
54: (50 51 61 23 52) 26 (62 75) 33 (12 30) (44 28 53) (79 21 16 40 55) (25 32) 36 (42 71 78 24) (69 64) 22 (65 48) (35 8 54) 76 (15 57) (3 29 56) 59 (63 47) 70 9
55: (15 53 80 56 66) (2 30 25) (17 3 44 16) (20 32) (64 52) (33 19 8) 12 62 59 (78 61 36 26) 42 (65 51 60 24 11) 79 (40 22 5) 21 9 (76 50 69 67 71 54) (38 43 55)
56: 51 (7 41 59 30) 22 33 21 (43 80 50 12) 32 (76 9) 73 52 (49 37) (78 5 18) 71 (42 27 70 69) 35 56 11 54 (60 67 16 57 55) (8 26) (15 38 36 65 6 3 29) (79 63) 23
57: 20 (33 9 30) 8 (71 66 40 28) 79 (26 43) 7 (55 24 63 65 29) (59 16 37 50) (42 22) (69 56 47) 35 (61 57 2 78) (21 1 25) (51 32 27) 64 53 54
58: 76 8 (75 68) (26 62) (44 16 70 3 18 17) 12 (66 55 54 27 24 79 69 57) 50 47 60 (64 19 30 11 29) (48 22 67) 9 (42 53) 61 56 (78 65 80 52) 5 71 59 32
59: (29 52) (6 56 43 26) 60 31 (62 64) 53 (22 66) (27 41 33 68 44) (61 50 57 5 30 24 67) 15 (8 59 76 63) 65 (40 73 46 54) 35 (16 75 48 70 51 79 9) (32 69 18) (28 71 55)
60: 53 45 64 57 (13 42 21 16 77 22) (79 76) 60 (54 59 5 18) (41 52 28 25) (74 7 62 17 58) 75 (36 43) (26 61) 24 2 (30 55 32 70 44 50 37 23) (56 31 8) (66 29 27 71 10 51 46)
61: (79 63) 43 42 (16 74 28 70) (47 80 76) 71 37 (40 50 18) (22 56 48 41 78 64 33) (59 67) (21 69 54 52) 60 (15 55) (66 44 62) 75 (10 32 25 36 24 9) (1 53) (51 31 30 65 20)
62: 42 (16 30) (66 57 49) 79 (62 78) 63 (47 60 8 59) 76 (26 13) (41 18 37) 12 (71 65 29 48 55 56) (24 64 43 50) 53 44 (80 9 20 32 45) 22 3 (51 74) 27 58
63: (40 16 54 27 37 8 74 70 12) (65 47 62) (66 78 57 52 22) (29 11 50 10) (41 3) (43 9) 71 68 (51 26 2 32) (35 56) 76 59 61 24 (48 30 17) 42 67 1 69 (55 63 79) 53
64: (28 52 24) (67 32 59 60 69 30) 61 (51 15 16) (50 66) 21 (75 70 26 68) (18 23 54 71 40 78 57) 43 (25 49 29) (80 10 79 55 42) (76 41) 35 (37 22 62)
65: 75 (52 16 50 63 22) (35 3) (15 8) 32 (5 29 11 49) (27 23) (40 19 26) (57 28) (51 30 55) 54 (24 60) 47 42 (80 78 72 62 69 59) (41 17 25 71 79)
66: (8 55 35) 27 16 (31 71) (34 21) (78 52 59 62 50 53 36) (51 26) (64 24 45 74 68) 25 (41 70 56) (43 75) 22 (63 66 29) (72 2 7) (76 49 40 30 18 57) (42 37 32 79) 54 (44 3 33)
67: (58 68 78 8) (39 70 50) 24 (56 11) 47 (54 65) 23 (67 59 66 22) (69 32 51 60 29 15) (53 35) 37 (5 26) (9 25) (76 71) (72 42 30 3) (33 28) (43 57) (52 48) 63 (62 79)
68: (15 26 76 30 18 60 58 50 47 75) (57 71) 8 53 (24 11 40 55) 42 13 (59 43 27 74 63 65) 28 (41 32) (64 79 5 67 25 80 16) (62 4 17) (3 22) 29 (54 70 52)
69: (68 22 33 52) 11 66 (61 24) 30 (32 59) (55 50) (28 31 65 56 48 16 60) 64 (9 23) (62 53 38) (29 54) (41 70) (71 17) (43 75) 47 (3 37 51 42 63 27) (25 8) (35 26 40) (18 79 67) (76 57)
70: (63 22 10 68 43 71) (59 70 21 3 33 5) (8 50 57) 32 48 (53 54 26) 11 45 29 (30 42 79 56 18 16 35) (15 67) 55 38 27 (25 1 23) (75 60 4 47 37 28 51) 52
71: (62 17) 59 (41 37) (9 29) 76 (56 26 80 3) (70 42 19) 35 (60 8 63) (40 71 61 15 44 50) (53 30) (22 6 48) (43 5 18 79) (54 16) 45 58 (23 57) 31 24 64 (52 65) (51 25 38) (32 21)
72: 49 (43 50 48) (30 75) 45 57 (35 71 62 22) 74 (29 16) 23 (5 54 78 37 25) (10 3 56) 2 (65 24) 59 (66 32 53 8 42 79 9) 18 (12 52) (51 41 21 26 28) 36
73: (55 45) (64 21 41) (67 3 74 34 5 69 60 33 26) 46 (17 29 76) 36 30 19 (54 22 8 31) 50 35 27 (61 59 44 32 16 42 57) 24 47 (25 65) 71 (80 79 37 48 28) 62 (63 53)
74: (59 62 72 52) (2 53 19 80 22 78) (16 79 31 10) (56 63 35) (23 29) (26 61) (66 3 41) (48 57) (8 42 54 75 9) (5 51) (50 32 37 70) (65 36 43 21) (30 24 44) 71
75: (71 3 24 58 59) 41 42 (64 35) (63 16 21 47 26 22 5) 9 79 61 15 60 75 (20 11 23 50) 13 (36 57) 46 8 (29 54) 28 (43 66) (32 52 30 51) 10 33 (78 48 27) (17 70)
76: 78 26 63 19 (69 52) (55 61) 30 (71 11 62) (59 10 50) (28 40 54) 29 (16 8 42 60) (32 56) 79 9 22 (45 70 57) (24 51 36 5) (66 48 37)
77: (23 57) (25 52) 10 17 (26 66 58 37 13 68 61 8) 27 21 49 75 (53 18 70 71) (30 50 64) (24 33) (6 35 41 28 15 78 56 32) 51 60 (7 42) (62 76) (22 59 55) (48 47) (79 54) 36 (5 80 29) 9
78: (33 24) 65 55 10 (67 2) 3 (32 74 5) 1 27 21 11 80 59 76 (35 51) (63 18 56 43 23 49 53 66 9 79 60) (25 29 70) 15 42 39 (54 37 71 30 57) (62 52 26 47) (50 41 40)
79: (64 52 42 53 54 35) 74 24 (67 55) 9 (8 61) (68 11 50 41) 47 30 (51 43) 60 (59 26) (62 76 63) (49 31 71 27 3 10 57 56 79 72) (22 5 73) (32 70 40 78) 16
80: 54 79 52 (24 40) 22 48 70 (71 42) (66 77) 33 (64 16) 61 (26 50) (30 63 29) (62 56) (35 37 65 43 21 18 47) (60 57 55) (31 23) 49 (8 51 74) (32 59)
