80 80
1: 23 57 68 30 64 37 49 39 54 38 61 65 69 67 16 15 50 7 58 43 20 42 6 3 8 35 32 17 36
2: 10 3 46 72 51 52 26 8 60 37 49 70 33 59 42 67 55 22 24 2 39 54 16 11 6 71 14 32 57 68 36 40 76 4 63 7 17 43 75 58 19 23 61 38 28 77 45 30 35 69 29 20 80 31 25 15 13 65 9 48 1 66 41 27 18 74 64 47 73 53 5 50 21 56 34
3: 4 75 57 17 61 32 23 12 16 36 58 59 42 13 55 76 38 37 20 2 25 29 22 18 11 74 49 67 68 5 63 73 48 77 43 31 8 69 70 34 50 9 66 80
4: 42 36 12 64 35 13 62 2 59 43 45 14 37 5 79 51 32 25 38 60 53 69 7 26 52 39 34
5: 65 57 6 13 8 24 56 77 44 2 72 70 50 60 33 76 29 71 1 47 12 41 34 55 18 38 69 14 63 61 42 5 75 21 35 30 39 58 31 25 15 74 19 3 79
6: 64 38 19 53 58 43 15 47 54 39 30 45 72 42 32 50 67 27 77 46 71 2 76 26 16 20 59 35 4
7: 78 29 6 41 79 50 74 73 15 59 76 60 46 20 52 18 62 49 34 53 56 8 72 57 23 14 48 9 27 35 69 42
8: 46 27 26 34 54 51 10 59 13 60 14 70 3 15
9: 45 9 2 66 51 8 34 69 68 35 25 65 12 3 44
10: 14 32 29
11: 35 11 29 61 54 17 57 52 19 10 56 76 31 51 3 5 74 26 6 20 45 16 25 53 12 39 62 27 15 75 68 43 63 38 50 48 78 2 37 9 77 59 71 55 40 21 30 32 64 73 8 79 80 69 46 13 18 60 70 47 36 24 23 72 4 41 66 58 34 42 1 28 65 7 22 33 14 67 44
12: 80 62 67 10 32 31 77 21 70 40 17 44 54 41 46 7 37 58 19 66 61 47 2 74 49 26 12 45 53 75 69 48 29 73 78 56 63 24 34 25 11 57 38 68 60 6 36 18 42 50 35 16 55 33 8 15 52 1 76 23 9 51 72 65 13 59 20 4 14 28 79 39
13: 8 15 10 21 64 73 62 37 28 39 17 78 16 69 41 50 2 46 18 68 38 43 61 26 52 20 36 35 59 76 12 22 11
14: 46 21 35 77 42 5 33 10 17 19 3 37 70 15 78 47 13 28 14 57 72 45 6 64 39 66 18 20 31 79 44 63 4 38 71 73 61 68 55 34 27 69 25 36 74 53 67 43 52 9 48 60 75 1 40 22 65 8 12 56 50 49 51 30 76 16 24 41 2 29 11 58 80 59 23 32 62 7
15: 35 56 32 49 39 37 31 29 33 18 6 25 40 70 69 71 17 3 15 65 59 73 22 60 66 28 42 80 78 1 76 63 2 58 8 7 53 77 11 10 9 5 55 34 24 38 36 75 79 30 64 19 12 26 43 48 52 50 46 72 44 13 14 27 67 45 57 21 4 61 68 74 20 16 51 23
16: 40 43 6 5 12 32 29 66 1 75 7 64 19 59 28 79 20 11 41 24 36 53 72 21 44 73 37 70 61 47 26 34 69 56 39 60 52 48 15 57 45 58 4 49 67 50 76 16 35 55 74 22 46 14 71 17 33 62 3 13 68 30 31 54 23 18 65
17: 41 58 25 80 19 52 4 28 9 1 29 55 74 24 21 65 39 38 62 31 51 76 78 79 8 20 56 37 47 11 17 59 53 3 30 48 34 46 66 64 36 27 77 7 61 71 45 43 2 60 75 6 54 16 49 72 14 68 70 15 69 63 26 44 42 50
18: 75 62 19 41 50 11 65 38 74 60 22 51 67 49 44 69 30 79 47 10 13 56 8 48 77 37 40 55 73 66 35 17 80 53 4 54 7 27 58 16 12 36 6 34 43 71 5 52 72 9 21 78 64 2 3
19: 59 60 67 13 2 31 66 71 46 55 26 25 77 76 54 78 10 16 28 34 5 73 80 17 64 35 69 20 22 42 39 30 72 14 18 52 61 12 8 1 75 7 57 65 74 4 41 53 70 21 38 48 45 29 19 79 63 43 27 37 23 15 3 49 9 50 56
20: 80 77 21 70 19 78 2 17 63 56 41 54 6 53 60 58 59 35 14 34 22 75 49 10 12 11 39 29 40 69 38 27 15 74 7
21: 45 25 64 4 9 31 17 10 44 67 74 66 77 68 1 57 60 3 78 61 8 30 24 13 21 23 43 32 70 38 28 2 36 55 19 63 27 41 5 69 33 75
22: 7 4 70 29
23: 51 6 19 8 77 79 15 28 70 14 3 38 67 60 42 17 68 23 2 58 78 72 69 54 71 18 27 47 5 73 35 10 65 57 36 56 31 63 75 62 32 49 76 61 39 43 37 24 46 1 26
24: 25 21 71 46 20 23 17 63 4 55 77 51 34 24 74 28 70 5 49 15 47 79 1 60 45 31 29 14 2 39 67 52 66 36 54 10 7 18 62 69 3 12 68 16 56 41 33 27 6 37 44 57 65 64 35 50 53 11 78 32 76 80 8 58
25: 47 80 27 40 35 19 7 58 1 6 50 48
26: 15 17 43 54 75 76 78 49 35 36 80 68 63 70 13 7 23 40 20 45 71 10 58 47 2 18 64 34 9 29 19 73 53 72 5 37 42
27: 38 13 48 75 41 58 51 5 30 40 60 53 12 18 65 55 26 37 36 25 45 43 6 32 76 63 77 79 54 22 17 74 7 35 69 78
28: 2 58 62 66 26 20 5 36 37 49 75 17 19 34 6 74 51 42 8 14 48 12 80 15 11 29 73 59 4 13 10 61 79 44 57 46 30
29: 62 2 5 18 46 78 49 14 28 76 30 37 72 36 17 26 48 38 79 24 74 75 47 42 71 59 44 77 9 80 53 52 67 23 41 4 16 63 13 32 25 54 19 31 27 6 15 50 70 60 35 33 10 51 65 68 11 29 66 69 34 61 7 20 55 58 12 73 45 56 3
30: 1 47 63 13 23 16 57 60 69 51 29 15 45 30 17 53 74 18 43 36 7 54 9 6 44 62 66 35 72 58 11 21 27 79 65 28 41 33 2 34 71 46 3 50 37 19 31 20 4 10 24 26 22 76 56 55 40 78 61 77 39 70 67 5 14 12 68 48
31: 39 42 17 32 50 59 78 57 62 12 15 21 77 46 36 29 27 26 70 45 48 58 16 19 11 28 9 76 71 56 51 6 73 31 20 41 30 49 23 1 10 80 24 7 55 2 22 65 64 4 68 53 40 38 61 44 25 69 47 8 35
32: 52 74 7 60 8 17 34 53 19 33 48
33: 40 58 65 73 62 19 15 36 6 63 31 11 27 59 64
34: 52 67 25 36 43 20 72 71 68 69 38 77 64 22 16 48 55 49 1 42 34 27 19 75 73 66 3 57 50 17 33 62 32 35
35: 45 5 29 22 42 69 52 20 58 17 54 8 37 2 12 73 14 10 21 33 66 62 56 79 68 40 70 72
36: 73 49 62 77 75 4 30 15 20 21 67 58 10 69 61 65 35 59 29 16 18 47 38 63 14 74 8 25 7 64
37: 53 35 72 70 28 37
38: 10 78 65 31 13 70 77 74 14 59 3 76 46 12 80 73 1 49 58 28 32 33 6 50 16 19 72 7 11 61 2 55 34 45 30 44 69 23 79 35 39 52 63 9 21 67 27 38 51 8 47 40 75 36 68 64 43 25 56 48 17 37 29 57 60
39: 73 28 20 59 34 75 78 64 2 1 21 77 46 48 31 19 30 39 25 66 26 10 71 33 24 14 6 8 57 23 54 38 17 35 5 53 50 37
40: 61 59 47 4 69 17 25 73 19 72 77 41 11 74 80 32 56 37 42 26 75 70 53 22 48 18 54 8 46 13 57 39 10 3 28 52 49 43 51 58 14 50 23 31 60 66 40 29
41: 40 52 20 61 12
42: 9 49 67 4 50 25 65 58 46 38 77 70 42 56 5 45 53 60 59 41 32 74 7 31 15 62 11 76 47 68 73 27 72 30 35 17 24 51 26 18 8 63 55 20 44 39 33 12 40 54 28 2 80 10 64 22 3 29 71 34 78 1
43: 14 59 26 65 3 72 56 11 30 20 49 70 33 31 68 74 37 53 51 50 24 13 4 48 25 2 41 79 5 46 55 39 69 73 54 9 18 7 66 34 38 44 1 32 35 16 36 60 75 15 27 28 64 67 52 61 6 45
44: 6 3 45 66 68 22 59 7 21 77 30 10 33 28 25 52 8 47 70 42 78 13 23 14 36 75 38 65 26 79 2 64 48 27 57 46 12 76 60 32 56 71 44 11 17 20
45: 36 70 18 23 52 60 56 22 68 10 45 17 8
46: 22 20 11 69 16 34 32 30 70 3 17 64
47: 10 30 34 15 4 36 29 44 37 20
48: 56 22 71 31 4 64 19 35 11 45 36 50 49 39 7 73 27 26 60 13 44 47 12 68 34 69 14
49: 50 15 4 42 26 75 27 73 61 40 48 11 20 69 49 47 39 2 67 6 71 17 13 79 80 16 57 66 37 45 22 28 19 46 60 59 64 78 3 34 18 54
50: 5 44 24 7 42 43 39 51 27 40 41 32 69 58 47 21 53 56 61 68 10 45 71 76 29 12 70 23 22 37 79
51: 52 67 70 22 72 74 13 34 24 47 58 9 59 41 11 26 25 28 36 69 30 66 77 29 23 61 12 6 56 31 32 33 2 65 16 50 7 40 43 48 46 60 54 44 8 38 73
52: 73 53 21 78 8 42 17 3 31 58 72 1 48 77 15 63 29 37 35 56 62 75 65 55 5 6 28 59
53: 2 25 24 34 6 61 53 15 32 8 44 72 68 7 4 17 13 49 48 5 63 67 79 74 66 70 46 33 42 9 75 71 56 10 77 57 69 31 20 80 60
54: 44 63 71 38 34 48 41 6 14 51 65 16 23 1
55: 28 7 62 18 58 65 61 3 73 54 64 12 42 13 60 56 39 37 1 43 72 26 69 76 49 52 66
56: 5 54 14 3 7 38 20 42 69 32 12 16 22 29 31 47 23 50 53 19 75 9 55 56 11 73 58 45 48 41 2 80 67 46 61 63 79 28 57 27 40 68 4 76 74 66 17 33 8 37 6 26 15 44 51 24 35 21 39 65 18 52 36 70 72 1 78 13 60 30 49 71 10 34 43
57: 7 37 23 14 68 77 78 74 60 16 28 39 35 27 54 42 73 31 30 41 22 79 12 36 45 52 2 19 32 80 34 26 3 33 24 11 66 1 40 75 61
58: 1 63 19 76 36 13 10 75 37 46 54 43 15 78 33 50 28 7 9 41 40 77 31 30 47 69 80 55 11 79 61 53 32 62 2 8 23 6 16 17 59 42 34 64 18 5 27 68 60 66 3 25 70 38 35 52 71 26 14 22 45 72 21 24 51 39 74 20
59: 59 66 44 26 24 78 65 13 61 43 5 71 19 50 23 39 63 10 79 34 73 53 67 16 11 46 56 48 18 77 40 7 68 45 37 52 3 29 4 14 72 30 47 22 49 27 60 42 33 55 62 28 25 54 76 38 9 80 2 75 17 20
60: 52 68 48 8 74 4 65 62 76 66 2 24 5 49 78 39 1 71 7 35 47 73 42 3 53 12 40 75 17 25 13 77 29 18 23 6 36 63 61 79 38 10 80 21 22 26 28 46 45 70 20 69 59 14 60 50 16 32 30 51 37 67 31 15 19 57 44 72 11 58 33 43 41 34 54 9 64 27 56 55
61: 29 21 60 30 59 25 63 35 44 2 66 6 72 74 1 12 15 64 7 69 13 20 36 32 68 27 22 40 33 26 53 50 78
62: 15 22 20 58 62 34 19 45 38 47 37 59 5 21 53 23 61 44 10 66 6 24 43 80 41 32 9 31 36 28 64 40 25 73 46 35 63 12 13 1 75 18 52 11
63: 57 16 29 19 15 39 2 73 50 67 35
64: 13 40 47 34 30 56 78 71 43 36 80 38 58 31 4 79 32 9 10 68 76 1 3 23 19 49 37 24 62 5 54 46 20 77 8 67 39 65 11 15 59 73 26 22 27 25
65: 29 56 2 64 77 57 3 42 23 12 36 24 39 52 51 11 69 58 10 53 18 30 79 45 32 61 65 37 15 28 13 22 71 74 33 5 40 20 46 54 27 19 67 31 16 50 68 72 35 6 43 75 49 76 55 8 26 73 66 63 80 21 70 60 17 14 1 7 44 78 59 62 25 47
66: 59 45 2 71 33 35 19 25 27 15 31 1 68 30 39 66 14 40 29 13
67: 37 45 55 78 11 34 24 10 68 39 40 15 63 79 60 9 28 7 73
68: 8 22 75 21 79 39 34 60 41 61 26 65 18 23 46 12 3 44 27 80 49 77 51 20 6 57 36 32 28 48 53 15 19 54 35 71 76 7 70 74 10 38 64 13 56 37 42 69 72 29 5 78 40 1 9 45 68 50 52 17 31 62
69: 26 1 29 79 66 74 65 33 71 51 58 47 42 16 9 75 55 32 40 78 17 61 20 19 63 59 34 43 73 5 28 12 3 6 2 37 39 70 45 23 64 11 24 80 46 62 41 38 27 48 4 60 49 69 56 31 54 8 13 30 72 44 36 68 14 15 77 10 22 52 67 50 25 57 53 7 18 35
70: 21 60 30 19 31 44 6 77 37 48 40 72 17 49 10 36 29 18 57 63 12 50 4 53 9 54 38 79 69 11 80 56 65
71: 45 20 79 64 19 33 48 69 6 67 50 68 60 23 49 39 17 77 10 24 31 74 13 16 42 15 36 63 37 70 5 73 1 26 51 11 65 57 76
72: 13 54 30 53 69 6 46 74 80 47 55 36 77 34 14 40 27 58 45 48 42 25 75 32 41 24 39 67 68 21 43 10 73 76 44 63 9 71 49 4 60 16 22 7 61 65 33 56 50 17 20 5 29 72 35 19
73: 54 42 2 7 76 44 78 11 80 14 23 33 71 63 41 36 62 43 32 53 26 20 75 47 1 21 66 12 50 64 79 27 74 30 15 49 10 6 39 17 72
74: 23
75: 34 22 63 28 79 29 78 57 23 31 20 32 15 65 7 70 21 1 8 39 27 40 58 26 14 62 48 42 61 9 41 4 17 69 16 19 13 2 80 10 64 43 30 5 24 12 74 52 55 51 45 54 38 18
76: 79 7 60 71 56 5 68 72 78 53 40 66 18 50 24 25 9 3 64 33 36 77 15 21 39 75 2 70 4 29 67 35 37 23 19 6 45 34 10 20 1 16 52 47 58 12 73 51 65 62 28 55 57 26 46 49 43 48 59 69 32 17 44 54
77: 13 67 73 27 22 77 25 4 42 61 21 33 69 40 79 39 24 63 80 23 64 16 72 62 38 32 11 17 66 57 71 28 46 51 3 74 54 75 9 49 8 76 48 34 60 59 78 50 12 1 30 55 58 41 45 20 26 56
78: 21 27 36 3 24 19 64 8 45 56 78 57 15 60 41 11 35 54 10 68 25 29 72 37 49 1 71 61 23 26 31 42 79 66 18 73 39 48 13 4 76 38 20 22 62 43 53 63 51 70 59 80 2 9 14 74 65 58 52 28 44 46 69 47 50 12 34 16 17 6 77 7 32 55 67 75 5 40
79: 40 74 36 67 5 53 4 11 46 37 47 31 22 32 72 65 2 73 75 68 42 28 56 78 1 25 70 54
80: 75 1 25 72 38 11 30 34 39 43 36 21 79 13 70 50 14 33 71 32 80 67 53 8 65 2 37 69 16 6 27 49 23 29 7 54 5 52 59 57 76 45 31 44 26 77 46 40 58 64 47 68 51 22 18 10 66 28 4 61 48 17 24 3 35 9 63 55 73 20 12 19 42 78 56 74 60 15 62 41
1: (24 61 62) (73 56) 60 (39 64 65 75 31) (71 5 69 16 57) 17 77 (42 19 14 80) 52 58 2 (68 54) (30 79) (55 23 11) (15 12 21) (76 25 78 34) (66 43) 38
2: 59 4 56 42 (20 69) (80 14 28) 60 9 53 49 (57 11) 44 (29 73) (38 65) (5 78 2 35 43 31) (63 30) (75 76 18) 15 (19 39 23) 51 (12 61 26) (58 21 66 6 3) 79 (17 24) 13
3: (24 5) 40 69 55 (78 15) 68 (65 14 19) (76 77) (30 11 9 23) 17 (57 59) 46 (60 58) (16 64 18 56 80 21 42 52 44 34) (2 1 29 49) 8 (38 43)
4: (76 72 17) 21 (31 77 19 80) 48 (18 78) (15 40 42 36 14 11 59 53) (29 69) (56 24) (30 79 28 60) 16 70 (2 12 43) (6 49 47) (3 64) (75 22)
5: (62 78 42 28 3 2 43 52 59 27) 30 (18 50) (16 4) (5 64 75 24) (79 71 72) 29 (69 11 53) (23 15 60) 58 (26 80) 65 (35 39 21 68) (14 76) 19 56
6: (51 78) (17 73 29 23 27) (53 52) 11 (49 25) (7 69 39 60 70) 76 (18 65) (71 28 12 31 33) (20 38 58) (5 68 43) 30 (56 1 62 2) (61 72) (54 24 80 14) (16 15) 44
7: 17 (29 56) (25 22 53) (19 16 42) 73 (2 11 24) 68 57 (30 38) 48 (76 20 65 59 27 14 50 44 18) 55 (61 43) (67 72) 4 (75 1 80) 15 (31 32 78 26 36 12 69) (60 51 58)
8: (36 1 39 14) (56 24) (35 52 65) (9 12 2) (58 21 11 31 80 42) (40 13) (38 51 78 17 77) 44 5 28 (18 68) 69 64 15 (3 19) 32 (45 60 75) (7 23 53)
9: (42 76 51) (30 15) 11 31 (56 72) (77 69 18 75 19) 80 29 (70 78 43 26) (62 3 7) (21 59 53 12) (58 68) (38 2) (9 60) 17 14 (64 67)
10: (60 72 26 21) 18 (13 39 58 47) (44 8) (29 45 35 67 75 15) (36 38) (73 53) 80 (56 64 28) (70 11 76) 40 23 31 (30 24 2) 12 (69 42) (59 62) 14 (19 65 50 71) (78 20 68)
11: (31 49) (42 44) 3 (30 79) 17 78 (59 67) 20 57 (77 62 12 29 40) (60 58 80) (51 64) (16 24 71 70 15) 14 (69 65) (73 28) (46 33 43) (2 13 56 11) 38 48 18
12: (19 62 20 4) 38 (77 44) (76 78 15 42) (9 14 24) 16 (35 28 41) 12 (68 48 56 5) 75 18 11 65 70 (69 50) 73 (61 13 31 80) (30 27 51 57 55 60 29 3)
13: 2 (21 48) 15 (26 49 3 38) (28 12) (62 14 16) 40 65 (58 77) (69 66 11 60 75) 51 80 (53 59) (19 29 43 56) (61 64 8 55 27 18) (5 4 72 30 44 71) 78 68
14: 72 (12 2) (15 80 19 7) (8 14) (29 38 54 75) 73 (58 78 69) (16 20 56) (36 24) (30 48 23 66) (28 43 40) (60 10 44) (17 65 11 57) (59 39 35 5) 4
15: (30 49 28 19 33) (43 5) 66 (61 58 65 73 15 6) (78 2 12 75) (26 20 63) (60 17) 16 (69 42) 52 (53 68 71) 7 (13 31 1 14 80 62) 8 29 (67 23) (11 36 24) 56 (64 47 76)
16: (60 43 71 49) (54 11) (46 57) (12 6 38 69) 78 16 76 (17 72) (24 80 58 2) (77 13 34) (14 51 31) (30 1 18 75) 3 63 29 65 (19 36) (15 59) 56
17: (44 18) (28 65) (75 38) 26 (49 59) (11 58 13) 78 (45 80) (76 14 30 2) 52 (46 24 19) (1 71 27) (21 53 42) (56 68 32) (3 39) (69 72 60 29 34 23) 17 (15 73 16) 31 20 35 77 (12 40 70)
18: 58 (70 40 65) 42 (3 68 29 19 43) (15 27) 69 13 (75 62 5 49 26 14 36 60 80) (2 16 23) (55 45) (11 76 24 59 12) (7 78 56) 30
19: (5 64 39 32) (38 19 26 57) (17 70 16 21 76 12) 25 49 (18 68 78 23) 75 14 (11 71 34 28 65) 20 33 (6 31 15) 62 (56 72 66 30) (59 60) 58 (80 69 2 48) (40 29) 63
20: 36 11 (3 7 19 28) (34 76 42 80) 53 (16 35 44) (1 58) 73 (24 72) (60 13 75 43 2) 12 77 (14 30) (29 6 64) (56 26 15 61) (46 65 69 71 47 17 62 68 41 49) (31 39 78 59)
21: (80 72 30) (76 77 38) (58 2 62) 52 (15 68) (12 75) 18 13 (36 73) (39 35) 70 (20 14 21) (44 19 78 61 56 65 16 11) (50 24 60 5 31 17)
22: 2 45 (35 59 78) 68 77 65 57 34 (16 61 62) 31 (80 49) (48 42 50) (40 18) (44 60) (30 56) (64 11 19 72) 14 (58 75 27) (79 3 51) (13 46 20 69) 15
23: (1 77) (73 31 78) (29 30) (38 3) (56 69 68 15 2) 80 74 44 24 (75 71 60 45 40) (58 14 54 76) (16 62 50) (65 64 57) 11 (19 12 51 21) 23 (26 59) 39 7
24: (42 57) (53 30 16) 65 (60 72 21 59 2 29) (69 12 67 51 56 5 80 43 31) (76 23) (39 24) (64 14 77) 62 (58 78 15 71) 11 (50 75 17)
25: (65 11 64) (17 79 2) 58 (4 59) (51 5) (53 29 78 38 60 39 15 44 66) (24 61) (72 21 40 69) (80 14 76 36) (31 19) 3 42 43 (27 12) 9 (62 77) 34
26: (80 75 15) (29 43) (17 49 73 31 61 64) 4 (42 78) (6 69 39 12 68 59 71 13 44) 2 55 19 (65 56 40 30 16) (76 58) 8 (48 60) (27 28) (23 51 11 77 57)
27: 15 14 6 (68 24) (11 34) (18 19 29) (77 59) (21 2 42 60 23) (57 30) (72 43 58) 69 (78 38 48) 61 (49 7 20 33) (50 44 25 64) (56 17 80) (31 75 66) (65 8 73)
28: (65 60 62 58 56 11) (80 14) 51 (24 67) (31 76) 19 (68 39 16 30 23 37 43) (75 15) 38 2 69 21 (77 29 55) (42 40) (44 59 13 79 52) (12 17 49 78 57)
29: 40 (68 75) (29 22 47) (31 70) (15 35 56 17) 50 (2 52) (51 11 30 72 16 24) 78 5 14 65 10 (19 3) (20 26 61) 76 (59 63 69 42 7 80 38 28) (12 36 66 60)
30: (44 19 65 60 77 29) (31 64) (15 70) (1 59) (17 18) 61 27 (47 66 51 28 16) 58 (38 43 6) (72 39 69 57) 11 (46 73) 21 36 42 (5 2) 75 (30 14) (56 80)
31: (14 12) 79 60 (71 31) (69 57 48) 23 (15 66) 21 (58 38) (64 52 62 11) (2 39 78 24 17 68) 30 33 (70 51 75) (3 80 16) 65 (40 43 19 5 29 56 42) 53
32: 62 (16 57 27) 34 23 (65 4 53 75) 43 24 (56 50 46 80 14 77 10 60 72 21 76) (29 3 78 51 42 61 11 58) (38 6) (2 31) (40 15) (73 69 1 44 68 79) 12 64
33: (21 72 32) 80 14 2 30 (11 53 51 34 66 29) (56 73) 43 24 (57 60) 38 15 44 (59 16 65) (76 42 71 69) 39 5 (61 58) (35 77 12)
34: (39 75 14 62 16 5 76) (32 77 29 67 53 9 4 15 42 34 48) (47 54) (57 17 20 78) (2 26) 12 (49 46 11 69) (3 68 72 59 56) 43 (28 38 60 30) 19 (80 8 51 18 7 24) (64 58)
35: (52 30 26 68) 78 62 48 (20 60) (57 38 23 72) (18 16) (61 31) (4 14 58 76 9) (27 1) 66 69 (24 80) 25 7 (56 39) 5 2 (13 43 19) (63 65 29) (34 15) (36 42) 12 (37 6 11)
36: 58 33 (62 45) 1 64 57 56 (80 29) (65 76 4 70) (2 13 18 68 47 28 78) 3 (11 21 43 26) (51 24 48 79 15 73 31) (38 27) 60 17 (44 14 71 12 72 34 16) 30 (61 23) 69
37: (71 64 52 38) 70 (12 16) 49 26 79 (14 11 19) (27 50) 58 (35 60 28 24) (2 15 59 47 18 17 80 23 57) (39 56 40 76 43 4) (68 29) (65 13 67 78 3 62 30 55) (37 69) 1
38: 44 (77 80) 15 36 1 43 (12 23) (78 29) (11 75 3) (20 2 34 27) 6 (31 42 38) (58 64 70 13 51 54 68) 17 4 (19 60) 59 (69 18) (5 39 56 62 21 14)
39: 55 71 (72 49) (1 65 12 64) (19 42 20 15) 63 23 (56 39) (69 67) 59 (50 66 14 6) (5 60 57 77) 48 (17 4 2) (16 68 13) (30 11 24 76 80 78) (38 73 43) (75 58 40) 31
40: (20 67 26) 76 (49 27 25) (30 65) (68 12) (41 64) (16 59 38 35) 33 78 (56 31 58 51 15 75 11) 69 (60 40 61 57 70) 79 (66 50 18) (42 62) (2 72) 80 14 77
41: (50 58) (27 24 69) (12 11 77 14 73 30 7 40) (68 20 5 80 19 18) (51 31 57 62) (2 75) (60 56 43 72 29 42 54) (16 21 13) (78 17)
42: (59 80) 2 (57 11 75) (72 12 79 44 73 15 42) (3 34) (40 1) (17 56 26) (55 23 52 7 65) (58 77) (71 53 35 4 6 28 29 49 14 19 50 69 31 60 78) (5 68)
43: 4 (73 15) (2 3) 55 (72 21 16 65) (34 19 51) (11 14 64) 69 (50 23 13 27 58) 1 17 (6 75 26) (60 30) (56 38) (78 40 18) (62 80 76 59)
44: (18 5) 59 (29 72 65) 48 80 62 (76 16) 60 51 11 (14 30 56 31 43) 44 28 (69 70) (21 73 50) (61 54) (42 15 47) 53 17 38 (78 9) (68 12) 24
45: 60 (59 11 24) 44 78 62 72 (71 27) 42 77 (4 75) (67 80 30 35) (45 43 17) (9 15) (58 2) (56 6 48) 49 (31 66) (19 29 76) 21 65 (16 14 68 69 50) (57 38) 26 12
46: 76 40 58 28 (64 39 49) (44 7) 24 (38 42) 8 (15 16 68) 53 (14 69) 23 (12 72 59 2 30 78 19 65 17 60 6 13 43 62 77) 79 31 (56 80 11 29 51)
47: (14 58 78 6) (69 18 38) (5 51) 56 76 (36 16) 64 (65 2) 79 12 (24 80) 29 73 (11 23 62 59 48 42) 40 (30 44 25) (60 50) (72 26 31) (49 17)
48: (32 72) (29 12 30 71 68) (51 80) 60 16 17 (78 3) 44 (19 69) (2 52 18 38) (70 11) (25 39) (59 28 15 34) (14 31 40 27 56 7 53) (43 76 77) (54 49 75)
49: 18 (23 19 3 24) (70 69) 53 (73 1 76) 60 (16 42) (29 26 40) 49 17 (28 65 72 31 34) (56 48 15 43 64) 71 (77 78) (68 2) 7 (80 20 12 36) 38 (55 14 59)
50: (18 68) (11 7 6 73 59) 63 29 14 (51 13) (19 65) (40 25 12 24 77 31 69 3) 78 (70 56) (43 15 48 49) (2 30 80 1 42 16 72 76 58 17 71 5) 38 34 61 60 39
51: 69 (50 54 23 17 65 80 15) (43 29) (4 31 18) (60 14 2 77 76) 24 11 (28 78 75 9 27) (71 68 56 40) (30 12) 42 (8 38 58)
52: 35 (68 32 80) (57 43 69 45 76 4 62) (38 7 2 60) 78 17 (24 55 75 51) 11 (56 44 29 59) 16 18 65 58 (40 12 41) 19 (15 13 14) 34
53: (73 24 40) (80 53 29 18) (32 19 79 6 4) (20 2 58 62 70) (65 50) 14 (39 16) (7 78 43) 26 (27 68) 69 (17 52 37) (72 30) (12 59) (15 56 60) 76 11 (31 61 42)
54: 51 55 39 (57 8 35 65 64 2 60 26) (77 18) (78 11 40 27 58) 56 (43 23 70 12) (42 59 17) (75 76 69) 29 (49 16) (80 73 20 30 79 24 72) 6 (1 19 68)
55: 67 27 (58 65 43) (15 21 34 16 18 30 24 11) (72 80) (14 19 69 59) (38 29) 77 (12 75 60) 5 (17 3 76 31 78 52) (2 42 56)
56: (79 53 31) (15 50 77 12 56 43 11 78) (35 30 2 72 55) 51 (44 69 23) (5 24) (29 48) (45 20 80 16 14) 17 65 (70 38) (68 60 59) 52 (7 42) 19 (64 18 40 76)
57: 1 71 (39 28 75 56 12 2 3 31 7) 69 5 (19 44 68) 34 (63 21) (16 76 15) 30 (24 65 11 49) (77 53) (80 78 38 40 14 70) 23 60
58: 17 33 (31 24 1) (52 65 51) (12 2 72 55) (76 14 18) (77 30 3 5) 42 (80 60 27 16) (35 29 50) 20 (11 78 26) 36 (28 64 75) (38 15) (23 69 6 62) (25 40 56)
59: (38 36 62 69 60 33 52 40 64 15 44) (61 20 16 31 43 58 49) 8 7 17 (59 42) 14 39 (3 13 12 66) 2 (80 29 11 4) 77 19 (78 65 28 76) (6 51)
60: (45 32 72) 71 (21 59) (48 11 69) (8 80) (17 61) (57 19 7 5 49 60 43) (40 23) (2 76 51 58 42 78 4) 20 77 44 16 67 65 (14 55) 53 (30 24 70 18 38) 68 29 (12 56 27 15)
61: (41 14 75 62) (80 51 49 31 3) (50 77 55 36 17) 21 (65 78 15 16 72 59) (19 69 68 11 29) 56 60 (58 40) (53 23 28 1) (57 43 30) 12 (5 13 38) 2
62: (65 60) 18 28 11 62 7 (73 77) (78 34) (55 35) (4 42) 24 (64 13 58 23) 31 (17 69 16 36 80 12) (33 29 59 30 68) (14 75) (52 76)
63: (72 21 65) (80 62 23 20 24) (75 38) 19 (60 26 54) (71 42 33) (77 11 5 12) (52 58 2) (69 73 36 59 70 17 61) 3 29 (67 56 27) (15 78) 30 14 53
64: (68 34 69 24 43 15 44) (21 75) (65 77) (16 18) 13 (62 76 19) 36 (6 38 1) (48 31) 71 11 39 58 (46 26) 14 (2 60 17) (78 33 61) (42 4 73) (49 80) 55
65: 72 27 18 78 (54 29 5) (59 38 42 9 56 24 14 11) 30 (51 12) 76 (43 19) (64 68 15) 71 (65 75 31 33 17) (70 60 44 79 69 52) 2 23 (55 1) (80 36 16)
66: (35 43) (3 11 49 30 12 29 80 18 44) 51 66 57 60 77 (14 78 56) (76 69 21) 24 62 53 (15 55 59 17 40 16 9 19 39 34 73 61 2) 58 (65 28)
67: (71 18 15 59 2) (77 65) (53 69 14 64 36 12 43) 78 6 (29 24) (79 60 21 30 34 16 80 3 76 19 38 1) (42 49 56) 63 (11 51 72 23)
68: (21 56) 16 (30 26) (12 72) 53 (60 1) (80 58 38 9 69) 35 (78 17) (79 57) (3 29) 2 31 71 15 23 34 (13 42) 68 64 (11 45 43 65 67 59) (61 44 24) (50 66 48) (76 14)
69: (48 46 49) 20 (75 72) (43 18 51 12) (55 9) (15 4 65 14 3 78 11) (2 76) 40 (35 1) (50 68 80 69) 29 71 61 38 70 5 34 (23 7 27) (30 24) 56 (31 53 21 60 16) 19 77 (58 17 13 36)
70: (5 21 51 22 3 31) 50 46 (16 12 2 78 8) (15 79) 60 29 (11 71) (42 80 38) (69 53 20) (19 45) 44 76 30 14 (75 43) (23 35) 58 40 (26 68) 65 (24 56 17 37)
71: (72 34 42) (50 29 11) 56 (66 53 5 77) (30 68) 6 17 2 (15 14) (23 58 39) (49 80) 19 (76 73 18) (31 16) (26 44 65 69) 64 59 (60 78 54) 24 48
72: (12 17) 59 76 72 (51 58 73) (37 60) 18 (56 23 79) (15 30 52) 14 (53 11 42 80) 34 61 (77 5) (40 7) (26 16 2) (38 78) (55 19 68) 6 35 29 (70 43 69 65)
73: 65 (55 31) (80 16) 35 (52 51 59 3 60 77) (7 23) (38 78 40) 42 (2 67) 39 (72 36 26 43) 19 (56 34 63 79 76) (64 33) (29 49 14) (11 13) 28 (71 48) (18 15) (69 57 62) 12
74: (18 77 14 53) 3 (2 17) 28 (80 61) 79 (57 5 15) (30 58 24 38 27 11 43 19) (51 40 69) 65 (68 32) (21 7) 73 (72 60) (78 42 16 71 56 20 36) 12 (29 75)
75: 62 (44 2 80) 15 (16 59) 34 20 38 (23 76 27) 77 (21 60 28 56) (17 65 73 72) (57 78) 40 (19 29 69) (14 36) 39 (3 52) (58 68 43 11 26) (49 12 18 79 53) 5
76: (64 56 13 80 29 59 15 27) (19 58 78) 71 (42 14 55) 2 44 72 7 (3 65) (60 11 23 16 24 5) 12 (17 31) (77 30 50 68) (6 73) (26 38)
77: (3 70 6 78) (5 31) (52 80 27) (64 39 15) (17 60) (51 57 65 59) (24 21) 2 76 23 68 (69 44 34) 20 (14 40 42) 19 (36 12 29 30 18 77) 58 (11 71 53 72 38)
78: (77 49 14) (64 12 57 13) (21 30 80) 68 78 (69 31) 15 (42 60) (29 44 11 27) 7 18 (61 59 20) (26 65 79) 24 58 76 38 39 (19 52) (67 75 23 56 17 73)
79: (43 4 49 17 58) (29 75 70) (16 64 69) (57 67) (12 24) (65 50 53 30) (73 56 28) (60 44 15 5 71 11 14 19) 27 59 68 (77 76 18) (23 35) 78 80 7 38
80: (59 20) 26 70 (60 68) (49 29 28 65) 80 (78 53) 42 (25 31 64 2 69) (62 24 15 40) 56 19 11 12 (38 18 58) 75 (77 17 3 72 73 57 14)
