80 80
1: 60 16 33 45 77 3 18 37 13 4 64 63 46 35 54 41 1 43 74 22 5 56 31 65 17 70 49 8 68 25 39 80 44 21 7 23 19 58 29 24 10 66 14 27 6 40 20 55 36 78 2 15 30 79 59
2: 2 76 29 67 52 4 33 75 65 28 10 70 59 37 17
3: 40 58 68
4: 68 38 60 23 42 62 28 55 39 36 37 61 59 77 75 6 72 5 31 76 32 27
5: 56 31 47 49 71 74 6 12 73 52 64 76 45 16 11 70 54 24 62 19 35 40 4 18 20 21 66 79 34 36 25 72
6: 31 15 55 18 69 26 30 60 49 59 64 8 46 76 28 11 24 71 36 29 45 1 27 13 20 68 17 75 34 4 54 39 63 9 72 56 66 22 23 47 74 41 33 32 40 79 14 5 51 10 80 52 50 57 42 67 6 25 37 78 61 53
7: 80 64 78 32 2 50 13 23 58 56 52 11 45 70 35 6 34 30 54 3 68 8 43 72 27 36 38 9 75 77 18 26 46 17 65 39 49 37 62 31 48 44 79 47 53 12 74 51 21 66 59 55 76 1 41 42 40 4 16 63 71 7 69 25 57 73 33 61
8: 59 54 67 38 65 55 63 24 21 73 78 2 61
9: 1 77 36 3 46 35 43 19 12 18 56 53 67 38 79 21 39 34 76 42 74 44 69 30 54 62 49 41 59 8 70
10: 13 54 48 16 17 10 44 21 41 33 26 59 31 68 5 45 30 29 43 9 76 20 47 57 53 19 75 51 69 79 77 36 73 4 27 60 23 25 11 46 70 8 52 28 55 74 42 65 22 15 7 56 32 80
11: 7 49 39 38 24 60 79 43 56 62 69 52 17 32 66 45 29 1 70 47 19 8 18 42 27 11 26 23 36 41 63 55 2 75 72 25 53 22 33 58 30 35 21 12 15 13 59 44 9 68 28 46 10 67 61 77 5 16 74 40 48 37 31 76 20 4 54 80 64 51 14 50 57 34
12: 65 55 23 44 80 26 21 68 39 66 69 53 40 3 67 77 63 14 5 7 58 57 20 10 29 15 52 60 54 50 17 16 37 32 45 35 13 30 48 11 1 47 71 59 31 64 62 70 78 8 36 28 12 51 73 25 6 18 49 72 38 19 41 9 2 46 79 75 43 42 27 33 76 61 56 74 4
13: 3 45 8 17 80 19 27 10 4 26 12 74 24 43 63 37 11 65 60 76 7 33 2 72 6 38 66 39 15 70 51 9 53 58 22 52 29 5 18 42 59 36 35 13 46 31 69 49 47 40 1 32 48 44 34 78 25 79 75 56 54
14: 62 33 70 14 43 58 38 41 55 11 5 32 36 27 61 76 12 35 80 63 40 64 10 29 22 39 73 78 46 19 21 48 67 60 6 66 13 15 75 17 2 52 28 47 74 3 7 30 18 45 25 4 34 57 9 20 59 50 65 42 44 68 53 8 69 51 31 72 1
15: 26 69 57 10 50 22 79 44 8 59
16: 47 80 57 39 2 12 68 29 22 37 79 45 38 50 41 17 6 77 55 63 46 53 65 36 31 73 70 64 49 42 52 19 67 34 76 14 10 78 11 54 44 40 18 61 66 30 32 5 69 74 33 26 59 13 60 58 3 56 72 35 16 23 51 4 9 48 71 43 28
17: 67 80 76 1 20 68 72 16 58 36 34 62 7 4 64 73 66 71 23 28 27 78 12 65 6 3 29 35 26 38 53 30 44 42 77 50 18 2 43 39 47 75 5 59 46 31 61 79 21 74 10 45 19 41 24 57 14 8 54 70 17 49
18: 58 50 28 80 21 77 2 45 26 10 17 70 60 67 38 46 51 7 53 27 43 59 3 56 66 74 52 16 20 44 42 49 31 79 25 1 34 23 4 29 68
19: 18 76 48 27 5 24 70 69 54 11
20: 18 44 1 38 25 9 53 56 72 78 48 16 70 39 31 26 73 67 59 23 64 62 40 35 76 65 58 37 34 30 11 7 6 27 17 22 43 28 4 29 42 49 21 50 79 45 19 13 3 24 63 55 10 12 46 41 75 69 8 33 36 54 66 74 47 5 71 80 51 32 20 61 57 77
21: 23 61 34 69 65 53 32 50 62 26 40 37 24 68 76 51 27 67 74 42 63 57 75 5 13 41 20 11 48 1 73 38 58 3 19 21 7 30 56 80 60 55 79 43 31 71 64 54 44 28 12 15 8 47 77 9 52 22 4 35 36 66 33 72 46 18 6 70 39 59 25 17 49 78 29 10 45 2
22: 43 65 4 50 45 57 25 21 39 14 49 30 44 17 41 53 34 58 28 6 32 61 15 42 66 9 23 36 31 47 24 48 51 56 10 64 33 22 74 55 76 46 1 12 16 26 77 29 19 62 63 75 40 80 8 73 69 18 71 70 2 5 3
23: 39 67 11 55 38 46 77 6 3 79 51 66 80 8 10 41 15 61
24: 61 19 13 53 77 69 3 54 10 14 40 39 35 42 31 17 66 73 64 68 49 51 27 36 80 18 47 55 71 21 26 11 23 72 25 28 78 5 4 63
25: 19 65 77 80 72 30
26: 70 16 36 39 27 22 25 7 37 47 69 31 6 2 5 17 80 14 62 77 54 18 66 11 38 49 9 15 41 43 73 34 45 20 60 29 58
27: 65 55 56 14 54 46 73 38 8 35 71 59 15 42 27 43 6 45 26 5 80 48 61 41 22 24 77 12 75 20 49 76 52 40 67 78
28: 74 53 31 11 79 40 78 5 50 45 52 25 65 42 43 77 57 62 26 58 35 24 55 23 1 14 69 13 73 60 38 15 28 66 9 49 34 3 21 36
29: 48 43 77 17 18 37 5 49 68 62 38 54 22 14 44 66 80 69 73 39 33 2 4 63 74 61 10 50 29 32 76 25
30: 10 24 44 50 3 65 46 41 22 47 16 49 45 14 79 52 31 75 64 25 69 27 57 37 39 8 2 73 17 55 9 20 51 58 43 5 60 68 67 11 18 66 19 70 56 63 53 40 59 4 29 61 6 21 26 7 80 36 12 1 35 34 62 54
31: 28 49 68 77 74 39 50 17 78 4 22 59 24 67 33 38 54 52 79 16 32 41 51 64 34 70 69 60 6 62 71 43 35 40 2 48 47 27 45 55 42 19 80 3 46 26 56 10 58 31 76 30 37 15 75 72 36 44 53 8
32: 24 38 51 18 4 35 43 25 63 13 75 14 72 15 33 62 10 47 54 50 73 71 34 64 3 31 41 39 56 58 30 69 46 77 78 76 37 74 19 59 48 32 40 26 52 27 8 36 57 29 45 20 17 65 68 28 12
33: 58 6 1 32 64 26 76 34 29 66 17 14 7 69 43 62 61 57 22 67 45 46 75 2 16 38 28 8 15 23 53 21 73 77 40 65 55 18 33 11 31 10 54 30 79 39 70 44 4 42
34: 35 16 47 71 51 44 59 45 37 63 18 52 78 80 74 32 64 6 21 53 70 24 38 29 72 5 75 61 66 33 36 26 41 60 9 39 43 4 1 49 23 62 28 48 7 67 46 55 76 13
35: 17 47 1 22 66 63 9 18 30 35 57 25 4 12 61 55 77 46 71 58 23 76 67 52 21 10 56 42 65 14 51 74 7 13 54 8 27 50 11 40 80 24 44 78 33 53 34 5 62 38 36 15 49 69 45 59 79 75 60 28 19 32 73 2 3 70 16
36: 44 63 56 78 32 35 65 59 55 19 49 57 3 11 7 31 71 12 51 43 17 27 69 42 60 4 46 54 39 37 74 26 10 76 73 79 40 52 61 53 50 48 45 8 24 64 14 36 33 28 80 77 20 72 34 30 13 9
37: 59 53 54 66 63 3 80 13 16 64 60 21 76 61 78 67 31 12 19 41 71
38: 18 44 69 11 48 8 45 21 56 32 15 76 39 16 4 54 55 28 64 5 13 37 38 35 1 61 52 42 7 9 66 53
39: 80 23 30 3 5 15 72 13 54 66 75 24 65 69 33 60 41 35 67 20 56 50 62 70 55
40: 4 73 71 65 45 6 26 5 46 48 62 25 10 36 50 13 41 8 60 12 51 70 57 61 1 67 64 56 34 54
41: 48 80 5 63 26 43 21 18 68 31 30 8 35 27 40 10 20 74 24 22 75 6 79 47 69 59 49
42: 75 65 17 52 1 31 3 47 22 15 8 71 51 55 13 37 42 63 53 58 24 27 44 28 74 2 79 32 64 56 68 62 61 33 45 34 80 25 35 36 69 57 12 41 38 77 7 70 19 73 76 67 21 54 48 40 30 72 49 11 20 59 78 66 9
43: 8 18 66 69 36 33 3 60 42 6 13 25 53 35 2 78 57 20 19 45 73 48 30 46 67 50 38 59 29 12 80 79 14 15 54 63 37 40 26 70 71 5 24 74 17 1 76 61 31 16 72 34 22 75 44 21 62 65 9 68 55 56 10
44: 44 65 16 1 2 8 59 24 66 50 79 73 10 31 63 35 68 64 43 56 60
45: 32 8 13 28 60 9 20 58 42 52 56 40 67 21 23 10 75 70 65 19 54 55 2 26 37 18 39 25 76 4 3 79 12 45 38 22 46 34 61 53
46: 10 24 65 31 44 72 53 4 75 16 30 15 29 51 33 69 20 49 12 64 23 37 17 22 42 47 43 14 56 9 46 48 45 71 40 63 78 39 73 80 7 27 13 36 41 62 79 77 70 50 11 66
47: 15 5 31 42 23 71 57 70 1 43 7 12 24 59 51 58 54 45 69 75 63 26 14 65 73 67 32 38 9 29 16 56 4 33 61 44 74 21
48: 6 33 31 9 43 27 63 46 10 19 50 53 37 20 2 61 22 65 28 5 17 8 56 35 80 60 64 12 15 23 36 54 51 7 38 47 21
49: 16 32 52 79 25 36 62 41 6 40 27 13 72 69 10 11 73 68 55 45 54 21 64 56 19 14 77 34 74 51 29 28 18 71
50: 24 25 13 19 76 11 58 73 62
51: 12 29 24 23 33 19 14 49 56 55 5 17 2 78 54
52: 57 80 79 36 2 68 70 28 35 54 1 18 53 22 9 69 56 13 74 41
53: 40 51 47 19 13 9 65 27 63 37 28 43 74 52 71 69 33 12 11 48 79 73 50 24 78 36 64 1 61 49 80 14 15 17 25 29 77 67 39 38 41 57 26 35 10 45 30 44 53 16 22 4 2
54: 68 71 46 4 38 40 5 72 19 75 31 8 35 1 74 32 11 58 41 28 9 25 60 48 2 47 7 10 65 17 34 22 16 29 6 53 37 57 69 12 27 14 51 55 45 49 26 63 24 79 62 20 59 39 18 80 36 54 13 43 77 23 56 3 42 61 44 52 64 73 33 78
55: 11 70 76 38 33 25 12 54 72 21 13 43 15 75 57 2 23 59 35 19 1 40 53 80 18 48 8 62 78 63 45 26
56: 57 75 60 37 79 17 43 70 14 55
57: 38 51 9 11 62 44 19 63 23 16 36 68 14 70 13 58 50 46 78 75 54 67 74 22 35 3 20 76 27 49 21 40 72 24 71 53 77 47 65 17 80 73 48 33 56 7 18 45 31 26
58: 40 4 5 80 64 1 18 42 13 79 30 36 62 31 38 73 47 72 53 39 41 25
59: 3 62 32 47 63 60 33 13 35 67 59 20 23 44 71 78 31 55 61 10 7 74 58 79 49 8 57 41 46 12 43 70 34 51 38 52 39 45 53 36 19 76 5 6 65 54 77 28 80 75 26 2 18 21 48 72 9 25 42 68 15 16 14 27 50 4 73 37 1 40 29 22 69 56 64
60: 28 25 17 56 80 31 53 11 51 38 10 54 41 13 49 29
61: 52 45 8 39 62 5 69 32 66 59 16 35 13 75 72 56 29 44 31 70 40 20 25 48 10 55 57 74 1 15 24 50 61 78 26 4 42 23 9 65 28 79 19 14 27 73 49 12 63 21 36 67 47 54 68 53 46 2 71 58 3 80 41 6
62: 76 72 41 32 53 50 12 19 23 21 5 75 24 74 27 73 14 57 80 64 51 20 17
63: 1 45 68 78 32 50 21 65 67 46 6 62 80 30 22 34 10 72 28 44 23 71 5 49 41 53 12 51 38 29 74 75 73 55 43 70 52 66 14 35 17 76 26 36 60 7 56 37 20 59
64: 2 5 8 48 21 32 43 50 23 44 7 70 76 55 66 74 54 4 79 51 37 26 69 52 46 28 78 58 31 42 39 47 68 6 80 27 62 17 60 34 53 72 11 24 1 40 45 13 20 38 19 3 64 71 15 63 75 41 49 67 25 22 65 29 35 10 14 59 12 57 36 73 30 77 56 16 33 9 18 61
65: 60 33 66 20 34 79 50 65 16 43 47 62
66: 4 39 34 24 71 1 46 57 61 76 58 48 63 52 70 36 19 28 33 54 6 47 25 73 10 17 37 79 66 62 22 59 38 65 51 32 21 35 56 64 77 11 68 18
67: 11 51 14 61 55 2 34 8 1 75 47 72 62 58 49 26 66 6 10 56 28 79 31 35 44 29 19 36 38 40 30 57 37 16 80 25 65 21 32 9 76 77 43 71 48 52 4 46 39 63 73 12 70
68: 16 73 37 46 24 80 22 11 17 39 9 62 58 20 43 30 27 64 33 72 1 36 49 31 5 48 56 61 29 75 40 21 4 14 69 13 18 19 65 51 67 44 34 38 7 3 53 63 55 60 54 66 70 25 42 78 77 26 68 12
69: 41 43 24 73 80 9 62 46 12 74 71 30 66 19 65 72 1 10 15 60 11 20 37 50 38 53 17 61
70: 13 75 20 76 21 37 63 34 60 28 43 78 58 4 24 71 35 53 26 9 18 47 44 57 25 32 45 5 50 16 72 1 41 22 15 49
71: 56 16 2 76 58 67 34 62 69 32
72: 48 26 57 10 62 59 21 71 8 47 11 39 24 28 14 25 44 5 49 31 45 58 12 18 37 3 61 30 75 1 32 42 9 2 17 51 76 52 34 19 80 54 79 15 56 13 66 43 38 23 77 36 20 40 60 16 22 33 29 68 63 27 41 73 65 67 78
73: 18 39 44 43 38 48 8 30 75 7 64 62 5 16 41 42 67 53 33 46 11 66 50 14 58 71 77 49 54 47 31 76 59 37 78 52 69 6 79 21 61 27 40 63 34 10 60 17 12 3 26 9 80 70 2 20 13 35 51 68 56 72 4 28 15 19 29
74: 53 67 12 54 35 62 11 56 50 66 20 69 77 49 52 59 64 45 30 22 1 13 78 61 27 72 5 38 9 63 80 21 37 58 24 36 28 71 41 76 48 55 74 4 46 32 26 31 2 43 3 60 34 40 70 68 47 8 17
75: 60 36 65 32 50 76 26 64 33 34 7 18 55 73 31 68 38 4 45 57
76: 66 62 78 2 43 22 13 14 11 5 36 30 44 70 45 38 15 59 54 26 80 55 8 23 27 6 60 42 19 47 9 73 33 10 56 77 29 51 37 34 76 12 50 28 69 74 71 52 64 20 1 57 24 4 68 67 32 48 25 39 18 17 63 31 3 41 65 49 46 75 35 7 40
77: 36 38 53 32 68 26 40 18 42 43 78 79 48 15 62 31 41 55 46 72 73 58 63 76 64 59 16 1 65 22 8 52 75 33 49 28 12 47 2 74 80 25 60 9 35 27 14
78: 8 61
79: 78 11 31 20 37
80: 37 15 8 42 43 4 54 77 56 57 31 51 63 46 10 16 26 11 76 74 59 6 28 68 29 70
1: (7 68 61 33) (21 67) (74 13) 18 55 (35 40) 77 (44 11 20) (12 66 42 59) (47 69 72) (6 70) 63 64 28 30 (53 1 38 76) (9 54) 14 (34 52 17 58) 22 43
2: (13 30 29) (76 64 2 72 11 67 61) 42 (8 59 7) (73 48) 16 53 44 71 (12 22) 77 (17 31) (74 51 1 43 33 26 52) (14 21 55 35 45 18 54)
3: (32 9 16) 45 39 (30 37 20) (42 61 72 73) 22 28 (1 35) (54 43 17) 57 (76 21 36) (13 31 68) 18 (59 14 64) (24 12) 74 (7 23)
4: (53 47) 32 (20 46 18) (21 33) 7 (73 74) (58 45 66 75) (29 34 68 12 54 24 17) 76 (61 70) 31 11 (10 14) 16 22 (30 35 2 36 5 80) 59 (13 67 38) 40 (6 64 1)
5: 58 27 (29 48 76 72) 12 (20 13) (34 64) (61 4 63 43 70 17 28 68 16 59 40) (24 62) (39 38 10) (74 11 1) (47 26 73 30) (19 21) (51 54 41 22 6) 35 14
6: (48 66) (16 63) 43 (40 49) 80 (6 1) (26 4 67 76) (34 61) (7 12) (64 73 27 5) (13 41 22 17 31 14 54 33 21 20 30) 59 23
7: 1 (21 18 11) (26 7) 54 14 (17 20 47 64 38 63 30 10 34) (35 59 12) (13 76 46) 75 48 (33 68 73 36 42 57)
8: (31 76 21 20 74) (27 30 33) 44 (45 41 59 55) 77 73 (80 43 38 32 48) (10 23 72) (9 14 12) (13 1) (17 7) (78 15 35) 67 (42 64 61 22) 40 (36 54 6 11)
9: (35 34 6) (14 20 16) 70 (30 67 28 38) (59 36 53 22 69) (73 64) 52 68 (12 10 57 13) (72 74) 46 (21 7) (76 45 61) 43 54 47 11 77 42 (26 48)
10: 44 (48 43) (23 73 22 53 14 36 69 18) 46 2 (80 41 40 29) (13 17 63 64 49 1 20 61 30) (11 45 16) 67 21 (32 10 15 24 31 72) (59 35) 54 (12 33 66 6 60 76)
11: (36 60) (64 16 35) 6 (13 76) (54 19 69 74 24 21 23) 67 (26 72) 73 80 57 (30 11 20) (38 5) (68 28 49 50) 53 (42 7 66) (33 46 79) 55 (12 14) 10
12: (36 17) (45 47 72) 63 (11 42 74) (20 68) 9 (55 12 35) (73 69) (27 48) 67 51 7 (53 22) (62 14 32) (40 13 54 76) 5 43 59 (37 64) (61 77) (16 46 30 21)
13: 61 40 (36 53 6) (21 57 11 37) 1 64 (39 10) 16 49 58 14 (38 59) (12 76) 24 (73 28) (34 13 55) (60 7 50 20 52) (70 42 74 68 32) (54 46 35) (72 45) 43
14: (33 17) 14 1 (11 56) 24 (51 16 72 47 61) (27 54 68 53 46 43) (76 63) 36 22 (67 30 59 57 12 64 26) (73 6) 29 (62 49 32 35 28 77)
15: (23 76 46 43 39) (11 35) (1 70 61 53 31) (27 72 47 10) 77 (59 32 6) 13 (38 73) (69 14 64) (28 21 80 55 33 42 12 22) (26 48)
16: (35 77) (49 5) (59 61 46 54 34 72 22 26 57) (18 31 68) 16 (37 33 53) (65 7) 70 20 (17 38) 67 (64 47 44) (12 30) 73 (1 43 11 80 71 10)
17: (56 73) (48 16 10) 63 (13 35 60) (2 17 18) (21 26) 7 1 12 (46 76) (24 66 53 20) (36 62 74) (51 6) (31 72 64 69 33 30 57 29) (11 22) (68 54 42 32 43 14)
18: (33 21 45 16) 17 (43 30) 41 6 (20 57 72 70) (5 11) (73 32) 24 13 22 29 (12 77) 76 34 (58 59) (68 52 19 7 54) 14 (75 1) 55 (35 49 26) (38 9) (66 64)
19: 49 (55 21 61 76 25 64 24 35) 67 50 43 (5 32 11 14 54) 62 (10 9 73 59) 69 (16 22) (31 57 30 53 36 72) (48 1) (13 66 37 20 17 51) (68 45 12 42)
20: (36 45) 72 57 (74 79) (48 46 65) 14 (54 62 76 12) (5 39 69) (20 11) 70 6 (42 41 10 21 30 18 68 1 64) (43 27 26 32 17 63) 61 59 73
21: (18 57) 45 20 (59 33) (9 1) (48 38) 14 (43 72 70 17) (74 21 28) (41 24 22) (64 47 8 37) 68 (5 73 55) 10 (63 12 67) 61 (42 7 11 30 66 49) 62 (35 34)
22: (54 76 21 16 64) (74 31 53) 43 45 (1 15) (13 29 6 77 26) (66 46 70) (59 11 14) (68 57) (63 27 72 30 10) (22 41) (35 52) (20 48 33 42)
23: 22 (6 63) (17 45) 48 (34 10 28) (11 33 35) (16 76 62 18 1) (4 51 72 59) (54 12) (57 55 61) (47 24 46 21 20 7 64) 39
24: (53 57) 43 (74 44) 61 (47 41) 70 (13 51 36) (68 42 72) 6 19 22 17 11 39 35 31 1 (32 76 54 28 50 5 64) (21 62 30) 20 (46 66 8) 34 (27 69)
25: (26 54 7) 66 (6 68 42 1) (43 5 67) 21 (28 30) (61 70 72) (60 13 64 76 58) (12 10 53) (18 20) 11 29 32 (22 24) 49 (35 45 55 50 14 77) (40 59)
26: 54 (57 72) 53 (45 74 20) 36 80 (16 22) (63 7) (24 47) (77 10 41) 15 (31 40) 32 30 (33 43 18 67 64 59 6 17) 75 (61 13) (27 28 34) (73 55) (11 70 76 68 21) 12
27: 7 (12 19 48) (68 59 72 74 18) (11 57 31) 24 (61 27 4 73) (6 54 42 1 53 26 10 13 30) (14 62) 35 (49 17 76) (32 21 64) (77 36 46 20) 41
28: 36 10 54 (2 77 60) (4 22) (16 48) (38 21) 14 (74 53) (20 11) (32 12) (17 61 63 6) 64 (33 31 72 67 66 49) (52 45) (28 70 42) 80 35 (73 18 76) (24 34 59)
29: 30 (13 34 20 26 29 17 32 43 76 64 59) 61 (12 72) (33 46) 54 (80 2 1 73 49) (63 68) 10 11 21 (22 47 67) (14 60 51 16) (18 6 53)
30: (11 12) 58 67 (74 53 43 7) (41 63 76 31 22 35 6) (25 42 17 16) 68 (10 72 46 36 1 14 32 33 20) (21 39) 9 (64 69 73)
31: 4 14 54 42 (60 16) (30 80) 75 (73 58) (5 79) 22 44 13 6 32 (11 17 33 77 21 74 26) (12 61 57) (28 68 7 43 1 36 48 18 31 59) (20 76 37 10) 67 (64 24) 41 47 72 46
32: (72 66 13 35) (62 33 77 31 67) (11 61 7) (54 70 21) 42 (45 32 71 12 47 20 38) (6 75) 64 29 (59 4 34) (76 16 74 10) (63 22 49) 36 14
33: 14 (20 11 73 77 7) 1 21 (64 66) (72 76) 33 (43 16 65 2) 75 36 (68 48 34) (39 53 35 47 12 54 46 55 31) (29 51) 10 (32 22 59) (6 13) (57 42)
34: (54 22) (65 72) 75 33 17 21 (68 73 9) (49 18) 11 (31 20 66 32) (16 64) 71 (35 43 13) 36 (42 59) 28 (6 63 74 5 67 26 40 70 30 45 76 14) 7
35: (63 14 34) 31 (9 36 11 42 74 5) (70 54 77 13) (59 24 52 27 17 28) 16 (43 57 32) (66 20 53 76 21 44 38 35) 48 67 1 (61 39 64 55) (7 12) (73 41 30)
36: 75 (43 24) 54 (59 1 48) 14 17 7 (68 22) (6 66 12 52 11 74 32) (36 26 10 30 9 49 57) (63 77) 31 (4 53) (34 61 64 58 67) 40 (72 13 20) (16 5 42 76 35 28) 46 21
37: (21 13 54) (63 48 53 72 46) (67 70) (80 7 59 20) (68 1) 43 (30 66) (31 36 6 74 12 42) (69 16) (26 2 34) (38 29 11 64 4 73 56 79 32 76 45)
38: (35 60) (38 21) 43 (34 73) (23 26 29 14 20) 18 (57 74 9) (66 31 72) (69 64) (33 67 54 58 13 45) (28 17) 55 (27 47) 76 (8 63 12) 32 42 (11 53 77) (7 4 75 68 59) 16 48
39: 76 (6 20 66 36 73 46) (9 33 23 68) (38 14 12 34 59 22 21) 54 (53 24 72) (61 45 16 11) 29 67 7 17 1 (64 58 31 30 13 26 4) 32
40: (27 20 28) (45 72 77 32) (22 64) 55 (59 53 42 13) (11 16 54 36 21 3) (1 73) (33 46 24 58 7 68 49 5 76) (6 61 67 12 57) (35 41 74) 31 (14 43 30)
41: 72 (10 30 64 20) (7 76) 11 77 (54 39 34 61 46 73) 37 (1 31) (21 69 49) 62 (70 58) (9 74 32) (6 63) (60 17 27 22 53 16) 42 (12 26 40 14 52 59 23)
42: 42 (17 31) 13 (9 33 76 24) (61 10 45 22 20 35 72) (64 21 28) (27 6) (46 58) (4 80) 16 (54 59 36 73) (68 12) 14 (77 18 38 47 7 43 11)
43: (44 69 53 18 59 28 12) (1 47 17 74 27 32 13 54 56) (67 36) 77 9 (10 26 55) 72 (21 29) 80 (7 76 14) 48 64 31 (34 63) (33 30 46 70 65) 73 (11 20 22 68 41) 16
44: (16 72) 15 29 (17 73) 20 (43 33) (9 64 61 38) (67 12 11 36) 57 (22 42) 14 (76 34 10 53 1) (59 21) (44 35) (70 7 18 63 54 13 31 47) 68 (46 30)
45: 53 (54 43 30) (55 10 45) 49 (46 13 76) 18 6 5 (47 32 14 26 16 1) (17 7) (31 72 22) 33 20 (11 57) 12 (63 28 75 59 38) (36 64) (21 42) (35 40 61 34 74) (70 27)
46: 68 (20 17) (67 63 27) (11 64 13 22 14 76 45) (36 34 10 73 7) (69 1 21) (46 43) (48 31) (80 18 9 6 77) (33 57 30) (32 66 23) (54 35) 61 74 (59 40 12) 16
47: (73 26) 34 (42 22 7) (61 64 67 14) (20 5) (65 31 59) (6 48 46 12) 54 (76 74) 41 32 (57 58) (70 30 17) (77 66 11 53) (21 24 35) 13 72 (10 16)
48: (53 13 64 12 38) (7 54 27) (40 42 61 46 68) 55 (43 21) 57 (11 73) 22 (20 66 59 41 77 31 36 16 34) (67 76) (29 32) 19 (14 10 74 72)
49: 9 12 28 53 (67 17 54 74 64 68 60 63 29) (27 57 7) 24 72 31 73 6 36 (70 41) 76 (42 77) (1 51 22 20 16) 34 (21 13 26 18 11 46 5) (59 30) (35 61)
50: (57 76) (29 30 15) (16 32 74 75 46 48) 35 62 (39 12 44) (59 14 28) (6 43 40) (53 36 73 63 7 20 21) 22 (69 11 64 18 17 31 61 65) 70
51: (59 73 72 60 76) (80 64) 48 (63 54 57 30) (16 36 12) (6 14 10 47 20 67) (42 66 34 68 49) 46 21 (35 7) 53 13 (31 23 40 11 24 18) (32 22) 62
52: 73 27 (12 31 32 36 30 76) (2 34 67) 38 49 (59 53) 16 (21 63) (64 35) (5 74) 45 (42 61) (18 54 13) 28 11 (10 7 6 66 72 14 77)
53: 16 21 (12 31) (43 59) (18 57) 52 48 (36 73) 64 33 63 (34 9 11) (6 20 35 13) (61 54) (70 55) (22 68 37) 62 7 28 24 45 53 (17 30) (58 69) 46 (42 60 38 74 14 10) 77
54: 51 (35 42 21 11) (57 13 24) 60 (61 20) (48 26) 55 (49 36) 29 47 (54 38 6 8) 72 31 7 80 (45 74) 52 (68 1) (10 64 12) (59 30 43 33 66) (73 27 19 9 37 76) 17 5 16 32 (39 40)
55: (27 45) (14 4 8 10 74 34 24) (56 51 28 59 11) (39 43 20 16) (75 6 21) (68 49 54 35 36 23 76 12) 61 (31 30 1) (7 77) (67 64 33 22) (63 42) 38
56: (22 40) (9 68 21 51 74) (45 52 20 49 66 63 30) (6 57) (5 38 7) (80 72) 61 (71 67 16 1) (32 42 48 10) 44 (36 13) (47 76 39 11) 64 46 (73 12) (54 43) (27 60 35) 18 (59 31)
57: 32 (22 75 16) (11 7 47) 52 36 6 (54 72 40 53) (21 66 28 70 10 62 67 17) 30 (55 12 59 80 14) (56 35 20 61 42 43 15) 64 33 76
58: (17 21) (68 13 42) (72 33) 26 (28 77 1) (31 45 3 16 67 50 71 7) (59 66) (74 14 30 22 12 54) 73 57 11 20 (47 35 70 64 32 61) 18
59: (44 42 4 74) (72 16) (66 73 34) (30 10 12 8) 43 (76 7) (18 20) 54 15 (21 36 35 64) (6 17) (9 11 77 37 55) (14 41 61) (80 47 32 13) (2 31 1) (63 27) 59
60: 13 26 (39 31 48 56 18) 45 63 (72 14 6 34 69) (74 28) 40 (4 10 43 77 35 30) 37 11 (54 65 70 59) 21 76 12 (64 44 1 36 73 75) (68 16)
61: (29 20) (61 54) (30 59 14 37) 69 43 17 (7 53 12 78 11 24 73) (47 4 64 22 27 72 36) (40 34 33 6) 66 (8 35 16 42) (48 23) (45 74) (38 21) 68 67
62: (69 58) (71 34 68 14) (33 20 30) 77 (39 17) (54 73) 31 (21 49) (5 32) 43 (46 9 63 65 67) 74 (57 29) 61 (28 4 22 7) 55 40 (66 26 59 50) (11 42 35 12) (64 76 72)
63: (37 41) 32 1 (80 36 73 35) (54 67) (34 55 6) (77 46 16 24) (12 48) (7 74 47) 59 64 61 (43 20) 30 21 (42 53) 13 (70 22 68 76 29 57 14 44) (66 8 11 72)
64: (20 16 68 11 77) (59 66 75 1) (17 38) (54 24 76 5 44) 46 30 (7 32 6 64 40 21 42 12 53) (36 14) (74 49) (22 33) 58 (48 73 31 37 62) 34
65: 77 (10 42) 35 45 (36 43) 1 39 14 (76 47) (53 8) 12 (69 27 67) (64 2) (66 44) (33 59) 63 30 (65 22 32 68) 75 (20 16) 40 (72 61 28) 7 54 (21 13 46 57 17) (48 25)
66: (44 65 28 61 29 72 23) (67 5 12) 13 (42 66 73) (63 11 46) 34 (33 1 39 17 69) 26 (20 64 16 7 18) 14 (38 6) 35 22 37 (74 43 21 76 68 30 24)
67: 53 16 (72 64 39) 9 (2 18 8) (76 42 71) (68 6) (37 40 21 11 59) 31 (20 35) (61 33 23 47 34 30) (57 14) 27 17 (63 45 74) (43 12) 73
68: (16 31) 43 (3 11) (66 77 75) 24 (44 76 57) 42 (14 29 21) (17 4) (61 54 30 68) (32 12) (18 1 10 6) (52 41 73) (63 72 49) 80 59 74 (64 7)
69: 47 (64 14 7 29 10 61 33) 11 20 35 42 (19 54) 6 13 (76 46 74 15 22) 9 (41 28) (52 16 71) (39 38) 24 73 (12 49 30 21) (68 36) (59 26 53 32) 31 43
70: (76 18) (30 45 16) 9 (13 55 31) 34 (66 17) (63 22) 1 74 (68 61 46 42) (39 7 73) 67 12 21 40 (14 20 26 57 19) 2 80 (47 11) 43 (35 33) (10 5 52 56 64) 59
71: (6 42 57) (61 32 16 27 73) (53 40) (5 76 43 63) 47 36 (64 35 59 67 24) (66 72) (34 74) (49 37 54) (12 22 17) (31 20 21) (69 46 70) 7
72: 13 (17 73 59) 61 (57 16) (63 36) 7 (69 68) 70 (5 77) 55 (74 42) (67 58 12) (49 62 46 25 6 4 34 20) (32 31 43) (11 24 39 21) 14 64 54
73: (7 29 27) (8 75 62) 46 72 (35 5 43 63) (21 67) 33 (77 47 68) (64 44 12 16 58) 42 (32 69) (24 66) 20 (50 53 17 36) 28 30 (14 10) 57 (26 76) (22 54 59 61) (40 49)
74: (62 22) (34 13 31) (69 17 32 18) (80 42 54 76 41 61 36 74 6 14 57 77 21 52) (11 12) (28 49) (64 59 1 20 47 10 29 16 7 53) 35 (9 43) 63 5
75: 54 67 (61 47 20 7) 35 31 (45 34 4 56 42 57) 30 6 (12 55 14) 63 (46 77 39 2) (17 73 33 62 32 72 43 27 22) 64 (70 76 68) (10 41 59 13 21 11)
76: 75 7 77 (45 17 42 37 12) 76 27 (36 33 6 22 71) 57 70 (31 35 80) (64 5 21 62 16 66) 50 (29 55 9 2 74 14) (43 20 10 13) 67 11 73 (4 32) (38 59) 34 19 63 72
77: (11 59) 12 (42 29 66 68) (46 7 74 16 80) (35 76) 23 64 17 54 (33 10) (36 57 49) (28 22 1 53) (72 4 18 21 26 20) 25 73 24 (67 9 32 27 31)
78: 61 (20 13 55 42 1) 16 68 (28 24 46) 57 (59 12 64) 35 53 34 51 (32 31) (54 74) (8 14 76 72) (73 43 37) (70 77) (21 27 79 7 6) (63 36) 17
79: (45 54 18 21 46) 67 (43 36) (28 35 33 44) (59 66 52) (23 64 73 16) 13 (58 65) (1 12 41) (53 42 5 56) (61 6 11) (31 9) 77 (49 10) (15 72 30 20 7 17)
80: (74 77 35) 73 (27 58 53 61 26 31) 12 (17 1) (37 25 11 30) (62 41 34 59 14 22 55) 16 (24 57 42) 54 (43 52) 6 (69 13 29) 39 (18 23) (48 36) (60 20 72) (68 46 63 10 67 21) 7 76 64
