80 80
1: 61 80 54 17 7 79 15 26 36 44 4 14 30 32 69 75 24 51 38 60 42 56 62 9 18 11
2: 16 45 36 10 1 44 21 50 18 69 27 70 46 76 9 62 33 54 55 41 59 40 19 42 3 57 14 52 63 4 73 79 53 34 37 6 22 58 23 66 24 64 48 28 78 43 7 74 71 30 75 72 12 65 29 51 8 68 11 56 26 20 13 61 31 77
3: 34 27 77 52 67 12 38 54 18 79 23 71 5 74 69 16 28 11 80 21 68 8
4: 75 50 7 71 65 8 77 74 60 25 33 6 70 31 4 80 28 13 66 35 12 72 78 24 68 16 47 1 27 18 79 2 76 39 69 55 5 10 34 17 45 53 37 36 11 61 32 19 56 63 23 3 54 67
5: 25 26 22 53 38 32 80 37 62 79 8 11 29 6 49 78 41 51 76 65 35 75 28 14 52 72 50 17 64 20 19 45 73 42 13 40 30 54 56 36 59 55 23 27 4 48 68 43 69 10 67 46 34 33 16 18 61 1 66 24 58 21 71 77 7 12 57 3 5
6: 50 71 39 43 47 73 42 40 15 2 65 56 9 20 44 46 75 74 27 51 19 12 7 70 26 77 10 79 14 28 22 5 64 25 78 53 61 6 11 35 38 69 30 62 80 52 1 57 3 55 34 68 33 13 21 72 18 29 37 36 76 59 8 23 45 54 49 58 66 67 17 31 41
7: 17 39 52 55 27 77 76 4 68 14 45 56 73 79 11 10 47 43 31 74 71 35 63 19 7 60 38 53 78 61 29 8 37 62 9 49 46 50 40 26 66 28 34 57 51 70 22 24 1 42 33 32 36 65
8: 33 50 38 56 55 5 28 66 9 20 61 45 69 78 10 40 35 47 36 14 29 13 54 72 49 6 8 2 74 60 57 43 11 63 26 7 79 25 76
9: 75 74 37 43 32 54 15 17 48 64 11 2 5 80 49 70 66 8 40 31 6 41 56 3 45 39 10 47 72 55 77 30 57 7 24 1 14
10: 26 17 21 16 34 61 2 20 51 49 9 47 12 11 65 64 66 4 8 73 44 68 74 29 37 78 19 18 6 15 50
11: 67 12 9 38 43 75 31 74 80 34 72 23 66 33 68 29 3 26 2 4 27 48 17 62 51 69 19 14 37 54 25 42 30 70 40 60 57 39 8 47 24 52 21 56 65 46 13 5 16 50 28 78 1 6 7 35 36 49
12: 51 43 1 21 44 38 5 77 58 6 40 61 76 35 31 10 74 29 28 41 80 65 55 22 27 8 71 20 68 33 63 39 57 47 23 11 79 34 15 19 54 48 16 46 78 75
13: 18 15 29 73 7 66 57 28 25 32 63 30 17 45 67 46 21 37 50 58 42 49 44 27 79 80 64 24 71 16 68 13 51 14 33 53 38 43 76 9 61 74 35 72 40 10 55 77 78 2 31 70 52 39 75 56
14: 44 64 53 71 9 33 1 31 68 36 39 29 28 25 74 80 23 61 56 79
15: 6 55 80 43 13 59 48 64 1 34 35 37 25 70 31 67 33 27 38 72 56 49 24 20 74 50 69 54 71 30 53 23 40 28 11 76 77 10 65 8 42 57 58 39 46 12 17 66 2 63 4 47 7 52 18 26 19 29 9 51 16 41 75 36 79
16: 12 16 40 43 37 75 1 11 77 80 50 35 33 18 13 29 41 59 61 72 34 76 4 62 68 8 51 39 20 46 55 25 44 57 49 32 15 78 19 66 69 22 73 56 70 67 30 9 10 54 28 3 53 2
17: 40 57 32 13 69 66 47 78 37 30 3 68 1 11 51 36 59 42 15 14 29 25 18 45 50 35 80 76 43 27 58 19 31 21 22
18: 10 40 21 62 3 32 44 57
19: 60 20 69 49 75 41 65 11 67 77 24 36 45 54 5 4 50 76 7 18 39 79 64 8 33 59 10 37 71 25 68 13 63 30 55 58 52 9 78 14 53 26 21 46 61 31 34 22 3 17 23
20: 7 53 22 52 23 71 2 55 25 46 49 63 70 15 24 3 62 47 79 59 76 26 35 5 73 42 33 74 16 75 8 60 4 65 39 45 38 68 10 18 67 20 48 11
21: 74 14 29 53 59 32 48 43 20 19 76 31 25 2 18 55 56 79 66 67 57 7 78 65 69 17 21 47 80 23 71 62 68 46 13 36 38 73 70 3 75 49 63 30 40 60 27 58 45 51 9 50 8 24 39 37 26 33 1 41 35 54 22 12 44 34 64 10 5 4 61 72 6 52 15 16 28 11
22: 13 26 62 20 58 60 56 59 77 47 42 12 21 33 23 46 18 64 40 27 67 3 79 75 10 30 8 65 31 66 78 55 57 52 50 72 69 24 71 70 7 29 43 74 63 4 48 16
23: 26 30 8 44 39 18 43 57 4 37 56 7 22 3 77 16 79 6 65 66 15 73 67 47 68 28 72 63 61 38 45 71 25 69 24 46 55 78 20 5 1 62 10 70
24: 48 55 13
25: 66 46 58 20 34 16 13 10 62 35 69 63 80 23 21 67 36 57 47 37 41 2 26 68 44 5 54 77 61 17 59 7 74 29 9 33 43 79 72 31 14 22 73 39 70 71 48 4 12 24 55 15 38 50 49 42 76 11 3 27 75 64 8 40 52 28 1
26: 23 60 73 50 71 35 36 21 5 32 66 6 75 64 4 12 46 77 59 56 9 49 61 62 18 57 28 24 47 13 53 1 38 33 30 17 29 55 26 79 11 42 54 34 19 31 63 27 37 51 80 16 68 2 76 10 8 45 39 40 43 22 20 15 72 48 78 44 69 74
27: 50 23 24 60 76 15 39 77 6 40 1 33 71 78 22 42 65 68 58 13 44 19 29 17 41 10 46 47 75 38 26 62 25 43 80 64 57 36 70 21 48 5 59 51 31 32 27 34 74 35 45 11 2 63 69 53 28 61 56 55 12
28: 38 15 51 57 77 3 46 18 58 44 54 32 74 6 43 56 69 40 17 42 80 4 23 67 62 76 55 79 20 16 35 10 66 22 33 30 1 13 31 60 48 63 36 28 45 8 37 53 34 19 52 68 5 12 59 64
29: 77 79 35 43 36 5 17 8 2 75 25 22 31 46 37 10 66 53 7 33 26 67 9 52 76 18 1 59 23 30 12 41 80 73 74 65 24 71 14 60 68 13 57 3 32 38 47 45 27 48 20 19 40 62 64 56 21 55 4 50 63 49 39 69 34
30: 51 54 56 27 23 53 5 34 58 26 77 24 36 9 35 46 65 31 20 80 3 22 41 17 13 63 38 64 29 32 44 57 62 15 71 42 2 43 37 68 60 74 12 25 50 52 14 11 6 16 7 73 8 48 69 70 49 59 21 45 55 1 19 79 28 18 75 78 39 10 61 66 47
31: 67 52 10 1 22 47 70 76 27 25 41 35 65 34 13 64 56 40 80 69 57 61 26 38 58 8 2 14 23 62 21 79 6 4 12 24 66 77 43 42 75 36 16 51 74 46 73 78 37 48 63 7 55 11 72 54 39 44 50 20 19 17 33 59 45 15 68
32: 72 5 7 73 58 38 41 16 2 48 22 71 51 78 67 34 36 53 80 40 12 65 70 25 9 74 52 27 8 35 46 13 24 31 60 6 61 17 3 11 76 75 15 14 1 4 44 49 26 37 57 68 30 21 28 33 62 39 50 10 19 43 79 77 56
33: 50 4 46 21 39 37 32 34 20 12 77 68 54 5 23 78 69 44 18 71 48 74 30 56 60 62
34: 73 55 19 16 20 49 39 44 52 66 79 4 36 23 11 56 72 13 45 28 14 67 8 43 59 40 33 61 21 3 51 42 50 74 77 76 10 24 58 2 48 54 9 34 12 17 6 78 5 62 75 30 68 71 41 22 53 31 35 69 64 25 70
35: 24 2 73 10 79 53 40 34 55 77 51 71 9 5 68 6 21 72 20 74
36: 7 44 1 36 54 27 34 62 35 59 66 48 77 53 23 31 69 57 25 64 38 42 2 78 50 20 32 56 33 79 11 37 29 80 70 47 43 65 39 4 45 40 63 22 17 8 5 60 28 71 76 24 3 46 6 9 21 49
37: 46 26 22 41 66 18 74 54 28 72 58 35 39 69 44 5 29 59 63 37 30 71 32 31 15 65 51 20 77 45 49 80 48 73 56 9 10 60 27 70 61 55 57 1 19 40 11 33 68 52 12 78 4 21 8 42 23 7 67 36 14 47 25 50 64 62 79 13 34 3 2 24 38 75
38: 7 67 30 14 46 65 38 59 47 22 34 29 11 40 21 12 19 66 64 18 33 31 49 57 20 56 63 37 69 51 32 26 72
39: 5 41 80 70 33 43 8 34 11 2 27 49 74 72 44 54 65 45 42 58 37 9 46 55 73 1 4 39 61 66 3 69 24 78 52 75 40 20 53 31 16 32 13 38 64 29 26 30 25 19 68 50 22 79 62 51 47 12 63 35 57 60 10 77 71 67 23 59 14 56 48
40: 40 63 42 49 33 7 26 2 71 14 44 79 36 77 6 73 62 1 80 76 9 11 16 41 55 20 18
41: 62 17 69 75 66 18 19 42 31 47 3 58
42: 56 76 73 7 64 3 34 10 46 61 41 19 68 11
43: 3 46 28 8 9 45 64 39 16 74 21 17 40 60 65 37 61 24 5 48 50 4 79 63 34 53 58 54 77 33 36 41 31 43 10 71 70 6 14 19 66 35 47 26 23 59 55 1
44: 43 80 78 68 66 51 65 38 54 77 8 41 7 61 57 73 20 16 56 40 9 67 64 11 32 4 25 27 28 55 53 60 42
45: 19 50 24 30 11 32 35 60 10 46 57 43 78 29
46: 58 31 25 38 62 53 34 10 24 6 64 45 68 47 30 69 4 27 1 36 46 43 22 49 50 75 7 13 14 56 55 54 80 17 76 48 23 39 32 65 41 33 63 8 74 20 37 11 70 79 15 72 61 5 16 66 35 44 57 18 26
47: 63 7 69 3 30 11 76 52 68 79 36 45 32 64 50 18 67 49 56 37 71 14 59 75 9 26 4 12 66 33 2 16 78 70 40 77 54 28 13
48: 30 23 48 28 71 47 64 8 70 17 3 75 67 60 72 52 58 21 44 22 56 2 9 34 11 31 15 55 50 10 76 79 5 33 42 65 78 45 32 38 25 73 37 40 16 62 54 26 27 20 57 18 36 59 69 12 4 13 43 14 68 41 19 1 49 35 66 39 29 6
49: 51 69 78 58 42 80 18 72 2 50 5 12 45 8 31 34 71 37 56 4 33 23 54 14 75 73 53 24 52 79 70 40 59 39 22 15 38 46 65 41 62 6 7 43 36 26 20 29 57 55 49 19 61 66 30 25 3 44 16 68 77 1 32 60 74 27 9
50: 20 28 52 57 72 1 6 36 44 68 16 55 75 77 46 19 42 30 48 25 5 58 23 59 40 32 73 63 31 64 4 61 35 50 41 33 66 54 69 34 18 53 11 17 2 27 71 22 7 49 80 67 14 39 78 56 9 29 62 79 47 45 76 74 26 21 12 24
51: 49 71 73 55 45 51 31 32 13 28 8 34 79 39 56 1 69 2 9 40 25 33 21 59 19 14 7 61 63 77 36 78 42 38 74 24 37 66 60
52: 30 23 56 69 78 74 15 12 49 55 61 66 2 54 63 6 18 5 62 67 27 72 57 41 60 68 44 19 50 77 42 14 76 71 38 33 53 22 8 58 17 13 37 4 70 36 80
53: 8 34 44 10 9 7 26 70 28 68 63 29 65 55 54 74 6 49 69 36 39 64 66 45 77 21 1 19 58 22 17 50 56 42 67 48 33 38 30 23 14 72 25 80 2 11 53 60 40 57 78 35 24 51 12 62 5 46 61 47 75 32 71 37 41 59 18 27 76 31 13 15 16 52 20 4 43 3 79
54: 18 39 11 13 78 52 51 77 10 37 61 29 60 17 63 71 32 72 70 76 67 23 4 65 40 28 24 6 44 43 56 79 30 19 62 80 45 38 1 27
55: 71 45 72 11 31 13 24 67 57 19 64 33 50 34 65 38 43 28 9 16 61 60 63 40 58 21 5 35 39 42 29 23 49 25 69 10 17 59 6 54 77 53 62 48 70 30 12 27 66 41 26 2 56 74 55 8 37 75 51 80 68 4 52 73 46 7 14 47 36 32 1 20 44 22 3 79 18 15
56: 42 66 24 8 22 74 43 41 31 29 20 35
57: 56 7 50 76 66 75 44 80 43 22 6 24 5 57 70 27 32 4 15 60 3 51 33 9 42 46 2 8 63 74 25 34 59 11 49 12 38 40 28 36 45 77 73 18 47 23 52 19 35 53 20 69 72 31 65 16 68 29 10 48 55 30 54 39 13 41 79 78 62 1 21 17 14
58: 42 4 32 72 29 67 11 59 21 8 14 61 38 65 2 69 30 26 33 58 10 20 80 46 64 50 54 9 15 40 25 18 45 53 57 24 77 16 76 43 70 3 5 23 39 31 28 71 79 66 68 73 56 47 1 22 17 7 48 52 12 74 34 60 41 19 37 27 49
59: 2 39 16 73 48 31 35 11 13 28 6 32 33 1 66 18 30 45 20 40 80 44 14 75 59 78 63 67 8 47 60 57 34 43 29 53 50 27 4 65 52 21 24 42 3 61 76 46 70 68
60: 66 10 79 48 70 80 46 5 32 12 40 72 28 57 42 24 56 13 27 47 78 49 7 4 21 22 9 11 31 61 64 51 43 2 16 45 59 65 25 1 17 76 3 19 33 34 71 52 63 36
61: 59 78 62 38 51 5 2 70 46 67 48 58 6 76 55 52 65 34 68 10
62: 19 37 42 65 7 51 18 79 8 13 24 57 53 26 28 56 3 46 31 55 74 14 40 29 58 17 67 9 48
63: 24 53 55 26 52 21 65 28 79 62 42 78 15 11 74 23 58 73 1 10 39 3 71 45 32 29 54 5 16
64: 4 45 24 17 8 14 5 74 34 18 60 71 23 61 46 16 39 79 27 48 37 52 3 29 38 50 49 55 11 78 59 20 19 54 66 70 35 75 7 13 28 43 36 25 1 57 63 40 73 53 10 41 15 62 56 76 64 51 58 80 33 6 77 30 31 47 22 2 42 32 44 65
65: 29 63 11 44 26 66 16 20 69 75 79 53 73 67 71 80 28 25 30 9 14 76 45 3 56 54 39 5 12 47 52 46 18 50 77 22 1 24 70 36 6 43 7 72 34 32 51 41 64 21 2 42 4 8 48 40 59 33 49 74 38 19 17 57 23 27
66: 11 28 40 42 20 23 46 60 63 66 75 6 16 21 37 45 14 50 48 30 8 56 55 18 39 32 74 68 72 53 17 77 80 13
67: 19 23 1 27 3 34 37 75 46 30 60 8 15 55 45 71 62 49 11 39 7 29 22 70 21 17 51 28 66 73 72 61 44 63 6 26 74 69 52 47
68: 64 72 29 14 80 43 35 67 63 18 26 52 74 28 51 48 41 1 10 12 24 66 71 17 2 39
69: 25 74 18 67 60 20 71 46 55 12 1 6 56 16 51 7 75 65 63 14 50 38 48 24 2 70 61 9 34 33 32 62 17 49 31 39 30 44 15 19 80 59 8 11 36 77 28 53 42 76 29 45 26 40 43 78 23 13 57 66 3 68 21 41 22 35 10 27 5
70: 19 24 69 68 65 80 34 61 18 30 79 59 29 35 75 1 9 78 27 36 44 62 23 43 42 52 10 60 33 38 67 58 55 5 13 73 22 16 12 11 47 72 37 51 48 71 32 15 14 8 2 77 54 6 4 76 56 45 25 64 3 28 57 7 20 31 66 50 40 41 26 46 63 21 53 70 39 49 74 17
71: 61 24 58 8 66 59 11 40 73 76 43 28 80 36 49 68 71 56 39 47 54
72: 75 19 73
73: 18 3 4 26 57 21 66 49 52 59 51 28 55 67 17 13 43 16 60 38 45 44
74: 47 60 49 2 73 63 65 27 74 17 28 14 57 13 32 76 59 55 3 41 56 21 46 10 15 12 48 43 51 40 26 79 33 18 24 5 22 54 80 38 9 16 29 70
75: 38 24 11 21 50 75 1 5 30 39 29 74 27 80 9 55 37 44 46
76: 58 63 7 51 24 79 77 75 26 27 22 30 39 35 18 72 43 80 74 52 25 76 64 28 42 23 40 57 34 1 17 31 54 6 53 46 3 21 13 47 67
77: 65 21 40 20 28 61 52 33 59 32 69 17 15 76 74 80 5 58 30 57 50 24 75 12 44 37 29 6 48 27 72 22 73 25
78: 51 56 17 50 14 61 70 52 25 20 42 46 36 27 3 68 76 80 12 29 10 62 58 71 31 38 18 19 78 26 64 72 67 49
79: 41 8 77 35 27 47 51 11 53 78 49 13 79 42 64 16 7 72 66 24 12 46 48 76 52 71 58 67 14 4 62 63 38 37 1 69 60 33 19 57 22 28 10 75 23 26 2 36 31
80: 51 1 60 14 11 3 29 70 44 50 18 33 8 27 17 55 72 66 73 20 13 78 26 76 57 10 39 53 25 40 36 62 69 6
1: 25 (15 43) 68 (27 76 2 29 59 17 46 48 5) (9 16 79 40 30 39 4 69 6) 54 21 (49 23 28 50 32 75 57) (70 7 51 53) 65 (26 37 55) 64 (58 12) (67 31 36) (80 11) 14 (60 63)
2: (16 58 31 50 48) (49 10 65) (15 29 36) 25 60 74 (69 27) (34 55 32 52 11 37) 39 (4 59) 8 (35 64 68) (51 40) (53 47 6 26) 21 (9 30) (61 57 20 13 79) 70
3: (43 47) (18 48 32 19 36 60) (37 41) 9 (30 29) (80 4 69 22 55 21) (62 11 59 49 64) (76 63 73) (23 39 42) (2 74) 53 (25 58) (17 34) 78 (28 67) (6 57 70) (16 65 20 5)
4: (65 33) (26 53 64 47) (32 57 48 15 46 29 22) (10 54 4) 20 (52 7 11 37 23) (31 16 21 44) 2 (70 25) (28 60) (59 5) (34 36 50 19 58 39) 73 (79 43) (49 55) 1
5: (63 52 61 6 65 69 30 9) (49 11) 77 12 (39 19) 48 (25 27 64) (37 29 4) 50 60 26 46 35 5 (58 33) (28 23) 36 55 (32 34) 70 21 (74 43 57) (8 20 53 75) 3
6: 48 64 (57 55) (30 54 69 80 76 21 6 4) (34 15 67 40) (2 27 50 31 59) (32 12) (5 49 36 66 23 9 28 65) (10 11) (46 26 8 61) 43 (53 77 35 70 52)
7: 23 76 (20 42) (7 46 2) (64 65) (49 53) 47 (62 79) (58 30) 5 15 (19 36 9 37) 29 1 40 (6 55) (11 67 44) 21 (31 8 50) 70 25 22 60 (57 32) 13 (38 51 69) 4
8: (10 62 9) 66 20 5 29 (48 46 8 23 30) (71 67) (34 58 70) 59 (39 69 55 12) 57 (32 80 51) (6 11 4 28 7 15 56) 64 21 (65 43 36 79 53) (16 2 49) 31 (26 37) (25 22 19 44 3 52)
9: (74 47 60 35) (21 26 49 50) (51 32 11) (36 58) 70 (62 15 8 65 57) (75 44 69 39) (2 19 53) (30 40 16 29 48 14 13) (6 34 55 1 37) (43 7) (25 10)
10: 53 64 (26 20 35 25 29 78) 31 (32 57 9 28) (27 30) (48 15) 8 5 (13 54 74 16) (43 39 69 12) (45 34) (6 19 55 2) 18 (70 23 21 37 4 22 61) (7 60 58 79) (46 80 63) 68 42
11: 40 (55 63 31) (37 50 36 7 21 71 75) 46 16 (39 12 9) (45 53) (2 57) (1 44 30) (69 15) 20 (80 66) 70 (54 10 79 17 6 67) (4 60 38 5 42 64 65) (3 27) (34 58) (19 32 8 47 26 48) 59 25
12: (28 22 27 52 10) (4 30) (53 65) 29 (37 11 15 31 32 74 5 38) 47 (26 21) (68 48 16 6 57 58 77 55 34 2 33 25) (49 79 70) 50 (39 78 60 3 69)
13: (28 16 66) (6 11) (4 13 19 74) (57 26 76 53) (22 5 30 79 24) 46 (32 25 34) 39 27 (15 62 55 47 69 59 51 31 60 2) (17 70 52 29) (54 64) (8 80 48) (21 37) 73
14: (48 19 8 53) (57 43) (39 69 65 30) 34 (2 25) (17 40 6) 59 (13 21 68) (11 66 1 55 49) (47 62) 37 (74 51) (58 78) (64 29) (79 46) 38 7 31 (52 50) 70 32 (9 5) 80
15: (58 77 9) 23 27 (30 63 21 74) 6 (26 20 52 10 31 48 28) (67 70 16 25 69 64) (53 13 17) 55 (32 1) (46 37) (12 49 57)
16: 31 (16 55 25) (50 5 70 44 4 59 32) 74 11 (63 79) (10 2) (58 23 15 20) 66 12 (26 47 40 39) (48 60) 65 (13 57 30 22 73 49 3 34) (69 28 53) (46 43 21) 64
17: (80 1 43) (30 9) 76 4 (28 50 29 48 62) (68 74 41) 34 27 78 (11 65 31) (13 32) 55 46 (54 15 57 21 58 64) (77 6 5 52 69) 10 60 (7 25 66 70) (36 19 73 26 53) 67
18: (59 28) 74 (19 40 41 64) 37 15 3 58 (49 38 46) (53 57 70) 78 48 66 73 (22 54) 21 (68 2 20) 65 (29 69 50 52 5 4 47 6) 33 13 17 (55 30 80) (23 76) (62 16) (1 10 26)
19: 57 64 4 5 10 (58 65) (39 27) (67 79 15 62 52 41 21 26 54 11 78) 2 (48 16) (38 55) (45 50 69) 6 60 (28 49) 53 30 (72 51 42 34 7 37) 29 43 (12 70 31 32 17)
20: (31 19 2) 57 64 (10 15 23) 40 46 (6 70) 38 34 77 (55 49) (21 58) 78 (36 29) 26 (22 35 50 66 20) 44 (69 80 28) (16 65) 48 33 8 (37 39 5 30 59) (56 25) (53 12)
21: (73 38 29 18 5 11 65 57) (35 75 12 26) (6 59) 30 (13 36) 63 (66 3) (31 51 10 21 17 74) (34 69 48) 19 (67 43 27) 22 77 (25 58 55 53) (76 50) (32 60 33) 2 (37 70)
22: (74 39) (49 30 16 27) (17 5) 67 (12 65 79 48) 57 58 50 37 (69 55 25 60) 46 53 (26 20) (31 52) 2 (32 28) (76 23 29 19) (36 64) (21 7) 34 (56 77) 38 (6 70)
23: (57 31 70) 30 50 20 (3 37) 69 (67 27) (79 19 15) (33 49) (11 46) 5 29 (14 58 21) 65 (48 28) (43 55) (76 64) 36 66 (34 12 6 39 63 53 25 26) (2 22) (54 52 4)
24: (5 69) 68 63 (65 27 31 55 57) 11 (70 30) (13 79) (9 54) (46 62 26 15 19) (25 22 45) 37 75 39 (58 20) 53 34 (35 1 2 43 74) 23 (49 77) 56 (29 32 7 60) 71 (59 4 21) 36 (64 50) (76 51)
25: 55 46 (16 50) 51 27 58 (44 77) 48 15 (65 31 36) 78 70 (49 37 14) (80 17) 32 (69 64 5 6) 13 (11 76 20 8 39) 29 (23 21) (30 57 60 53 4 34 19)
26: 7 (6 38) (23 62) (49 65) 37 (78 40) (10 68) 55 (39 25) (50 26) 32 (20 48) 67 29 76 (27 1 47 2 74) (79 31) (69 30) 63 43 53 (73 11) (46 21) 5 22 80 (58 19 15 8) 70
27: (50 46 75) 5 (39 37) (69 52 49 11 26 53) (7 25 44 2 55) (67 21) 64 (65 4) (36 31) (27 48 3 77) (12 57) 32 54 (60 6) 15 (30 58 78) (59 74 70 13 22 17) 80 79 (76 29)
28: 30 (37 23) 77 (71 53 27 5 74 55 47) 14 (66 57) (64 11) (73 51) (65 12) (76 6 36 8 4) 60 (48 2) 28 (16 62 34 43 25 50 59) 15 79 (13 26 63 54) (32 3) (44 67) 21 (68 70 58 69) 7
29: (13 67 37) 8 (16 70) (6 75 38) 59 (58 78) 14 (62 64 80) (48 25 53) (12 26 55 50 10 30 63) (57 7 17) (22 56) (2 74) (69 36) 49 (11 68 5 39) (54 65) 21 77 (27 45) 15
30: (21 76 15) 17 (9 38 5) 52 1 (69 34 16) 39 (49 6 67 75) (22 28 57 77 65 64 13 55 2) 37 (47 58 32 19) (46 33 59 11) 70 (29 50 53) 48 (45 54) (66 23) 26
31: (64 27) (37 34 62) 76 (39 12) (26 19 13 50) (11 38 6) (43 55 70) (53 29) 41 (15 69 57) (22 59 56) 78 2 (25 7) (21 60 58 51) (14 9 36 4 32 48 17 79 49 46) 30 28
32: 17 38 (46 16) (60 26 63 53 51 21 49 13 4) (36 59) (29 74 47) 44 (9 39 70 27) (48 33 66 64 18) 5 (57 77) (45 55 69) (1 54 28) (30 50 58 37) 7 65
33: (46 70) (34 21 25 74) (57 31) 5 (39 53 29) 20 64 (16 43 22) (14 28 37 27) (65 50) 26 (51 60 52) (55 8) (2 77 32) (13 11 19 15 58) 80 40 38 (49 59 47) 4 (69 48) (12 7 36 6) 79
34: 16 36 (26 3) 29 (35 61 60) 53 (31 67) (48 6) (34 37 49) (2 19 59) (42 33) (76 43) (64 58 39 4 21 25) (69 30) 46 (12 51 27 55) (15 5) (70 10 65) (11 57 7) 50 (28 38) 32
35: (37 70) 55 48 57 27 11 32 (64 17) (15 56) (34 69) (43 13 46 20) (36 31 39 50 79) (16 29 76) 53 25 (12 68 7) 45 (21 30) (8 26 6 59 5 4 28)
36: 8 21 (17 19) 43 (26 40) (4 30 47) (11 70 71 49) 80 78 (69 64 57 27 50 32) 6 (28 51 7 2) (29 52 46 15 60 5) (48 25 31) (36 14 65) 37 53 (79 55 34 1)
37: 64 (15 46 52) (26 6 17) (30 29 66 54 9) 39 58 (48 62) (77 70) 11 (37 7 25) (21 67) (49 23 51 38 28) (36 31 4 2 47) (13 33 55 10 16 53) 5 (32 43 79 75 19)
38: (52 29 25) 49 (46 74 6) (11 31 26 54) (57 69) 13 (8 32) (53 12 27 61) (28 20) (65 73 78 64 51) 5 (36 48) (75 37 30 44) (1 39 23 58 15 79 55) (3 38 70) (21 7)
39: 55 (53 76) 19 (59 26 46 31 34 30) 50 (15 9 64 14) (12 57 36 39 11) 20 (65 48 67 32 63 49 33 66) 75 13 29 (25 43 16) 23 (70 68 4) (54 37) (69 51 27) 6 58 71 7 (21 80)
40: (55 25) (36 38) (2 43) 74 (5 60 22) 69 (13 50 39 29 76) 77 (7 32 31 21) 34 (40 6) 62 26 (27 70) (11 54 17 8 53) (9 15) (57 58) (12 71 48) 37 (35 18) 47 (16 49) (59 28) (64 44) 51 (65 80 66)
41: 55 (52 2 30 9 43 31 6 79 34) 44 (39 57 64 37) (53 21 70) 65 (49 69) (56 58 5 27) 68 (25 42) (29 15 48) (12 50 32 46 40 74) (16 19)
42: (2 5 22 26 37 64 59) 56 (70 55) (78 58 62 20) (41 15 40 31 63) (79 17 36 30) 69 (65 66) (50 44) (76 6 1 51 27 11 34 57 48 49 39 60 13 53 25 28 7 52)
43: (39 7 12 68 28) (32 69 54 73) (57 45) (8 70) (11 46 16 48 60 25 26 23) 34 (74 31) 22 6 (29 55 30 49) (43 9 56 15 64) (5 13 58) 21 53 (59 65) (2 76 27) 17 (36 71) 44
44: (27 46 48 33 53) (6 50 59 55 75 10 57 25 1 69 52) 32 2 (13 49 12) (77 21 28) (30 39 73 37) (67 54 34) (64 80 40) 14 26 70 (65 36 16) (23 18) 31
45: (34 2 27 49 30) (28 9) (4 23 48 64) 46 (65 13 53) (26 7 39 31 60 20 17 36 70 8) (50 67 29 73) (51 58) 55 21 (37 6) 43 (63 5 69) (57 19 59) 66 (47 54)
46: 11 30 (43 59 37 36) (65 53) 76 (50 60 64 33 29 27 7) 75 (15 78 49) 57 31 (19 26) (23 38) 12 (16 32 28) (39 62) 21 61 (55 67 79) 69 58 5 (2 13 66 6 46 42) (25 45) (70 74 22 20)
47: 20 60 (27 57) (55 15) 79 (70 58) (48 37) 8 46 39 50 29 12 (7 43 21) (26 31 9 11 65) 41 (6 25) 74 (76 23 4 64 22 71 67 59) (53 30) (38 10 17 36)
48: 34 50 57 27 26 20 (69 48 74) (60 65 37) (9 30 15 55 2 66 70) (58 31) (24 5) 28 (61 64) (33 32 53 25) (77 12) (21 39 22) (29 79 59 68 43 46 11 62) 36
49: 74 (29 36 60 39 8) (16 64 58 50 5 47) (71 11) (9 13 34) 78 6 73 (53 52) (26 51) (40 38 55) (49 15 25 65) (20 67 79 32 19) 30 (48 21 69) 7 (70 46) (37 57 10)
50: 66 (37 39) (57 53) (5 70 22 49 33 46) (65 58) (78 55 30 48 29) 43 59 (4 27 19 10 75 25 21) 45 (11 17 32) 69 (80 77 52 34 8 7) 6 16 64 (36 47) 50 13 (26 31) (2 15)
51: (49 53) (15 6 32) (38 62 1 28 2) (30 60 7) (11 70 55 26 68) 16 (34 10 54 76 35 69 61) (79 37 44 73 74 51) 67 (5 78 12 57) (39 13) 21 (80 65) (27 31 17) 64
52: (50 79 15 76 48) (55 2) 22 65 (3 19 28) 6 60 (77 5 37) 20 (63 67 13) (78 64 32 21 47 49 68) (25 59 39) 53 29 61 (11 70 54 57 73) 30 34 (7 58) 31
53: (32 35 53) (26 52) 58 (63 19) 69 59 (66 21 30) (55 76 2) (50 79 4 57 43) (6 70 44 16 15 20) 5 (14 64) (27 39) (34 65 49 62 28 46 36 7 29 80) 13
54: (63 47 31) (74 65) 25 (71 55 53) (26 52 58 4) 64 (9 15) 57 19 70 (34 5 37) (21 46 39) (49 2 43) 16 3 48 (50 76) (36 12 6 30) (44 8) 1 33 (11 28)
55: 27 (43 69 40) (13 30 20 57) 67 (64 31) (75 53 50 61) (70 19 15 39) (35 24) (37 25 28 12 52 22 8) (7 80 23) 73 5 (55 46) (9 2 44) (49 66) 16 (51 74 48) (34 6) (29 21) 26 62 (63 4)
56: 69 (26 65 74 4 30 23 58 55 50 47 14) (52 28) 48 (70 22 16 64) (42 46) 38 49 (33 57) (6 36 1 78 32) (21 54) (66 60 7) (31 9 29) (37 39 71 62) (13 51) 15 27 (11 53) 5 34 44 (8 2)
57: 38 62 45 (13 80) (53 2 28 25 5) (58 57) (8 46 27 79 44) 55 (7 64 26) 52 (22 12 36 65 59) 74 23 (15 29 16) (17 9) (32 21 69 73 18 76 39 6 50) (11 77) (49 70 31 48 60) 30 37
58: (27 21) (63 55) (41 79) (6 78 30 37 49 52) 58 (13 70 61 62) (76 64) 17 5 48 (71 43) (39 31 46 28 53) 77 (19 50) 15 22 34 (2 32 25) 12
59: 29 61 16 (20 51 2) 15 (19 69 5 73) 57 (55 58 31 34) 47 49 (39 22) 59 36 30 70 (26 28 50 37) (21 65) 77 (43 60 71) 48 (74 53 27 6 64 17 38 25)
60: (22 28 1) 36 53 20 67 (57 33) (27 45 54) (74 70) 8 (21 7 19) (26 79) (59 80) (48 37 29 64 4) 55 30 51 69 11 (58 44) (49 73) 52 (43 32) (66 39)
61: (8 53 13 71 31) (51 10 30 16 55 43 78) (14 6 5) (64 26) (32 21) (42 69) 37 (50 54 2 27 23 49 34 19 77 44 25 52 70 58 59) 39 (7 60 4 46 12 1) 67
62: 30 (25 21 48 37 64 39) 70 (78 79 16 34) 5 (41 7) (23 31) (67 80 32) 54 (29 2) 28 53 (1 57) (6 33 11) (50 61) (20 27 36 26) (55 46) (69 18 22 52) (40 63 49)
63: (36 19 43 54) 31 (57 47) (23 51) 74 (38 50 79) (22 39 30 2 65) (64 25 52 53) (27 67) 20 26 28 (29 68 60 13) 7 37 4 (15 40 8) (69 70 59) (46 12) (76 55 21 66)
64: 10 (2 27 21) 42 (55 26) (36 68 28 34 64 70) (5 48) (25 43 19 14 44 15 65 78 46) (9 53 6) (22 58 47) (31 29 60) 38 (79 39) (30 13 76 37) 50
65: (48 5 64 61) (21 36) (69 12 57 70) (43 29 39 30 10) 55 54 (59 7 19 22 20 74 23 2) 31 46 (6 38) (53 37) 63 60 32 62 (4 15 77 58 11 44 27 49)
66: (64 10 23) (49 67) 8 (29 59 38) 57 53 15 31 34 22 43 56 (44 11 48 60 5) 17 (16 28 58 47 50) (7 73 70 25) (69 26 37 6) 55 39 41 (66 79 9 13) (2 68 71 46 30) (36 52 80 21 4 51 65)
67: (11 50) (54 5) 59 (20 52 58 3 32 39 19) 29 (73 13 47 65 23 78) (79 38 68 70 37 16) 48 (15 61 62) (34 76) 4 (6 69) (44 55) (21 28 31) 22 53 25
68: (32 57 3 61 71 47 39 69) 46 27 (2 26 6 14 30 42 7 12) 19 52 (25 20) (37 66) 17 23 (4 10) (34 50 70 11) 58 55 48 35 (53 21) (49 29) (13 16 5) (78 44 28) (59 31 33)
69: 49 (26 37) (1 30) 8 52 46 (58 36) (21 6) (79 57) 67 29 (51 19 34 80) (3 55) 33 48 38 77 (16 70 25) (31 27 5 11 41 47 28 65 2 50 17 22) (53 15 23 4 39)
70: (16 7 60) (4 61 11 15) 52 36 (78 69 67) 37 (34 22 54 49 13 21 58 20) (46 74) (47 70) 9 (55 80) (43 31 25) 2 (27 32 57) 65 6 39 30 (53 23) (64 48 59)
71: 69 6 (54 64 79 52 20 34 29 13) 58 (36 23) (25 27) 19 2 (51 21 55) 68 65 40 70 3 67 32 22 (7 63) (5 4 71 49 78 12 26) (39 35 30) (53 47 43 50 33 60 15 37 48 14)
72: 55 (4 39) 23 13 34 (25 67) 5 (31 58) (15 48) 49 (70 32 66 79 2 52 76 22) (78 53 50 57 80 77 68) (16 9 35 6 21) 26 (11 38 8 65) 54 60 (37 46)
73: (21 51 44) (2 67 71) 55 (5 50 13 57) (64 72) 16 (10 48 34 30) (32 25 23 65 58 6 42 20 31 26) (40 29) (63 39 59 77) (80 35) (37 7 70) (49 74)
74: 77 49 (68 51 43 32) (2 53 75) (33 9) 46 (20 7) (66 70) (67 30) 25 62 14 4 (6 69 58 64) (57 76) (15 21 35) (26 10 28 34 22) 50 65 52 (37 27) 39 (13 63) (11 3) (74 55) (8 12) 31 56 29
75: (67 48 27 4) (46 64 15) 19 (77 9) 29 32 (31 41 75 2) (11 49) (12 47 30) (70 5 50) (53 76 65 26 20 37) (34 69) (55 39) (25 59 6 57) (13 16 79 21) (72 66 22 1)
76: (26 12) 34 61 (59 60 65 79) 77 (58 50) 28 (64 74 47 16) 20 5 (52 48 19) (54 7 69 46 6 57) 32 (4 31 40) 29 13 8 78 (27 21) 25 17 (15 2 80) 76 (70 42 36 71 53)
77: (65 12) (49 16) (30 33 58 50 19) (6 5 35 40 28) (70 9 31 54) (76 57 43 15 3 79 4) (37 39 25) (29 66) 69 (34 52) (47 44 53) (55 7) 26 51 13 (32 2) 64 36 (27 22 23)
78: (44 36 4) 80 79 37 (21 47 39 64) (31 23) 61 (69 6 30) 10 (33 48) (5 63 2 70 50) (26 7) (59 8 34) 78 (57 32 51 16 45 60 17 12 52) 22 (19 11 49 53) (54 13) 27
79: (6 3) (53 35 54) (19 7) (43 13 39 37 50 40) (51 34) (31 2 65) (32 14 36) (25 12 57 60) (70 79 58 46) (76 22) 49 55 (15 5 48 47) 30 (29 21 26) (28 8 20 23 63 62) (74 64 1) 4
80: (70 1) 6 (77 21) (25 11 37 31 9) 29 44 (74 16 78 46 75 14 55) (49 71 28) 26 (54 32 50 66 76 58 5) (69 15 30 13 4) 12 (57 3) (36 65) (64 60 17) (68 40) (39 53 52 27) 59
