80 80
1: 4 67 21 55 11 1 13 24 78 56 41 60 43 59 31 80 18 36 7
2: 9 37 26 6 49 31 15 30 14
3: 21 20 17 36 25 24 76 10 67 11 4 19 50 63 7 13 41 69 54 29 58 75 28 31 72 30 40 23 80 77 57 39 16 51 27 9 48 3 53 34 44 45 18 55 70 22 26 2 1 5 47 6 12 62 79 61 74 43 60 8 33 42 59 68 56 37 64 15 14
4: 76 7 50 13 49 14 17 66 34 44 33 24 41 68 79 5 9 6 1 60 15 54 16 26 45 53 51 22 43 65 28 48 32 69 37 31 46 11 8 57 3 2 47 59 25 80 39 55 64 75 58 71 78 63 30 21 52 61 36 10 29 20 12 23 73 35 19 40 4 67 62 56 38
5: 47 25 29 55 50 9 62 21 57 37 26 6 8 53 39 34 73 27 40 54 44 22 42 45 18 33 23 7 19 78 58 77 52 15 48 76 17 59 67 43 71 4 36 16 5 1 75 70 2 14 28 24 10 35 3 60 61 72
6: 50 31 46 57 62 14 69 36 45 38 53 8 16 67 54 79 76 34 51 78 9 40 63 72 60 26 37 64 2 39 56 59 41 47 20 42 22 24 12 68
7: 23 70 22 45 25 8 33 80 79 56 16 4 30 52 57 1 28 41 24
8: 20 25 53 33 50 74 63 54 28 75 67 80 38 68 9 44 16 21 77 65 51 78 19 49 62 29 13 58 2 69 1 40 72 18 42 61 31 11 66 48 32 27
9: 61 77 26 75 28 1
10: 21 68 73 26 27 9 43 6 51 44 12 39 33 49 52 41 61 71 20 56 64 50 15 24 72 40 10 2 57 32 59 76 58 62 19 36 77 67
11: 1 45 67 16 36 66 71 28 6 68 57 64 4 76 29 65 26 30 80 72 20 79 48 56 8 19 34 43 69 9 44 55 77 75 14 58 15 37 21 74 41 7 53 33 52 35 10 78 39 17 12 61 24 38 42 54 62 40 47 11 3 31 59 46 2 70 63 27 25 51 22
12: 14 19 53 32 28 40 24 16 20 21 61 38 77 42 41 52 30 36 62 67 47 43 1 64 78 17 33 76 37 75 10 58 15 74 45 51 50 22 25 65 79 73 55 29 23 2 4 39 7 54 56 3 13 35 44 48 66 60 11 31 46 34 49 5 26 9 72 12 69 6 59 63 68 27 71 57 70 80 8
13: 74 41 6 20 65 51 78 54 27 37 56 40
14: 25 74 18 54 37 26 78 15 13 24 4 71 60 31 44 16 5 77 23 21 50 46 42 28 20 51 8 69 45 19 67 76 43 72 70 64 35 62 9 7 55 3 66 53 38 52 27 29 14 48 6 73 79 58 56 34 59 30 32 57 41 1 68 47 65 61 80 40 36 49 12 63 2 33 10 11 17 75 22 39
15: 39 40 30 62 71 33 34 80 5 75 16 38 61 67 60 15 72
16: 51 1 3 16 19 74 23 64 9 31 25 11 7 65 27 14 57 52 32 33 63 77 66 39 47 78 21 67 50 36 58 70 18 48 68 37 35 4 8 6 41 13
17: 56 42 27 58 66 71 76 70 37 22 28 9 79 33
18: 63 23 35 75 66 55 22 67 39 59 8 47 65 30 49 76 26 43 52 33 45 80 24 71 42 27 6 5 11 10 60 20 2 4
19: 16 67 74 43 19 79 26 10 29 66 34 62 80 54 5 68 39 4 30 50 48 51 32 47 28 25 13 3 17 52 59 73 11 75 20 63 70 71 44 57 76 1 69 61 78 23 42 72 8 15 21 7 60 33 53 24 18 38 31 55 77 40 22 2 37 41 14 58 46
20: 75 57 52 53 35 6 28 69 66 5 46 56 37 4 32 16 23 26 21 65 60 44 48 9 15 12 22 76 31 70 2 64 78 20 67
21: 52 75 54 29 4 32 16 8 12 36 40 25 13 60 51 62 35 37 76 73 46 22 20 53 27 61 9 42 49 7 21 59 80 41 33 19 48 28
22: 14
23: 65 20 66 79 34 14 69 61 36 3
24: 76 28 60 36 47 14 78 33 15 21 79 53 27 43 55 63 73 9 41 39 31 10 50 61 18 48 70 45 37 26 72 4 59 56 67 19 66 69 12 5 23 30 65 74 71 52 75 2 1 40 6 38 22 11 44 49 3 16 32 20 64 24 13 54 58 34 57 8 51 25
25: 68 41 23 64 73 7 78 17 35 70 50 32 14 54 63 31 56 9 42 65 20 19 52 69 40 60 76 75 8 16 27 53 28 45 62 12 34 51 1 13 67 38 66 10 77 48 30 5 11 18 39 61 71 2 80 36 4 74 22 21 55 49 37 79 57 44
26: 37 27 26 75 47 63 32 79 31 51 28 73 59 52 61 58 5 80 74 24 39 62 35 46 42 13 45 21 43 60 29 68 9 67 15 20 77 4 3 16 33
27: 45 74 53 15 75 16 46 18 35 57 76 68 61 32 60 80 14 51 33 70 78 77 25 10 59 7 58 31 19 38 63 12 39 9 37 50 40 69 27 67 42 20 41 26 1 43 3 62 66 55 23 21 47 11
28: 1 26 27 3 55 79 20 67 14 61 38 53 30 68 37 32 19 9
29: 77 69 8 24 49 29 58 34 72 17 46 31 30 40 73 78 6 27 5 12 7 79 28 26 55 66 16 43 48 63 67 38 9 57 3 32 20 37 80 59 62 76 56 50 53 64 61 13 39 36 35 23 11 54 25 68 47 22 45
30: 20 49 63 16 5 34 71 1 75 57 14 31 41 52 8 26 62 19 21 37 22 56 11 29 48 10 32 43 15 6 80 68 27 38
31: 55 10 26 9 30 43 12 53 72 54 23 50 73 56 22 7 76 67 28 41 33 40 15 51 74 61 19 8 78 17 68
32: 74 46 5 10 47 53 16 32 78 76 40 34 72 77 28 52 9 33 12 24 61 67 50 13
33: 31 11 2 60 55 24 27 70 79 44 10 54 13 76 28 7 25 46 77 9 65 37 67 23 80 75 36 63 53 66 30 51 47 73 35 64 48 17 18 29 20 49 1 32 57 3 72 33 34 56 78 8 39 58 41 68 59 14 22 26 45 50 43 74 12 5 69 52 40 71 4 16 6 62 61 38 42 21 19
34: 13 56 4 42 68 32 57 9 51 53 52 74 72 37 66 12 27 80
35: 76 28 70 80 22 34 38 4 67 19 73 17 39 10 27 79 6 11 62 26 78 37 25 16 45 50 20 74 60 8 24 21 65 69 15 35 7 51 56 44 52 59 72 36 77 30 48 42 18 2 64 32 29 23
36: 69 57 40 4 72 27 38 45 3 7 10 70 33 71 23 67 55 17 9 56 13 20 49 1 42 22 73 47 26 79 78 34 29 51 43 2 39 64 37 59 5 32 14 31 58 35 66 15 24 8 76 19 54 61 11 48 44 46 6 16 80 60 28 63 77 41 18 62 30 53 74
37: 44 63 20 76 29 6 24 9 7
38: 56 24 79 11 21 29 27 43 13 39 80 4 9 67 54 63 33 58 45 34 49 75 78 69 48 31 3 62 66 26 30 44 71 5 70 36 41 32 65 72 57 12 18 55 60 68 16 17 6 22 25 61 64 14 35 47 20 37 8
39: 50 42 40 19 29 59 61 55 72 12 33 65 47 23 8 76 16 28 6 67 22 46 71 80 79 57 48 74 49 73 3 10 51 56 4 11 70 43
40: 37 26 1 32 78 76 34 9 48 35
41: 65 66 22 62 30 48 51 68 20 71 73 36 28 33 44 70 10 45 15 38 47 29 52 37 76 21 72 1 67 43 3 24 12 6 63 17 34 46 11 27 55 41 69 58 53 75 64 78 32 49 54 16 60 61 26 14 23 39 79 8 25 56 7 40 4 74 9 50 2 13
42: 30 75 78 29 43 6
43: 27 15 43 46 55 50 36 52 45 56 78 20 5 79 12 76 35 68 19 9 49 59 3 63 73 44 22 72 34 32 4 25 40 11 47 77 30 58 24 57 13 38 26 42 17 18 16 1 2 66 54 70 28 21 14 41 31 80 75 29 60 39 7 65 8
44: 45 25 64 36 54 51 16 34 62 65 32 29 70 49 2 47 42 35 77 72 20 46 52 59 6 5 12 13 48 14 24 31 74 53 21 66 71 9 11 22 76 43 68 44 28 7 27
45: 26 64 67 79 51 37 49 57 60 61 7 50 25 69 56 53 42 43
46: 38 57 66 24 40 29 74 27 75 73 55 36 15 76 20 67 72 14 65 8 2 18 21 78 6 28 63 62 26 12 50 39 59 30 32 35 33 56 11 37 7 44 46 25 79 13 52 68 51 80 31 71 53 64 23 4 42 58 3 43 41
47: 62 80 61 1 70 79 8 6 57 50 39 45 12 69 13 34 49 77 42 32 55 60 41 19 23 27 52 3 9 29 24 68 63 71 22 58 35 74 33 26 65 2 11 48 4 16 31 78 72 21 36 46 18 47 30
48: 24 76 8 29 32 20 63 33 16 44 61 50 46 17 26 30 67 51 52 15 19 53 13 38 60 73 59 14 66 71 22 7 27 49 78
49: 51 73 24 27 40 69 9 42 39 15 48 60 13 45 66 22 74 38 44 65 58 41 7 37 78 12 55 25
50: 47 11 42 64 77 58 20 73 48 66 9 40 71 27 32 10 5 51 30 23 18 17 59 72 8 33 61 49 70 4 74 76 36 6
51: 10 48 47 42 80 78 17 53 28 68 11 79 75 46 18 5 6 58 59 30 55 63 54 35 51 1 61 8 50 74 26 66 19 72 69 22 45 29 41 60 24 2 49 25 76 65 67 16 33 57 77 37 4
52: 66 12 72 64 53 67 27 31 18 56 24 68 19 70 58 42 45 71 54 43
53: 7 34 41 49 9 72 14 8 15 38 52 69 57 27 2 12 68 22 10 59 23 16 3 47 46 4 6 66 48 56 74 33 61 54 5 45 26 42 29 75 18 80 13 43 63 24 58 35 73 32 60 21 31 40 71 64 30 78
54: 15 54 56 24
55: 42 18 4 73 57 35 75 21 46 17 51 72 38 49 10 66 52 13 76 20 15 65 25 77 41 68 29 14 71 67 74 80 70 78 5 37 30 3 63 27 56 31 7 8 40 39 33 12 50
56: 19 70 13 47 23 80 16 45 71 15 14 33 42 65 57 30 29 74 39 56 24 54 5 11 4 31 44 17 64 32 60 26 46 40 10 62 37 35 6 73 12 36 38 25 72 9 50 61 75 7 18 34
57: 23 12 7
58: 22 31 39 2 51 32 10 46 42 67 75 59 74 6 27 29 47 40 71 38 14 56 65 58 4 15 33 61 36 63 11 62 18 70 49 28 7 69 64 52 45 73 50 16 60 35 55 53 43 77 57 5 9 54 24 44 79 1 30 25 3 19 66 37
59: 10 48 78 36 64 69 26 53 39 5 30 62 15 79 58 73 4 50 56 34 63 77 80 16 55 45 9 13 44 23 57 49 19 67 41 42 31 29 35 32 71 14 51 2 24 8 75 54 3 7 33 22 46 70 25 52 65 61 76 28 27 21 1 60 59 18 66 17 20 11 6 12 72 47 68 74 43 37 40 38
60: 17 22 10 32 55 16 45 27 8 71 47 72 60 46 41 42 43 54 77 15 62 36 73 7 23 5 57 2 59 74 70 69 3 9 21 78 39 64 30 25 61 75 52 65 4 28 56 29 66 63 51 37 11
61: 13 41 7 10 42 72 67 34 29 31 75 26 78 49 30 23 28 58 22 77 6 44 68 5 4 50 57 74 48 54 45 18 15 16 17 69 53 33 52
62: 48 11 9 26 32 41 72 76 57 3 7 51 20 22 66 29 23 53 60 64 5 52 61 1 27 37 44 47 79 78 25 14 33 62 63 39 56
63: 51 72 30 23 34 10 56 37 49 73 65 46 27 42 68 16 63 66 36 62 18 55 32 6 64 67 4 35 12 25 71 79 24 38 74 29 57
64: 19 36 46 49 50 35 64 77 57 68 39 76 30 14 70 1 45 42 28 41 22 54 75 34 48 61 66 26 29 80 74 23 59 51 65 67 8 38 9 53 33 60
65: 22 57 7 9 3 6 26 78 13 61 10 12 4 58 42 20 37 38 29 67 1 25 21 63 49
66: 38 4 12 57 74 37 50 72 40 64 70 79 16 10 49 28 53 60 65 66 69 47 11 27 73 71 54
67: 68 73 78 67 46 80 65 12 44 54 77 72 8 10 62 38 48 60 58 53 13 15 42 23 41 56 39 35 18 25 74 19 17
68: 65 49 5 33 41 14 19 72 50 34 53 25 55 77 68 29 8 52 48 7 78 74 44 21 40 1 58 46 62 63 79 26 6 9 61 39 27 3 70 17 76 15 37 32 18 80 54 45 38 24 10 66 28 13 42 4 30 56 43 22 47 60 51 75 59
69: 50 26 72 29 7 28 13 62 55 38 32 33 80 53 60 10 61 31 43 23 64 77 21 4 8 47 57 41 71 45 15 17 20 70 56 30 69 34 14 9 75 24 79 25 46 12 52 3 51 18
70: 63 80 77 38 8 36 17 73 30 20 49 25 43 78 21 15 11 39 22 23 79 27 9 64 1 29 13 47 44 74 37 53 28 19 2 55 41 40 52 16 7 10 60 67 75 70 76 3 54 65 45 69 34 50 46 62 35 66 24 31 51 4
71: 73 71 77 38 75 1 12 79 56 31 3 20 2 36
72: 59 57 80 53 38 26 67 20 36 35 37 16 47 68 78 22 18 11 6 32 62 23 46 41 60 76 71 44 12 15 49 74 51 69 25 27 75 28 3 55 66 70
73: 80 47 9 44 2 6 74 34 46 59 26 3 35 45 70 21 50 79
74: 76 25 78 41 37 24 64 10 1 17 65 29 69 26 77 57 47 28 6 42 56 54 23 43 48 60 18 53 66 79 36 68 33 27 12 50 4 51 2 9 3 70 16 38 13 15 35 46 58 32 75 5 19 61 80 11 67 49 31 71 20 7 45 30 34 62
75: 56 44 31 11 2 70 34 16 71 69 5 7 53 47 60 73 62 4 15 25 33 80 10 45 32 51 79 18 75 13 26 54 48 12 55 30
76: 79 23 64 70 7 76 43 24 28 63 68 65 62 57 8 12 66 80 71 25 16 6 29 38 37 5 13 69 10 46 67 33 49 56 11 78 26 36 39 1 60 15 20 59 9 32 52 54 3 22 41 73 74 61 40 50 72 21 45 47 30 58 17 18 48 14 77 55 31 4 53 2 34 44 51
77: 77 51 47 19 70 71 6 29 35 10 26 55 20 73 31 69 63 54 21 50 49 17 5 1 62 74 30 39 12 65 60 40 13 24 27 38 45 46 66 56 64 15 61 68 2 28 78 41 23 22 7 42 9 3 59 72 32 75
78: 69 77 63 6 17 68 42 18 55 70 48 75 31 1 23 33 57 24
79: 22 24 9 59 65 64 35 6 31 46 14 20 13 53 80 1 62 8 29 74 23 19 66 28 26 77 57 3 38 17 58 76 5 51 42 50 41 54 75 21 36 18 39 63 79 34 52 12 73 7 33 2 16 61 48 47 32 30 11
80: 50 18 44 53 56 68 1 27 58 14 6 26 29 43 4 42 41 8 69 22 40 54 23 78 10 39 24 77 66 33 45 59 47 3 28 30 67 16 71 65 34 74 11 2 13 79 21 52 76 37 51 49 63 46 62 48 60 17 32 80 20 61 73 57 15
1: 24 33 (1 79 12 14 70) (78 65 43 25 74) 28 (11 76 27 16) (51 62) (47 4) 30 (19 36 80) 58 5 68 77 3 (64 7 71 41 8) (59 40) 9
2: 11 47 33 (41 5 75 80) 76 (44 53 25 3 77 59 12 74) 79 20 4 (14 46 18) (43 24) (19 10) (73 70 51 36 58 71) (35 60) 8 6
3: (79 53) 23 (71 33) (65 36 38 76) (62 72) (19 12 69 29 58 16 3 80) 14 (24 5 73 43 39 60 4 68 55 27) 41 (26 47 70) 28 77 (59 74) (46 11)
4: (16 46 70) (76 66) 24 (53 56 35) (38 36 14) 51 (60 69 5) 12 (74 26 61 11 58) (21 34 75 39 20) (47 55 18 41 19 63 3 59 80 50 25 33) (65 43 1) (7 68 4)
5: (18 56) 77 (20 3) 74 (50 58) 14 (55 68 32) 43 4 (61 5) 38 (51 79 12) (24 33 36 30 25) (44 59 60 29 15 53) 26 19 (76 62 75)
6: (73 24) (39 61) 51 18 (37 13 63) (14 29) (58 50) 59 (38 11 72 41) (2 53) (56 36 16) 33 3 (44 5 65 76 74 12 4 79) (80 46) (30 47) (20 77 35 78) 42 (10 68)
7: (41 45 19 70 48) 3 57 (12 29 16 5 75 31 60 53 35) (1 77 43 25 68 61 14 4) (65 76 49 62) 44 21 56 (69 37) 11 (74 58 33 79 59) 46 (36 55 27)
8: (7 46 70 30 55) 3 (12 4 53 14 79 18 68) (39 38) 21 (6 5) (43 41) 19 (36 25 24 69) 80 (33 51 31 59 16 35 76 29 47) (60 50) (67 64) 11 48
9: (76 56 50 64 5) 79 (6 26 14 27) 2 (68 32) 20 (21 36) (12 38 74 31 28) (47 59 34 70) 3 24 43 10 8 (29 4 65 41) 25 73 (44 58 40 16 33 62) (49 11 77) (69 60) (53 37) 17
10: (63 51 80 24) (41 31 30) (11 14) (5 77 76) 25 (39 10) (12 32) 55 4 27 (61 35 53 3) (75 67) (56 18) (74 33 70 50 19 65 36) (69 58) (59 60 66) 68
11: (14 38 11 3 33) 19 4 (74 30) 43 (44 29 25 66) 56 (1 80) (41 72 24 76 39) (12 16) 47 (70 50 35 18) 59 (46 51 79 58) (62 36) (75 60) (8 27)
12: 3 55 29 56 (53 41) (77 71 74 67) 79 (65 66 14) (27 6 21 32 31) (11 76 10) 69 (20 34) 39 (59 47) (25 49) (43 4) 12 63 24 (44 33 75) (72 57 46) 52 38
13: (36 8) (14 79 19) 49 (74 3) 25 24 (12 76) (75 77) 43 (59 46) 1 33 38 65 (68 67) 47 (41 56 61) (26 44 21) 69 29 4 (48 34 32 16 70) (80 55) 53
14: (79 56) (12 38 27) (14 25) (16 22) (4 11) (41 2) (5 59 33 3) (64 44) 43 (76 30) 68 (55 6 80 28) (24 48) 58 (36 62) 53 46 (19 69 23)
15: (77 58) (70 4) (15 56 46 36) (80 24 35) (60 14) 12 5 19 (69 11 76) (55 30 2) 67 26 (68 74 27) (31 72 10) (59 43) 54 (49 75 41 20 61 48 3) 53
16: 19 (41 61) (21 80 12 36 75 63 16) (27 72 11) (32 44 60) (5 56) 35 (29 51 25 59) (53 74 7 6) (43 26 15 38 39 47 8 66) (3 79) 20 58 76 30 (14 48 70) 4 (33 24)
17: (78 74 41) (59 68 67 77 55 51 61) (79 33 38 25) 29 (48 19 14) (76 5 12 35 56 43 31 80) (36 4) 50 11 (60 3 69 70)
18: (8 80) (72 5 1 63) (25 35) (79 76) (68 27) (56 24 16 52 53) 78 3 (75 38) (55 47 67 46) (36 14 33) (51 59 58) 50 74 (19 69 61 43)
19: 30 (25 39 58 21) 4 (79 43 3) 47 12 35 (5 52 31 36) 33 (67 14 74 51 11 77 64 27 28) 59 (68 8) (70 56) 24 48 (19 10 16)
20: (11 48) (62 50) (43 28 21 71) 41 (37 65 77 35 25 13) (27 19 38 29) 12 (55 10) (70 6 23) 69 3 (72 8) (14 44 79 24 36 46 76 80) (59 30 74 20) (33 18 26 4)
21: 77 (11 76) (19 3 24 33) 14 (8 5 41 43 59 60 69) (70 79 16) (68 73) (44 10 65 26 53 12 55 35 27 38 25 4 47 46 1 30) (80 20 21)
22: 38 43 (49 4) (61 18 39) (21 25 7 76 68) (14 62) (24 35 20 12) (80 11) (33 70 48) (5 29) (19 31 30 79 47) 53 36 (60 65) (59 41 72 77 51) (64 3 44 58 17 6)
23: (50 46) 59 77 (14 60) 39 (29 61 62 72 67 80 69) 33 78 (70 31) (19 76 41 16) (35 63 47) (56 18) 20 (7 12 27) 53 24 (57 74) (36 4 64 25) (79 3 5)
24: (63 11 36) (33 68) (53 48) (18 41) (10 38 24 76 5) 78 35 (51 1) 69 (44 56 77 4) (59 52) (79 32 12) 26 (37 29) 58 74 (7 80 43 49 46) (19 47) 14 (54 6) (3 70)
25: 11 4 75 35 (27 24 29 19 65 5 59) 44 3 41 (67 21 72 55 45) (76 43 74) (60 12 56 8) (51 58) (68 14 63) 16 (70 38) (46 62) (49 69) (7 33)
26: (69 12 64 27) 77 (11 20) 41 68 5 (26 9 76 61 14 18 51 79) (74 72) (80 28 56) 6 24 2 45 (19 47) (73 65 36 38 31 40 48 62) (29 43 4) 53 (3 46 33) 59 35 (30 75) 10
27: 46 35 (18 29 36) (72 24) 59 (49 74 48 38) 30 (13 33 68 70) (60 28 52 80 34 26) (43 27) (25 16 62) (55 53) (44 3 21) 77 (66 5 14 10) 58 (8 11 50 41 63 47 17 12)
28: (8 26 14) 74 (69 59) 70 19 3 (61 43) (12 76 35) 31 (72 80) (20 24) (9 33 4) 32 58 (68 44) 39 36 (64 5 66) 51 46 60 (29 79) (41 11) (7 77) 25 (17 21)
29: 68 (76 77 14) (62 29) (64 43) 21 11 (55 63) (33 80) 53 (56 74 60 58) 5 (36 46) 61 (19 38) (39 44) (79 12 70 69 26 37) 35 (47 51 65) (30 3) (59 48 4 41 8) 42
30: (33 31 64) (11 51 4) 59 43 14 56 77 (55 61 35 79 36 69 3 18) (70 47) (28 50 19 75) (24 63) (53 80 74) (2 60 76 46 42 29 7) 41 (12 58 68 48) (15 25 38)
31: 4 (71 14) 19 (78 58 74) 6 24 (27 26) 1 76 (55 56 25 29 47) (3 43 16 33) (61 11) 38 (75 20) (12 69 52) 46 53 (44 8 2 79 70 36 30) 77 59
32: 77 74 43 (8 50) 26 44 (40 12 46 24) (16 63) (58 35 10 60 80) (27 29 72) (47 69 41 53) 21 (68 19) (79 20 33) (25 14 34) (4 32) (30 76 62 36 28) (38 48 56) (59 75)
33: (15 26 36 46) (33 3 11 41) 39 (12 8 4) 19 (7 74 31) (69 5) (50 76 38 61) 32 (21 62) (24 47) (80 16 58 64 51) 56 (68 53) (48 55) (18 78) (79 14) (10 17 27 75) 59
34: (61 63) (69 80 59) 14 68 (74 32 30) (64 19) 4 23 (47 5 43 79 73) (76 25 33 40) 36 44 (12 3 56 75) (70 53) 41 (6 29 15 24 11 35 38)
35: (27 25) 79 (4 40 20 55) 77 (33 53 38) (47 73 64) (51 36 5) (21 11 58 72 56 16) (29 70 26) (44 43 74 18) (14 12 63) (46 35) (59 67)
36: (6 24 59) (60 11 70) (79 16) (4 44) (76 5) (33 1 29 63 41) 25 21 (43 14 50 58) 46 56 (64 74 47) 3 35 23 38 (12 72 10 71)
37: (76 34 58) 4 2 35 26 (17 65) 27 11 (80 40 6 72) (30 19) 60 (33 66 55 28 36) (51 29 24 62 16 68 38 25 3) (46 12 21) (63 20 14 74 59) (49 70 56 5) 41 (45 13)
38: (65 64 66 63) (6 55 29 35) (15 33 8 68 76 59) (11 58 72 27 71) (77 43 67) (70 25 36 28 14) 56 24 53 48 69 (19 79) 49 (12 46) (4 41 74) 30
39: (41 68 12) 62 (67 16 56 18) 6 (60 55 33 4 15) (47 10 36) (19 38) (43 26 59 70) 14 29 (64 24 49) (3 27 58 79) 77 80 (76 25 35) 11 (46 5)
40: (36 76) 41 55 59 29 (77 70 11 50) (15 43 66 14) 5 (21 24) (80 56) 58 68 31 13 (3 32) 39 10 (4 25) (27 46 53) 6 19 (49 8) (12 33)
41: 33 (53 76 3 4) 60 (43 36 69) 31 80 70 55 (27 59) 49 25 (38 12) 47 (41 68 13 61 79) 7 (10 62) (11 19 51) (30 6 77) (14 1 24) (16 46) 74 67 (21 64) 72
42: 14 (52 64 18 35 21) (5 26) 74 79 6 78 58 (46 43 55 11 63 80 51 60 50 12) 67 68 49 (56 44 77 39) 8 (36 17 19 65 25) 59 (33 34 27) 47 (53 3 45 61)
43: (30 69 46) 12 59 (4 80) (76 38 74 52 29 33) 36 14 (19 42 60) 3 (58 43 70 24 68) (10 44) (45 26 39) 27 (41 31 1 11 53) 18 5
44: (80 61 46 25 56) (76 62 72 8) (73 4) (10 33 67 59) 38 43 (20 41) 70 (35 19) (3 12 11 44) (14 37 24 75 5 48) 58 (49 36) 68
45: (29 38) (69 11) 74 (60 7 59) 25 (68 4) (80 49) (75 27) 44 12 (53 56 64) (52 51 26 24) 36 (14 33) (41 18 6) 43 35 70 (77 73 58) (61 3 47 5 76)
46: 72 (4 51) 11 (73 21) (46 64) 27 68 (74 44 53 6) (41 39) (67 59) (33 36) 77 (32 70) (43 69) (60 76) (20 48) (55 80 14) 26 (19 12) 29 63 (47 56) (79 58)
47: (50 11 60 68 32 3) 19 (26 74 72) (24 29 62 79) (6 77 39) 14 (38 73) (80 4 56 33 53) 44 (66 12) 51 70 18 59 (58 69 5 16 41) (47 75) 76 (36 43) 27
48: (41 38 61) 47 (80 76 35 3 79) (53 12) 36 (62 78) 8 50 75 33 (24 59 51) (40 30) (25 39) 19 64 (67 68) 20 (49 16 21 11 74) 14 4 (29 5 44)
49: (65 72) (29 41 59 48 4) (58 43) (36 44 18 24 8 55) 25 (47 76 61 51) 53 70 50 74 (12 64 38 80) (68 77 10 33) 66 45 (21 63) (39 14) 30 2
50: (51 14 41 33) (73 3 79 46 55 12 56) 68 (5 76) 4 (64 58) 59 (29 70) 69 (25 24 74 27) (77 48) 80 (61 39 16 43 31) (47 32 35) (8 6 10) (19 66) 45
51: 27 (11 36 34) 46 14 (26 41) (63 19) (10 33 6 44) (31 21) 45 79 24 35 (3 51) 69 (55 49 60 68 62 70 13 4 64) (76 12) (77 80) (58 72 74) 75 (59 48 39 8 16) (25 50)
52: 11 (46 21 61 12) (24 34 76 10 44 53) (25 48 30 18 79) 55 (26 69 47 7) (32 62 19) (70 5 58 14) 41 (35 68 59) 60 (80 20 16 33 43 4)
53: (21 29 72 8) (58 11 6 67) 25 (20 4 66 59) (27 52 32) (62 28) 44 (79 80) (51 45 64) 69 (74 5) 36 (3 68) (19 31 24) 12 48 46 (76 61 33 41 75 34) 14 70
54: 14 64 54 (36 24) (5 58) (59 31) 43 (75 61 53) (51 29) (60 13) (44 80 21) (74 70) 12 (56 41 68 6) (33 25 66) 11 (3 8) 52 4 67 (76 38) (77 79 19)
55: (69 25) (77 4 31) (33 60) (28 47) (75 5 68 49) 24 (72 36 63 58) (3 14 41 76) (29 19) 59 43 (39 1 27) 12 (46 11 18 70) 38 (78 51)
56: (71 30) (20 63) (41 76 33 60 74) 10 (52 80 69 36 45 39 46) 7 (13 31 53) (54 58) (38 77 35 24 11 43 29) (1 25) 56 (68 12) (75 59) (67 34 17) (4 14) (6 55) (3 62)
57: (66 61 12 74 76) (38 19 69) 5 30 78 (27 3 46) (60 62) 33 4 56 63 (47 39 79) 6 14 (45 65) 53 20 (59 58) (11 24) 43 (10 51) (64 34 72 80 29 7) (55 25 16 36)
58: 67 (17 53 80) 24 33 (10 29) (36 68 74) (14 76 61 38 26 51 12) 79 11 49 16 (46 43 47 52 59 65) 58 3 (5 41) 19 (50 8 4 27)
59: (10 27) (48 4) 59 18 46 76 (64 21 33) 44 (6 12) (5 50 29) 24 (35 68) 58 60 (14 77) (36 39 11) (26 1) (79 3 72 43 53 80) 51 73 19
60: (45 1) 15 24 (64 36 76 41 20 67 70 48) 47 5 68 35 25 33 (14 38 19 74 12) 58 43 (75 26) (80 56 4) (72 3 60) (27 77 6 49) (59 51 18) (53 66) 62 (21 69)
61: 28 79 51 50 (65 59 31) 9 (76 33) (11 74) 80 53 (60 77 21) (48 26 25) (8 47 68) 38 (36 29) 5 (32 45 58 24 41 69 4 14 3) 62 (39 19) (12 10 56 27 23 15 64)
62: (80 62 10 47 69 33 15) (60 76 70 12 11 68) (75 67 14) 74 (26 27 4) (21 5) (59 8 35 19 79 63) 6 58 (44 77) (25 30 36) (3 46) (29 41 56 72) 38
63: (4 30) 76 (24 46 41) (48 14) (8 6 25) (11 51 38 68 77 16 43 58) (79 29) 47 (26 33) (27 53 70 55 3 19 60 63) 80 (37 65) 62 (78 36 18 12 59)
64: 63 14 66 (11 38) (76 56 64) (35 79) (24 10) (53 70 41 33 50 74 44) 77 (20 12) (52 29 3) (58 46) 59 6 (25 4) (45 16 60) 36 69 62
65: (68 24) 49 (46 55 8) (4 79) 44 60 (67 59) (66 41 16) 43 (11 33 18 74) 58 (25 70 76) (35 77 80 13) (38 14) (39 56 63) (47 64 23 20 12 51)
66: 63 16 (46 41) 38 53 (64 62) (36 68 18 17) (60 52) (33 80) (24 23 14 55) (19 48 25) 4 (29 27) (59 50 49 12 44) (8 77 76) (43 51) (34 72) 11 20 (79 70 74 58 66)
67: (63 55 65) 51 (5 4 12 67) 16 (74 32 38 45) (27 52 6 70 59) (15 11 80 48 20 3) (33 25 28) 26 (31 76) (64 10) (14 1) (19 61 41 35) (29 39 36 18 24) 8 72 (58 46)
68: (63 34 26 68 14 38 51) 80 (19 47) (6 28) 53 74 (46 52) (12 41 33 25 30) (59 3 4 44) (76 61 77 78) (55 29) 16 (72 10 8 64) 67 43 (27 31 11)
69: 58 (36 61) 47 (69 23 45 6) 76 (41 29 60) 59 (11 8) (80 66) 74 38 (53 25) (24 35 75 12 49 33 19 77 4 27) (51 14 20) 70 (78 72 3)
70: 66 (52 69 43) (36 68) 38 (77 70 60) (17 44) 73 76 (59 56 11 75) (16 14 20 74) (50 58 78 24) 64 (55 33 7) 25 12 (35 39 19 41 72) (27 47 3 5)
71: 36 47 (80 18 75) 4 (60 69 5 50 58 38) (14 10 39) (17 19) 11 76 72 33 (41 44) 74 56 53 (48 25 77) (63 71 15 55) 46 (52 24 66) (30 12) 59
72: (39 68) 76 (60 19) 51 56 (14 52) (6 59 5 41 32 36 31) (67 55 44) (53 66) (77 61 50) (11 35 62 34) (10 15 47 43 33) 3 38 69 46 29 (8 24 63) 12
73: (70 14 4 67) 63 77 5 (41 35 49) (46 29) (80 21) (19 31) 12 56 76 60 66 (33 75 79) (24 10 26 55) (58 43 50) 39 (59 48) (53 71 36) 25
74: (51 36) 56 (44 46) 12 24 (27 64 33 32) (76 19 60 77) 35 72 50 (80 31) (11 53 55) (34 63) (8 73 13) (70 16 26 79 59 47) 68 25 66 3 14 67 (39 58 61 41 49)
75: 74 (8 18) (68 70 27 20) (78 41 21 3) 12 (11 77 15) (26 56) 4 19 9 (55 75 71 60) 72 (25 46 53 59 30 24 14) (79 43) (61 51 42 64) (5 58 33) 38 69
76: 68 33 (79 27) 6 (5 4) 18 19 (11 36 32 51) (76 24) 39 (29 72) (20 70 12 62 74 44) 35 (31 59) (46 37 41) 48 (17 14 64) (40 3 25 50 10 43) 80 (55 21)
77: 12 43 70 (25 36) (80 35 33 32) (58 60 61) (9 64) 55 (71 77) (19 29 3) (16 51 26 14) (68 10) (78 79) 50 76 (5 11 74 27 67) (59 8 69) 47 44
78: 38 (13 76) (72 53 47 60 24 6 48) 5 (12 42) (68 11 41 14) (67 31) 27 (61 25) (16 19) 77 59 (4 8) (43 29 46 74 35 49) 51 (32 36) 1 80 (20 65 33) (40 70 62) 55
79: (17 36) 62 59 (23 11 35) 51 46 (39 4) 19 (71 63 43 68) 25 6 (38 28 33 14) 26 (58 73) (3 7) (80 79) (45 75 66) (47 76 29) 24 69 70 (74 12) 41
80: 26 (69 35 8 64 70) (53 1 34 75) (68 59 39 14 15) 27 80 (46 55) 67 (73 33 74 11 7 72) (29 18) (4 43 51 38 79) (30 19 12) (21 47) (56 3) (25 36 76)
