80 80
1: 62 33 18 3 45 78 52 72 67 5 10 21 15 31 7 56 59 6 73 50 57 19 23 80 71 61 79 38 34 9 63 29 36 75 20 44 49 28 1 2 26 74 46 13 42 76 39 47 43 70 60 16 65 69
2: 37 33 71 72 23 20 3 9 79 10 66 78 30 65 63 36 24 27 26 60 69 73 59 43 32 40 49 68 14 51 55 53 67 44 47 4 50 31 15 12 28 57 62 39 25 13 61 21 38 1 6 42 22 11 5 29 56 45 8 77 80
3: 24 52 47 61 59 69 74 71 16 60 38 18 78 63 15 58 65 62 33 40 22 8 77
4: 38 60
5: 53 46 65 1 67 17 52 3 36 9 8 23 30 56 69 15 25 47 11 40 78
6: 43 63 67 59 1 35 3 80 66 31 5 26 12 8 17 65 44 50 6 4 62 53 58 40 29 76 47 13 16 24 46 54 51 72 45 68 20 52 7 2 69 11 71 30 37 18 55 10 49 19 60 73 33 48 32 38 78 23 9 36 34 41 79 77 74 14 64 61 56 22
7: 65 7 9 43 12 49 53 50 30 77 55 70 33 42 61 45 76 21 14 71 58 39 25 32 4 31 67 19 6 18 60 63 57 38 22 74 72 73 15 64 78 17 46 68 41 27 48 13 51 59 29 56 35 11 62 54 24 20 2 28 37 44 52 80 5
8: 74 18 67 22 49 60 52 24 71 6 70 30 43 27 76 2 12 41 64 47 19 72 75 8 37 53 33 42 26 20 56 79 39 61 21 77 36 58 31 35 25 38 54 5 78 80 51 40 17 57 45 1 66 7 63
9: 2 5 58 7 68 33 72 6 74 8 49 53 42 40 4 20 1 76 3 67 11 45 60 37 30 51 56 66 64 27 31
10: 32 25 78 59 20 22 3 48 44 19 58 33 34 31 13 52 55 11 14 24 54 8 18 60 42 66 80 46 57 69 36 5 6 17 40 12 9 65 28 63 47 67 79 62 38 30 64
11: 74 48 50 54 79 45 4 27 51 21 55 30 7 49 66 38 12 15 46 59 37 3 33 77 22 8 58 72 47 41 63 20 67 25 69 61 36 14 5 11 28 10 39 56 53 80 13
12: 37 30 51 46 44 69 45 39 11
13: 61 33 47 21 76 63 42 38 74 80 64 53 70 59 71 6 75 60 22 69 58
14: 25 48 5 43 29 14 51 23 4 74 33 55 54 56 61 62 32 42 72 53 24 3 7 34 21 18 75 40 41 76 73 38 36 49 31 77 10 20 69 35 11 71 39 19 80 2 15 63 26 27 1 6 67 57 66 65 44 45 8 37 17
15: 75 74 35 22 68 61 50 7 6 1 59 36 34 15 27 69 19 10 42 71 60 49 24 47 30 29 73 13 40 52 23 20 14 67 12 2 39 57 25 32 55 63 31 37 38 43 33 66 45 46 5 76 70 65 53 17 48 21 80 11 79 28 51 58 56 77 64 44 3 41 72 4 78 8 26
16: 20 17 68 12 43 3 23 72 42 45 61 15 48 21 30 75 51 80 32 71 70 5 7 39 55 44 73 49 14 34 36 77 16 27 64 4 35 57 9 65
17: 25 49 13 57 52 66 63 9 54 14 27 51 40 11 26 61 35 7 75 3 67 69
18: 11 78 23 60 64 19 22 79 53 4 29 80 37 40 44 50 32 25 76 75 33 72 26 2 8 39 1 31 7 61 21 16 9 54 12 28 41 52 70 74 77 73 58 15 34 71 14 5 13 46 20 62 38 51 43 36 47 45 55 18 66 63 42
19: 6 32 68 70 59 37 8 43 25 2 26 66 47 75 53 42 35 67 4 12 23 19 34 57 76 24 9 72 11 54 21 77 7 80 29 39 48 30 38 79 46 71 5 28 73 31 56 51 58
20: 1 74 17 12 35 27 73 30 4 11 66 21 2 3 62 23 70 78 13 15 80 69 46 51 75 36 52 76 68 48 43 53 28 34 65 38 25 77 57 59 26 37 6 22 41 20 10 79 71 63 7 9 44 16 8 40 50 47 14 55 42 45 18 39 24 60 19
21: 26 4 15 56 14 20 29 72 24 49 57 65 44
22: 32 69 7 10 27 41 74 80 73 63 47 70 1 14 60 28 51 2 67 9 19 11 36 3 22 8 78 15 59 37 23 54 75 50 4 71 16 40 79
23: 55 33 65 68 56 37 39 26 42 2 8 69 51 4 38 43 11 66 53 31 3 62 60 12 67 35 10 74 63 73 18 78 20 21 64 44 52 32 22 41 24 71 7 77 34 48 1 15 5 58 57 23 14 6 25 17 13 75 45 79 16
24: 54 7 6 15 9 34 50 17 63 1 12 65 23 8 27 58 36 76 19 42 3 55 41 53 21 16 32 11 47 18 30 64 78 56 2 38 29 69 51 75 26 45 73 66 43 59 61 46 40 52 39 25 80 44 67 74 48 79 31 57 13 5 22 28 49 20 10 71 4 33 70 37 35 60 72
25: 7 61 33 49 14 13 30 39 46 59 45 15 67 76 43 34 55 31 16 47 23 52 66 69 25 27 56 38 8 44 72 73 20 21 18 50 11 42 63 29 40 24 79 65
26: 56 25 78 49 38 66 28 74 24 42 47 37 3 46 80 40 16 79 23 10 39 32 61 27 64 57 12 45 72 36 70 7 4 26 62 54 8 18 53 52 14 29 60 55 67 41 59 76 9 65 15 51
27: 65 14 1 17 61 27 19 15 72 7 20 37 28 60 16 63 12 3 46 75 32 49 5 78 9 64 58 31 66 8 23 77 55 80 53 10 26 39 6 54 73 45 30 71 47 79 4 52 40 22 2 33 38 68 42 48 57 56 43 41 13 11
28: 15 1 47 16 74 30 45 54 48 73 38 19 69 43 21 11 76 23 72 79 52 55 9 66 70 58 39
29: 37 1 18 80 56 59 48 45 24 78 9 30 2 31 28 75 33 63 26 8 72 36 11 47 42 14 17 50 7 43 38 71 61 62 25 13 32 29 77 53 49 3 67 39 4 44 52 66 6 46 20 64
30: 43 65 19 8 63
31: 8 79 7 63 70 31 78 30 33 17 42 62 57 37 53 15 77 5 6 43 52 51 64 61 39 27 72 18 4 25 60 76 56 16 26 66 59 54 11 50 1 46 21 12 35 65 36 13 3 71 45 19 80 75 74 29 28 68 44 14 23 20 22
32: 58 80 7 78 49 42 37 47 55 70 77 17 61 8 69 35 46 1 19 54 26 76 32 44 34 57 52 36 12
33: 28 6 4 34 73 30 38 47 21 36 48 77 43 15 42 23 59 66 64 76 33 63 22 78 72 54 53 58 80 68 18 49 11 20 25 39 9 10 24 45 44 55 2 1 32 13 56 5 75 31 69 67 52 70 40 61 57 17 16 65 7 12 14 46
34: 11 52 25 1 77 4 70 38 24 20 79 21 53 67 36 15 58 72
35: 32 44 7 5 34 63 61 24 46 73 78 65 59 56 76 55 75 13 80 18 29 30 12 39
36: 64 40 62 58 47
37: 47 62 72 69 13 73 1 25 60 67 34 50 33 38 65 3 53 28 22 30 57 37 24 63 71 36 66 54 9 4 48 32 40 77 31 10 8 80 27 79 15 56 7 39
38: 20 57 24 49 43 8 38 61 2 7 75 80 65 36 74 14 26 64 41 39 50 30 10 21 76 70 59 25 45 66 69 15 48 23 35 40 63 4 44 73 34 37 58 28 78 6 11 13 79 33 17 12 62 19 46 60 29
39: 14 33 68 56 80 8 64 53 21 37 12 73 30 46 27 72 42 61 49 35 20 39 36 1 52 67 55 11 50 58 32 44 54 38 77 65 31 16 13 70 22 4 10 17 63 5 57 28 2 7 60 76 78 41 47 75 45 79 23 40 3 59 74 51 66 43 18 9 25 29 71 26 15 48 34 24 69 62
40: 65 6
41: 80 67 47 30 74 13
42: 64 46 27 21 23 76 35 14 48 7 51 73 80 41 2 40 79 8 33 31 49 65 28 45 59 38 16 11 55 71 47 42 24 19 15 20 43 26 57 13 4 77 32 34 69 25
43: 79 65 55 25 5 48 44 51 24 6 18 4 64 7 59 15 80 20 78 16 50 56 29 45 54 68 53 23 10 67 17 1 49 57 71 14 63 32 60 62 22 73 11 76
44: 51 8 9 66 10 74 17 14 76 25 38 60 15 47 26 6 69 52 20 7 43 44 16 68 79 34 12 72 39 37 67 63 3 64 11 49 32 70 73 40 23 33 2 46 59 5 1 24 41 58 4 30 31 80 48 27 42 61 19 22 77 75 54 55 13 50 29 35 78 57 56 45 36 18 21 62 65 53
45: 61 30 26 38 80 44 54 58 60 24 59 9 67 17 20 35 39 57 32 15 16 28 48 74 73 43 66 7 62 41 33 78
46: 59 48 2 45 7 22 77 17 66 58
47: 19 35 29 58 45 37 71 30 55 56 12 7 2 8 62 14 80 51 11 13 20 15 57 50 47 18 17 72 21 69 9 78 5 42 4 73 52 77 1 68 70 31 16 40 53 64 6 75 26 48 10 33 44 32 3 23 67
48: 79 56 29 50 77 39 11 34 21 1 49 44 73 57 10 45 46 35 13 43 31 36 25 65 48 2 75 55 70 67 74 8 23 54 68 24 72 22 37 51 80 9 42 20 7 64 40
49: 8 79 54 28 20 45 1 69 27 2 62 57 44 67 78 23 17 58 3 38 22 68 48 66 65 18 71 36 33 6 47 64 34 76 53 50 72 73 74 15 14 70 9 24 46 5 43 59 11 4 25 21 60 29 61 12 75 49 55 52 10 37 7 51 31 39 42 63 41 40 35 19 80
50: 21 72 30 49 35 22 38 63 27 12 1 76 47 61 41 51 33 56
51: 30 72 62 51 16 55 10 57 34 22 24 53 25 60 49 64 23 11 70 15 80 77 45 12 73 66 61 58 42 75 56 37 52 79 50 21 7 19 3 6 47 28 41 54 35 9 33 4 36 44 31 2 48 40 76 8 68 14 32 39 5 20 69
52: 62 32 68 54 53 2 37 49 25 75 78 12 61 23 9 64 31 72 58 17 16 60 26 39 24 45 57 76 44
53: 48 44 32 20 64 37 24 6 7 17 63 74 45 10 27 28 52 56 15 21 71 42 43 75 36 1 53 60 76 73 9 79 41 54 70 65 11 13 14 58 25 22 57 8
54: 48 69 57 24 70 76 64 68 35 3 43 77 79 10 14 15 52 38 22 8 31 16 19 42 62 50 12 75 27 45 55 56 34 80 26 33 40 78 36 18 4 32 5 54 21 23 71 66 51 41 39 11 73 29 17 58 49 46 53 28 30 37 25 9 61
55: 39 77 30 25 12
56: 61 58 25 46 73 18 10 79 36 24 6 70 60 71 2 55 21 54 29 51 20 47 68 42 41 13 1 33 64 15 80 9 45 40 62 66 28 50 78 26 43 30 14 23 74 7 22 59 8 38 69 76 31 5 75 56 17 27 3 32 77 57 63 35 67 11 19 12 72 34
57: 19 1 32 79 14 54 25 64 37 29 77 50 61 46 18 2 34 17 26 65 31 23 8 57
58: 18 11 7 68 20 24 10 12 48 2 28 55 29 22 70 3 63 13 50 66 61 36 33 53 41 4 62 74 65 77 80 64 14 30 38 73 49 42 56 43 45 54 15 37 46 57 44 34 23 8 51 19 5 1 71 9 67 31 35 16 17 6 21 79 60 47 72 27 52 25 75
59: 33 56 51 18 59 74 48 38 67 49 5 10 71 64 77 31 17 27 65 28 80 52 62 73 15 42 63 25 70 16 79 3 20 50 24 54 46 11 34 39 78 43 53 4 45 26 76 41 69 36 61 35 9 66 32 1
60: 71 30 3 13 41 59 27 9
61: 23 68 55 74 39 1 57 14 44 69 3 73 59 79 70 2 64 47 80
62: 40 38 73 32 62 59 9 5 65 51 30 29 22 1 75 42 55 49 66 58 15 3 39 68 13 50 41 26 76 56 57 35 25 7 34 27 18 69 80 45 16 63 48 4 20 43 6 23 77 14 37 31 33 72 70 64 52 74
63: 27 56 12 34 7 8 42 23 75 48 69 6 18 46 4 71 19 67 41 61 15 76 50 80 47 44 60 52 25 40 64 26 17 14 45 57 1 73 72 3 37 13 49 54 16 33 59
64: 67 2 78 36 45 64 38 50 41 42 57 31
65: 27 48 72 37 11 14 52 44 79 42 46 80 35 58 78 38 25 26 4 66 16 7 34 59 6 56 33 71 55 3 8
66: 38 19 7 78 37 79 10 28 63 42 34 76 57 53 5 59 71 80 61 51 60 3 12 40 1 24 48 41 45 50 32 74 73 55 46 15 44 62 29 20 14 27 2 33 65 77 16 13 52 11 39 6 68 30 9 54 25 43 72 56 8 31 47
67: 62 57 47 69 73 78 50 38 68 36 18 21 53 60 39 15 66 27 72 17 56 48 24 32 12 29 33 4 71 49 54 51
68: 42 29 78 79 51 7 48 14 76 53 40 68 60 8 47 26 18 41 63 66 71 27 44 50 30 12 61 39 24 32
69: 51 54 40 6 3 4 35
70: 25 74 51 9 2 12 18 38 80 72 40 32 55 42 60 54 31 6 79 16 63 35 1 52 37 67 10 66 45 19 41 58 24 8 57 68 4 17 36 65 23 49 34 7 64 21 15 69 50 20 78 39 33 29 11 43 26 53 14 48 46 71
71: 61 52 27 34 75 71 57 7 47 69 76 17 54 8 31 6 38 58 35 64 37 39 26 68 3 41 33 4 46 51 21 18 1 55 23
72: 6 60 14 52 20 9 25 19 32 8 41 34 59 13 80
73: 12 22 41 27
74: 80 25 14 71 75 7 30 27 65 5 62 23 74 18 59 10 67 43 40
75: 75 60 45 48 20 18 15
76: 72 61 70 71 29 21 3 4 14 27 80 35 76 46 64 10 36
77: 19 74 26 40 68 52 76 54 55 60 37 21 25 77 69 38 33 79 22 18 45 46 36 8 31 7 56 39 50 11 44 20 14 65 67 71 66 75 35 42 64 27 23 62 32
78: 34 45 2 7 60 11 29 20 16 53
79: 34 60 51 42 37 72 13 62 14 12 55 23 80 48 56 26 44 25 10 18 32 69 20 19 1 39 5 21 38 65 6 33 67 63 9 27 40 76
80: 80 1 2 43 50 79 36 48 55 9 65 66 12 76 13 24 25 31 68 22 5 19 57 54 40 35 14 51 44 21 77 64 75 52 41 42 58 30 67 46 78 60 59 37 70 63 53 74 61 34 47 15 3 38 29 72 18 56 10 32 17 8 11 39 6 73 26 45 4 20 27 49 7 33 62 16
1: (34 62 5 58 15 33 18) (59 2 37 23) (70 79 14 32 80 63) (39 28) (47 27 44 1) (24 9 48 22 61 31 49 50) 8 57 (56 20) (43 29) (66 71) (6 53)
2: (39 52) 42 (7 18 58 46 8) (29 38) 48 (66 14) 19 (70 20 64) 15 24 1 33 (27 56 6 47) (23 22) (49 80 57) 44 (78 9 61 51)
3: 63 (2 65) 47 (62 26) (23 51) 16 (22 54 31 17) (10 58) 5 (27 59 6 15 80) (44 60) 29 20 24 (37 66 49) 71 (11 61 1) 39 (76 69 14) (9 56)
4: 20 (43 37) (33 15) (47 26) (65 31) 76 62 (7 11 19 69) 24 14 21 (42 63 34 23 44 67 51 16) 29 18 9 (39 6 58) (2 54) (71 49) 59 (70 27) (22 38 80)
5: (2 31 6 7) 15 (62 39) (16 24 59) 51 (44 56) (49 9 27 35) (1 54 43 47 66 10 11) 33 58 (19 18) 8 (14 80 23 79 74)
6: 62 72 (8 15 51) 1 9 (6 53 47) (10 31 44 7 49) 80 43 66 (27 63 40 29) 38 71 (69 23) (58 56 14 19) (79 13) 33 (2 20) (65 24 70)
7: (43 14) (27 17 47) (11 63 35 70 38 16) (15 37 80 20) (62 51) (1 8 53 65 32 78 49 22 56) (33 25 9 19) (46 31 6 29 26 74) (68 18 71 42 44 39 23 48 58) (66 24 77 45 7)
8: (71 49) 47 66 5 (26 53 15 65 3) 18 51 6 (77 20 58) 9 (29 23) 2 (24 19) (27 11) (10 42 8 30 80) (70 22) 39 (57 44 38) 72 (56 63 14 31) (25 54 32 68 48) 37
9: (20 59) (17 37 53) (10 28 47) (48 39 24 44 66 1) 16 33 (54 22 49 70 52 2 6 62) 7 (26 29 18 5 27) 80 (45 51 19 56) 79 (58 60) 72
10: 48 (76 1) (24 66 56 27 14 79 6 51) (58 43) 15 11 49 (38 74 22) 23 (47 44) 2 (53 37) (20 39 70 59) (33 26) (80 54)
11: (70 33 31 49 23) 34 43 17 (11 29) (66 7) (24 28 48) (25 12) (38 78 53 42 47 27 56 5 80 6 15 19 59) 54 (10 22) (51 2 58 18 77 9 44) (39 20 14) 65
12: (18 6 10 27) 44 38 (15 2) 16 51 (35 58) 70 (66 73) (31 33) 20 (7 24) (49 47 56 80 63) 50 11 (8 79 39 23 55 32 68 26 52 67 54 19)
13: (79 20 48 1 31) 56 33 (37 6 44) (24 7) (41 11) 27 (47 72) (23 18 63) 17 (62 35 58 66 29) 15 42 (25 2 10) (60 80 53 38 39)
14: 66 25 38 (14 16) (20 15) 47 (61 68 23 22 51 27) (63 44 2 43 6 79) (10 76 58) (77 17 54 7 53 42 72 74) (26 18 57) (56 62 33 29 11 31 49 80 70) 65 (39 21)
15: 5 (45 21 3 11 37 49 23) (80 31 58) 38 56 25 (44 51) 75 (43 7) 24 (1 20 26 66) (22 70) 2 67 (33 53 15) (18 47 27 42 14 28 34 63 16) (59 62 54) 39
16: (20 6 42) (80 58 39 23) 52 (31 43 62 24) (44 78 51 65) 45 (59 3 27) 1 28 33 54 16 (26 70 47 63 66 25) (22 18)
17: 6 (46 59) (53 32) (31 5) 49 (44 67 33 29) (43 23 7) (80 24 54) (56 71 47) (20 15) 45 10 52 57 (8 14) (27 58) 63 (39 70 16 38)
18: (3 67) 24 (49 56) 47 (62 80 44) 31 (59 10) (43 54 74) 33 (25 6) (35 63) (26 79) (18 20) 77 8 58 71 (68 14 23 75 70 7 57 39) (29 1)
19: 1 (77 30) (42 66) 15 79 (63 38) (10 70 7 54 20 72 19 22 8 28 44 18) 51 (57 24 80 49 58 56 6) (27 31 32 47 14)
20: 1 (29 51 7 53 45) (23 58 10 15 27 66) 75 (78 49 25) (39 77 18 56 20 44) 62 2 (34 14 47 31 11 9) 21 43 (16 79 48 6 80) (70 24 72) (42 33) 8 59 38
21: (39 33 23 16) (56 80 11 20 14 70) 13 (18 42 25 49 19 77) (34 67 15) (47 58 51 2) (50 71 1 53 31 38 76 7 79 48 8 44 28 24 54)
22: 53 54 (15 51 20) 7 44 (6 2 77 46) 62 (10 58) (13 11) 18 (33 3 48 39 24 50) 73 (23 27 31 22) (43 37 8 56 80 49)
23: (54 15 22) 71 (28 1 62 74 47 24 27 19 2 6) 18 77 (23 70 38) (43 42 51) (61 25 63 31 33) 57 (39 56 49 52 26) (58 44) (48 14) (20 16 5 79)
24: 44 42 (37 56 20 25 38) (43 14 33) (29 52 19 21 68 59) 54 70 2 39 (3 66 15 51) 58 45 80 23 (7 67) 34 10 (35 8 26 6 49 48) 53
25: (8 38 57 11 74 58 26 37) 14 (49 79 56 24) (17 23) 20 66 (65 15 43) (55 80 42) (59 63 70) 2 31 (34 25 48 53) (44 52 62 29 72 54 10) 18 (19 7 51 5 39 33) 77
26: 38 (80 8 21 77 71 44) (2 27) (54 47 26) (23 39) (52 57 42 59 18) (19 24 79) (32 62 20 31) 17 (45 1) (63 6 56) 29 (14 15) (65 70) 68
27: (54 22 60 73) 39 50 (44 77 80) (14 27) (56 31 11 20) 25 (71 49) (68 74 63) 37 17 (65 8 26 58 53) (42 16 2 79) (59 62 76 9) 7 (66 67 24) 15
28: (42 59 33 22 24 26 19 58 53 51 10) (37 38) 66 56 2 27 31 (15 45 18 11 39) (54 20) 49 29 (1 7)
29: 76 (19 6 54 14) 25 (39 66) (38 1) (58 44 18) 21 78 29 (2 35) (68 31 57 26 70) (80 7) 56 67 (47 43 24) (62 15 48 49)
30: 45 (39 60) 5 (2 8 31 62) (51 10) (7 28 33) (19 12 44) (54 38) 35 (66 6) (74 37 16) (50 15) (25 68) 58 27 29 (11 56 47) 24 9 (20 41 55 80)
31: (59 48) 6 (66 47) (23 24 7) 9 (10 1 44 62 42) 58 54 (27 49 33 31 37 15) (18 19) (2 25) (56 29 80) (52 51) (71 70) (8 39) (57 77 64 14)
32: 62 (39 59 54) (44 2) 32 (53 67 68 27) (26 10 16) (18 70 7) (51 72 29) 52 (43 6 66 24 47) (42 23 80 19) (57 56 37 15 35) (45 14) (33 79 77) 22
33: (62 51 10 42) (71 56 58 67) (18 38) (44 1) (37 27 31 33 13 25 23 49) (24 8 15) 7 (59 80 79 14 29 66 2) (9 65) (3 77 47 70) (54 39 6 45 63) (11 50)
34: (15 51 58 25) (71 20) 62 (32 16) (35 54 70 63) (6 44 57 24 39) (10 66) 59 (72 1) 48 (38 37 33 78 42) (18 56) 23 (19 14 79) 80 (49 65)
35: (44 70 50 49 31 69 47) (15 24 39 32) 17 48 (14 80 59 45 76 77 20) (19 65 62) (6 42 7 51 38) (54 56 23 71) 58 (8 16)
36: (58 14) (67 18 38) (39 76 34 48 33 32 54 11 16) (64 31 5 80 1 6) (26 20) 10 (15 59 24) 53 (37 56) 8 (70 49 51 22 2) (29 77) 44
37: 6 49 66 (37 27 26 63) (7 47) 18 (38 51) (19 70) (62 48 32 29 53 79) 12 (15 65) (44 8 77) (80 14) 54 23 (24 22) 31 (9 52) (58 2 11 57 39) (71 20)
38: (8 19 50) 26 (10 66) (59 15 44 64) 33 13 (18 20 25 71 28 7 58) (54 49 42 23 14 2 29) 45 (6 80) (3 65 11 62 4) (39 38 67) 70 34 37 (79 77 24 56) (1 27)
39: (55 52) (24 33 12) (14 37 80 66 28) 62 11 16 (67 18) (39 19) (29 79) (2 71 23) 7 44 (51 1 35) 20 (8 61 15 48) (68 70 54 59 38 49) 45 (27 77) 26 (31 25)
40: 36 79 80 (70 56 63 42 10 5 33) 26 24 (62 44 68 69 14 27) 6 48 (2 77) (39 15) 8 (20 25 9) (54 74 47 3 66 38 37 22 17) 18 (51 49)
41: (51 70 7 27) (44 15 63) (20 68 71 8 49) (23 58) (22 18) (80 14 42) (45 66 24 64 38 6 60) (54 26) 39 (50 53 11 72 56 62) (59 73)
42: (47 7) (63 13) (62 58 18 54 23 79 24 56 53) 70 59 (64 39 42 10 29) (66 77 51 9) 80 (49 15) (19 14) (44 31 25) (2 27 16 1 32) 8 (68 65 26 20 48 33)
43: 44 (54 7 59 15) (1 33) (30 66) (49 20) 2 (39 24 6 74 23 80 18) 62 53 (25 38 19 42 58 14) 31 (45 8) (70 16) 29 (27 56 48) 28
44: (10 49 32) (52 65 38 14) (31 79 18 47 16) (35 63 33) (20 23) (12 66 44 2) 15 1 (58 29 25 7 61 68) (51 45 77) (80 48 39 6 53) (21 24) 43
45: 48 (23 63) (31 49 25 8 14 38 9 1 7) (12 66 2 59 75 53 47 64 43 11) 16 (28 51 70 77) (29 15 42) (56 62 78) 20 24 52 (80 58 18 6 26 33) (27 44) 39 54 46
46: (29 1) 6 56 (10 5 38) 11 25 57 (26 54) 33 (48 44) (35 59 15) (49 24 77 66) (12 65 71 63) (39 58) 20 (7 27) (18 70) (42 76 19 32 80) 31
47: (11 63) 36 (1 25 20) (56 32 51) 37 47 (28 3 67) 49 (24 27 29 61) (39 5) 13 (44 19) 66 (2 42 22 58 18) (71 68) 10 (41 80 6) (26 8 15) 50 33
48: (68 38 19 45) (54 66 67 63) 20 59 53 27 (16 62 65) 14 (79 23) (11 43) (24 44 33 28 46) (80 75 42 7 37) 10 15 6 (70 49) (48 29) (47 39 51 58)
49: 8 42 39 6 54 62 (33 52 51 58) (63 11) 38 (7 17 1 26 24) 70 (59 14) 27 80 32 (9 43) (49 29 44 21 25 2) (15 16 48 50 67)
50: 47 6 (66 56) (70 44 63 20 7) 31 48 (39 37 18 38 1 64 58 22) (25 11 2) 49 (77 15 29) 68 (57 59 62) 80 24 (51 67) (43 54)
51: (68 56 12) (66 51) (20 15) (47 39 80 31) (8 11) 6 (42 50) 16 (43 79 17 22) 70 48 (59 71) (24 67 58) 19 54 2 (14 44) (69 18 62) 9 26 (23 49) 7
52: 28 (51 27 34 62 31 1) (33 77) (59 65 7 24 72) (71 3 8) (39 20) (49 44) 70 (29 26) (66 23 47) (80 15 5) (54 25 63) (32 10) (53 6 17 58) 18
53: (49 68 52) (33 23) 15 (70 59) (78 67) (31 27) (5 11 14 26 53 7 66 47 24) (29 19) (54 44 6 43) 51 (39 80 18) (8 58 34 13) (2 20) (9 37)
54: 56 27 (8 70 66) (10 19) 33 37 58 (54 14 43 31 22 7 51) (32 67) (17 49 24 53) 26 (39 57) (77 59) 11 (69 80) 52 48 6 (63 45) (44 18 28 71)
55: (15 56) (28 35 71) 39 (20 48) (25 23 11) (62 70 6 47 24 18 33) (51 16 49) (44 79 43) (80 42 26 14 10) (32 2) (7 54) (61 27) 58 (77 66) 65
56: (51 37) (9 58 24 15 66) (11 67) (65 5) (27 7) 25 8 6 (62 48) (44 77) (47 29 54 19 21 50) 79 14 31 80 35 26 (2 23) (39 56 1) (53 59 63 43) 33
57: (10 16 43 23) (71 38 37 52) (19 21) (58 2 27 62 14 15 42 17 57) (45 61) 80 (33 24 44 54 20) 66 7 31 1 (26 53) 67 48 (32 49 51 56 8 39 47 64 70 63)
58: 51 (80 32 47 62) 33 (13 71 52 24 11 10) (49 7) (34 45 9 70) 46 (44 65 19 28) (38 3 39 36) (27 53 15) 23 (18 54 56 8 6)
59: (13 63 7 44 39 74 1 38 66) 15 (35 22) (72 20) 29 3 (65 11 46 25 80) (24 26) 43 10 (2 49 19 61 6) 60 (42 33) (45 62 31) (59 56)
60: (58 67) (15 38 66) (70 37 9 39) (23 68 10 75 31 72) (18 24) (27 63 56) (1 20) (78 51 52 13) 8 (7 49 4 44) (22 26 77 6) (53 2 43 80 45) (79 3)
61: (76 26 51) 27 (31 50) 13 44 (45 57 80 24 7) (38 39) (2 54) (3 11) (1 18 35) 25 (52 32) 33 (14 15) (56 17) (8 58 16 59 6) 71 29 68 66 (63 49)
62: (43 67 59 39) (79 6) 49 (62 18) 54 20 (74 45) (26 77 44) (7 56 3 47) 29 (51 38 52) 66 (23 58 1 31 10 36 14) (80 2 37)
63: (23 44) (2 22 79) (25 30 39) (27 68 43) 13 58 17 29 (80 49 70 66 11) (33 3 56 20 24 62 10) 50 14 38 (1 18 15 7 37) (53 59) (31 35 6) 8
64: (44 15 59) 49 (36 13 62 18) 10 (57 29) (77 51) (70 23 16) 52 (26 38) 47 (54 7 43 71) 48 27 42 (31 8) (61 64 24 39 56 6 76) 63 (9 53 33) 58 80
65: 57 (53 16 44 77) (6 30 14 25) (21 40 35 66 3 80 37 39 10 42 27 23 58 24) (59 20 43) 48 (49 5 33) (26 7 74 1 31 38 70) 15 (79 62 2)
66: (6 26 44 19) (54 33) (9 62 24) (65 2 14) 31 (59 11 80) 28 (20 49 46 8 38) 56 (25 51) 67 23 (68 39 10 17 27) (45 18 29 58 70) (37 77 15)
67: 47 48 (19 26) (2 77 41) (45 11 6) 15 63 (58 79 37 10) (64 56 24 44 34) (5 43 22 49) 29 70 (9 1 74 8 39) 23 (80 14 59) (7 33 25) 17
68: (48 67) 56 44 (71 19 23 52 47) (7 62 77 9 66) 39 (2 58) 80 (51 33) (43 15) (68 31) (27 20 16 49 6 54 61) 70
69: 28 (37 38 51 49 77) 11 (22 20) (17 13) (23 3) 67 5 47 25 61 (12 44 42) 14 (79 70) (71 39) (59 62 10 2 32 54) 63 (56 6) 15 (33 1 24)
70: (28 62) (24 56 34 22 53 20 13) 15 16 (18 32) (59 47 76) (51 39 1) 44 (58 7 49 26) (61 54 19 48) 8 (38 31 33 80)
71: 20 (23 42) (53 7) (39 18) 15 (70 60) 29 6 19 49 1 (24 67) 16 (66 74) (54 56 3 47) 77 (14 59 76 31) 68 27 (22 71 2) 65 43 63 (8 13) (58 37)
72: 79 21 (7 2 66 62) (14 51) (67 25) (9 19 8) (27 34) (33 16) (18 50 24) (26 1) 11 49 (47 28) 70 (65 63 29 6) (56 48 31 58 52) (37 76 80) (15 44 39)
73: (61 25 38 58) 27 62 14 (49 1 2 23 22) (20 43) 33 47 39 28 44 48 19 63 56 53 (24 18) (51 66 15 16 6 42 80) 54 (45 35) (67 7 59 37)
74: (53 6) 77 49 (41 9 18 61) (80 74 58 70) (24 26) (7 44 38) 45 (62 39 14 3) (48 66 11) (8 15) 56 (13 1 59) (22 20 23) (28 31)
75: 77 49 (71 52 51) 39 74 62 (54 63 17) (33 29) 47 (8 1 58 53) (56 14) 31 (24 27 48 75 18) 15 (44 20 38) (35 19 16) (13 80) 23 22
76: (26 25 31) (76 14) (63 62) (32 66) (80 50 43 79 59) (77 19) (6 18) 28 (51 53) (1 9 15) 49 38 33 20 (24 52) (42 44) 68 (7 39 13) 56 (8 71 35 54)
77: 16 44 (23 20) 62 (58 39) (42 47) 8 (31 29) (80 66 54 37) (6 15 14) (3 59 18) (33 51 2 32 19) (55 57 7 46 48 34) (11 56 77) 27
78: (1 27 59 29 39 66 18) 49 32 (24 3 43 68) 5 (22 52 47) 15 64 (26 6) (35 31) 56 (67 10 70) (54 7 45 33 44) (38 8 2) 20 80 23 65
79: (15 34) (56 70) (19 54 68 59 24) 49 61 38 1 22 44 25 (48 26 6) 51 (2 8 10 39 23 11 20) (77 66 57 65) (43 53) 18 27 (80 37) 31 (42 28) 58
80: (45 8 14) (22 65 58 15 20) (51 1 31 59 56 42) 72 39 79 13 (44 32) (74 35 49 7) 11 2 54 18 24 (48 80 38) 76 47 (66 41 10) (19 61 6 27) (62 63 70) (16 29) 37 (33 26) 43
