80 80
1: 28 68 7 29 43 13 67 58 62 73 78 27 2 66 9 1 25 63 74 15 75 46 33 65 30 34 14 69 53 40 41 4 44 56 54 22 8 11 38 50 64 23 55 10 59 21 26 19 57 20 6 52 51 60 47 49 79 24 17 32 37 35 3 31 70 77 72 36 16 48 42 80 71 18 45 39
2: 29 48 52 10 67 43 58 34 63 4 27 59 19 40 20 21 16 35 39 65 36 7 56 69 74 25 45 30 1 61 22 79 32 75 6 8 73 18 41 53 23 42 13 50 49 57 76 60 2 44
3: 57 70 41 59 16 42
4: 38 76 8 55 4 43 75 46 18 20 48 58 70 28 78 31 35 73 24 6 13 47 77 34 44 41 39 42 37 26 57 14 71 21 10 65 36 69 45 66 33 7 27 61 64 52 19 63 50 2 17 12 32 51 72 29 40 16 1 53 3 79 25 68 59
5: 19 52 35 25
6: 1 65 11 20 27 37 21 78 15 33 77 54
7: 70 56 58 29
8: 61 62 23 78 19 28 12 33 21 51 71 14 4 63 53 80 6 35 75 50 27 40 18 24 46 72 31 45 1 66 30 37 47 54 55 74 59 10 73 17 38 22 41 69 5 70 76 8 43 68 77 79 9 32 48 36 44 52 39 65 64 13 25 15 11 60 34 16 58 67 29 20 56 2 7 49 3 42 57
9: 51 63 68 75 41 26 36 1 40 56 19 27 78 60 29 23 62 7 77 30 24 33 57 71 25 54 76 35 70 12 17 15 50 67 80 42 8 79 59 47 4 32 39 73
10: 44 43 11 17 49 72 57 8 14 53 6 32 65 59 28 20 73 27 13 15 47 80 79
11: 66 56 42 50 28 25 30 51 6 72 46 41 15 69 53 43 32 13 60 75 49 59 74 23 5 77 62 33 78 2 67 24 21 26 47 48 1 40 64 17 35 73 36 18 8 9 38 27 54 39 45 80 22 34 31 71 76 58 7
12: 74 79 59 61 65 77 16 67 78 42 48 10 55 36 9 6 66 69 54 1 63 14 4 12 29 43 70 47 31 46 28 34 30 62 2 51 17 73 3 64 49 21 11 76 50 7 44 60 13 38 25 52 72 19 53 80 75 56 23 5 18 57 41 45 24 8 15 27
13: 49 80 57 45 72 18 60 8 11 41 69 38 73 15 36 76 33 25 4 2 58 71
14: 19 18 13 33 34 36 75 6 43 37 60 29 46 69 58 4 51 78
15: 40 8 75 80 26 52 28 1 37 41 42 32 55 70 25 39 29 50 64 49 59 27 35 24 15 6 30 3 21 19 47 16 46 73 45 51 67 77 79 12 22 69 68 56 72 9 71 4 13 33 65 44 62 53 63 66 11 36 57 10 61 54 14 78 48 34
16: 41 66 75 79 53 28 61 4 78 49 38 14 5 70 63 54 73 39 80 46 36 20 55 50 22 11 25 48 71 32 52 62 27 76 67 24 65 21 77 15 30
17: 75 40 50 20 58 24 76 66 72 15 39 10 37 64 38 46 63 68 51 12 11 62 48 25 73 79 65 49 71
18: 12 79 38 18 11 69 10 34 66 1 76 37 35 43 39 30 52 29 44 65 27 28 20 3 6 14 8 48 77 67 57 58 63 50 2 68 41 42 24 22 26 62 36 46 23 75 74 47 71 13 4 55 25 9 19 40 15 78 59 80 33 32 5 7 54 61 60 21 53 31 45 49 64 51
19: 17 3 72 31 22 41 53 9 45 69 57 34 1 26 5 56 40 71 18 32 6 10 35 30 77 37 13 55 66 24 73 58 51 63 42 49 59 76 54 70 43 52 14 60 75 46 38 62 80 15 23 78 7 50 44
20: 29 14 37 48 30 65 72 71 69 68 35 52 22 76 13 31 18 50 42 11 21 70 49 24 54 40 56 47 12 34 77 1 59 3 20 55 8 15 23 6 41
21: 49 8 2 73 68 27 35 41 6 16 31 5 7 71 54 58 55 45 23 29 13 26 63 50 69 51 62 52 1 75 32 34 22 36 19 70 66 80 57 25 56 78 4 59 61 20 33 38 24 53 10 12
22: 41 72 64 5 4 74 71 79 50 13 35 25 68 32 49 56 65 38 23 52 27 48 54 18 29 58 45 75 55 16 37 78 39 57 22 73 63 3 31 47 8 17 7 33 1 70 44 21 11 14 6 76 53 62 20 46 40 12 26 30 19 80 34 59 66 28 9 69 77 36 15 2 42 61 51 10 60
23: 20 79 40 5 45 55 8 1 56 46 39 52 34 38 24 66 25 72 70 37 12 22 27 63 4 75 74 50 2 54 26 47 16 36 64 6 33 42 19 62
24: 45 60 79 43 71 46 73 63 16 32 22 72 61 48 27 39 7 62 6 53 17 56 77 51 2 8 59 78 34 65 76 40 15 68 23 11 57 21 64 50 49 75 33 41 5 54 70 19 20 9 1 69
25: 35 11 21 73 58 64 72 4 12 2 70 76 6 22 47 67 34 31 79 7 51 45 23 46 54 68 50 60 66 71 62 17 29 33 57 8 13 1 40 74 25 24 61 75 69 53 80 43 16 28 26 65 63 37 38 56 20 48 78 32 9 15 10
26: 16 56 23 66 60 72 41 8 50
27: 24 54 16 45 75 29 74 37 58 50 47 41 18 70 76 69 28 72 36 23 25 59 55 22 77 44 32 34 38 1 11 65 42 8 79 48 14 9 5 4 67 78 30 71 66 7 39 57 80 40 19 56 60 49 52 20 21 26 64 33 68 35 62 2 63 61 3 73 6 17
28: 6 75
29: 68 25 16 43 2 66 41 3 5 6
30: 63 74 19 4 39 6 31 26 35 3 42 78 76 21 44 37 69 10 20 33 27 18 80 22 28 7 77 59 79 29 12 67 55 24
31: 48 1 49 57 65 72 52 58 79 4 62 18 53 64 67 74 44 32 41 56 61 70 68 59 10 38 2 19 23 36 17 47 20
32: 44 11 26 60 69 50 1 27 66 64 24 6 14 62 21 18 3 52 42 49 32 76 51 4 65 78 67 7 8 38 36 54 80 57 28 17 43 35 10 58
33: 42 65 20 44 19 66 13 4 43 17 22 36 34 3 29 69 70 49 8
34: 72 40 1 37 28 20 46 62 47 38 78 25 11 58 2 43 65 39 19 57 48
35: 62 54 46 75 3 53 20 15 33 13 76 65 44 36 67 49 39 8 69 43 17 80 51 70 21 18 42 24 37 71 40 57 2 6 47
36: 62 53 46 48 52 22 18 26 28 11 47 78 38 39 33 50 2 77 56 72 66 15 32 40 9 75 25 34 58 19 60 49 10 14 57 3 16 54 29 23 35 70 61 68 12
37: 40 33 36 7 21 3 70 6 26 35 14 59 55 49 63 13 32 61 17 68 46 24 20 2 9 51 57 47 45 67 1 78 15 16 52 60 62 28 5 34 8
38: 51 75 80 48 69 76 32 73 49 60 40 22 38 8 2 4 66 45 70
39: 42 2 25 40 4 11 30 26 41 75 76 31 22 12 62 74 24 18 53 63 33 71 52 77 80 21 51 17 49 66 44 37 3 15 13 47 65 36 69 64 16 34 78 19 14 10 57 6 73 61 67 56 5 1 58 60 28 27 29 23 55 46 50 38
40: 25 60 68 22 72 18 62 23 36 31 48 2 8 79 28 21 50 30 35 29 39 71 53 6 70 78 10 73 43 55 46 77 5
41: 15 40 67 63 11 50 30 71 2 48 1 24 21 69 76 68 26 38 41 74 77 27 36 44 17 53 78 10 56 32 47 66 9 70 23 79 62 75 6 3 59 73 35 80 60 64 13 29 46 52 49 42 43 31 39 45 14 22 18 54 33 7 4 61 12 58 55 72 16 34 5
42: 23 46 41 66 3 8 74 58 6 36 34 42 48 11 60 25 53 35 38 79 4 49 65 17 75 1 13
43: 45 65 47 6 39 33 59 3 41 30 51 73 67 15 38 9 8 42 25 68 60 69 29 80 37 64 70 21 55 23 28 44 71 74 78 10 13 18 63 54 62 61 34 12 57 75 79 77 40 56 35 24 4
44: 61 41 55 32 76 36 9 54 47 38 62 68 34 79 48 59 80 73 17 23 63 26 45 67 51 19 21 71 60 65 57 69 25 44 29
45: 66 26 27 35 50 1 69 18 77 15 5 67 24 31 4 71 80 79 75 16 65 30 43 44 12 59 32 23 74 47 29 46 62 9 14 11 49 57 42 13 6 76 55 48 22 53
46: 15 42 67 40 39 76 4 72 20 50 26 7 33 56 52 63 64 54 17 29 68 58 61 16 9 73 2 53 6 62 12 57 10 11 66 79 22 8 49 23 38 70 48 13 19 30 69 37 60 28 31 1 35 65 25 36 34 3 32 77 5 18 43 21 55 51 14 45 59 78 74 46 80 41 75 27 44
47: 2 9 38 17 25 62 22 13 44 16 10 73 39 63 72 70 50 36 51 75 5 12 57 80 32 34 64 67 29 21 58 30
48: 10 1 75 68 60 7 25 20 34 18 49 6 51 33 26 62 13 14 35 29 15 55 21 9 4 2 78 53 48 16 63 80 73 24 30 3 70 45 46 57 11 37 22 19 74 41 47 5 44 59 23 8
49: 40 53 70 71 42 68 49 65 78 80 35 45 54 9 55 72 76 21 11 2 79 24 26 63 30 12 32 43 1 8 67 31 46 59 75 18 57 10 7 69 38 74 60 5 73 27 33 3 51 52 47 14 62 48 19 28 17 34 58 23 13 29 41
50: 64 28 54 77 39 14 36 68 15 16
51: 7 8 47 38 18 44 32 36 11 15 48 16 79 42 19 61 35 9 14 6 62 72 30 53 25 66 21 28 33 34 56 49 71 58 40 26 75 70 27 69 43 20 41 22 4 46 13 29 80 17 3 55 50 12 51 73 78 37 31 24 45 5 52 67 68 10 23 63 57 59 74
52: 55 54 3 33 78 34 7 35 73 8 26 23 62 24 2 40 69 4 61 20 67 31 60 37 39 28 45 76 58 47 21 71 51 74 48 10 25 32 72 53 29 42 65 12 11 80 64 57 36 5 59 79 16 49 52 6 9 18 14 63 66 56 46 38 70
53: 45 46 67 35
54: 55 38 34 41 25 53 10 65 54 26 32 58 4 5 62 72 80 50 49 73 74 78 27 68 75 16 67 29 76 18 31 71 17 11 20 51 47 23 36 22 33 48 1 12 79 15 45
55: 37 75 61 11 72 46 59 36 27 45 12 28 30 51 64 80 15 47 14 78 57 34 41 38 77 69 32 42 49 58 35 63 52 5 48 16 18 29 79 39 10 73 26 66 43 40 62 9 74 56 55 25 68 3 7 31 8 1 21
56: 25 18 17 67 43 53 74 52 19 76 16 39 9 7 68 13 30 77 20 5 28 50 11 75 71 78 64 27 70 69 44 23 65 60 63 29 41 22 12 10 49 34 14 51 45 21 54 80 24 48 72 38 36 47 58 57 4 8 46 2 62 3 56 37 61 55 73 32 15 66 1 6 59 42 31 79 33
57: 64 56 19 22 46 14 1 50 41 23 4 71 54 15
58: 40 33 45 63 12 19 51 49 38 23 68 9 64 62 48 43 3 14 61 11 28 53 75 15 47 42 24 29 7 16 37 31 22 44 1 78 26 54 8 76 56 73 5 60 17 50 74 72 79
59: 47 8 79 76 40 60 15 11 28 2 20 6 5 36 64 18 69 74 44 13 70 32 9 34 12 67 26 58 7 66 52 42 53 49 37 59 77 50 46 62 21 78 33 14 17 65 68 22 27 75 45 23 54 31 71 80 63 72 25 1 16 38 35 57 43 48 10 30 4 56 41
60: 5 50 29 22 47 12 76 7 43 17 48 68 13 56 72 57 54 31 79 23 70 65 58 10 15 60 41 20 45 28 63 25 67 16 27 40 73 26 74 33 34 8 51 19 11 64 14 46 24 59 2 30 38 18 42 6 49 1 61 71 36 75
61: 21 60 18 43 68 74 35 24 37 19 70 69 28 65 29 46 42 9 3 15 80 25 76 78 8 26 53 17
62: 79 38 69 19 46 72 44 35 61 56 23 70 3 16 5 4 80 36 43 6 32 30 58 33 68 78 45 66 10 64 20 29 15 7 67 76 13 8 28 57 48 40 12 60 71 42 52 55 17 27 51
63: 15 25 42 26 3 22 32 19 61 79 41
64: 60 80 5 8 62 78 43 11 66 15 34 63 56 54 23 47 9 58 57 32 45 7 69 52 22 20 64 38 10 19 68 61 71 79 16 39 31 37 72 17 35 28 46 30 49 29 67 74 75 51 24 2 53 12 73 59 40 36 14 1 55 27 6 42 65 21 4 3 41 13 48 25
65: 19 59 72 60 2 47 42 44 53 64 16 65 70 75 15 67 7 12 26 73 43
66: 49 37 43 28 65 56 40 47 64 74 25 10 8 34 71 11 38 46 42 77 58 17 29 62 80 75 63 79 30 20 50 4 69 5 45 66 18 36 32 73 52 59
67: 58 76 22 55 5 37 11 30 48
68: 25 69 49 30 8 36 79 56 4 20 67 16 39 42 71 76 61 80 63 53 11 32 77 6 29 23 41 75 73 18 60 10 78 13
69: 74 59 7
70: 66 9 27 8 72 51 63 33 49 38 22 35 80 71 69 65 15 57 31 58 1 24 37 62 70 32 56 12 75 73 50 16 7 6 13
71: 56 47 20 30 78 32 43 59 26 38 7 44 68 74 80 10 34 36 77 72 49 73 16 48 31 15 14 8 11 2 60 65 67 41 46 52 23 19 66 57 5 18 55 25 24 62 54 12 58 70 39 21 6 9 51 45 79 29 71 27 64 63 40 13 22 50 69 28 42 17 4 33 75 3
72: 28 43 75 46 5 66 21 80 36 17 60 18 62 33 16 74 24 39 78 38 77 52 44 59 11 72 69 26 48 79 57 15 13 3 27 64 51 58 70 32 31 49 6 41 10 42 47 61 56 23 53 7 73 40 22 68 67 4
73: 55 66 63 80 69 58 26 46 76 47 67 78 21 72 23 68 20 15 17 6 54 44 8 9 24 36 61 27 79 52 74 5 42 31 59 12 65 50 25 71 11 29 2 35 60 51 22 48 28 1 4 53 39 43 64 38 49 62 77 13 57
74: 7 2 70 8 19 62 67 73 15 77 13 66 45 47 50 78 29 4 51 72 61 3 20 40 23 10 58 74 64 30 79 65 42 80 27 37 6 16 24 36 25 9 46 31 69 43 57 76 71 11 33 12 59 5
75: 33 60 43 59 36 58 57 1 20 39 80 2 68 65 38 7 14 29 41 13 67 12 9 62 37 78 66 22 24 53 52 76 48 30 54 79 72 63 40 26
76: 64 50 29 70 59 22 33 48 9 3 19 63 74 58 38 69 4 52 55 47 56 45 27 10 2 41 42 12 80
77: 64 76 33 4 47 32 34 52 3 45 27 12 35 78 61 69 38 28 8 77 70 30 53 40 60 50 39 66 51 79 58 13 62 73 80 19 41 9 18 23 31 42 68 71 6 20 17 5 48 56 16 21 36 22 63 46 72 44 75 25 2 54 37 43 74 49 57 7 55 65 1 24 11 26 29 59 67 15 10
78: 6 76 8 64 42 65 72 40 28 39 5 70 7 60 41 54 15 32 52 63 75 31 3 55 34 62 73 27 29 53 50 23 33 74 67
79: 66 62 12 75 61 2
80: 24 18 53 75 1 45 14 37 74 26 58 4 17 7 70 2 63 5 71 78 59 69 65 12 57 39 16 60 62 50 47 51 41 34 48 32 72 79 33 42 29 20 13 22 10 66 73 11 21 31 52 46 23 19 54
1: (49 15) 18 70 (55 24) (58 56 21) 1 (32 80 19 22 25 37 4 45) 11 60 (8 77 64) 59 (73 46) (20 2 6) 39 12 (54 31) 9 75 23 27 (48 42 41) (34 57)
2: (1 73 52) 13 27 (56 36) (11 35 39) (41 31 65 60 29 64) (4 37) 80 40 49 (21 24 8) 48 (71 47) 34 (46 79 76) (77 2) (22 59 38 18) 12 (23 74 75) 25
3: (35 64 27 51 1 52 76 48) 29 (42 22) 41 4 (43 62 77 18 71) 36 (20 8 32 12 72 78) (30 49 58 56) 33 (55 74 19) 15 39 37 46 (63 61)
4: 33 (8 74 43 77 9 62 39 42) (22 72) (23 38) (66 57 1 21 30 52 14 13) (71 46 2 56 41 32) 80 (31 73 18 4 27 51) 54 (45 68 16 25 12 64 48 59 76) 15
5: 67 19 11 (12 24 71) (73 45 22 49) (59 37) (29 46 64) 62 8 (77 39 52 27 47) (55 72 74) (41 18) (66 60) (23 40 21 56 80 48 54) (51 58 16 78)
6: (68 4 14 43 78 8) 71 27 (1 2 60 51 15 41 73 29 74 23) 45 12 62 11 (70 56 24) (10 48 22) 77 (40 32) 64 35 (20 28) (42 52) 18 (25 21 39) 72 37 (46 30 59 19)
7: (55 37 71 8) (1 41) (22 19) (77 32) (60 78 64) (56 46 65 59) (21 69 52) 62 (48 49 4 9) 12 18 (25 58) (51 27 74 70 75) 72 (30 24 2 11 80)
8: (49 78 40) 38 13 (23 15 35 11 66) (56 43) (46 70 9) 68 (77 2) (74 4 58 60 48) (32 71) (64 8 61) 73 (18 10 21 51) (20 52 25 62) 12 22 (1 37 42 26) 55 (27 24 59 33)
9: (64 36) 74 (49 12 58 18) (77 55) 48 (59 61 27 73 71) 76 (41 43) 11 45 (15 47 24 19) 8 51 46 (22 70 75) (37 56 1) 25 (44 52)
10: (40 49 22) (64 1 21) (47 43 19 56) (55 36 41 71) (25 48 12 17 54) 76 62 (77 51 52 15 8) (66 72 4 30) (46 68) 80 (59 31 18) (32 39 2) (74 60)
11: (58 42 68) (49 34 10 73 45 25 13 36 39 77 46 52) (64 60 15 66) 59 (55 80) (8 27 67 6) (71 74 1 18) 41 (56 24) (48 32 20) (12 72 51) (16 54) 22 17
12: (15 22) (49 80 39) 55 59 21 (65 76) (9 25 47) 71 (12 52 4) (51 70) (41 77 45) (62 43 54 46 8 75 17) 20 (73 58) (18 30 60 56) 74 (23 64 36) 79
13: (48 51 1) (15 75 72 37) 74 (42 14 35) (70 25 62 8 22) (21 64 60 39) 47 (77 43 2) (49 71 56 12) 18 19 33 (10 41 46 68 80) 59 4 20 45 73 11
14: 58 80 (15 32 71 39) 46 50 (22 1 36 57 27 56) 10 (37 45 41 49 64 55 59) (52 60 19 75) 51 48 12 (16 4 20 8 18)
15: (46 73 71 25) 77 (10 19) 60 (24 43 8 54) (59 61 56) (50 41 36 64 65 35) (20 70 15) (63 45 72) 39 (74 17) (58 78 1) 18 (13 37) 62 (22 11 16 51 12) (6 55) (57 9 48)
16: (23 68 52 41) (51 39 62 24) 36 (12 3 54 29 50) (2 64) 77 1 (25 58) (22 47 56 21) (59 8) (80 15) 27 (48 70) 74 55 65 (45 60 72 71) 26 (46 4) 37
17: (31 73 39 25) 22 19 (32 10 1 33 9) (46 42 4 54) 61 12 72 (8 62) 59 (51 37 49 56) 71 (80 44) (11 35) (66 77 24) 64 (60 41 27 58 47)
18: 22 (30 45 49) (54 66 32 36) 13 (31 18 51) (68 43) 48 (55 77 60 8 40 1 61 56 12 4) (2 20 14 80) 59 (41 46 72) 27 71 19 52 (35 11 39)
19: (76 12) 15 (27 22 8 74 9 39) (31 24 4 23) 56 (21 46 18 57) (44 14 80 64) 58 2 (71 62 34 48) 63 30 (65 36) 33 (61 51 5 49 77) (60 1)
20: (66 18 48) 21 (64 17 62 16 54 27 59) (22 68 33) (73 74 20) (8 56 37 4 24 60) (30 34 10 75) (35 77 23 31 80 51 6 46) 25 (52 2 71 1)
21: (8 56 77) (51 72) 55 (18 22 43 25) (12 6 27 61 44) (71 24) (20 37 73 35) 41 (52 1 32 15) (64 46 39 11) (30 80 2 48 49 40 4) (47 16 59)
22: 73 75 41 46 (16 23) 47 (38 39) (51 45 76 19 40 54) (24 56) 71 (59 1 80) (30 22 63) (64 27 48) 72 (58 67) 11 70 36 (20 77 33 25 60) (21 2) (15 57) 8 18
23: (45 18) (59 24 25 41 52 80 27) (64 19) (74 11 62) 73 (42 8) (39 9) (78 60 56 12 68) (26 21) (51 43 40) 31 (54 44 48) 20 71 (2 1) 72 (22 46) 57 36 58 (49 77)
24: 58 77 30 (70 32 18 72 21) 15 (12 19 27 9) 11 (17 48 80 60) (56 37 52 73 64) (20 49) (16 4 35 23 41 75 25) (1 45) (39 74) (51 71) (43 8) 61
25: (23 18 63) (29 21 13 51 2 11) (8 40) (71 43) (52 77 22) 74 (54 12) 42 46 (34 64 56 17 36 66 68) 9 (44 5) 55 15 47 73 25 59 (48 1 27 61) 4 16 39 60
26: (41 51 52 61 48) 30 (18 55) (71 44 11 75 65 15 1) 32 (9 46) (36 27) (22 80 60 4) (58 72 21) (73 49 39) (25 54) (63 19 77) 45 37 23 59
27: 76 (22 30 62 23) 32 (49 71) 1 (41 21 74) 46 45 12 70 4 78 (59 24 39 73 77 10) (16 9 72) (56 51) (55 60 64) (15 2) 54 (6 18) (8 11)
28: 15 (66 12) (37 59 56) (62 64 78) (39 43) (52 27) (25 4) (36 73 58 61) (72 49 1 22 60) 50 (8 10 51 11) (40 32 71 18 16) (34 30 77) 55 46
29: 21 (52 73) (62 4) 66 25 (44 68 49) 61 (56 14) (41 64) (48 47 9 7 30 58 55) (76 71 51 80 78 15) (39 22 46 54 75 60 1) 8 20 (45 74) (18 33 2 27) (40 43 77 12 36)
30: (22 43 55) 11 8 40 59 (27 12) 18 15 (45 47 71 56) (46 51) 41 60 (9 68 20) 77 (19 67) (49 66 2 39 48) (75 64 16) 1 (74 62)
31: (22 56) 20 59 (52 78) 80 (19 51 49) (4 8 25 39 60) (71 18) (77 30) (55 54 40) (46 73 41 45) 70 58 (64 72 1) (11 21) (74 12)
32: (8 59 45) (38 19 32 31 25 54) (16 18 46 49) (62 71 11) (68 80 27) (66 36) 24 56 2 (55 15) (70 21 51) (72 47) (63 44) (77 78 4 22) 41 (10 37 64 9 52) 1
33: (25 13 49 21) (51 37 9) (62 23) (11 43 60) 36 (78 74 76 35 22 80 1 6 72 56 75 54) 41 (71 30 77) (27 15 4) 48 14 (24 18 8) (52 46 70 58) (59 39)
34: (33 23 4 36) (43 39) (64 66) 22 (27 46 77 12) 24 20 51 (41 56 11 44 15 2) (55 48) 49 (59 60) (18 80 19 47 37) (21 25 14 52) (1 78 71 8 42) 54
35: 2 (70 1 41 52 32) (73 36) (77 5 11 45 20 40) 46 27 (22 30 55) 61 (42 51) 62 9 19 15 (64 48 18 4) (59 53) (25 37) 43 (21 49) 8
36: (2 66 44 52 33 22) 21 (74 73 51 31 14 77 68) (56 16 32 23) 50 27 (46 64) (62 35 42 13 59) 4 (47 1) (15 60 55) 54 (37 72 40) (41 12 8 9) (39 75 71) 11 18
37: (4 1 75) (17 70) 46 (14 61) 23 43 (35 25) (19 22 27) (8 67 55 77) 51 58 34 56 80 15 64 (39 59 6) 74 (30 48) 18 66 52 20
38: (16 18 19 22 4 1 13) (72 71 21) 73 (25 12) (38 77 55 39) (62 75) (56 8) 47 (27 66 34) (58 23 64) (46 76 70) 59 31 52 41 44 (42 54) 51 (36 11 43 60 17) (32 49)
39: (77 78) (16 9 18) 52 24 (34 41) (72 80 35 36) 11 (68 71 15 40 73 8) (17 30 23 64) (2 43 46 4) 75 (27 47) 50 (56 22 1 55)
40: 24 (35 62 55 19) (18 17) (72 71) (60 58) 64 15 (46 66 59) 41 77 1 (34 74) (4 36 38 20) 78 (37 8 9 43) (52 11) 27 (39 25 22 49 2 23 51) 75
41: 55 49 75 (15 76) (24 80 41 64 57 44 60 16 48 31 26 42) (20 46 12) (4 56 8) 27 (3 13) (72 78) (59 11 39 77 63 71) 22 (29 9 51) (21 54 18 43) 68 (1 2 19)
42: (35 11) 18 12 76 65 (15 55) (46 63) (59 60 58) 3 73 51 49 (80 42) (32 2) (72 43 78 41 33) (4 20 74 30 1) 61 (62 39 66 52) 9 56 22 68 (71 8 64) 23 (27 45 19) 77
43: (12 65) (14 66 19) (18 71 73 25) 56 (32 40 59) 77 (33 75) (1 45 64 46 10 2 34 35 72 61 60 58) (24 4 8 41) (11 29) (55 62 51 74) 49
44: (71 31) (19 73 2) 12 (22 32 58 47 18) 59 (77 27) 43 (15 35) (45 10 44 1) 8 (72 33) 65 (56 51) 39 41 (46 30) 4 (62 48)
45: (56 66 62) 12 (51 58) 59 (52 80 77) 24 19 (25 8 60) 76 (55 48 2) 46 (18 22 49) 1 (21 4 74 41 23 64 13) (11 44 54 38) (15 53 71 37) (27 43)
46: 45 (56 64) (15 42 23) (71 19 37) (8 46) (14 62) 11 12 (35 60) 18 (55 72) (49 41) (61 59) (34 77 66 73 24 51 22 48 25) (36 57 39 17) 52 16 (74 53 1) 4 (80 40)
47: (71 18) (12 10 25 8 43) 4 (55 60) (44 34 9) (11 41 65 56 1) (58 54) (45 20 39 72 35) (49 23 37 76 66 52 77 80) (74 31 22 15) (59 27) (36 64) (48 73 51)
48: 80 49 (52 67 38 2) (17 46 55 8 36 44 51 1 58 15) 18 62 22 60 71 (24 56) (73 76 41 31 72) 12 (16 40) (20 54) 59 (25 27 75) (4 45 48 64 11) 77 (34 42)
49: (36 22) (51 8 16 58 55) (31 13 73 32 27) (70 52 45) 66 (11 15 12 54 19 33 71) (68 39 77 35 49 24 59 18 48 46) 1 (2 64) 60 (17 21 37 38 41 42 56 20 72) 10
50: (4 18 24) (56 15 1 27 46 41) (16 32) (59 19 70 71 80) 60 (36 77) 73 40 (26 74) 78 (25 11 39) (21 12 2 8 20 58) (66 23 47) 54 45 (51 9 76 22) 17 57
51: (56 60) (46 32) (54 48) (73 25) 12 (72 21) 39 (58 71 52 43 80 35) (77 49) (55 1 22) (44 18 8) (19 11) (17 37 4 62) (9 38) (24 74 14 70) (47 51 64 15)
52: (59 62) (15 77 76) (23 75 56) (73 12 72 1) (55 21) 18 78 66 (52 19 36) 31 (46 2) (37 8) 41 22 39 (32 64 71) 51 27 (20 49) 5 16 (4 80)
53: 2 21 25 (39 16) (1 4 11 61) (49 19 78 75 56) 12 31 (80 72 59 52) (73 24) 41 (45 54) 65 (35 77 22 8) 68 (10 40 46) 51 48 (15 58 36) (42 64) 18
54: (16 35) 41 (77 27 54 50) (78 44 12) (21 43 75 23) (6 25 58 19 52 24 1) 36 (11 60 46 71) (59 20) 56 18 80 8 (22 64 9 49 32 15 57 73)
55: (1 4) 16 64 (8 51 43 71 73 39) (77 52 30 40) 12 (46 54 15 23 45 48 55) (19 21 18) 49 78 56 (37 44) (62 41 27) (76 67 20 22)
56: 62 (59 21 77) 2 76 (23 36) 71 55 (52 43) (60 1) (8 51 58) (24 70 7 68 39) (41 19 22 26) (12 64 46 9 11 31) (72 27 66 57 15 25) (20 56)
57: 4 (48 37 39 34) (75 71 74 13) (44 46 72 80 45) (32 22) (25 21) (52 73 1) 49 62 (15 70 56 18 36) 59 (9 27) 47 (31 35 77 3) (55 64 24) 43 (8 10 12) (19 60) (2 51)
58: 49 (8 25 14) (64 41 54 7 52 77 75 51) 2 60 (47 11) 4 (80 56) 18 73 71 59 39 (13 55) 72 (62 42) 46 21 (67 34) (27 74) 66 (31 1) (36 17 70 19) (22 76 32)
59: 76 73 18 (74 4) (65 72 60 1) (75 9) (55 19) (31 20 45 48 22 3 80) (66 24 41 52 15) 46 64 (11 30 59 12 56) 77 (37 44 8 10 71 51) 49 (2 69 43 27 21)
60: (13 32 9) 72 (73 52 48 60) (1 68 77) (71 2 19 78 12 56 75 40) (38 64 65) 58 (44 41) (59 36 61 8) (27 46) (14 62 24) (26 80) 22 11 (37 42) 43 (49 18) 39 25
61: (44 60) 21 (64 22 55) 52 4 (25 15 24 18) (62 77 39 63) (43 68) 8 (56 27) (74 31 2 16) (51 37 46 12 36 73) (72 58) (41 79)
62: 22 71 (9 35) 11 (31 78) 40 (37 19) 1 59 (8 44) 49 (54 66 46 48 18 47 58 79) 56 64 23 (74 70 32) 52 (15 24 17 45) (43 16) (21 77 12 80 27) (39 73 72 55 36) (34 75) (41 51 25)
63: 46 (80 9 64 60) (56 8 75 48 78) 2 41 58 (73 47 25) 17 (24 30) (21 44 16) 59 (4 49 19) (27 76 71 77 55 39 70) (18 23) 43 (22 66 12) 68 (15 37 51 52) 1
64: (57 12 41) (64 27 76) (52 1) 31 15 (11 55) 23 72 (78 47) (60 17) (25 66 59 43 71 46) (39 77 32) (56 50 22 74) (18 65 8 62 24 73 58 4)
65: (1 52 56 65 32 61 31) 71 (8 15 12 64) (78 74) 25 (4 35) (39 43 66 42 60 2) (44 75 59 54) (18 22 77) 34 (73 27) 49 46 (6 80) (20 10 17) (16 24 45) 70 33
66: (33 36 4) 26 80 (59 73 66 62) 55 (25 56) 32 (23 45 79 29 15) (11 12 39) (72 19 64 77) (38 71 1 42) (8 41 18 52 16 70 27 17) 21 74 (75 51 46 22)
67: (16 59) (51 54) 27 (78 1 43) (64 31) (56 12) 72 35 15 25 30 (68 73 9 47 52) (37 46 2) 49 74 8 60 (44 77) (71 45) 75 32 (11 39) (62 18 53 65 41)
68: (48 40) (46 59) 55 56 (51 49 21) (8 22) (64 54 60 20) (58 71) 24 (15 77) 27 (44 36) (31 1 18 29 73) 9 (37 17 41) 72 (62 61 25) (4 50 43 75)
69: (46 39) (1 80) (62 35 66 22) 14 21 (19 2 4 15 76) 52 13 (61 77) (32 64 73) (70 11 38) 56 (49 41 51) 43 (45 72 55 68 44 27 12) (74 24 71 8 59 18 20 30 25) 33
70: (62 9 48 25) (52 61) 1 8 (51 35 65 16 19) (77 41 70) (23 15 46) 20 33 (36 74 12 80 49) (4 71 21 7 78) 60 (47 40 59) 37 (76 22) (31 24 27) (56 72 3 43 38)
71: (24 52 77 74 20 60 15) (66 41 39 8 1) 25 9 44 16 70 18 68 (59 19 62 49 27 17 43 54 21) 64 (73 13) 35 80 (51 56 4) 40 71 22 45 (11 57)
72: (26 31 60 36 1) (22 59 56 41 25 62 8 40 73 34) (55 77 11) (51 75 13 72 70 20 52) (49 58 15) (23 47 80 4 10 12) (19 74) 71 (54 46) (24 17 65 78 64 27)
73: (72 13 68) 15 19 56 (22 64 47 44 39) (2 25 43 46 40 65 55 12) 24 (54 1 11 41 77 66 71 10 74 27) (4 8) (49 9) 70 (58 48 21) 80 52 (51 17 38) 16 78 60
74: 27 (80 73 22) (69 41 1) 76 (66 78 74 45 42) 60 (31 46 25) (30 48) (71 58 8) (39 43 49) (54 11 55 23) 59 (56 72 18 52) (77 2) (61 51 12 64)
75: 16 (28 58 47 80 60) (2 35 11 9 78) 25 (17 15 65 70 19) (49 77) (56 48 66 21) 71 (68 43) (64 59 14) 79 55 (54 22 41 45) (8 24) (4 51 1 12) (42 18 72 38 23 46 39) (36 27)
76: 19 30 75 67 39 (24 61) 11 (35 73 8) 54 16 (77 27 38 2 78 17) 41 45 (20 12) (13 4) (9 18 22 32) 56 (59 74 44 68) 58 (60 25 49 52 62 46)
77: 41 9 (72 22 19) (27 8) 55 15 (20 1 4) (68 39) 36 (24 16 46 77 59 30 43) (12 40 71 50 74 66) (6 18 45) (73 56 11)
78: (1 6) 21 61 64 9 (52 40) (15 48 49) (68 58 32) (4 18 16 41) (12 43 22) (37 8 72) (80 27 62) (77 11 56 39) 51 (74 46) 24 30 (75 54 59 73 14 55 19 25 36) (71 34)
79: (42 66 59) (54 80 51 63 17) (18 60 74 44 31 72 77 41) (25 64 49) (30 40) 73 (9 62 10 4) (52 55 45 27 23 15) (68 56) (2 71 58) (75 12 43 24 8 1) 46 16 22
80: (43 16 45) (38 15 19 56 55) (51 77 44 39 64) (62 59 70) 66 (35 25 41 21 27) 8 18 46 (61 75) (74 12) 73 (49 54) (48 76 68) (47 22) (13 10 30) 11 72 (71 9) (1 32 52)
