40 40
1: 18 37 9 24 13 16 33 3 23 25 28 34 12 32 27 31 39 6 17 30 21 8 40 20 11 14 35 2 15 1 4 7 5 10 22
2: 10 9 36 7 11 27 39 12 22 20 8 23 21 35 18 32 4 19 5 14 31
3: 28 31 8 18 26 15 29 19 5 12 39 13 37 36 17 30 6 25 22 20 38 2 34 11 24
4: 28
5: 32 17 31 4 37 25 40 35 5 20 34 16 21 11 7 12 33 28 18 36 15 10 19 24 22
6: 34 33 19 40 6 38 25 32 24 36 16 7 31 22 28 2 12 18 17 14 10 23 1 26 13 27 4 5 21 35 30 11 39 37 9 29
7: 22 16 33 21 24 18 28 15 17 6 23 11 25 38 30 29 13 7 34
8: 7 6 24 34 5 23 15 35 36 9 22 10 3 4 20 11 33 28 18 32 8 39 40 25 2 26 12 38 27
9: 23 5 13 35 22 24 8 12 20 32 9 6
10: 10 6 15 22 36 26 20 23 17 27 37 32 11 19 40
11: 16 3 36 8 24 12 14 2 38 23 7 17 31 1 13 4 5 22 21
12: 15 17 9 10 26 35 38 14 30 25 23 33 39 21 40 11 37 7 8 4 19 1 5 18 2 13 12 34 16 29
13: 7 31 38 11 27 12 39 14 28 24 5 37 3 25 32 8 22
14: 11 38 27 13 4 1 20 36 30 15 39 12 31 19 10 33 9 7 40 18 22 14 17 5 37 25 32 34 29 8 26 35 23
15: 2 13 23 17 22 28 33 4 14 16 10 37 8 1 36 6 5 30 39 18 21 9 7 32
16: 39 7 12
17: 27 25 36 1 31 21 35 40 33
18: 16 23 24 20 19 12 10 38 1 17 36 9 21 4 11 33 25 28 2 31
19: 23 25 31 5 15
20: 36 15 35 33 30 19 37 29 22 17 31 9 18 3 26 12 5 13 32 14 40 39 27 10 24 28
21: 2 7 9 29 3 10 21 18 32 35 5 16 34 15 8 33 19 4 36 14 31 20 40 17 37 1
22: 28 17 39 23 29 26 12 9 5 14 33 24 19 37 36 38 15 22 32 31 4 20 2 18 25 3 7 6 34 1 11 21 35 30 27 16
23: 23 33 29 35 4 37 17 7 22 9 10 2 20 26 3 32 28 1 30 36 25 18 39 24 6 31
24: 30 28 17 25 38
25: 27 34 31 36 29 3 18 33 23 35 12 38 9 22 26 6 24 8 21 30 25 32 40 4 13 39 1 10 37 15 7 11 17 2 5 14 20 16 19 28
26: 38 40 3 14 34 4 6 16 24 15 37 29 32 21 36 20 9 8 11 5 10 22 26 30 12 39 7 19 31 28 18 33 27 1 13 17 2 23
27: 27 13 19 5 39 40 36 38 11 28 6 1 21 24 32 15 10 3 37 25 17 35 23 14 31 22 26 4 7 34 18 29 9 33 16 8 12
28: 12 23 22 26 7 40 39 2 38 21 5 25 16 30 28 18 9 15 8 34 3 13 17 14 4 19 35 33 1 36 32
29: 28 21 24
30: 26 38 13 11 12 20 10 16 9 27 18 30 34 28 15 31 8 39 6
31: 6 13 34 15 36 32 2 3 23 25 17 33 38 28 16 40 7 19 26 9 18 21 10 39 12 8 29 1
32: 29 3 33 16 39 30 10 22 6 36 8 20 14 5 27 40 7 23
33: 16 3 8
34: 11 5 39 40 35 18 19 8 27 28 26 31 1 13 7 15 16 30 24 20 34 17 12 36 23 10 14 22 6 38 32 29 3
35: 28 2 30 40 32 5 1 33 13 24 4 37 25 12 35 27 21 20 16
36: 39 23 24 3 7
37: 34 21 22 16 23 28 19 6 37 29 14 24 15 30 32 10 13 38 26 17 27 5 2 3 40 4 18
38: 4
39: 22 12 38 20 4 24 11 5 39 8 6 37 40 10 23 19 21 9 13 29 31 33 32 25 34 18 26 36 1 35 3 30 15 17 16
40: 5 4 26 32 7 29 8 28 38 15 35 13 17 10 18 2 1 21 36 37 20 14 33 11 31 3 22 9 25 27 16 39 40 12 30 24
1: 14 39 (34 27) (17 40 22) (6 18 15) (21 11 26 35 1 31 23 28) 12 25
2: (18 11 21 31) (1 12) (3 25) (28 40) (6 8) (37 23 35 26 22 15)
3: 37 (36 27 32 22 1) (34 26) 31 28 (25 8 11 23) 21 (13 40 20 33 39)
4: 38 (18 37 5) (1 35) (25 2 14 27) 15 (40 23 6 22) 21 28 (12 26 39) (11 8)
5: 27 39 6 28 (3 40) 19 (2 11 35 8 21) 15 (20 12 32 13 26 22) (25 9 5) (37 1 34) 14
6: (15 37 9 27) 32 (25 34 31 23) (30 26 10 39) (7 3) 6 (22 8 1)
7: 36 (27 5 28 32 26 11 7 16 1) (23 12 8) 34 31 40 22 6 (14 15 2) (25 21) 13
8: (27 8 34) (25 31 2 1 40 11) (26 3 32 33) (30 13) (15 12 14) 28 39 (9 21)
9: 30 (40 14 15 23) 27 31 (9 2 26 22 12) (21 18 25) 6 (8 28 39) (1 20)
10: 37 14 12 8 25 (2 6 34 27 18 23 15) 21 5 26 (32 31 30 39 20 1 10) 40
11: (25 26 7 39) (6 30 12 22 34) (40 2 18) (8 13) (3 5 27 14 1 10)
12: 12 35 (16 31 39 40 6) 30 (14 28 1 20 3 22 34 27 18 11 5) (9 8 25 26 13) 2
13: (9 27 35 31 40) 12 20 (34 25) (39 3) 1 (7 28 6) 11 26 (30 37 15 14)
14: (15 11 21 13 27) 6 (14 32 34) (2 1 40 12 26) 20 25 (28 37 22)
15: 30 (10 8 14) 12 (39 25) 40 22 3 (5 20 31) (27 7 26 21) 1 (34 19) (37 28)
16: (11 37) (28 5) 27 (22 34) (1 15) (30 39 18 6 25) (31 33) 32 35 (7 12 21 40) 26
17: (25 18 1 11 37) (20 23 6 21 26) (3 34) (27 5 40) 15 31 24 (22 10 14) (28 12 7) 39
18: 28 1 15 (27 34) (20 40 12 8 21 39) (2 37 6 23 30) (31 7) 22 26 (5 25) (14 3)
19: (28 37 39 21) (10 31 6 3 20) (26 12) (34 27) (22 2) 5 (18 14 25)
20: 18 (10 25 1) (40 30) (26 35 8 5 2) 9 (32 34 21 3) (39 14 22 23)
21: (29 22 7) (28 35) (39 15 31 27 40 5 17) (2 18 26) 21 (6 11 1 25 37) 12
22: 23 (25 22 5 3 7) 10 (34 8) (6 2 20 15) 37 13 (40 27 14 39) 32 (9 1) (26 28 11)
23: 14 (34 11 36) 15 10 (37 1) (7 26 19 22 18) (2 32) (6 9 8) (28 23 39) (31 27 12) 25
24: 34 (40 26) (11 35) (29 36) 23 7 (18 25) (39 37) 13 6 20 22 (27 9) 3 1 8 5
25: (7 28 22 3 31 19) 27 (40 12 14) (24 6 23 13) (8 25) 35 (5 39 18 1 17)
26: 10 20 (37 3 30) (31 28 23 22 26) 25 (34 39 12) 14 40 (6 8) 27
27: (20 22 14 2) (26 32 40) 8 (17 13 1) (6 35 37) (34 27 30 25) 10
28: 37 5 (18 6 1 34 25) 31 3 (26 7) 28 (24 29 22 13) 40 (4 20 27 35 8) (23 15 30)
29: 27 20 (32 25 23 14 3 26 12 37) (39 31 40 21) 7 (22 34) 6
30: (15 12 32 20 7 26 30 37) (25 14) 39 28 (1 40) 35 (34 6 3) (24 22 23)
31: 30 (13 23 20) 40 1 (18 6 39 21) 2 14 (11 26 34) (25 17 3) (5 27 19) 22
32: 14 (13 6 5 21 35) (37 28 25) (1 31) (8 39) 26 15 23 2 (40 22 27) 9 (10 20 34)
33: (40 27 28 26 5) 21 (35 12 1 18 39 15) (31 17 14) (23 20 6) (7 22) (25 8 32)
34: (22 39 21) 8 3 5 (6 7 1 27) (12 26) 25 14 (28 34) (30 37 31)
35: 23 (2 40 27 17 25) (1 22 12 14) (6 34) (20 5 21 8) (35 9) 39 28
36: 5 17 39 (22 40 10 20 26) (32 21) 2 31 3 11 27 (28 25) 14 (34 23 18) (15 6 8)
37: (40 23 26 14 35) (13 6 20 5 22) (25 39) (27 1) (12 10 21 15) (37 3)
38: 27 (11 7 39 3 24 6) (22 14 25) (13 40 37) (18 8) (12 31 28 34) (26 30)
39: 14 (39 16 40) (27 13) 20 2 (25 6) 3 (1 12) (31 28 30 22 36) (8 34 26 23) 15 32
40: 40 (6 35 31 25 34 27) (5 17) (14 37 1 26) 28 (12 8) (32 21 20) (10 39)
