40 40
1: 6 3 27 31 15 22 11 32 37 17 5 25 10 26 39 4 24 35 28 19 20 2
2: 16 24 23 29 1 22 36 27 13 32 30 35 5 28 40 25 7 11 17 39 14
3: 3 21 36 12 1 29 24 35 15 16 10 17 39 33 13 30 34 31 5 9 28 7 14 25 23
4: 40 3 24 27 29 23 11 37 21 30 35 5 25 16 18 1 22 31 12 34 7 9 4 10 28 32
5: 30 40 1 15 26 20 9 25 3 35 7 24 22 17 28 29 33
6: 30 5 19 6 24 14 33 9 32 16 11 13 15 23 17 10 8 21 7 35 22 40 12 31 20 27
7: 18 22 10 17 24 21 15 5 31 23 14 26 40 1 19 20 28 7 11 13 35 2 34 27
8: 25 13 31 22 27 15 32 17 24 14 1 33 8 23 5 38 9 39 37 19 12 3 34 2 11 30 35 18 21 26 29 10 28 40 4 6 20 36 7 16
9: 26 9 23 1 7 40 3 35 30 12 29 2 25 16 6 18 14 22 17 36 21 39 10 27 8 19 37 5 20 13 15
10: 33 8 18 2 39 37 16 27 7 30 13 12 36 19 26 22 40 29 28 5 25 24 38 34 4 32 10 11 14 35 1 20 3 17 15 6 9
11: 6 22 25 32 37 36 33 28
12: 40 25 22 29 9 23 16 1
13: 3 27 14 2 29 7 10 30 40 8 37 22 1 20 17 24 16
14: 6 38 9 27 8 20 29 4 2 40 26 25 33 28 19 5 16 37
15: 30 35 38
16: 6 30 22 13 15 21 28 12 2 35 3 40 11 39
17: 19 29 24 3 17 15 28 26 7 36 22 37 6 13 32 35 34
18: 36 11 1 30 6
19: 18 28 11 17 2 7 10 13 39 22 8 4 26 5 27 35 30
20: 37 5 6 25 20 12 22 38 8 26 13 33 11 15 18 30 2 16 35 32 19 39 23
21: 7 21 29 6 1 39 19
22: 25 31 32 20 21 24 30 6 28 8 23 33 16 1 5 14 18 9 4 29 26 2 10 36 35 38 11 40 15 12 37 34 13 3 27 17 39 7 22
23: 31 3 23 26 27 32 7 2 40 34 13 11 19 36 22 4 20 30 12 29 18 25 33 37 9 24 28 1 21 17 10 8 14 6 39 38 15
24: 2 5 26 17 35 36 14 28 24 10 19 27 12
25: 24 29 7 6 9 32 18 17 19 39 11 26 27 8 12 14 34 23 10 30 5 3 21 22 33 35 40
26: 13 1 30 28 40 6 14 36 21 5 39 35 20
27: 19 30 2 1 23 29 36 35 34 21 27 39 15 17 13 33 16 3 38 6 14 25 37
28: 38 18 7 22 19 16 36 21 26 37 13 3 39 5 31 2 8 17 33 23 20 28 12
29: 34 38 3 24 28 20 18 12 26 23 15 29 32 8 33 2 31 14 16 17
30: 30 19 21 27 3 23 9 16 37 1 18 25 39 7 33 20 5
31: 35 15 37 13 11 8 10 14 18 24 7 21 22 25 20 2 38 19 3 32
32: 15 34 3 40 27 6 26 35 13 28 12
33: 39 17 3 24 23 11 7 35 30 8 13 40 26 5 36 34 29 18 1 9 19 6 37 33 4 21 20 2 31 14 10 22 27 25 12
34: 40 18 23 16 14 30 33 1 28 7 9 12 17 39 2 3 32 24 37 38 15 21 36 20 34 29 25 22 27 35 5 11
35: 24 21 28 34 40 7 17 18 5 31 38 10 15 8
36: 9 3 19 8 7 31 20 16 32 34 15 23 4 12 39 35 11 37 5 17
37: 22 25 14 34 40 27 16 21 10 36 4 37 1 5 33 26 3 32 20 35 24 30 13 9 28 31 29 6 38 19 39 11 2 23 7 18
38: 26 39 5 37 22 20 40 31 32 6 28 2 21 25 30 11 33 3 29 38 24 18 13 15 14 23 1 27 8 17 7 34
39: 34 28 7 33 22 4 24 25 38 16 29 3 40 26 35 14 23 1 8 18 21 32 19 37 36 15 20 6 10 13 5 30 2 27 17 11 9 39 12 31
40: 26 38 27 34 29 5 15 3 32 35 11 33 17 37 24 25 22 13 40 10 20 6 12 23 16 21 2 18
1: (13 39) 7 22 (37 10 8 23 12 33) (27 30 21 5) (4 3 9 18 26 2 38 34)
2: 31 (24 34 8) (37 28) 39 (16 10) (20 19 14 22 29) 33 (13 7) (23 1) (27 9) (40 38)
3: (30 27 38 9 22 5 36) (28 34 10 31 8 39 25 4 29 37 33) (23 13) (32 17 40) (3 1) 16
4: 39 8 (1 23 4 14 22 19) (33 37 36) 10
5: (4 2 10 7) (6 33) 20 26 (25 35) 38 40 (19 37 36 1) 8 (30 22) (34 3 28) 9 (14 24 39)
6: (37 26) (1 23 6) (11 9 21 25 18 22 39 14) (17 40 16 8 20 32 33 38 10 27)
7: (36 21) (17 23 7) (39 2 38 34) 22 (6 28 10) (33 35 5) 4 (19 25) (8 37 13 3) (30 31) 9
8: 29 28 14 (33 8) (39 36 10 6) 25 23 (9 19 20 38 13 31) 35 22
9: (10 34) (30 9 23 37 12 14) (22 6 33) 3 (39 8 5) (25 4 36)
10: (9 3) (33 40 13 31) 8 (22 24 19) (23 39) (25 6 4) 35 (10 1 37) 7
11: 39 (8 33) (40 34) 2 23 7 10 (16 18) (20 19) 38 36 37 (25 22 6 4 1 31)
12: 29 (28 25) (32 39 4 16 34) (9 36) 33 24 (3 10) (40 22 20) 6 23 8
13: 20 (22 39 7 27) 26 28 (6 8 9 33) 16 (32 3 10) (19 23 37) 40 (17 38 31 2)
14: (23 31 2 38) (22 39 13 7 3 33 29) (26 25) (24 34 6) (27 8 37 10) 9
15: (6 29) (22 8) (39 3 35) 36 (32 16 40) (31 7 38) (20 9 23 34) (1 17) 10 5 27
16: 34 (9 10) (4 2 37) (40 22) (20 6 13 28 29) (12 36 14 27) (3 39 8 30)
17: (13 39 36 22) (9 25) 2 (28 38) (27 1 17 5 19) (8 23) 40 (7 3 33 29) (35 10 6 24 34)
18: (9 38 25) (19 8 28 37 33 23 35 7) (39 4) (22 10 20 40 29 30) (31 34)
19: 6 25 33 (24 27 37) 28 (10 36) (23 8 14 20) 1 (17 9 7) (39 21 30 31)
20: (8 33 29 30 7) (38 23 26) (10 6) 28 20 14 22 13 (36 39 37 1 40) (34 5) 9 31
21: 23 (33 21 39 7) (30 25) 37 (40 26) 4 (28 9) (3 22) (16 8) 38 34 (31 35) (27 6)
22: 34 20 37 (16 5 17 1) (22 7 4 28 31) 12 (38 11) (8 9 40) 13 (33 19 10) (2 25 39 23 6)
23: (7 33 8 37 9 4) (22 28 36 30 23 25 40 27) (38 3) 29 6 (20 2 39 34 12)
24: 29 6 8 (4 31) (7 33 40 38 39) (23 34 10) (24 3) (37 17) (35 13 25 5 1) (22 2)
25: (1 3) 2 (33 38 12 14) (34 23) 4 (8 31) (39 40 30 37 10 11) (9 5 22 20 27)
26: 8 (28 19 7 39 1 29) (9 40 23 10 14) (17 20) (5 25) (33 24) 38 (37 22) 32
27: (30 24) 33 (6 27 1 22 23 19) 38 (34 9 39) (8 2 25 4 37) (7 14 10) (13 32 40)
28: (37 7 26 14) (1 28 32) 23 (4 8 19) 22 29 34 39 (5 2) (3 17 16 11 38) (24 35) 10
29: (9 25 21 23 14) (39 3 29) (40 8 34) (2 22) 12 37 (13 17 4 27 33) (10 38) 5
30: (3 4) 37 9 (2 25 5) (27 22) 38 (15 34) 19 (23 39 8) (13 26) (10 6) (30 16 33) 18 20
31: (7 39 8 29) 4 (37 36 38 33 3 23) 1 6 (22 28 35)
32: 36 11 8 37 (17 34 39) 6 (40 22 23) 29 (1 2 31) 4 25 10 (20 38)
33: (10 23) 5 (14 6) 8 30 22 38 (11 25) (29 40 33) (27 37 3 34) 39 (28 20)
34: (36 37 27) 38 (34 32 22 39 25) (23 29) (33 17 40) 8 (10 4 35 3) 7
35: 16 (32 2) (17 27) (10 34) (20 25) (15 31 5) 40 (33 24 4 6 3 8 36) 22 (19 1 26) 39 (37 9 7)
36: (22 24) 23 (34 10 39) 18 (9 33 26 3 27) 17 (8 28 2 11 37)
37: (23 14 31) 8 39 (33 17) 28 11 13 1 (4 9 22) (38 27) 20 (40 30) (34 37 36) 10
38: 29 (35 15 31 10) (28 14) (20 40 38 8) (23 22 34 39 37 27)
39: (2 38 28 33) 34 23 1 36 10 (3 9 19) (30 8 16) (22 20) (26 37) 27 (21 39 25)
40: 23 8 34 (9 14 40) 5 32 35 2 (12 6 7) 25 4 (37 33) (13 10 26) 39 (16 38) 22
