40 40
1: 17 6 39 2 1 18 34 38 35 15 12 10 7 16 14 19 31 37 21 27 25 3 40 26 4
2: 39 20 29 32 27 30 5 26 15 3 1 12 2 16 33 37 34 17 35 9 24 6 7 11 22 38
3: 24 39 19 33 32 7 8 23 30 4 18 31 28 16 12
4: 18 3 34 13 9 23 28 31 22 29 36 40 35 37 17 1 20 2 10 11 30 7 25
5: 40 22 1 23 5 12 31 35 17 15 33 30 38 26 10 2 29 8 39 27 3 11 9 16 24 21 6 25
6: 40 28 20 14 25 8 38 18 24 13 7 16 37 36 35 39 32 33 2 17 3 9 34 31 27 1
7: 38 6 26 7 25 11 19 22 14
8: 26 13 28 17 22 30 1 36 19 3 16 40 39 9 24 6 8 20 2 31 12 34 32 11 27 18 33 10 38 23 21 25 14 4 29 35 15 7
9: 15 1 18 21 11 36 31 7
10: 7 17 39 10 20 3 16 40 13 24 32 12 27 1 25 34 29 35 4 31 5 36 38 28 2
11: 5 37 22 30 7 29 14 20 33 27 19 38 8 24 9 11 15 13 1 26 12 4 32 3
12: 21 23 39 32 17 5 10 12 34 2 29
13: 20 22 26 33 39 29
14: 10 9 27 28 37 30 33 34 26 5 4 13 25 22 8 35 15 3 2 11 7 40 19 16 18 21 23 36 29
15: 28 13 18 20 12 26 31 37 9 32 27 33 1 34 5 40 21 35 25 4 38 10 3 17 2 29 30 22
16: 38 5 21 37 40 18 8 6 4 23 3 10 22 28 34 20 36 27 31 19 17 9 35 7 30 13 11 29 39 24 33 26 25 2 1 14 12 16 15 32
17: 8 39 22 30 13 34 37 11 1 20 27 12 32 16
18: 1 12 32 23 15
19: 36 1 2 10 31 34 14 19 30 35 22
20: 5 32 4 19 14 3 16 7 21 26 30 23 28 39 1 27 29 37 12 2 18 17 40 36 8 20 35 10
21: 32 6 29 4 23 26 11 35 1 28 20 24 12 8 17 2 5 21 31 40 19 34 15 14 9 38 16 22 27 18 37 36 25 10
22: 23 24 28 27 2 3 8 12 22 21 5 9 38 36 11 32 14 16 1 31 26 33 39 7 40 37 30 13 4 35 20 34 6 29 19 25
23: 9 31 2 34 17 10 32 37 25 26 4 23 27 1 11 19 36 16 8 40 35 30 14 15 28 38 33 12 29 39 20 13 21
24: 33 34 5 40 25 19 30 23 6 15 22 16 38 37 3 24 7 18 9 12 39 32 26 11 1 21 28 2 36 4
25: 40 13 24 11 29 32 25 31 2 26 27 9 10 38 15 22 34 37 4 3 12 23
26: 33 16 40 18 30 13 29 14 4 26 37 2 19
27: 28 31 35 16
28: 17 3 2 9 21 31 34 39 37 40 26 25 11 24 38 30 23 14 1 7 12 32 15 5 20 36 10
29: 38 34 9 19 8 7 31 3 21 37 11 40 30 17 27 18 36
30: 14 9 35 34 7 2 25
31: 28 38 5
32: 30 20 10 12 27 22 1 25 18 7 8 3 29 19 24 39 11 9 36 33 16 14
33: 25 12 15 6 2 33 14 20 23 24 4 17 40 9 39 36 34 5 10 21 32 28 11 37 35 29 8 19 31 27 7 16 26
34: 5 16 10 2 19 9 21 28 36 13 14 35 3 18 6 30 33 40 1 31 38 29 12
35: 25 8 9 28 31 15 18 32 17 6 12 26 10 39 2 13 33 21 1 23 14 11 29 7 22 30 24 36 27 34 16 5 19 40 3 37
36: 2 30 40 6 4 28 33 10 9
37: 11 23 31 39 1 21 25 33 6 19 20 4 5 17 28
38: 13 10 36 16 17 4 20 29 7 25 1 14 11
39: 23 6 7 11 22 2 14 8 19 1 16 15 38 37 25 10 18 4 12 31 40 27 21 17 20 28 9 24
40: 39 36 22 11 24 35 28 21 6 7 31
1: (24 9) 22 35 18 (17 34) (28 20) (10 32) (39 23) 5 (4 19) (16 6) (8 37 11 2) (15 21) 38 1
2: (4 23 25 24) (8 19 33 16 21 30) 15 (2 22 20) 10 (12 34 5) (36 39 1 14 6) 26 (35 28)
3: (10 5) (34 4 29 24 25) 16 1 (2 6) (11 28) (14 32) (8 35 20 22 15)
4: (36 37) (21 22 39 25 15 10) 23 24 (14 11 26 3 20) (38 16 8) (1 33)
5: (5 16 34) (14 2 37) 31 (28 11) (10 22 15) 33 24 21 (20 12 35)
6: (37 5 16) (8 36) (34 35) 1 39 (33 22) (21 2) (40 7 24)
7: 2 9 (7 33 32 4 14 28) 39 10 40 6 16 (20 8) (24 29 35) (11 22) 3 (30 1 38)
8: (16 33 22) (17 5 14 11 6) (39 32 20 29 8) (21 3) (35 23)
9: (21 5) (39 36) (14 29 32) (11 15 2) (25 8) (30 6 35) 23 (34 4 16) 24 (28 33) 22
10: 25 (33 1 34 4 21 19) (39 28) (23 38) (12 5 14 20 15 36 8 16 10 32 35)
11: (14 21 24 5 38 39) (35 2 16 25) (37 23 4 9) 17 (32 28) (22 8 11 40 33 29 7)
12: 1 (20 24 33) (23 2 22) 12 8 (21 32) 15 (11 16 39) 17 (3 10 28) (35 34) 5 (25 18)
13: 26 (15 25 16) (23 22 35) 17 (14 10 6 34) 8 (11 38 4)
14: (34 39) 35 (16 21) 32 (26 8 20 6) 1 33 28 19 (23 30 22) (38 11 7)
15: (1 24) (14 9) 8 5 (16 35 39 2) (18 21 23) 28 (25 11 33)
16: (10 33) (20 35 3 5) 38 (24 32) 34 14 8 (17 21 39 26) 2 (16 6) (1 27 22 23)
17: (6 20 23) 38 (15 4 39 16 12) (28 8 10 2) 37 (1 29) 21 (33 35 5)
18: (20 1 35) (34 6) 9 (15 8 32 26 16) (3 4 24 39) 14 (21 29)
19: (32 19) (20 35) 39 (34 1) 29 37 (3 7 11 26 22) 16 (21 8) (23 14 24 33)
20: 22 (10 6 8 13) (28 2 20) 16 (38 32 15 33 39 21 23 4 17 11) 37
21: 28 (21 23 1 5 8) (29 20) (14 39) 22 15 (34 35 16) 9 (12 37 40 24) 33
22: (11 4) (35 25 24) (7 13 16 15 14 5 19 39 17 21) 2 22 8 32 40
23: (20 14 5 39 16 22) (8 3 37 24 25) (23 21 35) (12 4 33) (18 28)
24: 8 2 39 25 10 (6 32 21) 35 (33 11) (3 5 40) 22 28 16 24
25: 21 (22 35) 39 (8 16) 6 (4 5 33 23 14) (7 28) 25 (38 1 15) (10 32) (24 37 30)
26: 33 22 8 5 13 (35 11) (21 25 28 20 15 2 24) 1 (26 23) 7 (16 14)
27: (25 8) (23 29 35) (5 33 10) (6 14) (16 11 17 22 15 21) (32 1) 2 (20 39)
28: (39 24 37 4) 31 6 (33 27 20 8 3 14 23 15) (16 36 35 22 21) (10 40) 34
29: (16 35 2) (25 11 23 32) (12 14) (15 22 5 33) 34 (4 21 38) (13 8) (10 20 26)
30: (20 34 16) (4 3) 29 24 26 (36 19) 23 8 (2 22 32 11) (35 5) 28 (14 17) 15
31: (9 34 15) (40 1 5 28) (3 8 22) 16 (25 39 6) (23 35 37 27 19 4 29) (10 21 33)
32: 33 (12 28 6 17) (35 3 21) (24 16) 22 (11 15 20 8) (25 2 18 23) 10
33: (13 3) (35 14 11) 34 5 (8 36 37 2 16 33) (22 32 6 26 24) (23 15)
34: (12 25) (4 6) (35 14) (28 16) (19 29 24) 2 10 22 1 23 (17 21 15) 8 30 33
35: 5 (8 14 21) (16 40) (23 10) 33 (34 4 6) 15 (30 1 27) 22 (19 20) 2
36: (29 8 34 28 33) (19 9) (6 38 14 10 35) (21 4 24 40 16 20 32) 22 23
37: (22 6) 4 (28 17 33 26 15 20 21 16) (29 11 35) 24 2 14 39 23 25 1
38: (16 29 11 22) (10 2 34 6 21 28 25) (23 1 8 7 24 5 31 39 15)
39: 5 (33 17 8) (23 20) 35 32 (6 28) (40 13 22 16) 37 24 (1 3 10) (2 12)
40: 6 (24 8 15) (5 26) (34 4) 14 10 (36 22 35) 28 29 (1 25) (21 20 39 23 16) 33
