40 40
1: 36 1 33 12 25 30 5 24 37 8 39 16 40 38 6 14 15 11 20 7 28 2 29 3 17 32 10 19 27 21 4 34
2: 35 2 17 29 7 12 21 39 13 28 3 9 31 33 19 14 26 10 18 27 32 15 40 22 30 38 5 8 23 20 36
3: 14 20 3 39 15 40 38 24 28 26 12 16 36 32 17 19 11 37 7 31 13 8 34 25 21
4: 29 22 26 39 10 31 5 32 2 25 24 33 20 4 23 8 28 3 40 11 9 14 21 38 19 27 13 37 7 1 12 17 36 35 6
5: 31 18 21 33 36 26 15 34 8 17 14
6: 29 40 21 27 10 34 3 7 9 16 18 8 35 17 15 2 31 12 32 30 13 23 19 33 24
7: 36 34 2 26 14 25 24 6 1 40 4 3 21
8: 14 29 23 4 22 37 18 35 5 24 6 8 40 36 17 33 10 20 9 13 28 26 7 25 32 21 15 34 39 27 12 3 16 38
9: 20 29 25 40 14 26 32 3
10: 15 18 7 23 9 1 27 31 34 28 35 40
11: 3 36 22 4 16 33 38 21 1 17 30 27 34 26 24 9 13 19 39 35 11 10 29 28 31 32 23 20
12: 14 17 34 31 25
13: 2 29 18 37 38 7 14 19 34 9 26 39 8 21 10 4 23 36 12 30 15 27 25 16
14: 27 25 3 22 8 1 26
15: 30 32 26 5 20 10 23 11 33 40 29 34 27 28 22 14 18 16 21 24 2 13 17 38
16: 34 3 19 14 8 16 1 33 15 6 26
17: 32 33 22 24 11 15 29 23 17 36 2 26 10 12 3 6 31 7
18: 36 18 35
19: 8 16 21 17 5
20: 28 4 37 25 13 35 17 15 5 31 20 21 8 7 29 38 14 2 22 24 39 30 6 23 12 33 9 11 26 40 32 10 19 27 18
21: 10 20 24 35 5 15 36 26 11 39 40 2 28 31 21 12 13 16
22: 30 29 9 23 19 10 28 22 13 2 33 20 35 16 38 39 4 12 11
23: 17 19 7 23 22 39 36 34 38
24: 8 14 17 31 2 26
25: 25 24
26: 1 10 38 32 26 7 35 2 19 3 6 12 17 36 30 39 16 27 18 5 25
27: 5 25 40 20 39 38 17 28 19 2 11 26 3 22 33 24 35 7 32 23 8 31 30 18 10 4
28: 15 31 5 9 38 17 27 24 29 40 6 26 21 20 11 33 1 3 22
29: 27 32 25 38 2 4
30: 18 16 29 17 37 11 22 38
31: 26 36 7 37 25 29 1 16 27 20 28 5 6 4 35 18 2 39 15 24 14 17
32: 14 9 19 7 25 3 35 22 13 12
33: 6 18 9 35
34: 18 35 3 9 12 28 37 5 6 15 32 11 20 36 23 10 4 30 17 19 14 38 39 1 7 22 2 31 34 8 13 24 21 40 33 16 25 29 26
35: 7 27 16 3 22 18 20 8 10 13 23 30 6 19
36: 14 30 6 16 25 37 31 7 13 3 27 36 15 4 11 19 38 20 35 2 21 5 28 22 1 33 9 10 17 29 24 40 32 34 8 39 12 23 26 18
37: 1 11 18 24 10 30 15 29 13 39 20 35 37 26 17 2 21 7 28 38 23 40 27
38: 36 13 33 5
39: 37 5 9 14 3 1 18 12 40 34 28 31 6
40: 22 37 2 19 8 20 35 30 24 21 3 11 6 36 15
1: 37 28 (7 34 31 11 39 1) (26 14 4 10) (36 16)
2: 7 (21 1 6 27 40 2 15) 20 37 (17 34 22 24 13) (4 31 26) 29 36
3: (16 35) 7 (28 32 2 1) (40 14) (27 8 26 39) 3 (9 17 34) 6 (11 36 4)
4: (4 11 29) (13 1) (8 36) 7 34 22 27 (31 20)
5: 4 2 34 20 31 1 36 (8 39 21 15 28 26 38) (19 27)
6: 39 (28 4 26) (1 33 35) (31 17 20 34 7 8 16 36) 40
7: (23 37 26) (17 6) (27 31) 36 (34 4 1 32) (13 10) (2 8 3 20 35)
8: 36 (3 13) (19 1 14 34 27 5 40 35 6 16) (2 4 20 8 24)
9: 32 (36 33 2 4 10) 39 22 28 20 34 (13 8 11) 6
10: (11 36) 6 4 (13 27 34 8 20 37) (17 1 26 22) (2 15 21 35)
11: (22 17 40 28 27 34) (20 37 36 3 21) (11 4 15 30) 1
12: (17 13 36 34 22 6 4 3 26) (8 32 39) 21 (20 2 1)
13: (36 35 21 22) 8 (2 11) (34 4 38 6 32 15 20 3 37)
14: (36 16 34 2) 24 (15 13 7) (1 12) (20 9 5) (32 4 31) (8 39) 3
15: 21 (2 34 31) (37 20) (36 6 1) 3 (28 16) (10 17 8 13 5) 40
16: 1 (3 36) (11 16 22) (21 15 34 13) 35 30 (6 31 26 19) 8
17: (36 28) (20 2 15) 37 (5 31 11) 26 12 30 4 (1 8 17 34 23 6 27 19 24 3)
18: (34 36 10 27 26) (2 6) (13 33 30) 35 39 31 18 (8 5 37 15 20)
19: (20 3) (34 35 13 23 4 2 32) (11 22 16) (26 36 27 1 6 40)
20: 4 3 8 2 (9 20) (37 34 22 31 35 36) (27 11 28 40) (15 1 21)
21: (8 40 6 4 15) 11 (3 20) (28 34 13 19) 21 (1 7) (2 5 36 37)
22: (30 34) 35 28 (27 32) (15 20 8) 4 11 (23 17 40 22 36) (14 2)
23: 10 (8 6 17 13 36 37 11 15 23) 27 (34 35 4 22 2) 20
24: 6 25 17 (7 3 36) 1 (11 8 40) 21 31 (34 27 37 4) (15 20) 28
25: (8 29 27 32) (20 1 9 3) (7 12 36) 4 (34 25) 31 14 (26 13)
26: 2 7 (21 36 17 5 28) 15 (16 3 13 14 26) (8 31 37) 20 11 (9 27) 34 (4 24)
27: (2 28) (15 37 14) (36 31 10 13 8 26 4 6) (20 11) (29 1) 35
28: 20 (2 27 1 34 39) (36 10 3) (22 31) (21 11 15 4) 37 8
29: (30 6 22) 28 (31 4 34 8) 20 (15 36 13 1 37) 9 (2 17 11)
30: 1 (6 22 2) 27 (13 40 20) 15 (26 11 36) (37 34 35)
31: (4 11 34 27 20 36) 28 3 17 (6 21) (24 2) (12 5 10 39)
32: 2 (29 36) (27 20 26) (15 1) 11 (17 8) (4 6 3) 34 9
33: 4 22 (1 11) 27 8 5 (2 15 16 34 20 36 17) 28 (6 38)
34: (5 6 23) (11 1) 39 (10 13 3) (16 15 8 7) (34 36 12)
35: 20 (18 27 22 33 37 21 11 8 6) 32 (34 36 2) (4 40 31) (26 10)
36: 17 (2 31 34) (3 1) 7 13 (11 40) (38 5) (36 26) (23 21 18 4 8)
37: (4 40) (3 34 30) (39 8 1) (20 13) (31 37) 36
38: (36 4) 15 (30 27) (29 37 26 34) (22 3 2 23) 11 20 1 28 (13 8)
39: (11 20 23 26) (31 21 27 22) 2 36 (1 13 34 37 3 4) 8
40: 10 (8 37) (3 28) 9 39 (4 20 15) (7 27 34 6 21 2 1) 36
