40 40
1: 39 27 18 29 25 15 17 9 23 26 24 22 37 12 34 8 16 33 40 7 6 38 4 35
2: 4 3 36 38 28 40 19 25 24 20 32 11 9 35 27 12 33 29 10 23 6 26 7 15 1 17 22 5 34 13 37 8 18 30 14
3: 14 10
4: 1 5 34 21 33 7 10 40 19 18 39 13 23 37 30 36 22 29 16
5: 9 11 1 18 30 28
6: 17 8 27 9 1 28 40 37 25 39 2 12
7: 8 33 34 4 39 1 16 2 9 7 12 37 24 6 31 18 5 19 32 10 3 36 38 25 30 26 14 15 27 20 28 35 22
8: 9 18 15 21 33 39 34 5
9: 15 34
10: 31 5 7 10 26 24 21 36 9 18 13 34 33 20 32 28 29 15 27 40 23 35 11 1 6 16 17 22 38 12 30 8 37
11: 37 29 10 26
12: 38 29 33 40 24 6 4 9 35 3 23 26
13: 22 8 40 5 7 2 33 29 34 23 38 39 36 12 3 15 24 19 14 30 20 11 31 27 35 16 18 9 21 1 26 37 10 13 25 4 6 28 32
14: 34 18 39 33 30 12 22 11 5 10 14 23 3 27 26 7 15 8 24
15: 18 3 30 29 26 15 38
16: 21 16 12 25 4 26 31 17 8 15 6 24 9 33 1 29 34 23 36 5 3 37 14 18 2 27 20 28
17: 40 14 25 19 27 11 30 10 29 15 39 3 8 32 18 24 20 21 13 2 28 23 6 37 7 9 1
18: 32 5 38
19: 11 24 37 31 18 3 6 32 34 8 15 30 5 23 29 21 12 25 1 14 7 27 9
20: 32 36 17 21 12 14 16 10 13 1 8 22 3 4 38 40 28 11 30 31 2 9 18 34 7 5 26 20 27 6 15
21: 29 7 11 9 13 22 35 33 8 20 31 21 37 15 5 17 4 38 19 14 32 10 36 16 25 12 26 18 30 34 23 1 28 24 40 6 27 39 3
22: 11 2 26 9 25 3 27 36 29 1 16 34 38 37 19 6 32 28 13 31 21 35
23: 20 13 26 27 1 28 36 31 38 7 4 21 11 30 39 16 32 10 3
24: 8 34 33 11 15 30 38 26 28 4 39 2 32 3 1 36 20 18 10 27 5 7 19 29 14 22 31 40 6 24 12 16 13
25: 14 24 26 12 39 23 37 11 29 27 22 16 33 4 3 36 8 20 1 21 31 15 6 13 5
26: 12 4 2 3 6 29 8 21 27 36 15 9 16 40 32 1 13 33
27: 10 35 11 38 32 39 23 37 29 18 1 40 28 34 6 31 26 7 22 36 19 14 12 3 4 24
28: 5 31 35
29: 39 14 36 13 26 9 38 31 23 5 28 6 35 21 34 19 2 4 11 18 25 1 16 30 27 10 17 29 20 3 32 40 7 8 15 22 24 12
30: 5 22 8 26 34 14 23 38 36 16 7 10 39 17 21 4 1
31: 30 37 40 11 31
32: 24 30 19 2 28 16 8 36 40
33: 13 16 37 11 31 15 25 5 26 9 23 18 19 1 27 8 29 12 40 21
34: 10 7 29 6 19 28 37 22 27 1 11 39 17 15 12 14 16 35 23 32 2 24 21 18 30 5 36 38 8
35: 15 20 3 29 23 37 11 5 2 19
36: 28 15 2 35 39 23 14 21 20 1 13 33 18 30 24 26 3 11 38 25 22 40 34 37
37: 38 13 1 6 14 3 16 39 26 31
38: 14 28 3 30 31 26 34 40 12 39 21 20 11 22 5 16 24 17 13 10 1 25 35 29 33 9 37 32 19 6
39: 9 3 18 24 39 7 28 33 2 19 8 17 37 35 26 5 1 10 30 6
40: 3 23 2 6 8 18 29 39 19 33 13 1 31 32 5 27 20 17 12 26 38 40 11 24 35 4 10 37 16 21 34 15 14
1: (27 23) (4 20) 16 40 (30 33) (17 25 21) 22 (34 24 10) (2 38) (7 39) (37 6 19) (29 36) (5 26) 13
2: (39 35) (24 40 6 16) 26 20 (13 29) 17 7 22 (32 34) 36
3: 37 (7 16 12) (22 36 39 40) (17 15 27) (13 23) 29 (26 19) (38 35) 2 (14 24 20) 25 21
4: (30 20) (27 29) 40 (12 7 2 1) (16 21 23) (13 24 26 25)
5: (16 30 28) (21 24) 34 19 (7 8) (20 33 10) 40 (18 39 4) (25 2) 14 (35 13 38 29)
6: (19 38) (29 2) (39 37 27) 12 (26 13) (21 22 10 24 7) (1 34) (25 16 17 40) 20
7: (4 2 13 27) (20 24 19 1 10) 21 (29 7 30 14 17) (34 39) 23
8: 19 39 (2 26 32 24 34 40) 6 7 1 17 (13 10 20) 16 (14 33) 30 (25 29) 21
9: (13 5) (38 2) (33 19 17 29 26 1 12) (10 22) 21 (6 16 20) (8 39 7)
10: (30 21) (10 39) (23 34) (24 40 17 7 29 38 11) (4 20) (3 27) (14 2 13)
11: 2 (17 36 19 35 25) 33 (27 40) 34 (5 29 10) (21 20) (38 22) (24 23) 14 31 13
12: (6 16 34) (40 1 24 21) (20 33) (26 10) 7 27 13 25 (19 29 14 38) 2
13: (23 20) 21 37 (38 2) 17 (25 36) 13 24 (22 29 10 33) (40 26 4)
14: (17 21 14 19 3) 2 24 7 38 (30 20 34) (36 37 13 16) 25 (29 40) 27
15: (2 7) (26 10 33 24 15 29 16 14 9 25 35) 20 40 (1 17) (13 8) 36 34 (19 21)
16: 40 (21 29 16) (20 13 23 24) 32 25 10 (26 22) (37 1 34 4) (33 30) (38 7)
17: (6 40 16 29) 39 (21 30) 34 20 2 38 (1 10)
18: (39 17) 29 14 (4 2 24 34) 33 (13 10) (20 16) 5 21 27 7 40 (19 1) 8 (15 36)
19: (2 40 34) 29 (38 24) (39 33 27 32 21 22) 7 13 (35 4 17)
20: (21 36 10 40 7) (24 20) (13 17 23 2 16) (29 35) (25 38)
21: (26 13) (40 4) (20 21 17) (19 23 8 36 16) (33 10 22) 34 25 29 (38 30)
22: 34 13 25 20 (7 2) 27 38 (10 14) 1 (29 36 30 21 24) 4
23: (33 1) 34 (19 13) (2 17) (4 21) (29 35 27 25 36 14 10 12) 40 (16 30)
24: 32 39 34 (38 17 1 36 29 12 40) (19 24 7) 16 (2 21 27) (10 14) 25 13
25: 21 1 (19 16) (2 29) 6 36 (22 7) 33 (38 17 13)
26: 12 (15 16 25 2) (23 20) (38 39 27 10 33) (11 40 14) 21 29 (22 1 24) (30 36 13 37 7)
27: (22 14 6 20 16 19) (26 40 34) (10 17 7 23 24 21 1 25) 2 (13 29 33)
28: (38 7 20 6) 13 (16 10) (17 5 22 21) 2 23 27 34 (24 32) 29 (36 39)
29: (33 16) (19 29 35) (12 2) (21 17 22 40 24 34 27 26 4) (11 1 25) (10 15 38 13)
30: (13 7 38 29 15) 36 (20 23) (24 39) 19 32 (5 17 31) 34 14 (21 2 10 4)
31: 21 (29 38 16 40 27) (28 31 20) 19 (22 10 25 13 37) (23 24 7) 33
32: (26 23) 22 10 (2 18 19 29 27 20 40) (7 17 38 21 24) 13 34
33: (39 13 26) (1 24) 36 14 (4 2 40 38 8 21) 12 (10 16) (7 25)
34: (9 13 40 10) 21 (30 22 16 1) 8 20 (36 24 2 4) (19 14) (38 27 29) 7
35: (36 22 1) 13 (29 2 10 21 28 40) 27 (12 7 39) (34 38)
36: 2 7 24 (27 22 29) 16 (20 13 10) (32 26) 34 23 (30 4 21) 25
37: 4 (11 2 6 25 1 7 38 39 33) (36 31 19 16) (27 21) 17 (34 10) 35 (22 13 40)
38: (34 20) 27 (2 24) 12 (10 13 29 18 36 21) (1 7 37) 15 (40 30 23 22)
39: (8 1) 36 (34 21) (14 40 39) 7 (24 37) (17 29 30) (27 38 4) (6 25 13 23)
40: 27 (40 4) (29 1) (10 20) (17 2) 13 (36 26) 33 (32 24) 38 (31 12 6 21)
