40 40
1: 4 18 26 40 10 19 8 30 28 29 27 20 6 9 21 5
2: 5 37 26 33 34 36 23 11 19 15 18 2 32 8 39 9 24 13 12 20 25 28 30 31 7 14 10 29 4 6 16 35 38 3 22 17 21
3: 21 12 7 38 24 23 29 14 32 1 35 27 34 11 22
4: 3 4 31 23 22 10 20 17 26 14 8 37 29 18 16
5: 4 12 14 7 37 29 32 35 36
6: 4 22 23 39 6 35 1 11 14 18 26 13
7: 6 34 35 28 20 3 25
8: 35 16 20 13 6 24
9: 10 35 15 1 5 14 24 40 36 39 25 22 34 4 9 17 38 12 8 20 26 16 21 33 7 32
10: 39 30 8 26 18 20 28 5 14 25 37 36 16 15
11: 25 12 38 30 5 24 27 35 39 18 16 20 3 40 1 19 8 31 36 34 14 32 9 23 2 6 29 4 13 22 26 37 15 17 7 11
12: 12 35 22 23 24 36 15 21 38 10 2 11 8 27 39 32 33 17 16 34 30 1 31 25 26 7 37 5 20 18 4 29 3 40
13: 35 3 28 13 15 21
14: 38 37 16 7 19 35 6 28 24 29 8 12
15: 38 2 9 10 3 30
16: 9 19 14 29 7 27 20 25 4 37 13 1 24 16 21 36 35 12 8 3 6 39 15 33 31 22 23 26 2 17 28 32 10 18 40 11 5 34 38
17: 15 2 5 39 4 24 11 21 18 26 16 36 9 20 34 30 10 31 14 35 23 19 22 40 32 29 33 13 6 12 7
18: 15 39 22 29 31 26
19: 16 27 34 4 23 38 6 2 32 24 9 18 1 33 7 35 40 29 19 21 36 22 25 26 17 8 3 39 31 10 14 5 12
20: 28 29 1 19
21: 4 8
22: 15 18 5 21 29 34 39 31 17 13 23 14 22 8 35 32 37 26 33 12 1 3 11 25 19 4 7 20 28 10 40 9 24 38 30 16
23: 36 4 38 25 1 8 7 27 16 6 40 22 19 14 34 13 10 32 21 33 9 3 28 23 26 31 37
24: 1 18 11 19 2 31 38 5 13 32 15 16 36 22 24
25: 10 16 26 38 39 28 29 4 30 32 11 20 34 2
26: 4 25 27 13 2 21 19 15 8 12 36 30 7 20 10 9 16 38 11 22 29 35 5 3 18 26 34 28 40 1 6 23 17 14
27: 32 19 10 34 11 37 7 35 1 14 29 27 33 25 16 17 5 8 31 38 22 3 15 26 12 30 28 20 2 21 40 6 4 9 39
28: 19 15 40 8 4 12 31 29 16 34 38 3 20 13 32 39 22 1 9 21
29: 40 29 4 38 8 26 25 32 21 19 10 17 13 30 23 3 37 2 6 16 39 35 34 5 12 14 36 20 31 27 9 28
30: 27 5 9 35 3 26 24 40 39 11 22 8 25 29
31: 2 35 6 18 4 12 34 24 21 23 32 39 10 19 33 11 28 15 9 40 5 20 25 8 26 38 13 27 29 7 14 1 36
32: 17 9 21 8 23 38 22 36 32 31 16 5 10 18 33 6 19 34 24
33: 35 22 15 27 13 17
34: 12 9 10 4 36 38 15 33 40 30 5 3 14
35: 31 10 35 29 37 17 4 12 16 15 18 13
36: 30 21 6 14 1 27
37: 13 34 22 6 26 32 15 30 1 9 27 20 2 37
38: 8 25 24 4 38 1 37 19 3 10 12 22 40 16 14 18 36 7 2 30 33 9 35 32 15 23 5 28 29 39 34 27 13 17 21 11 20 6 26
39: 30 11 39 37 21 34 18 26 27 12 28 24 29 9 17 14 4 35 31 20 38 19 7 32 13 36 5 40 8 33 6 10 25 22 16 23 3
40: 29 37 39 32 10 23 26 19 33 30 7 15 20 17 14 5 25 12 16 22 4 27 31 21 34 13 36 18 38 28 2 9 40 35
1: 28 23 27 11 (26 36) 12 (37 9 6 20) (3 19) 31 (22 24 38) 16
2: (27 11 12) (25 26 17 40 24) 15 29 (38 16 31 37) 2 19
3: (26 7 29 28 38 34 22 11) (39 13) (23 27) 12 (16 15 4) (2 19 30)
4: (2 35 19 17 31 25) (21 26 11 40 29 39) (22 6) (38 28 23 5 9) (4 12 34 27 1) 16
5: 9 22 1 40 34 (27 12 2) 16 26 (19 39) (38 11 32 31 30 17) (29 10 24)
6: (29 32 39) (11 2) (26 17 37 14 23 38) (31 6 19 36 7 8) (27 1 16)
7: (11 39) (40 31) 2 (22 19 23) (5 9 26 3 16 27 14 12) (38 17)
8: 10 (1 30 14 31 22 32 19) (23 27 28 26 16) (9 38 21 11) 39 4 2 (12 29)
9: (23 38 32) (29 9 16) 2 (31 22 1 11 28) 27 (39 34) (37 30) (15 19 17 40) 26
10: 40 9 (25 31 26 16) (23 39 1) 27 (19 32 4) 35 (29 12 15 2) (17 34) (22 38)
11: 16 (24 3 6 12) (30 11 26) (31 25 22 2) 17 (38 39) 27
12: 40 (39 28 34) 11 12 (26 5) (35 2 27 16 9) (19 14 31) (38 29) 17 22 3
13: (37 35 6) (29 24 17 13) (16 33 8 11 26) (2 22 23) (28 39 38) (31 40)
14: (40 6) 4 (34 23) (17 19) (9 31) (26 5 3) (11 36) (38 16 22) 10 (29 27) 39 2
15: (35 33 22) 9 (12 18 38 37 11 17) 2 (31 16) 34 (40 26) 27 10 24 (28 13)
16: (35 32) (8 22 2) (19 40) 24 (9 38 14 23 4 25) (26 12) 17 (27 11 28 29 10 39 16)
17: 11 26 (33 19) 38 (4 29) 40 2 16 22 (9 12 39 27 35) 32
18: (16 31) 32 2 11 1 26 (19 4 6) (24 17) (38 39 12 40 35) 22 10
19: (19 14) (38 29) (26 23 17 32 31 24 20) 28 40 (1 11) (16 27) (2 39 22)
20: (17 29 22 12 40 27) 4 7 (10 8) (28 26 37 11) (1 9) (38 31 16 39) (25 2)
21: (23 12 1) (38 29) 27 (36 22) (39 19) (26 31 17 32) (2 16 3) 13 (9 40) 28
22: 23 (2 32 12 38 37) (11 18 24) (16 26 33 28 4 17 22 6 27) (19 3) (30 9 39) 40
23: 22 (19 2) (11 3) 17 (38 39 4 23 40 6 31) (12 32) 16 (29 26)
24: 22 (32 8 2) 17 (16 11 14 9 30 39 38 31) (3 24 12) 19
25: 23 (10 29 7) 11 27 40 (38 30 9) 19 (12 22 26) (16 2) 31 39
26: (23 9) (17 18) (10 30) (19 6) 25 (27 29 11) (26 12 1) 2 (39 4 37 31 16 38) 22 40
27: 1 (33 16 29 3) (36 11 37 40 38 30 27) (12 19 23 26 39 31)
28: (13 10 1 16 38) (40 25 14 22) (39 2 23) (20 31 27 7) (29 26)
29: 3 1 (16 19 28 38) (12 4 2) 30 (40 18 29 31 22 26 25 39 27 5 35) 20 17 (14 11)
30: (38 37 17) 1 (2 40 27 34 10) (15 39) (36 29 11 25) (26 22 12)
31: (32 27 28 35) 23 (39 22 24 2 12 4) (18 11 40 16 19) 17 29
32: 17 29 32 (40 5) (31 22 24) (27 19 11) (3 16 9 38) 2 23 (37 25 28 39 12)
33: 9 (38 32) (39 19 22 2) (27 40) (16 17 34) 23 (12 31)
34: (26 28 27 38) 37 (16 11 23 3 29 22 2 17 7) 31 (25 9 32) (39 12) (19 40)
35: (14 5 17) (3 29 13) 8 (12 38) (9 26) (33 11 40 35 30 39) (27 7) (6 22 31 2 19) 16
36: (32 12) 34 (29 17) (31 23 5 40) 24 (19 9 2) 10 (11 16 26 38 39)
37: (2 11) (5 12) (27 14) 40 (10 16 38 4) 23 (22 29 35) (39 37)
38: (40 3 23) (32 29) (28 34) (9 22 31 19 15 16 38 39) (2 27) 14 26 (12 25 24 11)
39: 28 (18 9) (27 6 17 22 11 2 16 25 30 19) 12 (38 29 39) 10 (31 40)
40: 23 (30 27 29 1 19) (34 9) (26 38 31) (12 16) (40 39) 22 (11 28 17)
