40 40
1: 28 25 16 22 6 36 13 33 9 32 35 7 3 38 17 29 14 23 30 11 10 26 5 12 34 18 27 21 19 37 1 8 20
2: 8 9 37 33 13 31 40
3: 30
4: 28 2 12 30 19 11 27 8 15 31 5 36 33 4 24 3 13 25 16 7 34 40 39 38 6
5: 14 8 2 7 6 36 9 15 33 32 24 31 25 38 21 26 16 40 11 29 27 37 30
6: 39 37 22 25 38 27 32 35 15 3 8 23 20
7: 8 10 7 23 39 33 1 28 24 12 5 38 19 31 32 20 3 9 16 15 25 14 40 36 13 2 6 27 37
8: 18 20 21 24 15 17 27 34 23 12 28 39 36 26 13 1 19 32 7 3 40 4 6 30 35 2 38 31 8 16 9 33 5 37 22 10 11 29 14 25
9: 2 1 38 34 27 39 8 6 18 23 21 11 32 19 25 29 22 5 12 17 9 13 4 3 15 7 40 36 14 24 31 26 28 35 37 33 30 20 16
10: 40
11: 26 14 40 34 31 39 30 28 23 24 9 25 35 13 27 1 38 20 4 10 33 5 21 19 12 2 8 32 3 22 16 7 6 11 36 15 29 37 17 18
12: 16 6
13: 20 27 11 29 21 15 17 28 36 31 25 14 26 30 9 18 8 13 33 35 23 37 32 39 1 34 19 4 38
14: 1 37 32 33 7 40 24 21 2 25 10 14 39 35 4 22 19 6 17 29
15: 25 38 15 35 4 18 6 3 37 17 39 7 33 8 34 12 13 22 19 11
16: 7 10 27 6 34 8 1 13 19 14 20 5 17 12 4 32 15 18 35 9 26 29 23 33 21 28 3
17: 16 23 5 21 7 31 38 25 30 10 13 27 39 4 28 15 8 18 19 35 1 22 9 34 2 12 14 32 24 11 40 26 33 17 29 6 36 3
18: 22 20 10 26 37 13 4 18 38 6 2 36 9 27 11 34 19 8 35 7 15 25 1 17 40 16 28
19: 26 7 1 21 33 9 4 39 8 24 38 31 5 20
20: 18 11 39 30 21 19 4 12 17 16 24 27 20 15 2 7 6 26 8 3
21: 12 30
22: 38 1 14 11 28 20 35 16 31 34 15 24 37 17 6 27 10 22 2 9 5 26 8 32 3
23: 24 11 17 14 36 29 33 8 13 2 20 27 10 6 30 34 21 7 19 12 32 28 9 23 35 38 16 37 25
24: 6 39 38 10 37 19 24 2 13 26 36 20 17 23 30 1 35 9 22 32 29 31
25: 22 25 3 27 5 6 1 28 31 18 11 14 26 15 34 17 37 8 29 36 20 19 33 32 16 7 35 10 38 21 9 23 30
26: 29 30 21 17 10 19
27: 16 22 15 5 33 3 7 12 28 37 32 25 14 21 40 17 19 27 4 26 6 39 29 18 9 13 38 24 2 31 30 23 11 34
28: 8 40 34 22 36 7 23 24 16 28 21 11 31 18 15 25 32 30
29: 16 25 26 28 15 12 34 37 11 7 14 39 36 2 4 31 32 29 33 22 40 5 6 38 23 19 10
30: 6 1 37 30 29 27 19 39 25 16 3 20 14 26 38 8 28 33 10 22 13 4 32 21 40 31 24 9 34 23 15 17 35 36 18 7
31: 34 10 18 28 5 14 3 22 38 12 11 32 40 23 24 4 16 2 20 35 31 26 9 15
32: 30 4 26 6 10 18 39 29 23 21 12 37 25 19 15 16 3 33 14 7 22 28 8 24 9 36 11 35
33: 12 20 19 1 5 31 10 17 34 30 9 16 37 28 25 27 15 14 24 29 39 2 7 3 6 4 38 26 36 35 22 33
34: 31 14 32 29 33 21
35: 32 15 5 18 22 34 3 20 31 17 36 1 6 24 39 12 33 28 25 7 29 35 38 9 4 26 8 11 10 30 37
36: 23 30 38 29 3 20 13 27 40 34
37: 17 40 20 25 35 12 15 14 5 33 21 30 27 3 2 10 23 6 39 37 38 24 1 18 31 7 36 13 28 9 16 19 4 32
38: 7 6 11 26 22 34 3 39 20 31 9 23 2 24 15 16 4
39: 36 17 30 38 25 37 34 23 18 21 2 40 33 8 9 14 27 32 11 22 39 7 12 13 4 16 6 28
40: 10 27 18 12 36 6 34 11 4 33 9 25 1 24 31 39 16 22 15 19 29 26 32 21 40 8 13 17 23 38 28 35 5 3 7 14 2
1: 40 (33 14 8 16 18) (1 11) (35 7 37 25 19 22) (30 17 9 13 24)
2: 17 (33 23 7 39) 11 (24 37 8 40 9 22 27) (31 14 29 20) 18 38 4 5
3: 27 (15 16 40 36 35 30) 31 38 (33 6 20 4) 17 9 (11 1) 32 (8 25 22) (7 37)
4: 14 (9 18 39) 19 29 (17 27 15 38) (20 4) 11 (35 13 8) (37 30) (32 33 16) (40 31)
5: (31 27 16) (19 11 4 17) 1 (33 7 22) (29 40 35 8) 37 (25 9)
6: (12 22 14 16 17 8 33 37) (20 7 30 11 35) 32 39 (18 1 9 23) 5 29 (27 4) (40 25 15 24) 38
7: 25 35 (20 8) (7 32 5) 27 23 38 (16 4 18) 14 (28 39 17) (29 1) (15 30 33 11) (37 40 19) 9
8: 13 23 28 19 5 (1 7 16 6) (25 15) (2 39 18 11 32 4 8 35) 40 (9 22) 17 (30 20)
9: 19 (39 17 22 33) (27 24 38 1) (18 32 8 5) 31 (30 16 11) (40 25 35 9) 7 2 (37 13) 23
10: 23 37 22 (18 35) 1 (29 40) (31 16) 7 8 25 33 (11 14 24 26 30 32) 17
11: (13 5) (27 25) (11 8 32) 40 (31 28 39 9 18 20 35 38) 29 (4 23) (17 15 1) 22
12: (31 11 15 40 32 23 1) (8 9 37) (7 4 35 33 39 29 17 20) (27 16) 21
13: 8 (23 40) (30 4 37 36 11) (7 24 18) (16 1) (39 27 17 13) (2 9) 15
14: (7 30 13) 5 (17 11 34 32) 22 (25 33) 8 (16 27 40 39) (31 37 9 14) 1 29 23
15: (31 25 15 38) (33 18) 28 (27 30) (35 7 5 13 37 16) (22 11) (20 8 9) (17 6 32 29) (4 40)
16: 12 23 (11 4 8) (29 1 9 30 39 5 25 20) 32 (31 38 33 7) 17 27 (40 37 28) (18 22)
17: 13 (20 18) 15 (40 25 17) 16 (1 33) 22 37 39 14 (27 30 8 9 24) (26 23 35 11)
18: 8 (11 30) (32 35 28 9 16 31) (18 1 27 25) 37 (40 15 39 20) 17 13
19: (16 32 15) 30 (14 25 4) 37 (29 33 17 1 24 26 27 18 13 7) 8 11 23 20 9 40
20: (11 31 36 35) (37 8 1 20) (22 13 6 16 9) (7 23) (30 18 33) (25 24) (19 38)
21: 1 40 5 (13 37) (16 26 28) (39 34 32 8 14 17 19) (25 11 20) 9 (27 30 23)
22: 28 8 38 (39 33) 17 32 (31 6) 40 (27 30 9 22 11) (18 1) (35 14 24) 29 15 25
23: (17 8 40 16) 25 (24 36 32) 31 (11 23 7) (30 39 38) (37 27 28 6 1 13 9 29)
24: (22 32) (7 17 24) 23 19 11 20 (9 35 31 40 5) (8 4) (38 37 27 33 28 14 30)
25: (17 33) (35 11 15) (18 6) 4 (40 13 30) (9 37 28) (27 14) (7 5) 32 (1 29) 39 (8 25 23)
26: (27 9 22 29 8 35) (25 17 30 19 40 24 5 1 20) (18 31 13 38 33 16) (32 11)
27: 37 39 (8 27 16 4 20 9 5) (30 40) (33 23) 6 (18 36) (1 22 17 25) (13 11) 7
28: (28 29 25 17 1) 37 (30 8) (11 32 4) 39 (35 23 27 22) (7 31) (13 16) 9 (18 33 40)
29: (14 25 33 24) (9 8 13 40 35 36) (32 26 29 5 30) 16 (17 11) 34 (23 27) 1
30: 28 (24 17) 26 32 (33 9 25 3) (23 27 35) (37 20 11 21) (4 39 13 1 5) (8 30) 36
31: (4 7 22 38 19) 27 (29 31 2 35) 5 (40 8 28 33) (11 34) (25 9 24 17) (30 13) 37
32: (31 35) (40 5 13 8) (29 28 7 16 37) (11 24) (14 30 25) (39 22) (34 9) (27 23) (17 6) 1
33: 30 (14 32) 33 (9 16) (29 34 17) 19 (15 5) (37 40 13) 23 (8 27 4 7 35 39) 1 (25 11) 2
34: (9 27 29) 31 (30 4) 18 (1 38 39 16 35) (40 11 15) (17 36) (25 33 8) (28 23 13 22)
35: 14 (8 35) 17 (18 9 30 32 33 25 1) (6 31 15 16 11 23) (22 24) (40 37 13)
36: 39 (40 11) 9 (24 25 29 7) (17 5 37 8 13 28) (18 33 32) 4 23 (1 30 35)
37: (24 39) (15 7 1 27 14) (6 8 32) (33 13 25 37 11) (30 35) (22 29) (9 2 5) 23 18
38: (13 23) (11 15) (19 25 8 29 18 30 39) (22 17 36) 5 (37 4 1 6) 24 (40 7 33) (31 35 27) 9
39: (20 33 27 11 15 30) 9 32 13 8 14 (39 17) (7 29 4) (38 19) 35 24 40 37 6
40: 11 39 37 (30 17) 8 (31 28) 18 2 (4 10 36 7 40 29) (27 9) 5 14
