40 40
1: 13 27
2: 9 24 12 1 35 10 7 22 40
3: 39 30 37 1 14 4 19 13 9
4: 37 25 4 8 14 17 29 40 38 1 3 2 18 13 31 35 11 6
5: 28 16 12 3 35 33 18 5 29 32 38 40 2 20 14 34 10 30 17 27 4 19 8 1 7 36 22 23 26 9 6 24 37 15 11
6: 3 33 23 16 29 15 8 32 40 37 20 22 7 1 36 4 18 9 21 14 39 10 12 6
7: 8 23 18 16 31 12 30 34 28 7 37 35 14 17 38 32 6 40 39 2
8: 27
9: 14 24 22 3 13 2 8 25 1 37 20 29 17 26 19 27 34 32 11 23 6 35 30 12 5 10 33 16 38 4 7 28 31
10: 39 27 18 17 38 1 13 33 16 32 3 23 4 2 37 12 30 25 6 26 29
11: 11 12 25 26 19 20 7 39 21 10 36 16 29 37 24 8 4 14 3 1 23 15 6 13 27 32 34 31 17 40 18 5 38 28 30 22 2
12: 32 2 9 6 29 12 26 19 33 24 23 37 3 11 40 8 15 16 34 22 10 21 28 27 25 1 13 38 14 36 4 7 5 39 18 30 17 31
13: 18 12 38 36 5 23 10 32 35 26 37 13
14: 21 23 19 6 7 33 31 22 29 36 9 8 10 24 17 40 11 26 1 39 27 34 35 2 38 25 5 20 12 16 3
15: 26 1 36 28 8 20 27 19 32 18 3 33 16 17 40 10 21 38 14 9 37 23 7 13 29 24 31 5 22 6 25 30 12 2 4 39 15 35
16: 36 28 17 11 4 34 13 6 16 8 33 31 26 18 3 38 12 20 15 22 14 39 37 9 23 2
17: 32 18 5 27 6 29 35 15 10 31 12 19 3 14 20 30 26 17 11 13 1
18: 2 4 30 29 23 27 25 22 24 38 13 15
19: 26 24 37 15 14 11 8 4 34 10 33 21 32 6 30 16 2 9 25 38 5 3 31 22 13 23 7 18 40 29
20: 11 7 29 31 24 22 20 37 34
21: 10 39 8 16 11 22 1 28 6 36
22: 7 13 38
23: 5 17 24 11 26 28 13 19 12 33 27 32 36
24: 7 8 5 23 38 11 21 20 29 1 2 28 36 22
25: 6 28 30 33 29 10 11 26 13 32 18
26: 14 39 1 25 20 24 30 7 11 29 31 9 17 36 21 10 4 35 3 32 23 22
27: 6 18 13 34 20 16 22 25 7 2 11 19 36 26 17 33 35 1
28: 17 32 10
29: 7 35 1 32 40 31 14 37
30: 31 39 29 3 17 12 9 20 24 15 33 26
31: 33 20 37 27 15 3 21 8 14 13 7 6 26 39 25 32 16 22 36 31 1 11 23 38 17 24 5 10 9 18 35 30 4 28 12 19 29 2 40
32: 18 32 11 30 21 17 37 6 15 5 29 24 34 40 31 33 25 16 3 38 10 7 12 13 23 20 26 8 19 35 22 4 28 14 9 39 27 2
33: 25 29 28 14 1 16 6 13 10 38 9 4 31 40 34 36 20 15 30 11 24 26 33 5 37 22 27 18 12 8 35 21 7 23 19
34: 9 30 31 17 20 5 39 23 16 24 33 1 12 36 40 22 27 4 34 11
35: 1 6 12 15 14
36: 2 11 40
37: 7 10 18 6 4 26 8 1 25 20 3 37 16 36 17 19 13 24 27 23 40 38 9 32 5 31 12 30 14 33 29 35
38: 18 22 38 10 29 35 23 25 9 2
39: 24 7 26 22 16 30 5 29 11 37 1 36 23
40: 5 12 27 37 6 25 10 22 19 18 39 28 2 23 35 1 4 32 31 11 7 36 29 9 38 16 3 13 26 40 14 21 30 20 8 15 24
1: (21 14) 29 (10 5) 35 (9 11 34) 39 (17 33) (24 15) 27 (40 37) (6 4 3) (31 12) 2 26
2: (12 11) 14 (10 24) 38 (9 18 5 19 32 27) (31 7 15) (4 40) (16 36)
3: (31 14 4) (17 11 19) (15 12 40 37) (9 26) (30 10) (6 5) (32 16)
4: (34 6 31) (33 18) (19 15) (26 40) 9 (5 32) 16 (3 12 4) 10 11 37
5: (33 32 12 39 15 19) (40 31 37 17 34) 23 (11 9 14 5) (13 24)
6: (14 6) 32 (21 27 15) (35 33 40) 25 9 5 11 12 (31 10 37 19 4) 7 (17 16)
7: (24 27) (31 22 32) (29 37 15 40) 33 (2 11 5 6 12 7 20 39 14 9) 26 19
8: 31 37 40 (14 33 7) 15 (4 24 21) (5 16 11) (9 32 12 6) 19
9: 34 5 19 (38 16 26) 3 (14 12) (31 6) 40 (15 32 37 33) 2 30
10: (38 40 14 2 13) 37 11 33 19 32 (9 15 6) (31 5 17 26) (21 25 12) 28
11: (16 21) 36 (14 19 32 27) 31 23 39 12 (34 5 40 11 17 9 33) 24 26 4 (25 20)
12: (30 11) (35 40) (23 16 6 15 7 9 33 12) 31 32 13 (10 34 17) (14 2) (5 37)
13: (15 18 16 12 40 37 1 17 32 11 23 10 33 22 31 3 25) 13 27 (9 4) 19
14: (33 12) 19 (26 40 17 4) 37 7 (3 29) (11 35 5 31 6 15) 16 (9 32)
15: 5 32 (11 12 19) 15 (30 33) 35 (31 16 6 17 18) 40
16: 27 31 5 (15 34 6 14 21) 33 (10 11) (12 39) (40 16 7) (9 32) (37 19)
17: (31 27 12 34) 11 (4 14 10 23) (26 37 30 9) (15 16 7 5 32 28 17)
18: 38 13 19 (10 5 31 16) (7 40 11) (15 27 12 32) 25 (37 17 4 6) 33
19: 11 (23 17) (14 15) (12 9 37 5) 3 31 (27 32 33 40)
20: 17 6 (16 20 33 9 30 14 5 15 32) (31 24 37 26) (34 11 27 40)
21: 31 40 (6 26 32) (15 11) 12 (14 33 19 24)
22: (6 33 12 2 20) (19 9) 40 5 21 34 (15 27 32 26) (38 14) (11 24 39) (18 31 16)
23: (9 26 15) 5 (6 19 37 11 12 14) (39 18 24 10) (38 16 40 34 7) (13 32 33) 31
24: (39 23) 5 (19 2 37 30 31 33 18) 26 32 (15 40) (12 9 34 20 11) 14
25: (33 38) (4 12 31 19 18 37) (9 40) (11 15) (32 14 10) (27 26)
26: (14 13) (9 31 33 32) (10 5 39 23) 15 12 (19 27 37) (25 17) 30 (11 40 16)
27: 10 (15 8) 23 (17 32 5) 34 (9 14 11) (40 18 37 31) (12 33) 1
28: (40 33) (23 25 16) 31 (32 12) (7 21) (9 15 11) (5 24)
29: (31 26) (24 18) (12 17 33 6 9) 20 30 37 40 (19 14) (5 25) 10 (38 39 11 15 32 4)
30: (33 3 25 10 9 15) 37 (7 11) 26 (18 19) (39 17) 32 (5 12 40 31 34)
31: (37 4 12 11 9) 40 33 (29 20) 34 (32 19 17) (7 30) (26 16 14 15 31)
32: 25 (40 12 32) 29 (15 37) 11 17 7 13 (9 19) 26 6 (23 10) (28 5 31)
33: 15 14 10 (9 16 5 37) (25 19) (31 6 23) (27 12 30 32 34 33)
34: (33 20) (5 14 9 16 7) 19 32 27 (11 12) 34
35: 27 (32 13) (31 7) (4 17) (9 33 37 38 15 40) 26 14 2 29 5
36: (21 26 40) (27 5) 39 (34 24) 14 (33 13 6) 16 (23 12 11 31 15 37)
37: (11 13 40) (37 3 5) 7 6 (12 39 33 9 4) (10 20 19 32 29 31 15 16)
38: 15 40 32 4 (38 19 18) 31 (37 5 24 13 22 12) (11 16 10) (14 9 33) 7
39: 7 (26 3 11 10 30 40 12) (31 14 34) (6 21 15 32 16)
40: (4 12) (37 36) 11 (5 15) (2 14 6 19) (33 34) 31 29 (7 32 40)
