40 40
1: 27 5 3 18 14
2: 38 30 18 25 35
3: 36 14 4 3 40 34 24 10 37 23 7 6 8 26 19 18 38 39 27 13 12 16 5 11 21 1 29 35 25 20 2 17 31 32 33 15
4: 3 20 27
5: 13 40 8 15 33 11 27
6: 13 18 8 37 38 35 10 16 19 33 20 34 36 27 3 31 21 40 24 15 39 28 4 5 11 1 9 32
7: 5 4 28
8: 38 11 34 20 36 22 5 39 25 7 8 10 3 13 26 14 30 37 4 24
9: 38 34 19 5 14 33 18 8 27 20 22 12 37 15 25 10 21 4 3 24 31
10: 31 37 9 22 1 7 28 35 25 14 19 15 13 21 24 32 40 3 20 34 17 11 4 12 36 26
11: 12 18 10 15 34 24 23 35 20 37 36 40 13 14 30 17 32 2 11
12: 36 39 33 16
13: 18 19 11 26 31 28 29 1 17 25 34 23 22 8 12 15 4 13 35 37 38 16 39 33 6 2
14: 20 21 28 14 39 3 35 31 18 12 34 7 40 17 29 25
15: 36 11 34 1 35 10 40 8 9 23 25 18 27 31 22 21 32 29 38 33 3 30 5 37 15 7 2 12 16 26 20 19 14 4 6 39 24
16: 6 7 11 20 38 40 12 34 27 10 16 28 37 9 2 39 29 26 31 17 5 36
17: 26 31 29 12 2 9 37 17 32 5 30 3 8 6 7 13 11 20 18 14
18: 39 3 30 9 26 18 2 36 34 24 19 23 31 37 40 22 1 29 25 38 35 11
19: 6 39 2 26 31 15 8 25 4 9 10 32 34 21 29 20 13 30 22 33 17 19 12 23 7 27 37 38
20: 32 7 13 29 9 21 40 35 1 19 14 18 20 3 31 28 23 26 5 38 27 34 6 10
21: 31 16 32
22: 35 20 5 32 25 29 33 40 13 22 7 24 6 23 28 11 14 27 17 1 37 10 2 4 3 30 16 9 26 18 38 12 34 8 31 21
23: 20 8 22 28 35 7 36 3 33 10 2 23 31 21 9 19 12 5 15 16 13 11 37 6
24: 31 27 18 22 13 3 16 39 6 25 8 33 34 26 17 37 40 2 10 19 7 30 11 21 28 36 9
25: 8 21 36 38 22 34 40
26: 3 39 10 21 13 27 1 2
27: 6 14 19 34 2 32 33 38 27 12 29 11 39 20 3 18 25 17 28 16 24 37
28: 32 9 8 20 15 29 30 12 21 2 6 10 5 38 1 37 11 36 34 28 4 35 3 25 7 17 22 23 26
29: 34 19 18 17 32 21 20 30 15 37 6 31 5 29 7 1
30: 8 2 21 5 9 30
31: 8 25 18 30 4 13 31 21 20 15 7 26 29
32: 8 23 20 9 2 12 21 19 1 33 13 10 39
33: 10 18 12 13 28 22 29 39 30 11 34 3 25 9 14 35 26 5 2 21 31 1 4 15 6 17 33 27 8 37 16 7 23 24 19
34: 17 24 32 19 40 20 22 14 6 1 25 9 31 21 4
35: 30 8 31 4 20 15 27 11
36: 3 6 8 30 12 31 35 38 18 39 32 40 2 26 25 34 4
37: 34 2 33 8 5 23 35 16 25 14 29 28 17 26 36 6
38: 35 25 13 29 9 19 8 1 12 38 10 34 30 17 15 18 31 20 33 14 2 22 4 36 37 39 23 28 11 40 6 16 27 26 32 21 24 3 7
39: 20 40 6 12 14 29 9 30 34 16 5 13 25 1
40: 13 23 14 11 28 10 7 31 21 3 27 37 24 25 26 32 17 19 40 1 15 16 5 8 38 9 2 6 39 33
1: (13 3) (33 32 40) 18 (28 38) (26 20 15 29) 22 39 (6 10) 34
2: 26 (19 15) 3 27 (17 28) (38 30 16 36 13 23 37 22 11 24 33 32 18 40)
3: 14 (15 17 4 33 28) 9 (22 1) (3 38) 6 (40 26 10 27 18) 36 20 8 24 23
4: (36 9) (31 10 8 6 13) (22 28) (15 38 19) (34 3 7 35) 33
5: (37 17 3) (6 33 30 15 28 39) 22 20 8 (7 9) (1 16 40 23 29)
6: (13 40) (22 37 17) (23 15 33 20 39) 16 (34 27 29 38 3 24 28 36) 19
7: (31 10) 20 24 (16 19) 38 8 22 17 (23 14 15) (3 40 33 28) 29
8: 33 (3 17 19 23 36 28) (5 25) 6 24 (31 9) (35 30 15 8 32 37) 22 38 (40 13)
9: 10 38 15 (16 19) (32 30) (17 22) (28 20) (40 39) 24 (6 34 23 33 18)
10: (40 9) 38 15 (33 3) (8 20) 19 32 23 22 11 26 6 (28 24) 16
11: 27 5 (38 10) 24 (11 13 17) (33 23 18) (16 22 6 15 28) (8 3 40) 35
12: (23 33 22) (14 38 13) (32 16 9) (28 19) (39 10 11 3 17) (15 27) 36
13: (22 26 13 20) (11 23 19) (5 17) 10 (32 31) (24 39 8 6) (40 38) (3 33)
14: (17 3 34 40 9) (22 20 10) (33 27) (39 15) (38 14 37 11 8 1)
15: (29 6) 11 (10 9 38) (31 28 5) 15 (23 33 40 35 13 3) 19
16: (23 40 21 6) (27 15) 12 39 (16 24) 22 (33 3 37) (38 13)
17: (14 38 11) (27 24 33) (37 19) 16 (3 22) 28 (40 17 13 10 34 29)
18: (24 3 33 20) (11 1 2 6 36 14) (18 31) (27 13) (15 22 9 17 29) 38
19: (3 40 10) 15 (23 20 24 27 34) (33 29 38 6) 13 18 32 19 9
20: (20 31) (11 32) (14 23 38 16 15) 9 (39 35 8 4) (17 3 10 6) (34 29) (27 28 19 22)
21: (23 26 24) (9 28 20) 29 31 (25 33) (30 40 15) (34 38 3 19 10) 14 (22 6 32)
22: (8 10 24 34 15 25 18) 19 (28 33 9) 13 (23 22) 38
23: 33 (20 19 28) (11 18 3 22 23 40 38) (15 32) (13 37)
24: (34 11) (3 8) (18 9) (22 15) (38 33 40) 27 (10 6)
25: 27 (31 18 15 34) (38 13) 36 28 (37 40) (2 3 22 8 10) (19 33) 14 9 (24 39)
26: (19 17 24) (37 31 20) 3 10 22 40 (28 18) 33 (15 16) (36 13 8 38)
27: (5 40) (22 1 24) 20 (15 26 38 3 6 16 4 35) (19 27 9) 33
28: 27 37 (23 13) 14 (38 16 40 7) 6 (24 20) (10 33 22 28)
29: 31 19 18 17 (27 29) 37 (15 16 20) (14 33) (13 3) (38 39) (22 28)
30: (33 36 8 35) 28 19 38 (29 24 17 15) (30 11) (39 18 22) 2 31
31: 15 19 (17 20) 14 9 (22 18 3 31 33 10 13 24 35) (29 16 40) (36 34 6) (23 38) 21
32: (40 6 21) 15 34 11 (19 3 20 17 38 28 10) (29 22) 36 27
33: (9 12 5) (19 3 33) (32 37 40 13 22) (23 6) 24 38 (27 15)
34: (37 33) 18 14 (28 6 20) 9 (25 27 10 13) 29 38 (16 24 22 19) (39 3) 11 (36 15 8)
35: (37 20 36 22 2 38) (18 33) (23 28) (6 15 14 10 3 11) 13
36: (38 8 6 16 37 25 24 18) (11 23) (10 28 15 3 12)
37: (11 9 19) (18 22 38 8 23 6) 13 28 (15 16) 17 24 10 (29 3 33 40 27)
38: (13 36) 16 (22 28) 2 (27 9 3 38) 20 6 (18 25 8) 40 15 19
39: (24 8 32 12) 38 (13 36) 15 26 (40 18) (19 6 16) (33 14 27 3)
40: 11 (15 16 10) 34 20 (39 5 3 25) 6 (24 18) (40 36) (38 14 22)
