40 40
1: 21 38 12 39 23 13 2 6 10 20 33 34 5 32 25
2: 31 13 6 29 32 17
3: 11 36 26 1 37 5 4 17 38 24 8 2 25 21 40 18 20 35 39 16
4: 2 26 9 23 3 35 33 25 15 10 29 16 13 31 11 12 40 30 27 20 37 32 14 17 1 39 36 22 24 6
5: 27 23 16 20 4 38 25 40 8 14 6 32 2 11 37 33 1 9 34 7 10 22 28 12 15 18
6: 10 32 15 5 9 17 37 25 24 30 6 39 36 12 1 2 31 28 18 29 40 33 23 20 7 27 13 3 38 26 22 34 4 35 14 11 21 19
7: 15 27 8 35 3 16 4 34 7 39 26 18 38 5 20 29
8: 27 30 20 2 21 36 24 18 22 28
9: 4
10: 40 6 8 1 32 24 3 38 13 28 2 5 17 34 22 14 20 36 31 18 11 37 10 29 27 7 19 33 23 16 4 26
11: 9 19 39 8 11 20 36 6 15 33 3 27 30 18 22 4 34 38 17 7 5 25 40 29 23 12 37 28 1 14 32 31 13 21 16
12: 8 37 26 17 31 30 12 39 33 25 15 6 36 3 32 11 4 10 35 28 21 5 19 1 22 2 9 24 20 40 13 7 16 38 14 29 27 18 23
13: 7 16 15 19 6
14: 26 18 10 37 36 23 39 2 14 1 30 9 19 28 25 38 31 35 20 3 32 27 15 5 16 4 34 22 7
15: 31 36 14 16 39 13 19 2 6 40 12 3 21 33 25 15 27 5 11 34 10 8 24
16: 10 4 25 36 38 27 32 18 19 34 24 35 13 20 16 31 14 30 7 2 39 22 23 8
17: 39 6 2 11 5 27 24 18 16 22 15 10 19 28 21 25 36 8 12 31 1 32 34
18: 24 13 33 20 35 5 4 16 2 15 14 8 40 22 30 38 34 39
19: 4 35 16 24 32 21 28 11 13 3 38 25 40 5 26 17 30 33 34 8 12 31 6 10 2 37 7 18 15 14 22 29 19 1 36 9 20 27 39
20: 33 19 39 4 18 5 24
21: 31
22: 35 30 33 18 26 34 10 11 31 25 5 12 13 21 39 6 19 17 27 28 24 32 36 29 7 3 22 40
23: 17 19 30 34 40 35 36 13 37 7 16 14 31 18 5 21 27 22 6 28 26 1 20 24 23 2 32 4 29 33 10 38 25 11
24: 16 40 38 19 22 4 15 37 28 24 36 21 1 31 13 26 5 3 25 12 9 10 39 32 27 30 23 2 7 11 35
25: 21 31 20 18 28 37 23 26 4 9 7 2 25 35 30 1 40 38 33 10
26: 34 12 1 31 14 30 25 20 38 10 22 36 6 24 35 29 40 27 37 4 23 16 2 19 5 3 28 21 32 9 39 17 8 11 18 13 33 15 26 7
27: 24 15 37 35 12 10 23 7 29 18 25 39 1 20 13 11 32 8 6 2 17 28
28: 25 28 5 38 18 16 35 3 34 31 9 36 6 13 11 24 10 21 8 23 17 2 39 15 22
29: 22 11 5 4 40
30: 15 1 17 40 3 16 37 11 29 36 18 20 7 2 32 31 6 25 34 27 10 12 9 5 26 28 21 4 13 19 23 30 22 14
31: 29 40 23 16 9 28 21 12 19 22 11 13 27 7 34 10 15 37 14 36 5 39 33 32 8 4 1 30 38
32: 17 25 19 29 28 20 18 27 23
33: 38 23 17 26 9 31 32 36 33 35 19 14 27 29 12 5 8 24 34 6 4 2 20 16 21 28 11 30 13 7 15 1 39
34: 21 19 3 6 17 29 4 16 37 33 32 26 12 31 38 25 22 23 20 35 13 8
35: 5 10 33 16 17 18 7 38 32 40 6 34 2 26 19 11 28
36: 20 30 23 25 6 18 1
37: 16 20 23 33 1 7 30 38 19 13 37
38: 32 22 9 19 30 13 10 11 29
39: 29 3 19 27 28 18 31 25 22 23 14 30 4 34 6 10 2
40: 3 2 19 35
1: (11 33 25 23 24) (3 26 10) (37 31 17 4 6 5 12 36 27 14) (30 19)
2: (14 28 12 35 1) 23 8 (25 40 39) (4 26 19) 33 (24 30) (10 6) (16 5) (15 27) 3 (17 18)
3: (10 12 14 30 28 34 19) (24 4 6) (22 39) 15 11 (26 40) 7
4: (31 19) 24 23 11 18 34 33 9 (14 6) (10 16 26) (30 12) (7 39 3 5) (29 20) 25
5: 1 (23 29) (6 22 15 20 12) 19 (30 18) (14 17 10 11) (3 28) (35 31) (24 26 33 7)
6: 11 4 (27 36 33 13 19) (23 6 17 26 1 10) 5 (22 2) (28 34) (35 39) (30 15 12)
7: (27 35 22 11 30) 14 (19 12 26 5 24 13) (7 25 6 23) (31 37 33 10 16)
8: 11 15 (17 7 5 19 3 33 27 16 18 10 34 26 28 31 12)
9: (30 24) (19 28 38) (33 11 25 12) 5 (14 6) 4 (26 31)
10: 4 (14 22 6 12 1) 10 5 15 28 39 19 (30 24 38) (31 35 26) (17 27) 16 23 25
11: (23 4 33 38) (12 27) (35 22 30) (26 19 17 29) (15 31) 6 10 (11 3) 28 24 5
12: 33 (34 30 26 6 24 1 27) 17 (19 5) (4 22) 15 (11 31 12)
13: (26 19 16) (27 30) 10 37 38 (6 28 15 1 12 11) (23 2 33) (31 24) (18 22) (4 34)
14: 31 (10 18) 15 (23 4 19 12) (16 30) (39 26 11) (6 14) (5 33)
15: (28 4 19 31 24 18) (13 30) (17 15) 12 11 (6 5 7) (26 27 33 14)
16: 13 (31 37 15 4 33 35 18 7 16 14) (26 11 19 34 5 12 10 30) (24 3) (23 28 17)
17: (34 32 12 35 23 26) 11 28 4 19 (22 3) 27 10 33 (30 2) 6
18: (32 3 8 12 23) 19 (11 27 14 36 26 6 20) 7 (5 28) (17 39 25 22 30) (16 35 10)
19: 35 (16 13) (33 20 38) (19 10 32 34 37) 30 (15 26 6) 14 (24 31) (40 12 17 39) 23 (22 11)
20: 10 4 (8 3 11) 25 (34 1 7) 27 (32 18 12) (36 16 5 6) 37 26 30 (19 33) 14 23
21: (1 33) 6 15 17 (31 19 28 25 24 30) (22 8 26 3 23) (34 11 12)
22: 19 (29 5) 24 (16 17 6 23 30) 12 (8 28 4) (26 34) 14 10 (38 11) (18 22) 39 31
23: 32 (34 23) 12 (14 10) 33 27 (1 11 16) (26 25 6) (36 37 28) (31 4) (5 39 24 30)
24: 10 (8 24) 16 27 18 (12 20 3 33 28) 17 (23 6 15 4 22 19) 26
25: 1 25 (23 32) (22 36 19 27 24 30 4 12) 34 15 (5 6 17 11) 14 (28 39) (26 3 16)
26: 3 26 14 (30 4 22) (33 10 6 24) 25 (12 34) 19 7 (35 23)
27: 16 (14 15) (4 23) (8 10) (12 5) (31 32) (26 24 17 30 7) 19 (22 11 39 6) 33
28: 26 (11 32 33) (5 30 23 17 35 8 24) 28 (6 22) (19 27) 39 (25 12) (14 10 31)
29: (23 34 19 26 7) (38 6) 33 (30 11) (31 4 39 10 32) (12 22 27 2)
30: 31 (30 22 8) 33 (4 37 26 18 39) 23 (11 12) 25 (6 36 19 24 38 14) 16
31: (15 25 21) (33 19 39) (22 24) (34 6 12 28 26 16) 10 (30 14 23 17) (11 2 4)
32: 23 (31 22) 1 14 (11 6 38) (12 30 26) (33 34 24 2) 35 (16 19 5) (4 17 10 27)
33: (31 10) (35 22 1 26 18 11 12 19) (23 6 33) (25 20) 34 (4 15 5 37)
34: (1 19 22) 23 26 (11 35 28 39 18 10 14 7) (33 16 6 31 30 15 5 17)
35: 18 (26 16 25 7 34 12) (6 24 40 27 14 3 33 22) (28 4) 23 19
36: 33 (11 8 4 31 26) (12 17) (3 28 30) (14 6) 22 (23 15 16 10) 24 19
37: (37 4) 26 (3 25) (10 6 27 34) 30 (14 31 24) (23 5) 19 12 11
38: (24 18 14 31 12) (19 26) (3 28 1) 6 (25 34) (11 37 33) (35 23 7 10 5) 16
39: (18 15 33) 27 31 19 24 (11 7) (3 28) (4 17) (12 1) (22 26) 16 (6 14) 20
40: 15 (10 35) 22 6 (26 23 29 3 31) (5 11 25 24 19 30) (18 12 4)
