40 40
1: 23 16 20 37 2 38 26
2: 3 39 27 29 21 33 25 26 35 19 23 2 20 28 4
3: 4 29 11 19 25 21 17 1 31 22 34 3 26 10 15 28 36 2
4: 3 22 30 34 16 28 13 8 33 15 24 32 4 17 29 11 31 18 36 23 14 12 35 1 10 20 5 26 2 21 27 19 25 39 37 6 7
5: 35 26 7 28 14 25 38 6 21 5 2 17
6: 21 18 37 2 4 40 10 35 34 25 29 7 20 11 14 8 5 26 13 3 28 1 27 32 12 36 17 9 33 30
7: 9 11 6 4 38 35 20 37 13 10 30 15 31 34 24 36 16 7 18 26 2 23
8: 34 40 30 20 39 19 8 35 12 31 18 1 28 25 24 4 7 9 27 14 38 37 33 32 16 29 26 13 21 10 6 36 3 15 11 23 22 17 2 5
9: 39 25 20 4 12 1 35 34 10 23 14 18 13 37 33 6 17 21 19 24 9 11 16 32 15 31 27 40 38 8 28 5 36 26 29 30 2
10: 24 34 39 35 37 28 36 2 9
11: 39
12: 29 12 26 14 39 20 6 34 2 16
13: 30 1 39 15 33 5 4 2 3 36 8 25 31 19 6 27 13 22 16 32 40 21 14 34 10 7 35 20 18 38 28 9 11
14: 38 2 32 33 14 27 26 3 5 4 39 20 35 36 23 25 28 7 10 15 30 37 21 6 22 16 29 1 24 9 18 40 13 8 34 12 19 31 11 17
15: 13 23 39 20 29 25 28 22 19 7 8 38 33 4 21 10 5
16: 6 28 19 27 3 36 13 24 40
17: 34 5 15 23 21 32 30 26 38 40 29 31 16 10 14 19 1 9 6 4 37 22 35 17 8 11 39 24 20
18: 3 23 24 36
19: 25 7 26
20: 27 23 4 36 15 6 14 7 39 32 35 40 17 37 30 28 2 12 24 38 5 18 29 10 19 20 9 25 31 34 3 8
21: 26 20 3 4 30 13 15 5 1 17 11 18 37 24
22: 34 22 39 31 38 8 5 33 35 21 24 9 28 18 25 36 10 29 15 1 14 13 6 40 27 16 3 11 32 17 19 20 7
23: 10 22
24: 32 3 4 17 38 25 1 8 36 35 33 21 23 28 2 39 40 9 22 11 19 13
25: 12 11 10 35 27 13 38
26: 9 39 8 35 1 3 7 40 33 21 30 38 13 24 31 17 2 23 26 11 29 10 27 22 16 15 37
27: 18 15 13 22 3 38 29 31 20 24 2 33 30 37 6 40 23
28: 25 20 29 36 9 6 17 34 15 30 39 38 21 27 10 2 32
29: 17 40 24 6 26 12 27 23 11 18 14 22 21 7 3 32 34 33 35 28 2 10 30 9 13 4 39 37 25 1 31 8 36 29 20 5 15 38 19 16
30: 20 2 22 35 21 23 9 13 24 39 6 26 19 30 12 16 17 36 11 25 15 28
31: 32 36 37 12 34 35 23 29 22 28 6 17 18 26 14 11
32: 6 19 17 38 26 27 37 40 13 16 34 29 39 15 7 18 12 31 33 14 1 23 3 9 22 8 5 4
33: 27 33 4 40 15 36 7 18 34
34: 4 37 25 13 10 20 18 5 28 2 40 30 29 19 6 21 3 9 38 1 8 23 22 34 26
35: 35 19 22 31 5 10 4 11
36: 23 14 6 30 35 19 15 11 27 40 34 4 38 29 22 8 5 20 16 25 9 39 21 24 26 32 7 18 1 36 13 10 2 17 3 33 31 37 12 28
37: 33 22 10 11 31 39 28 3 8 2 26
38: 5 7 1 21 40 27 36 23 17 38
39: 17 24 31 38 7 22
40: 1 21 23 33 38 17 19 13 28 8 2 36 40 37 14
1: 22 (3 32) (36 26 34) (8 13 21) 17 (6 24 4) (14 38) (40 29 9)
2: 10 (30 36 7) (13 1) 4 28 29 (20 3) 2 27 (9 37 14 34) 8 6 5 12 (40 26 24)
3: (21 3) 34 (37 13) 22 24 14 18 (36 4) (2 27 6) 29 (32 26 20) 8 16
4: 34 (7 32) (20 2 15 4 21 8 3 17) (9 29 13 6 24 35 33) (36 14)
5: (34 21 9) (15 20 4 8) (14 6 22 5) 36 (32 17 29 35 13) 38
6: 13 (5 29) (12 22) (9 7 17) 28 (16 32) (20 27 14) (8 36) (4 30) 34 31
7: 6 32 (8 39 20) (33 14 38) (26 19 7) (15 22 5 29) (4 36 13)
8: 14 (36 9 40 24) 17 15 (13 37 8 6) 20 34 32 (26 4 22) 29
9: 28 32 (29 6 34) (9 26 22) (7 8 20 14 24) 30 36 (10 13 17)
10: 25 (20 15) (22 35 8 3) (34 9 28 6) (26 14) 4 29 (37 23 17 13 36 7)
11: (37 26 29 7 25 8 17 35) 30 (22 31) (14 9) (13 24 4 6 36) 21 3
12: (25 32) 29 (8 12) (9 20 31) 4 14 (30 36 6)
13: (24 8 13) (29 22 25) (4 36) 21 (16 9) (30 40) (6 34 27 15) (32 26) (14 7)
14: (5 32 29 14) 17 (40 22) 20 4 31 (9 12) 8 13 (36 6)
15: (26 27 13 20 32 30) (7 17) (22 21 28 4) (3 33 9) (36 29 14) 8
16: (9 17) (26 14 32) (4 29) (36 12) (13 7) 1 (22 30 8)
17: (40 28 39 20) 4 (38 26) 24 14 32 (5 21) (6 22 30 3 8) (29 9 17) (31 36)
18: 27 (8 32) (6 7) (20 21) 4 14 (33 13 22 31 9) (34 29 36)
19: 8 29 (20 2 32) 30 34 (40 14 16) (9 15 4) (22 3) (36 13) (35 17) 24
20: (20 21) 7 (22 8) 17 (13 27) (29 14 2 4 34 6) 15 1 (9 30 28) (12 36)
21: (9 24) (8 22 4 2) (14 13 38) (15 17 36 29) (34 40) (3 26) 5 6 (30 28)
22: (22 34 4 17) 26 13 23 (32 24) 8 31 (3 36 27) (29 15 39 30) (35 37 14)
23: (36 14 38 18) 20 (29 2) (9 30) 8 (17 27 24 26 1) (40 4) 32 34 (7 31 15)
24: (36 20 27 16) 18 (10 17) (8 29) (9 14) (4 30 22 26) 39 7 21
25: (28 29 14 30 2 34) 6 (15 19 5) 3 (20 8) (22 36 13) (4 24) 9
26: (29 3 17 2 36 34) (8 1 31) (19 30) (32 7 5 14 21 37) 26 12 (4 6 9)
27: 6 38 36 (16 8 22) (9 20) (32 4) (26 25 14 33) (13 2 29) 28
28: 5 (15 37 6) (13 8 24 4 16) (9 40 31 36 29 14) 20 (10 22) (2 30) 3 34
29: 14 (4 15 31) 20 (12 17) (6 34) (22 9 27 29 8 3 2 36) (32 26) 28
30: (13 4) (7 30 6) 8 20 28 21 (17 36) (27 34 14 9) (29 26)
31: (26 36 4 22 32) 37 (13 39 7) (14 20 29 17) (9 27 3 8 35)
32: (36 31 17 28 13 4) (29 6 14 24) 8 9 22 20
33: 27 (33 9 6) 15 (32 24 4 22 13) 37 26 14 29 2 36 (40 8)
34: 7 12 8 33 4 13 14 32 9 6 (34 20) (17 22 28 3 29 31) 36 10
35: 22 35 (13 2 29) 30 (31 17 6 4) 26 (24 14) (9 7) 20 36 (8 5) (10 25)
36: (33 16 29 36 10 8 28 7 18 31) (3 4 22 13 40) (9 14 20) (24 38) (30 6)
37: 7 (17 4 8) 10 (27 36) (20 14 32 40) 29 (21 26) (31 9 6 34 1)
38: 17 (38 40 24) (22 20) 36 (32 8 27 26 1 14 34 5 29 39 7 25 13) 28 (15 9)
39: (8 22 11) (14 15 2 32) (20 30) (4 13) 10 (12 36) (29 17 28 26 9 37 24)
40: (29 34) 17 8 (14 36 33 26 27) 22 (9 32 20 24) 6 38 (13 40) 16
