40 40
1: 29 17 21 28 34 14 12 19 4 23 40 25
2: 36 28 4 5 14 27 39 34 13 6 21 24 30 25 12 32 7 1 40 20 33 29 17 26 37 35 19 22 31 9 8 18 10
3: 34 37 40 31 6 21 2 24 28 3 1 32 30 29 33 38 39 10 36 5 22 16 14 20 8 25 15 26 23 13 18 12 7 19 27 17 11 4 35
4: 2 22 23 40 10 14 33 9 18 7 8 11 36 29 16 37 4 12 3 15 32 30 31 6 17 28 21 5 26 24 19 1
5: 22 9 31 39 12 23 29 26 11 13 14 40 5 16 35 17 21 1 20 36 15 33 34 18 37 2 3 27 6 38 19 28 7
6: 32 22 20 11 13 35 29 23 4 24 36 21 38 7 18 14 28 31 30 16 1 33 34 17 27 9 40 37 2 15 12 10 3 39 19 5 25 8 26 6
7: 22 34 30 29 33 25 8 37 16 27 31 12 6 20 23 5 17 28 15 13 11 19 26
8: 36 23 15 4 24 22 39 17 16 40 37 7 8 3 14 5 26 10 19 21 27 34 38 2 12 29 11 9 20 18 1 6 28
9: 13 29 31 37 11 5 2 39 35 14 16 26 8 4 17 1 23 36 22 25 40 10 27 38 15 9 12 34 33 28 20 7 32 18 30 24 19
10: 16 40 14 10 9 28 34 23 26 27 36 12
11: 29 1 32 3 27 16 14 28 33 26 34 35 20 25 9 6 17 19 40 5 4 31 13 23 38 39 10 11 8 2 24 37 15 36
12: 16 17 27 39 28 31 29 32 7 15 1 21 35 34
13: 31 17 8 27 26 7 40 11 20 22 15 9 14 24 33 19 21 39 25 23 36 13 2 12 38 32 30 35 3 18 6 5 4 29 37 10 16 28 34 1
14: 26 29 40 24 13
15: 20 39 37 1 33
16: 29 33 2 17 27 24 31 38 35 26 25 12 5 20 39 9 10 6 11 16 18 13 8 3 23 7 30 19 37 15 14
17: 2 25 6 3 29 33 40 22 9 8 18 31 10 20 17 15 16
18: 36 28 22 8 39 19 18 13 30 1 5 32 35 21 10 16 37 29 34 6 40 15 14 38 23
19: 18 28 11 5 31 7 36 30 37 13 17 29 33 3 10 19 4 24 22 40 34 27 38 20 25 21
20: 6 15 30 3 19 35 17 36 9 10 12 31 13 16 5 22 38 21 39 20 29 14 32 23 27 7 33 2 40 25 34 26 8 28 24 37
21: 20 30 7 16 22 2 26 29 21 6 28
22: 31 36 4 33 3 14 5 8 26 16 13 37 38 29 1 32 35 20 18 17 15 34 24 40 2 23 6 10 11 9 7 27 22 25 28 21 30
23: 3
24: 12
25: 28 18 32 13 27 37 36 26 1 3 14 8 23 24 20 22 29 30 40 39 10 21 4 25 2
26: 25 20 4 36 14 28 30 40 32 37 15 35 27 24 2 7 39 34 13 29 31 3 33
27: 30 8 4 40 26 18 2 19 29 6 22 31 34 5 23 39 11 17
28: 40 16 28 26 38 25 24 6 2 13 8 21 11 30 36 23 9 29 14 18 37 32 39 33 31
29: 24 19 18 4 1 37 32 9 21
30: 36 18 16 38 19 2 20 33 22 7 6 37 13 17 3 8 32 40 21 34 27 25 29 28 9 30 39 11 14 35 10 26 4 15 1 24 5
31: 9 11 19 17 13 32 39 12 21 30 24 14 5 25 37 7 2 27 3 36 15 10 20 35 4 8 16 23 31 1 33
32: 37 33 11 6 18 24 39 17
33: 18 35 6 15 2 17 11 24 20 1 31 9 39 32 30 40 12 22 34 8 21 33 19 36 28 14 26 13
34: 7 6 34 33 38 23 32 8 15 18 17 20 4 37 10
35: 12 21 19 2 20 25 23
36: 12 23 40 27 34 3 16 6 2 31 22 37 26 36 20 32 15 35 11 4 7 18 29 33 17 30 25 10 38 5 21 24 13 28 9 39 1 19 8
37: 40 1 5 20 6 32 8 38 37 21 19 7 36 29 2 27 16 30 26 28 33 10 39 35 25 13 31 14 22 9 17 11 34 18 23 4 24 12 15 3
38: 18 38 37 1 32 25 9 11 30 20 17 40
39: 37 11 2 30 19 28 27 1 23 33 6 3 8 34
40: 22 36 38 2 13 21 18 5 37 35 33 24 8 4 25 16 28 23 30 14 3 34 26 12 29 15 32 7
1: (3 8 6) (31 25 15) (29 22 18 5) 4 30 36 2 33 (11 39) (38 13 12 9 37)
2: 6 (39 17) (4 37 28 21 25 27) 40 16 (5 26) (9 22 3 30 35) (8 33 13 11) (20 36 31)
3: (30 26 40 37) (4 8 22 36) (20 16) (11 6) (39 23 5 3 25 31 17 13 19)
4: (6 29) 13 (30 22 4 8) (2 1) 37 (25 27) 9 (11 40) 26 (3 36) (31 34 19)
5: 31 20 (8 4 37) (7 36) (19 11 18) (40 27) (9 3 13 2 16) 6 (30 22 5)
6: (37 4 8 5 18) 2 16 (7 27) (39 21 32) (34 3) 11 (20 22) 6 (33 36 28 17 13 30)
7: (19 26 6 21) 3 36 34 (31 37 5) 22 30 (12 40 2 9) (16 8 13 20 4)
8: (2 11) (25 6) (30 39 37 33 17) 13 (36 7 22 28 18 27 9) 4 34 (40 3 16 31) (20 8)
9: (16 33 8 9 20 38) 29 (6 4) (13 31) (11 2 10 28 22 17 5) 30 (37 36)
10: 4 (16 10) (37 2 30) 20 13 (34 19) (25 9) (31 6) 36 17 11 (3 8 22) 18
11: 37 (28 38) 13 (8 22 3 31 7 16 9 27 11 4 30 36 33 6 5) 39 (32 19)
12: 4 (35 40 37) (10 33) (1 16) (13 20) 31 (8 5 3) 36 24 2 7 9 6
13: (11 20 25 5 22) 28 (37 26 19) 13 (18 7) 2 (36 30 14 16) (3 9 6 31 40 33)
14: (5 9 26) (16 3 33) (4 10) 28 37 22 (8 6) (30 18 2) 20 (11 13 25) (31 40 1)
15: (40 6 11) (18 8) (22 4 20 34 17) (5 7 33 36 16) (37 12 3 26 30) (9 31) 13
16: (8 17 21 30 10) (37 20) (16 4 18) 31 36 (28 6) (9 3 40) (13 22 11) 12 7 5
17: 19 5 (20 9) (1 12 38) (37 11) (16 7 30 34) (6 33 32 13) 4 (31 22) 8 (36 2 3) (17 27)
18: (9 29 33) (32 5) 4 (6 36 8) (3 28 16) 22 30 19 (18 38 17 27 34 37 25 13 2 40)
19: 3 (9 16) 36 31 (4 20 5) (33 18 13 37 8 35) (1 19) (30 27 11) 29 6 39 (7 2)
20: (7 38 33) 35 19 (25 37 21 34 5 30) (11 16 31 36) (3 13) (17 8 20 15 9 2 26) 22 6
21: 25 (20 22) 3 (29 31) (33 30) 13 (21 1) (18 36) (37 6 28) (8 4 35 40) 19 (12 5) 2
22: 37 (21 2) (36 33 4) 8 (30 20 25 18 19 3 40) (9 22 5 27 7) (13 17 6)
23: 36 (31 8) (34 9) (10 11 39) (25 28 13 40 7 5) 3 16 37 22 27 20 (1 35 18 6) 4
24: 6 32 40 14 (22 20) (37 16 8 13 3) (33 19 29) (25 11 31) 9 2 28 26 (36 30) 4
25: (40 20) (28 2 3) 11 37 6 (16 1 35) (26 30) 22 (31 25 9 38) 19 36 (7 17) 13
26: (5 13) 40 14 25 (6 2 28) 10 (9 20) (30 22) (27 4 36) (8 3 33) (7 11 37 16 21)
27: (7 10 30 31 5 39) 36 11 6 8 (3 26 37 22 12 9) (19 2 25 13 20 16)
28: (3 1) 6 (13 11) (37 28) 20 2 4 (12 21 7 36) 18 (25 39 33 9 10) (8 30) (40 5) 22 (26 19)
29: 3 25 21 (5 20 36 37 27) (22 9) 40 19 (14 30) 1 (16 11 26 6 17) 12 (2 28 18) (7 8 13) 4
30: (18 21 38) (28 25 27 33 6) 3 (31 30) 20 26 (37 19 36 2 40 9 4 39 7 22 13) 16
31: (16 26) 37 (6 12) (7 22 11) 36 (27 20) 2 (5 31 19) (9 13 33 4 3 17 28)
32: (20 3 9 4) (13 37) (11 22 26) (18 34 28) (2 33 38) 6 (40 29 12 25) 36 31 30
33: (33 7 30 2 9) 17 (13 26) (15 5 4 36 34 11) (20 6 19 32) (16 28 3 31) (37 39) (40 22)
34: 20 (33 10) 27 (7 37 12) (5 22 40 11 36) (26 13 8) (30 2) 19 (3 6 18 39 1) (9 34)
35: 30 (37 16) (3 33 11) (31 9) (5 40 22) (6 13) 2 36 (12 26) (18 20)
36: (26 31) (22 6 28 11 20 3 40 36 13 33 2) 19 10 (18 5 30 8 4) 37 (25 9)
37: (34 25) (15 28 31 26) (9 7) (6 30 16 5) (2 22 13 36 4 40 18 8 37) (29 39 38 19 3) (32 20 11)
38: 6 (28 13 22 36 37 11 30 18) (34 3) (19 9) 16 (8 38 20 40) 5
39: 28 (37 16 13) 32 (9 36 30) (12 26 11 31 2) 15 20 (3 6) (8 33) (5 25 18 27)
40: 3 (33 36 6) (5 19 28 18) (10 38 27 11 17) 20 (37 4 30 25) (1 2) (9 8) 13 14 (22 26)
