40 40
1: 18 22 38 6 14 39 15 13 36 19 33 31 9 26 17 28 5 12 20 37 10
2: 33 5 31 3 37 27 2 10 38 24 13 29 23 12 26 34 25
3: 7 26 2 12 24 9 4 38 1 13 19 32 5 14 23 18 6
4: 12 26 36 13 38 17 1 34 2 30 28 37 4 29 20 33 39 24
5: 17 8 28 39 19 5 38 29 21 24 40 2 7 23 25 15
6: 5 18 33 12 23 26 2 3 16 21 39 22 35 8 4 37 34 13 11 29 14 17 28 25 31 15 36 38 9 20 19
7: 3 24 20 14 40 39 4 29 13 9 25 15 27 30 28 23 21 17 33 18 10 16 6 22
8: 19 22
9: 1 4 3 12 15 24 27 33 30 29 9 36 10 2 21 14
10: 20 7 18 9 24 37 23 4 38 30 31 5 11 19 13 40 21 12 2 8 25 34 14 16 3 33 22 10 35
11: 29 17 31 33 26 34 20 7 37 9 10 15 13 23 3 21 5 18 39 40 11 25 28 4 36 38 24 22 32
12: 34 20 36 5 2 9 23 10 24 22 21 26 1 31 29 11 28 38 19 7 12 14 18 13 37 33
13: 4 8 38 13 40 31 10 16 14 29 18 37 24 11 23 30 22 6 9 33 26 20 15 1 5 21 7 36
14: 23 3 12 1 24 9 29 40 38 8 31 39
15: 8 28 35 5 30 9 33 29 15 4 24 34 17 11 21 1 27 13 16 20 14 23 26 2 40 12 31
16: 22 27 18 7 6 9 28 4 29 8 5 35 39 21 10 37 25 33 36 30 3 23 40 19 20 11 34 17 24 31 15 38 16 1 32 12 14 26 13 2
17: 23 20 5 12 32 7 6 36 1 2 3 25 26 24 10 40 18 29 28 31 35 14 30
18: 13 15 28 31 14 11 6 24 33 2 39 4 26 5 29 3 37 35 10 19 7
19: 9 3 13 14 6 22 23 31 25 4 24 35 19 33 27 5 28 17 1 21 30 2 16 40 36
20: 30 7 1 2 5 34 23 32 29 36 22 40 31 12 27 19 38 3 4 17 9 18 15 37 24 21 8 13 20 11 33 16 14 26 10 28
21: 35 38 39 13 7 23 29 34 36 40 8 20 24 37 14 16 27 33 15 21 1 19 4 11 26 9 25 5 22 12
22: 24 23 17 33 8 20 31 4 30 40 25
23: 8 5 6 2 29 24 20
24: 19 14 25 27 1 2 6 20 7 15 33 13 22 21 29 40 16 35 36 32 17 24 34 23 38 8 4 10 5
25: 18 17 1 25 12 27 26 15 13 24 19 16 10 34 3 9 36 22 11 6 31 40 14 8 30 7 21 20 39 23 5 37 29 32 35 4
26: 21 14 7 19 9 1 25 34 22 38 13 2 12 11 4 17 35 37 32 36 24 20 30 23 27
27: 15 26 8 23 27 25 39 32 13 6 24 12 3 20 18 30 17 7 9 29 11 14 5 33 37 35 38 34 21 16 40 19 10 22 28 36 4 31 2 1
28: 33 21 16 17 29 24 25 19 31 26 34 36 5 30 18 32 8 37 38 23 9 22 15 6 4 20 10 27 7 28 39
29: 39 15 25 9 12 36 33 8 18 21 5 7 40 13 30
30: 10 28 21 33 31 35 37 20 14 39 15
31: 30 34 24 20 17 10 1 13 32 33 29 35 16 12 23 18 3 27 5 37 36 7 14 21 19 31 2 39
32: 4 21 38 33 23 10 22 14 25 37 24 28 5 40 12 36 29 1 26 35 15 11 34
33: 37 39 20
34: 15 6 27 16 38 31 8 17 18 4 39 14 24 29 19 37 34 30 9 7 28 3 33 12 20 10 40 26 35 32 36 2 25 23 21 5
35: 32 22 15 16 24 5 2 3 28 31 14 23
36: 19 8 40 29 24 21 23 35 4 37 17 9 10 39 6 2 5 22
37: 25
38: 15 17
39: 3 9 11 39 7 6 33 27 29 14 5 28 8 10
40: 10 26 33 37 11 35 28 38 3 2 27 29 8 19 16 24
1: (31 25) 13 (9 3 14) 17 (19 24 4) 16 (12 21) 20 (26 15) (27 32)
2: (35 10) (26 3) (36 16 2 19 18 4) (31 5) (9 6 17 34 15) (24 12 27 20 23 40)
3: 11 (27 10 39 31 25 35 16) (40 34) (6 20) (17 19) 7 (14 9 18 2)
4: 9 (27 6 16) 36 (24 34 15 4) (20 13 28) 22 21 (10 7 11 3) (19 26 32) 18 25
5: 2 36 5 (24 6 39 12) 18 (32 23 11 13) 25 (3 34) (17 31) 28 29 (27 10 15 1) 21 35 20 19 16
6: (28 1 39) (34 19) (23 7) 25 27 (13 36 3 18 24 16) 17
7: (24 21 5 18) (29 39 26 13 17 31) (28 20 27) 16 34 (25 10) (3 11) 12
8: (6 21 14 29) (34 27 25) 40 (36 39) (13 24) 20 10 (23 28) 22 (16 5) 15
9: (12 3 19 29 10) (9 25) (1 16 7 6) (20 15 28) (21 27) (13 11) 14 39 (36 26 34)
10: (13 25 20) 39 (36 27) (2 18 40) 7 (10 16 30) (1 32 9 31 11 34) (17 24) (28 12)
11: (10 39) (21 40) (32 11 15 25 18) (20 13 16 6 27 12 26)
12: 9 10 21 26 (4 16 12 20) 14 (34 17 1) (27 32 31 29 25 6) 3 2 15
13: (21 29 11 26 24) (7 10 2 25) (31 4) 1 6 18 3 20 (12 19) (27 13 15 16)
14: 10 1 (31 35) 7 13 (25 3) 17 (15 26) 27 (24 6) 30 (18 21 19 39 9 20 12) (34 16 32)
15: (18 27) (38 21 5 9 34 35 25) 7 (16 13) (1 6 29) 15 (20 28 30 32 24 11)
16: 34 31 7 15 (28 24 25 10 21) 40 13 (20 19 16) (6 35) 27
17: 26 (24 19 16) 36 38 (27 34 4 28) 1 5 (22 31) (11 25 6 15) 7 20
18: 13 (31 27 20) 29 (28 12 3) 34 (6 11 10 1 25 7 17) 16
19: (16 6 26 1 19) (20 21) (31 36 40 34) (18 28 8) (5 27 25 10 12 3 24)
20: 1 (27 33 28 26) (22 15) (31 10) (4 13 23 16 30 20 12 6 25 34) (7 21) (17 24 11)
21: 34 (12 7 13 36 25) (28 27) (20 6 30 26 16 32 11) (15 10 24) (29 31 19) (9 5) 21
22: 8 (16 12 7) (28 11) 6 (27 20 35 21 10 1 24 26) 36 (32 25 19 13)
23: 15 3 36 27 (17 20 14 7 24) 11 (32 5 31) (22 12 10 21) 13 (34 25) (6 19) (2 26 16 35 28)
24: 10 20 (7 25 24) (23 35 21 32 9) 11 36 (18 13 31) (4 17) (27 14) (22 3) 40 19 (34 26 16 5) (15 2) 28 12
25: (25 29 27 10 24 19 7 22 2) (17 34) (6 5 16 21 28 37) (11 26) 32
26: 34 (3 2 4) (32 17) (25 20 15 11 40 21) (16 6 1 18 27 28) (13 12)
27: 28 7 31 (9 20 40 24 26 2 15 34) (16 27 19) (39 25 21)
28: (32 5 35) 34 4 (30 18 39) (15 19) (6 12 40) (11 17 20 28) (7 16) 27 1
29: (25 21) (5 13 18 24 12 14 7 39 17 20) 27 (6 32 15) 16 (2 31 28) 40 (11 34) 36 (23 4 9)
30: (7 25 13 31 29 26) 27 (17 9) (10 34 28) 22 (4 20 15) (19 16)
31: 19 11 (20 12 16) (1 18 35) (25 13 6 30 28 34 14 10 31 2 27) (15 17) 22
32: 25 17 (26 34 28 35 16 27 24 3 20 11 31)
33: (40 24) 39 (13 7) (34 9) (30 22 11) 20 (29 19 1) 21 (12 16) 2 6 28 (15 31 18) (32 4 27) 10
34: (12 31 28 26 2 10 16) 24 (34 11) 27 (15 20) (25 32 6) (4 21)
35: (25 17) (32 21) (18 34 31 30 10) 24 (16 27) (15 6) (40 19 36 26)
36: (29 24 6 34 1) 13 (32 21) 12 (20 9) (17 28 27) 16 (4 25) (19 26) (11 31)
37: 26 (27 21) (33 2 4 31 36 34 25 28) 13 (12 30 40 6 1 11 20 10) (16 18) 32
38: (1 28 11) 12 2 13 34 (16 21 32 40) 4 24 (27 3 26 20) (10 14) (5 6)
39: (14 5) 1 (31 16 30) (6 18 21 11 7 39 29 33 25) (4 27) (36 28 34)
40: (7 22) (19 34) 29 (21 13) (15 20 5 11) 16 (24 36 10 32 25 27 14 17)
