40 40
1: 26 18 1 28 13 15 16 7 23 25 27 12 30 9 4 22 39 38 10 32 5 29 14 31 2 3 8 36 20 35 34 11 21 40 33 24 37 19 17
2: 33 8 29 31 19 17 3 24 15 7 32 23 14 35 34 21 16 11 39 27 12 18
3: 28 24 29 37 22 39 11 6 7 33 26 18 25 27 10 9 35 38 3 36 4 16 17 1 23 30 34 20 40 31 2 15 8 5 13 32 14
4: 7 34 14 16 26 3 11 39 9 40 8 37 30 33 2 35 13 27 21 36 17 4 5 24 38 23 1 10 25 12 15 32 31 28 20 22 18 6 29 19
5: 19 9 24 6
6: 26 12 16 8 18 22 2 30 34 32 9 19 36 20 5 23 27 7 28 39 13
7: 17 15
8: 24 17 32 10 11 33 9 5 27 37 12 16 36 6 21 35 15 8 20 31 23
9: 26 1 24 9 12 6 5 10 4 18 31 14 27 16 20
10: 38 21 27 4 16 13 25 33 20 6
11: 14 36 10 38 28 3 37 30 16 12 31 34 22 1 39 32 18
12: 21 6 33 12 39 40 7 22 16 27 35 32 2 17 11 14 3 26 36 23 20 38 9 10 5 4 15 34
13: 27 30 12 15 19 1 16 28 32 20 4 7 29
14: 9 34 19 22 4 39 6 32 3 25 36 12 13 30 26 31 37 40 21 15 7 11 33 2 29 38 28 1 16 23 20 14 8 10 35 24 17 27 5
15: 33 22 18 17 32 24 7 5 11 23 30 12 3 2 16 34 19 29 37
16: 28 13 31 36 12 40 7 8 10 27 15 19 33 9 3 23 38 35 17 34 6 18 4 14 21 22 37 16 20 25 2 11
17: 2 37 19 33 25 36 1 24 23 17 4 10 30 3 31
18: 37 4 26 31 19 35 34 24 10 27 8 1 9 30 40
19: 30 20 6 38 34 2 39 5 13 18 12 36 33 17 19 37 8 28 32 27 29 21 11 9 25 31 7 3 35 22 23 26 1 4
20: 39 19 6 31 4 15 38 23 21 36 37 20 34 5 3
21: 18
22: 15 33
23: 1 32 23 27 11 34 36 15 20 29 14 25 16 30 8 5 31 22 3 19 21 40 4 39 38 7 26 28
24: 40 6 11 38 8 34 24 36 26 7 17 25 1 20 21 9 18 4 37 39 29
25: 19
26: 30 28 17 22 13 23 39 36 33 20 8 38 16 10 7 25 19 1 9 15 3 4 35 5 24 34 18 31
27: 31 1 21 9 12 13 30 2 29 17 7 22 14 34 35 40 20 25 24 3 6 37 18 5 39 33 16 4 32 8 11
28: 2 31 6 39 27 20 10
29: 20 4 36 35 37 27 9 7 11
30: 30 38 31 3 34 1 29 35 36 24 12 20 5 15 27 23 7 14 16 37 13 39 2 26 19 8 40 6 21 11 25 33 28 22 18
31: 40 8 22 33 29 1 14 16 30 19 18 25 24 17 21 32 5 3
32: 33 3 35 19 11 25 5 7 9 32 2 22 14 39 38 29 6 21 15 37 20
33: 37 10 22 21 17 28 20 6 40 19 13 15 31 39 35 26
34: 1 28 36 35 32 18 23 38 14 30 13 27 39 19 9 22 17 11 15 2 12 40 31 8 16 10 25 29 33 7 37 4 21 5 24 6 34 26
35: 26 30 39 18 5 19 4 13 20 27 11 33 2 14 1 35 7 16 34
36: 11 20 17 19 12 2 36 18 34 25 28 23 3 31 37 16 4 35 32 5 13 10 7
37: 6 8 28 24 17 7 19 40 16 25 13
38: 10 1 38
39: 23 9 29 10 1 2 33 20 39 22 18 40 8 15 32 7 34 21 12 4 11 30 3 16 19 27 17 13 5 24 35 14 36 25 28 6 26 38 31
40: 28 31 13 30 8 4 21 32 12 34 7 25
1: (35 13) 11 18 (27 38) (19 23) 1 39 (3 4 34 24 14 31 9) 17 (26 30)
2: (34 6) (28 14 27 32) (39 36 30 3) (19 1) 15 12 (17 35 4 16)
3: 32 (23 17) (16 36 4) 12 14 (1 2 3 26) (15 31) (20 11 39 27 19 30)
4: 26 (27 18 24) (1 4) 40 (16 34 14) (39 35 12) 13 (29 20) (23 36) (17 3) 19 (9 10)
5: (15 12) (20 19 26) (23 9 27 30) (39 34 35) (14 8 6) 32 (1 3) (36 4 31)
6: (3 28) (20 14) (30 34) 5 8 (12 24) (39 27) (33 37 32 10 16 19) (9 4)
7: 39 (16 27 12) (2 13) (32 30) (35 36) 3 26 (24 6 40 19 1) (37 29 34 23) 14 (15 4)
8: (30 31 16) (4 8 26 39) (40 14) 6 3 1 34 23 (24 18 2) (27 19 37)
9: (14 12 29 19 5 32 9 1) 16 (4 6) 27 (39 18) 24 (3 34 8) 26
10: 14 (17 1 12) (39 9 4) (36 26 33 38) 34 3 11 18 16 8 28
11: 39 (12 3) 36 34 19 (23 4 27) (29 15) 8 (24 14 32 1 35 16) (30 2)
12: 30 (14 34 11) (15 36) (2 4 12 40) 39 (13 27) (9 16 19 6 1) 8
13: (1 6 19) 16 40 (26 30 39 27 36 34 4 3) (10 37) 35 14 33
14: 27 4 (39 12 30 2 34) (9 32 1) (16 23 3 31 14 35) 11
15: 23 (3 34 20 22) (2 7) 13 4 (16 8 26) (39 33 32 12) (14 1) 30
16: (14 15) 6 (3 30 9) (26 1) 12 (34 16 31) (13 2) 37 10 11 (27 8 23 39) (36 4 35)
17: (1 15) (27 16 36) (31 39 14) 19 8 (4 7) (3 33 17 26) (37 12 2) (24 34)
18: (16 2) (6 21) (39 31) (19 3) (1 26) (15 27) (4 30 34 9) (11 24) (35 36)
19: (15 1 34) 30 20 (19 2 23 13 26 39) 17 (4 36 32) 33 (25 6) 31 (16 37 18) (35 5 14)
20: (36 16 19 32) (10 14) (8 9 13 29 28) (39 6) 12 (23 26) 33 (24 3) 1 (4 30) (20 35 27)
21: 40 (31 39 30) (19 23 4 8 10) 20 (16 24 1 2 12 14) (34 33) (32 27)
22: 1 33 (31 27 6 23 30 12 11 34) (16 39) (26 32 14) 3 (15 4 19)
23: (3 4 1 14 36 17) 12 20 39 34 (30 19 16 8) (23 15) 2 26 6
24: (3 4 5) (30 1 37 14) (39 26 8) (17 27 2) 24 15 18 (34 9 31)
25: 26 (40 31) (19 34 10) (14 36 30 17) (16 23) 24 3 (39 37) 27 1 32 4
26: (33 6 14 24 30) (9 39 4 34) (1 19 23) (3 18 12 35)
27: 10 1 39 (8 6 9 2 30 4) (29 18) (23 16 35) 13 (12 3) 28 (34 19 14)
28: 30 6 (11 36 39) (37 23) 14 33 (19 26 13 3 40 16 34) 4 1
29: 23 (32 39) (30 27) (15 13) 34 (31 19 4 14 24 1) (3 2)
30: 26 (18 31) 27 (13 30) 23 1 (3 14 4 6 39) 34 17 35 (11 40 15 19)
31: (36 26 30 27) 16 (1 2 39 17 18) (20 11) (14 8 28 9 19 3 33 34 40 23 4)
32: (8 34 2 12) 32 (39 27) 6 (36 4 11) 19 (14 1 31) (13 3 40 23) 15
33: (22 2) (17 16) (30 19 39) (1 12) (34 31 15 4) (32 8 14) (35 3) 10 26 27
34: 34 (20 15) (1 16) (12 6 39) (30 26) 40 27 24 (35 14 23 18 2 11 36) (19 3 4)
35: (34 30 14 2) (32 18 29) (4 26 36) (12 19 1) (27 33) (16 39 8 35 3)
36: 20 39 (8 14) 24 (16 6) (34 17) 19 (30 36) (12 29) 4 (1 23 11) (26 3)
37: 29 (27 3 15) (4 36 11) (19 20) (24 14) (30 18) (32 1 16 34) 17 8 33
38: (32 39) (11 1) (20 10) (16 12 24 38 23 14) (26 3) (4 30 34) 19
39: 30 4 (1 28 32 27 34 23 6) 24 11 39 (14 26 19) (35 12 33 20 2 3)
40: (24 31 14) (1 4 3 37) (27 23) 33 16 (12 39) 34 (30 18)
