40 40
1: 7 12 14 22 16 38 25 20 35 19 28 29 23 2 17 33 26 18 30 24 31
2: 16 23 21 2 11 19 28 18 15
3: 6 18 37 17 39 24 25 32 31 38 12 35
4: 32 2 3 14 28 24 22 4 23 1 37 18 6 16 36 31
5: 38 28 29 33 4 40 11 25 31 30 21 36 7 15 37 35 22 32
6: 25 11 9 37 34
7: 38 34 37 10 25 24 7 9 18 16 26 28 11 23 3 2 13 32 6 15 39 40
8: 9 27 21 24 14 36 12 17 2 34 11 10 26 3 15 5 32 37 1 28 6 39 8 30 35 25 7 29 19 16 31 13 38 18 4 40 22
9: 21 4 5 27 37 3 9 24 39 36 1 33 30 29 38 20 18 35 25 22 32 19 28 34 16 13 31 23 15 26 8 2 17 12
10: 31 14 5 15 9 16 39 25 7 33 37 36 29 19 10 21 6 8 2 17 40 35 22 1 30 32 38 20 34 3 11 18 4 12 23 26
11: 29 14 7 3 15 4 19 24 13 25 36 27 31 1 35 18
12: 34 26 25 2 31 8 1 14 5 9 40 32 15 12 33 13 19 23 22 36 39 16 30 37 38
13: 33 28 7 24 2 26 22 6 4 17 14 25
14: 26 40 35 32 11 38 23 22 28 9 7 4 2 20 5 30 12 24 1 29 27 8 37 14 18
15: 4 11 21 1 28 33 17 15 38 34 39 5 3 2 26 37 36 32 40 31 6 8 14 20 10 9 16 24 19
16: 28 40 33 13 24 14 35 38 39 10 19 32 23 31 18 16 5 3 34 22 37 20 25 1 29 15 7 17 9 6
17: 20 13 10 29 34 33 24 14 27 39 18 37 25 36 26 19
18: 7 13 9 12 40 11 16 10 33 1 2 30 39 8 35 31 32 23 5 25 34 29 19
19: 30 8 35 32 1 24 29 28 12 26 27
20: 23 15 14 37 39 27 35 17 33 4 21 18 22 32 25 5 31 34 38 28 7 6 3 11 24 12
21: 29 4 8 36 10 28 34 6 19 14 16 37 24 31 38 3 33 2 18 32 20 27 22 12 1 5 13 21 30 23 40 15 25 39 7 35 17 11 26 9
22: 6 12 3 14 18 9 28 34 33 11 22 8 21 20 1 40 23 37 29 26 10 35 4 17
23: 4 21 40 30 38 13 39 22 15 18 28 29 17 7 11 12 27 37 33 26 2 6 23 19 16 10 1 25 31 32 35 5 20 36 24 3 34 9
24: 15 39 19 32 16 33 12 7 13 11 28 38 8 14 36 23 25 37 22 35 27 34 17 1 9 21 3 29 40 30 20 24 18 6 5 4 10 2
25: 13 30 23 24 22 18 31 36 37 21 10 29 17 20 7 38 33 4 27 14 39 3 11 19 15 5 6 40 26 12 25 1 34 32 9 28 16
26: 4 11 2 21 20 25 27 29 7 26 24 37 9 12 34 39 8 17 31 15 28 38 32 19 40 5 33 1 35 13
27: 15 17 35 40 4 16 23 2 39 37 31 33 22
28: 10 22 13 4 5 19 37 1 21 16 31 33 25 34 26 7 39 32 30 15 8 29 9 17 20 40 23 38 35 28 11 6 36 27 18 14 12 2
29: 28 6 13 35 15 29 11 33 21 1 9 25 27 12
30: 34 6 14 18 22 5
31: 4 5 21 39 20 34 28
32: 10 31 29 2 24 11 26 39 16 6 4 34 15 18 22 12 7 38 14 36 21 25 19 28 8 33 32 5 30 37 3 27 23
33: 12 7 13 17 37 34 8 39 24 6 11 5 1 16 15 30 25
34: 28 16 14 3 29 13 22 10 7 40 20 32 18 15 12 26 37 11 23
35: 12 33 5
36: 18 26 30 22 9 2 37 35 24 1 19 23 32 6 3 40 11 31 25 10 20 5 13 38 29
37: 2 21 32 13 19 39 4 40 1 33 34 20 17 24 5 28 14 12 27 22 8 25 30 26 37 9 15 38 10 7 3 31 16 11 23
38: 22 28 2 19 21 20 5 4 8 7 24 3 40 26 17 34 36 6
39: 29 38 22 17 30 7 10 35 26 12 5 15 16 27 14 21 3 37 13 24 11 39 28 1 18 6 19 33 4 2 9 36 20 34 31 23
40: 23 20 38 32 8 26 22 15 9 24 13 16 28 35 11 31 12
1: (25 10 8) (15 29) (21 18) (11 9 23 37) (33 19 28 14 22 4 16) (39 26 24 36) 12
2: (1 15 4) (39 38) (24 12) (13 28) (18 26) (37 10 14 9) 36 32 (7 23 2 27) 8 21
3: (38 15 11) 25 (22 32) (39 20) 23 (10 37) 24 (8 9 21) 4 (16 34) 36 7
4: 21 9 (31 14 27 37 10 20 24) (25 32) (4 5 38 11 23) (28 15 8 13) (22 39) 26
5: 28 (10 39 21) 26 (8 31 32 20) (18 25) (14 37 30 16) 12 (15 24 9 23 35 38 36 33)
6: 13 (29 25) 23 (22 20) 4 (24 21 7) 38 (8 36 15 28 10 32) 39 33 16 (30 3)
7: (13 18 1 20 14) 33 37 (10 25 5 21) 23 28 26 8 (16 34) 38 7 (24 39 32 11)
8: 21 33 40 (10 22 18) 9 (28 37 32 14) (15 8) 19 (26 38 24) 12
9: (40 24) 29 (10 39 6 21) (22 37 8) 12 (26 18 15 28 25) 14 (9 36 16 23 7)
10: 34 (25 16 15 36 32 21) 24 (7 17 39 10 37 28 23) (22 8 18)
11: 7 20 8 (37 26 5) (24 33 23) 10 (22 15 28 36 2 39 25 40 18 32) (21 14 29) 6 34
12: (34 8) 19 29 (14 23 24 25 1 26 20 3 12) (32 40) (21 22 33 39 9) (10 35 18 28 37)
13: 16 (25 39 34) 28 (37 7 26 33) (40 21 17) 9 (18 36 8 12) (11 29 24 23)
14: (37 14 15) (39 32 13 11 20) (21 30 1 16 12 34 10) 17 28 24 25 (22 4) 8
15: (2 29 33) (21 20) (7 8) (9 16 15) 28 (10 40 39) 12 (5 37 26 23) (32 34) (27 11 25) 24
16: 18 (4 1) (27 9) (2 33 28) (16 12 15) (32 8 40) (34 23 7 24 25) 10 (21 37) 39
17: (15 10) (22 38 37 33) 20 (21 3) (9 26 27) 1 13 (24 25 8 28 23) (39 16)
18: (36 4) (2 1 8 9 39) (21 28) 25 (32 3 16 34) 20 (10 7) (22 23 24) 30 14 (11 17)
19: 38 (39 10 15 11 17) (37 28) 18 (26 16) (9 21 8 36) (1 24 25 12) 2 (32 23)
20: (21 25 38 37 39) 15 (36 22) (17 24 1) 40 10 (34 28 9 14 31) (23 26) 16
21: 39 26 29 (10 21 22 28 15 24 9 31 32 38) 5 (25 2) (23 20) 37 8
22: 28 (14 30 13 8 37 40) (34 4 10 1 27) (22 32 9) (23 21 20 36 25 24 38 16 5) (39 12)
23: 28 (37 27 20 10) (18 12 22 34 1 21 39) 32 (24 36 2) 16 (9 25) 23 40 (14 7) 4
24: 8 (16 25) (11 39) 19 (21 38) (23 3) (17 33 24 14 15 26 4 20) 40 (9 36 1 37) (13 32 7)
25: 1 21 (18 12 8) (26 17 3) (9 7 11 32 6 37 23 24 16 28) (25 10 36) (20 29 13 33) 5
26: (14 9 25 36 38 28 15) (32 10 12 7 1) (13 17 34) 22 40 21 8 (39 37 23) (19 26)
27: 29 24 8 21 37 (32 11 14 25) (17 19 26 20) 39 (28 23) 9
28: 37 (13 23) 25 (32 20) (40 26) (22 38 31) (4 2 14 19) (34 7 29 9 8 16 1 15 28 24 5 39 21)
29: (18 32) 23 (1 19 10 28 24) (26 14 21 29 17 9 36 39) (5 11 16 34 22) (8 25)
30: 23 5 21 (9 36 19 18) (10 33) (25 39 12 37 32 14) 1 (24 28) 8
31: 32 (21 18) 20 (23 9) (28 10 37 27) 4 (8 39) 12 (11 26) 40 (25 3) 15 (1 36 16) 5
32: (34 23) (19 5 14) 16 24 (9 20) (4 7) 28 (25 32) (3 18 12) (10 36 21) 15 (37 8 26 40)
33: (15 35 18) (21 26) (27 24) (9 32 1) (23 16 29 37 22) (17 20) (12 39 5 28) (25 13 10)
34: 33 (24 10) 15 7 39 (20 17) (16 6 32) 38 28 18 25 8 21 37 (26 12 23 22) 9 (30 31)
35: (26 36) 16 22 (14 20 39) (23 40) (11 28) 27 (1 24 3 29) (18 21 8) 5 (19 10) 9
36: (28 24) (8 17) (5 21 38 23 32 12 15) (4 25 10 39 11 9)
37: (24 8 39) (7 14) (27 20 37 36 9) (26 22 25 32 10) 3 (16 15) (4 6 5 34) (17 12 21) (33 28 23)
38: 10 (24 9 37 5) 7 (14 40 8 3) (20 26) (23 32 36 28) (1 21 39 16 12) 25 15
39: (32 21 7) (12 28 31) (20 8 18) 37 (26 15 25 27) 3 10 (33 17) 9 (16 24) 23 39
40: (14 27) (8 5) (16 36) 37 (21 22) (34 18) 7 (25 10) (28 15 26 38) (23 12 24)
