40 40
1: 22 26 37 20 16 10 3 34 39 11 15 30 5 2 36 35 24 21 19 32 9 12 25 27 8 13 29 38 17 33 4 23 7 28
2: 4
3: 9 24 6 34 40 33 17 10 19 15 8 37 38 27 26 2 7
4: 13 12 23 9 15 34 27 3 25 7 33 2 39 19 40 17 31 24 4 16 32
5: 25 28 17 18 30 34 1 32 2 39 26 40 14 33 13 35 23 36 10 31 5 6 22
6: 7 22 37 3 26 35 31 14 15 24 19 36 18 9 12 13 25 28 34 29 40 4 23 8 27 5 30 38 6 21 33 17 11
7: 35 21 14 4 26 29 19 3 39 11 6 18 5 1 8 34 16 30 31 10 15 38 27 28 7 40 20 2
8: 10
9: 30 6 3 13
10: 38
11: 27 36 40 14 9 30 35 5 22 11 3 33 10 34 18 37 6 15 31 12 16 25 13
12: 5 4 16 24 21 1 40 7 11 12 28 32 31 20 3 15 19 27 2 22 26 6 35 29 36 8 37 14 10 38 9 30 23 18 17 25 34 13 33 39
13: 15 10 4 9 26 3 21 28 31 38 16 39 5 32 6 7 18 12 22 33 37 11 34 27 19 17 23 29 36 14 20 35 8 40 25 30
14: 16 6 20 21 32 25 27 39
15: 35 7 1 4 11 18 5 29 23 25 31 2 16 14 9 12 34 17 27 3 26 21 6 24 39 8 15 37
16: 7 8 19 12 1 9 17 31 37 23 24 29 18 20 3 13
17: 17 21 18 32 36 19 39 4 29 27 1 13 34 40 10 37 25 30 20 31 22 9 15 23 24 2 26 7 11 33 3 35 16 5
18: 28 9 4 25 15 38 11 10 17 20 31 32 19 13 22 39 6 3 2 14 12 5
19: 23 17 7 24 26 4 21 40 32 30 38
20: 8 7 17 11 6 13 37 9 5 26
21: 29 40 8 7 21 16 10 27 36 1 33 34 11 5 6 19 18 17
22: 11 27 7 40 2 12 26 36 9 20 29 18 6 1 15 38 39 34 17 35 37 28 23 13 25 32 5
23: 28 5 40 6 9 35 21 15 24 33 39 7 32
24: 38 3 37 19 25 20 26 16 39 34 10 36 8 23 21 17 13 1 27 24 33 40 30 9 11 22 32 7 35 6 12 31
25: 37 31 38 27 32 36 16 17 4 15 25 19 11 23 18 10 12 20 14 28 1 13 21 40 35 6 39 22 7 5 9 34 24 29
26: 24 22 28 23 29 35 17 37 27 19 26
27: 18 17 1 21 5 38 16 14 9 34 39 24 37 13 35 25 15 26 8 36 32 29 28 7 12 40 6 30 31 22 33 2 4 11 10 3 27 20 23
28: 2 35 1 20 14 5 23 7 31 26 10 6 19 18 13 30 40 3 24 25 4 27 32 8 33 37 22 12 39 28 38 34 16 21 36 29 17 15 11
29: 40 16 27 28 3 36 19 38 11 13 22 32 29 8 30 17 23 14 10 6 37 39 24 15 35 25 20 12 7 21 31 4 5 1
30: 3 22 7 37 36
31: 10 32 4 18 1 27 38 26 24 16 22 12 6 8 3 29 20 9 23 15 17 28 5 25 31 11 40 14 33 13 37
32: 18 26 5 17 3 40 15 2 39 6 29 28 31 12 7 10 38 11 37 32 25 24
33: 1 5 22 36 35 34 11 9 14 6
34: 11 18 38 30 28 36 27 21 13 6 12 24 15 14 22 34 4 8 25 40 1 17 39 20 29 5 7 37 23 32 35 19
35: 18 14 5 10 26 32 21 35 23 22 20 9 12 1 27 28 15
36: 33 18 20 10 5 17 28 4 2 7 29 31 19 15 25 35 39 3 32 34 37 26 21 22 14 1 30 12 9 11 6
37: 27 31 29 37 10 17 26 1 6 11
38: 7 16 5 4 30 1 38 11 29 14 19 40 15
39: 17 32 8 20 14 19 2 11
40: 9 39 15 3 17 14 31 37 11 21 6 25 18 34 40 22 13 20 12 2 38 8 16 35
1: 21 (38 28) (33 37 29 36) 27 (31 16 34) (24 5) (15 17 22 35 7 12) 25
2: (1 36 28 32 4 3) (39 22 5 17 7) (27 12 18 40 15)
3: 24 (40 30 32) (9 16) (27 17 31 4) (18 7) (12 13 6 1 28 29 11 15) 36
4: (38 18) (27 7 17) (34 4 36 1) (25 29 31) (13 19 12 28 2 6 15)
5: 21 38 28 35 (34 5 25) 11 (13 17) (36 22) 15 (7 1 23) 29 33 (6 12 32) 31 (18 20 27)
6: (31 9 21 24 6 37) (11 28 36) (13 34 33) 18 (15 12) (3 22) 14 27 32 7 5 (40 23 20) 25 29
7: (36 23) 7 20 25 (27 15 13 24) (12 17 4 19 30 34) 29 38 1 (21 3) 16 (32 22) (6 28)
8: 24 (21 12 6 20 7 16 31 27) (1 39) 28 (13 40 34 15 29) 3
9: (18 40) (31 35 27 22 1) (16 4 20 11 23 24 12) 13 25 (36 33 3) (17 15) 6
10: (27 24 12) (29 11) 8 (25 37 1) 13 (17 31 35 32) (21 7 28 36 3 5) 18
11: (13 6) 21 18 37 38 31 (12 22 28) (34 24 32 17 15) (33 36 25) 39 1 (29 40) (7 27 11 20)
12: 1 (24 16) (32 15 4 28 6 12) (31 35) (13 40) 36 (22 25 34 11 29 27 18)
13: (22 18) (25 17) (40 28 4 9 29 20) (11 31) 16 (12 5) (24 34 27) (6 1)
14: 38 (27 35 11) 28 (6 7 29 33 36 12) (18 31 25 34 40 39) (15 5 13)
15: (13 18 36) 27 17 (40 11) (1 29 23 32 6) (31 22 4 38) 34 (15 28 25) (12 3 35 7)
16: 21 (31 7 40) 15 (11 14) (12 17) (1 28 4 24 27 25) (29 13 38)
17: (29 25) (39 6 20 12 34 31) 22 18 (28 3) 40 (26 15 19 4) (27 5) (17 13 37 24 36 16) 1 (21 32)
18: 25 (16 34 27 13) 11 (31 40) (22 21) 7 (35 36 5 32 12 6) (15 17 28)
19: (34 26 29 17 12 4) (13 36 28) 18 (24 38 16 25) 3 (6 1) (7 21 39)
20: 24 (1 22) (25 18 34 39 7) (14 13 31 27 12 40 29 28 36 17) (16 35)
21: 21 (29 12 15) (19 40 1 6) (28 14 13) 7 (34 23) (35 27) (17 24) (36 25)
22: 29 (12 27 26) (18 36 33) (5 1) (6 40 24 30 28) (35 17 11 31 34 13) 25
23: (31 24 13) (19 16 28 12 4) 22 (17 25 34) 26 (15 35 27) (29 5) (1 6)
24: 28 (19 29) (27 24 6 12 25) (32 4 3 15 17 16 26) 23 (31 34) 1
25: (6 15) 18 (28 11 14) 17 22 13 31 (40 24 4 36) 25 (29 1 32 5 34 27 12)
26: (28 37 5) (35 15 27) 22 (7 3 13) (32 12 36 31) (1 24) 20 17 19 (6 26)
27: (12 31) (4 21 14 7) 25 35 (11 15 29) (6 37 1 13 17 27) (24 34 28 3) (22 26)
28: (31 5) (1 22) 12 (23 26) (25 18) 27 7 6 28 32 (34 29 35 13) 36
29: (37 38) (29 32 25 7 1) (22 6 15 28 12 27 21) (13 26 36 17 31) (16 34)
30: (24 6 7 17 9 1 19 28 29) (34 27 13 38 11 36 12 5)
31: (7 6 29 16 5 13) (18 15 11 28) (24 4) (17 12 37 31) (32 40 25) (36 27)
32: (31 23 32 28) 5 (24 22 17 12 4) (14 1 36 29) 19 27 (39 25) (18 35) 34 13
33: (24 17) 31 (6 13) 5 (1 4 11 21 27 3) (23 12 36 28)
34: 15 3 (17 5 27 34 11) (13 22) 25 (36 40) (24 21 7) 33 (12 1 4) (28 6)
35: 36 (40 13 6 29 7 24 5) (15 11 34) (1 27 25 22 35) (28 17 33) 26 (23 12)
36: (25 5 11) (22 1 6) 13 (29 17 33) 12 (24 21) (27 34 28) 30
37: 15 12 (27 26 36 16 13 40) 31 (11 32) 34 30 (28 37) (3 1 29 25) 24 (20 6 17 22)
38: (34 25 19 31 7) (3 29) (18 27) (40 1 10) (12 32 28 38 22 6) (24 13)
39: 4 (29 23) 28 36 (40 18 7 24) 5 (34 17) 13 15 27 (1 22 12) 32 (14 25)
40: 11 25 17 (31 19 28 22) (32 12 40 24 34 27 23) (7 3 29 13 38) (5 6) (4 21)
