40 40
1: 10 39 28 33 1 20 14 13 17 16
2: 39 6 28 24 9 35 5 37 18 14 26 13 22 23 15 16 10 27 1 38 40 31 7 29 25
3: 38 15 28 31 21 23 10 24 6 34 27 37 22 33 36 8 26 9 35 16 40 30 1
4: 4 5 15 12
5: 13
6: 23 6 40 37 36 1 3 28 25 8 14 35 32 29 38
7: 6 39 7 21 17 1 31 28 26 24 23 18 40 29 19 37 14 22 4 32 5 11 38 12 36 2 8 16 33 20
8: 27 14 31 13 16 17 7 20 26 21 9 18 35 33 3 22
9: 32 9 28 27 6 12 18 22 29 2 25 10 36 35 23 16
10: 3 6 31 38 29 20 30 36 25 15 9 13 16 39 24
11: 15 21 23 1 16 14 27 33 6 10 29 4 38 12 7 37 31 32 30 39 36 22 19 28 20 25 26
12: 38 22 5 21 6 37 30 25 28 35 9 13 24 26 27 39 20 3
13: 25 17 1 31 4 15 36 33 29 30 18 8 24 22 37 5 28 39 34 40 6 23 3 16 27 32 12 21 14 9 7 20 11 38 13 10 26 2
14: 32 3 40 5 19 10 23 35 12 1 26 30 9 29 6 22 27 11 4 8 20 13 2 34 33 24 14 28 15
15: 33 29 34 39 16 10 28 5 22 30 27 40 11 2 18 15 3 38 17 37 31 19 9 13 21 36 14
16: 24
17: 39 2 36 35 37 17 18 6 24 13 28 31 27 15 11 1 10 25 26 33 40 8 3 16 4 14 21 30 32 9 20 19 5 29 7 23
18: 13 6 20 14 37 8 7 38 30 23 33 1 34 15 5 9 35 25 28 26 31 39 19 3 22 32 18 10 16 12 21 2 27 17 36 11 4
19: 40 22 3 11 4 17 26 8 14 32 39 6 24 1 27 29 34 5 30 7 13 25 12 38 20 31 19 2 23 15 28
20: 25 14 1 28 17 26 18 4 7 10 31 36 5
21: 8 31 33 21 2 16
22: 10 20 1 21 34 14 24 26 7 16 18 23 22 39 38 28 2 9 13 19 25 5 29 12 35 3 27 30 31 4 33 40 11 15 6 36 17 8 37
23: 31
24: 10 1 39 21 6 3 17 18 34 9 7 33 35 12 13 36 8 11 15 23 27
25: 37 27 6
26: 35 37 24 32 6 1 14 38 3 20
27: 31 8 28 2 22 3 14 38 35 17 27 24 40 19 25 37 39 30 11 33 5 29 1 36 26 6 13 4 10 18 34 21
28: 2 27 20 35 34 17 13 40 31 21 37 7 9 6 23 15 14 4 33 25 18 38 3 32 1 39 12 19 29 28 26
29: 38 19 11
30: 22 25 33 16 7 28 17 35 9 37 24 19 29 15 10 12 5 23 18 21
31: 6 24 12 3 18 33 37 13 16 21
32: 11 28 21 38 19 33 16 3 31
33: 28 20 38 25 40 21 5 17 18 36 7 2 23 3 27 37 26 19 13 31 12 6 39 10 22 15 16
34: 38 9 24 20 29
35: 32 16 21 15 40 10
36: 5 20 31 11 1 18 39 30 27
37: 27 32 37 7 6
38: 10 31 29 37 19 20 9 34 15 40
39: 11 38
40: 33 18 5 26 21 9 38 34 6 14 39
1: 13 (6 28 22) 26 (20 3 7 19 1 17 11 2 14 27) (18 24 36)
2: (21 33) 13 (19 14) (28 22 18) (17 27 9 7 15)
3: 19 (31 32 13) 14 (15 6) 17 (18 12 8 33) 28 (24 27 26 10) 22
4: (22 7 19 4 13 11) (20 14) 28 27 (17 18)
5: 13 (27 14) 22 (18 19 2) (33 20) (4 17) 12 (36 40 15 7) 30
6: 22 (9 19) (25 2) (12 26 7) (14 37) (18 24) (10 40) (33 27 13 11 3 28) 17 6 31
7: 2 30 (13 7) (19 37) (22 17 20) (18 8 33 28 24 11)
8: (17 24) 22 7 (14 18) (3 6 21 13) (27 19)
9: (40 14 3 22 15 2) (9 13 30 24 10) (17 34 8) 12 28 (18 38)
10: 38 (13 11) (35 27) (24 2) 18 (9 3 15) (33 22) 1 20 17 14 30
11: 14 15 32 (27 39) (17 24 13) (36 18 22) (7 19) 29
12: 24 (9 18) (33 30 31 19 14) (4 7 28 11 22 13)
13: 17 (5 33) (2 1 12 24 10 31) 8 19 27 22 (14 13) 15 28 18
14: 28 15 (7 20 13 26 19) (1 18 8 27) 17 (6 14 40) (2 22 11)
15: (18 11) (10 28) 24 (3 2 22) 4 (17 38) 30 33 19 13 14 (15 35)
16: (32 22 21) 3 (15 8 1) 13 (33 18 10) (35 7 31 30) 9 (2 17 11)
17: (20 8 15) (17 30 19) (27 22 33) 18 24 (13 7) (1 28)
18: (24 36 30) 31 20 28 15 (40 33 18 13) 8 (17 22 27 2 9) 7
19: 38 (33 32 11 18 19 28 7) (22 27) (29 15 14 30 17)
20: 1 26 (12 14) 18 (11 13) (17 36 33 7 38 28 34 22 10 8) 19
21: 22 21 3 (35 7 31 13 30 32) (15 8) 18 (17 40) (12 27 33) (11 28) 24
22: (27 19 33 3) (18 9 14 30) 12 (8 11 15) (22 13 7 2)
23: (24 13 3 14) (6 30) 33 (28 17 19) 9 18 (2 11 22 7)
24: 12 (13 14 27) (16 22 3 17 31) (10 34 30 2 7) 26 19
25: 9 (13 12) 18 11 30 (6 22) 2 19 (20 33 27 28 17) 10
26: 2 (22 13 8 33 20 3 12) (11 28) 27 (14 18 17 19 7 40)
27: (28 36) (3 17 24) 8 19 (9 37 11 18) 33 (25 27 22 14 2) 12 (13 15)
28: (33 15) 2 6 (7 3) 14 12 19 (22 20) 30 (32 1) (28 9 27 18 17) (13 11)
29: (27 30 9) (13 6) (10 38 22) 17 2 (15 34 19 7) 28 (14 11)
30: (11 27 3) (22 14 18) (17 36) (13 15 19) (12 10)
31: 33 (22 13) (3 18) (10 20) (27 7 2 17 36 8 19) 21 (11 32 23 28 38) 15
32: (18 7 11) 13 6 35 (14 9 19 17) 37 (26 28)
33: (17 15) (11 7 14 1) 27 3 8 40 32 31 (28 13 18) (24 22 30 21)
34: (13 27 19) (18 40) (3 38 14) (22 15) (28 24)
35: (6 22 18) (27 12 17 8) (14 2 30 28) (26 3 9) 24
36: (17 6 18) (22 7) 11 (13 27) (10 33) 9 (3 24) (15 20)
37: 25 (3 28) (6 22 11 30 18) (12 31 33 7) (15 38 27 26 13 2 17 37)
38: 3 (7 33) 22 12 (39 28 34 11) (40 32) 15 (13 26 2) 18 (10 27 29 6 19)
39: (7 1) 2 (10 17) 11 33 (12 22 18 40) (13 28 15) (27 36) (19 24)
40: 28 (27 22) (17 38) 15 19 (2 35) 14 6 3 33 (7 13)
