40 40
1: 5 15 18 22 33 36 25 37 3 26 16 8 21 7 6 1 38 27 4 20 39 35 40 14 12 32 28 2 19 34 23 11 17 29 31 13 9 30
2: 6 30 10 11 19 1 24 12 26 23 15
3: 25 30 39 17 33 37 29 18 36 12
4: 18 6 3 38 30 20 8 36 11 34 15 37 13 2 31 7 35 21 16 10 23 4
5: 32 33 27 22 13 9 24 31 19 37 34 36 11 29 38 30
6: 26 34
7: 25 21
8: 15 24 13 9 2 40 33 26 27 10 7 6 5 8 30 37 19 39 31 14 35 3 36 29 12 11 25 22 21 34 18 28 23 38 16 17 32 1
9: 31
10: 28 17 8
11: 3 8 20 29 40 2 25 33 36 1 39 26 38 5 30 23 35 9 18 7 4
12: 7 16 22 35 14 2 32 25 9 19 33 28 24 23 21 38 29 3 17 27 12 18 15 13
13: 6 38 16 8 31 12 10 7 1 26 17 40
14: 25 21 40 7 20 3 33 10 34 39 14 28 23 27 26 31 8 16 32 29 12 30 2 11 15 5 35 13
15: 29 9 27 5 12 32 40 10 1 33 35 3 31 34 36
16: 34 36 33 11 19 35 3 25 17 31 2 16 38
17: 33 21 18 25
18: 2
19: 38 39 7 33 16 35 24 8 10 4
20: 20 40 38 27 16 10 6 5 2 22 4 9 12 19 34 28 37 17 7 30 18 26 39 32 13 23 11 3 24 14
21: 22 17 33 27 23 24 29 8 5 2 34 3 38 25 14 12 39 13 1 15 20 18 30 36 26 19 37 40
22: 12 34 35 13 24 1 15 10 5 14 26 23 11 28 31 33 30 9 16 21 25 7 6 32 8 36 4 29 18 17 3 37 2 40 20 39 19 27
23: 32 19 20 30 33 17 24 16 10 38 15 6 28 23 29 4 18 27 14 12 2 13 11 26 22 1 37 9 25 5 7 35
24: 19 40 37 22 9 38 7 15 20 17 8 1 28 32 24 4 39 36
25: 17 15 31 39 35 25 11 14 8 13 22 24 21 18 23 33 36 2 32 5 16 20 9 28 29 6 37 30 4 26 3 19
26: 33 38 34 32 2 22 12 29 26 27 9 4 14 5 37 24 35 8 28 19 36 7 3 1 40 30
27: 16 1 34 33 30 11 28 22 14 38 25 13 18 19 12 39 2 37
28: 3 17 34 15
29: 3 15 9 35 33 31 11 22 18 23 25 37 5 1 7 26 17 13 19 12 2 32 36 6 30 28 10 16 40 20 14 24 38 8 29 4 34
30: 29 19 7 27 30 4 32 33
31: 4 5 25 37 28 34 14 13 36 30 6 32 23 12 18 17 16 15 7 10 31 24 22 33 19 26 39
32: 9 29 40 16 18 10 22 1 11 19 27 34 17 33 39 8 26 30 21 32 2 24 7 37 13 5 14 12
33: 15 6 10 7 23 22 32 2 24 11 17 14 38 19 25 21 33 28 5 1 39 31 29 9 3 27 37 13 4 12 40 16 26 30 35 8 36
34: 3 9 31 30 11 4 23 32 7 22 26 1 25 39 20 34 28 36 2 29
35: 24 25 36 26 16 4 30 3 38
36: 39 16 17 13 25 29 22 36 1 7 40 21 30 27 38 10 31 15 18 5 37 4 11 34 23 3 32 28 6 26
37: 7 3 21 19 4 22 6 23 13 12 40 38 8 10 33 31 25
38: 2 21 16 35 32 8 3 40
39: 20 18 29 2 10 1 7 36 5 40 9 3 19 8 22 25 12 34
40: 29 19 6 35 24 38 17 25 18 31 28 2 39 1 11 23 3 30 21 34 8 9 36
1: 15 (8 23 33 22 11) 27 (29 26) (1 21 32 39 2) 40 (13 34) (36 24)
2: 39 23 (18 33) (1 29 26 16 14 11 32) (34 21 4) (40 12) 27 (22 38 25) (8 20)
3: (21 20 26 28 40 1 38) (14 8 35) (11 22 25) 16 39 (15 36) (29 4 37) (34 33 12)
4: (22 33 1) 19 (11 26 20) (4 23 24 31) 34 (37 30) 25 35 36 29
5: 1 21 (15 39 36 22 32 14) 29 (8 26 20 33 23 31 25 11)
6: (36 25 31 1 13 22 40 20 29) (33 37) (2 4 23) 8
7: (22 39 33 1 34) 13 (14 23 37) (29 4) 12 (11 36 26) 8 24 (20 19) 30 31 32
8: 37 11 14 4 (25 39) (38 19 22 32 1) (21 8) 24 (29 26 13 33 40 10)
9: (20 24) 11 (40 5 39 33 26) 1 22 12 (15 34 25 8) (29 23) 32
10: 39 (20 32 37) 22 36 (31 15 29 2) (19 23 33) (13 8) 4 14
11: (20 34) 32 (29 1 14) 40 (36 2) 27 (16 33) (5 4) (23 8) 22 25
12: (21 22) 14 (26 27 3 8) (1 13) (39 20 32 2) (15 23) (29 31 12 33 37)
13: 37 (36 5) 14 (1 29 12) 23 (20 32) (25 27) (8 33 21 4 31 22)
14: (32 26 33 25 14 21 8 23 27 1 12 22 31 29) 20
15: 28 (24 23) (31 21 8) (36 12) 29 (1 33 4) (22 25) 14 2
16: (38 16 23 12 19) (31 14 4 22) (27 1 36) (35 25) (13 29 20) 32 (33 8)
17: (32 20 24) 12 13 23 (8 22 21 28 36 31 3) 29 (1 25 33) (40 16) 10
18: (21 3) (32 4) 36 12 (11 20 31) (39 40 17 1 23) 22 8 27 (29 25)
19: (29 16 21 37 20 26 8 27) 25 (2 30) (39 31 40) 33 (12 32) (24 1 23 5 22)
20: 23 (24 21) (25 29) 39 (22 34 14 1 11 20) 4
21: (37 14) (7 36) 25 (38 1) (8 17 33 12 32 4) (40 22)
22: (33 8) (1 31 36) (25 34 21) 27 (29 26) 23 (37 5) (39 20 12 32 24)
23: 31 1 (37 34 40) (20 23 21 4 8 25 14) (29 33 12 2 36 22) 11
24: 20 31 12 (22 29 19 35) 5 (40 21 32 24) 33 (23 26) 2 25 8
25: 23 33 (21 37 35 40) (1 39 34) 3 29 (25 27) 7 12 (36 31 22) 17 8 (11 16) 14
26: (29 22 25 6) (11 34) (36 33 2) (32 21 8) (14 35 23 26 1) (13 31 20)
27: (22 8) (14 1 20 21) 26 (5 23 32 36) 12 (30 15) 33
28: 27 (29 24) 8 34 (1 22 40 26 23) 25 (14 31 20 12) 10 (33 36)
29: 14 22 (15 26) (21 3) (23 5 34 33) 1 32 (25 36) (8 40 12) 29 (39 11 30)
30: 34 22 36 (2 26 3) (27 14 1 20 5 21 31) (32 40 29) 23 4 25 (35 8) 11 (33 30)
31: 13 (25 14) (37 9) (31 34 29 4 40) 15 8 (16 33) (22 36 1) 5
32: 14 (25 23 26 31) (5 30 12) 29 (32 36 15 8 1 34) 33 20 24 (38 22)
33: (19 32 3) (12 14) (30 11 8) (29 25) (1 31 26 23 37) (33 5) (15 17 27 16 22) 21
34: (5 34 22 26) (28 27 16 1) 21 (4 20) (40 8 31 29) 39 (14 32 15 36 6)
35: 26 (33 29) 25 (19 14 12 22) 11 (38 23 40 8 15) (1 4 16)
36: 4 (16 36) (5 39 31) 21 3 15 25 1 11 (35 22) 40 24 33 (26 8) (29 34)
37: 33 (23 8) (22 24 21 31 5) 32 1 25 36 (26 29 4 3 27) 20
38: 11 (40 13) 1 27 (37 21 26 8) (33 12) 29 (35 16 19 24) (4 36 5 20 23)
39: 32 (22 1) (31 25 11) (3 19 14 34 21) (40 36 27) (33 20 24) 8
40: (13 1 36 37) (22 21) 14 (29 32) (26 24 8) (33 38 15 11 20) 39
