40 40
1: (1 32) 4 13 26 (7 5) (35 40 28 14 16) 27 30 2 (23 31 18) 38 12 (8 17 33 3) 19 (6 34 9)
2: (19 26 34 30) (32 35) (5 24 21 20 14) 1 (28 16) 4 25 (8 38) 31 12 13 18 (2 33) (23 22 10 7) (40 9)
3: 15 34 (19 17 37) (35 14) 13 (32 33 21 11 4 3 23) (40 38) 18
4: 29
5: 25 4 (28 3 16) 6 (24 23 30) 1 (26 38 32) (9 33 14) (17 19 22 5) (40 31) (27 15) (35 39 20) (7 21 13) 8 (2 12) 37 29 11 (34 18)
6: (27 12) 19 (6 29 21 34) 9 (8 38) (2 17) (36 25 35) (14 24 5) 15 7 20 (23 18 33) (31 16 1) 39 (37 32 30)
7: 7 12 (1 36) 28 (3 5) 20 17 14
8: 1 (33 35 10) (40 25) (36 3) 15 4 (29 31) (13 22) (27 12 8) 2 (37 17) 14 20 18 (39 26) 38
9: 19 39 (21 6 18) (13 40) (30 20 8) (33 14) (38 11 32) 12 5 (1 28 22) 26 9 17 (29 31) (35 7 15) (34 24)
10: 2 25 35 (4 29 19 38) (20 7)
11: (6 27 38 21 40 11) (3 25 5 16 29) (22 33 36 34 20 1) 28 4
12: 31 (5 34 8 9) (6 21 38) (27 10 30)
13: 13 (40 20 33) (3 12 16 14) 26 24 (36 5 2 1) (35 38)
14: (20 28 6) 9 18 (24 34) (30 23)
15: (29 23) 18 (31 21) (2 39 13) (32 5 4 14 11 22) 10 12
16: 11 (28 6 37 15) (12 7 25 26) (14 9 32) (5 13) (17 3) (31 24 16 10 18 27 2) (20 22 33 8) 1 (39 38) (40 19) 36 30
17: (15 21 4 23 18 1 12) 17 (24 35 30) (19 10 38) 26 40 (7 20 16 3) (28 27 13) (39 11 31) 6 34 (29 32 9 33 8 37) (2 5 25)
18: (8 21 24) (17 39 20 7 2) (14 11 30 28 34) (10 33) 26 (36 32 4 1 25 19 3) (9 37) (22 31 35 40 15 5 18 12 23) 16 29
19: (19 24) 22 (3 36 34 39) (17 37 31) (40 28 23 7 2 8 18)
20: 2 33 (21 39 10 23 17 4) 8
21: 16 19 36 21 (30 17 25) (22 5 7 9 33) (35 1) 12 (2 31 37 10 32) 11 (34 15 39) 6 (18 40 8 26) (24 4) (14 13 3 27 20 38 23) (29 28)
22: 12 (6 14 9) (23 18) (32 30 1) 21 19 (35 4 34 26) 33 (7 15) (5 27) (11 25) (8 36) 28 (3 16 37 31) (20 24 38 40 22) (2 39 29) (10 17) 13
23: (28 10 26 30) (2 13) (25 40) (4 34) (31 14 9) 5 21 (17 11) (15 19 8 3) (32 35)
24: (22 20 11 36 29) (1 12) 28 9
25: (33 2 30 21 20) 27 25 (28 16) (7 39) 29 (8 6 17) 14 (12 34 36 5) (23 32 19 35 13)
26: (12 17) (7 26 37) (19 8) (10 21 28)
27: (25 16 26) (38 21 27 9) 4 (3 22 35)
28: (35 34 20 32) 18 7 29 (24 10 26) (8 31) (11 6) 1 (28 37 19 12) 15 (16 39) 40 (5 9) (17 13 36) 33 (22 14 30 3 21)
29: 20 (25 17 27) (34 40) 10 (29 1 5 24 37) (9 26 39) 38 8 (14 2 21 35 22 19 12) (33 4 32) (28 13 30)
30: 6 (30 7 26) (17 9) (25 23 31) (36 11 28 2 29 15 8 19 24) (20 4) (5 27) 37 (13 35 14 3 40) 1 32 (18 21)
31: 18 (9 1 35 12)
32: (1 5)
33: 34 (24 40 10) (20 6 37 11) 36 (33 23 9 7)
34: (11 32) 35 (34 2) 8 (30 7) 29 17 10 (12 20) (37 5 9 40 33 21) (1 15 4) (24 13 14) 27 18 (26 39)
35: 11 21 (13 2) (7 30 12) 40 (22 14) 34 (17 33) 31
36: (27 12) (33 15 38 6) (20 39 5) 25 29 (35 31)
37: (8 11 2 13 26 5 22) 4 28 37
38: (17 26) (34 19 14 36) (28 8 1 18 32 4 30 12) 5 29
39: 33 (8 30) (25 34) (28 10 36) (16 27 3) (38 32) 12 (35 26 17 2 40) 14 (9 5) (19 21) 31 (6 4 18 13) 23 7 (20 22 11) 15 39 (29 1)
40: 28 38 (2 37 9 22 12 5) 8 (15 26) (17 30) (16 34 40 32) (29 19) (33 27 6) 21 (18 14 23 10 1 20 25 11 35 24 4)
1: (6 39 30 7 1) 32 8 (38 2) (22 34 17) (11 18 28 21 40) (24 29 5) 13 (16 31) 9
2: (16 30 37) 35 40 (17 22 15) (2 19) (6 13 1) (39 20 5 21) 34 (23 25) 10 (18 29 8)
3: (16 27 30 7 5 23) 18 (8 21 13) (1 19) 28 (39 22) 17 (11 3)
4: 38 (23 11 34 1 5) (3 2 30 20 27 22 17 29) (37 18) 8 10 (21 39) 15 40
5: 7 36 32 11 (38 30) (18 16 9) (21 12) (2 1) (17 29 25 23) (28 22) (13 5) 37 (40 6 15) 39 34
6: 11 40 (36 25) (21 5) (39 12 14 22 33 9) (6 16 17) (30 1 28)
7: (16 2 1) (25 9) 19 5 (34 18 28 10 39 6) (21 17 30 26) (33 7) 35 22
8: 9 (30 28 1 5 19) (21 16) 39 29 (6 23) 22 40 17 (25 18 37) (2 34 26) (8 20 38) 12
9: 1 (24 16 6) (23 40 28 27) 34 (29 17) 33 (30 9 5 22 12) (39 31 14 2 18 21)
10: 23 12 (22 28) (17 39) 8 15 (29 16 26 34) 18 (33 20 40) (21 2)
11: (17 35 15 23) (30 24 22 33 37 3 21) (40 16 18 28 34 39) (11 9 5)
12: (16 7 40) (15 5 25 6) 29 (18 9) (26 13 34) 21 (1 24 36) (35 39) 31 38 2 (28 8) (17 22)
13: (37 9) (16 17) (3 39 28) (29 15 21) (5 25) 2 (13 30 35) (1 23 8 22 34)
14: 7 (5 18 29) (15 38 8) (1 25 22) (30 34 21 39) (6 35) (9 28) 23 (13 2 3 40 16)
15: (18 3 9) (8 23) (17 36 30) 34 (40 39 16) (6 22 28) (21 5)
16: (40 2) (25 6 28) (21 18) 11 5 (1 16 22 27) (39 17 13)
17: (28 6) 1 (23 40) (17 5 30) 25 20 29 19 (38 9) (22 26 39) (8 35) 34 (18 16 21) 3 7
18: 30 6 16 (8 21 9 15 31 3 39 2) 34 18 (5 19) (22 28 1) 17 (14 40) 38
19: (23 16) (22 38) (29 3 21 1 39) (26 25) (28 2 9 17 6) (5 10) (30 40) (19 18)
20: (39 6 40 9 14 30 24 34) (2 16 17 11 7 36 5 18) (8 10) 25 21 33 28 (13 22 29)
21: 35 15 29 6 5 30 (26 9) 12 (11 21) (40 25) 27 17 20 (23 39 2 22) 18 34 (3 28)
22: 37 (16 28 22) (21 40 24) (9 2 5 15 35) (11 39 27 18 8 19) 29
23: (6 39 1) 30 2 19 3 (20 17) (18 5 22) 40 14 21 (15 33 25)
24: (2 33 14 19) (29 13) (28 18 16 34 17 9) 5 (21 22) 30 (40 6)
25: 17 (27 22 39) 23 (18 10) 11 (2 21 29 40 30) 36 (16 8 5) 6 25
26: 1 26 9 (39 40 23 38) (37 18) 22 21 (5 34 2) (13 30) 8 (29 16) 28 27 17
27: (8 27 16 21) 17 (39 5) 36 (11 40 29) 30 6 1 (12 25 22) 34
28: (21 26) (16 22) 40 (28 37) (14 2 30) (11 17 23) 24 (25 39 5 9 19 18 38 29) (1 7)
29: 39 8 4 21 (29 36) (10 34) 38 40 (24 25) (28 17) (9 18 5 11 15 6) (30 22)
30: (6 16 29) 21 40 (5 2) 18 17 (14 30) (39 28 23 25 9 22 38 12 34) (35 1)
31: (35 15) 9 (22 18 19) 2 (36 17) (1 8 23 12) (16 21 30) (6 28 39 5)
32: (15 17 40) 23 (39 6) 34 1 18 30 (5 9 25 28 21) 22 (29 3) 38 (2 16)
33: 13 20 39 1 (3 21 16) (36 22 40) 28 2 (29 35) (33 18 5) 17 34 6 25 8 11 9
34: (19 29) (33 28 9) (35 2 22) 11 12 6 (34 21 40) (5 1) 39 38 25 (17 23 3) 18 14
35: (31 22 13 27 25 23) (36 1 8 3) 21 (6 28) 10 (17 2) (18 30 9 40) 34 39 29 5
36: (16 22) (19 11 8) (38 24) (7 33 30) 21 (28 6) 25 (18 13 39)
37: 29 19 (16 34) 3 (18 26) (28 37 33) 22 (6 8 17) 40 5 (21 30)
38: (3 40 8) (2 22 27 10 17) (11 5 36 6 39 29) 21 9 16 (12 1) 13
39: (28 8) (5 39 22 34 9 16) (36 21 15 6 20) 17 (25 18 19 29)
40: (22 23 18 30 13 5) 21 (9 11) (29 39) (17 34 35) (33 3 40 19 1) 8 (28 16) 2
