40 40
1: (19 33 39 14) 34 (32 29) 1 (35 22 36) 20 (30 15) (4 11 16 3 5) 6 (18 8 12 27 23 24 38 17 25) (10 9 37)
2: (3 7 13 24) 32 (2 22 17 27 15) (30 37 9 14) 39 (36 34 12) 35 (5 4) (6 25) 29 19 (1 31 23 28 11) 10 40 (20 18) 8 (33 16)
3: 15 40 (3 30) (10 13 29 19) (33 37) 16 (22 5 21 12) 2 (31 4 34 35) 39 (36 23) (20 9 8) (27 6) (24 38 17 14 28) 26 (25 11 7 1 32 18)
4: 3 35 (25 30 22 8) (1 15 10) (31 18) (27 17 14 24 23) (21 40 2 33 5 19) (37 34 7) (12 16 28) (13 39) 6
5: (26 35) (29 37) (32 20 1)
6: (26 6) (7 39 11) 18 (27 9 25 29 16) (13 38 35 8 33) (1 24 20) (17 37 40) (15 23) 21 3 (12 14) 4 36 28 (22 19 32 10 34)
7: 35 10 (8 31) (5 18 1) (4 14) 11 (23 40 19 39 7) (36 6 37) 33 21 32 20 15 (9 16 27) (34 2) 30 (22 24 29 28) 12
8: (35 12) 29 18 (10 38 23 31 40) (28 33)
9: (5 1)
10: 27 (25 29 10 26 8) (31 30 11 18) (37 7) (34 15 2 23 21 24) (14 4) 3 (33 5)
11: (20 9) 32
12: 13 (7 40) 14 35
13: 15 (38 34 28 26) (8 35) (19 37) 16 2 14 (23 31) 1 (3 13) (6 39 36) (18 22 7 10 29) (20 11) (40 5) (30 33 12 27)
14: (1 31 24) 29 32 (23 17 40 6) (2 16 15 38 8 9) (37 7) 11 33 (18 19 30 35 10) 34
15: 40 23 (26 4) (10 8 18 16) 7 (11 9 27) 14 (30 31) 24 (35 2 5 32 3 34) (20 28) (15 1) (19 12 38 22 29)
16: 25 40 26 (12 18 30 28) (4 2 22 7 27 31) 14 (24 10 20 32 23 17) 8 39 (6 9 35)
17: 18 1 (13 9 10 24) (36 3)
18: 29
19: (29 26 20 18 12 15 17) (16 24)
20: 30 19 (39 13) (26 2 7) (8 16) (21 22) 11 (38 36 24 3) (32 33) (31 12 10) 17 6 (29 20 4 18) (40 5 15 9 34) (37 25)
21: 35 1 23 33 29 (36 18 10 30) 9 (24 14) 3 (28 2 27 40) 32
22: (29 13 35) (32 7 4) (27 11 9 3) (36 26) 1 39 (24 38) (18 16 40 22) (21 5)
23: 36 6 26 (9 7 3 21) (18 37 30 28) (38 16 25) 35 11 (33 32) 24 (39 29 17 1 14 19) 27 13 2 22 (20 40) (15 12) 8 10
24: (6 22 8) 28 30 (32 7 29 14 15 33 20) (10 2 25 9)
25: 26 (33 12) (32 10) 28 (22 14) (37 5 19) (18 27 8) (36 24 4) (16 30 9) (6 13 1) 2 (15 21 11) (7 25) 35
26: 7 (8 6 25) 17 (27 18 13) (3 10 14 2 22) (29 1 16)
27: 21 (34 29 4) 2 (33 8)
28: 12 24 7 19 (6 11 17 30 32 31 9) (21 36 33) (35 37 20) 18 10 4 (39 2) (28 26 1) 3 (22 25 23) 34 13 (27 38)
29: 5 (19 17 2 18) (32 8) (15 40 33 35) 3 (4 7) (28 1) 9
30: (36 39) (35 23)
31: 30
32: (37 7 16 6) (29 40) (18 12 17)
33: 7 6 12 2 18 31 (33 3)
34: (33 18 23 13 10 2 38) 14 (25 1 4) (12 9 5) 3 24 (21 11) (26 15) (20 39 27) (31 22) (36 16 28 40 37) 34
35: (12 6 18 20 21 37) (29 16) (8 9 30) (3 4 7 13) (26 17) (36 40 23 35 10 14) (39 32 15 22 2) (38 34) 33 (27 1 31) 19 (5 25 11)
36: 30 27
37: (11 32 5)
38: 33 18 (16 8 28 30) (39 31 3 25 23) (14 29 17 15 34) (11 35 40 10) (36 1) (5 6) 20 32 19
39: (12 21 35) 14
40: 7 (20 6 37) 8 9 38 (5 15 17 3) (14 29 33 28) 12 (25 24) 36 (40 31 30)
1: (6 15 17) (28 1) 23 (35 2) 14 (4 25) (7 9) (22 26) 13 3 (29 21) (34 38) 5
2: 27 (4 28 25 7 35) (10 20 29 3 15) (34 13 23 2) (26 24 16 33 21) 14
3: 2 23 17 26 (13 4) (38 40 29 33 34 3) (10 28 15) (20 35) (6 22 21) 1
4: (15 16) (35 3 34 10) 29 (27 7 2 22 20 6 28 25 1)
5: (29 20 10) 37 (3 25) (2 1) (40 35 15) 34 (7 4 38 13 9) 22
6: 32 (6 25) 40 (1 35 16) 7 (26 33 14) (38 20 28 23) 3 24 2 (13 4)
7: (16 25 32 12) 10 26 29 4 23 7 14 (35 2 28 6 13) (3 40 33 20 22 15 24)
8: 6 26 13 (40 15 27) 10 (4 14 16 24 1) (35 2) (20 38 23 3) 7 (25 29)
9: 11 (25 14) (1 34 22) (35 24 17) (21 6) (16 28 7) 40 2 3 29 23 (20 15)
10: 10 21 24 (1 7 16) (38 35 2 3) (34 17) (15 25 14) (26 8) 13 (28 23) (20 4) 6
11: 7 (14 37 2) 6 15 (20 13 38 34 25) 22 (35 3 1) (28 23 10)
12: (15 34 35) 40 (19 33 3 13 20 8 25 7 6 4 39) (28 32) (16 1) (2 23)
13: (3 34 28 2) 12 (26 22 23) (6 35) (25 4 17) (20 13)
14: (10 25 40 1) (3 23) 15 (38 24) (39 4 12) 26 7 (35 34 6) (21 16) (13 2)
15: (13 19 15 34) (29 23) (2 40 20) 38 7 (14 10) (4 6 35 3 24) (25 1)
16: (19 32 25) 6 13 (1 26 15) (7 35 22) (20 23 38 2 14 4 3 34)
17: (40 2) 32 (20 6 26 28 4 29) 38 1 (3 14 35) (23 16 19)
18: 38 8 1 34 (22 3 29 32 10 14 20 23 13 15) 17 (19 6) (28 25 7) 35 (2 33 16 4 21 26)
19: 14 (3 28) 35 (20 1) 7 (23 15) (13 4 38) 25 2 (6 29)
20: 5 (3 2 16 38) (34 23 19 1 15) 20 (40 7 11) 35 13 (24 6) 28
21: (27 23 28 4) 7 (6 25 34 22 39) 20 10 (3 35)
22: 34 (15 23 26 6 20) (24 1 3) (7 4 13 25 35) (2 28) 16 22
23: (2 15) (28 14) (6 21) (38 13 30 4 1 7 10 34 35) 16 (8 3)
24: (22 7) (20 2) 3 (21 34) (14 25) (6 15) 17 (16 10 40 23) 4 (19 1) 28
25: 23 (25 6 40) (4 24) 1 26 (34 3 10 16 35 20) (28 38) 2
26: (22 20) (28 16 15 35 10 25 13) (3 23 6) (34 19 5)
27: (6 1) (4 25 22 16) (10 34 21 2 28 36 23 26) 13 (15 3 7) 35
28: (24 21 6 13) 38 (23 3) (28 34) (7 40) 2 (25 16) 15 29 (4 8)
29: 1 (40 15) (13 3 18) 23 (8 35) 5 (19 20) (7 38) 10 (24 21 26 14) (22 32) 27 6 2
30: 16 2 (36 1 4) (35 24) 21 15 (7 10 40) (25 38) (13 3 20) 28 14 (31 23)
31: (4 34 16) 38 (10 13 40) 33 (35 3 28 7 14) (8 2 20 15)
32: 22 (37 3 25 5 38 16 23) 1 (21 35 15 20 28) (14 29) 7 24 (2 11 6)
33: (35 23 29) 24 4 (33 38 8 40 21 10) (34 28) 13 27 6 (1 20 2 7 25 14 3)
34: (27 13) 20 (6 14) (1 4) 38 (2 28) (34 3 15 35 7) 10
35: 3 15 (25 28 39) (7 1 13 5 14 23) (4 21) (29 30 12 22) (16 35) 38 8 2 6
36: (2 3 40 20) (28 1 22) 6 (21 35) 17 25 (34 23 38) (7 30) 13
37: (3 6 7) 28 13 10 2 (1 25 34 5 23) (20 4) (14 35 32 40)
38: (22 6 28) (35 20 8) (1 34) 23 (13 3) 14 (40 15)
39: (22 38) (1 16 2) 28 (6 7 13 3 30 4) (20 35) (34 23)
40: 29 (13 8 20 7 12) 34 23 (14 32 3) (15 4 38 35 40 6 22 16 2 21)
