40 40
1: 18 (27 4) (32 10 36) 40 22 (24 31) (6 17 9) (23 38 1) 29 33
2: (10 23) (30 16 36) (24 33) 13
3: 29 21 40
4: 25 (40 23 8 4) 6 (15 18 11) (38 28 30 16)
5: (26 37) 9 38 (12 32 21 31 22 16) 18 13 (7 15 28) 6 14 8 5 (10 24) (27 20 19 30) 17
6: (34 14) 31
7: (4 17) (23 31) 8 (5 32)
8: 26 (39 11) (27 1 6) (25 2 4 8) (33 34 9) 23 (17 3 12 10 16) (24 37 22 29 30 15 20 28) (5 40 38 21 36) 32 (19 31) 35 13
9: (1 27 11) 15 (8 9) (29 12) 16 (13 5) (10 4) (40 28) 35 25 39
10: (7 1 22) 35
11: 27 (36 2) 5 40 20 (12 35 1 15 38) 30 21 10 (34 3 4) (19 9) 22 (18 26 23 28 32) 33 (13 25 37) 6 14 (31 39 7) 29 (16 8 24)
12: 3 (10 11 20) (8 35) 22 30 (33 21) (27 24) (32 28) (29 39) (15 12 34 40) 17 (31 1) 7 (4 38) (19 14 36 25) 26 (9 13)
13: (5 26 28 27 35 17 19 4 6 30 23)
14: 4 28 (38 13 9 5) (27 26 40 15 16 36 8) (23 33 11) 22 (3 18 31)
15: (5 27 22) (4 7 28 9 19) (26 25 30 39 37 13) (14 29)
16: (19 2) 21 (17 40) 22 (8 34 6 13)
17: (26 22 14 6 9) 25 13 (12 18) (31 33)
18: (5 15 23 36) (7 26 13 18) (27 14 34) 37 (6 4) (22 28 3 20) 8 35 (16 40 17) 25 2 38 21 30 19 32 (31 11 12 24 39)
19: (38 32) 29 (12 27 9) (34 30 14) 23 (20 10 7 3 11) (35 4 1 16) 18 (31 19 24 5)
20: 37 (15 5) (38 8) 33 (13 25 9 18 40) (6 12) (34 20 17 22) (35 24) (36 2) 28
21: 18 (38 31) (35 12 14 37 2 7)
22: 37 (10 39 26) 9 27 16 22
23: (16 4 17 3) (22 2) (1 11 36) (6 23) (19 12 29 10 38) 14 (35 34 26 8 37 32) 40
24: 26 14 (28 32 33 30) 1 (21 9 8 29 2) (10 38) 16 (5 25 35 40) (22 24 15 13 17) (20 37 36) 3 (7 18 12) (31 23)
25: 32 (2 9) (24 36) (28 29 18)
26: 30 23 18 (7 13 40)
27: 20 25 (28 24 26 5) (2 31 14 11) 3 37 (23 35)
28: (39 38) 5 8 9 (14 27) (16 11 13) (23 20) 6 (19 12) 10 29 35 (1 40 24) 3 2 7 22 31 (18 25) (36 28) (21 4) 15
29: 26
30: (36 28) (23 16 7 14) 19 38 (24 35 33) 6 (3 5 1 20 4) (18 29)
31: 28 12 (10 4) 35 19 3 (9 34 14 18) (33 11) (24 40 13 17 23 1) (7 26) (2 8 31) 36 38 (15 37 39 21) (29 25) 30
32: (4 9) (34 40) 6 39 31 27 36 (30 3 1) (38 11) 21 13 32 19 (35 18 20) 2 22 (37 8) (17 5) 33 (16 26 24) 28
33: (27 17 35) (1 8) 39 21 (24 20) (9 34 40) (14 29) (2 13) 22 (5 30) 10
34: (32 14 26) 4 12 (17 24 37) (21 10)
35: 35 (25 14 19) 16 22 8 (39 11) (5 33 38 13 12) 40 (26 2 3 18) 17 (31 24) (36 10) (15 21 23 7 1 32) 9 34 37 6 (20 30) (29 27 4)
36: 10 40 23 15 22 2 (9 35 12)
37: (17 34 6 24 25) (3 18 7 9 36) (35 11) 26 28
38: (19 32) (12 34 25) 5 (24 18) (23 29 15 17 8 14) 9 30 (28 11) (7 20) 4 27
39: 19 (39 24) (26 31) 4 32 (2 25 35 27 15) (8 37) (22 11) (30 14) 28
40: 12
1: (31 30 1 9) 32 28 12 23 35 (11 33 19 24) 8 10
2: (36 31) (39 11) (33 18) (24 20 8) 16 28 (27 35) 25 21 (23 32)
3: (35 8 23 12 11 32) 30 14 19 31 (28 24 37 18 27)
4: 1 19 (32 38) (8 35 15 18) 14 (28 13 23) 7 (12 4) 9 (11 30 39) 31 34
5: 27 14 (33 8 18) 32 28 (30 24 35 13 7) (5 15 19 38 9) 11 20
6: 5 (8 35) (16 4) (23 32) (1 17 13) (20 30 28 11 37) 18
7: (18 5 31) (28 24) (37 35 15 11 30) (19 12 26 10 38) 21
8: (28 9 35 23) 4 33 (14 5 24 31) (7 20 8 32) 38 16 18 12 (11 39)
9: 14 (38 12 1 37) (24 36 8 31) 15 17 (19 22 11 5) 28 (32 25) 9 (35 33) 20
10: (8 34 36 33 19 31 5) (28 1 2 35) 11 (23 24) (12 22) 9
11: (18 32 31 9 39 4 35 19) (14 8) (37 23 27 12 28 38)
12: (40 31) (38 24 8 19 12) (21 11) 5 23 28 35 34 (18 9) (36 20) 17
13: (20 31 12) (11 28 32) (24 5) (15 35) 8 (9 14) 16 (17 33) 26 2 18
14: 33 (11 27) (24 23 6) (19 31) (38 28 30 12) (18 35) (21 5 34 39 17) 15
15: (12 4 36) (24 18) (38 31 20 35 11 9 8) (28 39 14) 5
16: (19 2 32) (5 22) 8 (18 30 4 24 9) (28 35) (14 11) 23
17: 8 (16 5 20 12 34 23 37 24 32 38) (13 33) (18 31) 7 35 1
18: 28 37 (20 18 35 19) (21 4 11 31 14 26) (24 25) 17 1 30 5 32 38
19: 16 (28 18 8 11 5) (23 30 38 13 31 32 19) 39 15 (12 35)
20: 19 12 11 (35 38 28 27) (8 30) 32 33 (5 18) 24 20
21: 11 (16 31) (35 24) (12 18 28) (3 5 33 32) 34 8
22: (5 33 10 23 36) (28 20) 11 32 (35 17 15 14 1 18 39 12 24) (16 22 8)
23: (28 14) 2 24 (18 8 38) 26 19 11 (7 13 35 23 1 27) 4 31 (36 30)
24: (25 30) (2 8 39) 38 (5 24 20 1 19) (18 31 11 37 12) (32 35) 27 33 (28 34)
25: (39 15 31 11 12) (24 9) (27 8) (38 20) (35 18 28 37) (4 17)
26: (13 37 15) (22 39 23) (32 5) (14 8 24) (18 35 29) 11 (31 27) (34 12) 17
27: 32 15 13 11 (33 35) (5 12 1) (28 14) 22 (9 19 18) 38 39 8
28: (31 30 8 24) (11 5 38) 20 (14 18 27 9) (13 37 32 12 15) (4 39) (25 28)
29: (11 3 30 24 25) 1 (19 28) (38 33 15 8) 9 31 23 (35 12)
30: 32 4 38 15 (26 8 18) 33 (2 24) (11 12) (19 39) (31 5) 35 13
31: 7 (5 1) (31 24) (6 21 19) 17 (35 11 27) 8 (32 39 28 14 12) 18
32: (23 39 25 1) (11 5 12) 7 32 (8 35 34) 24 (19 18) 38
33: (17 12) (31 32 2 1 35) 8 (20 11) 30 24 14
34: 37 (11 19 23) 38 (31 32) 6 (18 16 8 12 20 35 33)
35: 28 (27 10) (13 35) 31 (30 24 20) 8 (18 39 36 12) 21 (11 32 33 9 37) 23 19
36: 28 (12 1 8 14) (11 35) (2 24 30 20) 31 (25 23 18 32 37)
37: 20 35 15 (8 18) (34 24) (5 23 32) 31 (22 21 27 11 39)
38: (4 35 8 21 20 1) (5 19) (11 32 24 12 14 23 30 18 31 28)
39: 18 12 (11 8) (9 31 22 39 28) 32 (35 33 15)
40: (23 1 16 33) (11 35 3) (31 12 9) (32 14 26 18) 20 (24 36 4 8) 28
