40 40
1: 39 (1 16 29) (9 25 36 31 7) 11 3 (4 17 10) 32 (20 40 5 21) (35 18 13 38 2 28 22) 12 (6 27 24) 37
2: 1 (33 18 16 13 38 14 29) 31 28
3: 18 27 (40 32 3) 37 (28 4) (9 30) (11 35 13 29 8 15 26 24 39 38 25)
4: (1 24 8 22 11)
5: 19 (40 1 29 9) (25 27) 10 17 (15 8 37 31) (23 6) (5 28 22 36) 3 18 (4 38) (30 13 12) 33
6: (20 39) (19 10 17 26) (34 2 12 9 1 14 40 30) 38 (32 36 28 4) 6 (15 21) (35 5) 22 13 (11 24) (31 29 8 27)
7: 5 24 (26 17 36 9 14) (12 27 34 11) 10 40 23 25 (20 6 15 2 21) (30 7) (38 29 31) 1 (22 18 4) 3 39 (13 28 19 16 33 8 32)
8: 40 (20 16 7 21 37) (13 33) 22 14 31 (17 24 1 18 9) 4 (2 35 34 8) 32 19 28 25 29 36 12 (38 11 6 27 5 15 39 30)
9: (6 8 38 27) (28 36 2) 16 (1 17 33) (31 34) 12 (25 29 30 13 22) (15 32) (14 37 40) 7 9 (35 23 21) (20 11) (26 24) 10
10: (26 22) 27 (19 34) (29 37)
11: (24 38) 8 1
12: 19 (26 35 1 29) 20 (16 40 4) (24 21 34) (17 18 33 27 5) 12
13: 18 (5 22 17 20) 19
14: (33 18 8 35) (40 11 17) (20 27 10) (30 39 12 2) (37 3) (19 23 13) 38 34 (14 26 16)
15: (6 10) (33 40) (2 30 37 19 34) (4 27 16 3 23 38) 32 1 (7 8) 35 36 (29 25 28 20 17 14 26) (12 13 22 21)
16: (29 21 4 6 9 35 12 13) (38 25) 32 23 22 (1 26) 27 (16 36 30)
17: 24 (36 40 2 23 28 29 26) 37 (11 10 22) (30 17 19) 31 (15 16) (33 35 13 32)
18: (14 22 1) (16 35) 20 (7 17 34 18 5 27 40) (2 3 33 38 19) 13 28 (11 36 25) 31 (39 10) (4 9) 30 (6 15 23 32 21) (29 26 12) (24 8 37)
19: (25 12) (11 33) 18
20: (6 30) 15 32 (18 8) (24 16 26 12 13) (14 5) 35 (21 33) 22 (2 37 10 17 11 4 39 27 40 28 7 36 19) 31 (23 1 20 34) 3
21: (1 20) 6 (40 8) 17 35 (24 15) (39 3 14) (16 31 7 5 4 18 29 2 38 28 32) (23 27 19) (33 21) 9 (36 11) (25 26)
22: (12 22) (23 30 9 17 15) 5 (37 19 36) 24
23: 4 (33 11) 1 (39 27 12 40) (15 25 2) (18 7) (36 3) (28 38 23 22 34)
24: 23 (28 10) (15 17 11 40 35 5 1 6 22) 21 (13 34 2 3) (31 20) (14 33 19) 18 (8 29 24 36 39) (38 12) (16 9 27) 32 26 30 7
25: 8 (22 35) (40 25) 21
26: (37 14 29) 4 (18 10) (33 16 36) (30 25 35) (1 24 22) (13 20) 31 (12 23) 11 (3 21) 8 38 34 (2 32 40) 28 (9 6 17 27 26) 19
27: (23 39) (6 1) (24 32 25) (14 18) (37 28 26 7) 9 (22 4 21) 34
28: 40 (25 11) 13 (7 16 37) 29
29: (37 25 3 8 12 23) 28 (31 26 24 36 32 5) (18 38) 29 13 34 (40 19) (27 39) 9 (6 16) (20 4) (10 15) (7 30 33 35 2 22)
30: (36 23) (31 24 1) 18 (40 15) 20 6 (38 19 4 9 34) (5 3) (29 22) 30 (27 2 7 12 32 13 10 14 11) 16
31: (17 6) 35 33 31 (7 25 22 27 11 18 21 15) (8 30 37 13 9 16 19 40 24 26 38) (3 1 20 39) (32 36) (4 34) 28 (23 2 5 29) 12 10 14
32: (24 28 15 18)
33: (21 7 38 32 12) (13 26 31 30 19 1 17) (33 10) 34 5 (29 22) (23 37) 18 2 (27 39 6) 35 8 (11 4) (24 9) (28 3 25 40 36) 20
34: (3 15) 32 (2 1 11) (39 14 5) (25 38 17 13 35) (33 19 40 31) (29 34) (37 26) 10 (22 36 12) (27 28)
35: (29 32 23 28) 39 (20 5) (17 2) (27 19)
36: (18 30) (1 33 2 32) 13 (36 16)
37: (21 28 23 1 29 24) (40 16) (32 27) 33 (11 13 2 7 10 35 15) 19
38: (15 21 30) 25 (8 13 40 16 27 31) (6 19) (18 10 11) (5 3 17 9) (2 33) 29 34 4 38 26 (14 7 32 20 36)
39: 23 (7 33) 12 36 30 (18 31 35 21) 38 (22 25) 9 (15 27 28) (8 19 6 34 24 20) 3 11 39 40 26 37 16 17 4 13 32
40: 19
1: 20 8 (11 7 33 23 36) (2 31 16) 6 (30 24 1 34) 4 (5 15 9) (12 37 21) (26 27 18)
2: (7 26 23 20 15 21) (8 9) 38 (18 35 29) 30 (31 1 37 34) (17 6 36 14) (24 33)
3: 24 (33 20) (7 29) 30 (3 38) (23 34 31 1) (15 39 26 18 14) 21 5
4: (5 6) 27 33 1 (7 18) (8 30 12 38 3 39 29) (20 21 23 15) (31 16) 26
5: 20 5 30 (22 24) 7 1 (6 38) 13 (35 21) 12 34 31 18 (33 8 29)
6: (29 15 7 9 24 26) 39 (18 31 27 16 33) 1 (38 20 30) (6 5 21 8)
7: (21 24 1 28 15 31 9 7 38 18) (33 23 8 39 37) (20 30) 27 29
8: 11 24 (31 39 18 15 20) (25 29 9 6) 3 5 14 33 (8 38 7) (26 21 4)
9: 3 22 (9 26) (16 30 5 38) (33 39 6 18 1) 31 (29 27) (24 21 8 7)
10: 38 (9 7) (6 26 30 29 37) 17 34 18 (1 20 33) 31 (24 5 15 14)
11: 23 9 (37 34 1 33) (24 21 3 7 31) 20 8 26 17 28 (18 38) 30 19 39 (4 6) 14
12: (20 31 24) (23 14 16 9 1 26) (7 12) (5 33 22) 34 (15 29) (19 30) (39 8 18 6)
13: (5 9 18 7 15 29 6 17 26 33) (20 30 37 24 28 16) 36 14 3 (1 39 38) 8 (34 31) 2
14: (18 20) (2 38 27) 7 (24 31 6 9 34 15 30 21) 8 14 26
15: 21 20 7 (31 32 39 23 30) 18 (34 37) (8 38) (24 6) (29 9 22) (5 17) 3
16: (26 37 2 17) (9 29) (20 36 14) 7 16 (1 12) 21 24 (38 28) 8 (18 30) 39 (15 31)
17: (14 9 5 35 21 31 13 33) 7 (38 26) (34 12 17) (18 8) (6 24) (22 20 1 15 39)
18: (31 23) (24 8) (38 30 39) 1 7 (27 2 19 26) (5 29 12) 14 18 (3 36) 13 (21 32) (20 33)
19: (33 31 18 5 40 14 21 7 20 8 15 35 29 24) 34 30 13 10 (39 17 26) 37 12 22 38 6
20: 35 21 6 (9 12 33) (31 39 29) 1 14 (8 7) (26 30) 13 (24 15 20 38) 18
21: (9 25 15 18) (27 38 12 20 1 26 24 21 7) (8 16 39 31 6 33) 37
22: (13 22) 1 5 (29 18 27 7 24 25 6) (23 39 26) (9 31 17 16 30) 33 (20 10 8 15 4 34)
23: 18 9 (15 17) 20 (33 24 30) (39 21 27 5) 31 (37 29 26 23 7 14) (22 35) 16
24: (4 8 6) (22 1) 30 (12 31) (18 27) (9 26 21) (7 24 17 32) 20 11 (33 37) 39 29 3
25: 9 27 (7 39) (34 18 29 31) (19 1 25) 5 (26 33 28 23) (21 3 38 8 15) 16
26: 14 6 20 24 16 (3 12 17 34) (7 29) 27 9 (18 15) (33 21 39 26 10 38 31)
27: (7 30) 14 (21 23) (15 35 10 26 16) (37 6) (34 5) (8 39 9 3) 33 (18 12 29 38 24) (20 31 1)
28: (27 2) 5 (17 1 15) (24 18) 39 (34 33 9 3 29) (26 23 31) 20 6 (7 8) (21 35) (32 37)
29: 16 (5 24 35) (6 21) 10 34 (17 7 26 12 18 2 1) 28 37 (38 33 30 9) 31 (8 29) (3 15)
30: (36 17 33 18 39 20 22) 16 (14 31 8 30) (3 9 6) 5 (15 7) (29 26 38 24)
31: (7 29 5 2) (17 38) (18 26 33 30) 1 (9 21) (6 8 39 20) (24 34 31)
32: (27 15 35) 1 26 34 8 (39 24) 31 9 (21 36 20 30) 29 17 (37 3) 16 (18 33 6 38) 7
33: 8 (24 12) 19 39 7 (14 38 26 29 18 23 5 31 34 9 33 37 15 21) (2 20 36 17)
34: (10 7) (15 6 23 31) (12 24 34 18 33) 29 (8 39) 20 (26 9) 27 (30 14) 38
35: 29 (25 21 8 26) (34 12) (24 31 14) (1 39 20 37) 3 (9 16) (33 18) (15 17 6)
36: (9 31) 38 (26 7) 20 (23 1 6) (33 39 36) (29 34) 18 (21 8) (15 30 16) (5 22 17 24)
37: 14 9 (28 18) (22 20 29) (15 39) (31 10 3 33 26 34 5) (8 27) (17 1)
38: (29 15 26 1) 2 9 (31 8 39 38 14) 18 (11 23) 21 (30 5 6 34 16 3) (7 33 24)
39: 24 33 6 (31 7 23 39 29) 21 3 20 27 (14 18 8 34 1 35)
40: 30 28 (26 24 6 9) 31 5 (37 34 33 39) (15 38) 12 3 7 (1 23 14 17) 25 (29 21) 20 (8 18)
