40 40
1: (17 26) (18 7 30) 6 (4 33 3 9 39 32) 37 (2 24) (11 15 28 1 20) (22 36) (40 5) (8 19) (16 21)
2: (5 16)
3: 9 5 (13 27 16 12) 34 (20 2 8) 22 (37 4 3) 38 32 (19 25) (28 24 17 30) (18 21) 36 (1 15 29) 11 (39 35)
4: (34 20) (28 1) (19 21) (30 35) 16 10 12 (39 14 22) 17 (26 6) (4 31)
5: (7 11 8) 4 (21 34) (26 14) (22 17 15) 2 12 (37 28 40) (27 5 1) (30 39 20 16 35 31)
6: 22 15
7: (10 7 28) (5 20 4 24 21) 14 (8 30) 36 16 12 (1 13 33 11) (40 35) 19 29 (15 32 3 17 18 25 22 37) (27 9 39 23)
8: (11 2) (4 26 10 18) 40
9: 9 36 (14 28 29) (39 4) 11 6 (34 17 21) (8 18) (32 3 24 13 37 23) 7 10 (15 22 38)
10: (31 36 28 26) (25 21) 33 3 (39 35 29 38) (5 19 40) (11 24 12) 13 30 22 27 (34 15 7) 17 8 (4 37) (10 23 9 14 6) 16 1 20
11: 18 22 (37 8) (31 28 17 26 23 34) 39 (32 6 9 35) (24 1) (13 25) (16 19) (38 36 10 12 21) 3
12: (10 29 37 3 40) 35 (7 21 2 8) 26 (17 30 20 13 24) 16 28 (6 1) (11 14 9) 22
13: (26 15) (8 24 7 29 3 6 2) 20 (13 32) 36 28 (30 18 38) (21 27) 19 33 (10 1 25) (17 23 37) (9 40) 12 4 (11 31 14 16 35 39) 22 34 5
14: (4 26 3 28) (14 6 2 13) (31 1) 17 (35 39) 10 8
15: 11 40 24 34 (29 10 7) 4 (32 12 9 3 27) 33 (35 25) (28 8 14 18) 21 39 (13 16 1) (17 31 36)
16: 37 (27 24) 15 6 (1 12) 26 29 32 38 (7 25) (33 16) 34 (10 36) (20 31 11 5) 4 (14 40 28) 39 (3 21 19) (35 17) (2 13 22 8 18 30)
17: (4 31) (15 23 9) (40 1 22 21 18) (28 8) (19 32) (34 7 13 3 24) 12 14 (10 2) (17 35) (20 11) (37 5) (36 6 30) 38 (25 39 27)
18: (40 24 14 18 22 5 26) (25 38 23) (15 8) (33 12) 37 19 9 (6 1 7 11) 34 (16 39) (4 27 10) (3 30) 13 (21 17) (36 20) (32 2) 31 (29 28)
19: 4 22 1 25 (15 37) 17 (33 34 38 8 39 5) 36 (26 23 9) 24 (20 10 18) (40 32) 12 16 (28 29 14) 27
20: (35 19 21 37 22)
21: 35 22
22: 12 6 (15 24 31 32 23)
23: 23 40 38 (18 35 34 8 24)
24: (17 21 34 37 26 6 18 5) (24 39) 36 (40 16) (35 30 32) (28 10 7 27 29) 31 (23 4) 38 (19 33) (25 8) 22 (2 15) (12 11 20) 9 (13 3 1 14)
25: 25 33 (20 16 37 40) (39 7 32 10 17 27) (22 30 31) 6 (2 26 12 18) 19 (15 1 8)
26: 12 34 2
27: 31 (1 15) (35 5) 18 (19 23 7 2 10) (37 11) (14 27 26 32) (36 28 16) 38 21 13 (20 40 22 39) (34 4) (30 9 29 8 3 17 33)
28: 29 25 (14 24 33 38) (27 13 1) (2 12 23 10) 21 35 18 (40 16) (5 15 36 39 31) 4 (17 11 34) (30 9 19 7 6 22 28 37) 8 (32 26) (20 3)
29: (3 9) 38 (10 32 1) (20 34 15 25) 18 (13 36) 28 (35 22 37 5 8 16 11) (2 33) (30 7 23 17) (6 14 29 39 40 21 4 26) (12 19)
30: (36 13 5)
31: (20 23 31 3 29) (35 7 8 16 10 12) (2 9) 22 (34 24)
32: 26 (17 38 20 25 2) (30 9) (8 6) 10 7 40 14 (28 5 33) (23 1) 13 4
33: 1 (28 33 3 29) (35 36 5) (18 7 19 37) 6
34: (16 11) 1 (32 39) 38 (40 7) (22 20) (8 6 18 25) (13 26) 14 (12 36 35 2) (31 30 34 19 15) 23 37 21 (24 28) (10 17)
35: (22 39 32)
36: 29 (39 25)
37: (26 13) 38 (28 19) 6 (3 4 24 21) 33 (7 39 11) 20 23 17 31 (36 15 9)
38: 14 (1 28 3) 34 26 (22 8 10 17 38 24) (39 15 6 36) 29 (13 33) (9 25 31 35) (20 30 2) (32 4) 40
39: 5 (26 1) (32 14) 18 30
40: 28 18 (38 16 29 6) 39 (36 3 34) (9 27 20 21) (25 15)
1: (11 14) (10 32) (19 33) 16 (15 4) (17 12) (34 29) (24 38 13 7) (5 18) (3 27) (1 39 28) 25
2: 16 (38 17 32 1) 8 5 (13 27 26 29 34) 14 (25 3) (12 28) (18 24 31)
3: 28 18 (9 3) 24 37 (13 7) (29 12) (33 40 17 14 16 11) (31 15 38) (1 27 10)
4: (1 28 8 9) 24 32 (38 16 15) (19 27 17) (14 18) (29 4 37 7) 10 (3 5) 13
5: (5 17) (7 28 3 18 39) (19 13 10 32 2) (29 33 16 24 1 27 30)
6: (14 11) (22 33 29 32 24) (16 12 4 17 10 37) 18 38 (1 34 9 28) 40 25 13
7: (17 28) 33 (12 27) (32 13 31) 24 (18 15 25) 9 (7 10) (5 37 29) (34 16 1)
8: 18 14 (38 31) 9 17 (23 10) 16 (13 12) 5 (7 15) (34 28 25 19 11 29) 3 (27 24 32 1)
9: 38 (18 11 9 37 27) 15 (10 1) 28 13 (24 29) 31 (3 17) (12 7) (40 32 19)
10: 7 11 (14 31) 10 (32 9 29) (28 8) 13 (12 4 19 17 34) (25 38 15) 16 (18 24) 27
11: 27 9 (37 10 15 18) 8 29 (34 1) 7 5 12 24 28 (3 13 17) 16
12: (10 24 22 26 29 34 11 31) (4 25) (16 13 19) 15 (17 3 5) (18 28 7)
13: 29 7 (27 12 13 14 3) 18 24 38 (28 34) (16 37) 15 (17 10) 32 (9 30 11)
14: 5 (29 19) (39 32) (12 14) (24 10 4) (7 15) 34 (16 28) 38 (18 13 27 17) 9
15: (28 6 1) 3 22 (13 25) (37 24 19) 9 (17 27 34) 10 16 29 40 (7 18 5 38)
16: (12 7 29 13 31 2 27 34) 10 11 15 16 19 18 40 (1 3 4 25) 24 (5 28)
17: (10 18 34 25) (27 5 17 4 14) 29 11 7 (28 32) 15 (13 3 12) (24 19 1 38) (37 16) 9
18: (7 28 24 25 8 15) (13 40 17 34) (11 9) 19 (39 18 29 23) (16 27) 3 (1 33)
19: (18 29) (34 10 16 11) 13 (25 28) (4 24 3 27 20 37 1) 7 (33 17)
20: (29 38 25 17 31) (37 18 28) (24 34 13 27 3 16 7 5 19) (32 40) 12 (4 10) 1
21: (7 12) (40 4 17 15) 27 (13 29 3 10 24) 20 (34 16 9) (5 1) 11 (28 37 18)
22: (28 31) 34 (13 1 25) (21 11) (4 19 7 18) 3 (27 24 17 29 38 35 12 10 5) (20 16 6) 9
23: (13 7 10) (11 23 24 18 27 29) 34 22 (37 17) (9 28 19 31) 32
24: 17 12 (34 10) 15 (37 7 11 9) (19 23) 1 (28 24 3 18 13) (16 22 31 38)
25: 16 (25 29 19) (24 36 32) 34 15 11 (17 40) (28 7) (3 18 13) 38 10
26: (4 5 14) (29 28) 16 (11 10 25 37) (34 12) 8 (39 1 18) (13 38 19 24 32 27)
27: (5 3 24 10 13 19 17 15) (25 27 7 18) (40 16 28)
28: (14 27 15 37 9 18 1 28 3 12) 38 29 (17 11 10) 4 32 33 16 7 40 (34 19 24) (13 5)
29: (36 12 28 24 33 27 19) 13 (40 16 10 31 38) 7 29 18 9 (3 15)
30: 7 18 12 (17 25) (38 39 3 27 29) (16 1 32) (34 24) 28 (5 10) 13 4
31: (22 14) (37 18 10) (16 25 28) (5 24) (27 17) (4 11) (34 38 31 15 13)
32: (7 27) (22 35 28 19 1 38) (29 9) 39 3 (13 25) 34 18 11 17 (16 24) 15
33: 15 (37 27 32 38 25) 16 (29 33 1) (10 18) 24 (13 7) (19 28)
34: (19 11 29) (5 4 31) (23 15) 9 18 (13 3 40 34) (24 38 10 27) (16 28) (17 26)
35: (12 27 23) 15 4 21 28 (20 11 14 16) (31 24) (38 10) (7 17) 5 29 (33 34 13) 3
36: (28 40 7 1 13 24 30) (17 29 34 11 3 27 38 16) (37 19 33) (10 15) 9 18
37: (10 13 34 28 27) (29 33 11 25) (7 1) 12 (24 17 3) (18 20 19 9 5 16)
38: (16 11 34) (10 3 23 19 28) (27 24) (37 9 18 40) 32 (17 29 38) 13
39: (25 16 1 37 9 17) (24 40 4 28) 3 (15 7 29) (14 38 5) (11 18 34 36 19 10) 13 27 35
40: (7 19) (24 17 28) (18 16 29) (8 12 5 25 1 10 32) (38 23 13) 34 (27 15)
