40 40
1: (14 19 5 10) (27 17 31 24 13 29) (39 33) 36 37 (8 38) (23 34 3 12 30)
2: (20 39 33 18) (13 23) 28
3: 16 (37 40 31 33 3 30 21 17) (7 9 38 15) (4 22) (5 25) 1 (35 32) 19 10 (26 6) (36 14) 12 (13 29) 20 34 27 28 8 (39 24 23)
4: 40 (39 1) 9 (19 17 26) (16 36 13) (32 7) 2 (22 29) 37 24
5: 29 (38 9 33 5) (39 35) (40 8 26 21) (1 28 15 36 13 12) 31 (7 32)
6: 5 (12 13) (36 24 2 19) 23 (8 40 35 27 11 31 39 10)
7: (4 13 35 29)
8: (25 4) 40 35 (34 22 29 37 32 9) (5 15 38 26) 33 18 (10 23) 6 (31 2) 21 39 19 (12 28 8) 17
9: 4 (22 17 31) (7 19 21 37) (36 27) (29 9 10) (11 26 6 1) 14 39 (33 18) (40 20 16) (24 34 23) 5 25 28 (13 38) 2 (8 32 12 15)
10: (27 17 6 39 24 36 12) (31 20) 1 (13 18) (2 34 14) (37 21) (26 23) (28 29 15 9 30 35 3 33) 5
11: 1 (38 6 20) (16 36) 7 10 24 14 (28 3 12 33 8 29) (15 13) (25 34) (21 27) (37 11 19) 40 (26 31) (35 17 32 23 30) (5 39)
12: 12
13: (24 14 1 26) (40 28 19) 4 (29 12 10 39 3 21 22) (7 15 30 18 6 32 20 33 34 31 5 8 36 35) 25 37
14: (6 20) 7 (32 33 30 39 11) (35 27) 5 (37 19) 28 36 2 31 21 (1 23 8 40) (15 14 26 3 4) (13 10)
15: 7 (14 8) (38 11) 39 33 9 (5 28 12) (10 23) 16 (15 34 35 32 40) (26 6 27 18) (30 2 36) (3 17) (29 20 13 37)
16: 29
17: 20 23 1 3 (32 18 7) 29 (30 36 33) (19 11 27)
18: (35 21) 11 (33 5) (12 30) 3 38 (23 19 8 16) 2 (1 39) (27 28 26) 13 36 (37 24 4 14) 22 25 (15 31) (20 10 17) 40
19: (25 1 17 19) (23 18 32 10 35 12 16) (2 30 5)
20: (4 31 32 25) 19 (35 30 38 5 39) 29 (28 21 6 2 40 11 14 23 22 8) (10 37 33) 17 18 36 13 (9 7 24) 15 16
21: (1 31 35 26 13 29 6 11) (38 22) 19 (24 18 25) 20 (28 2) 39 4 15 (17 33) (14 30 37 23 36) (8 34 3) 27 7 (9 32 16 12) 10 21
22: (6 29) (34 12 7 18 27 23 3 36 37 13 24 28 38 2) 31 33 (25 8) 14 4
23: (25 24 30 13 3 20 27) (22 21) (15 23 10) (8 40 32) 4 (35 17 11) 14 1 19
24: 18 9
25: 5 (1 40) 30 (16 3) (10 22 34) (4 33) (17 24 37 2) (25 13 26 14 32 7) (23 27) (20 31 18 8)
26: 21 (6 7 40 16 18) 38 (14 10 39 5 13) (29 17 19) 3 33 (30 24) (26 37) 36 (32 4 11) (25 9 12 23 20 28 1) 31 2 (8 22 35 15)
27: 7 32 (13 12 36 34) (16 10 14 23) (18 9 19 5) (31 38) (28 4 8 3) (40 37 15 26 30) 35 (22 6 27 1) (11 33) (17 39 20) 21 2
28: (38 4 13 25 28 1 26) (6 8) 3 (23 22 21 27)
29: 21 (39 14 29) (3 10 19) (30 25) 13 1 23 (4 37 32 18 22 20 38 26 28 27 17) (34 16 2 31 33 9 15 11 8)
30: (39 36) (20 26 12) 22 13 (14 3 31 17 11 23 24 2 34 6 38 4 21) (7 19 9)
31: (7 6) 39 (10 18 2 31) (9 11) 14 (5 40) (17 23 34 1) 4 28
32: 20 37 19 32 (18 6) (28 10) (7 3 23) 31 (29 14) 16
33: (39 15) 5 12 21 (19 25 3) (29 40 27 4) (23 1) 36
34: (40 39 25) 31 26 (13 15) (2 3 10 35) 28 36 30 (12 14 32 20 1) 33 (18 8 27 17 11)
35: (4 33 5 31) (13 9 10)
36: (40 23 17) 32 (13 3 16 38) 25 (27 4 31) (34 10 20 12 1 28 11 15) (30 8 22) (5 9) (36 14 6 7 35 24) (18 21 39) (33 2) (29 26) (37 19)
37: (18 36) 1 25 19 (7 12) (5 32) (22 15)
38: (7 31 20 2 28) (27 21 38) (34 18 17) 14 (10 15 40 5 37 11 26 25 12 24 23 3) 35 16 33 9 (22 4 32 29 6 39)
39: (11 32 21 23) 35 (8 39 5 15) 16 (33 38) 40 (22 28 18) 7 26 (13 3 31) 27 17 (25 20 36 19) 6 2 (29 37 10 34) (24 30) 12 (9 4 1 14)
40: (14 8 33) (31 27 11) (25 21 32)
1: (26 39) 34 33 (14 37) 5 29 (11 19 3 17) (13 36 4) (31 28) (27 23 18 10) (25 9 21)
2: 4 20 (27 26 25) (31 18 36) 30 (15 22) (8 21) 6 29 (38 9 10 14 19) (34 39)
3: (27 29 30 11) (10 28 1 15 32 3 39 23) 38 26 (21 22 13 25) (14 33 18 17 34) 36
4: (20 30 22) (27 9 23) (31 8 33) (14 29 21 7) 13 36 (38 25) (26 28 39) 35 3 18
5: (33 25) 39 1 (11 26 18) (19 5) 3 37 (36 10) (8 9) (15 38) (13 27) (31 14) 35 6 20
6: 28 (20 14 39 32 27) (30 38 31 22 13 21 9 26) 3 (36 8 10) 15 11
7: 14 22 13 26 (39 17) 11 31 (3 27 9 21 25 37) 30 (32 38) (5 15 36 4 20)
8: (26 1) 18 (5 11 23 28) 8 (40 20 25) (36 21) 13 39 (9 27 15 34 6) (22 29 3 14)
9: 8 38 (21 10) (30 29) (27 20) 3 (26 15 31 9) (5 24) 35 (39 4 36)
10: (36 1 26) (18 15) (20 8 6) 34 (25 38) (27 23 35) (32 31 14 21) 3 (13 11 19 9) (39 29)
11: (36 26 9 30 31) 6 39 (11 17 23) (20 14 29 38 15 18) (34 21 40) 27
12: (27 6) (30 19) 10 (37 1 36) (38 8 12 26 33 18 34 9) (5 22) (11 21 39 3) 13 15
13: (26 2 23 18 20) (15 6) 34 39 (22 5) (29 10 11 36) (1 9) 35 (3 28) (30 21 25) (4 7 14 27)
14: 31 22 (9 13 11) 40 29 (3 39 26 34 25 10) 1 (21 18) (27 32 20 38 23) (36 30) 14 15
15: 8 (14 38 34 3) (29 37) (9 10) (33 15) (26 5 21) (18 36 20 23) 13 11 27 39
16: (18 20) 32 15 (21 39) (38 11 29 25) 3 (26 36 4 27 9 19)
17: 23 (31 10 8 25) 19 3 (29 15 39 36 20 18) (30 38) 11 (34 1 4) (21 26) (27 9)
18: (24 36 34) 13 39 9 (29 19) (20 32) 27 22 17 (21 25 37) 15 (38 8 31 10) (26 2)
19: 14 (21 9 36 27 1) 33 23 20 (29 26) (17 18 13 39 11) 37 (8 4 32 6 19 3 30)
20: (17 11 39 30) 18 26 (36 14) 2 (34 29 25 38 32 3) 27 15 23 21 (13 9) 10
21: (21 5 39 26 11) 33 (3 36) 40 (29 10 18 27 30) (13 23 14 38) (28 9 20) 8
22: (39 25 9 36) 38 (13 20 8) 30 (18 4 37) (21 23) (29 3 28) (26 27)
23: (30 36) 31 17 (19 6 39 8) (11 2 21 14 18 32) 25 (20 29 33) 1 3 22 (9 27) (38 26 10) (15 28) 23
24: (1 6 13 39) 36 (10 38 18) (30 9 21) (23 11) (25 20) 22 26 (4 3)
25: 37 (18 9) 20 (13 36 28) 40 21 (34 8 22) (38 39 19 33 3 25) (29 11 26 23)
26: (3 29 39) (9 26 30) 8 38 18 25 36 28 (4 11 13) (15 27) (14 21) 34 (10 5)
27: (18 23 10 39 25) (28 27) (17 38) 21 14 (6 3 34 1) (40 15 36 22 29 11 33 9)
28: (27 9 31 13) (26 34 29) 5 (8 20 3 39 2) (32 14 36 10 18 11) 28 (15 21) 22 38
29: 20 11 (22 7) 26 (9 4) (32 17 33 21 29 16) 10 5 (1 3 36 15) (13 39 38) 8
30: (13 17) 1 (19 39 29 20) (26 36) 25 14 34 (11 15 3 21) (23 10 27 18)
31: (22 40) (13 8) (1 35) 36 (21 31) (34 6 39) 14 11 (18 29 3 10) (26 32 25 27 30 38 20 5) 9
32: (36 13) (34 38) 11 (40 5) 21 (23 3 9 14 19 15) (37 26 27 39 20 25 29) (8 32 17 4)
33: 26 17 (27 40) (5 35) (38 18 25 9 22 10 34 39 15 14 2 8) 3 (36 13 11) 21 (1 29) 20
34: (9 1 22 39) 13 31 (25 36 21) (11 38 8) (30 15 3 29) (27 10)
35: 10 (26 14 15 34 5) (27 6 7) 3 (36 23 38 11 8) 20 39 13 (21 18 19)
36: 26 17 (30 22 5 4 36 3 9 27 33) (15 18 21 11) 39 37 20 (10 13 14) (1 6) 34
37: 8 (27 38) (26 15 25) (20 14) 39 3 (36 11 9 22 21 32 10 1 13 29 18 4)
38: (36 22 1) 8 27 (18 11) (5 39 9 21 30 28 38) (15 29 26 3 20)
39: (27 15 31) (13 14) 36 (20 4 8) (39 33 29 18) 34 (9 11 26 30 10) 38 3 (2 21) (6 1 5)
40: (6 20 15 33 38 3) 23 (14 36 27 18) 26 (11 34 5) 9 (31 4 25 13 8) 39
