40 40
1: (23 30) 20 21 (7 36 10 17 40 19) (32 4) 24 (31 3 11 5 25 26) (29 1 6) (16 37 22 2 38)
2: 27 30
3: (32 22 36) (1 25) 28 (23 14) 26
4: (6 34 9) 31 40 (20 10 37) 35 (16 39) 17 (11 38) 19 (4 13 18) 8 (22 29) (27 26) (36 33 3 12) (15 23 1 32) 24
5: 36 23 (35 11 9) 10 38 (15 20 8) (24 25) (27 37) (4 3 29) 32 (40 18 26) (30 19) 17 (2 39) (16 14) 22 (12 31) 1
6: 31 (11 12) 4 30
7: 11
8: 14
9: (8 9 35 33) 12 (15 18 1 22 34 29) (39 23) 21 (2 26 11) (30 17) (28 24) (19 7 10) (37 38 5) (27 31)
10: (14 20 2 24 40) 29 13 4 16 27 (17 36) 5 26
11: (14 31 40 7) (4 6 10 11 25 17) 19 (15 3) (9 20) (2 38 1 12 33 13) 36
12: (29 20) (4 6 32 35 5 18 28) 19 12 (27 25 14 34) (16 9 1) 22 23 3 36 (21 17) (7 40) (33 37 8) (38 10) 24 (30 2 15 11 31)
13: (20 28 32 2) (16 36) (13 26 6) (24 21 1 38 18) 14 (29 35 30 22 23 9 11) 25 34 (39 4 33 31) 3 19 (40 15 27) 12 7
14: 36 20 (24 26 7) (15 34) 22 29 (40 16) (6 32 12 9 37 8 33 17 4 1) (11 5) 38
15: (30 6 33 40 28) 7 (13 17) (21 19 15) 29 (34 25 11 14) 26 (1 10 31 3 39 18 2) (27 12 37 35 22)
16: (39 23) (7 18) (12 22 32 9) (33 36 24) 29 3 (1 37) 11 (4 31 38 20 8 5) (14 35 19 30 10 40) 16 28 34 15 27
17: 20 10 (31 13 1 34 11 7) 38 (16 2 29 5 36) 33 (39 19 27)
18: 9 17 (35 4) 38 (22 18 3 2) 24 37
19: 5 1 33 38 (3 23 37) (2 29 18) (4 35 26 31 24) 15
20: 23 (9 35 32 17 31)
21: (11 10 21 4 27 5 31) (28 37 13) 12 (1 2 6) 35 (34 20 30 8 19 15 29) (22 14) (38 32) 36 (24 39 7 18 16 23)
22: 28 (27 15) 14 (32 40) (16 31 2 18 38 1) 25
23: (32 26) (17 15) (8 6 12 4) (21 23 10) (40 2 30 3 16 37 36) (13 25 20 19)
24: 18 1 33 21 (28 16) (14 35) (29 22 32) 26 (12 37) 11 (15 38) (6 10) (7 30 40) (20 19 9 39) (36 2 17) 4
25: (24 6) 10 (25 9 23 14 12 40 13 18) 20 (22 4 1 32 8 33 36)
26: (3 10) 19 6 30 9 22 16 (7 35) 28 37 (1 33 15 36 34 26)
27: 37 24 36 5 22 18 (2 32 9 29) 26 (39 12) (19 17 35) (7 40 21) (34 14 6 4 28) (15 23 13) 25 (20 1 27 33)
28: (16 19) 1 29
29: (34 4) (19 15 29 17 39) (16 6) (23 26)
30: (24 9 37 23 17 2 25) 13 (21 34) 32 (11 31 3) (10 39) 36 (7 16)
31: 35
32: 35 (29 21 16 24 19 17) 2 (5 34 33) (28 18) 38 25 23 27 39 7 14 (3 1) (20 8 6) (31 37 13) (26 40) 4 (11 10) 32 15 (22 12)
33: (21 26 14) (9 4) (1 6 12) (18 16 29 30 38 22 3 34) (11 39 28)
34: 19 (16 11) (28 7 4 21 36 2 18) (6 22 40 25)
35: (34 40) (26 11)
36: (4 18 30) 3 (14 6) (33 28 16) (31 11 7 39 9) (21 29) 37 (19 22 15 20 23 13 5 10 8) 17 (24 32 1 2) (12 35 27 26 25)
37: 23 (19 31) 9 (13 1 40) (2 5) (28 3 12 17 18 32 33 27 8 24 34 21) 37 (38 30 25 26 6)
38: (3 27) (6 23 19) (39 37 40) (16 10 24 17) 8 (11 5 36)
39: 12 (33 11 37) (13 27 6) 28 3 (17 18 21 32) (10 29) (1 19 31) (7 38) (35 14)
40: (7 20) (23 29 37) (34 15 21) 38 (30 11 35 2) 3 (6 40) 32 (10 18) (31 14) 39 16 (4 8) 1 13 19 (33 9 17 26 25 24 28) (22 12 27) 36
1: (17 40) (26 13 37) 16 33 (21 32 28 4) (39 12 22) (19 27) 24 (15 3 36 11) (5 25) (14 1 9)
2: (18 15) 40 (23 37 11 10 30 32 9 12) (34 19 21 24) (27 17 36) 1 (22 5) 13
3: (39 11) (5 37 18 19 15) (1 23 32 16) (12 4) (26 36 40 38) (30 13 33)
4: (27 10) (11 18) 12 (21 6 32 24 14) 4 (23 5) 1 34 (33 16 19 13 25) (40 29 36)
5: (38 9 10 14 37) (32 36 27) (16 19 17) (1 21 12)
6: (14 15 1 32 39) (26 23 33 11 29) (24 4) (21 12) (40 27 13 36) 38 (37 34 25)
7: 36 (24 39 16 32) (40 13 17) (27 11) (9 14) (15 1) (21 26 30 34) 12
8: (5 12 25 4 14 32) 21 (36 38 16) (37 9) (23 40)
9: (14 25 33 30 20) (5 36 4 11 24 13) (40 26 16 37 9 27) (12 18)
10: (4 39) 21 (30 1) 32 (17 12 23 40) 26 36 (25 16) (15 5) (24 11 38 9)
11: (38 35 4 40 9) (11 15 5 7) (21 6) (30 34) 36 1 (12 16) (17 33 39) 14 13 32 24
12: 14 (27 32) (4 11) (21 24 6 13) 9 33 (5 12 23 25 39 37 16 40 36 15)
13: (37 32 10) (40 4) 17 (25 36 30 11 15) (13 21 39) (23 27)
14: (5 22 32) 3 (12 24) 21 8 (11 16) 40 (36 13) (10 33) (15 39 27 25)
15: (32 11) 4 24 (16 9) 23 21 (14 26) (13 5) (36 40) 29 12 19 27 (15 22)
16: (21 32 5) (28 38 16 36 40 14 30) (34 29 13 33) (12 22 26) (17 4) (1 23) (24 10)
17: (9 39 14 30) 27 36 (29 40) 1 32 (15 12) (38 23 5 18 20) (10 24 11 4 37)
18: (40 19 36) 13 22 9 (16 18) (12 24 21) (27 39 15 34 37) (25 4) 32 (5 33)
19: (24 34 17 21 32 15 11 39 28 26 29) (12 16) (38 40) (1 36 23 4 9 27 13 37 5)
20: (36 10 25 23 14) 21 (17 24) (5 12 4) 27 (40 16 11 13) (1 32)
21: 32 (9 15) (30 23) 1 (34 40 37 12 39) (24 33 27 13) 21 36
22: 9 13 (16 4 18 36) (33 5 40 3 32 27 34 14 12 26) (1 24 21) (15 25)
23: 12 (23 40 19 32) (29 4 30 3 38 37 20 13) 21 36 (5 25 27) (16 9) 1
24: (38 32 12 25 16 10) (5 13 4) 18 (14 37) 1 9 30 19 (36 27 40 21)
25: (12 3) (1 5 36 37 22 30 27 11 13 15) (23 40) (25 32) 34
26: (35 40 9 5 37 10 27 36) (19 14 29 15) 32 26 (13 1 33 4) (3 24) 23
27: (17 10 9 15 5 2 32) (40 12 22 4) (39 37) 21 (27 13) 38 36 16
28: (39 13) (12 16 22 27) (21 32 33) 9 (15 36 26 3 24) 40 37 34
29: (29 17 27) (16 4 12 19) 1 39 15 (36 32 28) (14 5 10 33 9 21 24 13 40)
30: (21 33 5) (26 37) 40 (15 24 6 9) (36 16) (1 23 13 2) 12
31: 9 (1 36) (11 6) 17 16 (21 32 4) 39 15 37 (22 30 19) 13 (20 5 40 12)
32: (39 22 20) (13 25) (21 24 14) (3 30) 16 (1 32 40) (12 36 27 4 5 37 23)
33: 19 (12 15 13) 36 40 11 (39 4) (24 37) (17 25 16 32 27 9 14 26)
34: (37 14 32) (9 4) (40 15 12 13 35 26) (30 17 29 33 21 16) 27
35: (13 20 24 39 12 32 40 9) 18 (5 4 26 15) 21 31 27 16 (36 19)
36: (12 23 11 30 21) (24 40 17 14) 3 (1 13) (38 34) (27 10 16 25) 26 (4 5)
37: (26 12 24) 36 (9 1) 18 21 30 5 (39 40) (38 4 32 23) (16 14) (19 15) (37 27)
38: (4 32 16) 24 (21 37 40 1 11) 19 (13 12) (14 9 33) 39 (17 5 18 22)
39: (16 17) 30 (13 9) 24 (15 27) (21 32 29 38 36 5) (4 33 40)
40: (25 4 12 15 16) (24 38 11 35) 32 22 (13 34) 37 (27 10) 23 5 (14 40 1)
