40 40
1: (11 7 18) 17 (1 33 22) 8 (23 10 13 29) 2 (31 14 30) (19 39) (27 25) (26 21) (16 9 6 36) 40 (12 20) 3 38 (37 15)
2: (33 23) 19 (14 15 8) (39 17 30)
3: 16 (15 27 21) (4 25 20 32 10 3 33 30 29 34 17 22 19 28 13) (35 38 8) (11 9 23) (6 40) 39 (2 31 36) (7 24)
4: 31 (36 1 35) (32 4) (21 23 8 13 40 16 5 12) (27 33 26 7 22 10) 9 6 39 (37 28) (2 11 24 38 14) 20 (29 25 18) 15 (30 34)
5: (10 7) (30 29 20 32) (35 19 11 17) 33 2 (27 39 18) (37 8 21) (28 6 40) (38 14 31 13 16) 3 22 (23 24 12 4 5 34 15) 9 (1 36)
6: (25 13 22) 40 2 4 (35 14 11 38 10 34 31) (17 33 28) (3 27) (1 9 16) (24 23 8) 30
7: 30 (19 40) (28 13) (27 25) 17 33 (18 2 21 31 9 38 29 20 1 23) (7 39) 3 (10 12 37 5 35 32 24 26 14 16 34) 22
8: 12 27 (21 26 19) (37 5 29) (9 4 36) (35 17 11 31 13 24 18) 25 (20 10 39 32)
9: (35 22) (4 6) (31 8 30 13 19) (15 10)
10: 21 9 13 2 26 (15 3) 22 (27 36 38 28 30) (8 1 23 20) 11 (4 40 16 24 35 34) 33 (29 19)
11: (21 35 15 14 20) 1 (27 8) (32 26) (4 12 18) (39 36 40) (6 16 19) 34 29 23
12: (33 22) (37 29 39 11 3 4 19 16) 12
13: 30 (27 29 35 13 18 39) (32 1) 4 36 (12 3) (31 25) (34 17 26) 37 5
14: 29 (31 5 21 28 37 11 8) 6
15: 17 25 (11 40 6) 32 (29 3 37 27) (4 8 31) (7 30) (10 1) 5 16 (18 26 12) 38 (39 24 15) (21 19 14) (13 36) (23 2 35 22)
16: (28 16) (22 31 30 1 38 32) (37 34 19 4 14) (10 24 27) (36 21 13) 2 (9 8 11) (6 5 17 7) (29 18) 40
17: 11 (13 25) 28 (17 33 29 23 7 37 16 21 32 27) (12 38) (39 36 19)
18: 6 (17 10) 16 (37 15 11) (3 26 38) 20 39 (27 36 24 5) (31 18) 25 (8 1) (7 21) (40 4) 34 9 28
19: (9 22) (10 16) (5 31) (24 36 19 13 26) 8 12 14 (4 37 40) 27 (29 28) (32 17 33) (35 15 3) (30 23 20) (7 39 6) (21 1) (2 34 25) 38
20: 4 (18 20) 21 (26 3) 30 (5 36 22) 35 (17 8 40 19 13) 10 (38 33 25 6) 12 27 (28 16 7 32) (29 1 23) (9 37 34) 15 39
21: (31 32 17 3) 27 14 (15 21) 20 (22 24 38 34 40) 25 19
22: (12 3 20 26 32 24 5 37) 16 (4 8 35) (38 22) 40 19 (25 18 1 28)
23: 9 35 (40 34) (25 36) 30 6 29 (14 11 23 2) (33 21) (28 27 10 3 24) (32 7) (5 26 19 1) (20 4 8) (12 13) 15 (17 38 22) 31 (18 16)
24: 23 (16 3) (31 30 19 4 5 29 28) (27 33 12) 25 34 (18 36 7 22 17)
25: (30 32) 4 (1 36) 21 (35 20 37) (26 15) 8 (10 40)
26: 12 (5 15 10 23 27) 19 32 25 3 (1 2 33) (28 17) (18 20) 9 36 (39 13 37 7 34 6) (29 40) (16 4) 11 (31 30 21) (24 22)
27: 4 (7 20 15 27 30) 39 14 25 (23 2 11 10 12) (26 37 36) (16 13 34 18) (35 5)
28: (1 2 22 40 4) (9 36 23) (26 31) (11 3 32 16) (29 17) (38 19 35) 37 (27 14 7 39 34 24) (15 18 13) (20 8 30) 25
29: (29 6 37 14) 25 (20 4 22 11) (24 26 18 12 1)
30: (17 4 8 12) 3
31: (19 14 22 24 9 8 15) 12 40 (2 30 17) 36 38 20 34 26 35 25
32: (26 34 23) (21 15) (2 32) (16 1) (39 9 22 30) 25 (7 28 35) 31 (24 33 38) 12 20
33: 6 (7 28) (4 5) 1
34: 20 (14 7) 39 (25 10) (5 21) (17 34 37 36 2 30 22) (1 28 19 24 32 6) 13 (12 18 9) 27 11 16 31 (23 40 35 33 15 26 3)
35: (5 27) (18 39 9 30 33 4) (32 3) (16 35 23 38 11 28 2 25 15 26 37 36)
36: (18 33) 20 26 11 (34 28)
37: (16 28) (25 31) (1 24 32 9) 38 (22 5 30) (33 3) 17
38: 25 30 (38 26) (11 29) (28 2) (8 23) 34 (10 12 39) (17 5 4)
39: 40 (34 15 12 29 3 35 6 22)
40: 28
1: (7 33 29 6) 20 11 (5 34 15 10) (4 13) (28 23 16 1 26 37 19 18 32 25) 22
2: (15 4) 27 (35 26 6 38 5) 1 (34 10 31 28) 3 19 (32 16 23 7)
3: (28 18 7 26 23 15) (39 30) 24 13 (1 35 6 21) 37 22 (10 3) (34 19) (5 20 12)
4: (23 30 29) 28 (5 9) (4 19 11 6) 8 3 27 (10 20 24 15 25 12) 22 (33 26 18) 16 (38 13 35)
5: 5 20 (14 37) (35 18) (8 33) (26 13 38) 4 15 (16 19) (22 23) (24 27 34 7)
6: (19 20) (11 14 9) 1 (16 33 5 29 23) (15 39 18 34 26 4 3)
7: (17 34) (33 19) (15 26) 23 24 (3 1) (16 7 20 32 5 28) 18 4 27
8: (38 15 18 25) 23 (31 28) (20 14 6) 30 (16 22) (11 3 10) 19 (5 2 4 9 1)
9: (3 35) (19 37) (34 18) (32 20 26 1 28 23) 4 (7 16) 5 31 8 (6 10)
10: 3 (8 1 26 18 20 6 25) 38 (23 15 4 19) 34 (5 7 9) (16 27)
11: (26 34) (15 16) (3 4 28 8) (23 36 18) (38 10) (27 17 5 29) 35 (12 1 6 14)
12: 30 34 13 19 5 (17 15 24) 27 4 (23 29 12) 1 (31 20) (26 22 7) 39 (38 8) (32 11)
13: (6 16 34 9 8 7) 15 4 3 (28 20) (26 1) (5 23) 19 (13 27 10 17)
14: 16 6 (11 28 7) (31 23) 2 1 (29 5 27) (15 21) 4 (34 19)
15: (10 19 27) (35 32 18 31) (15 11 3) (9 28 39 5 23 21) 20 4 (1 26) 2 (34 25)
16: (3 24 15 32) (4 27 5 1) (22 37 12) 16 (19 34) (6 28 20) (10 35) (23 11 18) (7 26 17)
17: 38 (8 19) (24 5) 15 (30 16 28 21 2) (20 26 37 31 23) (34 7) (17 18) (6 1) (3 13)
18: (7 8) 22 (4 34) (16 26 29 23 13 15) (24 35 20) 28 (18 5 1 36) 27 11
19: (15 5 20 3) (22 11) (21 34 26 1) (2 17) 31 19 23 (8 9) (16 7 28 10 12 24)
20: 18 (21 23 34 36 11 22) 28 (3 10) (26 31 19 7) 8 (1 4) (32 27) (29 25) (5 20)
21: (21 19) 34 25 (20 3 15 32) (16 1 14) (17 18) (5 4 8 26) (10 23 11 7)
22: (32 7) 24 9 (1 6 19 39 15) 10 (29 34) (3 21) 26 (28 23 5 12) (16 37 22 4) (20 31)
23: (27 24 20) (19 2 23 15 3 11) 28 38 (1 35 4 26 7) (6 32) (17 10 5 34)
24: (7 18 4 3) (32 37) (19 5 29) 8 34 (6 10 16 15 28) (21 22) (23 31) 26
25: 24 (3 23 21 32 31 29 34 35 26) (22 38 15) 20 37 (27 19 6) 18 (17 4) (13 8 7 28 1)
26: (4 25 18 19) (23 27 8) 15 (13 31 28 32 22 11) (1 34 38) (20 7) 29 10 (36 35)
27: 34 28 18 (20 21 15 1) (24 11) (19 3) 6 13 (8 4 17) 26 (5 35 16 7) 23 (27 10)
28: (37 6 38) (10 14) (22 18) 24 (16 5 4) (3 26 19) (35 34 33) (23 32) 7 36 (20 40 17)
29: 15 (20 19 7 24) (26 17 10 14) (5 38) (23 28) 13 (3 16) 29 4 (8 39 12) (1 11)
30: (20 15) 34 6 27 9 28 (5 32 26 19) 16 2 24 38 (23 4 7 31 3 35 25) 37 (13 1) 10
31: 26 13 18 (14 23 15 34) 37 (9 19 6 8) (3 32) (7 1 4 5 21 24 16 28)
32: (34 17) 7 (35 28) (23 32) 37 (5 25) (19 4) 16 26 (21 3 11 8) (13 15 20 22)
33: (35 32 20 5) 17 (19 7) 2 37 23 (10 4) (3 36 12) (34 26 24 1 6)
34: (38 5 39) 20 7 27 (24 34) (32 21 26 19 3) (18 10) 16 31 36 (28 4) 11 (13 23) 6
35: (20 5) (39 8) 10 (34 23 4) (15 19 27 3 9) (13 11 32) (22 6) 35 25 (28 31 7)
36: (34 15 11 17) (13 18 31 24 28) 23 35 1 (19 20 26) (27 3 4 25) 8 (5 10 16)
37: 7 27 (25 28 13) (19 14) 16 (4 22 26 8 29 5 34 1 17) (15 35 18) 20 12
38: (15 20) (21 38 7 19 1 18) 10 4 (31 32 23 6 17) (28 5 16) (22 3) 37 35
39: (4 13 35) (34 26 32 17 38 7 5 11) 19 28 (20 2) 1 (18 8 15 27) (3 12)
40: 1 (10 39 34) 16 (26 23 20 22 28) (15 6 11 19 4 25 21) 7 31 (3 18) 5
