40 40
1: (30 34 9 8 16) (29 23 21 13 5 4 17) (35 6 20)
2: 6 38 35 8 (5 11 13) (4 37) (34 20 12 30 24) 18 (27 22 32) 1 (21 39) (26 10 15 3 9 29) 19
3: (11 3) (16 9 5 38 19 20 22) 40 (34 33 2) (10 18 35) 15 (6 27 1) (21 30) (31 24)
4: (26 35 29 14) (32 5 11) 12 (23 40 3) 25 9 (33 4 28) (22 34 18 37) (17 31) 13
5: (34 11 1) (13 30 9) (8 7 16 2) (15 33) (39 36 40 31 14) (25 4 22) 20 6 24 (28 23 21) 19 12 (35 10 17 37 38 3 5) 32 27 29
6: (6 27 19 29 32 3 2 14) (8 23 39) 7 (26 9 24 28) 12
7: (39 35 17) 36
8: (2 10) 27 (7 34) 20 6 18 (36 14) 1 (12 11 23 3 32) (13 26) (25 8 24 31 21) (40 5) (33 16)
9: (29 35 36) (24 21 8) (27 9) (14 31 11 17 40)
10: (37 19) 16 (3 4) 38 26 (34 27 30 14 28 15) (5 2) (11 10 8 9 35 33)
11: 25 (4 31 8 28)
12: (14 12) (22 32) 27 (28 3) (11 20 13 25 18 23 36)
13: (19 5 40 23) (12 16 30 29) (36 2 18) 24 (26 14 32 10)
14: (31 22) 18 9 (4 35 7 37 24) 21 39 (30 17 13)
15: (4 3 17 8 15 22 11) (40 9) (20 24 39 5 6 18) (26 29 28 16 25 13) 19
16: 19 (40 18 11 2 1 37 26) (21 17) 35 29 31
17: 28 19 (9 26) (24 29 36) (40 17) (39 5 37 8 27) (34 11 25 10)
18: 5 (7 3 31) 1 (26 25) (15 12 20 10) (16 24) 33 2 22 (4 9) 34 (18 40 35 17 38) (36 11) 39 19 21 23 (6 14) 37 (27 29) 28 30 (32 8)
19: (14 39 9) (38 33) 13 27
20: (17 23 35) 20
21: 24 (27 30 40)
22: 37 5 11 29 (16 40 30 6 9 34 39) (28 25)
23: (34 9 24) (16 15) 30 3 5 (21 37) (38 32 10 8) (6 19 1) (17 35 11 23)
24: (31 27 13 30) 8 (14 9 17) (1 12 23 26)
25: (25 31) (27 40 12 36 6) (5 30)
26: 3 (39 6 40) 37 (19 31 33) (35 18 36 7 8 23) (25 15 1 9 20 21 5 10) 34 2 16 (24 12)
27: (23 27 39 17 2) (13 3) (18 32 38 21) (5 6) (36 33 37 19) (14 28)
28: (32 31 36) (35 6) (30 15) 8 (27 11) (21 12 18) 39 24 (19 2) 29 10 (16 3) 7 (23 17 25) (14 34 13 26 37 40 1 28 38 33 5 9) 22
29: (13 37 15) (10 5)
30: 32 (36 24 13 16 33 40) (1 27) (14 20 11 12 34 19 3) (9 38 25) (35 8) (15 26 23 30 31 6) (7 17 5 4 28) (22 10 37) 29
31: 36 (34 12 39) (20 6) 33 13 29 (11 28) 5 (30 26 16) (23 35)
32: (23 20) 24 (21 11 5 40) 29 (7 35 22) (25 33 34 30) 10 (36 13 15) (18 3 38 26 14) (12 27 28 2) (32 19 6 39 1 17) (31 37 8) (4 9)
33: 31 (27 39) 2 (6 15 38 13 3 21) 36 (5 23) 35
34: (21 16 31 23) (20 10 3 12) (11 25) (35 22) (26 18 13 19 6 27) (17 9 34 30 28 39 40 5) 4 24 38
35: 39 (30 31 27) (26 32 21 36 8) (6 28) (13 24 37 15)
36: 39 (40 21 9 37) 18 29 (5 2) 26 (1 28) (32 14) 4
37: (13 5 26 35 38 24) 33 (3 39)
38: 38 (11 9) 35 24 (13 30 6 17) (33 39) (19 22) (36 20 26) 29 34 3 (5 28) (1 16) (4 27 12 32 40 10 37) 23 14 (15 25) (7 31) (2 8 21)
39: 16 (2 9 32 28 33) 17 (15 5 40) 8
40: (5 20 30 4) (18 17) (10 25) (9 14 8) (38 26 16) (35 33 21 34) (24 2 15) 3 (27 28 23) (31 12) 39
1: (23 18 30 32 3 36) 2 (5 8) 26 (24 38 16) 28
2: 16 (13 10 5 18) (6 40) 36 (27 3) 32 (33 26 38 39 8 28)
3: 8 (18 10) 12 (6 26 4 2 32) (27 38 33) 40 (15 3 5 34 30) 23 (28 37)
4: (2 32 15) (38 36 10 34) (5 11 1 30) (40 14 4 18)
5: (30 17) 40 (26 1 15) (4 32 2 39 18) 25 (23 28 5) (31 3) (34 33) (37 36) (29 22) (8 13) (10 27) 38
6: 38 15 (23 28) 33 (3 8 1) 30 (27 22 32 35 25) (34 5) 6 (26 18 2 31)
7: (5 28) 32 26 (8 30 18 38) (6 14)
8: 18 (17 11 15) (38 24 35 6) (8 10) 40 1 (39 5) 2 (23 32) 26 9 28 30
9: (22 15) 24 (2 38) (5 32) 14 (19 1 6 36 26 10 39 18) (4 9) (40 17 28) 30 (23 3 34)
10: (38 2 26 40 18) 28 (34 3 17 8 32 29 30) (23 10) (5 13)
11: (8 30) 15 (34 12) (31 18 4 5) (3 9) (32 23 38) (16 10 17 28) (22 2)
12: (5 13 12 31) (24 30 2 38 34 18 4 8) (6 32) 40 (28 26 25)
13: (8 24 5 35) (31 29 38) 30 (19 33) (34 2 27 28 12) 1 (4 14) 32 37 15
14: 4 8 (32 30 13 6) (18 5) (24 10 40 27 28 12 19 9 36 38)
15: 18 (35 2 39) 32 (15 29 10) (33 5) 26 38 (40 28 30 23) 3
16: (39 13 34) 31 1 (18 38) (40 26 30) 10 (3 22) (5 15) 8 23 28
17: (5 30 9) (24 7 15) (28 39) (20 38) (27 23 40) 4 (17 14 18) (34 16 1 32)
18: 14 2 (15 40) (3 28) 16 4 (12 18 26) (27 34) (13 8) (36 32)
19: (10 17 28) 16 6 (18 15) 23 (30 26 13 5 3) 38 27 (32 2 34)
20: (32 5) 40 20 (31 2 30 1) (34 15 3 12 8 18 26 38)
21: 36 (35 23 40 14 5) (9 3 18) 1 28 33 (2 32 27) (26 38 16 34 8)
22: (34 12 3 18) 30 (5 14 32) (15 38 28) (2 4)
23: 34 (4 5 24 28) (27 40) 31 8 (38 30 20 6 1 23 18) (12 32) (26 33 13)
24: (34 38) 13 26 17 (30 18) (40 14 23 21) (8 3 9) 35 (6 28) (15 37 32 2 5)
25: 34 (28 17 4) (11 38 5 8) (30 12 18 15 40 22) 26 (25 32)
26: (32 28 18 4 30 13) (16 10) (2 17 34 35 31) 38 24 (15 37) (40 8) (6 36)
27: 38 17 (40 24 18) (5 3 10) (35 30) 25 (28 9 21) 34 19 (33 32 12 27 8 2 6)
28: (5 6 12 11) 22 17 (15 27 30) (34 31 38 39) 32 (40 28 4 36 10 18) 35
29: 38 9 (13 31 36 15 17 28 18) (2 6 32) (16 1 22) (30 5 4)
30: 30 (31 10 14 40) (34 5 1 24) (3 18 38 35) 25 (32 23) (22 28 13 2) 21
31: (35 5) (33 34) 30 9 (25 18 3 28 40) 14 (26 24 16) (38 4) (32 11) 8
32: 23 (38 5 27) (28 35) 6 (30 18 2) 12 13 (32 36 39 4 8)
33: (32 30) 38 5 3 10 37 27 (19 26 18 40 28 8) (31 4 39)
34: 31 (18 30 4) (8 23) 10 (22 3 32 28) 26 (2 5) (40 38) 17 34 1
35: (4 33) (14 7 34 18) (40 28) (30 26) (37 32 20) 31 (5 10) 1 3 (2 23) 16 38 9
36: (28 33 26 38 31) (8 25) (12 17 5) (9 7) (27 30) 13 35 (18 32)
37: (26 22) (23 10 4 28) 18 35 (38 5) 14 (17 30 36 16 27 32 29) 2
38: (10 18 5) (28 34 23 3 32) (37 40 38 19) (30 33) (27 2)
39: 27 (40 5 31 32) 22 (28 7 37 2) 17 (6 14) 18 35 (33 38) 15 (36 26 19 34)
40: (16 25 32) (30 38) (8 18 13 28) (4 15 36 34 26) (22 17) 3 (39 5 9) 21
