40 40
1: (20 14 10) (13 36) (23 26 37) (11 29 5) 30 (39 33)
2: 25 (36 3 9)
3: 17 (15 28 12 26) 36 (33 5 34 6) (23 3 19) (21 7) (22 8 14 9 35) (40 27) (31 39) (18 25) (20 24 37) 2 16 (13 10 32) (4 30 29)
4: (12 31 37 16 32 23 30 18) (8 14) (22 2) (1 33 35) (5 25 24 17)
5: (2 23 32 37) 29 (22 14) 6 (3 12) (28 34 18 24 25 13 20 17) (15 26 38)
6: 33 (7 37 15 29 2 21 25) (36 27) (9 16) (8 13 6 24) (1 5) 38 (11 35) 20 (26 28 23 18 22) 17
7: 2 (17 15) (23 36) (7 6 4 18 39) 12 (21 10 5) (8 20) 40 29 27 11 (35 25 22 19 3 31)
8: 11 (38 6) (9 19) (26 30) (37 3 32 7) 23 (2 13) (14 40) (21 17) (16 35 33 8) 12 25
9: (24 36) 34
10: 34 (3 1 23) (10 22 14) (9 2) (26 39 32 6 38) 35 31 18 (21 28) (33 36 15) (16 40) (13 12 11) 7 (29 20 24 8 19)
11: 7 (4 14) (26 1 21) 20 13 18 (31 5 39) 11 (25 23) (15 33 19 12) (29 27 6 17) (38 30)
12: 3 (23 7) (40 21) 13 19 8 (38 2 22 11 18 24 5) 27 9 16 (33 25 15) (39 31) (20 4)
13: 27 23 8 15 40 5 (37 34 6) 21 (12 29) (13 17) (14 10 3 1 30) (33 16)
14: (9 26 20) (39 16 14 22) (15 1) (8 31) 4 (27 13)
15: 11 (6 30 10) (22 15 29 32) 4 19 2 (16 40 27) 8 38
16: 27 (32 14 40 12) 31 13 (5 9) (22 4 26 15 37 18) (34 17) 35
17: (25 38 35 8 37) (22 1 33 17) (39 15 13 23 26 9) (32 11) 31 (30 34 14 2 40 18 24 21) (3 29) 19 4 20
18: 28 (30 10) 27 38 4 (15 37 11 7 24 8) 31 (17 40 5) 13 25 (2 9 18 36 6) 34 35 16 (20 29)
19: (1 15 27) 5 39 29 25 18 (3 2) (13 31) (36 17 16 7 8) 14 22 33 21 23
20: 40 (38 23) (18 8 31 13) (14 6) (24 2 26 3 34 1) (29 7 36) 10 11 32 (16 19 9 21) 27 30 28 (37 35) 25 (17 33) (20 22)
21: (9 25 12 20 35) 21 22
22: 10 (33 32) (13 24) 16 25 (26 30 12 37 31) (29 14) 1 18 20 (21 8) (4 23) 6 27 (2 34 22) (39 9 7 19)
23: 19 (1 5) (21 34) (3 13 32) 33 24 30 (10 15 22)
24: (39 6) 26 7 (16 27 4 10) (11 5) 8 30 (24 13 28) (22 36) (33 1) (23 9) (17 14 31 35 18 12) 15
25: (32 13) 22 36 2 (38 21 23) (20 1) (19 28 5) (15 34)
26: (6 24) 7 3 28 (32 29) (19 20) 9 (12 4 30) (33 27 1) (34 26) (15 38 39) (11 35 40 16) 37 (22 31 10 36) (5 14 18 13)
27: 2 (21 25) 20 24 33 14 34 (36 27) (29 31) (35 26) 10 5 17 13 (23 32 9) 38 (37 19) 18 (15 6) (11 7 12 8 1 30) (22 28)
28: 38 20 (24 19) (8 31) 35 (33 39) (26 16) 36 9 (25 2) (13 23) (32 6 27 21) 29 (1 14 30 7 17 37 4 15) (10 34 22 5 12 3 28 18 11)
29: 20 (19 2 1 10) (33 6 27 12) (9 13 30) 36 (32 23 22) 8 14 (4 18 31 38) (35 34) (21 3 28)
30: 36 32 (27 33 23 10) (31 39) 16 11 (15 4) 6 (21 37) (18 17 30 5 13) 7 35 24 (19 34) 22 29 (3 25 9 1) 40 26 12
31: 7 30 2 (18 38) (33 6 15) (13 37) 39 (19 12 11) (40 22 25 3) 4 (17 24 5) (8 31)
32: (18 17 34) (15 9) 5 (26 40) 16 24 19 (35 2) (37 6) 3 (1 25)
33: (2 21) (40 4) (13 10 32 11) (3 22) 14 (28 37) (20 39) (33 18) 6 (16 15)
34: 32 (28 36) (33 37 15 22 13 39 6) 14 (16 11) 17 (26 1 40)
35: 37 (21 17) 4 3 10 (26 16) 22 36 9 38
36: (10 38 40 34 12) (26 15 36 7) (17 3 8) (32 25 21 20 33) (11 37 31 35 30) (22 19 4 5) 6 28 (27 24 18) 9
37: (17 29) (12 20 13) 34 (37 2) 36
38: (37 19 13) (2 11 8 7 24) 17 (27 23 22 10 35 21 3) (34 1 26 40) (39 20 6 25) 31 (5 28)
39: (4 21) (22 36) (12 5 19 27) (10 16 2 31 28 11 24 8 34) 35 18 (13 38 25) 39 (23 40 17 3) 9
40: (8 25) (12 11 2 34 27) 17 16 4 9 22 (19 10 33) (13 1 18 20) 31 15 35 (37 39 29) (40 21 6)
1: 32 28 30 (17 34 27) (11 20 24 25 19 29 23 10 14 40 38 26) 22 (6 13) 4
2: (12 18 40 6) (3 20 22 25 37) (5 39) (38 8 29) 31 33 17 (27 7 10 15) 19 4 (28 32)
3: (12 33) 30 13 (5 10) 17 (8 28 29) 38 (39 36 2 35 26 23 31 19) 20 32 (3 7)
4: (35 16) (40 15) (11 14 3 12 7) (18 36 30 33 31 39 24 29 26 22 17 28)
5: (11 23 7 30 4 27) (16 36 25 26) (31 18 19 39 24 3 13 12 38 28 32) 6 1
6: 24 (20 8 26 6) 3 (18 28 38 27 34 33) 36 22 (10 13) (29 11) (5 7) (15 40 31 32 30)
7: 10 (22 8 11 3 26 20) (24 12) (19 28) 6 (30 7) (38 31 36) (27 18)
8: (22 39 24 6) (38 31 28 20) (15 19) (29 36) 7 (4 40 10) 27 3 (17 8 12 13 14) 18
9: (28 6) (24 14 32 22) 21 40 (16 27) (26 18 3 29) (30 12 17) (39 8 2 20 36 10) 35
10: (23 24 39) (22 10) (20 33) 26 (29 13) 3 (35 36) (28 30) (27 1) (40 7 18 15 38)
11: 12 (18 36 30 11 33 8) (10 15) 28 (1 31) (34 27 6 7 40) (39 24 38) 26 17 20
12: 7 22 (31 36 29 24) (3 4 28 27) 30 (16 10 39 5) 11 (8 13) 37 (21 40) 26
13: 26 (18 12 19 8 14 39 1 31 6) 30 34 5 (22 23) 40 29 (16 17 10 27 24 38 37 20) 28 25 (13 3 33) 11
14: (13 16 10 19 14 22) 34 (27 1 24 3) (8 4 28 33 5 20 17 29) (11 26)
15: (27 19 25 28 23 33 11) (30 18) (6 7 36 10) 16 (5 24 32 40) (34 26) (15 31 14) (12 13) (3 17)
16: (3 30) 26 (6 35 8 39) (19 28) (13 34 4 10) (15 40 20 18 32 24) 12 22 14 33
17: (40 24) (5 35 28) 20 (17 37) 13 (7 6 11 30 34 27 39 18) 38 (16 19 8 36 3) (32 31) 4
18: (39 16) (24 27 28) (32 10 33 40 6) (30 36) 19 (12 20 11) (22 17 3) (29 5 18 26 7 31) 4
19: (22 27 36 12 26 3) (29 28 32) 8 23 7 39 (30 20 40) (17 10) (15 31) (25 11 38)
20: (14 18 6) (27 17 26 11) (7 1) 22 3 (28 37) (38 40) (12 21) 20 5 (33 10 36 29 25)
21: (19 10) (21 27) 29 (7 20) (30 35 28 39 6 13) 12 8 36 38 (25 11 3) 33 17 40 (23 22)
22: (20 7 30 38 34) (31 19 4 35 40 15) (28 26) 14 (6 36) 5 (10 16 29) 3 (23 12 24 17 33) 25 27 39 (22 21)
23: 28 (7 1 12 22 8 13 4 3 39 30 29) (24 17 19 11 6) (5 10) 38 27 25 20
24: (39 6 22 38) 26 (12 27 18 10 20) 32 (24 4) 36 (9 17) 31 5 (3 23) (30 28)
25: 5 (6 2 36) 4 (21 31) 39 27 (7 12) (40 8) (30 28) (18 32 20 17 38 19) 3 22 11
26: (17 24 27 38 3 35) 20 28 (8 36 16 6) 5 32 26 10 (34 22 11) (14 30 1)
27: (14 22 30 11 26 27 13 3) (6 19 24) 28 (15 12 7 16) 20 (36 38) (40 18) (39 29)
28: 3 34 (20 29) 26 (36 18) (24 6 28 38 5) 39 (10 33) 27 25
29: 11 1 6 (30 40 17) (15 10) (3 13 26) (27 19 37 5 22) 28 (7 18) 20
30: 13 (4 30) 36 (15 23 27) (1 20 8 31) 3 (18 11 28 24 26 22) 29 17
31: (17 4 11) (18 31 38) 27 (10 14 3) (19 24 20 28 39) 36 7 (29 12 22 16) (26 40 30)
32: 34 (27 15 25) 16 26 (4 10 22 36) (29 23) (20 30 5 8) (17 28 33 3)
33: 29 36 (4 19 12 8 31 34) 26 (30 24 11 23) (6 33 17 10 13) 22 (27 40) 3 28 20 1
34: (13 40 37) (27 17 16 9) 25 (20 3) 32 (22 38 23 18 39 28) (29 5 10) (30 26 36)
35: 38 (20 24 39) (18 6 16) (4 17) (26 40 3) 36 (27 21 30 7 32 28 29) 8 10
36: 28 (20 6 26 7) 39 (37 9 30 27) (34 36) 18 10 (1 2) 35 (29 25) 19 (3 24)
37: (37 13) (5 34 17 27) 35 18 (6 30 33 3 1) (22 8 26 36 4 38 40 16) 20 28 32 31
38: 29 (28 8 36 12) (17 20) (39 11 26 15 5 6 31 35 18) (10 25 27)
39: (28 26) 34 (31 3 19) (17 11 38) (24 40 1) 22 (14 7) (12 30) 10 (39 33)
40: 26 (36 16) (7 10) (3 15) (12 40 33 39) 20 8 38 (13 30) (18 17 32) (34 31)
