100 100
1: 27 29 1 32 81 28 68 20 93 5 90 6 82 56 42 100 9 46 87 8 58 7 97 78 12 72 24 18 17 50 99 96 14 3 52 15 38 55 67 61 34 37 94 98 4 51 83 75 36 25
2: 68 43 78 62 50 40 88 31 49 73 6 84 48 37 46 75 67 16 57 19 89 90 3 13 35 5 81 11 36 92 59 30 80 27 41
3: 98 37 14 8 64 95 75 21 92 85 20 79 28 22 23 9 43 93 27 47 11 48 10 1 5 80
4: 22 37 4 32 41 79 49 72 55 36 1 67 94 63 25 59 6 90 84 28 82 56 40 83 74 34 54 80 29 13 65 89 35 61 57 66 23 73 20
5: 69 37 75 25 11 20 79 51 44 87 48
6: 11 12 82 94 60 92 56 46 93 52 53 25 28 33 24 74 62 100 35 1 40 90 64 16 63 97 26
7: 57 12 45 88 35 30 13 40 67 80 71 69 26 78 48 27 18 3 6 39 41 14 7 15 56 11 25
8: 83 94 52 4 85
9: 16 51 10 92 52 26 71 84 43 72 32 24 88 94 55 63 78 1 85 79 7 50 44 67 48 47 36 46 18 15 2 99 54 60 56 41 19 39 53 96 14 12 25 76 66 6
10: 1 7 74 66 64 88 86 54
11: 58 25 57 11 65 84 27 99 98 16 62 30 32 71 72 47 44 6 29 28 33 43 87 83 61 77 97 86 42 63 20 89 3
12: 73 48 25 7 35 51 58 56
13: 16 28 47 15 50 40 72 45 69 92 60 58 70 64 25 32 4 29 35 42 86 20 36 99 9 7 51 79 68 88 95 84
14: 89 11 79 71 43 93 19 2 6 42 3 17 81 1
15: 16 12 80 5 56 68 44 57 48 28 71 9 84 43 61 98 89 93 27 24 23 63 78 96
16: 4 67 2 97 99 10 85 96 56 52 27 69 76 79 40 87 88 42 32 13 16 71 82 55 51 38 30 26 84 59 72
17: 82 66 23 2 29 3 98 75 74 5 84 47 83 92 22 32 68 14 60 57 49 94 69 95 16 19 33 21 35 20 55 34 13 8 11
18: 65 20 51 14 74 70 11 41 24 58 8 27 43 68
19: 49 14 31 60 54 69 2 75 24 30 81 70 3 23 37 22 93 50 90 65 76 20 12 26 96 40
20: 11 43 55 97 94 27 8 35 70 88 63 75 12 28 31 95 92 67 18 2 65 71 54 83 72 91 47 89 19 32 33 52 36 68 9 46 60 17 48 26 81 56
21: 77 74 53 13 17 35 60 54 83 71 73
22: 87 15 67 53 5 84 18 68 69 80 85 60 32 19 44 4 9 16 30 38 7 100 2 73 33 14 63 26 94 95 62 31 91 66 93
23: 3 42 22 89 57 97 29 62 90 82 6 36 23 33 24 65 4 10 64 54 76 95 52 100 99 34 35 58 72 59 71 15 50 88 32 26
24: 7 28 98 22 2 86 100 44 80 45 23 51 81 83 92 31 33 58 52 20 46 29 50 21 11 1 66 4
25: 65 67 20 13 75 12 89 35 42 95 2 9 57 10 1 36 80 55 3 90 31 6 17 40 46 69 48 88
26: 57 28 44 17 31 20 93 29 33 79 52 15 19 72 24 51 34 46 21 87 13 27
27: 64 43 6 88 99 76 59 11 18 33 62 31 40 20 100 94 47 24 80 90 4 26 14 36 8 54 34 92 78 81 97 69 35 23 15 46 48 16 1 32 22
28: 99 15 50 68 78 4 3 12 61 83 18 93 36 96 86 66 75 76 94 63 73 33 88 1 67 59 48 42 44 37 40
29: 34 2 29 96 74 79 51 20 59 92 38 58 15 37 6 71 77 5 70 25 94 69 93 23 13
30: 94 51 67 65 4 15 61 40 7 98 53 6 58 87 11 92 66 44 75 23 21 88 35 8 36 82 41 81 46 70 37 27 28 33 86 84 10 89 42
31: 26 41 29 44 21 49 22 43 75 93 11 99 46 27 87 51 24 72 40 78 94 34 45 15 71 92 97 47 85 90 84
32: 91 20 100 76 70
33: 65 40
34: 88 83 44 80 27 31 13 97 22 79 50 74 6 23 46 96 32 41 92 17 12 4 63 81 90 100 69 71
35: 35 22 94 62 39 64 75 65 84 9 24 13 98 51 32 90 79 63 88 67 44 34 50 23 21 86 37 38
36: 89 65 83 79 64 33 36 93 1 30 49 2 81 32 80 15 3 75 72 25 8
37: 56 73 87 28 69 77 80 26 51 19 23 6 99 94 54 43 52 49 93 66 75 4
38: 58 10 35 90 87 51 68
39: 61 24 66 53 84 76 52 64 60 90 32 54 20 93 48 51 70 77 62 67 75 31 9
40: 35 89 67 21
41: 93 46 71 87 2 3 13 79 35 83 27 95 86 12 92 32 11 36 44 90 96 30 10 57 91 54 76 53 89 55 99 47 82 56 63 6 59 74 69 72 16 51
42: 26 14 73 19 50 46 33 60 62 10 5 17 89 30 57 22 95 25 70 52 90 71 15 41 53 58 2 12 23 75 80 31 34 6 98 74 85 66 24 39
43: 92 93 64 89 80 62 3
44: 2 91 63 93 13 43 100
45: 69 55 5 9 45 52 48 15 74 78 71 95 36 22 68 6 20 47 60 46 7 12 42 76 77 67 54 87 21 83 4 44 28 53 59 80 13 92 96 49
46: 60 48 39 53 92 90 100 85 52 32 35 71 63 29 80 38 91 28 76 16 83 18 43 73 30 14 49
47: 79 32 45 19 23 50 49
48: 86 92 98 19 88 43 56 79 78 9 20 21 26 16 36 32 74 85 35 93 71 12 18
49: 22 91 75 32 7 5 37 81 4 39 60 24 47 99 70 76 64 46 10 69 27 53 87 58 57 63 54
50: 68 2 76 94 13 61 89 84 15 75 17 66 25 43 69 87 11 80 7 81 47 26 39 22 83 8 38 1 18 44 14 9 50 24 57 95 93 88 58 41 31
51: 93 32 82 73 96 90 63 86 76 40 10 74 1 49 25 100 53 34 6 12 38 80 83 4 39 92 21 23 50 52 2 97 62 57 7
52: 97 64 76 53 29 40 96 13 4 72 58 48 37 30 92 27 77 75
53: 27 28 50 68 47 100 42 11 20 65 64 15 73 51 38 53 69 54 94
54: 94 93 54 30 12 5 92 67 73 59 9 8 97 37 78 62 85 31 64 3 57 48 45 24 2 22 51 19 18 43 56 27 100 82 23 61 25 96 49 91 42 65
55: 27 13 81 57 20 44 41 46 49 18 51 61 35 74 68 76 9 66 84 58 30 54 100 34 25 85 82 14 17 19 98 91 96 2 7 83 40 37 5 6 16 42 89 32 39 4 99 70 52 31
56: 69 71
57: 34 45 85 11 31 33 62 40 99 87 92 91 18 14 8 41 17 86 24
58: 93 5 65 95 62 51 7 54 24 99 100 22 13 75 77 29
59: 66 35 84 48 45 14 11 70 34 69 64 27 62 99 60 93 49 63 37 76 9 4 61 80 88
60: 27 40 17 97 37 91 61 13 34 70 59 5 28 45 78 33 21 14 39 30 88 80 44
61: 20 83 69 79 61 4 81 67 3 90 98 50 42 58 71 26 48 37 60 99 28 17 96 82
62: 16 61 9 3 37 93 58 71 72 21 73 42 28 23 54 88 33 65 57 78 82 79
63: 44 12 88 49 16 70 14 2 79 36 56 10 82 58 74
64: 66 23 74 54 95 19 92 21 70 17 30 49 12 80 5 51 7
65: 38 91 20 89 29 85 87 61 62 30 23 53 51 44 65 14 69 45 56 81 95 7 46 83 84 8 31 73 9 22 40 36 42 33 86
66: 29 11 55 89 9 35 17 15 91 18 34 13 62 83 53 47 75 69 2 80 63 4 31 93 68 19 27 71 95 58 45 81 88 50 41 43 64 60 39 3 16 74 36 76 78 46 10
67: 87 12 72 73 100 96 53 79
68: 33 42 80 6 56 35 43 3 25 70 74 12 81 59 53 13 67 85 93 98 54 79 52 94 61 92 55 99 27 40 17 83 58 46
69: 23 1 17 8 28 97 32 64 90 54 22 76 34 80 75 12 45 94 96 11 26 48 19 41 70 77
70: 77 92 1 4 55 86 80 44 76 43 67 57 20 46 3 54
71: 37 10 86 67 16 30 95 51 55 38 89 78 5 35 85 42 79 98 66 36 63 69 22 19 96 87 23 97 81 40 21 48 7 11 28 3 62 24 100 41
72: 63 13 53 22 17 39 85 41 19 35 61 69 65 80 62 38 81 32 95 70 82 94 91 64 57 46 90 34 23 26 31 49 14 77 58 96 74
73: 40
74: 67 11 47 10 49 57 39 45 89 94 63 80 79 83 14 50 68 19 85 48 61 15 40 54 64 81 31 96 20 100 99 26 93 65 88 18 60
75: 100 11 43 21 99 85 47 61 78 98 44 9 56 51 41 17 7 84 33 57 25 12 8 29 31 88
76: 84 45 72 31 10 85 48 9 83
77: 49 89 24 65 90 3 23 17 5 91 13 94 36 53 80 22 95 4 44 26 47 60
78: 29 35 59 18 32 61 79 92 50 33 98 5 58 41 38 51 54 45 31 14 99 64 48 65 40 70
79: 61 85 63 25 62 38 18 19 24 41 56 34 5 35 47 4 17 9 76 45 78 66
80: 91 92 21 33 17 49 64 46 30 56 80 44 10 97 57 75 22 20 73 38 42 70 4 61 24 39 63 48 47 23 90 95
81: 51 24 8 12
82: 42 80 70 57 7 75 93 22 84 59 8 35 92 14 48 86 19 89 11 95 29
83: 70 26 27 98 96 78 84 40 75 38 41 34 56 15
84: 20 83 46 12 47 99 2 14 39 86 33 77 69 23 75 22 13 1 24 27 30 74 96 34 53 5
85: 59 49 69 15 26 8 22 64 20 62 51 5 70 86 18 74 92 16 67 54 85 21 13 28 89 66 97 47 57 10 36 58
86: 46 100 85 99 13 68 35 86 15 14 93 52 49 90 54 10 39 28 37 40 3 94 61 80 7 76 17 44 8 60 48 77 58 19 67 47 24 32 88 25 36 29 66 16 96 50 91 43
87: 81 17 74 14 45
88: 67 80 31 90 69 96 92 45 58 25 29 94 39 10 26 40 52 93 91 41 17 55 65 42 64 59 100 6 74 47 33 81 27 62
89: 1 74 90 42 69 33 54 61 19
90: 11 97 98 56 25 21 65 90 36 80 45 100 95 52 57 24 26 99 23 64 49 89 14 55 53 72 93 37 41 5 86 16 46 94
91: 64 32 84 76 68 13 41 94 56 91 8 54 96 53 59 82 20 100 52 43 99 21 27 42 34 14 4 72
92: 41 16 64 76 42 44 36 52 79 62 69 51 78 97 66 34 99 3 29 96 38 70 92 50 6 45 67 46 93 9 90 80 1
93: 21 82 11 27 66 73 55 36 1 7 42 74 32 65 90 14 33 28 5 20 93 41 31 98 51 50 25 96 72 80 6 29 56 54 76 22 9 69 39 92 4 84 57 45 81
94: 40 15 77 21
95: 17 49 2 25 88 77 95 53 79 40 57 6 23 45 99 59 92 11 76 90 39 82 65 86 50 30 15 27 85 18 56 100 43 22 98 41 91 31 58 13 70 26
96: 11 100
97: 16 21 98 8 26 79 28 52 42 38 92 56 37 76 63 69 64 39 74 24 20 34 54 3 85 25 32 18 35 51 93 71 41 4 7 47 10
98: 63 26
99: 43 54 50 4 22 24 3 68 71 99 65 80 38 76 29 28 87 34 14 15 84 62 69 40 73 21 81 88 36 35 32 78 42 67 86
100: 24 74 86 75 92 57 73 97 3 13
1: 93 4 24 51 89 25 9 50 (1 10 27) 14 70 69 (84 6) (92 36) 28 3
2: 24 17 19 (36 63) 22 (50 25) 20 66 95 29 9 54 55 14 41 (84 16) 44 42 51
3: 17 61 (99 86) (66 1) 36 7 68 11 (41 100) 43 97 54 23 62 25 28 19 71 (77 70 2) 92 14
4: 55 93 4 (97 1) (70 30) 37 23 16 8 80 (52 61) 45 91 27 (13 59 79) 34 22 99 24 (77 49) 66 28 51
5: 15 (45 2) 42 55 90 71 54 22 77 (84 93) 58 64 17 60 49 (79 78) (29 85) 3 1
6: 11 7 34 25 92 68 1 37 23 30 (4 45) 14 2 95 55 51 (9 88) 29 27 42 93 41
7: 65 55 24 30 64 12 (9 82 50 86) 1 49 58 7 51 75 93 (97 13) 71 22 (45 10)
8: 86 (65 3 97) 81 (75 20) 36 17 82 50 (85 18 1) 57 54 91 30 27 69
9: 65 39 (25 54 1 15) 75 (79 3) 59 66 62 48 50 45 13 55 20 93 35 76 92 22
10: 71 51 (86 49) 42 38 80 66 3 (97 9) 63 25 23 30 16 41 74 (88 85) 76
11: 3 (30 27) 24 17 74 7 50 41 82 66 31 6 (90 11 71) 5 93 2 20 53 59 18 57 96 14 75 (95 69)
12: 25 64 (54 6 84) 1 63 9 34 (42 28 7) 68 48 81 20 (15 41) 69 51 75 45 67 19
13: 55 41 86 21 17 4 95 84 29 45 85 26 35 (91 7) (66 44) 58 16 2 (68 50 60) 77 25 72 (100 52 34)
14: (57 50) 63 84 59 65 3 46 87 (22 19) 72 7 (74 99) 60 1 78 90 18 82 93 91 55 42 17 86 9 27
15: 50 (28 13) 83 86 7 23 1 95 31 (45 30) 85 36 99 66 53 26 9 (42 74) 27 22 (94 29)
16: 15 62 (71 17) 97 55 46 2 92 86 16 6 85 48 9 13 27 41 11 63 22 (90 66)
17: 1 26 20 60 77 95 80 66 79 (69 87) 72 14 86 75 34 61 (42 64) 57 55 25 50 (68 21) 88
18: 9 97 79 57 66 28 95 55 85 48 1 22 46 50 (74 7) 78 (20 54) 27
19: 86 (14 2 79) 71 9 20 74 (48 64) 72 22 54 82 47 55 42 26 37 89 (69 66) 17
20: 48 18 (19 45) 65 13 61 80 29 91 27 5 4 84 24 (93 26) 85 25 (11 3) 74 97 (55 32) 39 53 70 17 1
21: 97 99 71 62 94 64 51 17 60 40 35 93 31 (24 45) 30 90 (85 80) 75 48 91 26 3
22: 35 27 72 50 84 (69 77 99) 71 4 82 58 54 (31 65) 17 (49 19) 95 34 (24 3) (23 85) 80 93 45 42
23: 29 90 95 34 27 (64 19) (84 35) 3 (24 15) 37 42 47 (54 62) 69 4 80 (65 30 17) 23 72 71 (51 77)
24: 57 31 27 50 54 77 71 23 9 97 1 (18 81) 19 58 80 86 49 100 6 (39 99) 42 (79 26) (35 90) 84 15
25: 68 29 90 50 88 9 (93 6) 97 79 95 4 13 11 86 1 55 36 (75 54) 7 12 42 5 51
26: 20 95 (97 19) 77 23 27 (48 85) (61 6) 72 83 74 31 50 90 98 (42 37 22) 69 (16 88) 7 9
27: 30 7 91 (93 2) 55 54 49 84 31 (20 52) 34 66 11 60 41 59 (15 16) (53 18 3) 68 1 95 26 88 83
28: 3 (61 71) 4 45 13 99 85 1 15 26 20 62 (6 93) 97 (37 53 24) 60 86 (30 11) 46 69
29: (46 52) 24 82 66 11 (92 99 4) 1 (78 23) 93 29 86 31 (17 65 26) 13 75 58 88
30: 36 84 52 19 (95 71) 60 7 54 64 22 42 16 65 2 (11 55) 46 80 41
31: 93 65 54 (2 27) 25 74 22 39 66 19 76 42 75 72 20 55 26 78 57 95 88 24 34 50
32: 69 (34 48) 97 78 (13 86) 91 46 23 27 (17 16) 1 22 55 99 20 93 (51 49) 47 39 11 41 4 (36 72) 35 9
33: 36 20 (11 26) 57 30 84 65 75 (17 60) 23 80 88 28 27 78 93 62 24 6 (68 42 89) 22
34: 72 66 4 31 (91 55 35) (17 51) (27 60 97) 1 57 83 79 59 26 23 84 92 29 42 69 99
35: 99 (23 78 48) 41 97 27 (38 55) 4 (17 30 86) 46 79 12 59 20 68 (13 72) 21 7 25 2 (40 35) (71 82) 6 66
36: 20 (63 27) 30 86 13 36 92 28 65 48 77 1 23 45 (99 2) 71 41 (85 90) 25 9 (93 66) 4
37: 29 59 (30 60) 54 (97 28) 1 55 49 (19 5) 4 35 52 62 71 2 3 61 90 86
38: 1 72 71 (99 80) (79 50) 92 (97 83) 65 51 29 (35 53) 22 78 46 16
39: 46 97 51 86 (66 88) 60 74 95 84 80 9 72 7 55 35 49 42 93 50
40: (4 74) 68 (13 51) 95 19 83 16 71 6 57 (27 25) (86 30) 78 31 (65 52) 73 2 (94 33) 60 88 (28 55) 99 7
41: 92 91 55 83 (18 7) 34 90 9 50 75 97 4 31 79 78 66 57 72 (42 2) 93 69 88 30 (95 71)
42: (91 99) (68 54) 53 88 65 14 23 71 (25 97) (30 16) (11 55 92 80) 13 (1 62) (61 89) 28 (82 93) 45
43: 86 (18 91) 48 75 44 14 11 15 (3 50 46) (68 70) 66 20 9 95 99 2 (54 27) 31 37
44: 34 26 92 31 30 24 55 (28 50) 9 65 86 77 45 63 11 80 35 41 60 15 70 5 75 22
45: 76 54 95 69 66 31 74 88 90 87 79 47 13 57 24 45 92 65 93 (78 59) 7 60
46: 68 34 49 66 1 92 (30 42) 72 27 65 (24 45 2) 9 20 6 55 (90 70) 86 25 41 (31 80) 84 26
47: 27 9 (13 75) 17 3 77 50 41 79 49 85 20 45 66 88 (11 31) 86 74 84 80 97 53
48: 5 54 2 15 45 39 7 59 86 80 82 78 52 3 12 71 74 46 (69 27) (61 25) (20 76 28) 9
49: 80 46 63 36 90 4 47 54 31 2 37 74 77 (51 85) 95 72 64 59 19 86 55 45 17
50: 23 35 42 92 95 86 (9 24 19) 50 99 53 2 51 47 78 13 (93 61 74) 34 1 (66 28)
51: 81 29 (37 75 55) 5 (85 53) 1 39 78 92 65 16 30 58 18 97 71 12 38 24 (31 54) 9 (13 26) 41 93 64 35
52: 16 24 (45 90) (8 42 92) 9 51 26 6 88 37 55 68 46 39 1 86 (23 91) 97 20
53: (42 39) 30 67 52 95 72 53 (46 90 91) 41 22 49 9 (45 65) 51 68 66 6 84 21 77
54: 19 54 49 4 97 (39 20) 62 70 74 10 55 (93 91) (21 89) 78 85 68 53 86 45 69 99 9 37 41 64 58 27 23
55: 70 66 9 17 (20 90 1) 93 25 71 68 88 (41 16) 45 4
56: (41 79 16) 90 80 65 (48 63) 1 95 91 6 15 (68 7) (20 97 75) 83 4 (54 93) (37 9) 12
57: 72 51 49 11 50 (90 80) (15 7) (55 25) 62 (42 54 95) 93 2 4 70 (17 26) 75 74 23 (41 100) 85 82
58: 88 (18 1) 42 66 (29 55 78) 85 12 52 24 13 86 23 61 68 11 49 30 95 (62 50) 38 63 72
59: (88 23) 95 4 68 (2 54) 16 78 29 27 28 (41 82) 45 60 85 91
60: (46 59) 61 39 42 20 74 6 66 45 86 13 (49 21 9) (17 22) 77 19
61: (15 68) (75 4) 62 (61 89) 74 59 (72 80) 86 39 78 54 79 50 65 28 30 1 60 (11 55)
62: 59 22 39 23 58 54 11 99 (6 92) (71 72) 27 88 (57 79) (42 65 66 2) 85 (51 35) 43
63: 28 79 (4 35) 22 20 44 11 72 34 15 49 9 98 74 51 6 59 41 (71 97) 46 66 80
64: 54 (69 35 90) 97 (52 36) (10 80 13) (3 74) 66 59 27 72 78 (85 43) 6 91 23 39 49 88 92 53
65: 11 20 (72 93) 33 77 19 58 99 25 90 54 78 62 (4 74) 18 95 35 (88 53) 23 65 36 30
66: 24 37 86 93 64 71 28 (85 42) (59 92) (10 79) 4 50 22 9 (55 39) 30 17
67: 22 (85 20) 28 70 45 74 68 4 9 88 86 39 7 54 92 61 35 16 (30 25) 71 (2 40) (1 99)
68: 28 53 91 (2 1) (66 17) 45 15 74 99 18 20 (22 13) 86 (38 50) 55
69: 85 50 (25 71) (99 89) 61 (27 19) 5 7 56 49 41 37 53 16 (72 45) (88 93) (13 97) 34 92 22 65 17 59 84 29 66
70: 95 49 60 (13 78 82) 68 (59 64) 42 (32 39) (83 72) 29 (20 18) 55 85 (63 30) 19 92 69 80
71: 66 16 7 11 97 15 45 21 99 (41 46) 62 31 34 9 (61 56) 14 29 42 (23 20) 48
72: (76 11) (93 52) 20 (1 4) 91 31 41 36 9 16 23 (26 67) 13 62 90
73: 37 65 4 2 67 22 46 42 54 (93 80) 12 100 53 99 28 51 21 62
74: 63 64 41 34 84 68 18 (45 72) 55 (100 17) 29 4 6 97 (51 93) 85 (10 48) 87 88 (66 42) 89 21
75: 42 31 37 50 19 66 25 3 80 49 28 (20 100) 2 58 35 39 36 69 17 30 52 5 1 82 83 84
76: 41 49 46 9 70 16 59 66 95 86 19 92 (93 79 23) (55 32) 45 97 99 51 27 (52 69) 28 91 (39 50)
77: 37 86 84 11 94 72 39 (95 21) 70 52 45 58 29 69
78: 45 31 (15 83) (2 28 9) 66 48 60 92 (71 79 75 54) 99 1 (27 62) 7
79: 67 41 (26 48) (13 97) (14 29) 78 68 95 5 9 63 36 35 61 (3 4) 16 71 74 34 62 (47 92)
80: 34 64 70 15 86 (42 88) (66 80) 27 3 43 74 (24 37) 22 82 45 (25 36) 90 2 59 7 69 60 72 4 51 77 50 93 99 92 68 46
81: 71 74 99 19 72 (68 61) 50 88 34 27 24 49 (87 66) (14 30) (55 20) 2 36 93 1 65
82: 91 16 23 (51 4 54) 95 63 30 41 1 72 61 62 93 6 17 55
83: 51 21 61 46 74 76 41 11 (28 65) 8 84 66 24 50 45 (36 68) (1 20) 4 17 55 34
84: 35 59 2 75 16 55 30 22 (17 13) 39 50 (31 11 76 91) 83 82 99 93 (4 65) 9 15
85: (85 57) (22 75) 79 54 8 3 95 97 16 71 9 (31 55) 76 72 (74 68) 46 (65 48) 86 42
86: 99 82 48 85 65 51 41 (35 100) 24 84 70 11 (30 57) 13 10 90 71 28 86 95
87: 65 99 38 5 49 (1 22) 67 71 50 26 31 37 45 16 41 57 30 11
88: 99 59 74 75 7 62 35 13 23 10 (50 30) 9 16 27 34 28 86 20 (63 25) 95 60 48 66 2
89: 55 66 43 77 (4 41) 30 11 82 42 2 14 36 25 65 40 (90 23 74) 50 85 71 20 15
90: 25 2 69 27 88 35 6 86 4 39 89 95 34 46 (42 72 61) 93 (31 90) 51 23 41 19 1 77 92 38 80
91: 57 91 (77 86) 20 55 72 44 22 65 80 88 49 54 (32 95) 41 60 46 66
92: (82 34 20) 27 6 30 97 (93 85 92) (29 95) 51 (48 41) 64 46 57 54 45 70 17 9 88 80 43 2 31 78 24 (68 13 3) 100 52
93: 93 90 (50 97) 88 58 82 6 (3 28) 29 41 37 31 43 51 15 36 14 22 59 86 (54 39) 92 48 (26 68) 62 19 (44 1) 66 74
94: 28 88 77 68 (6 54 1 50) 35 53 30 4 69 90 72 31 (74 27) 20 17 (29 37) 8 9 91 86 22
95: 3 23 (90 45) 58 50 (80 17 95) 66 77 20 22 64 42 65 82 71 25 (13 41) 72
96: 55 93 (41 92) 71 72 67 52 74 16 (28 54) 84 9 15 34 29 69 45 19 61 91 88 51 1 86 83
97: 80 31 23 6 34 11 52 (51 100) 71 92 60 (20 90) 1 69 27 (16 54) 85
98: 55 83 17 48 93 3 68 42 (24 78) 35 75 (1 71) 97 (15 61) 95 30 11 90
99: 49 75 57 61 11 95 68 (84 58 90) 91 37 31 41 9 (74 86 23) 78 13 59 1 27 99 55 16 28 92
100: (53 46) (88 32) 96 24 34 54 95 51 6 67 (22 71) 86 91 (1 27 75) 44 74 23 55 (58 90)
