100 100
1: 28 15 95 27 14 50 23 25 17 6 65 19 8 83 16 55 46 58 49 54 99 31
2: 17 59 52 4 86 72 16 38 95 33 64 5 15 23 74 57 11 2 77 3 88 79 78 44 1 70 93 6 55 22 37 29 51 12 36 68 19 84 91 73 58 80 90 56 26 75 100 69
3: 7 81 73 12 5 83 59 10 58 74 61 13 67 46 43 9 20 65 86 50 70 41 14 56 34 100 93 88 26 30 33 97 17 64 51 15 45 78 19 3 71
4: 98 88 73 80 91 100 56 14 22 8 16 89 24 90 33 28 77 57 6 53 15 97 79 9 35 43 49 23 48 85 70 63 52 66 62 84 29 39 30 7 2 12 25 10 44 95 93 5
5: 51 10 94 37 87 66 100 71 8 91 79 61 67 12 95 92 63 44 3 15 41 80 13 17 75 20 58 28 70 60 35 25 50 90 55
6: 7 96 68 25 34 31 53 72 30 4 57 77 8 40 46 54 74 69 24 21 84 12 9 90 80 15 78 52 1 10 83 32 66 98
7: 82 43 76 9 36 75 7 58 86 83 80 65 91 31 55 30 57 17 88 13 14 27 99 46 24 6 44 12 50 42 70 73 90 66 74 61 79 32 41 34 38 2 98 68
8: 23 5 66 63 83 81 25 42 21 97 11 80 99 73 91
9: 35 39 82 15 1
10: 63 57 98 17 13 62 86 96 40 31 100 97 67 21 15 78 26 33 27 81 32 4 45 77 11 65 90 8
11: 52 90 76 50 96 25 47 84 61 20 21 65 74 68 93 19 79 67 41 15 5 100 26 88 86 80 56 89 69 55 36 91 32 92 29 24 98 54 16 72 99
12: 48 32 6
13: 92 17 31 62 94 60 91 64 30 5 70 81 98 14 7 74 21 83 69 45 56 73 23
14: 70 3 51 25 57 32 26
15: 97 26 48 92 38 49 80 13 45 21 15 11 28 8 9 95 58 63 68 42 33 74 100 90 51 61 41 93 2 96 47 25 39 94 54 55 76 73 60 99 17 23
16: 29 11 10 73 17 62 80 67 37 78 54 42 4 27 81 55 12 97 91
17: 69 50 75 93 55 73 52 44 84 68 91 22
18: 9 83 77 37 11 30 67 31 43 89 6 4 97 41 80
19: 3 79 31 60
20: 31 95 87 74 43 99 15 3 34 79 59 71 52
21: 42 52 62 61 81 10 20 33 6 95 98 17 12 34 22 54 49 31 43 84 94 3 67 50 63 8 96 45 71 51 57 58 80 68 11 1 38 25 66 2 4 30 53 29 90 60 93 69 83
22: 30 9 2 63 81 94 97 87 17 93 57
23: 11 51 26 9 12 38 69 36 13 95 77 86 94 91 59 75 44 65 19 62 47 46 5 64 32 18 74 87 79 78 3 72 76 97 63 58 25 14 61 88 21 31
24: 68 46 48 13 1 35 3 20 12 78 56 69 63 51 80 21
25: 53 18 12 87 15 41 85 96 91 49 59 5 74 30 47 42 19 1 9 69 76 83 67 86 66 16 51 13 100 46 88 58 92 73 28 11 84 6 57 60 61 90 81 95 68 35 31 20 25
26: 22 97 55 31 79 58 64 92 12 43 19 6 4 16 18 36 7 32 74 20 85 82 54 23 67 45 75 53 14 59 65 78
27: 64 4 27 32 2 21 18 72 98 35 81 43 17 16 87 26 95 36 38 90 69 40 51 49 82 47 75 57 92
28: 99 40 83 69 34 100 31 56 3 6 19 47 77 22 79 64 32 42 81 23 37 1 12 36 70 68 45 59 7
29: 5 9 28 88 10 74 79 100 38 32 91 69 95 59 89 26 22 67 39 77 55 82 86 87 84 36 62 35 61 44 81 13 66 4 11
30: 80 17 22 39 15 66 87 4 34 74 25 1 45 9 36 100 40 3 92 13 49 33 57 56
31: 44 42 87 28 3 93 48 39 46 31 67 2 63 73 79 72 8 26
32: 18 13 54 67 42 10 56 16 21 89 1 36 64 94
33: 65 64 78 23 46 24 86 66 79 3 5 95 39 8 67 35 91 30 38 28 41 90 74 100 45 40 50 22 10 16
34: 92 100 38 33 60 63 50 13 46 81 51 59 69 29 86 10 77 61 6 21 22 34 79 98 48 12 55 71 18 43 40 37
35: 97 35 9 6 26
36: 91 52 90 18 5 16 37 56
37: 85 20 3 51 57 13 82 70 46 31 99 6 100 91 56 77
38: 65 86 18 44 56 80 22 16 4 6 29 23 12 69 26 67 8 38 53 82 52 89 59 95 83 10 81 15 5 37 27 51 93 76 17 100 99 75 78 39 28 87 13 62
39: 55 28 78 45 57 14 67 41 26 76 27 35 56 86 95 17 12 47 1 7 94
40: 75 50 3 16 46 61 66 78 65 73 56 32 27 82 69 18 42 2 60 95 23 13 7 77 57 22 59 47
41: 83 38
42: 62 14 83 36 51 85 6 34 86 8 94 39 31 92 63 32 74 43 95 99 27 38 60 25 23 58 78 79 35 88 75 18 54 11 37 13 30 66 21 96 5 28 7 41
43: 26 16 65 100 75 19 18 23 47 10 20 1 12 96 74 49 44 98 71 45 62 21 60 64 43 66 15 55 32 76 8 39 61
44: 98 27 30 79 49 45 61 74 6 53 10 88 1 3 63 40 84 54 82 58 31 35
45: 6 15 17 26 77 13 97 76 20 2 58 83 61 12 21 53 52 98 41 10 30 79 91 43 69 95 70 60
46: 37 88 45 60 11 26 16 4 93 98 97
47: 49 96 35 78 19 58 45 27 12 21 70 7 61 84 77 80 97 36 87 67
48: 90 93 18 92 33 55 16 28 66 4 36 61 51 86 81 40 19 20 26 88 14 72 2 98 68 6 5 17 84 27 21 63 80 8 62 12
49: 31 79 4 67 27 97 83 11 8 57 78 2 58 63 49 92 55 32
50: 63 90 9 55 8 5 22 49 2 93 61 18 85 89 4 28 36 42 47 43 66 29 72 81 70 46 74 35 33 6 64 30 99 71 100 65 69 76 91 16 25 20 26 12 87 3 48
51: 99 23 31 81 65 44 45 9 10 90 83 74 38 25 14 79 51 6 95 70 52 92 66 20 50 82 21 73 42
52: 64 28 59 52 84 80 57 50 77 13 99 94 22 17 25 4
53: 98 75 37 35 21 90 14 28
54: 3 70 11 88 14 76 57 25 96 89 29
55: 85 82 67 94 27 48 6 69 78 58 59 83 66 51 63 52 74 49 19 76 77 40 15 16 98 31 41 55 12 60 96 86 14 89 29 13 62 92 84 75 57 34 50 23 54 97 99 18
56: 73
57: 41 75 35 79 68 38 32 46 19 88 10 28 21 25 76 99 8 7 47 40 11 36 65 54 92 4 55
58: 19 28 58 65 53 56 91 57 88 8 29 77 74 6 98 97 49 73 21 90 82 26 67 86 92 68 62 100 13 78 46
59: 34 75 62 99 63 97 42 9 27 7 23 37 43 5 72 16 93 77 2 30 46 55 73 83 89 51 56 6 86 35 20 10 33 95 78 19 69 32 52 11 28
60: 94 12 81 3 68 25 34 66 52 6 39 75 83 55 42 32 89 57 27 62 78 16 73 24 96 29 51 90 77 88 18 40 10 72 64 46 60 19 99 1 56 58 5 67 85
61: 26 99 78 19 13 15 12 79 56 68 2 20 4 94 29 37 96 58 87 32 6 7 67 86 61 77 49 91 11 27 54 18 43 70
62: 67 39 75 12 98
63: 97 89 11 96 42 38 93 62 20 66 57 3 16 37 48 30 54 84 28 47 72 15 17 94 8 88 63 98 19 39 40 67 74 22 78 92 53 59 4 18 49 43 60 87
64: 49 33 57 5 50 23 34 96 26 22 15 56 77 31 80 59 27 12 81 69 38 89 70 14 53 87 10 65 95 74 64 98 61 8 91 47 25 2 99 11 24 45 78 94 82 13 35 66
65: 97 77 26 59 2 19 22 30 95 79 66 34 48 76 1 68 58 40 28 75 53 87 35 65 80 94 78 46 88 14 85 45 50 47 8 4
66: 93 49 68 20 79 95 51 72 4 92 36 38 31 12 5 35 9 40 17 11 19
67: 21 47 99 44 67 66
68: 9 43 63 51 93 65 25 73 14 100 37 34 24 45 76 85
69: 11 77 27 56 66 19 17 88 31 45 18 3 47 46 9 21 83 92 38 94 42 99 62 98 13 53 26
70: 58
71: 81 87
72: 6 18 22 19 26 78 100 65 99 2 51 52 48 85 29 97 44 45 90 55 3 39 57 77 37 41 76 12 13 68 89 58 63 59
73: 10 23 2
74: 87
75: 60 42 5 66 63 19 37 29 65 55
76: 7 3 25 72 46 32 53 94 95 71 84 80 35 87 66 31 34 56
77: 27 73 88 90 54 68 45 2 58 98 17
78: 28 62 78 64 1 50 48 56 94 17 3 2 15 89 66 43 21 72 57 39 25 79 70 83 20 75 73 100 8 51 33 68 99 9 58 92 24 47 85 45 52 98 13 44 18 10 82 80 65
79: 57 28 40 88 27 77 20 75 17 83 68 35 19 71 6 8 48 26 37 2 93 32 66 15 42 13 96 84 86 31 80 79 64 62
80: 65 71 75 99 89 42 58 79 8 98
81: 17 83 16 44 31
82: 26 4 86 50 42 24 59 98 11 92 44 100 88 56 57 40 80 20 6 13 1 60 89 78 85 96 5 95 22 94 68 49 77 72 46 37 55 8 87 79 61 9
83: 40 97 90 59 96 29 83 86 3 89 94 49 73 82 52 1 26 13 33 69 56 21 20 76 42 95 75 38 36 23 74 78 62 48
84: 55 19 22 27 81 49 85 88 79 11 25 100 96 73 40 30 51 24 97 57 6 44
85: 64 100 66 18 24 92 29 95 85 33 9 99 40 80 90 91 49 41 51 22 17 31 7 43 25 78 75 3 12 59 35 5 56 68 63
86: 31 86 29 68 15 42 65 93 9 33 11 53 30 75 22 62 100 56 84 87 45 2
87: 77 2 54 3 18 12 6 57 79 89 97 17 64 7 60 92 30 23 58 29 31 52 11 55 27 21 45 78 37 47 84 50 5 38 39 19 99 42 81 63 36 61 35 28 73
88: 29 79 82 83 93 94 75 33 89 19 25 92 1 99 36 58 57 35 69 24 50 32 81 17 2 74 87 88 47 70 20 91 73 45 48 4 62 85 14 90 63 12 21 53 39 41 77
89: 69 91 77 65 32 31 27 25 16 34 28 54 17 59 92 12
90: 20 78 12 90 8 7
91: 86 47 91 30 62 43 82 94 29 41
92: 58 81 43 52 90 92 26 46 6 79 97
93: 87 84 42 70 29 72 27 13 53 11 50 10 2 22 94 82 67 57 12 48 59 35 83 90 92 31
94: 29 57 33 15 68 11 23 86 94 79 50 92 82 14 13 25 35 37 10 100 54 16 90 21 71 98 34 55 32 67 47 17 88 44 24 81 12 22 40 74 72 53 89 78 60 51
95: 13 19 87 74 43 100 8 79 25 58 51 31 77 18 11 2 4 30 70 61 94 40 6 82 54 41 14 32 85 50 97 72 57 45 90 29 36 35 73 76 64 23 34 53 75
96: 36 61 57 76 62 97 6 22 31 51 10 16
97: 49 51 27 50 45 17 35 61 55 97 81 1 99 33 100 68 37 18 79 23 52 74 14 41 13 77 80 8 20 67 46 42 6 39 31 90 21 32 89 87 69 19 76 88 84
98: 24 59 40 16 99 12 91 38
99: 92 32 41 52 27 71 88 64 26 82 91 95 39 100 87 43 96 73 6 53 65 11 18 19 46 34 22 47 42 4 16 2 74 60 37 86 33 56 90 72 81 25 1 38 51 23 99
100: 43 82 93 20 84 7 99 4 42 92 81 8 26 24 100 10 50 15 38 44 57 18 48 39 58 33 59 12 83 19 67 94 29 56 53 23 76
1: 43 83 2 (97 65) 44 82 60 (39 24) 9 (32 78) 28 88 25 6 21 99 30
2: 61 (79 73) 87 4 7 45 65 49 (2 27) 88 15 40 99 64 (31 22) (86 21) (59 50) 93 (72 78) 95 48 77
3: 31 76 54 69 (23 2) 87 (44 28 19 21) 63 40 (20 37) 33 24 83 60 50 14 85 3 30 (72 78 5)
4: 48 6 (10 100 46) 18 99 26 63 66 65 61 30 57 (88 16) (38 49) 29 (27 50) 82 (21 2 52) 95
5: 33 60 4 64 59 (87 38) (75 29) 25 13 2 48 3 8 50 66 85 23 36 82 42 11
6: (18 79) 59 84 72 7 21 61 99 97 (42 48 35) 95 50 28 (1 58) 96 4 (82 44) 92 (45 37) 60 2 26 25 55 (34 12) 87 (51 38)
7: 76 28 7 47 90 (40 4) 87 57 13 61 3 (6 26) 59 39 42 100 85
8: 50 (4 78) (80 100) 65 (31 1) 79 10 58 (6 49) 64 42 15 63 (48 57) 38 90 43 5 95 33 21 (97 82)
9: 69 25 35 30 (68 22) 7 29 85 (82 78 23) 4 66 51 50 15 6 (18 86) 3 59
10: (73 44) 32 (5 45) 100 16 4 78 (34 64) 96 43 51 93 38 29 6 (57 3 60) 94 33 59 21
11: 18 87 49 (10 69 42) (84 64) 21 15 (93 25 99) 94 95 29 82 (23 8) 61 54 (46 63) 57 59 (16 2) 66 86
12: (23 90) 64 62 (7 4) 100 5 28 43 88 93 16 87 66 (50 34 60) (98 2) 25 72 48 21 89 45 85 47 3 (38 55) (94 24) (26 6) 61 39
13: 79 82 30 7 (23 29 34) 83 55 97 69 25 45 32 5 (52 10 64) (58 15) 61 94 37 42 95 3 93 24 72 78 (40 38)
14: (94 95) 54 65 (39 23) 1 26 (55 7) (51 53) 68 13 48 64 4 97 88 42 3
15: 11 1 79 15 (4 61 30) 78 63 20 25 (45 3) 86 55 94 43 100 5 (38 9) 10 (6 2) 64
16: 43 81 94 11 33 27 46 40 25 (98 99) 60 (63 96) 36 48 (4 1 2) (38 26) 50 55 59 (32 89)
17: 39 27 87 (22 13) 77 52 21 30 48 1 66 69 38 85 79 63 45 7 94 (89 3) 2 (5 16) 81 78 10 (97 15) 88
18: (42 100) 43 55 69 72 63 32 34 87 (38 50) 99 (26 85) 60 61 36 97 25 78 27 (48 40) (95 23)
19: 11 1 65 3 (61 57) 88 (66 23) 95 59 (69 72) 26 (99 2) 100 28 43 58 84 75 25 55 60 87 47 97 48 79 63
20: 66 51 43 (100 37) 50 83 (21 45) 48 24 78 3 61 26 11 88 59 63 82 (90 25 79) (5 97)
21: 97 (24 43) 10 69 23 78 (13 58) (51 6) (57 15) 87 27 47 94 83 (42 45) (67 48) 34 88 32 (11 53 8)
22: (4 38) 29 94 93 17 34 86 40 82 85 65 33 84 72 63 64 2 30 26 28 99 50 52 96 21
23: 51 13 (59 83) 2 (42 97) 43 73 94 15 99 28 64 1 40 4 8 55 26 (38 100 33 87) 95
24: 64 (11 94) 88 85 7 84 4 78 60 98 68 82 33 100 6
25: 23 88 (11 57) 1 25 21 (68 5) (78 4) (89 52) 50 6 (51 95) 42 14 99 30 54 64 (85 84) 94 15 76 8 60
26: 46 45 50 48 35 38 92 27 79 100 (31 3 64) 39 58 29 15 99 23 69 65 11 (83 61 43) 10 14 82 2 72
27: 89 48 61 44 69 60 49 55 (64 99) 1 (7 84 79) (39 77) 59 (38 42) 47 (93 40) 27 87 16 97 10
28: 58 29 25 63 48 52 (31 53) 39 (79 15) 50 57 (5 59) (33 4 89) 87 38 1 78 42 65
29: 34 83 (11 72) 95 93 (16 91) 87 (85 100) 21 (2 94 61) 75 60 38 88 54 55 4 (86 58) 50
30: (18 65) 84 22 33 (91 50) 21 7 44 13 25 86 (59 95) (4 63) 6 3 42 (87 45)
31: 79 86 (10 66) 69 89 64 26 85 7 1 31 20 93 18 49 97 44 6 37 96 19 42 (81 87) 51 (13 55) 76 23 95 25 28 21
32: 95 60 (7 14) 40 61 57 97 6 42 27 (79 29) 10 76 43 23 99 89 11 94 88 59 (26 49) 28 12
33: (50 15) 78 (10 64) 48 4 88 86 30 (3 2) (59 21) 100 85 99 97 83 (34 94)
34: 7 (20 6) 59 30 42 95 34 3 (99 89) (94 68 21) 76 55 28 64 65 60
35: 76 (33 97 42) 53 27 64 79 29 59 87 88 94 95 5 9 39 85 24 35 4 50 57 66 44 (93 65) (25 47)
36: 83 88 66 (96 27) 26 28 95 23 32 57 2 30 87 (7 48) (29 11) 42 47 50
37: 75 99 97 36 42 2 72 18 68 79 5 94 63 46 16 61 59 53 87 82 34 38 28
38: 99 69 7 29 33 64 63 (42 21) (83 87) 57 41 34 27 (15 98) 38 23 (51 100 66) 2
39: 15 9 4 99 63 29 (78 62) 97 (43 31) 30 33 87 42 88 100 60 72 38
40: 27 6 57 85 33 (55 44) 66 65 63 30 94 48 (10 98 83) (82 79) 84 (28 34) 60 95
41: 3 7 33 18 11 45 (91 72) 57 (5 99) 15 39 25 85 42 95 88 55 97
42: (40 32) 59 (80 75) (50 15) 87 69 16 79 99 83 25 (7 8) 60 86 (93 28 100) (21 51) (97 31) (82 63)
43: 100 (61 50 7) 34 3 59 (92 4) 99 91 42 27 (68 85) (45 20) 43 26 63 18 95 78 21
44: 31 82 78 5 84 4 23 94 67 38 2 29 100 7 43 17 51 81 72
45: 30 77 87 (86 65) 72 (88 97) 47 26 (3 21) 28 10 69 51 (39 95) (33 68) 64 78 44 43 15 46 13
46: 97 50 24 58 65 57 82 60 99 23 40 6 37 (69 33 31) 3 59 (1 76) (92 7) 25 34
47: 67 23 57 69 63 39 (65 88 91) 99 28 (43 94) 25 11 87 27 50 (78 40) 15 64
48: 55 34 50 (12 31) 72 4 93 100 15 24 65 88 63 (78 83) 79
49: (61 15) 30 (64 50) (25 85 44 63) (82 4) 49 47 1 55 58 21 97 66 43 84 83 27
50: (34 100 93) 82 (95 5) 17 7 87 78 11 (65 40) 94 55 33 21 64 3 52 1 (97 88 51)
51: 23 21 99 78 5 72 95 34 15 51 42 24 38 37 97 60 25 66 84 59 85 96 (68 14) 94 48 (3 2 27) 55
52: 97 36 4 59 83 51 20 2 21 87 17 55 52 99 (92 11) 38 6 45 78 72 60
53: 64 (4 65) 44 63 69 6 88 21 25 95 86 94 99 26 (76 100) 38 45 93 58
54: 61 (94 32) 44 11 15 16 89 57 77 87 42 1 6 26 21 (95 55) 63
55: 60 (59 15 82) 49 17 7 94 1 75 55 57 29 16 39 2 97 48 11 5 87 84 (34 43) 50 26 72
56: 39 30 78 69 60 37 40 100 (13 61) (59 76 64) (36 2) 28 (11 3) 85 83 82 32 99 38 86 58 4 24
57: (93 79) 72 (6 49) 84 78 88 94 30 87 7 27 (60 14) (55 21) 10 82 25 (58 4) 95 63 37 2 40 (96 52) 100 64 22 39 54
58: 77 (15 80) 100 (92 58) (23 65 61) 45 5 44 2 25 72 55 95 3 (88 78) 21 47 42 49 7 1 26 60 70 87
59: 82 26 2 20 3 29 28 52 (40 25) 89 72 23 34 (85 55 83 64) 63 93 38 100 98 65
60: 21 (82 45) 43 (99 63) 40 (55 34 5 25) 13 87 75 46 (15 42) 94 19 60
61: 97 (96 82) (5 64) 50 40 (95 48) 3 (87 47) (25 45) 23 43 (34 15) 7 29 11 61 21 44
62: 4 78 59 (55 23) 21 63 38 29 91 (58 69 16) 79 60 (43 86 48 88 83) 13 96 10 42
63: (21 15) (88 50) (63 48) 31 22 23 34 (68 5 59) 4 42 49 44 8 24 87 10 (72 55) 85 75
64: (13 27) 3 64 50 28 95 79 2 26 87 85 33 52 60 43 78 99 23 32
65: 64 89 10 51 86 (43 38) 26 11 7 58 78 (57 68 50) (99 75) (33 40) 23 65 3 1 80 72
66: 25 (51 85) (40 67) 76 69 63 (75 50) 30 (5 43 60 42) 79 8 4 55 6 78 (21 65) 33 (48 7 29) 64
67: 93 21 11 97 94 (39 100) 3 60 55 25 33 (63 38) 32 (49 67) 10 (31 5) 29 58 (62 18) 26 47 61 16
68: 79 (66 94 11 65) 2 25 97 58 17 24 (57 78 77) 82 21 6 48 85 15 72 86 7 28 61 60
69: 88 89 13 38 50 64 29 6 27 11 40 28 (59 25) 55 83 97 21 (45 34) 23 2 17 24
70: (61 7) 51 64 95 4 (88 45) 13 28 14 93 37 78 3 5 2 50 (54 47)
71: (21 80) 43 3 94 76 99 50 (5 20) 79 34
72: 66 95 50 63 94 60 93 31 78 99 (76 2) (23 6) 48 11 82 (59 27)
73: (3 15) 25 7 17 60 68 56 59 83 99 78 87 4 (77 84) 58 13 2 40 95 31 51 8 16 88
74: 42 33 88 13 (2 6 99) (50 51) (83 95) 23 94 11 43 3 30 (26 29) 63 15 55 7 (25 58) 97 20 (44 64)
75: 65 27 95 80 23 88 (83 7) (26 62) 53 59 40 2 (17 79 78) 86 5 55 43 85 60 42 38 57
76: 50 23 96 45 11 25 72 55 83 68 (15 100) 65 (39 38) 57 (95 7 97) 43 54
77: 88 23 29 6 40 10 79 18 (97 61) (52 64) 2 58 37 65 47 59 55 34 82 95 (60 69 87) 89 (4 45) 28 72
78: 42 33 78 55 59 64 90 49 82 72 87 26 (63 83 16) 24 (85 60) 61 38 23 (47 65) 39 2 58 (40 10 94) 3 6
79: (11 57) 34 78 44 66 (94 45) 79 84 2 5 (23 87) 51 (4 80) 26 29 61 88 28 31 33 65 49 20 95 82 7 92 42 19 97
80: 16 5 64 76 18 48 4 85 65 (47 11) 30 7 15 52 8 24 (38 82) (21 97) 2 79 78 6
81: 60 48 71 22 (28 87 13) 94 51 25 8 97 34 10 99 64 38 21 50 16 (92 84 3) 88 27 100 29
82: 100 (29 95) 94 (64 51) (27 93) 99 55 7 58 78 26 40 83 88 (37 44) 91 9 38
83: 81 88 8 21 (38 42) 1 93 60 100 59 7 6 25 18 3 (51 45) (69 49) 28 13 55 41 (79 78) 83
84: 55 (21 52) 93 86 4 17 100 79 11 (97 48) 29 (63 47 2 76) 87 44 25 6
85: 25 (55 95) 72 68 65 82 (84 85) 78 37 60 (4 88 50 42) 26
86: 39 58 3 (33 29) 10 61 42 25 82 (55 94) 86 23 83 7 11 91 2 79 59 38 (48 99) 34
87: 86 30 88 (93 65) 22 95 61 97 82 99 63 38 27 50 71 74 23 25 5 29 47 76 20 31 64
88: 23 (77 54) 88 42 58 (7 57) (65 29) (63 79) 48 3 44 46 11 69 99 82 25 60 2 (84 4) 97 94
89: 82 80 78 11 72 (94 4) 38 63 97 87 50 83 59 54 (29 32) 88 18 (64 55) 60
90: 92 53 72 90 (10 6) 4 (58 88) 21 15 95 33 93 51 25 (11 83) 7 85 5 99 50 (60 36) (94 27) 48 97 (2 77)
91: 99 25 64 58 (89 2) (36 88 23) 29 45 8 (91 16) 11 17 85 50 13 61 33 37 98 5 7 4
92: 58 15 55 (51 89 42) 93 94 27 11 63 (30 87) 82 (85 34 57) 78 26 49 92 48 69 13 66 25 88 5 100 99
93: 66 (48 21) 50 3 2 31 (4 17) 11 63 15 59 38 22 (46 86) 100 68 88 79
94: (5 52 82) 65 13 83 76 32 15 (95 22) 94 61 64 (78 63) 60 55 42 100 39 (88 93) 21 23 91 69
95: 1 5 15 76 66 4 40 82 (25 2) 85 27 59 (45 83) (64 21) (42 65) 20 (99 33) (38 39) 29 51 23
96: (84 61) 11 64 42 63 6 25 60 82 15 21 79 83 47 10 43 54 99 55
97: (92 46) 22 45 35 (65 83) 87 59 18 95 (58 49 84) 63 72 15 (16 4) 97 (55 23) 8 26 3 (10 47 96)
98: 44 46 34 (13 62) 80 53 (48 43) 64 77 63 58 7 (27 21 55) 78 6 (45 94) 11 69 82 10 4
99: (1 72) 57 37 (67 50) 42 7 28 (69 80 38) 55 88 51 85 20 (61 59 64) (15 100) 98 11 99 52 8 78 87 (97 60)
100: 97 84 82 29 85 43 30 37 86 3 94 10 38 72 2 15 25 11 68 58 5 50 34 (95 33 78) 99 28 (100 4)
