100 100
1: 71 59 90 87 44 96 14 94 82 46 27 25 19 8 32 66 76 61 60 11 49 24
2: 97 59 34 80 70 9 68 17 60 88 24 19 85 21 54 75 46 49 28 50 62 65 91 73 99 6 27 96 23 81 56 8 15 2 92 44 25 13 100
3: 30 48 31 19 25 66 6 15 29 51 2
4: 4 77 83 54 85 62 55 90 70 46 91 19
5: 83 77 38 29 53 40 54 58 71 99 94 98 55 63 10 13 91 17 36 33 87 43 70 95 97 8 56 44 25 39 41 80 78 5 92
6: 67 71 2 80 23 31 25 87 53 22 42 10 93 24 41 46 62 51 14 92 88 65 26 64 63 8 54 30 82 90 75 34 7 36 38 86 32
7: 51 65 14 15 100 61 80 38 28 34 76 87 7 93 25 97 60 4 5 75 86 39 69 13 98 62 63 59 94 57 74 72 44 35 68 26 64 47
8: 74 44 59 96 33 40 3 64 39 1 69 11 84 34 58 90 15 21 47 68
9: 65 89 38 56 78 66 96 32 85 87 67 61 99 11 90 82 64 71 76 34 27 84 20 42 22 15 54 7 1 37 73 80 55 50 62 13 53
10: 25 50 100 18 53 80 14 39 43 36 45 55 54 35 3 62 91 7 86 83 74 6
11: 89 61 80 29 60 91 17 25 22 67 5 98 54 49 95 40 66 10 43 14 45 37
12: 90 38 29 14 18 58 28 24 52 22 2
13: 3 78 68 95 53 50 86 66 96 36 25 85 65
14: 97 89 32 87 74 64 55 27 18 8 90 93 47 35 39 25 15 11 44 19 95 7 91 46 9 71 30 48 6 20 4 67 83 31 86 65 73 59 21 38 58
15: 2 88 28 6 100 33 8 39 1 30 16 40 67 97 45 46 74 22 85 84 77 78 3 91 25 23 49 92 69 82 62 31 94 75 59 34 57 52 42 29 66 32 4 35 18
16: 26 45 87 4 1 62 29 78 66 96 15 100 95 67 98 72 39 84 52 47 69 10 17 65 12 73 7 83 86 2 25 37 91 13 5 80 89 31 32 21 63 42 50
17: 11 51 85 31 54 9 82 39 25 68 36 91 77 42 90 34 45 6 92 52 55 60 93 43 58 47 74 46 29 3 64 95 28
18: 71 81 88 24 16 74 2 18 23 72 64 95 9
19: 95 82 1 83 43 22 15 10 33 21 6 49 100 55 58 62 51 30 54 90 97 45 35 67 8 42 61 69 26 50 68 79 64 27 74 12 63 60 40 57 31 94 14 28 92 85
20: 35 65 87 28 81 37 72 73 36 18 21 80 5 47 10 50
21: 52 37 56 91 8 1 53 73 51 46 18 93 55 82 49 30 43 87 25 85 45
22: 65 66 48 14
23: 79 70 5 6 1 58 22
24: 85 48 23 94 93 53 20 50 17 10 57 4 36 7 82
25: 1 30 17 50 32 6 55 34 2 5 39 87 79 36 61 100 80 45 15 83 44 78 62 66 82 74 3 95 70
26: 5 23 99 57 35 100
27: 94 29 7 87 97 96 73 67 66
28: 40 28 71 78 99 45 98 97 36 42 82 33 94 1 2 24 55 64 8 65 62 74 14 41 63 21 7 96 29
29: 68 82 58 79 16 37 19 50 80 84 36 1 25 17 83 100 28 86
30: 12 35 43 40 100 67 26 10 38 88 86 77 49 18 47 3 99 63 53 74 15 60 84 69 65 14 64 72 52 92 25
31: 79 26 71 49 23 100 90 61 35 15 40 60 64 76 34 31 97 13 1 67 39 63 27 42 43 73 74 78 91 94 30 45 12 57 55 68 41 28 48 21 9 24 46
32: 3 1 9 67 19 40 74 68 84 83 12 16 90 14 95 87 54 47 18 85 45 91 56 86 6 60 66 59 25 22 43
33: 10 64 1 99 94
34: 34 63 40 16 96 17 10 84 31 24 7 14 100 93 99 28 39 49 1 56 61 22 4 77 30 78 23 72 88 12 45 6 26 3 69 41 67 43 21
35: 42 3 67 41 34 31 77 7 1 13 58 14 71 18 99 50 47 30 46 20 16 33 100 84 66 61 2 23 91 25 12 86 96 28 32 38
36: 17 37 25 49 9 81 11 39 18 12 59 51 64 78 40 85 47 65 79 35 87 73
37: 81 26 97 48 35 21 3 98 7 9 100 63 84 8 31 64 49 19 41 38 53 69 33 60 56
38: 80 55 34 58 60 6 73 51 66 92 25 76 75 26 100 77 87 84 71 93 22 24 10 59 21 82 39 96 47 72 41 48 35 43 1 28 17 63 32 67 64 20 91 19 86 56
39: 52 79 33 15 19 32 57 65 21 80 72 64 14 42 85 20 6 28 45 51 8 66 29 73 16 83 69 90 77 81 70 96 12 4 76 1 34 95 94
40: 39 74 4 85 65 57 33 64 92 52 31 10 69 73 58 20 50 7 2 53 97 34 25 49 91 19 79 13 67 78 100 81 83 63 71 95 3 43 80 5 90 11 88 62 96
41: 70 41 40 5 2 75 12 11 17 18 93 34 92 60 36 71 54 59 9 65 98 84 99 83 6 37 42 89 58 91 46 15 72 80 62 38 69
42: 12 41 2 52 61 4 98 87 66 22 14 69 39 94 79 76 25 13 67 97 20 81 24 78 17 64 26 48 9
43: 58 53 22 95 45 21 35 33 32 14 65 2 72 83 63 79 47 84 7 25 69 91 12 46 92 30 76 78 59 93 71 5 85 10 97 43 54 26 67 88 15 61 19 27
44: 72 16 32 93 6 2 99 29 63 84 47
45: 5
46: 30 20 99 54 25 1 88 7 98 80 73 44 66 71 78 70 37 27 64 47 5 42 56 62 100 50 52 19 67 15 81 18 23 85 87 29 17 58 26 36 82 10
47: 9 34 10
48: 23 4 95 37 32 11 9 30 39 41 12 1 52 72 26 31 73 78 64 96 93 97 62 24 19 86 60 90 47 38 8 48 82 76 21 15 68 80 98 94 92 20 34 27 28
49: 71 17 43 27 59 97
50: 63 62 11 66 64 37 75 84 33 17 51 15 92 45 80 10 16 48 49 70 82 85 99 60 32 81 83 6 59 90 98 21 71 87 46 97 95 19 29 23 79 44 55 7 35 57 22 73 3
51: 30 35 73 65 60 46 90 56 36 66 75 19 39 69 91 20 71 34 8 72 43 96 53 14 15 95 12 22 98 55 51 10 74 54
52: 59 32 63 84 89 54 95 78 86 100 66 29 53 81 17 2
53: 29 75 4 70 18 34 8 14 66 60 26 67 9 30 79 2 96 28 47 56 35 95 19 52 25 83 3 39 93 78 97 62 61 50
54: 59 65 63 38 25 19 62 71 81 85 60 40 100 35 83 22 72 33 75 6 32 29 8 45 69 36
55: 82 60 34 8 79 20 31 12 84 64 41 70 14 23 96 62 66 15 68 28 74 18 26 44 27 52 5 42 54 58 45
56: 41 52 50 96 80 95 43 87 51 30 55
57: 12 9 27 29 92
58: 98 5 13 8 86 6 17 16 79 28 85 81 78 39 61 80 3 99 59 77 26 48 43 27 42 95 4 18
59: 37 60 6 68 17 1 30 90 24 16 100 64 11 54 43 70 26 38 66 12 10
60: 18 75 59 5 67 79 25 91 8 72 70 85 87 31 4 51 68 55 2 81 29 21 50 92 16 47 28 26 61 11 66 3 96 15 52 32 69 45 20 44 56 76 94 88 83 57 40 13 84 24
61: 69 9 13 46 59 44 48 60 61 91 65 96 1 24 19 6 7 36 53 41 2 58 33 66 11 57 92 89 20 17 73 14 27 78 81
62: 71 81 45 13 76 54 30 32 3 84 99 18 74 95 11 20 25 62 34 60 17 5 27 61 2 46 80 23 49 78
63: 34 83 59 86 50 51 63 25 49 97 13 76 4 72 61
64: 48 75 68 80 92 18 9 84 65 21 54 87 32 74 96 39 93 33 69 86 62 82 67 13 36 98 41 12 44 60 88 51 8 30 40 73 5 1
65: 77 8 91 79 55 32 85 49 89 66 27 14 74 10 95 16 42 4
66: 12 100 90 27 3 57 96 98 18 42 32 61 22 49 68 87 45 88 85 38 64 16 5 89 99 30 58 79 56
67: 72
68: 91 59 45 81 56 69 43 28 30 61 23 22 63 85 68 37 79 29 66 21 32 71 94 64 51 24 55 6 53 100 34 84 50 65 1 15 72 46 92 77 82 48 99 44 26 11 39 41 98
69: 41 19 16 76 69 62 22 17 29 34 32 70 45 49 36 58 66 2 68 30 93 57 47 25 90 91 31 54
70: 22 57 24 35 21 68 3 64 60 15 74 29 55 51 42 94 27 17 92 81 70 25 53 86 85 72 49 48 93 88 38 80 20 71 69 8 9 63 73 16
71: 74 10 46 58 55 53 95 6 1 8 60 14 48 2 98 92 88 64 63
72: 24 89
73: 8 80 22 97 31 26 5 24 45 15 46 91 25 98 88 27 64 2 100 61 29 69 47 73 70 28 6 66 85 34 99 3 41 62 57 9 7 71 56 44 20 37 55 49 42 39 40 90
74: 35 91 13 47 52 53 37 10 98 67 7 18 83 17 62 90 76 33 29 82 43 30 68 46 63 54
75: 66 23 51 18 8 44 48 27 38 45 37 54 57 59 3 49 35 87 65 80 60 7 19 96 46 61 99 40 9 30 81 58 90 2 10 32 26 64 16 43 42 75 82 6 17 92 50 86 14 20
76: 72 74
77: 8 44 67 70 37 80 9 64 39 33 49 68 79 100 90 27 18 61 4 40 77 29 31 65 59 57 45 38 36 20 84 7 88 35 55 16 93 74 2 75 91 42 23 71 6
78: 63 83 4 96 38 74 77 45 88 3 73 52 40 60 65 33 29 67 87 17 11 50 34 78 47 48 91 69 86
79: 60
80: 80 88 10 1 76 55 44 97 46 42 66 62 11 26 99 68 4 17 85 57 23 30 89 39 51 24 94 40 13 32 8 36 71 12 25 65 31
81: 56 22 36 90 75 37 76 28 98 7 32 68 58 89 62 5 88 100 17 49 27 8 95 34 6 25 70 48 3 24 61 10 51 79 33 54 21 85 20 9 65 55 30 87
82: 51 93 15 45 30 38 41 80 74 100 71 24 89 5 46 81 94 76 72 58 83 60 11 90 98 84 23 8 43 14 21 54 34 64 19 49 95
83: 9 11 89 65 16 68 96 23 69 81 45 33 43 74 44 29 5 91 50 77 67 88 8
84: 27 1 2 33 28 76 88 20 69 81 89 86 9 98 3 75 23 66 60 90
85: 88 61 24 28 79 53 48 31 76 71 72 36 38 6 11 3 65 34 93 56 30 85 99 94 4 59 35 10 40 87 52 75 1 41 78 49 18 12 8 50 32 16 98 37 43 73
86: 45 28 23 99 3 6 36 41 97 78 84 30 22 46 71 89 39 52 32 19 14 34 20 8 27 50 48 18 72 74 31 67 100 62 25 76
87: 45 59 12 30 85 35 65 97 11 96 75 7 29 53 60 68 81 52 18 61 36 55 80 47 89 1 43 24 26 72 90 6 2 14 31 69 63 17 25 48 37 4
88: 67 58 14 13 21 70 57 22 54 4 2 83 59 64 97 75 71 99
89: 74 14 63 91 67 58 85 26 12 87 22 83 54 92 13 49 45
90: 3 96 43 25 89 27 57 32 97 64 74 41 13 46 91 48 73 38 81 62 20 42 65 31 47 90 23 15 63 53 98 36 86 78 9 45 99 85 21 88 60 49 83 14 100 2 55
91: 22 7 62 13
92: 94 89 96 100 67 99 22 13 17 48 43 80 38 30 59 14 66 40 55 20 32 51 52 73 56 1 39 19 76 90 84 23 31 8 74 92 82 60 15 75 58 97 41 88 2 25
93: 77 21 36 5 23 4 86 100 87 78 34 11 84 88 71 29 17 16 38 93 26 20 52 41 70
94: 57 63 76
95: 75 63 95 54 30 21 5 50 60
96: 1 20 17 38 76 51 19 10 8 23 39 11 69 93 73 66 98 87 32 12 85 21 95 28 59 31 67 13 54 22 60 56 68 100 49 58 3 65 53 37 25 96
97: 23 6 61 47 2 82 26 38 69 65 31 90 14 44 62 74 15 13 81 50 25 29 91 97 77 99 79 33 100 93 60 11 83 70 66 58 17 9 55 92 76 96 16 41 39 45 32
98: 29 66 88 62 16 94 37 76 38 5 32 22 92 40 33 15 89 41 1 39 30 50 95 96 77 85 13 51 48 75 4 97 47 46 11 91 35 74 3 24 21 65 8 45 18
99: 7 35 13 10 1 37 64 92 71 79 67 61 43 73 33 48 84 77 63 56 52 36 23 54 76 95 59 20 66 53 96 29
100: 97 87 86 24 39 76 81 2 55 9 41 23 54 93 43 79
1: 34 (32 92) 80 29 99 35 48 (31 21) 68 87 28 8 61 85 64 15 71 33 (19 84 23) 9 46 (25 59) 98 39 (38 16) 96
2: (16 92) 35 (43 3 88) (42 90) 15 60 87 (12 44 97) 71 2 52 75 28 62 77 (84 53) 25 73 41 100 61 (6 69) 40 18
3: 75 96 98 30 50 58 73 60 90 (8 70) 81 10 (40 37 32) 86 62 13 66 35 (53 85 34) 78 84 (17 15 25)
4: 7 42 60 34 58 14 63 24 (48 4) 80 77 78 93 53 98 87 88 (40 39 65 85) 16 15
5: (23 25 55 40) 95 98 16 58 66 45 64 5 11 82 (60 20) 93 62 41 43 (73 81 26) (46 83) 7
6: 58 73 15 (3 39 61) (14 2 34) 41 71 59 32 85 77 86 (97 25) 23 (68 10) 19 (38 87) 44 75 17 (50 81) 54
7: 27 16 34 46 24 74 (14 6) (99 61) 40 (50 81) (73 28) 75 35 9 (77 37) (87 10) 43 91 7
8: 80 58 83 96 71 (98 54) 6 2 51 37 85 48 (65 53) 82 75 (5 55) 70 60 39 (73 14 21) 19 15 64 77 81 (92 28) (86 1)
9: 18 (90 100 2 84) 70 64 53 36 77 83 81 17 37 61 42 73 41 75 (14 97) 57 48 47 31 32
10: (81 20) 16 (43 65) 75 71 (80 5) 33 11 30 (96 99) 47 34 38 85 59 46 40 19 (74 51) (50 24 6)
11: 85 98 (78 96 36) 9 (41 80) 83 97 1 (82 87 17) 14 (62 59) 48 40 93 50 61 60 8 68
12: 80 (34 31) (43 36 41 59) 51 55 16 96 19 87 (32 30) 66 89 57 64 (35 42) 85 48 39
13: (90 64) 80 42 89 63 74 9 98 2 (88 16 62) (61 60) 35 40 91 58 92 97 31 7 96 5 99
14: 19 42 28 97 65 90 88 10 75 43 92 6 7 (12 11) 35 87 86 (51 39) 89 32 (82 34) 22 55 61 53 (71 30) 1
15: 31 73 7 14 2 (25 92) 50 48 (82 70) (39 46) 9 16 55 41 51 (60 43 30 98) (3 90 8) 68 19 97
16: 65 83 70 (60 59) (15 77 97 58) 39 (69 93) 29 98 34 32 85 (75 50) 35 66 18 44
17: 78 69 38 96 93 29 75 49 92 62 (36 46) 34 70 24 (42 5) 41 80 74 (87 25) 58 11 2 52 97 81 16 59 50 61
18: 58 87 (55 30) 20 62 (86 14) 75 66 36 (18 35) 21 53 12 (85 10) (46 98) 41 60 64 74 77 15 32
19: (54 53 40) (14 2 92) (38 29) (50 32) (61 75) 43 (4 86) 96 (69 37) 51 46 39 48 82 (3 1)
20: (38 55 92) 73 61 (62 39) 51 9 (42 84) (70 14) 24 46 75 99 (77 35) 81 86 (60 96) (93 90) 48 40
21: 14 48 19 20 16 64 34 98 93 82 (43 28 68) 70 31 50 37 38 60 8 (95 2) 90 39 (96 88) 81
22: 34 11 91 86 (15 23) 32 68 6 98 9 69 70 (73 92) 42 54 43 88 19 (50 66) 51 81 38 12 89 96
23: 97 18 82 48 24 (75 93) 62 34 6 100 68 96 84 (86 50) 90 (92 26) 15 99 2 77 35 (83 80) 55 31 46
24: 42 (28 34) 72 18 12 (2 85) 68 (80 87) 98 82 (73 61) 100 1 70 (59 6) 31 48 38 81 60
25: 29 54 40 38 73 (69 13) (90 42) 92 1 10 3 60 17 21 15 (16 32) 14 86 11 35 (80 5) (63 53) (43 7 36) 70 46 6 (81 2) 97 96 87 30 62
26: 55 37 (7 43) 34 97 73 31 60 68 16 (48 42) 87 58 53 (59 19 38) 30 6 75 (89 80) 93 46
27: 1 31 57 86 75 81 73 65 61 49 (19 9 14) 48 (58 90) 77 46 55 84 66 43 62 2 70
28: 2 34 (81 55) 39 7 48 (86 20 73 28) 60 12 68 17 58 84 29 53 38 85 96 15 31 19 35
29: 93 (28 5) 12 99 (39 60 46) 15 53 (54 83) 52 (57 50) 16 78 3 77 (73 87) 27 11 69 70 68 74 17 98 (44 97)
30: 81 (3 95 66) 87 35 (56 98) 51 (34 86) 74 (46 21 31) 6 14 15 43 48 85 64 80 19 75 59 (53 62) 25 69 92 82 68
31: 6 48 80 (90 73) 86 97 17 34 (55 3) (35 77 15) (92 96 14) 16 85 60 37 (19 31) (40 87 69)
32: 48 86 38 75 14 44 66 54 35 81 90 (85 16 68) (25 69 6) (52 97 60) (39 15) (9 65) 96 98 43 50 92 1 62 64 80
33: 15 74 54 (39 78) (28 5) 40 97 (61 37 84) 77 8 50 35 (64 99) 81 43 83 19 98
34: 69 78 40 47 (63 17) 25 (39 15 93) (55 41) (86 81) 62 (48 8) 7 38 2 85 35 9 6 53 73 68 51 82 34 31
35: 36 (19 74) 51 (85 87) 26 (98 43) 99 7 75 53 20 50 15 30 10 31 37 77 14 38 70 54
36: 64 41 (86 24) (13 87) 10 46 5 20 99 (28 51) (90 93) 85 25 29 80 (54 69) 6 61 (81 17) 77
37: 41 20 74 11 81 77 29 16 87 (96 21) 48 50 68 9 59 73 36 98 99 85 75 46
38: (6 5) (78 98) 9 12 (90 48) (92 30) (85 7) 37 (93 14) 96 97 82 54 (66 41) 77 75 59 35 70
39: 8 (14 98) 86 48 80 51 68 7 38 31 5 97 96 (92 34) 73 40 64 (100 36) 25 17 (15 16) 10 (42 58 77) 53
40: (11 73) 32 30 78 8 (75 77) 54 36 15 (85 41) (64 5) 98 31 19 34 92 80 (28 60)
41: 6 100 64 73 93 (90 69 48) 38 92 55 5 35 41 31 85 (98 68) 34 97 (28 82) (61 42) 56 86 37
42: (75 19) 46 (70 80) (41 39) (35 66) (73 31) 17 6 9 (58 28 16) 65 15 55 90 77
43: 90 17 49 59 10 51 100 82 43 31 30 (21 56) (92 11) 5 40 (34 83 74) (75 58) 99 85 19 32 68 38 87
44: 46 55 2 75 97 7 5 (50 83) (68 25) 1 73 8 (14 64 60) 77 61 80
45: 55 (68 21) (43 25) 89 (69 87 15) 50 39 19 (54 31) 78 77 11 98 32 60 17 34 75 28 (10 83 62) 97 (86 16) 66 73 90 82
46: 1 14 21 51 (82 6 41) 68 4 98 71 73 43 61 31 2 80 35 74 62 17 86 75 15 50 90
47: (14 7) 60 53 (43 16 20 48) (74 46) 17 44 36 (98 87 38 32 30 35 97) 78 69 8 90 73
48: 70 75 86 98 85 3 (61 78) (87 58) 71 64 (31 50) 99 90 48 24 38 (37 42) 22 14 92 81 68
49: (69 11) 82 89 81 75 (36 40) 90 63 21 2 30 (77 34) 70 1 (65 37) 15 96 62 85 73 50 (66 19) 31
50: 29 24 (35 53) 2 83 (75 85) 19 20 97 (98 56) 16 68 86 (40 46 60) (9 10) 25 63 (13 95) 78
51: 7 50 82 (75 63) 60 81 6 36 39 96 56 (98 80) 3 (68 19) (64 38 70) (17 51 21) 92
52: 56 87 21 48 42 93 78 99 17 46 (15 60) 55 (16 74 86) 39 40 12 (30 85 53) 92
53: 5 71 (24 99) 10 85 61 (30 70 21) 13 (40 6) 90 (96 37) 52 68 87 9 43 74 51
54: 88 55 (51 100) 5 (89 52) 69 (95 2) 82 9 59 96 81 (4 46) 10 (62 74) 32 41 11 19 43 64 99 17 6 75
55: (17 87) (10 68 100 9 77) 73 90 (19 80) 31 50 5 (4 28 21) (51 56) 97 60 (81 71) 38 (92 70) 65 25 14
56: 92 85 66 9 68 81 96 2 99 34 32 38 60 73 51 46 53 5 (37 21)
57: 90 66 (50 69) 94 19 (80 15) (26 40) 31 75 24 7 (70 73) (61 77) (39 88) 60
58: 89 14 92 5 75 41 96 35 43 (81 69) (29 17) 82 46 (40 66) (8 88) 12 61 (55 23) (71 97) 19 38
59: 63 52 50 (2 38) 1 58 7 85 (43 87) 41 (36 8) (54 92) (96 49) 61 88 68 32 75 15 14 99 60 77
60: 17 53 90 (79 75) (87 96) 37 70 61 19 78 51 48 41 71 92 55 50 2 7 11 82 97 84 1 62 30 (32 64) 95 (59 54 31) 38
61: 73 25 43 66 34 42 75 99 (9 58) 77 87 (62 7 61 31 1) 97 68 63 11 (81 53) 85 19 (60 35)
62: (62 64 4) 86 80 16 50 40 2 10 91 (19 53) 28 55 (81 9 41) 7 (90 54) (15 97) 98 (25 48) 73 69 46 (6 74)
63: 89 43 40 5 74 34 19 44 63 (30 95) 71 (68 6) 70 7 31 37 54 99 78 (28 94) 50 (52 87) 16 38 90
64: 55 14 31 82 (33 50) 88 18 (30 66) 38 75 68 (48 6) 99 46 (59 7) (9 39) (73 70) 40 17 28 36 (71 8 77 90 42) (37 19)
65: (81 9) 20 51 22 (98 2 54) (28 90) 61 (80 6) (85 40) 83 43 78 87 7 68 (36 16) 77 41 (39 75) 13 30 64 97 14 96
66: 1 69 27 (75 73) 32 52 61 (22 50) 84 92 65 42 (51 59) 97 (3 11) 98 80 55 13 53 (68 60) 25 (38 39 9) (15 96) 99 46 35 16
67: (15 77) 83 35 42 30 53 74 (96 40 38) 99 16 46 19 14 89 78 86 64 31 (9 11) 32 (34 6) 60 92 88 43 27
68: 69 2 (80 17 74) (81 7) (87 68) 31 29 13 66 8 59 19 70 96 64 83 (77 48 60) 32 55
69: 37 43 64 (68 39) 7 (83 8) (30 70) 16 19 97 54 78 51 73 84 96 (15 41) 42 34 87 60 69 (61 40)
70: 59 (53 77 25 39) 88 55 2 4 97 69 70 46 41 60 73 (93 23 5) 81 50
71: (38 1) 46 40 99 9 (73 62) 80 14 86 50 41 35 85 31 (82 18) 43 77 49 28 5 93 88 54 70 68 51 6
72: 86 70 60 51 67 7 (43 76) 82 16 30 39 54 85 63 87 20 18 (38 48) 41 44 34 68
73: (48 21) 9 50 (16 64) 38 14 (20 73 31) 96 (39 51) 27 (92 70) 61 40 99 (78 90) 85 (46 2) 36
74: 70 18 (10 32 83) 28 (30 31) 25 40 7 64 71 78 17 15 86 55 62 65 90 98 82 19 14 (51 77) 8 89 92 97 76
75: 81 41 87 54 38 2 88 95 (75 98 77 85) 6 15 50 53 64 60 51 84 (7 92)
76: 60 (42 100) (63 86) 48 (99 80) 9 85 (96 39 74) 97 69 94 82 (98 31) (92 38 84) (62 43) 7 81 1
77: 38 98 (15 65) 83 77 30 93 39 17 97 78 (68 35) 99 34 58 (5 4)
78: 85 15 5 (58 9) 90 43 (52 53 16) 34 25 48 46 31 (36 13) 40 62 61 (86 28) 93 (42 78)
79: 25 60 39 85 (55 50) 29 77 36 53 (97 43) 40 23 (31 42) (68 99) 58 100 65 81 66 19
80: 7 92 (39 16) (25 82) 87 6 2 48 80 77 11 58 70 9 (29 62) 10 46 64 20 38 (56 50) 73 41 75 40 5
81: 39 97 42 58 100 90 60 20 36 52 2 40 50 75 61 37 54 68 83 62 (46 70) (84 18) 87 82
82: 24 15 64 92 1 29 9 68 50 (46 6 21) 55 38 28 75 25 97 17 (74 19 48)
83: 39 (74 60) 50 82 78 25 (54 53) 41 (89 10) 19 5 43 97 29 90 14 4 40 16 (88 32) 63
84: 9 (32 60) 41 (50 30) (44 35 82) 34 62 8 43 99 15 16 37 29 64 52 (55 92 77 68) 93 (86 38)
85: 58 21 36 40 89 19 (90 87) 81 80 50 66 39 (13 73) (24 43) 70 68 (4 17) 32 2 98 96 54 15 46 (9 60) (85 65)
86: 29 75 90 70 78 93 30 58 32 (63 64) 10 48 52 38 100 35 6 84 7 16 14 13
87: 56 16 42 81 (6 78) 32 75 (50 36) 64 (85 66) 93 (7 27) 89 60 46 25 96 14 38 21 1 20 9 5 100
88: 34 81 (43 60) 83 77 84 30 46 73 6 66 92 (90 93) 98 70 (18 71) 15 (2 80) 40 (85 78 64)
89: 98 52 14 87 90 86 92 41 16 80 83 (9 66) 11 (61 84) (82 72) 81 65
90: 4 77 97 32 (82 92) (48 1) (59 84) 81 17 90 12 39 69 (50 8) 6 40 (66 31) 14 51 (9 74 87) 19 75 73
91: 61 83 16 41 11 43 10 15 (2 17) 32 98 31 5 (60 89) 68 21 (65 77 4) (78 51 97) 74 90 (73 40) (38 35) 69 14
92: 15 92 (60 40 75) 38 50 (61 71) 48 98 19 89 57 97 17 70 (68 6) (64 30) 2 5 99 41 43
93: 70 48 100 53 93 82 34 (44 7) (6 69) 77 43 (41 64) 96 14 21 (38 85 24) 97 17
94: 5 60 28 39 82 15 85 33 1 7 42 24 68 48 27 70 98 92 (19 80) 31
95: 18 5 13 11 98 96 65 (32 82) 39 (58 53) (43 51 48) 25 40 95 19 50 (14 99) 81 62 16 17 56 (52 71)
96: 16 (83 61) 51 (13 8) (92 98) 53 38 96 64 87 39 48 56 (75 28) 35 9 78 55 99 34 1 60 66 40 90 2 27 97
97: (63 50) 98 73 37 (27 28) 5 15 19 43 40 87 (97 90) 48 80 86 88 42 14 2 7 92 100 (53 31) 49
98: (5 82) 16 71 64 51 46 85 96 28 84 90 42 73 68 74 48 (41 81) (66 7) 58 50 11 37
99: 85 75 (41 68 92) 9 35 86 (58 33 66) 80 (88 62) (2 28) 50 30 34 (44 73) 46 97 26 5 90
100: (81 10) (82 40 52) 2 34 86 35 31 30 25 92 19 68 59 (66 29) (46 90) 38 37 26 (54 96) 93 15 77 (7 16) 73 97
