100 100
1: 64 19 85 15 66 5 98 78 7 82 43 40 28 68 33 67 69 88 25 49 57 81 99 84 17 11 76 56 18 89 97 4 46 53
2: 93 55 3 41 58 77 56 88 91 52 79 57 62 49 70 34 25 87 11 43 81
3: 54 41 80 99 14 7 5 65 44 20
4: 54 21 18 11 77 28 38 62 87 25 50 94 66 51 58 75 71 69 19 84 92 23 59 80 72 29 33 46 91 16 24 6 60 56 86 89 65 67 3 12 32 8
5: 4 25 12 24 20 86 85 99 7 54 21 52 97 84 98 58 6 63 30 47 67 71 44 11 38 9 91 68 46 5 55 36 78 88 90 35 89
6: 74 31 14 29 96 67 1 32 35 83 75 68 42 40 15 57 76 20 46 38 21 41 36 60 54 79 59 69 70 23 89 93 66 58 18 5 81 99 72 39 73 22 7 77 34
7: 98 52 61 63 72 60 64 56 78
8: 47 29 45 89 70 4 14 85 93 5 94 92 98 31 66 18 78
9: 87 17 20 53 14 48 4 47 44 79 34 15 85 38 59 82 52 81 98 67 88 97 29 61 12 73 68 22 9 21 19 76 6 63 37 75 16 55 25 64 26 93 95 27
10: 36 31 3 65 88 70 16 78 39 71
11: 73 5 7 59 53 57 2 34 65 48
12: 98 39 45 25 69 58 2 65 80 18 87 23 15 81 17 86 94 28
13: 28 70 54 57 37 86 16 8 13 5 74 29 19 60 89
14: 47 25 91 97 87 94 64 78 32 45 17 48 57 7 96 26 92 50 2 9 38 40 11 4 30 60 65 29 51 21 23 73 70 74
15: 33 31 88 28 42 93 99 17 25
16: 1 14 79 31 3 45 24 33 94 62 7 100 20 34 41
17: 49 90 22 73 16 39 53 58 13 15 45 41 70 84 96 99 95 88 97 78 23 55 79 74 47 54 94 52 18 76 29 1 42 56 65 40 46 35
18: 49 36 65 58 24 18 93 51 95 73 84 99 28 55 41 56
19: 39 24 72 56 63 35 3 46 20 62 38 49 55 92 45 17 53 67 23 97
20: 41 16 75 32 40 48 74 83 77 3 42 88 7 56 43 69 82 20 39 53 38 72 22 25 67 6 65 58 95 11 55 45 29 5 26 36 4 9 28 2 51
21: 82 51 5 75 85 73 83 43 66 72 24 29 92 79 55
22: 82
23: 85 76 62 26 87 66 88 77 51 54 50 34 47 15 65 32 59 9 100 70 2
24: 54 91 75 86 79 69 73 12 4 8 52 16 66 42 44 19 74 64 20 61 63 26 56 57 22 76 82 49 59 90 29 45 48 17 51 32 18 31 27 78 25 95 46 10
25: 42 49 7 59 3 24 67 96 5 98 27 35 25 95 29 69 89 74 64 91 6 2 58
26: 54
27: 22 16 65 94
28: 66 4 39 61 10 18 40 85 63 46 77 60 38 21 64 12 25 13 67 34 86 11 36 23 37 28 95 27
29: 26 10 56 65 4 91 1 71 49 13 82 9 40 27 53 99 15 28 58 81 22 43 14 8 96 88 36 70 24 92 60 94 19 41 39 62 18 7 86 78 97 33
30: 92 40 18 96 52 35 7 73 74 50 70 99 48 71 36 28 72 25 53 89 12
31: 30 76 90 24 96 49 64 2 70 7 62 5 61 93 86 28 60
32: 85 62 43 15 44 94 11 5 60 64 23 63 66 71 93 32 100 33 42 35 82 77 8 19 73 10 75 9
33: 8 9 71 58 10 77 24 7 1 72 18 2 99 66 63 48 27 23 64 100 47 96 14 73 86 75 17 25 43
34: 64 5 1 91 66 98 92 48 76 17 82 36
35: 1 15 13 51 4 92 74 39 7 29 45 76 66 73 14 59 31 32 36 21 96 44 79 70
36: 19 78 14 24 2 67 60 53 80 17 6 48 32 20 55 73 18 61 42
37: 67 54 45 35 82 39 26 49 78 52 63
38: 22 15 44 46 49 84
39: 95 69 17 9 7 98 89 8 37 99 25 22 86 42 88 32 18 82 16 39 45 19 75 92 21 85 71 2 84 53 63 93 73 77 57
40: 13 86 56 10 77 68 24 63 65 31 6 78 12 22 72 37 76 98 11 19 62 85 93 45 66
41: 30 81 41 75 10 54 37 31 62 49 18 67 7 95 69 63 72 28 94 52 33 90 2 17 79 40 20 12 35 15 4 87
42: 17 3 5 85 6 61 80 98 62 58 87 66 37 13 75 30 2 11 45 7 76 88 18 46 100 28 67 43 26 38 64 20 92 57 9 82 51 81 29 22 79 74 91 73 27 59
43: 53 26 36 92 71 74
44: 93 42 35 57 65 51 74 5 26 29 66 91 87 84 10 31 40 94 41 16 79 33 71 73 96 49 92 32 99 20 60 7 13 15 82 62
45: 89 63 44 53 21 69 49 50 56 40 42 7 20 51 32 19 18 96 31 6 88 34 98 8 60 41 14 37 76 36 30 70 73 75 80 85 84 91 81 9 83 79
46: 50 21 16 96 11 71 6 17 54
47: 87 96 30 26 32 93 13 14 4 44 24 47 88 99 90 34 94 52 33 9 51 62 35
48: 5 18 43 21 71 88 89 47 100 15 6 77 55 30 72 29 27 63 81 68 84 13 64 20 56 2 12 42 76 19
49: 3
50: 75 10 8 1 45 17 95 20 82 19 90 84 98 72
51: 40 72 45 63 32 48 47 23 11 5 80 56 98 28 10 31 81 71 91 13 15 14 12 46 6 26 73 76 25 68 49 95 58 84 74 44 66 54 19 17 18 64 99 50
52: 18 54 78 100 85 60 41 73 67 57 17 34 35 75 97 2 30 98 74 52 7 22 32 68 19 23 26 81 49 86 33 38 27
53: 76 32 3 11 92 48 52 18 35 100 71 88 58 38 57 20 87 44 4 82 90 99 60 6 12 33 86 74 94 63 15 79 25 69 72 41 40 30 17 10 75 47 46 95 68 51
54: 60 30 59 52 50 98 3 28 97 25 45 84 27 51 17 91 86
55: 47 56 17 21 83 30 57 58 16 70 44 35 9 66 73 5 39 50 93 87 2 49 34 92 76 25 86 79 4 69 85 12 7
56: 2 70 7 72 46 58 92 93 10 95 5 53 66 81 12 83 75 78 48 6 98 97 94 77 43 23 11 41 27 34 79 100 38 87 52 14 73 51 28 45 54
57: 27 68 10
58: 39 36 98 48 87 89 24 86 92 60 83 7 22 2 35 33 76
59: 95 26 9 8 14 44 98 77 96 82 25 92 2 90 66 17 81 64 84 41 94 52 55 23 75 4 67
60: 98 65 41 28 13 54 86 66 19 7
61: 21 77 97 70 24 28 35 43 12 51 60 18 13 65 86 55
62: 13 84 45 6 62 75 98 88 51 41 73 46 40 11 33 27 26 25 53 7 24 44 10 71 68 85 49 65 15 29 66 58 35 60 92 64 87 32 79
63: 54 76 64 87 1
64: 35 12 87 62 27 77 21
65: 50 22 4 13 14
66: 91 78 63 50 89 85 31 46 98 74 95 97 68 73 52 34 72 86 41 24 28 64 69 10 82 7 60 100 90 94 44 32 5 54 93 33 22 55 59 37 21 61
67: 91 53 3 60 34 35 28 25 33
68: 67 69 99 27 79 41 68 24 78 95 21 70 9 100 64 19 10 89 77 48 36 98 71 46 38 80 94 56 75 49 87 32 72 73 6 5 15 39 4 63 37 65 44 82 33 11 20
69: 59 53 94 77 10 3 7 42 34 80 88 87 14 64 79 72
70: 71 44 56 43 7 45 30 89 25 78 99 59 93 38 23 24 6 81 33 80 19 96 98 12 31 22 42 84 70 54 62
71: 3 96 25 62 66 42 31 89 57 12 39 95 15 94 85 47 30 61 10 27 67 49 90 26 7 53 20 35 71 92 24 91 50 68 51 14 2 29 41 75
72: 13 6 9 66 16 4 65 72 91 11 57 68 21 82 94 1 78 79 48 64 10 24 25 92 61 56 58 27 60 47 95 15 53 76 26 5 83 84 33 49 86
73: 42 61
74: 85 49 8 83 7 54 14 17 46 88 51 60 21 66 64 96 75 84 10 44 40 50 80 100 56
75: 11 75 59 100 83 6 55 41 18 8 14 21 71 49 72 4 24 64 25 58 36 85 97 32 77 70 16
76: 96 51 53 7 90 20 34 25 44
77: 68 72 5 41 43 11 40 17 62 69 83 81 42 46 8 37 50 56 60 90 33 95 67 22 7 19 61 77 75 13 97 21 4 6 99 27 32 15 98 54 25 93 96 31 30 70 52 92
78: 87 39 50 59 77 15 14 34 63 8 55 43 62 45 6 94 78 18 54 93 97 27 40 60 61 81 88 64 52 36 7 74 91 38 100 90 53 48 69
79: 9 2 77 29 56 14 57 20 3 47 7 84 54 10 40 48 19 26 50 17 25 67 11 28 83 91 37
80: 76 54 21 64 4 45 53 86 17 26 3 80 20 96 7 8 83 91 16 13 37 11 98 89 58 43 63 15 52 92 67 77
81: 78 98 34 67 71 42 23 10 70 19 31 28
82: 16 13 96 56 10 49 48 1 47 98 94 97 65 11 88 3 69 15 31 75 53 8 21 58 100 51 25 79 62 22 68 73 60 66 93 41 14 20
83: 50 27 17 78 56 84 100 23 45 28 39 48 68 86 77 12 42 74 75 93 98 40 30 14 89 59 79 71 32 19 97 13 31 22 43 53 99 18 69
84: 41 11 60 94 54 27 72 64 7 84 16 29 71 24 100 89 53 40 12 9 25 19
85: 30 81 77 23 5 58 84 37 49 89 76 13 78 97 69 42
86: 32 3 85 76 74 19 100 52 4 36 20 60 34 35 13 70 80 38 24 96 63 7 30 16 93 48 87 67
87: 93 17 76 55 73 95 54 64 63 45 22 91 88 15 33 38 42 57 86 67 10 43 24 41 59 97 3 16 20
88: 23 17 90 15 45 80 96 74 35 9 61 41 31 52 36 37 67 8 87 5 95 32 57 38 77 83 33 92 70 58 11 29 56 54 18 40 16 94 76 82 59 26 49 81 89 27
89: 84 80 35 61 89 66 36 48 29 40 92 30 41 38 21 59 34 6 15 83 28 79 98 86 73 20
90: 94 1 86 84 68 95 3 49 67 29 25 31 28 50 16 79 44
91: 16 57 78 79 50 84 83 64 97 55 51 31 69 71 20 7 60 6
92: 68 86 78 14 76 36 22 81 56 18 75 99 53 85 60 96 70 55 29 9 54 95 23 26 19 73 57 97 82 67 58 61 16 30 4 15 38 87 64 24 41 93 65 33 25 43 46 63 1
93: 1 3 55 93 90 26 27 86 49 92 28 75 84 47 61 76 78 32 46 57 97 41 11 71 5 95 37 82 72 16 39 23
94: 62 93 54 88 79 65 2 64 71 16 13 48 47 5
95: 10 6 88 91 45
96: 17 100 29 60 1 78 99 6 87 16 70 96 40 98 39 56 21 5 91 82 97 68 85 25 24 47 63 84 55 41 86 52 73 88 10 79 81
97: 78 61 46 24 34 76 71 69 9 77 11 22 49
98: 4 99 86 96 12 52 67 94 7 76 1 49 34 57 33 74 23 30 85 58 40 70 29 93 18 81 84 65 51 24 50 10 22 19 73 28
99: 93 53 51 60 2 27 59 81 100 95 99 67 11 41 75 96 29 72 79 58 16 13 37 30 8 78 86 3 46 63 74
100: 40 9 7 76 4 33 83 22 11 39 87 92 15
1: 16 (29 63) (35 33) (96 34) 90 93 (17 82) 50 98 92 72 6
2: 23 56 14 71 39 42 36 55 11 52 12 33 94 79 48 41 (58 99) 20 25 31 59
3: 16 20 82 19 86 93 80 (87 4) 67 69 2 53 (49 99 25) (42 71) (10 54) (79 90)
4: 1 72 75 (55 41 53 65) 20 100 24 29 8 (98 68 5) (92 86) 77 (80 14) (35 9) 59 (28 47)
5: (94 55) 96 6 5 3 66 8 68 25 32 44 31 34 13 (56 11) (1 21) 42 88 (93 20 77) 48 (72 85) 51
6: (40 4) 95 36 (46 72 91 20) 42 68 45 25 48 51 77 (78 62) 5 (53 9) 56 96 75 89 70
7: (25 62) 20 1 69 77 100 45 55 78 98 14 (70 91) 66 6 71 (60 44) (58 52) 56 (16 41) 35 11 29 3 76 (30 33) 80 31 (84 74 42) 79 86 5 39
8: 50 80 74 (13 75) 59 78 33 29 (77 32 39) 99 45 (88 82) 4 24
9: (68 23) 5 97 59 14 20 42 79 39 88 72 32 (55 47) 45 9 33 (29 100) 84 92
10: 96 71 53 69 (95 74) (56 28) 41 79 51 (87 40) 32 50 (29 44) 98 (68 57 72) 33 (82 81 62) 66 24
11: 53 2 28 5 93 99 97 62 56 (46 82 77) 51 14 1 (32 68 75 100 20 42) 84 4 80 (40 79) 88 72
12: (41 51) 55 (53 40) 98 4 5 61 56 64 30 24 84 70 71 83 48 28 9
13: 61 17 47 99 (72 94) 42 (85 86) 48 77 62 83 51 13 (29 65) (28 44) 82 60 35 40 80
14: 16 36 75 92 (74 33) 35 6 69 65 (9 8) 47 59 56 (3 71) 83 78 82 29 (51 45) 79
15: 12 100 17 62 68 35 38 87 80 (72 6) 1 (29 9) (71 32) 41 (82 48) 23 88 92 (77 89 53) 51 78 44
16: 94 (72 82) 84 44 (87 4) 39 13 9 (93 75 27) (80 91 88 24) 92 55 (46 86) 20 (99 96) (90 17) 10
17: 19 1 (42 46 36) 15 83 74 54 (14 39) (33 53 24) (50 77 87) (34 51 9) (79 55) 12 52 88 59 (80 41 96)
18: 28 4 18 78 (51 52) 88 61 (42 30) 41 33 1 98 48 36 17 83 29 8 39 24 6 (12 75) 92 45 53
19: 60 81 32 68 79 98 (84 40 51) 92 36 77 50 9 24 1 48 29 70 (39 45) 52 13 (83 4) 86
20: 6 41 (5 19) 36 (79 68) 53 50 48 86 20 24 (9 89) 71 3 (87 44 42 80) 16 91 82 45 76
21: 55 74 6 39 64 (28 46) 9 5 61 77 (82 66 48) 80 96 45 72 75 14 35 89 68 4
22: 27 82 (6 52) (17 100) 97 98 40 29 39 24 58 (77 92) (20 9) 65 (87 83 38) 70 42 66
23: (88 14) (70 12) 28 81 19 83 85 6 (32 98) (52 4) 56 59 33 17 92 51 93
24: 71 (98 19) 29 84 61 36 4 47 40 87 (66 86) 31 58 5 62 97 92 96 18 68 70 16 33 21 72 75 25
25: 84 55 9 30 96 (2 92) 71 14 15 (25 72) 76 28 24 (33 77) 59 (51 20) 54 (67 4) (79 75) 62 (90 39 82) 1 5 (12 70) 53
26: 52 (72 71) 29 37 44 20 92 9 43 79 93 23 24 80 (47 62) 59 14 42 51 88
27: 25 83 54 29 (57 88) 28 33 48 52 78 84 93 (9 72) 71 56 42 62 24 68 77 64 99
28: 1 42 15 (60 61) 13 20 54 (4 67) (18 41 93) (30 89) 12 79 31 28 81 (90 66) 51 (56 98) 29 83
29: (17 44) 25 48 92 79 (6 14) 98 20 4 89 42 9 8 99 21 71 (13 96) (90 35 24) 88 62 84
30: 77 42 53 89 (48 99) (47 83) 98 71 (52 31) 70 45 41 5 54 (85 14) 55 92 86
31: (70 6) 44 15 (40 82) 35 41 77 24 66 16 90 8 (81 10) 83 91 45 51 71 88
32: (86 6) 52 14 68 20 45 66 44 35 51 53 93 88 77 (36 24) (75 39) 83 23 4 47 62 32
33: 70 29 1 32 88 16 41 62 77 87 52 68 (66 15) 67 100 92 72 53 58 47 (44 4) 98
34: 52 (45 67) (28 55 16) 9 2 89 76 78 97 47 56 (6 11 98) 86 66 23 81 69
35: (53 55) 6 (89 67 41 88) 64 30 25 44 19 32 5 58 61 71 17 52 (37 62) 86 47
36: (45 86) 20 29 43 68 10 18 75 89 35 6 5 78 58 (92 34 30) (28 88)
37: 93 80 79 45 13 39 28 42 85 88 99 9 77 40 68 41 66
38: 56 92 78 20 68 4 70 53 42 6 86 19 (52 89) 88 14 87 28 9 5
39: 71 10 (37 12) (35 6) 78 20 96 28 68 55 83 100 (58 19) 39 93 17 29
40: 14 98 78 (6 45) 51 28 29 30 (84 1) 41 88 (100 44) (96 20 62) 17 77 74 83 (53 89) 79
41: 96 92 89 (6 99) 71 53 68 16 (44 84) 62 29 59 18 (60 66 82 17) 93 20 56 77 2 75 45 (3 52) 41 88 87
42: 85 17 44 36 25 (15 48) (71 39 24) 45 87 (83 77) 32 20 70 69 (6 81 73)
43: 2 (29 1) 70 77 61 20 (33 92) 32 83 80 87 42 78 56 48 21
44: 5 (47 9) 35 3 51 53 70 (24 90) 62 76 74 (55 32) 59 68 45 66 38
45: 24 35 62 42 54 (95 16) 83 70 12 8 17 (40 39) 51 80 (78 88) 14 19 20 87 50 56 37
46: 68 38 77 (74 17 93) 66 (1 5) 19 24 6 92 (4 51) 56 28 42 99 62 97 53
47: 5 94 82 93 23 (8 51) 33 47 48 96 14 9 17 55 53 (72 71) 79
48: 11 89 72 33 30 78 58 36 94 56 24 79 (9 14) 83 51 53 86 20 (68 82) 34
49: 31 29 (82 51) 62 24 19 97 41 68 (55 17 71) 98 74 18 72 88 90 45 75 52 2 85 (1 93) 38 25 44 37
50: (30 23 65) 14 45 71 90 79 78 74 66 55 4 46 54 83 51 98 91 77
51: 76 (98 45) (23 24 47) (18 74) 4 56 82 20 21 (61 71) 42 35 (53 54) 99 14 62 (91 44)
52: 17 (5 9) 88 59 80 7 54 56 2 86 98 96 37 30 53 (47 52 77) 24 66 78 41
53: 11 39 83 1 72 78 (9 36) 76 20 62 56 (45 80) 69 99 (30 19) 82 29 43 67 71 (92 84) 17
54: 51 94 66 63 4 (13 17 24) 6 56 77 80 88 (3 46) 92 60 23 (74 26) 79 84 (70 52) 5 78 41 87 37
55: 19 61 91 (59 96 2) 75 (93 92) 21 66 36 48 20 17 5 9 (87 18) 78
56: 40 88 82 68 2 96 17 51 7 (74 77) 48 55 (92 83 45 4) 1 19 24 79 70 (20 18) (29 72)
57: 44 13 (55 87) 52 (98 91) 79 42 (2 53) 39 72 71 (24 6) 11 88 93 1 14 92
58: 62 51 55 25 2 4 (5 99) 72 42 (12 92) 6 17 80 18 85 75 33 82 29 (20 56) 98 (53 88)
59: 25 89 75 42 87 88 54 78 99 11 4 83 35 (9 24) 69 (70 66) 23 6
60: 91 (84 29) 99 6 44 66 77 61 58 (86 92) 67 52 54 14 4 13 7 32 (28 31) 53 45 78 36 82 74 72 62 96
61: 78 7 36 93 72 97 28 89 71 66 24 73 77 (9 31) 92 42 88
62: 23 62 44 29 47 31 82 41 (70 16) 4 64 78 94 40 (42 71) 77 (19 32) 2
63: 40 5 78 66 53 99 7 80 9 37 32 24 28 86 33 (87 48 19 41 68) 39 51 92 96 45
64: 94 9 28 25 (66 34) 74 (31 42) 24 87 63 (14 33) 68 75 32 51 1 62 (59 69) 84 92 (7 91) 72 78 (80 48)
65: 94 12 72 60 68 10 82 92 23 27 29 14 61 (4 11) 62 44 3 17 98 (40 20) 18
66: 89 55 (51 71) 56 40 (74 44 21 59) 28 8 (82 60) (32 24) 62 72 35 (6 34) 4 33 1 (42 23)
67: 41 5 4 36 71 28 88 25 20 79 68 52 99 6 (90 37) 42 80 92 (59 87) (98 1 81 19 77) 86 9
68: 82 52 6 53 90 (92 66) (1 40) (68 96) 51 77 71 72 5 83 (62 9) 57 48
69: (68 6 83) 4 (45 25) 97 82 55 53 (78 77) 20 66 85 24 12 91 (41 39 1)
70: (31 88) 56 13 35 81 29 6 (45 92) 10 (86 55) (17 77 96 70 61) 75 (23 14 68) (98 30 8) 2
71: 93 62 94 (29 4 43) 53 97 83 (81 84) 44 75 5 48 39 91 (70 32) 68 51 46 33 30 (10 71)
72: 6 51 (20 4) 66 21 19 75 30 33 7 69 41 40 50 (68 93) 99 48 53 (56 84) (77 72)
73: 98 14 (56 17 11) 55 (6 36) 35 51 52 82 24 (9 96) 21 62 (30 89) 66 92 68 18 33 42 44 39 (45 32) 87
74: (25 88) 30 14 51 83 44 78 13 86 24 17 (6 42) (35 98) (20 52) 66 53 (43 99)
75: 71 62 74 99 50 82 6 53 59 77 9 92 75 83 (39 21) (20 24) (93 33) 32 52 68 41 (4 56) 42 45
76: (98 53 17) 1 93 92 (55 48 42) 85 97 63 58 23 40 86 45 (35 34) (31 87) 72 24 (100 51) 80 6 88 9
77: 68 (80 85 61) 4 59 77 69 33 (78 2) 64 (23 32) 88 (6 40) 48 75 (39 97 79 20 83) 56 28
78: (8 7) 29 (91 1) 66 40 99 24 56 (81 36 5) 37 14 96 (70 68 17) 97 52 93 78 92 83 85 (72 10)
79: (68 72) (94 2) 35 (41 16) 62 21 24 42 83 96 (91 44) 82 6 45 17 69 99 9 53 (56 55) (90 89)
80: 45 4 51 42 12 68 88 86 69 70 (89 74) 36 3 80
81: (85 45) 99 88 29 (56 51) 98 96 (12 6) 2 92 78 42 (9 41) 52 70 48 77 1 59
82: 24 92 20 44 59 34 (21 42) 1 32 96 68 37 53 22 (39 50) (72 93) 66 29 9 88
83: 80 21 20 88 100 (74 79) 6 89 56 55 72 58 91 45 75 77
84: 90 38 (48 83) 72 (51 89 79) 98 5 44 70 96 91 1 4 54 18 85 (59 84 39) 74 (17 93) 62 (45 50)
85: 1 96 9 (40 23) 39 42 86 75 (62 74) 32 92 5 71 52 (45 21) 55 66 98 (8 28)
86: 28 53 (92 99) 12 31 (52 13) 29 98 (5 90) 89 93 55 61 (54 66) 83 96 80 24 (39 60) (4 87) 72 (58 33) 40
87: 44 14 92 86 56 64 12 (62 23) 47 (88 78) (55 100) 9 (58 4) 96 2 63 53 68 42 (69 41)
88: 95 96 74 20 48 5 87 1 (15 39) (29 82 23) 10 78 47 62 45 17 94 69 53 9 2 42
89: 6 (58 1) 83 68 5 8 66 80 84 (48 39) 4 88 (85 13 30) 70 25 71 45 89
90: 59 47 (50 41) 78 31 (71 24) 93 5 (17 88 66) (77 53) 76
91: 66 4 45 14 72 79 54 (24 67) (25 29 96) 95 (5 2 34) 44 51 87 (80 71) 42 78
92: 72 59 19 34 (4 58) 89 93 55 (71 80 77) 62 88 30 56 8 29 21 100 44 14 43 39 42 35 53
93: 98 55 (87 92 82) (39 86) 6 56 70 83 9 40 15 8 93 47 77 78 44 32 (18 66) (99 31 94 2)
94: 71 47 56 41 8 (27 68 88) 72 (16 59) (53 4 78) 14 (17 66 69) 98 (44 82) 84 90 32 29 12
95: 25 68 92 59 24 39 (28 17) 50 77 90 93 18 71 51 20 87 56 9 72 99 66 53 88 41
96: 76 25 86 44 14 31 30 35 96 (46 47) 80 98 88 (29 92) (45 77) 6 33 59 99 (82 74) 71 17 70
97: 5 (29 61) 93 82 17 66 14 56 77 52 1 78 (19 92) 87 54 75 (96 9) (83 85 91)
98: 66 81 39 82 54 (42 62) (50 96 80) 1 68 60 5 (89 40) 45 59 12 51 70 77 (25 7) 8 34 83 52 58 9 56
99: (18 99 98) 5 29 6 (96 47) (3 39) 51 77 70 92 30 68 17 33 1 53 44 83 15
100: 74 32 (66 68) 75 16 23 96 99 (42 52) 56 78 53 84 (86 83) 33 48 82
