100 100
1: 96 55 25 79 63 20 66 56 89 99 8 24 88 71 31 60 34 41 75 11 5 74 100 95 80 46 12 36 1 76 92 32 86 30 64 72 28 44 98 10 70 4 97
2: 18 70 5 82 2 69 63 44 9 42 85 83 8 13 84 55 15 58 73 93 33 25
3: 78 70 71 58 59 31 69 91 15 45 16
4: 49 90 22 27 47 31 71 35 83 9 92 29 72 60 85
5: 83 63 17 73 69 55 8 62 32 30 14 56 2 13 84 53 87 91 16 85 34
6: 46 3 31 16 7 11 28 17 67 8 59 21 68 14 1 34 58 40 91 43 69 79 71 45 77 55
7: 64 79 87 80 53 35 90 48 62 1 47 28 39 25 59 71 63 50 22 67 91 16 12 70 8 19 73 98 75 52 30 43
8: 39 11 7 5 44 36 54 67 100 71 84 35 41 31 6 92 59
9: 50 36 24 95 99 84 51 27 65 70 47 53 34 16 25 97 26 49 29 54 100
10: 54 50 75 72 84 52 13 38 25 35 40 74 65 26 37 69 91 19 86 94 3 73 68 56 33
11: 13 56 61 23 29 52 42
12: 30 13 67 41 93 57 43 28 64 90 60 77 98 59 5 35 33 49 38 78 74 50 25 37 11 81 84
13: 54 14 37 39 16 29 9 21 36 22 63 6 95 30 80 90 51 68 40 33 34 47 79 11 71 50 100 49 74 98 59 25 94 61 65 66
14: 58 81 59 4 7 64
15: 99 10 76 17 44 96 42 64 5 21 46
16: 82 41 98 4 33 9 100 10 84 57 58 54 5 94 71 78 16 40 53 30 89 13 99 47 61 27 2 67 24 7 20 91 32 45 95 1 86 96 8 46 92 97 39
17: 70 76 34 83 18 38 33 69 47 92 66 28 26 24 32 93 14 49 9 39 82 21 85 8 80 22 57 13 65 30 46 79
18: 11 74 71 17 31 97 62 35 43 25 9 2 16 66 34
19: 73 23 25 22 97 71 50 10 92 85 94 11 7 59 86 8 82 66 68 42
20: 68 29 95 27 42 80 1 30 51 60 20 90 32 69 17 38 13 55 54 8 62 86 3 44 91 56 43 93
21: 95 39 53 30 69 70 67
22: 38 6 58 59 3 35 96 55 21 39 50 65 88 16 26 46 91 85 33 34 87 93 76 7 69
23: 57 1 82 96 38 21 42 63 65 6 74 7 33 93 53 77 100 3 83 26 71 51 34 29 56 98 12 17 11 85 61 55
24: 64 43 6 47 22 30 57 26 99 31 82 62 2 87 20 46 40 79 23 15 3 5 1 55 39 28 52 4 7
25: 58 80 74 40 98 21 2 81 55 51 6 42 52 60 94 41 86 54 12 14 47 50 97 37 79 68 19 100 76 91 65 45 77 17 78 88
26: 63 8 48 45 75 29 18 94 26 37 97 96 76 17 61 10
27: 22 6 93 83 15 7 27 17 52 60 94 41 71 70 48 85 39 38 14 44 11 25 57 13 36 51 55 42 28 30 24 56 2 20 43 37 40 65 18 77 78
28: 65 45 55 66
29: 20 92 48 8 35 51 32 2 86 78 15 10 24 31 46 39 17 99 65 64 59 23 5 73 69 7 41 62 13 12
30: 53 80 11 91 41 71 66 81 97 96 50 4 37 99 75
31: 95 3 4 27 77 14 15 84 62 83 78 93 88 97 59 98 9 21 66 45 42 91 71 75 54
32: 14 57 34 30 26 62 47 53 92 10 7 32 94 91 8 29 16 5 93 100 6
33: 77 74 15 23 20 43 32 12 70 25 49 98 36 13 52 22 66 37 33 60 10 27 2 67 83 92 46 39 100 7 28 11 19
34: 73 50 43 4 10 15 97 45 9 71 55 80 98 12 94 78 99 79 61 36 49 86 18 34 13 37 25 17 44 46 22 77 62 31 16 65 23 96
35: 38 64 24 93 3 10 51 48 66 35 55 56 9 4 32 2 17 34 23 74 59 100 53 88 50 92 97 8 79 68 25 91 36 69 42 20 19 85 90 62 87 44 29 41 54 86
36: 69 18 45 29 43 12 53 8 39 44 51 32 93 86 70 84 90 83 58 36 65 56 31 6 91 76 48 28 75 82 34
37: 52 89
38: 58 4 12 93 88 26 65 11 62 19
39: 61 27 66 52 65 89 91 48 19 81 12 13 33 8 20 44 46 83 38 64 90 10 79 43 77 30 55 32
40: 60 89 43 82 46 91 31 45 41 75 3 39 47 81 4 97 56 95 27 88 2 83 61 1 84 64 32 25 12 53 19 14 33 52 36 7 40 42 8 67 72 98 28 5 76
41: 33 56 85 25 63 59 55 26 8 82 91 72 12 84 53 60 6 77 86 14 9
42: 46 7 98 96 12 47 33 44 17 50 92 70 76 43 28 19 32 22 85 53 65 16 35 63 62 13 21 51 2
43: 14 18 25 74 88 58 71 3 7 78 65 30
44: 31 95 41 33 65 45 43 55
45: 32 72 69 75 94 98 86 46 64 66 95 57 33 17 70 1 16 8 22 96 45 83 43 81 89 97 92 84 49 35 40 90 23 60 3 55 11 80 5 42 63
46: 52 59 29 54 43 58 32 34 38 35 93 25 12 30 62 15 18 27 37 17 19 73 88 68 42 3 40 99 9 80 21 67 96 48 79 39 33 23 71 50 95 70 87 69 97 2 72
47: 16 11 56 65 38 6 75 1 66 76 45 53 30 12 93 92 5 28 23
48: 29 97 28 88 100 55 95 51 91 25 74 47 60 79 43 21 18 2 76 73 11 72 85 92 12 77 63 49 93 96
49: 13 22 7 98 3 75 38 11 15 47 43 73 74 29
50: 69 35 89 45 71 17
51: 63 67 83 75 74 99 84 87 9 73 32 38 10 90 54 20 40 3 5 59 64 18 19 27 97 11 96 70 51 95 85 76 36 62 35 57 56 37 82 77 29 55
52: 5 26 76 79
53: 90 68 59 34 54 55 98
54: 4 60 65 78 80 30 28 12 44 36 74 71 46 15 51 97 47 7 58 3 67 2 42 50 99 92 56 61 27 59 25 54 63 52 68 73 83 38 34 16 40 82 91
55: 56 99 4 8 97 38 88 40 64 91 1 27 21 66 63 47 89 11 79 45 82 16 81 19 37 32 39 78 86
56: 67 5 69 95 37 49 61 85 11 29 43 73 36 99 46 68 53 18 91 58 42 19 74 60 75 10 3 84 48 51 27 33 59 35 56 45 90 31 20 86
57: 9 14 22 57 8 17 54 37 92 29 48 28 60 6 95 56 98 24 61 50 34 64 13 70 33 23 26 59 5 1 74 27 47 72 100 20 83 87 62 79 21 38 75 7 44 53 30 4 88
58: 7 63 6 33 30 5 48 35 79 89 23 73 38 15 26 98 64 87 25 54 20 58 56 29 51 77 24 88 53 93 8 68 76 1 55 85 99 90 37 9
59: 79 91 10 35 87 24 90 8 43
60: 41 54 38 94 85 55 95 43 39 62 3 16 80 96 35 9 49 98 52 45 26 99 97 48 83 19 42 60 33
61: 27 64 29 35 86 31 77 13 100 60 56 61 65 38 63
62: 53 56 10 61 38 25 16 80 83 4 70 41 98 27 63 3 59 68 43 65 44 74 69 31 49 47 48 42 1 78 91 79 76 22 87 7 35 8 12 33
63: 51 11 26 27 25 20 98 44 14 24 60 72 41
64: 52 91 41 60 57 5 26 30 77
65: 90 24 15 69 31 83 58
66: 28 66 74 91 81 14 8 73 31 80 4 13 53 75 54 46 68 62 52 21 20 79 25 27 55 10 5 72 42 89 11 56 7 33 18 44 92 77 87
67: 13 3 47 8 5 64 66 53 72 81 35 94 93 32 58 56 38 83 43 11 82 98 76 50 45
68: 31 1 76 35 58 78 89 91 86 66 84 29 15 42 43 98 30 50 17 65
69: 90 47 25 68 42 56 60 83 100 31 6 94 22 8 62 76 82 13 41
70: 71 92 75 56 82 52 30 32
71: 46 60 77 50 57 94 25 1 91 89 54 3 86
72: 89 32 13 94 27 67 71 34 81 14 39 70 42 43 33
73: 88 19 96 50 54 67
74: 97 33 5 98 95 92 30 82 25 78 72 11 4 9 65 29 70 94 6 69 45 56 88 39 2 77 41 28 49
75: 4 80 53 16 50 12 29 49 72 85 68 35 55 7 89 32 74 24 30 14 95 44 36 83 58 21 94 84 97 87 79
76: 77 90 38 22 4 33 89 93 44 91 87 59 6 80 7 41 34 18 24 23 45 28 84 75 19 68
77: 47 42 44
78: 4 59 46 64 67 100 31 43 22 36 41 28 75 8 52 29 49 53 71 63 56 98 3 79 48 74 32 34 9 89 20 65 87 44 70 66 15 93 13
79: 64
80: 90 9 64 55 88 42 66 33 68 63 21 94 36 26 17 54 72 70 24 83 76 28 60 45 2 15 39 4 19 5 40 7 57 43 8 84 51 14
81: 73 21 39 28 69 99 56 55
82: 78 25 79 2 71 40 10 69 85 24 22 86
83: 45 62 26 77 23 99 68 17 66 27 41 42 82 44 76 30 49 61 75 60 10 88 84 18 51 33 72 1 34 2 28 3 31 55 21 29 80 85 12 98 91 14
84: 70 64 83 49 54 85
85: 21 34 84 46 91 65 93 33 42 54 62 1 49 95 4 25 45 43 20 87 13 23 15 10 48 75 71 86 17 28 98 60 97 82 55 51 52
86: 100 32 48 16 21 39 1 83 41 38 56 29 75
87: 15 77 90 35 17 64 21 51 8 40 36 88 86 37 76 91 95
88: 98 50 9 48 81 96 27 76 68 91 88 7 52 93 29 67 2 89 24 90 84 8 60 53 95 85 16 56 99 77 72 10 71 47 61 41 21 63 46 55 33 19 69 42 44 23 57 17 78
89: 8 40 76 100 9 58 55 26 51 14 69 89 86 42 63 38 93 6 24 17 85 23 67 44 50 36 16 22 71 97 79 53 83 52 90 66 68 75 95 4 60 35 74 62 21
90: 41 16 8 75 21 46 67 36 98 64 83 90 7 9 15 10 87 25
91: 1 86 30 93 96 18 50 90 65 25 72 98 70 28 32 4 46 42 16 68 62 2 8 13 47 40 35 80 95 87 12 61 82 97 94 29 88 31 55 36 38 17 78 58 39 15 77 44 71
92: 69 62 52 67 14 80 56 87 91 41 97 48 9 13 61 34 22 95 99 30 6 82 57 33 68 38 63 5 16 46 37 42 65 28 100 71 31 4 64 72 53
93: 93 26 68 28 82 74 51 2 25 14 75 41
94: 45 21 90 59 37 53 85 24 62 43 34 72 58 11 18 5 14 83 20 89 86 44 30 73 92 28 91 42 75 82 79 32 16 36 19 70 2 96 99 6 3 74 38 84 95 1
95: 38 24 64 53 43 77 68 90 84 18 75 26 16 36
96: 65 66 17 20 46 57 18 89 1 86 2 36 64 77 53 99 84 38 68 22 11 40 31 32 23 63 93 70 95 60
97: 9 10 75 30 59 37 51 1 44 12 81 33 45 77 5 92 31 97 67 34 23 64 56 2 7 28 8 17 27 19 16 38 25 18
98: 3 77 76 63 88 14 78 48 90 79 43 15 58 27 30 94 44 91
99: 82 2 1 35 100 26 70 9 22 80 85 86 56 68 91 60 36 97 66 29 88 41
100: 9 96 10 8 48 78 20 30 89 51
1: 40 (47 1) 6 (96 7) 55 (83 20) 68 99 23 86 45 24 97 62 91 85 71 58 16 94 57
2: (96 18 16) (94 24) 42 25 82 91 80 27 83 74 88 54 48 35 (29 99) (93 33) 5 40 46 2 97
3: 45 (43 78) 60 98 (31 35) 71 67 (54 94) 46 40 24 49 56 62 (51 20) 83 (22 23 6 10)
4: 89 16 40 54 76 34 31 62 78 (24 66 74) 57 91 (35 30) 75 92 38 55 (85 14 80) 1
5: (32 8) 47 57 51 74 24 (94 1) 40 97 (52 16) 92 66 (58 45 80) 56 (67 2 29) 15 64 12
6: 47 36 8 74 76 58 57 (69 13) 24 27 92 25 89 94 23 41 32 22
7: 14 (8 42) 43 32 (75 22 16) 62 76 (88 54) 23 66 40 29 57 58 (24 6 19) 27 97 49 90 80 33
8: 20 80 16 7 32 87 39 91 (40 58) (36 89) 100 55 26 1 57 19 66 29 41 59 6 69 88 5 90 78 (97 67) 2 45 17 35 62
9: (74 46 58) 51 89 35 2 41 13 80 (90 31) 17 60 (18 34) 57 (100 78 88) (16 4 97 99 92)
10: 59 34 82 26 19 39 56 (100 32) 66 62 (1 88) 97 35 90 83 16 (85 33) 29 15 51
11: 47 66 (94 45) 19 6 55 13 63 74 33 67 51 18 (49 38) 23 30 96 12 (1 27 56) 48 8
12: 29 (42 48) (36 75) 62 25 33 91 1 41 54 23 46 7 (39 47) 34 83 40 97 38
13: 20 (78 34) (16 11) 10 (27 72) 5 57 2 (42 85) 29 39 92 49 61 91 33 69 66 67 12 17
14: 75 31 5 (94 17) (13 98) 63 80 43 92 72 89 32 41 93 25 66 27 (6 83 57) 40
15: (58 27) 54 98 78 (31 3) 91 2 49 24 85 80 (29 90 46) 87 68 33 65 34
16: 3 75 94 22 54 18 (13 55) 34 (16 60) 88 45 5 (62 42 86) 9 95 90 (97 32) 89 7 (47 6) 91 92
17: 68 96 46 23 89 (50 57) 20 5 25 35 29 15 80 27 88 87 83 85 45 (91 26) 6 18 42 (34 97)
18: (17 36) 96 95 2 83 (94 34 27) (43 97) (26 66) (76 51) 56 (46 91) 48
19: (33 10) 97 51 56 (80 38) 7 (39 35) (55 94 46 76) 60 25 (73 88) 42 40
20: 51 (1 29) 35 27 20 24 63 16 33 100 66 56 (57 39 78) 85 94 96 58
21: 87 85 (23 90) 17 66 42 81 55 75 94 (83 13) 48 57 80 6 (31 86) 89 25 15 88 (46 22)
22: 42 24 96 (82 13) 45 78 17 7 34 (69 27) (19 89) 49 92 4 33 62 99 (57 76)
23: 35 24 76 83 19 47 97 45 46 58 (33 34) 85 88 29 11 (96 89) 57
24: 75 95 17 (82 58) (57 29) 65 (59 80) 9 27 (63 16) 94 89 76 35 1 88
25: (91 40) 34 43 7 93 82 54 46 66 85 18 41 69 74 63 1 97 90 35 (58 33) 10 (19 13) 12 (9 2) 71 27 48 62
26: (63 52) 10 57 64 (26 32 83) 60 (17 93 58) 89 95 (9 80 24 23) 22 41 99 38
27: 63 33 97 46 66 (54 16 88) 4 (20 72) 62 61 27 98 83 (56 9) 40 57 (31 51) 55 39
28: 57 12 6 40 17 66 91 78 97 7 76 93 (74 48) 36 83 94 92 85 81 1 (47 80 33 42 27) (24 54)
29: (75 88 99 51) 86 61 58 74 56 (49 57) (9 46) (13 48) 91 (35 23 36) (83 11 68) (26 20) 4 32 78
30: (17 98 68) 43 (75 7) (58 16) 74 21 57 (12 47) 70 20 97 39 (46 32) 5 13 54 (92 27 1) 94 83 91 24 100 64
31: (61 3) 44 66 8 24 56 6 (40 68) 65 1 83 96 97 29 (34 78) 4 91 69 (62 36) 18 92
32: 39 91 70 55 32 46 42 96 29 20 78 45 1 (67 72) 40 51 (75 94) 5 17 36 86 35 16 33
33: (10 44) 23 (22 42) 39 66 56 (41 33 12 60) 16 57 (62 2) 45 40 13 72 85 83 74 (46 58) (80 97) 17 (88 92) 76
34: 92 46 83 78 35 (13 72) 18 1 5 9 53 17 23 76 36 22 6 32 (85 97 54) 57 94 34
35: 4 (58 51) 67 89 60 42 22 (35 12) 18 50 46 91 29 59 62 68 87 (56 61) (99 45) 8 7 75 10
36: 78 1 27 (8 35) (33 56) 94 34 36 99 (90 96) 80 9 (87 91) 13 (51 89) 54 75 95 40
37: 56 92 55 33 51 57 25 94 58 (34 46) 30 97 13 87 26 12 10 27
38: (51 22 10 60) 20 58 (67 95) 62 39 54 89 92 86 17 (61 47 94) 97 96 91 12 46 55 57 49 76 35 23 27
39: 80 55 36 17 91 21 29 74 72 60 16 40 7 8 46 22 86 13 24 81 33 27
40: (24 55 45) 16 25 54 46 87 (10 40) (27 89) (91 80) 82 (13 6) 51 96
41: 83 99 8 74 16 (27 40) 78 44 (29 62 86) 92 (1 25) 90 63 (93 69) 88 64 35 76 30 (12 60)
42: 92 85 56 62 40 88 69 60 80 72 (15 91) 83 35 2 89 (77 45) 20 (66 94) 27 46 23 68 (54 25) 19 31 11
43: (12 34 98) 95 20 42 49 56 (27 59) 7 40 24 72 85 80 44 33 67 68 46 39 60 (62 78) 45 18 94 36 48 6
44: 78 35 (36 94 89) 98 (39 42) (34 8) 75 1 27 66 76 57 97 77 (2 62) 15 20 88 54 91 83 63
45: 50 94 40 6 97 34 85 44 28 47 31 36 (80 83) 76 60 56 25 3 55 16 74 45 67 26
46: 42 54 90 6 66 56 71 39 22 88 29 (92 17) 78 91 45 (1 34) 96 24 15 (85 33) 16 40
47: (17 55) 77 24 (62 57) (32 49) 88 13 25 91 9 4 (67 48) (42 69) 40 54 7 16
48: 35 27 92 88 39 (100 58 29) 56 (26 57 98 60 62 78) 36 (86 46) 85 7
49: 48 (9 74) (13 33) (4 75) 78 56 (34 17) (12 84) 62 (45 85) 83 60
50: 19 34 13 67 25 7 57 12 89 91 (75 35) 9 42 30 68 10 46 88 73 71 (54 22)
51: 27 (51 20 48) 56 (85 54) (97 35) (42 87 93) 13 29 (58 89) 23 83 25 100 63 9 (80 36)
52: 39 70 37 33 40 66 46 (89 88 54 10) (7 11) (78 25) 64 (85 92 60) 27 24
53: 94 30 23 40 41 32 47 95 58 75 (9 57) 62 (67 5 21 96) (56 66) 16 35 78 89 92 36 (42 88) 7
54: 9 73 (84 60 13 20) (35 57) (85 31 80) 25 16 10 54 8 66 53 71 (46 51) 58
55: 20 24 83 28 23 66 80 (41 75) 2 89 27 53 5 85 22 48 91 (25 60 39 88) 58 45 6 1 (81 44) 51 34 35
56: 27 74 66 (70 99) 86 (56 47) 40 20 35 62 54 69 (97 67) 92 58 36 (41 5) (88 10) 81 61 1 11 55 51 78 23 57
57: 51 92 45 (17 24) 64 27 57 23 16 (71 12) 96 80 (32 88)
58: (91 75) 6 (58 98) 16 (2 94 22) 65 (36 54) 25 (3 89) (67 68) 46 43 (38 14) 56
59: 3 94 54 35 76 31 62 29 13 7 12 19 41 51 56 6 57 78 8 22 97 (53 14) 46
60: (45 12) 4 (27 69 63) 99 41 71 48 40 61 25 83 54 20 88 (85 96) 56 64 (1 80) 89 (60 33) 57
61: 83 (16 92) 40 56 (26 13 11) (91 54) (39 57) 88 34 61 62 23
62: 51 66 32 89 (34 57) 20 31 29 85 35 (42 94) 83 91 18 (7 46) 38 5 92 (24 69) 60
63: 13 (5 48 58) 51 80 62 61 45 (1 23) 89 98 26 92 55 88 96 42 78 54 41 7 2
64: 12 84 35 58 92 15 79 39 55 24 40 90 57 (80 61 67) 7 45 14 97 (87 95) 1 51 (96 29 78)
65: 34 85 43 10 74 27 54 9 62 17 68 29 28 (22 91) (78 23) 25 44 36 38 39 96 47 (13 61) 42 92
66: (17 78) 31 45 (30 33) (47 1) (18 83 99) 55 66 68 96 19 35 39 13 80 89 (67 28)
67: (97 12) (46 88) 6 (21 92) 73 7 8 89 40 78 56 16 (33 72) 54 51 90
68: (53 19) 66 96 99 62 35 (80 58) 89 (13 76) 54 46 69 (83 6) (92 93) 88 56 91 75 20 25 95 10
69: 45 50 74 65 6 21 92 35 20 29 46 82 10 88 17 22 36 (2 56) 62 3 81 89 5
70: 62 96 74 72 21 (99 45) (51 1) 33 3 9 42 57 36 17 7 (27 2) 46 (80 78) 91 84 94
71: 88 31 27 (3 78) 1 19 46 6 92 16 34 4 30 85 91 8 (70 72) 18 7 54 (50 13) 89 43 82 23
72: 94 41 46 4 (10 92) 83 1 40 (91 63) 88 67 57 75 66 (48 45) 80 74
73: (48 46 29 94) 5 49 51 (81 2) 54 66 34 10 58 19 56 7
74: 57 62 (93 54) 51 75 33 66 23 10 1 48 13 78 89 43 94 49 18 12 35 56 25
75: 85 83 31 (66 36) (90 45 70) 76 49 30 (7 26) 56 97 (86 1) 78 (57 93) 51 94 (95 47) 40 89 10
76: 89 98 87 22 (25 68 26) 42 47 67 (62 80) 69 (88 36 51) (1 17) 52 (83 48 58) 40 15
77: (98 23 88) 41 12 (64 76) 25 34 6 96 (87 61) (48 74 95 83 97) (31 71) (58 91) (39 66) (27 51) 33
78: 3 74 82 16 54 55 98 12 43 34 88 100 25 91 62 29 27 (68 31)
79: 57 46 (13 75) 62 6 7 48 (58 52 35) 94 39 66 34 (82 78) (17 55) 98 1 (89 24) 25 59
80: 13 83 46 25 45 30 76 66 99 54 62 92 (60 34) (75 20) (1 7) 91 17
81: 97 30 72 12 25 (39 67) 66 45 40 88 55 14
82: 83 67 41 36 24 17 19 40 (91 69 23) 16 85 51 (54 74) 92 (70 94) 99 55 2 93
83: 39 (67 69) 60 33 75 40 5 86 57 45 23 94 (84 65) 51 89 (31 54) 27 17 2 90 80 (4 62) 36
84: 31 95 83 (8 9) 75 80 51 56 94 (36 10 41) 12 16 45 2 85 40 88 96 68 5 76
85: 27 48 (42 5) 2 84 56 35 89 19 75 88 83 (82 22 4) 51 41 17 94 99 23 (58 60)
86: 34 1 (10 16) 71 55 68 85 61 99 87 (89 19) (41 82) 56 (94 29) (35 36) 96 45 20 91 25
87: 85 92 51 91 58 (7 59 22) (62 66) 46 24 78 75 (5 35) (57 76) 90
88: 98 1 57 58 74 (25 22) (35 55) 87 38 91 46 43 99 83 31 73 40 48 88 80
89: 75 50 71 100 96 40 (55 16) 88 68 39 72 78 (45 76 1) 94 89 58 37 66
90: 35 53 69 4 88 51 13 58 (98 80 36) 89 95 94 7 65 45 12 90 59 56 91 39 76 87 20
91: (35 5) 22 40 56 31 39 (30 88 55) (36 98) 66 64 92 54 (62 7) 32 25 16 94 10 (59 48 87) 71 76 99 20 6 83 68 (41 3) 85
92: 17 94 29 (54 97) 16 57 47 74 8 33 1 42 35 4 70 19 (48 45) 32 66
93: 89 36 17 (27 32) 85 46 2 (23 96) (31 67) 47 93 20 (78 91 58 35 12) 22 88 38 48 76
94: 71 91 13 74 72 75 80 19 (16 26) 45 (34 98) 60 10 (67 27) 69 25 32
95: 56 40 51 94 21 57 (20 44) 96 89 16 (85 92) 74 31 87 91 1 13 9 (48 60 75) 46 45 88
96: (60 88) 26 45 (22 15) 51 34 73 (46 91 94 30) (16 23) 42 100 (1 48)
97: 92 51 85 48 31 99 30 60 75 91 18 89 74 55 19 25 16 54 26 35 45 (97 9) 34 46 (1 40)
98: (67 12) 90 (13 23 57) 7 (91 33) (45 74) 62 53 (25 58) (88 60) 83 85 (16 68) (31 42) (78 1) 40 34 49 63
99: 15 55 81 24 96 34 58 30 1 (51 16) 56 83 9 92 94 (60 46 29) (54 88)
100: 8 (57 23) 16 35 25 1 69 9 (61 32) 99 86 48 78 33 13 89 92
