100 100
1: 42 83 10 97 100 6 85 61 62 4 12 48 75 51 67 66 55 14 86 79 11 69 87 20 38 45 91 54 84 35 36 99 90 96 21 34 22 50 92 5 19 47 52 72 41 63 39 76 71 93
2: 76 70 71 28 83 36 39 42 54 93 22 53
3: 88 45 33 4 20 8 95 53 68 96 34 87 82 41 35 60
4: 85 35 57 9 100 89 1 81 95 88 60 4 93 99 76 92 96 49 94 43 91 34 48 2 26 14 41 69 20 28 29 79 21 97 7 61 80 74 75 36 86 50 83 77 12
5: 20 96 93 3 48 23 64 50 45 72 63 28 86
6: 47 50
7: 69 18 93 2 90 51 91 96 24 48 61 20 21 46 52 7 98 42 25 32 28 86 54 81 55 37 64 99 62 34 33 13 58 31 6 35 44 39
8: 32 82 98 65 96 75 83 48 77 87 89 50 56 44 90 3 38 1 80
9: 90 95 61 8 97 92 19 37 7 42 50 26 5 40 96 1 27 15 46 53 48 14 23 22 82 51 94 77 24 60 73 41 11 78 54 93 34 100 3
10: 45 4 96 59 92 83 10 30 61 100
11: 22 36 74 65 10 44 61 39 4 51 59 85 70 56 90 40 41 50 28 99
12: 39 21 93 74 87 2 63 38 81 56 73 61 78 14 16 84 86 13 48 88 58 55
13: 28 65 51 41 36 98 42 60 58 62 47 84 72 27 80 94 19 67 92 82 33 3 73 75 66 6 7 64 50 22 71 2 74 5 77 76 46 93 8 25 70
14: 61 8
15: 10 31 69 45 2 5 94 82 49 24 18 72 88 63 75 59 89 76 80 28 56 62 51 74 46 68 14 86 60
16: 61 1 46 38 16 85 82 89 87 48 44 3 58 42 73 69 26 11 41 60 50 92 100 8 93 72 62 23
17: 63 17 20 51 24 75 59 5 88 56 93 79 99 41 67 87
18: 10 32 5 12 65 67 20 31 55 77 100 36 29 27 4 48 24 21 97 78 28 34 39 73 40 1 16 41 85 54 79 90 70 84 80 75 42 64 51 61 72 35 56 30 8 25 83 6 37
19: 98 37 44 42 11 77 2 23 40 100 80 82 56 19 62 20 87 55 73 33 88 57 12 31 95 78 72 27 89 36 46 79 3 60
20: 26 86 68 56 45 98 100 37 41 70 91 73
21: 4 89 8 46 21 6
22: 67 89 55 57 13 6 35 34 75 51 8 20 42 64 82 22 37 93
23: 99 91 35 22 63 77 75 73 76 55 67 15 8 28 27 92 36 97 30 47 46 9 19 37 41 23 48 81 69 54 90 34
24: 29 65 54 11 38 82 57 87 10 9 25 44 94 56 93 91 66 61 3 100 75 53 23 86 77 99 74 96 76 47 24 80 90 73 79 85 92 36 21 14 18
25: 71 4 69 1 58 93 82 2 94 13 27 53 81 75 37 96 26 36 80 98 3 45 64 49 86 56 50 88
26: 88 49 8 48 83
27: 54 63 39 65 98 77 61 8 94 62 43 40 96 12 35 60 59 38 97 7 55 92 9 68 80 24 34 93 1 23 45 50 71 99 29 3 18 79 26 48 46 70 11 17 81 73 76 27 15
28: 72 47 33 64 39 55 43 78 90 88 98 28 20 3 1 57 29 40 7
29: 30 6 96 41 23 49 28 40 7 59 92 84 70 20 50 54 74 58 65 72 82 46 4 80 95 27 75 69 38 36 91 2 93 39 12
30: 23 25 4 47 64
31: 56
32: 74 45 40 1 53 75 89 12 44 22 59 6 72 86 35
33: 73 65 24 62
34: 19 45 52 38 100 41 74 44 40 60 39 76 92 84 53 28 1 95
35: 51 96 69 60 43 78 67 99 82 57 42 81 93 32 63 66 73 19 88 70 33 8 61 80 13 35 83 10 39 21 37 84 74 15 28 49 50 1 87 91 7
36: 73 57 34 36 88 31 53 24 5 19 21 79 78 18 60 66 70 51 94 30 29 49 37 90 13 99 32 86 9 62 65 92 67
37: 97 24 99 92 79 31 50 46 71 45 76 17 80 58 72 39 61 22 96 64 93 16
38: 60 91 81 46 20 43 12 47 31 63 74 4 2 23 49
39: 77 44 70 51 30 64 15 68 28 84 13 18 17 66 63 61 7 4 83 29 42 88 81 49 82 92 93 43 85 59 32 10 53 12 72 26 57 3 11 34
40: 91 57 21 27 10 94 44 61 30 77 89 67 49 20 5 87 25 46 78 19 60 28 56 1 93 80 13 43 40 88 85 98 3 34 29 71 45
41: 99 25 50 16 97 21 80 27
42: 51 52 84 17 63 11 42 97 15 90 94 35 60 43 69 82 1 23 40 87 89 39 14 3 64 48 9 36 72 49 77 78
43: 62 81 23 73 83 15 5 67 45 58 97 51 20 28 13 2 71 17 4 80 24 85 69 93 44 96 9 84 8 19 3 41 68 32 14 90 76 10 1
44: 10 89 92 94 90 73 38 80 66 64 22 30 81 32 87 34 11 52 84 12 27 61 65 76 28 97 74 7 41 17 95 46 93 35 39 50 57 16 62 54 8 3 45 85 58
45: 6 81 53 54 96 44 49 19 26 10 79 84 55 89 70 46 5 80 65 45 57 22 27 34 100 90 58 18 74 13 91 82 88 69 47 48 52
46: 95 13 72 37 38 91 71 28 94 83 42 50 59 24 36 39 85 55 89 3 32 30 2 57 8 23 18 98 16 4 52 70 64 75 15 60 54 78
47: 59 86 52 85 66 25 21 2 67 35 34 53 62 93 31 48 45 61 81 28 36 30 1 40 55 78 79 90 3 32 9 83 13 16 76
48: 83 40 10 35 93 18 25
49: 1 96 98 83 8 5 31 46 65 86 80 30 20 29 3 59 79 36 40 17 78 53 28 84 13 97 94 89 88 27 69 90 95 41 71 11 23 99 56 61
50: 95 71 39 78 4
51: 6 60 68 64 77 14 76 44 51 88 43 24 81 90 52 100 78 74 28 65 61 84 16 4 85 79 70 37 86 33 5
52: 29 100 78 51 48 89 69
53: 28 84 92 74 80 95 16 37 2 12 27 26 86 67 41 53 82 56 54 34 89 52 68 18 50 62 15 70 94 75 13 51 59 36 87 46 30 99 83 66 20 63 4 32 48 5 45 3 11
54: 53 34 67 18 59 21 75 57 66 43 87 8 31 98 86 94 7 77 45 65 62 95 28
55: 96 8 85 20 27
56: 6 19 57 93 67 73 68 7
57: 100 96 31 97
58: 32
59: 11 65 1 54 78 62 42 79 28 15 64 75 67 87 29 92 53 27 68 63 98 18 48 93 20 25 96 44 8 61 12 69 19 50 100 71 13 97 82 83 88 72 59 81 56 41
60: 37 79 55 52 20 73 42 77 47 34 10 17 94 8 75 14 97 61 78 32 28 72 62 64 31 63 44 29 69 65 3 98 70 39 38 86 92 58 90 23 27 83 54 60 46 45
61: 74 61 5 89 71 97 86 35 77 65 38 43 4 84 90 55 51 2 42 20 1 18 56 48 94 13 81 70 53 17 25 40 37 64 19 100 78 58 8 98 6 66 50 93 45 10 68 92 29 82
62: 61 68 86 90 72 88 50 75 1 51 47 42 2 89 26 20 73
63: 81 49 10 31 30 6 95 19 80 53 83 1 91 84 36 4 55 82 14 75 76 86 85 35 66 2 65
64: 72 59 4 36 25 13 57 73 20 75 63 43 56 37
65: 51 74 90 9 32 29 93 33 13
66: 24 69 55 14 32 66 11 35 52
67: 67 89 18 27 93 14 25 99 44 35 52 68 31 73 74 21 11 16 1 42 90 88 71 91 97 51 29 20 6 87 32 53 38 24
68: 96 19 99 26 57
69: 35 77 13 49 59 76 45 41 24
70: 13 69 84 6 78 11 99 92 66 54 73 40 90 5 76 32 16 35 28 17 85 50 14 2 42
71: 55 62 75 30 66 58 27 42 22 38 95 43 5 45 85 70 81 37 89 14 83 44 32 47 99 3 52 57 18 93 79 36
72: 95 25 57 77 15 37 81 32 36 7 24 19 5 65 16 62 40 22 23 3 96
73: 19 80 31 70 55 36 41 82 44
74: 82 37 4 20 1 67 62 18 32 70 7 61 100 21 38 19 13 72 98 92 87 55 39 14
75: 50 66 82 12 41 27 34 98 83 17 16 25 35 3 91 51 4 28 81 49 40 61 100 8 7 24 59 62 21 46 96 94 60 14 69 56 92 72 55 85 11 42 6 30 22
76: 99 16 5 44 41 95 14 100 30 65 53 7 22 40 64 32 61 88 92 86 17 94 60 26 52 18 72 83 84 23 28 73 77 45 38 90 35 27 76 37 11
77: 57 35 25 70 34 18 64 2 59 99 31 63 11
78: 42 13 4 81
79: 37 8 28 83 14 99 75 72 100 34 6 16 12 40 49 15 35 47
80: 26 2 88 90 42 95 45 35 74 60 25 64 51 31 71 76 10 69 48 43 73 89 8 11 30 53 21 79
81: 81 9 49 91 18 76 60 21
82: 12 2 78 52 15 3 37 40 44 74 9 7 39 88 75 67 90 63 95 86 61 5 94 35 41 62 66 73 69
83: 16 60 82 39 100 40 14 75 38
84: 7 22 36 80 62 14 1 83 74 33 61 70 73 69 99 39 18 77 63
85: 90 19 29 30 68 97 79 48 63 62 51 99 85 88 4
86: 10 85 36 60 34 92 71 52 15 63 32 98 61 3 80 5 40 50 59 78 38 42 31 45 97 64 48 17 24
87: 28 4 49 13 75 12 38 34 53 29
88: 11 19 70 69 23
89: 76 29 89 41 99 78 43 72 28 20 80 19 96 55 5 61 83 10 33 62 69 8 98 74 12 13 42 48 16 45 90 14 3 63 97
90: 90 49 98 97 22 14 67 46 96 75 57 23 55 69 39 24 16 13 74 62 17 41 66 94 77 84 47 53 29 34 30 4 68 99 7 64
91: 34 27 46 25 79 58 40 71 37 20 13 59 22 7 28 39 61 14 70 31 64 88 96 44 21 43 60 35 52 66 1 76 62 98 26
92: 74 94 52 65 29 25 86 28 56 89 68 19 45 92 96 46 10 75 44 15 63 97 49 5 50 8 42 78 64 20 69 31 1 57 98
93: 71 76 28 92 74 97 22 91 87 38 7 25 10 47 19 33 12 89 17 35 46 86 3 36 21 99 39
94: 40 21 91 57 97 10 15 89 62 93 86 68 31 13 70 85 66 87 38 76 100 48 95 3 47 73
95: 48 34 64 88 78 91 26 60 84 90 69 77 3 98 30
96: 1 41 31 75 27 62 77 83 50 55 70 49 8 43 54 19 9 56 80 13 58 21 37 6 52 12 63 61 79 59
97: 59 47 58 15 55 7 82 40 24 35 3 69 42 9 91 83 6 22 65 97 50 70 16 49 80 29 71 79 66 26 32 89 84 21 14 41 63 75 38 94 23 18 34
98: 59 29 60 35 86 74 80 30 4 94 50 89 53
99: 78 4 76 29 75 27 8 57 92 37 38 80 24 64 72 22
100: 100 42 71 16 85 68 76 20 87 2 91 43 63 47 8 12 19 96 4 3 36 46 83 67 57 38 56 90 21 89 54 33 84 58 88 98 49 18 59 69 61 31 74 82
1: 32 28 61 (49 84) 34 27 63 62 (91 4) (40 67) 74 43 (92 42) 25 47 16 18 35 8 59 96 9
2: 53 62 (100 7) 38 12 (82 63) 80 (61 47) 77 4 29 43 19 25 46 13 15 70
3: 16 (53 42 5) 97 27 43 46 9 94 72 8 28 82 40 (19 93) 13 25 44 (49 24 75) (89 100) 39 47 60 (86 95) 71
4: 30 3 (39 29) 100 78 (4 98 46) 53 50 87 18 51 21 25 74 63 11 10 64 90 38 (85 75) 99 (43 1 61)
5: 49 92 72 89 51 53 82 61 71 70 13 1 43 (17 40) (15 86 9) 76 45 18 36
6: (7 18) 29 75 67 1 (70 56) 51 (79 97) 63 (32 22) 21 13 61 96 45
7: (29 35) 9 28 74 72 97 75 (44 84) 54 (76 90 27 39) 82 93 4 (13 91) (7 56)
8: (35 23) 100 80 79 89 44 92 22 3 61 16 (27 59 60 99) 54 75 21 (14 49) 43 18 (9 55) 46 13 26 96
9: 42 27 (81 97) 23 65 36 24 43 96 4 47 82
10: 60 61 (40 86) (11 18) 48 89 93 15 10 94 (1 35) 39 92 24 43 (44 45) 80 63
11: 1 (24 42) 27 70 (88 80 19) 75 59 67 66 16 49 9 44 76 39 53 77
12: 96 27 100 79 53 29 39 19 (75 4) 93 (59 82) 18 (87 44) 38 89 32 1
13: 61 46 35 (40 45 87 49 22) 59 74 65 25 89 (36 78) 70 94 90 69 53 47 96 (43 39) (91 7) 64 12
14: (51 4) 63 71 (12 60) 9 74 15 83 90 70 91 76 75 (84 24 43) 89 97 (42 66 79 67) 1
15: (97 42) 23 39 (82 53) 72 86 27 94 35 79 (92 9) 59 43 46
16: 47 97 76 46 (18 67) 83 79 44 90 100 72 70 12 53 (51 75 37) (16 41 89)
17: 90 60 27 61 (17 44) 43 86 37 (76 75 93 49) 42 39 70
18: (77 84) 76 74 81 59 24 27 48 39 97 7 67 15 (36 61 53) (45 54 100) 71 46
19: 72 1 73 85 40 61 68 (19 45 88) (23 100) 9 59 34 (92 93) 63 74 43 (89 96) (13 56 35) 36
20: 49 74 7 60 40 38 64 62 55 89 4 61 53 100 91 (18 29) 3 5 43 28 22 1 19 59 (17 67) 92
21: 47 24 (35 74) (4 80) 12 21 7 (41 93 91) 67 97 (81 100) 96 1 18 94 75 54 36 40
22: 1 (23 71 45) 75 97 13 72 11 2 76 37 32 9 99 44 84 91 90 93 22
23: 49 46 90 88 16 42 60 9 (5 97) 30 29 19 43 72 76 (27 23 24) 38
24: 51 7 (72 86 46) 36 (69 97 15 67) (75 99 43) 37 24 18 90 17 33 (27 9) 66
25: 80 40 30 64 67 59 (72 91) 92 47 93 77 7 61 (48 41) 18 24 (13 75)
26: 9 (16 97) (68 20) 80 27 25 62 53 (45 91 76) 4 39 95
27: (53 99) (96 91) 44 27 75 9 55 23 60 18 19 71 67 59 49 76 25 40 29 13 45 41
28: 51 34 15 91 43 (89 92) 23 28 75 59 (54 39) 29 47 40 4 11 35 79 70 13 44 5 87 46 2 53 7 (93 60 18) 76 49
29: 40 39 87 67 (89 99) 97 (28 18 4) 36 24 (65 27) 61 85 (98 59) 60 (92 90) 52 49
30: (18 90) 98 53 95 29 (85 75) 80 63 36 (71 44) 40 (23 76 47) 49 (39 46) 10
31: 73 (60 100) (92 47 36) 57 49 (15 18) 86 7 37 63 80 96 19 91 (67 38) 77 94 54
32: 97 (18 53) (46 86) 72 35 7 43 58 70 (71 74 44 47) 8 (39 76) 65 66 36 60 67
33: 3 (28 89) 93 100 35 84 65 13 51 7 19
34: 22 (87 45) 39 86 9 40 75 95 (90 7 36) 27 (47 79) (3 60 23 97) 54 18 91 4 44 53 77 1
35: (91 23) 7 4 82 (44 69) 35 (98 32) 66 48 (63 77 80) (3 1) 93 22 75 27 70 97 42 47 79 61 76 18 67
36: 1 (11 64 73 42) (19 100) 36 84 (53 46) 13 93 29 71 86 63 47 49 4 18 72 25 2 (24 23)
37: 74 64 96 91 22 72 36 53 19 71 (46 61 9) 76 18 23 (79 82) 99 (7 60 35 51) 20 25
38: 44 76 34 (93 83 97) 61 16 46 (27 87) (100 94) 24 1 86 60 71 67 99 74 12 8 29
39: 91 83 90 28 29 35 11 (74 42) 37 (82 18) 27 (50 93) 12 44 34 46 84 2 1 7 60
40: 48 94 34 70 (72 19) 28 27 (49 18) 97 75 83 61 (47 91) (32 9) 76 (11 86) 42 29 40 (82 79)
41: 3 1 (43 96) 89 49 69 20 82 (9 34) 4 11 (17 44) 18 13 90 (76 16) 23 97 73 (75 29) 59 53
42: 86 80 (78 2 62) 67 7 100 59 71 (16 75) 97 18 (9 89) 35 1 19 22 13 61 39 70 (46 92) 42 60
43: 61 (27 64) 80 28 4 (35 51) (39 91 89) (54 40) (71 96) 42 100 38
44: 40 92 91 (39 67) (82 71) 32 19 16 51 24 (73 8) 60 59 76 45 11 34 43 7
45: (47 43 1) 80 (89 34 86) (69 27) (44 92) 25 (76 15) (71 10) (37 53) 20 45 32 (3 40) 54 (5 60 61)
46: 16 (90 37) 23 13 38 92 40 27 29 19 100 15 49 (91 93) 21 44 45 7 60 53 75 9
47: 93 38 30 94 45 90 79 (23 28) 24 97 6 62 13 71 1 100 60
48: 89 86 7 95 53 (85 59) 45 (23 5 16) 12 (4 26 8 42) (1 80) 52 9 61 18 94 47 27
49: 26 97 42 39 96 (36 4) (100 35) 79 63 (90 81) 75 25 38 69 29 40 (87 15) 45 92
50: (37 86) 97 92 6 46 (44 29) (8 13) 41 27 53 11 9 75 16 96 70 59 98 (5 25) 1 62 61 4 35
51: 1 67 15 (9 75 43) 36 13 52 7 85 53 80 61 62 (51 22 17 42) (65 11) (39 18) 35
52: 53 45 44 1 92 (42 34) (96 7 47) 86 (91 82) 66 (60 67) 71 51 46 76
53: 61 54 59 9 76 67 47 36 98 32 39 90 80 (87 34 45 63) 24 25 2 3 53 49
54: 70 1 27 (2 7) 60 53 29 24 (45 18) 9 46 44 96 23 59 100
55: 12 61 71 63 18 89 90 73 27 22 97 45 66 60 7 23 (46 28) 74 1 (19 75) (96 47)
56: 100 20 92 (17 53) 11 31 8 19 96 61 75 15 (24 49) 25 64 40 (59 12) 18
57: (54 39) 24 35 36 45 94 (71 46) 44 72 56 19 (90 64) 100 92 28 68 99 (22 4 77) 40
58: 7 (97 100) 12 (61 43 37) (45 44) 60 96 71 25 91 16 13 29
59: (75 96 69) 32 39 27 86 29 (97 17) 64 47 77 (100 10) (46 91) 49 59 54 (15 98) 11 53
60: 36 (9 35) 16 91 4 80 (75 95 76 81) 46 19 27 (42 3) 15 (13 98) 38 34 51 40 60 (83 86)
61: 7 35 (37 49 62) 10 96 84 (47 18 1) (74 27) 11 39 (24 86) 91 (4 12 40) 44 76 82 (51 59) 61 9 14 (75 89) 100 60 16
62: 74 59 89 44 96 15 19 94 91 90 53 (27 1) 33 (71 60) (16 13) 82 47 54 84 43 85 (75 72) 36 7
63: 17 (60 82) 53 (5 97) 64 84 1 100 86 39 96 35 89 92 59 27 15 12 42 85 (77 38) 23
64: 92 (60 77) 28 80 (39 5) 99 44 95 (59 90) 22 (51 61) 7 46 86 37 (42 30) 25 (76 13) 91 18
65: 63 (76 60 29 8) 36 (13 18) 54 33 61 24 92 11 59 44 49 97 45 27 (72 51)
66: 91 53 1 82 35 (75 66) 36 61 97 (54 90 24) 70 (71 44) 13 39 94 47 63
67: 100 82 23 1 59 (35 90) (54 40) 56 22 13 53 17 (74 43) 18 67 36 47
68: 92 100 (53 94 43) 56 39 67 59 85 (27 62) (20 3) 61 (51 15) 90
69: 42 (1 80) 95 35 66 82 59 25 89 60 16 84 4 7 49 92 70 (75 29) 88 52 15 45 90 100 23 43 97
70: 88 (20 11) 46 94 13 36 60 (53 51 77 97) 35 27 2 45 29 71 18 84 39 96 (74 91) 73 61
71: 86 46 80 13 (25 97) (61 91) 1 43 67 37 50 2 100 93 27 59 49 40
72: 64 42 16 37 60 46 32 79 (39 5) (19 1 13 18) 76 15 99 (89 28) 59 62 29 75 74
73: 20 13 (24 44) 64 84 19 (23 82) 70 35 94 60 9 12 27 18 80 67 (36 62) 43 (16 33 76) 56
74: 82 65 61 100 51 29 90 (13 53) (45 15) 34 92 80 32 93 38 44 84 98 24 12 11 (89 4 35) 67
75: 90 83 (53 60) 46 (23 63) 22 97 59 (64 8) 4 62 24 13 99 71 (87 18) (25 29 82) 1 54 32 79 96 92 (17 15)
76: (13 91) 15 89 37 (63 100) 34 99 1 (51 44) 2 80 (27 69 43) (94 76) 81 (24 4) 47 23 93 70
77: 96 27 13 24 90 84 51 95 (40 23) 61 42 76 4 60 69 (18 54 9) (8 19) 72 39
78: 92 59 28 52 (12 61) 70 35 42 89 82 51 9 46 47 19 18 (49 60) 50 86 40 95 99 36
79: 36 (60 17 96) 91 18 51 59 49 (4 27 80) 47 (19 85) (1 97) (24 37) 45 71
80: (24 89) 40 (63 15) 35 25 (18 44) 99 19 41 86 4 84 29 49 37 45 27 53 96 97 43 8 (73 13) 98
81: 12 72 59 63 51 81 61 38 71 25 47 75 78 23 (44 45) 43 27 7 35 (4 39)
82: (53 22) 29 (61 15) 74 16 (63 45) 42 19 97 39 (8 83) 75 3 (100 13) 35 73 25 59 (9 24)
83: 1 46 60 10 (48 96) (26 84) 35 79 4 97 (100 76) 49 43 2 53 47 18 75 59 63 71 8 39 89
84: (53 45) (76 13) 42 35 29 18 (95 34) 97 90 43 70 51 63 1 (61 12) 44 100 39 49
85: (71 40 55) (16 70) 51 39 11 43 24 85 18 47 (63 75 1) 4 (44 46) (100 94 86)
86: 93 47 (76 15 5 20) (92 12) 4 53 24 62 (1 51) (49 63 94) 54 61 32 60 36 25 82 7 98
87: 44 17 94 1 67 74 19 16 54 93 53 8 59 35 40 12 24 42 3 100
88: 51 39 12 62 76 85 100 4 (59 15) 82 (17 28) 45 35 (3 19) (36 95) (25 80) (40 67) 49 26 91
89: 49 (52 32) 16 53 97 42 71 61 15 100 98 22 40 93 44 94 (62 4) (92 80) 46 19 89 45 21 67 8
90: 76 1 95 43 7 51 (44 70) 36 60 67 (11 9) 42 18 62 65 24 100 (82 85) 45 47 8 23 49 90 80 61 (89 28)
91: (24 38) 1 (100 40 81) 63 67 (45 7 97) 46 (95 29) 93 4 20 94 35 75 23
92: 9 92 1 (99 86) 4 (10 76 74) 60 (36 23) 39 70 75 53 44 (59 93 27) 24 34 13 37 61 16 29
93: 65 56 94 17 13 25 40 16 (39 37) 59 27 (44 71) 1 7 67 (47 4) 5 (35 24) 2 61 43 (22 29) 9 48 12
94: 61 49 53 (9 15) 90 24 46 13 54 82 27 98 (60 4 36 92) 76 75 (42 44) (40 25) 97
95: 50 3 82 44 34 72 49 94 4 80 29 9 63 (53 46 54 71) 19 76
96: 49 37 27 25 35 29 59 57 (10 90 3 89) 72 75 92 8 43 (1 55) 5 7 4 45 9 68 (100 24) 91
97: 90 44 61 41 18 60 94 (89 85 42) 49 27 (23 67) (97 37) 86 59 92 4 9 1 (57 93) 43
98: (89 49) 74 90 91 46 27 (60 86) 19 28 13 59 40 20 54 92 25 7 (61 75) 95 8 100
99: 93 90 4 (77 27) 67 89 (49 1 84) 23 41 17 71 85 37 70 35 79 (68 7) 24 36 53 11 76
100: (10 61) (83 16 34) 4 (24 19) 52 9 (20 100) 74 76 (57 45) (94 51 1) 79 (18 59) 75
