90 90
1: 19 2 (53 36) (4 67 54) 47 (59 73 25) (38 90 48) 68 (71 66 87)
2: (38 20 70 53 27 46 6) 44 19 74 32 (11 39 13 40 29 60) (51 25) 24 (2 52 87 47 71 34 58 10 80) 28 (30 43 61 42 49 89) (78 66) (55 8 86 14) (85 64) 54 68 (22 72 17 79)
3: 37 (55 12 75) (6 74) 10
4: (27 17) (45 30 59 71 48 63) 38 (76 58) 43 60 74 (9 85 29 44) 12 (4 47 14 72 70) (78 61) (68 22 25 16 79 73) (6 33 82) (23 36 49) 66 40 87 37 (26 77 51) (90 11) 75 (80 31 42 53 3) (15 39) (19 55) (24 5 50) (1 2 28 57 46) 56 67 62 (69 65 84) (52 10 32) (34 83 20 81) 64 (88 35) 54 (89 13)
5: (50 34 37) 53 64 19 74 (48 20) 52 82 (57 60) 90 17 85 7 (41 15 81 42) (28 65 77 24 56 49 1 29 44) (70 30) 27 35
6: (71 13 21 84 49 46) 15 (41 23) (2 10 17) (38 42) (83 52) (89 73 55) (47 58) (86 25) (33 37 48) (82 36 34) (62 26) 54 (80 66) 68 (7 51 22) (35 88 29) (81 74 19) 31 67 9 (53 27) (64 16 44) (75 60 39 12 18) 85 (11 76 6) 4 (5 63) 57 (40 28) 59 79 65 1 50
7: 39 (88 57 36 51 89) (22 85) (78 34)
8: 47 (37 43) (22 9) (35 36 75 14 50) (73 87) (10 84) (5 4 23) 60 19 (54 12) 16 77 89 (56 64) (30 25 13 31 86 34 52) (21 66) (40 32 74) 57 70 (90 20 82 1 6 65 48 8) (17 2 59 38 41 67 76) (53 55) 27 (88 79) 46 (18 72 11 45 78 28 15 71 51 85 24) (26 49) (68 42)
9: (10 70 6 3) (56 52) 20 46 15 32 26 (17 86 89 73 35 30) (21 57) 34 (77 71 53) 66 24 (51 48) 90 (64 49 82 2) (68 29) 9 25 (87 14) 12 62 (8 43) (88 80) 33 45 (4 42) (60 69) 16 (59 67 23)
10: 67 44 78 57 (19 89 74 80 64 2 70 28 47 49)
11: (25 31 36 69) 1 54 (42 9) (30 82 28 83) 74 (90 23 21) 68 44 13 (4 48 29) (2 75 41) 58
12: (69 21 28) (80 9) 89 59 (54 83) 37 67 (56 12) 33 (75 26 6 78)
13: (78 85) (46 3) (25 28) 29 (69 21 64 53) (14 62 33) 51 (84 16 19 82) (52 40 7 45 38) 20 9 5 (68 55 60 54) 15 22 (10 34) 35 (31 26 65 48) 8
14: 41 (60 79 52) (16 72 90 44) 55 63 (35 12) (56 4) 61 66 85 26 (76 27) (37 17) (83 34 70 89)
15: 1 (87 40) (14 3 84 33 56) 75 (10 2 90) (70 22) (80 49) 21 9 13 (47 88 5)
16: 41 51 44 (11 80 40) (17 79 37 35) (66 67) (74 56 49) 73 71 84 5 (22 57) 13
17: (85 31) (65 35 19 80 72 37) 53 (38 45) (2 43 22 14) 34 (48 55 11 84 78 76) (9 39 24 83 74 75 51 50 7 18 32 88) (68 6 58) 90 (62 23 69 12) 71 10 8 13 (87 49 27)
18: (83 38) (30 29) 60 (3 57 19 16) 44 (53 35 72) (82 79 55 52) (20 67 59) 74 (26 28 89 23 34 6 8 80 61 58) (70 7) (77 68 49 47 10 40) (22 56) (39 46 43 51 87 69) (12 90 36 31 65 13) (76 64 2 88 62 24) (45 25) (78 5) 21 81 (63 50 32 86 14 4 48 1 84) (73 9 11 15 37) (33 41 18 66 27) 54 71
19: (80 69) 89 35 (63 43) (44 54) (77 30 59) (67 56 87 81) (20 82 46) (28 7) 16 (25 29 11 40) 31 (15 90 19) (74 57 32) (2 36 51 71 21) 5 (41 75) (64 27 52) (24 73) (84 60 22 70 42 4) 61
20: (12 61 56 79) (30 64 35) 66 38 (78 65 13 4) (11 42) 80 32 (53 62 40 60 86) (59 69) (41 84 88 3) 47 (20 81) (58 73 55 16) (7 51) 22 (72 5 21 50 26) 49 (19 48 6) (67 45 27 57)
21: 27 78 (59 7 13 71) 45 75 (38 76 20) 21 83 (9 69 37) 58 8 (6 2) (60 3) (72 51 4 62 73) (49 64 55) (82 12 36 68 67 23) 5 (40 52) 10 (33 28) (26 61) (89 77) 54 (11 15 16 74) (63 46 85 31) 79 30 (18 90 86) 24 (65 1 57) (34 53 32) 66 (47 44) 87 (70 25) (39 29) 56 (41 43 19 14 35 48 84) 88 17
22: 71 (59 42) (74 12 8) (11 32)
23: 9 (25 76) 67 30 51 (64 49) (81 41 58 78) 59
24: 55 (71 34 63 60 46) (43 29) (58 83) 15 84 (76 73) (18 90) (10 28 9) 35 (85 50 64) (32 75 87 41) 27 (33 67 8 88 66 44 26) 38 68 57 (59 16 62 1 81 80) (48 21) 86 31
25: 55 29 18 (13 21)
26: 86 90 (5 45 52 41 21 61) (88 84) 43 (79 77 62) 63 (10 25 85 38) (69 53) 9 (44 16 57) 27
27: (35 9 73 52 66 87) (42 56) (39 62 15) 48
28: 39 (45 80 49 46 75 67) (29 7) 71 70 64 (42 87) 86 57 (63 31) 4 (73 30 83) (52 8 48) 10 68 22 (60 19 89) 1 (17 61 24) (56 6 78 72) 32 41 (88 27 84 40 74) (11 53 18 47 38 28) (14 2) (33 12)
29: (23 57 8) 80 (4 83) 13 (85 5) 41 (81 71) 51 (25 86 88 56 2) 39 21 36 90 (58 45 63 16) (59 89 19 6 24) (73 3 34) 76 (79 78 31 38 33 48) 27 77 49 64 67 15 (61 60 66 22 37 28 17) 68 (46 26 14 54 43 87) 65
30: (20 40 10 5) 65 (15 64) (31 46 4 32) (87 73 29) (34 79) (77 68 19 56) (83 8 43) (75 21 6 44 2 26) (84 72 74 16) (61 25) 60 (50 71) (81 69 66 90 30 17) (59 52 11 89 23 78 12 41) (45 85) 14 (63 35) 33 (24 80)
31: 82 (38 77 90) (76 5 30) (58 14 52 43 23 85) 24 83 (60 33) 57 (81 66 2 84 22) (69 56 61 1) 27 (67 10) (73 78) 42 74 (12 64) 28 45 25 40 89 (19 51 50 37) (71 86 75) (35 46 4 54) (63 70 18 16 32 53 20 7 48 68 11 88 9) 80 (47 65 49 41 62) (87 29 72) 26 (3 59 8 55) (6 44 79) 21
32: 58 59 (57 9) (31 70 90) (33 23 76 61 72) (19 34 45) 85 18 65 (80 29 81) (11 27 32 84 42 8 22 35) (40 39 28) 51 55 62 (1 41 87 63) (77 48 16) (12 88 54) 2 (10 43) 83 69
33: 22 7 (40 85 61 87 32) (48 30 25) (83 46 38 17) (88 10) 23 50 74 (56 9 35 69 6 47) (84 49 63) (31 59 3) (64 36 26 14 1 71) (89 33 80) (16 13) (72 8 67) 34 4 (12 68 51 18) (82 37 65) 86 44 (5 55) (45 57 76 90 75) (29 20) 27 (66 58) 43 2
34: (40 3 59) 48 (67 26) (73 75 10 7) (90 28) 29 88 (6 47) 56 (61 64) 51 (58 80) (66 13 42 57 1 35) (70 21) (24 41) (20 15)
35: (47 39) 9 28 (29 3 87) 24 (72 54) 85 50 73 (75 67 82 8 58 36) 7 (13 1 60 90 23) (42 27) (89 16 44 17 6) (84 48 22) (10 66) 14 (86 43 11 46) (25 53) (26 70 76 2)
36: (6 74 12 2 26 57 27 13 50) (83 38 16) (81 77 28 60) (23 3 87) (53 89 70) 85 (31 33 63) 44 29 21 (84 86) (52 68 39 79 35 46 80 51 71) 22 64 75 36 (40 59) 19 (15 61) (62 32)
37: 88 (22 24) (15 79 80 20) 74 49 (16 70) (73 55 46 58) 83 (1 21) (76 34)
38: (78 28) 15 (6 70 44 73 11 83) (1 21) 59 17 (69 77 74) (4 65) (39 18 3 90) (56 62 25 24 16) 79 8 29 (43 81 57 50) (68 87 53 34 40 84) (27 32 26 20 2) 75 (7 42) (9 72) 61 (19 55 46 71 86 67) (76 22) (38 66 45 82) 89 54 52 (30 13) (10 5 23) 80
39: 40 (70 36 79 55) 58 44 28 (84 85 80 64) (88 61) 49 (43 54) 68
40: 33 16 (67 5) (63 10 54 25) (22 83) (77 48) 26 (24 55 66 74) 46
41: (27 6) 46 26 (75 86 55) (83 16) 34 25 (42 32) 13 (57 10 1 19) (14 80) (33 5) 7 (22 15) 64 21 (45 54 28 51 40 39) 20 (3 9) (38 69)
42: (10 58 20 73 71 52 7) (63 22 32 69 78 70 5) (83 3 2) (61 42 89 39 66 74) (65 18 79 28 4) (9 23) (6 25) 50 30
43: 12 1 65 (15 29 5 39) (77 74) (58 18 67 31) 73 88 80 (57 23 87) 76 37 (50 14) (10 27 49 70) 86 (3 43 48) 40 (81 20 84 54 72 38) 51 (56 25 44 19) (85 33) 32 (55 17 24 78) 82 (53 22 11) (35 4) 2 (66 90 89 6 13 42) 36 (64 69 79 60) (68 45) 59 46 (63 75 28) 16 71 (61 47) 83 (21 8 7 30 52) 26 (34 41 62)
44: (16 84) 6 15 7
45: 77 (40 64 14) (33 53 10 20) 84 (57 21) 35 (16 68) (55 37) (28 47) 7 71 (41 13 48 3 39 4 27) 80 83 (90 89) (79 65) (19 74) (51 24) (63 43 82) (81 67 59 58) (2 32 66) (86 45) (5 31) 36 (76 69 15 61 17)
46: 1 8 41 (70 17 32 20 90 15 89 6) 39 82 13
47: (88 35 65 59) (49 3) (29 15) (61 52 38 20 55) (25 45 51 67 77 87 69 37) (18 12 11 34) 16 26 (63 30 83 64 74 39) (42 14 75 41 13 36 68) (21 9) (24 89 84 6) 22 32 (70 66 81 82 27 85 44) (58 40 90) (62 10 56) (23 2 1 33) 73 (57 46 31) (60 76) (79 53) (54 86 72 78) (8 71 80) 4 (48 5)
48: 21 51 63 (24 13) 69 (11 54 89) (10 23) 83 49 (3 25) (60 84) (58 30) (47 46 61) (71 5 75 66 14 87 27 77 29) (6 53 68) (26 36 78) 15 45 (72 17 20 8)
49: 21
50: (39 69) 56 27 45 (32 30 26) (51 15 18 28) (54 86) 83 (2 58 52) 23 13 40 64 89 (48 79 46 49) (47 11 60 3 36) (65 63) (25 43) (29 42) 41 (84 10) (44 75 74)
51: 31 (84 26 44) (5 63) (33 16 46 76 52 24 7 32) 51 (70 90 43 4 72) (28 69 41) (89 42) (35 67) (86 66) (83 22 25)
52: (72 57) (53 15) (32 34 55) (8 56) (24 61 40) (79 85 51) 19 (64 13 81 43) (63 14) (46 31 29 26 59) (20 45 7 75) (12 33 78) 1 (62 2 83 23 38 48 67 35) 86
53: (25 46) (79 88 76)
54: (73 88 40) 74 (14 5 60 32 35 70 33) (19 43) (39 75 41) (23 77) (82 25)
55: (12 1) (77 32) (63 24 67) (54 73) (26 57 74 52) (51 14 59 62 20) 88 (6 31 23) 53 (3 7 33 84) (48 89 37 80 61) (85 41) (28 35) (40 56)
56: (90 21 55) (66 72 5) (8 84) 62 (4 50 57) (29 70 64) (63 24 13) (11 37)
57: (17 5) (56 66) (38 43 69 58 37) (48 28 21 85 61) 65 (64 3 36 54 8 76)
58: (1 12 34) 39 32 49 (37 53 77 50 16 42 47) 27 58 (4 28 54 81 2) (68 31) (33 86 29 66 56) 19 (20 45) 52 (7 76) 67 (59 69 73 14 63) (79 78 36 83 61 17) (40 6 84 51) (30 5) 62 88 38 48 (24 90 35) (64 44 10) (46 70 25 41 82) (15 71) (43 26 55 9 85 22) (74 72) (60 8 3) 80
59: (84 86) 64 (60 47) 24
60: (30 71 22) (90 87 41) (59 48) 69 (9 24) 14 62 (15 18) 77 (68 49 47 19 80 64 39) (38 61 63) (88 5 37 40 2 16) (72 46) (79 20) (51 57 81) 70 (31 32) (33 13) (42 66 4 23) (67 78) 82 86 (76 29) (56 10) 52 (53 25)
61: 71 65 36 (55 46 39 8 30 44 59 79) (32 77) (33 58 29 69) 45 (73 78 76) 74 (21 83 20) (81 12 35) 49 (6 90) 43 (3 70) (47 19 67) 87 60 (31 4 38) (17 11 18) (42 75) 62 (86 50) (56 51 14 16 1 61 13 88) (22 34) (57 37 24 82 9 40 27) (28 89)
62: (16 4) (25 54 63) (90 68) (31 19 8 42 80 28) 53 67 (20 66 5) 44 (62 2) 37 3 (50 86) (89 81 45 52 77) 58 84 (56 39) (40 79)
63: 34 (12 64 77 45 36) (26 20 70) 86 (37 47) 61 (80 42 52 67) 39 (18 63) (57 49 40) 31 (22 54) (33 48) (35 15 78) (11 87 6) (75 24) 60 17 (27 13 2 69) 32 7 (44 46 1 23) 66 43 (9 74 4) 56 88 (10 38 5) (72 65)
64: (21 40 23 66) (31 47 86 11 90) (32 75) (36 15 6 4 16 51 82 19 14 60 73 77) (88 22 39 62)
65: 6 58 (4 61 63 2 87 67 1 13) (88 42 10) 32 (29 84 5) (30 24 85) 46 (44 19 57 66 76) 34 82 (89 50) 12 (33 38) 83 59 17 (11 43 16 49) (81 48) 72 39 69 (78 80 25 47 62 23 51) (86 9) 31 65
66: (80 19 29) 85 (1 87) (77 59) 39 (2 49) (8 7) (65 11) (68 50) (21 48 69)
67: (28 24 88 16 34 68 48 31) 70 5 79 (36 25)
68: (43 32 61) (33 5) (14 1 45 84) (2 59 49 75 53 13) (47 89) 54 25 10 74 29 27 21 56 85 41 (22 35 90) (77 68) 78 (20 15) 63
69: 12 32 (76 21 17 69) (7 33 68 82 89 45) 18 (41 8 47 49 75) 22 (24 5 58)
70: 62 (70 10) (29 88 65 66) (47 45) (18 77 90) (28 72) (3 4 58 30 38) 76 48 (7 50) 25 (78 5) 53
71: 87 (48 18) (27 38 26) 54 40 12 85 75 (17 6 61) 89 62 53 (81 15) 42 78 (50 72 46) (70 63) (90 47 41) 65 (68 73) (24 2) (33 32) (21 1 52 29 71) (34 5) 84 (35 66 11 14 56) (60 20 59 39 80 4) (7 13 22 25 30 86 44) (57 82 67) (64 69) 51 45 77 (88 28) (83 16)
72: (43 83 6 49) (50 18 69) (67 20 87 22) (9 12 30 2)
73: (57 62) 37 (40 80) (65 19) (47 5 78 21) (28 16) 12 (3 58) 14 22 75 35 74 (46 66 84) 34 (59 63) (6 56 61 76 49 86 4) (13 2) (73 55) (24 48) (38 17) 11 20 (69 71) (77 72) (27 7) 30 (1 9 41) (44 33) 23 42 89 (53 39) 60 50 (88 81 68)
74: (16 65 84) 12 (6 54 67 88) 85 (56 39) (33 3) (21 2 51 19 44 18) (26 40) (5 52) 4 43 (29 15 50) (35 46 74 36 22 69) 82 11 (20 17 59) (30 70)
75: (9 15 13) (68 62) (74 67 64 49) (36 38) 33 57 (70 82 20 80) (1 37)
76: (4 3) 47 (52 11) (81 29 34) (30 67 70)
77: 37 (42 59 53 78 80) 39 20 (10 73)
78: (27 53 90 9 39) (65 23 69 45 28 67) 31 43 (40 64 33) 48 (15 24 46 51 52)
79: (3 85 7) 18 80
80: (54 64 15 12) (17 30 50 55) 49 (89 78 5 76 46 21) (4 36) 53 (47 84) (11 19 40) (37 26) (48 62 67) (66 86 41) 18 (16 39) (77 83 33 22) 14
81: 87 (59 13 16 22 38 8) (79 76) (6 73 57) (86 40 35 67) 46 (4 41 88) (85 9 71) (30 33 14) 83 66 (21 1 80 55 45) 72 (5 36 51) 81 (47 12 68) (69 82 56 75 15 61 63 27) 31 (90 26 24 62 60) (44 28 89)
82: (17 30 59) 35 67 (69 26 52 54 24 4) (75 78 62 6) (58 41) 18 (31 37) (63 51 13 48 88) 29 23 27 (56 90 8) (83 64) 5 (82 19 60) (74 43)
83: 83 57 (20 76 11 22) (42 9) (31 79) 54 (4 73) 67 (53 40 68 29 5) 77 (50 69 3 25 23) 14 45 (18 2 24 10 84 32 36 7 62 12 80 30 47 1 27 86) 43 (35 70 51) (90 89) (82 88) 59 6 (39 66 56) (17 58 37) (38 28 16 72 78) 64
84: (30 88 64) (86 31) 47 46 (20 49) (83 27 26 60 51) (45 5 36 71 17 39 70 73) 10 22 48 (2 62 74) (37 78 53) 57 90 28 (59 11 9 61) (80 24 72) 40 7 (43 66 63 56) (13 81) (19 54 33) (76 44 21 35 87 16 38 65) 67 (41 52 8) 55 (89 42) (79 23) 29 (1 82 50 12 69 6) (34 58) 3
85: 28 78 (48 62 66) (6 38 79 56) (29 4 46 25 50)
86: (24 85 75 11) (39 52 15 44) 46 17 51 47 33 (14 78 82 76 16 25 18) 87 35 (62 32 28 10 40 1 43) (22 29) 45 9 (21 64) (67 74 57 77 71) (72 70) (34 13 60) 42 (59 2) 7 (80 86 81 5 65)
87: 60 (80 49 64) 5 17 (45 29) 66 87 83 82 53 (31 55 39 88) (4 35 72 23 54 73) (30 38 16)
88: (90 86 59 38) 33 65 (44 60 82) 14
89: 66 (28 23) 1 20
90: (3 86 46 1 2 76 73 5 54) (35 69) 32 (49 80 14 10) 83 (37 87 71) 25 82 (21 4) (79 33) 55 (40 9 51) 45 (36 81 8) 90 85 (74 20) 15 68 (75 42) (47 11) (6 41) (38 56 52 43) 7 (12 30 28 39) (84 23) (17 48) 70 88 (77 53) 16 72 (27 78 60) 31 63 19 (57 65 29 89) (67 44) 58 (50 26)
1: (37 71) (46 28 4) 8 43 (32 86) 83 (34 24 21 89 58 65 18 66) 15 (41 6 84) (63 61) 5 55 38 31 (90 68 35 75 33) 47 (11 52) (73 81)
2: (90 86) 42 32 (8 33 58) (10 11) 36 (68 18) 47 (6 71 62) (28 65) 4 (38 9 73) 2 (15 1 45 21 35) (17 74) (72 84 60 19 66) (31 43 83) 50 (29 30 63 52)
3: (57 73 42 55) 84 (21 33) (41 4 58) 43 83 (13 62) (61 45) 31 (74 90 47) (76 38) (18 35) 36 70 (50 29) 79 (15 20) 34 48 9
4: (30 18) (51 80 85) (83 1 29 58 38) (43 6) 4 (74 63) (14 45 82) (90 61 73) (76 62) 19 8 64 (42 60) (28 21) (71 11 33) (31 47) (56 81) (87 20 65) (70 9)
5: (45 54 84 30) (63 62 20) (86 33 87) (38 58) (47 81) 74 (13 51) (26 16) (15 68) 65 8 (67 69 40) (21 31 57 29) (71 60 19 82 4) (43 70 42 90 73) 80 6 (18 48 83) (41 56)
6: (43 41) (12 47) (64 20 8) 71 (29 38) 65 (2 3 9 72) (6 28 46 58 42) (81 61 44) (34 82) 35 (17 33 55) (4 31 18 84) 21 (90 74) 63 (48 30) (83 36) (73 85)
7: 63 (73 35 83 79 52) (34 43) (51 41 58) (90 44 18 13 55 38) (33 19) (86 84 28) 69 (70 42 21 17 45 66 31) (20 71) 5 6
8: 46 28 (17 56 43 2) 82 58 (32 18) 35 8 90 84 9 (38 81) 66 48 31 57 (22 33) 69 24 (62 13 52 61 47) 30 29 21
9: (31 26 84 42 17) 35 (6 61 65) (83 15) 38 47 (90 11 72 4 73) (27 24 86 9) 18 (32 81) 23 (8 75 78 58) 41 (13 60 63 21 12) 33
10: 47 (15 31 32) 68 45 4 6 (8 63 77 50) (38 3 48 60 33 35 84) (9 41) (86 21 26) (43 83 70 2 18) 34 (40 28 58) (42 30 90 65) (13 17 24)
11: (74 4 61 56 65) (76 17 31 84 8 50) (32 18) (35 30 90) (16 66) (43 73) (38 64) (48 21 47 71 80) 22 2 (19 83) 28 (6 63) 86 20
12: (84 3) 31 (61 17) 28 (20 6 12) 74 71 (18 30 73 63 55) (83 22 47 69 33 21 9) (14 43) 36 52 72 (4 90) 81 32 (65 8) (80 58)
13: (61 43 52 6 82 11 68) 2 (56 45) (34 60 47) 17 (16 35) 46 81 (18 75 71 15) 36 84 (38 48 21 33 8) (29 63 25 41) (73 50 4 20 86 65)
14: 45 (55 21 41 8 48) 61 (2 47 15 17 83 31 35) (54 73 4 18 52 80 88) 81 (60 13) 33 (28 9 29) (71 68) 90 (64 43 86 58) 30
15: 44 (24 75 30 71 27 13 60 5) (64 68 38) (37 81 41 48 80) (45 43 34 47) 46 (18 74) (4 78 9) (86 52) (19 90 50) 63 (6 21) 36 (8 29 58)
16: 33 (24 19 90) (30 83 9) (43 36 61 86 41 18) (67 74 14 80) (45 58 29) 47 (44 35 65 51 60) (87 37) (64 21 4 84) 81 38 62 (20 73) (8 13 71) 31 (40 6 26) 32
17: (30 4) (2 65 6 9 61 38 16 63 83) 43 (69 87) (58 5 33 73 48 28) (74 82 86) (29 90) 35 (45 46) (80 71 21 8) (14 84) 57
18: 8 (25 74) (60 71) (21 47) (38 6) (83 43 79 28 72) (42 82 33) (32 31 18 69) (61 17 24 70) (50 86 63 80)
19: (8 52) 90 (80 19) 45 13 (38 62) 18 20 (64 2) (65 30) (6 4 36 1 66) (31 32 74) (54 5) 73 (84 61 21 58) 43 (82 60) (28 10) 29 17 41
20: (71 45) (77 41) (42 74 48) (9 73) 18 (72 33) (84 61 8) (47 30 2 20) 31 (55 34) 21 (63 43 58 13 62) (60 38 83 68 5 37 89 19) (52 4) 75 (90 46)
21: 90 36 (56 86) (20 57 37 74 84 41) (34 19 21 81 25 24 11 61 30 66 68) (49 31 69) 45 (13 12) 80 8 43 73 (26 18 29) 38 (71 9) (47 64 15) 6 48
22: 28 (37 6 31 43) 15 73 36 (35 80 68 8) 42 86 72 (83 2 32) (41 61 71) (81 18) 33 (7 69 64) 17 (13 60 74) (19 40) (63 29 4) 58 (51 47) (38 84) 16 20
23: (8 11) (84 35) 55 (89 47) (17 65) 63 (60 90 52 82) (73 21 32 78 30) (18 42 31 38) (54 43) 83 (48 87 50) (6 64 4 9 33) (36 29)
24: 40 17 65 67 (31 48) (58 19) (28 69) (2 78 37 82) 51 (34 52 83 29) 8 (86 9 59) (35 61 63) (47 5) 56 43 55 (18 45) (60 21) (38 81) (84 73 71 30 4)
25: 41 (83 54 43 13 9 4) 70 6 31 (2 71) (48 18 30 38 60 1 21 67 90 33 62) (19 42 47) (11 85) 53 (8 68) 26 40 (65 35) (58 29 23) (86 50) 51
26: 40 36 (41 18) 21 74 51 24 (8 31 14) 12 6 (71 35) (13 30) 29 (43 4 20 52 90 80 9 58 55 63) (47 84) (48 82 38) (50 81 34) 33
27: 5 2 (63 78 58) 71 (4 83) (6 45 35 28 24 81 48) 61 (38 84) (33 68) 14 (29 32 41) (36 8 18 17) (82 19) (26 47) 43 (90 31) (21 50 73 20)
28: (12 5) 39 (41 28 78 50 85 36) 29 (67 42) 45 83 58 (73 21 61 31 19 13 8) 10 (90 89) (38 6) (34 70) (71 55) 86 2 (11 57 51 84 32) 18 62 (24 4 35 43 81)
29: 4 (25 82) (47 48) (13 21 30 52) 5 31 (58 70 32 66) 6 9 (90 11) (65 28) (50 36 86) (33 19) 60 56 35 (18 74 68 85 43) 76 (87 61) (24 2) (38 83 71 34 84)
30: (5 33) (43 76) (20 90 30 4 18) 2 (82 74 42) 60 31 70 83 50 80 19 (21 61) (72 48) (11 47) (87 23 84) 8 28 58 9 (71 81 65 38 73)
31: (58 8) (60 6) 67 17 (43 13 81 63 78 33 64) 62 (18 4 65 32 90 21 87 52) 28 55 (51 36) (30 47 24) 83 61 29 19 (84 82) 45 11
32: 20 68 2 (86 50) 64 (65 54 24 36 90 41 21 69 47) (52 4 30 63 83) 32 (38 45 71 8) 33 (18 60) (17 51 28 22 42 31 9 58) 46 61 55 (43 19)
33: 51 (47 6) (4 71 36) 12 (40 45) (58 60 33) (61 18) 80 (30 84 21) 75 31 (63 88 78 65) 29 (81 28 54 90 43) 69 (13 68) (32 52 73 74 41 86 15 24 55) 9
34: (43 30 41 76) (37 17) (24 2 71 73) 67 (29 38) (65 33) 14 7 (84 47) 86 (8 13 6 58 9) (61 5 21) (32 4 18 52 63)
35: (5 81 55 27) 20 (86 24) 19 74 36 30 16 (87 63) (45 73 83) 21 34 58 (18 17) 4 (61 84 52 13 68 51 71 82) (43 6 14 47 8) (90 33 54) (31 32 9)
36: 45 75 (21 80) (81 61 74 36 47) (39 83 29 7) (64 43 35) 50 4 (84 58 1) 67 (11 48) (19 33 6 57) 18 90 (63 8)
37: 33 55 (80 62 82) 45 63 83 58 17 (31 60 43 21) (29 5 18 6) (84 77 57 16 75 3 61 56 4) (14 12 90) 8 (47 73)
38: 8 26 18 81 (61 36) 47 (75 6) (4 28) 70 29 60 (83 87 65) (21 2 85) 52 (88 13 17) (90 58 63) 33 43 (57 24) 84 (38 1) (41 31 20 73 71)
39: (54 7) (46 42 61 28 21 35 58) (63 66 74) (73 41 84) 43 6 (83 27 64) (47 50) (77 80 65) 32 2 87 (36 60 38 86) 45 (78 29 90 71 4) (18 62 17)
40: 81 38 (50 4 2 21) (52 47 8) 15 (54 73) 34 (71 64 83) (31 86 78 58 43) (30 63 18) 13 (74 20 19 16 55) (28 80 41) (6 45 60 33) 84 36 (61 62 90) 39 32
41: (34 68 29) (23 26 84) (14 50 46 71 8 73 30) (81 6) 80 (19 11 69) (60 24) 82 (55 28 51 16 20 47 43 54 21) 90 (5 18 58 32 45 31)
42: 28 20 (9 65) (31 50 8) (43 60 32 22) 34 (77 35 4) (83 63) 42 (19 90 11) (27 51) (5 73 86 71 47 84) (58 38 41 6) (2 61 62)
43: (57 33) (83 2 39 54) (35 82 58 52 32) (74 90 24 31 61 68) (29 19 26 30 38 86 4 72) (43 18) 50 (8 84 65 63 17 51) (9 21 45 78)
44: (33 62 47 16 43) (63 36) (39 2 21 74 26 4) (6 58 73) (38 71) (24 18 88) 84 (14 81 10 30) (5 35 11) 51 (86 61) (19 90 31) 65 50
45: (41 50) 70 (45 33) (38 4 69) (20 81) (31 28) 29 30 (26 48) 18 (78 58) 52 83 90 47 9 (62 86) (84 61 87) 32 68 (63 71) 13 (8 17 43) 21
46: (29 47) (9 60 81) (41 38 35) (13 53 48) (24 71 40) (21 51) (31 43 84 73) (8 37) (30 4) 80 (61 6 78 52 50 65) (36 63 90) (74 2) (33 28 18 86 85 58 19)
47: (33 21) 28 80 63 4 (68 50) (61 81 45 86 83) 65 (90 64 31 35) (18 73) 43 71 1 6 (60 84 34 58 70) 20 (69 59 8) 2 76 48 (10 15)
48: 82 31 (60 84) (90 85 28 6 43 21) (58 5) (73 65 78) (20 33) (52 27) (34 13 55 9 4) 40 67 (11 70 50 66) 71 (35 57 63 29 80) (18 8 32 47) (24 45) 17 1
49: (4 69 63 84) (72 90) (47 15 10 43 8 23 31 21 2 6 48 17 61 65 33) (20 80 73) 9 (39 66 68 50) (37 87 60 5) 18 (75 58 16 29 28)
50: (58 56) (18 84 5) 38 (85 62 4 17 65 66 70 90 6 72) 20 73 (71 35) 74 80 (24 31 36 33 43 83 8 61 30 42)
51: 8 (60 18) (36 58) (64 6) (13 19 47 48 51 78 65 23) (7 74 86 21 83 55) (84 71) 29 33 45 (50 20) (9 4 82 43) 16 (61 90) 17 (31 2) (81 52 34) (32 41)
52: (6 90 86 55 71 18 4 51) (74 36 60 30) 27 21 (31 76 2) (26 63 38 43) (50 84 42 47) (78 5 58) 82 (28 14 62 19 8 9 13)
53: (9 35 70) (1 58 6 31 2) (62 80 84) (47 36) (55 60 8 90 48) (5 38) (26 45 20) (13 71 68 28 43 21) 52 (17 87) (83 73) (77 78 18) 4
54: (19 71) 83 (21 2) 50 (82 11) 32 47 38 (87 68 1 55) 58 (6 29 57 18) 80 74 63 (43 35 39 12 4 13 62 90) (31 48) 8 (40 41) 84
55: (14 8) (38 32) 90 (2 81 87 58) 80 52 (6 31) 84 (25 4) (20 45) (41 47) (13 17 40) 43 (61 21) (24 73) (3 37 18 39 56 33)
56: (8 74 50) (82 19) (5 60 52 14 34) 28 (58 81 16 71) 33 (27 4) 84 (20 38 29 18 12) 57 (9 83 68) 73 (61 30) 63 62 (21 55) (47 90 43 31 15) 85
57: 16 (31 75) (60 4) (47 52) 63 (29 65) 83 61 (45 86) (34 38) (41 55) (7 24) (73 10) 90 (32 28) 71 (33 8) (56 20 18 84 36 43 6 19) 26 (9 81 21 5)
58: (42 43) 35 90 (82 84 34) (17 69) (37 23) (70 73 65 57) 61 29 (31 50) (21 33) 83 39 (45 18 4 48 62 6 58 32 47 20) 2 (11 24)
59: (74 34 36 77 29) (83 73 33 60 58) 71 (18 19 8 31) (24 6 21) (38 82 20 12 23) 43 65 30 (4 84 66) 88 (1 47) (22 45 9) (55 81 86 68) 32 (61 52)
60: 63 (6 90) (21 50 86) 59 58 4 (24 73 31 14) (61 9) 30 (29 43) (84 19) 2 (5 82 54 71 18) (64 8 81 88 13 87) 48 36 20 (28 47 35)
61: 47 38 (31 19 2) 52 (43 55 36) (34 4 61 20 33 60) (81 73 84) (26 42) (30 45) 71 (21 32 39) (57 63) (65 29) (18 68 14) 28 (58 48)
62: (61 6) 36 17 70 (56 21) 65 (38 55 13) (18 86 62 47 60 85 58 20 32) 43 (24 75) (64 81 80) 52 (31 84 27 73 82 83) (26 4 71 9)
63: 50 (32 56) 18 (31 43) (81 68 55) (21 52 45 14) (47 28 42 6 51 40) (4 48 19 82 30 24 84 71 65) (63 60 62 58 73) (29 26) 33 (90 36)
64: (45 2 24 59) 21 36 (57 60 19) 6 (31 58) (39 41 84 4) (13 43 86 18 80 78 10 63) 82 (30 52 75 29) 23 50 (8 47 20 9 87) 34 28 5 (56 71 33) 83
65: (4 8 57 84) (50 42 31 33) (17 20 66 73 38 70) 5 (45 6 74 21 61 78 90 30 43) 88 71 (13 63) (32 29 18 65) (47 86)
66: 70 38 (85 1) 31 (58 14 30) (8 43) (21 34 71 64 63 80 81 29 40) (56 65 6 33 73 27 62 84) (60 4 35 83) 20 48 (57 2 42) (45 47 51 16 87 89) (24 9 18)
67: 71 (86 29) (78 55) (31 51 18 52 61 90) 23 63 (40 16) 6 (4 28 8 21 84) 24 38 (83 1 58 62) (45 12) (19 43) (74 60) 65 (34 82 33 72 20 9 80 47 10 76 75) (35 81)
68: 24 (67 33 17) 31 9 21 (2 4) (75 81) (68 60 36 66 28 39 30 62) 90 73 (43 1) 38 (8 29 13) (69 71 6) (45 83) 18 11 (48 58 47)
69: 13 57 9 43 71 (84 19 30) (82 50) (41 31 81 26 60 18) 58 (42 63 51) (33 17 20 73 69) (78 66 45 11) (65 12 21) (38 32 4) 48 (47 83 90) 74 (72 61)
70: (75 28) (71 39 19 34) 32 38 (42 15) 76 (10 54 58) (63 84 61 86) (5 9 35 67 18 14 21) 31 51 (47 90 2 60) 83 (36 70 37) 4 (43 56 8 46 74)
71: (36 1 71 81) 21 18 (48 47 4) 60 (38 45) (9 28 61) 33 16 (29 30) 8 (90 58 42 22 6) (73 17 19) 31 (2 84) (86 24) 43
72: (4 83) 47 (52 86 2 58 38) (31 81) (43 87 32 48 71 17 21 35 8 33 84 70 18) (63 60 30) 73 (14 28) (51 56 20) 90 65
73: (30 34) (55 18) (73 6 64) 9 (42 27 35 31 38) (54 19 8 90) (87 20 47 16 24 37) (83 29 81) 71 58 (77 43) (61 4) 84 (28 1) 21
74: 16 73 37 28 (84 6 10) (54 61 17 8 55) (42 18) (31 38) 30 (86 22) (82 5 36) (63 90 21 45 33) (47 58) 4 (3 74 11 50 68 75) (2 19 43 40)
75: 64 (61 69 68 11 54 8) 81 30 (90 41) (17 3 50 21 82 43 71 34 6 47 31 48 36 4 35) 52 (19 28) 24 (38 86 73 33 15) (12 63)
76: (61 4 70 73 6) 69 29 (43 81 47) (80 38 45 60) 65 83 18 (17 23) (35 14 53 37) (33 21 31 51) 8 84 (24 32 58) 57 (90 86)
77: 40 (31 66 18) 60 45 (62 38 47 61) (30 9) (4 32) (43 80 63 83) (70 71 68) 19 (64 86 73) (8 90 48 29) (55 54 36 58) (21 26 5)
78: (13 43) 90 (28 42) 80 31 (68 30 84) 83 (47 23 21 77) (63 86 65 60) 48 (12 29 20 61) 73 (70 85 52) 4 18 (17 71 8) (7 2 58 82 10 38)
79: (85 14) 47 (8 39 60) 2 42 21 53 (90 62 67 4) (16 6) (81 20 38) (18 30 58) (52 36) 29 (84 37) 83 (50 31 45) (26 61) 43
80: (16 9 17 15 90) 33 (81 38 39) (43 29 24) (65 47 4 63) (32 73 31) (86 83 6) (84 19 20 28 60 41 34 45 79 18 71 87 36 55) (75 30 37) (2 66) (62 10 77) (12 58)
81: (76 4) (5 38 81 73 30 58) 65 (60 45 29 43 31 84 32 61) (19 71 36 6 47) (18 62 86 52 20) (24 23 90)
82: 65 (18 82) (38 71 9) (74 35 75) 54 (87 61 60) (31 5 46) 81 (43 19) (47 33 58) (13 69 6) (11 8) (88 83) 86 (90 4) 64 21 (45 84)
83: (58 83) (52 65 80 82 32 11 71) (47 61) (43 21) (14 84) (41 48) 90 81 (33 36 24 28 40 87) 50 (6 31) (38 4 30 45) 12 (51 17) (72 18 37 42) 29
84: (18 16 59 51 62 90 8) 55 (36 39 74) (13 24 26 56) (38 28 65 35 71 33 6) 44 31 (20 21 19 32 73 80 15 43 58 30) 17 68 (47 48 4) (83 45) 50
85: (39 79 2 17) (57 86) 13 (21 58) (68 90 52 14 71 30) 33 (32 35 24 4 31) (43 81 36 47 65) (6 7 5 8 29 66 74) (26 55)
86: (26 36 18 31 41) (58 21 65) (62 43) (60 35 33 2 9 45 8 64 61 90 83 81 47 6 51) 59 (28 50) (38 86 84) 73 (52 80) 29 (71 24 88) 20 63
87: (72 33 28) 84 (71 18) (90 9 4 66 15 35 31 30) 32 (81 19 38 43 21) 27 87 (86 36) 65 (48 2 61 8) 60 (24 63) 17 (1 47) 29
88: (7 26 58 20 17 8 63) (15 84) (55 34 90 31) (47 18 28 21 54 81) (37 60) 33 (67 24 4) 43 (61 83 39) (65 73) 70 (74 87) 53 (9 6) (64 29 32 82 71)
89: 65 10 (30 12 6) 36 (19 47) (8 51) (9 14 33 61) (43 38) (90 45) 42 (73 2 68) 28 31 (4 48) 21 (83 18) (50 69 80 71 7) 46 35 81 (62 29) (84 55)
90: 90 5 71 (81 21 30 34) (29 19) (26 64 31) (35 82 18 43) 9 51 (17 15) (78 61 8 1 47) 11 (68 58 38 4) (32 24) (83 84) 14 (70 62) (46 56 33 60 88) 45
