90 90
1: 82 (46 24) (16 12 2 34) 21 (77 53 63) (14 60) (5 52) (47 76) (30 44) 67
2: 73 19 (39 55 16 28 25 29 79 65 12 10 36) 45 30 (20 7) (75 35)
3: (2 41 19 44) (56 55 30 53) (68 3) (69 88 48 36 35 39 82 61 58 14 42) (17 75) 4 (72 85 60 64 23) 1 81 (21 49 10 26) (5 34) (15 79) (67 54 63)
4: (75 64) 88 (1 31 69 19 74) (72 71 81 40) 87 (4 83) (36 14 62) 8 (44 13) 66 (48 41 42 50 55 47 46 54 21 34 18) (58 86) (80 57 2 60 56 77 10) 84 68 73 (28 15) (35 7) (27 39) 6 9 3 (24 26) (53 51 17 90 32) 67 (82 61) (23 37) 16 (65 49 30 78 12) (38 52 76) 5 79 (59 89) 20 (70 85) (63 29 11 43) 45 25
5: 28 14 23 32 (55 29 50 81 76 89) 26 (35 86 65 66) (48 39) 60 8 52 64 (15 22 25) 16 (78 73) (33 46 10 30) (43 2 3 82 58 37) 56 (88 87 12 61 80 79 57) (5 75 41) (24 31) (72 45) 6 69 4 (1 27) (47 54) (59 42) (71 9) 74 62 (34 51) 77 (67 40) (13 19 11 44 17) 36 (70 63) (85 38) 7 90
6: (76 11 1) (82 60 57) 58 (27 52 56) 70 43 (79 85 41 87) (6 22 65) 75 24 21 63 (40 39 34 74 77 59) (20 25 8) 5 (69 71 47 67 49 35) 66 30 62 51 78 (89 83 7 46) 4 (17 37) 10 45 (28 55) 12 (68 23) 14 (38 9 18) (84 88 72 61) 80 36 (2 86 64 53 32 48) 42 (31 29 73) (26 33)
7: (82 58) 43 6 (81 29 19 33 47)
8: 49 36 (64 8) 46 (78 76 61 15 31) 34 (54 82 56) (19 51 75 53) 81 (48 27 50 44) (37 43 86 30 26) 21 40 13 74 (62 89 59 84) 45 (38 41) 70 (72 69) 17 (60 2) (11 25) (80 68 67) 20 73 (10 5 23 12 6 66 77) 33 24 (16 14 65) 79 47 (9 52 39 18 1) (22 58) 7 (42 3 4) 35 88 (63 55 83) 29 (28 32) (71 57 87 90)
9: (4 36 57 27 9) 61 (44 88) (47 38) (81 12) 42 (18 24 5 23 39) 65 82 (14 10 26 49 63 17) (25 52) 90 (21 6 79)
10: 29
11: (73 77 72 17 15 38 63 2 81) (23 26) 28 27 (31 22 25) (44 76 49 55) (60 30 57 24) (42 45) 69 (79 21 85) 4 (54 37 68 43) 90 48 (83 11) (84 78 19 35) 39 18 (10 41 89 14)
12: (45 55) (10 2 37) (6 44) (8 25 86) (38 41) 23 83 (85 63 50 18)
13: 61 (41 77) 4 (84 76 81) 35 85 (46 79 34) 54 (3 16)
14: (16 28 50) (78 29 75 48 12 3 21 40 74 10) 49 (13 89) 6 (25 77 17) (88 67 45) 47 (23 44) (30 34 58)
15: (28 32) 1 (19 44) (46 27 24) (37 78 58 36 70 17) (30 7) (76 56 22) 61 75 (57 18 83 55) (6 15) 33 (43 34 80 25)
16: (70 9 80) (72 48 20 66) 90 (42 15 65) (4 38 18) (81 24 39 76 8 57 27 53 86 64) (41 83) (46 37 47) (69 60 25) 43 (52 23 40 36 87 1) 17
17: (39 80 41 36) (34 38 89) (69 33)
18: (65 8 35) 11 (36 68) (27 60) (64 18) (53 42 6)
19: (70 65) (38 31 53) (34 21 20 19) 33 39 (28 16) 64 37 (60 68 75) (4 29 15 66 13 61 36 77 82) 2 90 45 (62 69) (11 35) 41 (79 88) 14 67 46 (55 22) (26 27) (9 78) (40 42) (5 51)
20: (66 62 77 49 17) 6 (88 58 47) (12 42) 15 (51 7 79 41)
21: 23 77 (22 27 72 63 56) (75 73 81) 39 (43 79 70) (34 60 37 26) 62 (45 54 12 53 10 89 11) (20 46) (18 35 14 28 71) (9 21) 29 (66 85) 42 (51 64) (17 2 78) (67 15 25 76 61 48 36) (33 84) (13 50 55) 40 74 19 (32 6 4) 57 41 (86 90 47 80) (8 68 30) (24 58) (16 38 59 7 49) 44 87 52 (31 69 83 88 5 82)
22: 51 44 (7 57 11 39 24) (64 12) (88 61 2 1 46 69) 62 87 16 (41 90 59) 63 (5 31) 81 54 (18 30 47) (74 79) (14 66 23 34 68 49 4) 77 43 (6 17) (53 10) 60 70 73 (50 20 37 3 71 58 80) 82 (76 38) (28 84 89 45) (15 19 13 36 67) 85 27 52 48 78 (26 40 65 22 42 25) (29 86) 75 (33 9 72 83) (32 21 35)
23: (61 11) 40 (85 73) (6 34 7) (67 78 74) (62 46 42)
24: (88 9 50 69 76 40) (52 90 24 85 74 63) (59 71 29 87) (89 58 44 20 55) 46 (70 19) 5 78 (14 80 72) 62 83 (41 57) (66 26 31)
25: (36 4) (6 73) (8 3) 71 (34 50) 61 (26 51 77 87 66 47 90 80 13) (29 42) (64 35) (2 38) (43 53 39) (65 23 28 58 20 89) 76 (44 21 41 15) (16 1) (24 18 55 82) 48 (86 57 25) (78 56 40) 37 (9 32) (79 54 49)
26: (81 48 40 80 49) (55 71 78 41 73) (11 20) 4 63 (82 15) 28 (44 58 86) 83 (17 14) (38 70 66 29 90) (33 35 46) (72 16 18 64) 77 (8 67) 1 5 (25 76 57 21) (12 89) (68 74) 2 (75 30 22) 39 (84 42) (56 26) (13 36) (19 23 79 88) (24 50 60 65 87 31 47) 59 (32 52 69) 34 (10 3 85) (43 51 53) (45 7)
27: 9 (62 42) 71 (73 55 27 58 28) 85 (43 36) 1 30 65 (34 7) 4 (88 20) 84 (76 23) 24 39 (32 61) (68 19) (3 8)
28: (51 48 10 46 76 30 26) (12 29) (18 1 43 49 15) 67 (19 45 24 85 70 68) (87 17 27) 38 (78 33 80) 65 (28 3 56 72) 79 (39 22 20 36 53 82 47 21 4) 58 2 (5 66) (77 61) (23 81 34 31) 63 (57 74 73) (11 44 25 52) 6 (60 75 40) (16 32) 90 (8 84) (7 55 86 50) 42 (83 62 37)
29: 16 (62 9 86 77 33) (10 71) 73 (46 31 22 67) 20 (89 63 8 47 54 64 21 17 81 48 65 51) (80 79 53 50) (75 90) (12 39 32 11 45) 26 (14 57 13 58 66 36 34 38 4 29 88 82 69) 6 15 85 5 42 (18 40 41 87) (24 56) 76 (72 52) 28
30: 63 (8 40) (21 9) 62 83 (51 36 80 42 87) 20 (75 3) (25 58 78) (24 23 82) 56 (29 26 32 50 57 7 4) (65 77 76 79 68 45 52 81) (70 61 18 15 85) 2 (16 37 12) (19 6 22 11 27 14)
31: 33 (26 64) (40 15 19 4 47) 72 (65 13) 78 70 (44 49 27 11) (90 25 30 68 81) (22 35 87 69 62 32) 24 (8 41) (51 45) 10 77 (23 63 54 14) (2 56) (20 31 76) 48 (28 37) 39 80 (89 86) (36 52) (3 16 5) (83 29) (67 43 84 73 58) 17 55 38 (75 7) 88 60
32: 65 31 13 73 (69 68 72 42 3 88 32) (80 74 24 56 71 55) 81 15 (47 12 45) (57 40) (58 19) 86 (35 18) 50 (59 52 54) 61 9 (41 48) 76 (26 7) 63 (89 1) (66 85 22) (60 27) 14
33: (26 2 85 48) (1 89) (33 23 86) (70 8 80 47) 38 (28 11 46) 9 (21 15) 59 (22 83) (88 45 53 10 36 81 20) (12 64 14 73 7) 6 (87 63 29 16 74 77 18 39) (3 17) 5 (90 52 13) 27 34
34: 15 (70 2) (72 53 76) (24 81) (36 6 87 51) (48 39) (58 19 40 71) (21 79 56) 52 74 (45 54 62) 34 38 (47 55 18) 29 (83 30 67 82 10 26 80 73) (63 57) (20 4 13 42) (89 5 32 75 59)
35: (33 13 43 4 25 32 85 87 36) 45 (1 40 74 20 26 73) (19 3) (9 15 58 27) 18 88
36: (3 79 63) (11 85 40) (28 5) 89 (54 19 20 39 42) (77 71 38) (46 75 76 33 70 61) 57 37 (21 36 55) (78 25) (49 10) (23 83 56 67 65 30 86 22) (73 24 13 41 12) (84 35) 87 (26 15) (4 82 51 72)
37: (9 81 74 70 51) (79 19 15) (32 27 43 83 26) (11 34 48) (21 76 33 4 22) 65 (31 12 66 20 55) (53 5 52 89 7) (36 49) (39 13) 71 (78 58 77) 23 57 24 2 (45 18)
38: (12 54) (52 74) (86 28 64) (34 20 3 17 25) 77 15 48 78 (79 90 43) (59 10 1 80 5) 36
39: 61 63 40
40: (43 89) (11 58) (72 59 24 9) (46 12 77 69 6) 13 (14 52) 39 (44 57 73 28) (86 70 1) (75 23 5 63) (87 85 61 16) 49 (2 79 81 88 29) (68 54) (47 82 74) (53 65) (30 38 4) (32 26) 20 50 (19 3)
41: (81 47) (58 27) (76 90) (85 37) (53 26 19) 63 54 (84 17 1) 36 (57 52) (78 51 86 50 39 48 64 16 11 21) (66 75 7 72 14) 25
42: (81 69) (35 43) (12 79) 50 (64 3 21) (59 32 22) (14 76) (65 72 67 56 73) (15 55 9) (40 49 60) (2 71 10) (88 37) (6 89) (24 42)
43: 81 (17 15 46 27 3 18) (90 80) 1 (72 33) (12 85) (60 73 83 66 61) (11 42 8) (59 58 22 68) (54 31 71) (78 63 84) (44 37) (13 34) 89
44: (10 4 76) (7 8) (58 62 84 81 77 50 22 51 54) 88 80 (85 9 69 78 23) (2 16) 67 (63 28) (55 36 43 37) 47 (25 42 65 38 21 79 44 71 6 48) (27 33) (53 1) (34 31) (49 75) (57 70 14 12 15 61 45) (29 89 40 41 13)
45: (12 90 6) (62 60) 5 (49 4) (39 43 51 17 38 36 46) 30 86 18 27 (64 70 63) 85 (66 13 89 80 31 88 73) 32 26 58 53 (71 1 21 82) 68 (78 84 2) (75 16 24 52 61 20 9 25 11 72) (41 55) (15 47 69 22 3 29 59 35) 10 37
46: (60 32) (64 40 24 41 31 23 53) (80 68) (83 74) (79 77 59 58) (2 42 19 28) (48 70) (61 62 86 22) (87 17) (63 71 20 25 12 54) (50 78) (55 49) (52 15) 47 (82 5 44 8) (13 30) 65 (69 67) 51 (37 33) (10 18) (81 16 46 89 1 56) (85 6 66) (26 43) (75 36 27 45)
47: (65 18 37 72) (79 87 69 36) (64 48 13 88 42 16 3 61) (6 25 1 78 70) (44 2) 7 (47 31 74 30 83 15) 51 17 (33 60) (89 39) (12 75 57 14) 66 (90 32 85 63 52 67) (20 23 86 68) 84 (71 53) 21 (27 54 5 55) 76 19
48: (30 48 87 67) (20 66 29 45 75) (3 18 52) (51 58 22 69) (27 89) 38 (62 57 59 14 81 53 8)
49: (34 14) 1 (51 8 57) (12 72 22) 28 (44 88) (11 55) (21 54) 53 (9 38 86 60 16) 82 (13 6 48 85) (32 87) (63 33 47) (30 58 90 4 15) 50 52 18 (41 81) (19 25 83 31 69 17) (77 56) (75 64) (27 89 7)
50: 41 84
51: 1 (71 63) (5 79 24) 56 (53 65 77 57) (15 33) 89 2 (46 40) (22 31 43 80 58 42 18) (41 54) 27 (83 49 17 51 44 90 16 34) (13 73) 9 8 59 (48 23) 84 3 38 (76 25) (19 61) (64 28 86) 12 (50 75) (85 67 47 39 66) (45 72 55 88) 6 4 (10 68 35)
52: (7 34 81 73 58 63) 26 35 50 59 53 (37 79) 47 (24 67 31 74) (44 14) (45 36) (40 83 54 20) (38 82 76 28) 23 (89 57 84 2 77 15 4 5) 30 (87 68) 64 85 9 (41 65 90 78 6 27 1) 33
53: (13 74) (1 33) (36 59) 15 (55 24 51) 29 61 75 (18 38 6 5) 16 72 (43 50 40 20 84) (54 85 21 17) 12 (83 32 2) 69 25 53 (9 28) (14 42 77)
54: 62 (50 84 36 74 53) 42 (67 5) 60 (1 34 11) (24 63 38 21 69) 65 14 8 (33 61 73 45) (51 40 4) 57 83 (90 54 79) (22 16) 48 31 35 (37 81) (29 15 27 28) 20 (58 3 23 76) (7 75)
55: (15 90) 17 (9 16 50) (81 24 25 44) (7 52 48) (30 55 36) (4 83) (32 69) 18 (66 51 40) (89 67 77 46 23) (13 74) (37 60 8) (43 63) 1 (10 38) (35 75) (58 11) 88
56: 55 67 (45 7) (85 18) (43 31 37 80) (64 27) (13 52) 70 (24 39 63 88) (68 12) 30 (1 58 8) (77 26 2 76 51 22 38 71 53 54 15 86 72 11 50 56 46 83 32 74 73 40) (21 42 57 66 47 81 6) 69 (29 61 33 28 5) 59 (36 17) (34 65) (19 79) 60 (20 25) (23 84 75)
57: (37 65 28 46 86 72) 26 9 43 62 (52 59) (7 25 20)
58: (38 31 39 9) 82 3 (76 1 51 53 37 79 58) (85 66 18) (2 17) (49 61 21)
59: (90 48 23 51 76) (6 78) (73 24) (49 80) (20 8) (69 36 2) (46 3 16) 26 (21 25) 13 (5 37 59 87)
60: (74 43 37 27) 30 (73 17 36) 8 (83 29 88 31) (22 38 84 56) 67 (55 90) 28 (70 82) 4 (69 47 39 53 26 62) (12 80 9 76 13 23 54) 51 (71 21) 46
61: 16 (32 22) 26 (71 48 56) (42 34 55 19 23) 51 81 49 59 36 60 75 41
62: (49 48) 34 41 (16 73 2 4 53 52 12 1 85) (65 39 76 3) 25 (6 51) (14 31)
63: (10 51 24) (74 90) 6 27 58 (11 79) 25 (32 78) 49 (5 48) (53 56) (9 45) 65 (50 7) 75 (19 4 37 1) 88
64: (44 27) (37 10 30 21) (3 32 48 28 65) 38 (69 24) (87 45 22 62 57 90 52 19) (63 31 49) 46 (61 64 40 68 53 18 9) (74 56 42) (29 66) (59 2 11) 5 79 (50 36)
65: 35 48 70 30 33 (82 62) (23 12 19 21) (8 43) 37 (36 64) 40 83 80
66: (85 61 20 2 23) (42 24 37 52) (12 54) (58 35 17) 69 36 (8 82) (73 45) 11 (50 60 5 27 10 59) (47 83) 74 (34 26) (48 84) (4 66 38 44) (87 88 14) (63 56) 89 (40 65 79 7 39 75 67 19) 3 (90 70 81 15 29 86) (22 32 33 80 13 78 1 51)
67: (20 17 26 78 16 68) (38 71) 59 35 (83 65 7 50) 75 42 90 (85 77) (37 21) (58 60 2) 61 10 (80 69 63 40 28) 6 32 (47 19 43) 29 (11 70 34) (82 73 79 55 76 53 41 62) (27 4 52) (24 9 84 31 64 23 74 88 25 8 86 48)
68: 8 (36 4 13 80 20 34 85) (50 2 74) (83 88 23 58) (26 71 52 60) (16 35) 75 6 (14 19 90 40 62 51 65) 87 84 41 39 (53 38) 17 45 (55 9) 42 21 3 (10 64) 22 72 (69 1 77) (68 33 46 15) (28 47 82 89 79 49 86 67 57 59) 18 27 (25 63) 61 24
69: (23 60 41 32) (28 37) 73 56 (77 90 89) (1 8 22 55 52 30 69) 85 (3 54 59 71 43)
70: (29 21 88 48) 11 5 27 71 (15 10) 33 32 89 16 23 (73 56 53 2 8 12 74 72 18 68 39 82) (69 87 47 22) (46 41) (45 13) (20 9 42) (50 31 34 59 38 80) (60 43 79 57 62 30) (83 64) (65 36 6 84 35 61 40 14 66) 37 (76 78 24 7 86 19) (90 52) 28
71: 71 79 (74 18 54) 49 (76 90 22 17 37) 48 (85 24 26) 21 8 33 64 (67 19) (20 36) (35 29 15 59) (42 77) (28 53) 55 47 68 (9 50) (4 82)
72: 19 (45 9 34) (37 90) 2 44 (27 28) 57 (10 32 23 18 87 40 50 39 70)
73: (54 30 56) (87 64) (33 20 59 62 35) (12 40 41) (26 68) 34 (83 48) (16 1 31) (61 90 47)
74: 21 86 79 (25 63 51 45) (6 38 7) 75 14 71 (49 53 35 83 81 54) (1 27 41) (56 88 31) (80 73) (69 64 34)
75: (58 76 10) 29 (19 56) 55 89 84 39 67 (9 53 18 35)
76: 68 19 (56 45 38) 41 (22 52) (65 44) (15 66) (89 32 54) 26 (7 25) (58 75 76 28 37) 72 90 (27 79 51 18 29) 34 (42 59) (61 21)
77: (78 71) 66 38 4 (87 30 11 47) 8 (70 21 40 73 42 58) 46 (24 19) (84 2 33) (65 57 18 48) (79 86 22) (1 85 34) (83 61 75 7) 39 (26 35 45 10 74 17 25 15 44 16) (31 13) (69 82 32 6 3) (76 63) (72 56) 50 (12 41) 5 (88 28 43) 62 49 67 59 54 60 (51 81 80 9 90) (53 89)
78: 34 22
79: 83 (11 50) (65 40) (78 74 38 12) (60 56) 85 68 (19 31 22) (48 37) 13 (82 1 21) (88 86) (53 7 54) (44 51 87 58 25 76) (39 64) (30 17 45) 20 10 (27 61 6) (47 29 52) (9 81) 18 (3 41) (89 8) 4 (73 63 26) (33 71) (32 66) 67 14 (57 79)
80: 88 19 (53 47 10 16) (22 66 51 21 13 5 15 50) (3 8 26) 11 (4 24 48 40 14 38) (56 71) 37 12 (69 73 46 27) (6 89 34 72 70 30 9 80 52) (31 76 78) (39 32) 84 60 57 90 (59 83 42 25 20 29) (86 61) 28 (58 41 7) (67 75 2 54)
81: 4 (28 22 16 74) 40 56 (55 11 48 69) 70 24 1 38 (61 42) 2 (36 86 34 39 21 54) 85 (78 53) (87 88 72) (14 20 59 32 60 82) 68
82: (11 51 10 44 15) (17 72) (61 21 56) 43 (65 36 89 67) 2
83: 89 2 12 (9 35 19 51 61) (57 60) (13 16 83) (65 32) 86 (40 74 22) 72 (56 75 45 27) (54 33 20 26 55) 68 (42 24 66 85) 81 (87 4) (46 28 77 6) 23 31
84: (25 36) (45 17 85 28 32) 15 5 (26 33 1 56 14 42) (61 58 44) (48 6 9 79 84 53 12) (49 46 35) (11 59 7) 64 (70 55 69) (2 54) 19 (82 87) 27 10 (3 39) (16 63 21 41) 51 75 (13 86 90 68 8 38)
85: (20 77 3) (10 85 84) (21 63) (80 70) (71 39 23 78 76) 54 (53 50 66 60) 44 29 (48 27 14 65 6) (33 75 74 15 32 25) 41 68 (64 62) (46 79 5 4) (61 2) (7 45 26 82) (73 52) (57 49 37) 42
86: 57 82 8 (87 30 53 23 19) (59 27) 34 69 85
87: (24 8 40) 70 (42 71 11 86) (18 7) 79 9 81 58 (21 29) (60 31 44 20 80 41 46) (50 56) (76 43) (83 34 23 45 4 77) 89 (26 27) 33 61 (3 87)
88: (4 22) (25 88) (20 67) (8 77) (16 82 64) (63 66) 40 (69 12 61) (58 19 1) (55 87) 38 (31 10) (3 60 57 9 33) (41 35 5) 75 (32 79 70 62) (37 65 85) 47 45
89: 22 (67 7) 42 (45 72) (83 89) 58 (35 32 78 56 13) (10 23) (12 87 4) 74 48 (70 5 20 61 73 53 57 11 16) 46 (65 39) (34 54 31 64 80 86) (51 82 29 77 19 76) 3 (62 18) (71 38 1 68) 47 28 81 (43 41 88)
90: 12 (65 10) (40 21 43 38) 18 (54 76) 25 (90 78 48) (36 41) (64 32) (44 80 49 74 45) (34 27 85) (15 24 53) 33 77 31 75
1: 58 (22 5) (81 68 16 63 84) (88 41) (15 25) (6 27 4 89 43 28) (62 51) (77 56 35 53 45) (52 26) (38 40) 55 (3 73 66 74 54 69) (79 33) 49 8 (44 47 32 46)
2: (56 33 30) (64 53 51 67 46 45) (84 37 1 40) (22 11) (25 6) 26 28 34 (47 21 3 42) (81 31 5 66 80 4 58 83 62) (12 85 8 68) 59 (77 52) (82 19 44) 70 72
3: (40 30 5 80) (28 47 51) (3 79 64) 31 (8 4 33) 32 62 38 (87 48 26 13 66 58) (85 22 35 59 27) (89 68 84) 43 77 (36 25 42) (88 69 14 45 54)
4: (21 34) (25 5 29 36 49 22 26 30) 62 (8 31 35) (52 60) (68 51 79 83 28) 81 (19 55 88) 16 (11 9) 45 80 (6 77 87 89 13) (67 40 37) (4 66 71 54) 85 (63 3) 27 44
5: (53 88) 47 (34 45) 33 59 22 85 80 38 (51 28 46) 8 40 (6 52) (19 70 1 29 5 84) 36 (66 31) (89 56 24) 9 21 (4 63 64) (77 3 37 54 26)
6: (21 68 49) 30 79 (4 44 23 20 67 45) (56 15) (7 63 51) 80 (77 8 25) (84 34 74) 70 33 47 (40 52 85 29) 53 62 (6 83 12 18) (14 42 9) (22 59 46 5 28)
7: (67 84) (79 70) 30 (87 54 2 74 76 6 66 37 89 63 44 21) (80 77 28) 20 57 (5 55) (23 56) 49 (41 26 31) (27 8) (52 15 85 22 32 4) (33 47)
8: 69 56 87 49 (29 66) (21 54) 51 31 (67 70) 18 8 (27 59 33 60 16) (48 4 26) (68 25) 80 (71 65) 43 (6 46 55 28 44 12 30 79 84 77) 86 5 88
9: (87 6) 57 (45 44 21) (72 49 8 32) (25 27 33 84 35 68 40) (29 52) 19 (64 4 30) (79 71) (37 42 70 24) (63 60 77) 83 51 (16 55) 53 (75 80 5) (9 67 58 22) 88
10: 28 82 14 (2 3 68 8 75 88) (67 63) (51 84 6 45 44 33 26 9) (12 85) (64 34 42) (4 46 90 29 72 36) (77 31) (70 38 79) (21 66 80 11) 89 (55 5) 22
11: 36 22 (64 55 28 23 31 30) (89 29) (41 33) 87 (5 77) (26 19 70 8 37 54 45 56) (40 82 11 63) 79 81 (4 18) 80 84 (43 21 67 6 66 49)
12: 22 (29 79) (77 70 28 44 4) 66 83 (80 37 30 8 46 88 5 49) 38 26 (42 9) 33 (51 40 14) (84 1 45 90 53) (32 62 47) (56 21) 60 (2 65 36 6 20 43 73 89)
13: 19 (89 22 37 56 33) (29 14) (80 8) (60 79 5 49 45 32 31 40 51 25) (53 26) (34 70 77 35 55 43 47 36 4) (46 21 83 68 84 44) 66 59
14: 66 (74 1 11 49 24 33) (79 19) 52 (42 30 70) (54 47 5 40 32) (62 6 4 41 80) 3 (68 48 81 29 53 21) 8 22 44 (9 26 85 84 31)
15: (68 28 36) (46 85) (29 77 38 22 16) (21 30) 20 (47 70 54 8 32) 5 15 4 (11 3 37 43 90) (44 80 53) 51 33 (76 56) 35 42 (25 26 66 19 82 31) (84 55) (71 45 34) (49 52)
16: 40 2 67 (30 84 68 29) (41 51) (25 49) 31 77 45 (19 28) 26 13 (8 88 5 61 21 62) 73 1 (83 44) (89 46 4 22) 55 (81 70) (33 47) (14 59) 53 (54 80)
17: (45 51) (67 20 14 15 33 58) 84 9 (11 8) (56 53 41 46 16) (3 79) 71 (49 82 31) (60 26 66) 38 29 43 (28 47) 5 (6 21) (68 4 22 55) 77
18: (79 16 12 22 55 29 25 4 64 37) (58 26) 89 43 (72 18) 70 (48 76) 21 87 (33 45 51 9) (6 11) (30 71) (56 47 75 32) 68 90 (49 77) (53 34) 35 8 (46 15 28)
19: (3 34 5) (80 4) (88 83) 21 63 (75 67 11 68) (35 28 77 27) 71 (7 61) 22 79 66 (36 72) (65 51 84) 56 (40 26 70 76 30) 47 64 41 (24 8) (32 2 19 37 89 49 86 46 31 15)
20: (59 35) 45 (34 73 54 80 25 89) (37 29) (48 33 21 38 56 88 85) (47 66) (4 8) 28 30 (68 53 81 27 19 71) 24 31 (22 40 79) (67 70) 87 57 36 (16 6 83 2) (26 46 52)
21: (47 67) (6 74) (59 64) (82 34) 76 (45 65 54) (80 85 49 1 25) (29 37) 19 (26 87 4) (36 68) (14 21 22 44) (9 56 8 79 58 30) (11 84) 81 60 77 3 (33 41 28 42) 70 (53 71 90)
22: (48 42) 8 (46 80 28) (45 49) (31 30 64 70 71 69 68) 88 (11 54 5 21) (61 76) (60 78 15 51 83) (22 26) (44 33 56 66 29 36) 37 43 19 (32 79 77) 6 (89 81)
23: (51 14 21 59 9) (16 61) (22 69 60) 68 (55 40) (44 31) (28 25 70 12 72) (36 66 8 6) (56 33) (54 83 5 11) (89 46 3) (87 52 65 37 47) 27 (85 86) 67 (30 26) 4
24: (9 54) 28 (45 77 42 51 55) (32 81 53 15 30) 90 (6 56) (5 70) (21 25) (40 1 8 64 68 27 37 36) (29 66) (59 63) (67 11) 87 16 26 (4 71) (52 31 83 22 46 24) 80 34
25: (88 2) 5 (25 16) (76 45 62) 36 30 51 (46 67 9 44 8 11 26) (22 15) (90 79 85) 63 (12 80 47 77) (74 53) 21 (41 57) (35 4 31) (59 49 56 14) (28 55) (84 38 68) 6
26: 35 (73 19) (31 36) (11 24 8) 29 67 22 (85 71 83) (9 4 46 61) (21 28) (32 76 52 40 6 41 87 26 60) (57 33 77 84 59) 80 (66 79 37) (5 34 25) 3 (30 56 45) 68
27: (44 5 33) 49 37 (11 15) (4 79 74) (86 41 90 80) (56 87 8) 31 46 18 63 (30 67) (72 64 19) 9 (32 83 45 28 85 35) (66 43 54 68 47 51 60) 22 (48 84 6 21 70) (76 16 27) 52
28: 67 (19 51 46 76) (89 71) 84 70 (8 29 68 31 49) (38 52 83 4) 80 (2 14) (11 54) (69 36 33 26) 64 56 (57 40 53 21) 72 77 (27 22 28 15 44 81) (5 60 6 25)
29: (30 22) 79 (34 89 33) 29 (75 56) (53 80 64) 19 (6 8) (87 28 2 5 48) (66 71) (14 40 54 21) (85 25 7) (31 44 76 4 10) (26 70 67 45) (60 24)
30: 55 5 (22 80 52) (60 73 86) 69 70 (14 46 45 31 21 2) (27 34) 56 (1 77 8 3) (40 47) (64 48 65 4 26 11) 36 79 (49 15) 6 28
31: 89 4 (80 37 62 28 58) (47 26) (11 32 79 64 73) (56 24) (51 31 44) 60 70 (90 43 19 46 6 87 88 49) (83 8 5 52 74 45) 22 (29 67) 54 (77 21)
32: 22 63 (72 27 25 55 70 67) (79 32 42) (56 35) (8 5 26 69 30 4) (47 85 21 49 88 31 45 64 83) (29 28) 66 (6 40) (84 46 89) (37 76) (53 81) (15 77 90 34 61 80)
33: 31 (70 36) 87 79 77 (47 46) (37 85 71 21 15 43 5 44) 90 (8 52) 88 (68 35 17) (33 73) (26 66 56 6 28 22 84 83 54 51) (7 19 49 29) 65 53
34: 68 70 90 (5 77 1) 23 (34 76 66 72 17) (67 54 37) (78 4) (19 13) (86 26 14 3) (87 89) 62 29 38 43 (25 73 21) (61 56 33 8) (28 6) 81 52 (22 74) 51 27 80 (49 15 44)
35: 21 (68 19 31 88 66) (71 3) 83 (42 5) (51 77 18 84) (4 2 26 65) (32 74 73 54) (45 25 67) 75 (55 6 70 36 89) 8 (52 11 22) 13
36: 25 30 (56 81 37) 29 (70 36 47) 52 2 16 (90 9 60) 71 34 6 31 84 26 (66 18 53 54 35) 68 (21 61 41) 3 5 (33 64) (38 59) (28 19) (55 27) (15 45) (8 17 65 44 4 46) (22 82)
37: (60 46) (31 64 25 30 21 52) (43 47 12 19 54 55 5) (76 45) (6 79 69) (57 41 15) (80 16 44) (66 22 72 28 67) 71 (11 58 42) (65 88) 63 56 (36 70 8) (4 59 85)
38: 55 (4 66) 36 (40 80 90 60) (51 89) 21 (64 6 88 9 79 29 17 48) (52 74 49) (22 19) 45 (34 28) 12 53 (5 81 68 26 84 77 31) 44 11 (8 70) (33 76) 58 (16 56) 25 (67 54)
39: (2 45) (33 62 81) (41 68 25) (5 29) (8 72) (37 75) 85 (51 28 58 79 21) (6 17 31 80 27) (4 26 84) (77 66) 16 (89 56) (9 19) 47 (70 40 60) (3 11) (36 22) 34
40: (77 16 44) (80 66 65 36) 56 30 19 4 (23 34 51) 24 39 (5 64 46) (26 22) (29 53) (14 72 32 70) (35 67) 81 (87 6) (52 28 90) (54 88) 21 42 79 (68 83) (55 25 8 73) 31
41: 22 69 (46 36 79) (12 6) 24 (3 61 21) (50 26 76) 5 68 (74 52 8 87 4) 25 (84 80) (19 49) (32 89) (20 90) 29 (70 67 44 16 51) 31 (13 88 45) 17 (62 85 11 77) 73
42: (84 67) 64 19 (6 23 56 3 71) (61 20 80 29) 11 (36 27) (9 34 83) (8 22 43 42) 32 66 (5 25) (77 85) 89 (47 26 70 16) (87 4 18 51 28) (21 44) (30 76) (53 68 46 81) 54
43: 25 (44 16 57 6 65) 53 (15 56 8 51 38 70 4) 69 (67 90 87 35 55 26 27) (60 21 40 82 31 28 37 45) 77 46 11 22 (89 7) 42 5
44: (3 43) 1 (4 66 87 90) 31 (5 8 51) (47 52 40) (49 9 12) 28 14 (77 79 21) (46 26) 15 (85 84 76) 22 72 (44 11) (82 25 64) (55 24)
45: (31 51 4) 52 64 (77 8 90) (68 66 2 29) (28 14) 72 70 32 (33 12 35 6 87 74) 63 (79 22 83 11) 85 (19 88) (54 48) (56 46 5) (89 21 37 44) (84 76 26 34 30)
46: 8 (26 29) (70 13 85) (16 40) 33 (19 36 22 43 77) 5 28 (15 21 59 6 87 45 80 89 55) 24 51 (60 84) (1 83) 46 (23 4) (57 68 56) 64
47: (49 89 4) (88 70 67 7) (26 14 16 29) (46 1) (8 41) 47 9 (5 73 20) 44 (22 21) 80 66 (60 6 45) (40 33 77) (56 79 68) (51 71 28 34) (32 52) (25 31)
48: (62 14 26 16 38 3) (79 29 44 48 77 31) (70 6 34 64) (90 71) (41 55) 54 49 22 80 73 59 25 (85 65 84 37) (21 61 81) 32 (67 28 51 46) (66 89 63 47) 8 4 5 33 11
49: 11 (37 58 6 77 22 26 63 62 46) 85 36 4 (25 20 9 3) 42 (74 31 51) 64 59 61 (14 21 40) 71 90 (8 28) (68 84 45) 44
50: (4 79 64) (68 55) (44 80 85) (14 46) 29 (5 32 22 70) (53 66) 52 26 30 (77 54 12) (56 72 63) 28 (71 21 41 40 42 87 24) (67 51) 49 (8 25)
51: (48 51 54 59 36 45) 68 (82 60 6 61 80 19) 29 (34 44 46 83 77 4 26) (31 41 21 76 28) (30 22 66 49) (20 37 84 25 55) (74 63 62 56 58) 53 8 89 (5 47 79)
52: (69 5 4 76) 85 (8 41 55) (24 30 47) (66 46) (70 45) (16 9 31 57) (38 80 6 21 56 62) 40 33 79 (32 29 26) (68 67 28) (48 64) 22 (34 37 49 1)
53: (37 58) 21 (63 67 8 3 81 19 49) 85 (4 25 71 33) 80 56 (28 34 60 26 41) 64 84 70 1 (48 89 44 79 86) 29 (18 47 74) (68 22 77) (54 16) (62 52 53) (75 45) (40 6 46 51) 90
54: (36 80 51 40 46 90) 56 (22 21 66) 13 41 81 (38 85 31) (83 11) 73 (77 79) 89 (52 47 34 5 29) (32 3) 69 (84 54) (53 74) 60 (71 49) (25 76 44 43) (4 8)
55: (5 68) 75 (81 56 19 3 51) (44 71) (15 32) 55 (67 45 88) (26 21 37 2 36) (34 11) 25 (12 49) (24 83 46) (84 42 60 31 28 8) 6 (69 4 27 47) (61 53)
56: 74 (30 42) (51 21 25 73 29) 66 (56 87 5) (60 81 76 75 80 36 64 77 6 83 82) 3 28 84 34 (69 32) (31 70) (79 26) (8 46) 61 (89 63 4 15) 49
57: 8 4 25 (88 26) (6 54 52) (11 24 86) (64 41 70) 28 34 83 80 (47 21) 36 85 (79 32) (9 40) 44 (37 15 68 56 5) (22 89) (48 16 30 49 72) (77 51 29)
58: 46 (41 77 15 21 76 68) (35 14 30 43 28) 66 4 (45 20 58) 87 24 (3 79 55 88) 67 (51 48) (31 84) (44 63) (25 5) (27 32 22) 49 (75 40 56 89 52 54) (29 37) 8 34 (6 80) (7 26)
59: (56 71 45 4 59) (80 24) (32 57 61 48) 66 (6 69) 21 (76 51 64) 77 40 73 (8 5 53 34) (42 43 68 84 33 86) (70 67 38) 46 52 26 81 22
60: (43 26) (67 3) (31 81) 22 (5 88 6 79) (32 77 61 42 80) 55 (54 21 69) 83 16 45 (85 18) (46 11) (56 70 68) 47 19 49 (87 4 1) (8 66) 28
61: (44 15 39 22 85 13 77 80 66) 8 (81 46 32 9 64) 36 (73 83 28 23) (70 6 43) (54 76 51 82) 47 (45 21 84) (67 25 56 40) (3 4) (53 79) (87 30) (58 5) 88 (68 19 27 89)
62: 4 (30 68 77 73 44 45 20 85) (8 48) (67 19 22 89 57 23) (6 31 27 88 46) 70 (28 60) (21 54 65) (64 5) (24 34) 29
63: (8 32 33) 54 77 (55 49) 46 6 (51 66 21 30 52 39) 34 (47 68) (11 22 40 1) (31 4 74 41) 79 3 (85 84 36 56 9) 45 (67 88 29 5) 43 44 (26 24 12) 28 64
64: 52 73 6 70 (89 29 65 67) (68 74 49 22 18 79 16 90) (47 25 21 64) 26 (31 88 46 19) (42 33) (38 3 51 85) (41 5 4 71) (8 84) (45 56)
65: (51 32 5) 85 47 (52 83 4 76) (54 18) (70 27 30 62) 46 6 89 (90 19) (26 82 16) (79 88 40 56) 42 (67 2 37 9) (22 44) (31 68 64 66 63) 77 28 (29 25) 8 (36 57)
66: (22 28 4 77 26) (20 29 76 43 88 70 80 83) 47 (32 51 56 45 85) (41 79 58 37) (8 21 64) (5 55) 25 (24 6 66 48 46 16) 19
67: (26 5 44) (82 52) (23 29 1) 46 (71 47 42 75 31) (68 55 6) (14 28 54 3 56 21 51) 48 (8 88) (80 22 77 4) 60 (34 66) 79 (36 89) 19
68: (8 68 79) (85 43 28 22 84) (81 56 30 6) 3 (26 52 64 19) 73 (83 4) (21 31) 70 (32 89 76 18 46 51 47 71 45) 67 (11 27) 40
69: (48 26 81) (4 16) (22 3 55 45 88) (77 44 40 56) 19 (17 32 53 8) (64 21) 47 (29 68 69) (42 67) 46 (74 5) 86 (11 54) (31 6) (24 49) 60 (70 66 59) 84 80
70: 22 (60 26 65 5 80) 36 30 (72 28) 88 (85 44 24) (40 87) (8 67 47 33) (56 16) (81 21 34 46 15) 84 6 (37 31) (45 77) (4 66) 19 89
71: (60 68) (25 69) (51 71 22) (5 29 67 6 74 87) (8 42 61 45 85) 32 27 77 26 (36 79 37) (21 56) 47 46 43 24 (70 34 80) (89 4) 44
72: (51 22) (45 31) (28 32 6 21) (29 57) (43 3) (49 53) (77 24) (5 56 47 89) 70 76 (8 34 80) 16 (4 81 42) (41 11) 68 (83 82 40 26) 36
73: 4 (23 25 40 31) (8 36) (70 42 79 89) 28 (74 45 11 35) (33 80 77) (22 59) 29 69 56 (66 67) (32 2) 60 (26 27 6 52 5 43 62) 34 21 (85 54 51)
74: 54 (6 28) (21 23 34) (35 5 38 66) 85 (26 68 63) (32 33 24) (71 4 81 56 77 8 46 79) 83 (40 47) 89 (90 64 70 14 67 60) (55 52 37) (22 53)
75: 40 3 (76 28) (80 67 88) 15 (5 29 30) (31 54 2 83 84) 46 (56 68) (45 77) 53 (61 49 21) (8 26) 4 44 (14 34 51 6) (63 19) (74 22 48 41 85 55 36 47 90 66)
76: (26 54 1) 22 52 32 (28 4 13 21) 5 44 34 79 (11 15 75 6 36 87 37) (89 62 27 25 47 70 51 85) 59 (67 42) (41 8 58 77 80 71 60) 24 (30 31 90 16) (76 56) 29
77: (5 51 13 4 87 85 44 46 28 53 25 1 69) 88 (55 83 29) (14 49 30 52) (11 40 8 67) 71 (19 36 33 22 68) (21 20 90) (37 38) 6 56 (89 31 26)
78: 22 89 (85 52) (41 79) 31 6 28 30 (36 37) 8 (24 80) (5 23) (19 44) 4 (21 70 25 15 63) (26 43 66 59) 11 (67 46 45) (47 77 90 81 38) 14
79: 3 22 (46 11) (79 38 54 74 2) 8 (67 29) (77 21 87 88) 19 (84 20) 26 (42 85 51) (30 9) 34 (70 44) 68 76 56 (6 66 13 25 37 4 40 64 63 58) 47 (28 36) 52 (5 71)
80: (46 65) (15 22) (66 44 80 34) (21 67 6 85) (4 89 74 26 33) 8 30 43 (60 32) (24 45) (70 31) (29 90) (16 59 87) (38 25 5 77 17) (68 28) 56 51
81: (87 48 74) (89 44) (29 7) 22 (34 55 61 33 46 54) (9 13 26 11) (66 83 21 43) 30 (5 32 40 42 31) 49 (4 41) 16 28 (8 37 77 56 52 79) 3
82: (49 52 5) 7 (4 65 26 77 19) 6 (1 85) 67 (66 68 22) 79 25 (46 3 8) 9 71 (70 40 30 88) (45 29 28 36 21 86 60) 58 81 84 34 89
83: (16 47 80) (79 12 43) (26 74) 55 (37 67 34) (52 6 65 60 66) 87 (30 68) (28 70 77 89 83) (46 53) (33 24) 4 (36 49) (31 22 54) 11 73 (51 21 8) (15 56)
84: (27 21 53 22 6) (13 67 41 50 36) (43 85 60 4 26) (44 56 45) 51 (31 52 11 28 54) 66 (68 47 77 80 84 75 8) 70
85: (58 67 30 68 83) 43 (90 5) 23 (29 79 6 22) 81 (35 12) (45 51 27) (40 41) (66 13 36 32) 56 (11 47 49 33 84 46 85 52) 71 3 (21 4 28 88 53 77 24 69 62 44) 26 86
86: (16 51 87) 32 (66 57) (22 74) 31 29 (36 33 47 38 80 81 26 89 25 67) (84 40 68) 41 8 46 (28 70 21 45 56) 12 4 (79 49 6) 83 (5 77)
87: (33 77 88) (31 84 46 16 24) 73 (48 26 83) 59 (49 52) 79 (68 28 81) (72 47 29) (22 70) (8 30 34 89 21) (66 4 35) 25 86 (36 6) (64 5) (40 87)
88: 19 (56 29 67) 27 (70 66 6) (24 33 89) (44 81 45) (88 26 79) 68 55 (77 80) (5 14) (35 40 20 22 47) (21 9 49 31 32 63) (42 8 3 4 60 51 74)
89: (45 8) (24 82) 14 (21 48 55 29 83 69 5) 80 (75 25) (66 51 6) (32 46) 34 (43 87 49) (17 79 31 42) (47 52 44 11 68 36) 22 (37 77 70) 76 40 4 33 89 26
90: (28 70 19 22) (47 60 59 24 71 41 43 8 76 31) (64 77) (11 66) 63 (52 67 84 51 45 90 16 49 4 5) 25 33 29 80 (54 38 9) (55 72) 26 (73 68) (69 21)
