90 90
1: (35 45 23) (18 76 32 62 22 29) 82 (25 47 72) 54 (49 68) (83 26 40 21) 16 (34 81 51) (79 52 2 36 27) 8 (90 66) (61 87) (58 85) 70 (6 80 28 31) (48 50) 43 (55 84) (19 60) 44 (65 57 63 14) 38 (67 7 75) (10 1) (42 15) 13 (74 69 12) (20 5 86) 11 (78 9) 53 (17 59 37 46 73 89 41 71)
2: 83 18 (55 50) 47 (62 64 82) 80 41 33 (48 13 87 44 58 46 85) (90 5) 10 89 (71 60 32 9 39) (76 66 56 15 72 42 23 81 35) 4 (17 59 61) (25 63 43) (16 51 29 36) 8 (57 65) (31 26 11 74 37) (24 40) (3 75 88 7 79 14) 27 67 (34 69 6 49 53 54 52 20 45 21) 73 (19 12)
3: 58 (45 24) (82 65) (86 50) (15 71) (4 46 23) 25 (32 67 30)
4: (27 74) 50 72 29 (4 49) (51 32 1 55 60 28) (2 34 37)
5: (4 78 33) 68 (20 43 25) (16 71) (48 22) (11 34 26 14) (87 29 47 49 13 8) 64 (62 51 82) (59 35 38 61 31 88 28) 57 (40 67 52 17) (50 63 36) (15 9) (32 46)
6: (75 37 52 53) (2 58 74 13) (79 83) (20 81 40 86) 56 (11 46) 5 (72 85 61 8 78) (24 55 1 88 89 65 59 27 64) (31 32 41 50 29) 80
7: (25 47 41) (67 27 61 6 90 32 54 78) 18 (4 62 23 13 8 66) (10 87) (63 37 72 26 60 22 82 36 15) (85 35 44) (33 64 73 51) (12 58) (83 79) (88 39) (9 20 2 53) (65 19 76 71 46 56 89 11 57) 29 74 42 (43 59 16 45 24 17 3 30)
8: 54 (5 51 49 48 82 58 78) (59 26 3) 88 (83 64 50) 8 79 (30 42 71 70) 10 (57 9) (62 27) 45 (44 18 11 15 56) 90 (80 24 12 43 31 4) 39 (73 23 47) (1 40) 2 (29 46) 14
9: 59
10: (25 68) (78 8) 88 (87 27 11 20) (43 56 47) (74 14) 23 79 (16 59)
11: (77 83 80) 46 (8 4 85 33 40 20) (52 15 36 3 17) 7 (63 26) (60 27 74 51) 35 14 (75 86 76 44 55) (32 89) 23 39 (38 66 41) 43 5 (58 84) (42 67 31 59 53) (73 62) 57 19 47 2
12: (37 29) 47 (50 26 35) (48 49 46) (6 15 83) 88 (32 9 71) (2 61 89) (77 12) 82 67 (90 87 55) (25 74 73) 44 (3 56) (17 58) (36 76 41 66) (53 23 51 68) 4 (59 34) (18 70) 19 62 (86 21 33 31) 30 (81 1 11 72 78) 40 (79 7 54) 45 14 (13 65)
13: 89 12 (16 81 10 52 35) (30 79) (22 31) (55 44) 24 (18 19) 8 69 83 40 (50 80 54 90 46 77) (13 2 38 72 47 65 82 73 78) (28 25 58 5) (67 26) 64 48 62 (71 39) (74 43 42 32 37) (88 87 57) (68 45) 21 (29 60 15) (49 33 23) 14 66 59 17 (53 11 70 34 75) (61 63 36 9) (6 76 7 20 4 84) (27 41)
14: 68 (30 64 1 25) (58 50 3 85) (88 72) 12 79 (74 78) (7 8) (4 81) (55 83) 84 23 49 (52 44) 20 32 51 (77 14 33)
15: 76 (75 61) 57 74 (58 42 48 34 86 81 87 60 29) (84 35 70 12) (80 3) (71 25 23 55 69 6 64 18 4 9 36 2 44 37 52 82 85 79 13) 65 17 (49 14 1 62) (15 47 63 41 66) (32 8 11 38) 90 24 26 43 (27 40 73 20) (45 22 88 7) (68 19 83 16) (31 10 67) (21 59 53 72) (78 30) 5
16: (50 34 16 52 88 4 42 30 81 36 66) 64 (22 45) (55 2 60 51) (69 59) (12 13 58 56 11 86 62 72) 73 68
17: 18 73 3 75 57 (80 33 28) (12 88) (7 16 14 20 22 89 83 76 71 60 56) (8 61) 74 (44 4) 30 41 (64 5 19 1 35 59) 6 77 (63 86 54) (58 50) (26 72) (10 17 62) (9 66) 43 (32 2) (42 31 81 52 53) (45 79) (23 13) (82 11 27)
18: 64 (34 1 10) (18 72 35 61) 48
19: (65 82) (11 72 76 57 83 2 4 6 58 78 8 27 56 10 62) (77 12 73 14 35) (31 53 68 89) (39 49 59 34)
20: 23 (89 49 6 10 12 5) (41 47) 36 (28 88 52 50) 87 (29 9) (26 80 32 22 66 78 44 55) 45 (30 61 42 34) (83 4) 51 (62 21 81) (1 74) (19 11 24 14 86 43 65) 69 (37 59 58 75) (20 40) (31 38 53) 82 (39 77) 85 (3 2 64 60 56 16 48) (84 54 63 8 71 13)
21: (26 79 77) 29 (33 90) 45 75 (66 58 82) 86 2 (39 67 73) (10 14) (25 78) (8 69) 46 70 (16 31 20) 36 (1 87 47) (19 30 81 34 21 85 51 64) 6 80 (28 41 55) 49
22: 64 (59 8) (40 71) 80 10 61 13 (57 18 19 37) (45 7 25 31 85 23) (50 24) 46 (20 43 9 90 87 44) 1 (69 79) 32 (16 42 53) (84 2 12) (58 30) (65 81 27) (76 28) (74 34 41 14 55 35) (26 78)
23: 40 49 (26 70) 46 (48 32 36) 50 24 76 (16 79 83 39 41) (58 71 73 60) (67 21 43 72) 12 (15 33) (62 29 9 22) 52 (25 89 75 47) (18 45 30 90 31 38 55) 44 (74 77) 53 (69 10 5) 27 (82 1 88 20 7) (2 81) 68 (84 11 87 23 80 51 85 13 3) 28 (64 19 54 35) 6 (14 78 66 57 63 65 59 4) 17
24: 56 (17 16 87 48 58 53 18) 80 (45 60 72) (44 7 33) (37 23 70) (75 85 68) (57 83) 82 (20 42 8 39 26 4 31 14 22 67) 36 (62 28) (49 10 27 74) (15 11 32) (79 43 47) 54 (50 55) (21 46 78 51) (69 52 86) 64
25: (87 73) (59 39 5) (23 84 19) (7 30 48 47 10 54) (45 35) (70 25 69 52 75 9 12 63 43 14) (34 3 81) (40 58) (80 65 33) (42 77 13 71) (38 16 64) 29 (22 17 67) (78 8) 55 (26 79 85) 62 11 (31 88 27 50) (4 90 82 6 83 53 76 36) 32 (66 61 18) (46 28)
26: (14 52 79 20 30 36 82) (28 59) 48 (10 5) 16 31 89 (61 44 26) (46 85) (9 51 21 8 38 86) (27 60 42)
27: 10 (40 75 15) (25 79) (73 61 64 70) 12 (88 16 50 4 69) 68 65 (32 78) (13 36) (59 86 38) (9 46 31 67 8 28) (29 26 23 21) 87 (22 56) (76 71 85) 27 (45 83) (84 11 42) 51 52 (2 14 17) (55 47 6) 19 (77 62 81 63) (37 1 35 18) 20 74 (43 60) (57 39) 48 (30 44 66 49 82 80 34) (89 58 41 24 72) 3 (54 33 90) 7
28: 22 (47 45 51 7 84 61) 77 (9 13 67) 34 65 (33 56) 82 (37 5) 8 12 79 (27 35) 68 (3 39 48) 88 46 (78 90) (29 73) (19 6 20 53) (87 89 44) 59 30 (64 76 52) (23 36) (24 50 28 80) 10 32 (31 72) (83 49 26) (57 86 70) (85 60 62 58 16 63) (21 74) 11 (17 75 25) 66 40 81
29: (4 86 12 79 18 78) (3 69) 81 (1 42) (44 35 65 46 80) 33 (58 40 53 27 39 43 30 38 64) 77 (6 62 48 28 74)
30: 18 82 49 (7 21) (64 22 37 80 42) 79 (59 12 54) 38 (13 40) (65 31) (67 17 48 2 72 32 69 4 41) (73 6 61) 9 (20 45) 57 30 (10 34) 51 62 (14 16) (68 88) (28 58 85 24 50) (26 56) (15 83)
31: 87 68 (44 5) 66 11 (36 21) (30 13 22 74 54) 83 63 (84 70 71 26) (57 69 79 4)
32: (35 85) (64 82 68 63 5 44 45 86 84) (41 40 83 61 19 72) (8 2)
33: (3 57 45 50 21 14 73 26) 17 18 23 85 (28 6) 39 58 (83 76) 15 84 (40 63 78) (77 25 42 70) (86 22 10 59 54 27 47 29 5 89 44 9) (79 51 43) (80 72) (4 13 68)
34: 42 (67 17 85 48 49 70) (40 71) 82 8 36 (43 88 7) (51 87) 14 (22 13 58) (81 55) (29 27 5) 39 (89 83 68 41) 45 35 (25 38) 18 (12 61 73) (24 16) (21 37 80) (75 76) (1 10 79 65) 63 (30 11) (64 77 66)
35: 70 45 42 53 50 (14 84 63 55) 5 (1 4) 47 (77 8 74) (40 69 17 3 87 31 7 28) (44 13) (30 59) 72 (79 16) 83
36: (82 68 48 88 64 49 3 38 54 52 53 89 77 12 80) (34 39 9) (7 61) 36
37: (63 75 26 82) (5 35) (27 23 15) (20 45) (19 49 17 62 10 21 31 37) 22 (7 36 14) 29 (25 39 55) (66 13) 33 (9 87 2 89 58 47) 4 11 (28 83 52) (76 40 86 61) 51 (81 16 12 67 32) 6 71 34 (84 42 70) 41 64 (90 73) (30 85) (50 88 53 60 65) 24 38 (59 18 69 57) 1 (43 68) (56 78 8 72)
38: 36 (1 27) (81 86 46 20 56 17) (28 89 88) (22 54 80) (37 39 48 38) (21 69 3 73 67 77 52 32 53) (44 4 79 76 61) (57 72 82 10 18 11 8 34) (64 26) (13 2 75 68 78 35 71) 63 40 (33 42 51) (12 84 87) 66 (14 16 50 41 65 6 83 7 60 90 15) 59 (47 5) 9 (58 55 19) (85 49)
39: 90 (7 29 83 50 77 37) (33 64) (44 58)
40: (6 48) (65 46) 33 54 9 (31 66 51)
41: 55 (13 44 50) 46 (78 80 21) 16 (56 6 47 20) (52 9 5) (33 17) 84 (26 31) 39 (19 45 67 7 49 54 27 57 40 14) 62 (41 30) 61 (24 12) (11 48) (53 89 43 63 34 69 66 72 86) (85 51) (36 70 88 90 15 76 79) 71 58 (64 4 83) 74 (22 1 28) (59 82) (75 3) 73 18 23
42: 33 (60 45 12 50) 75 69 (70 40 67 26) (39 78 20) 80 61 (22 6 31 35 52 53 54 46) (74 28) 14 (11 21 68 24 84 76 82) 36 7 (88 47) (89 79 3 77 65) 37
43: (87 29) (65 67 51 54) (75 59 76 45) 53 (9 43 6)
44: (64 69 8 54) (76 61) 53 (24 48 84 50 12) (55 82) (23 38 59) 81 21 (75 7) (51 90 43 66) (87 45 28 26 83 1) (15 31) 29 (11 56) 27 (4 25 32 80 74 22) (49 40 10) (14 13 16) (39 36 67) 63 (34 78 57) 47 (85 62 20) (2 17) 18 58 (37 42) 5 89 (44 60 88 70 33 19 77 72 6 79 35) 9 30 3 (52 71)
45: (8 3 78 4 63 43) (89 30 67 76) 6 11 35 (88 10) 1 (49 66 45 79) 60 (75 84) (23 65 52 57) (38 83 24) 70
46: (25 22) (45 12) (19 81 82 86 54 48 21 51 89 43) (63 40 20) 70
47: 58 (73 16 80) (60 14) (34 71 51 88) (32 20) (25 90) (28 83)
48: (3 2 29 90 20 41) 69 (9 16) 86 79 35 (52 8) 78 (82 27) 48 (17 39 85 46 37 87 26 88) (56 68) (44 58 54) (63 4 25) 32 (21 67 73) (23 57 45) 61 6 (11 53) 33 71 (5 70) (19 22) (51 31) (10 18 76) 84 62 (12 47 59) (24 38) 83 (77 28) (36 34 89) (81 80 74) (50 13) 49
49: (45 51 74 81 87 90 10 79 18) 59 (35 40 7) (2 25 14 84 16) 67 13
50: (68 54) (3 55 36) (85 78 27 37) (49 25 83 63) (44 17 90 43 67 33 39) 74 (64 13) 58 71 (61 88) (16 70) (62 10) (5 30 8 72 9 15 66 22 69 40 24 19) (12 2) 79 (86 4 11 48 6 60) (81 26 14) (57 7 45 32 18) 46 (52 28 1) (20 89 56) (73 29 84) 34 41
51: (22 60) (50 52) 58 13 (66 3) (37 83) 29 23 20 (42 82) (76 63) (12 70 53 48 19 18 1 5 26) 25 (71 54) 16 77 (34 79 74 11) (81 88) 72 (27 46 68 2) (44 33 6) 39 62 80 (89 75) 61 28 73 57 17 40 (45 85 4 84) 10 (31 86) 67 (51 32 56 65 38) (24 15) 64 (8 14) 30 (21 69) (9 35 55)
52: 53 (29 1 63) (57 48 38 67 18 62) 42 (66 90) 76 (13 88 55 69 40) 26 65 (24 33 52) 19 56 (59 9 23) 41 (44 39) 61 (47 74 71 75 43 45 2 32 25) (84 83 16 60) (35 82 46 80 77 78) (6 49 3) (87 37) (64 89) (34 86) (27 15 5) 12 (36 22 28 10 50 73 31)
53: 22 (77 65 37) (14 57 88) (72 84 39) 67 (24 12 43 15 9 69 73 25) (54 41) (70 29) (87 58 86) (81 60) (23 45) (16 64 42 21) 83 (1 18) (49 89 28) (50 74 76)
54: 5 (50 83 35 34) (44 61 22 30 33 10) 75 (27 23 6 59) (56 20) 17 (16 37 28 64) (51 70 57) (39 62) (9 67) (7 4 68 2) (53 38 52 40)
55: 21 (36 15) 31 35 (39 45 9) (62 20) (71 61 64) 90 44 (70 52 41 81 78 17 80) 54
56: (75 67 76 2) 21 90 25 (59 50) (81 68) 74 (24 4) (83 47 71) (33 22 43) (56 35 66 53 23 39) (73 6 89) (40 79 29)
57: (12 77 82 31) 26 (20 80) (17 60 28 40 6 84) (35 32 24 68 1 81) (88 53 63 50) 70 (13 16 54 36 83 9 33 21 61 45) 65 (62 25) 10 (57 89 23) 66 (90 79) 87 (43 47 15) 56 5 (69 59 48 76 85) (19 27)
58: 55 (74 49 72 48) (62 29 18 31 35 43) (9 15) 27 (82 23 46 13 68 7) (85 34)
59: (41 39 10 34 9) 70 54 85 14 (37 73 52) (90 57 5 24 72 58) (65 82) (47 81 71 86) (2 3 43 75 11 32 88) (13 35) (33 79) (68 74) (31 61 45 55 84 53 77 48 59 44 29) 60
60: 9 72 (1 60) (6 7 17) 28 (23 80 19 42 88 53 14 33 18 79 38 21 84 66) 31 (44 81 26) (59 2 25 35) (56 86 8) (15 74) (82 16) (32 85) 62 11 39 (20 57 10 5 30) (69 77 37) (4 71 75 78 49 24 36) (70 40) (90 50 51) (58 29)
61: (74 58 21 51) 11 (55 24 1 45) 88 (41 25 6 47 40) 5 23 (38 85) (37 64) (12 84 36) 75 18 (76 13 50) 46 20 54 31 (8 34 16) 10 (63 73 44 59 26 42) 71 22 (67 72) (39 49 82 69) 35 53 14 (27 4) (7 62) 77 90 33 86 19 (28 68) (29 30) (2 3 89 87 70 79)
62: (6 47) (57 26 73) (2 33) 86 (19 54 66 24) (84 74 70 69 80 38) (51 20 22 45)
63: 44 40 (26 28) 86 (68 43) 38 (10 63) 2 27 (51 45 36) (33 62 47) 31 83 12 (79 70) 64 6 (23 11 1 58 5 16 75) (54 41) (61 3 89 66 52 7 14 50) (74 71 85) (73 17 67 37) 19 (42 80 72 77) 81 (34 60 78) (15 30) 4 (87 88 32) (57 18 22)
64: (2 60 21) (15 45 85 83 89 1) 20 88 (77 72) 78 5 (7 63) 35 (32 65 14 80 76 3) 26 (31 84 40) 30 (9 87) 46 (90 66 47 18 51 71) (81 41 53) (16 82 12) 64 (49 58) (59 52) (48 86) (42 24 62 68) 73 36 50 (28 70 57 6)
65: (17 28 48) (77 30) (41 51 80) 12 64 (70 8 31 11) 69 3 (65 13) 18 (29 25) 62 (19 37 63) 82 78 (46 32) 61 (68 49 38) (90 40) (89 20 81 15 44)
66: 84 80 (42 73 76 56 45) (72 86) 26 (22 43) 46 27 59 18 (28 83) (88 9) (87 11 32) 58 37 (71 19 53) 16 1 (90 68 24 17 15) (30 61 34 35) 36 7 (14 66 3 2 20 78) (4 69) (54 40 5 21 39) (70 55 81 65) (33 13) 77 89 (52 63 85) (50 51) (82 44) (8 10 74 12) 79
67: (36 50) 27 (46 53) 89 (12 64) (20 66) 8 (19 58 5) 23 81 (4 54 73)
68: 32 (34 45) 78
69: 74 15 (66 31)
70: (12 38) 41 53 (44 80 3) (86 6) (78 23) (5 71 19 35 57 66 7 2 15 77 33 42 9 43) (36 39) (37 54 13) (45 52) (90 83 69 60 88 40) 22 59 67 63 10 72 68 (70 1) 49 (14 24 25) (73 56) (89 74) (79 85 30 34 55) 58 (29 82 47) 87 (20 64 75) (46 11 62) 61 50 (8 4 32) 31 26 17 (51 76 21 84) (16 27) 28 65 18 48 81
71: (18 23 90 51 68) (49 61 35 56) 60 (27 55) (67 73) (25 82 47 24 85 72 86 38 50) 77 (22 79 30 3 53) (20 13) 15 2 (11 10 41 52 75 44 76 43 7 64 26) (83 16) (69 37 88 81) 48 (40 34 89) (71 66 5 28) (29 32 74)
72: 72 (60 27 46 47 87 43) 19 (31 1 48 5 40) 29 (25 83 49 51) 53 (61 21) (38 28) 44 13 (71 9) (55 66) 8 (36 50 52 82 41) (56 65) (45 77 84 3 34) (81 35 15) 68 (23 37 62) 30 26 24 7
73: (13 43 66 28) (60 64) (8 25 67 54 85 89 48 21 84) (46 40 37) (68 35) 15 78 57 (61 90 76) 70 (49 52) 69 81 (24 31) (10 11) 3 (2 50) (17 88 7) (82 36) 1 (23 77 42 65) (39 30 55) 59 71 (5 33 27)
74: (75 86 89 84)
75: (50 44 47 70 87 69) (23 29) 11 75 30 77 34 (43 9) 24 (57 45 32 74) (5 55 14 63 31) (35 48 58 67 56 46 81) 7 (83 10 85 6) 59 (65 39) (84 79) 42 (40 41) (20 33 89 2 64 78 4 88 73) (3 36) (52 53 22 60 27 76) (68 8 80 49 16 17 54 12) (26 1) (37 21) (71 86) (28 13 51 62 38 66 19 18 61) 82 15
76: 78 (38 89 1) 55 20 (53 10 79 22 63)
77: 30 (27 85 50 39) 2 (34 51 4 7) (75 68 26) 90 13
78: (55 11 53) 87 (65 4 9 63) 38 81 (34 89) (31 14 71 7 27) (86 30 84 60 26 59) (12 80 29 74 48 75 67) 18 (51 88) (46 20) (17 56) (77 28) (24 3 37 21 52 6) (43 5 82) (62 85 15 83 2) 76 (25 35)
79: (28 16 15 9) (85 89) (13 51) (70 21 58 69 81 78 64) (77 48 84) (57 72) (8 24 61) 10 (67 71 14) (38 19) 34 18 (66 50) (23 26) (1 45 12 82) (60 27 87 2 37 11) 54 35 (52 5) 46 29 (33 39 62 30 83) (31 43 41) (76 4 6 40 7 53 65 49 55 47 90 36 59 86 32)
80: (75 38 1) 54 63 42 34 10 (56 50 18) (41 29) 4 79 66 30 72 11 78 (21 68 73 36 17 40) (87 37 61 80 57) (7 33 62 65) 25 3 (9 70 6 14) (89 20) (13 8 59) 81 67 (15 69 83) (28 64 55 23 52 74) 60
81: (80 27) (68 61) (13 50 20 3) 76 (88 82) 36 (24 12) (37 38 22 51 16) 81 18 (14 49 75 44 64 73 6) (46 21 39 69 89 63) (45 7) 52 8 5 33 (55 48 77) (67 32) (10 90 23) (86 62) (59 28 19 57 15 26) (25 11 84 9 70 85 1) 31 (34 29 58) (74 4 53) 43 (35 42 17 60 65 47) (72 30) 83
82: 79 54 (89 74) 49 (16 4 25) (34 18) (82 33) (20 31 87) (48 27 24 39 61 85) (29 58) (19 26 77 57) 41 (15 76) (11 38) (60 32) 81 (2 86 7) 47 75
83: 87 (33 56) 25 26 81 (37 16) (64 83 45 54 14 27 30 8) (41 82 18 40) 11 (71 62) (20 5) (6 49 48) 19 4 43 39 76 38 (32 7) (24 36) (84 46) (42 72 61) (44 3 60 57 85) 15 (34 53 35 13) (65 74 31 58 12 79) 21 78 (9 51) (17 89) (70 22) 55 28 90 (88 29 50) (86 52 68) (10 66 2 73 77) 47 (1 63) (69 67 23 80)
84: (17 1) 13 6 (47 50) (83 35) 59 (7 10) 86 34 (30 78 87 61 33) (19 37 8 27) 57 (64 21) (39 2 51 65 52 40 43) 14 81 (36 70) (5 71 38 85 3 15 84 55 46) 73 (18 63 66 48)
85: 35 (65 15) 21 (12 3 69) (7 71 2) 34 (61 63) (37 1 26 80 24) 59 (20 85 62) (44 72 43 70 40 29 47) 87 (49 32 76 13)
86: (53 3 89 24) 45 61 48 (12 29 83 67 66 56 88 84 8) (78 36 51) 10 (77 23) 42 6 (26 25) 44 7 (18 58 32) (63 87) (86 85 11 40) 14 (27 38 34 13) (73 21 90) 55 (74 68) 60 (30 81) (71 75 15 43 39 80 69 2 47 1) 79 5
87: 28 9 48
88: 30 (81 70 90) 13 (47 40) 26 (6 19) 61 (50 67 1 78 25) (23 22)
89: (82 58 62 78) (14 52) 42 9 13 (15 87) (54 36 32) (12 45) (26 11) 31 (10 4) 63 88 22 (80 17) (38 29) (65 53 28) (39 71) (70 19 20 46 18 75) 79 (1 7) (85 48) (43 41 57 30 69 33) 72 (50 25) (35 89 51 8) (2 24 64 5) (59 74) (90 77) (81 6 44 68 76) (23 21 61 3 47 83 86) 40 (67 66 34) (56 16 27 55 84) (60 73) 37
90: 6 (89 44 19 88) 11 (41 26) 57 (25 83 48 51 38 62) (70 32) (63 68 65 7) 45 27 (85 54) (66 2) 67 (23 5 81 80 52 30) (49 18) 42 (55 15 74 82) (50 60) 16 (46 79) (36 28 31 40)
1: (84 38 17) 15 21 (14 70 85) (23 88 22) (37 8 52 44 53 72 51) (35 1 76 61 41) (12 73 27 60) (20 50 64 89 45 18 4 75 57 80 66 29) (79 83) 81 34 (6 63) 86
2: (62 90) 48 (52 1 78) (85 73 63 38 59) 66 82 (77 51 49 27) (60 50 37) 4 86 75 (79 54) (6 61 71) 12 (32 11 13 16 64 30) (15 22 83) 44 7 (70 21 89 19) (56 17) (8 20 23 84)
3: (86 35) (15 33) 36 (81 41 45 71 84) (66 38) 29 (70 25 89) 51 78 (61 59) 27 50 48 (52 7 44) 80 (17 42) 8 20 73 (64 28) (63 2 65 75) (83 12 23) (72 11) (14 85)
4: (79 66) 37 (2 70 17) (30 75 15 67 61 4 19) (25 16) 38 (82 13 81 54 33 60 7 63 56 23 20 29 14 50 8 5 24) 12 (78 44 35) (27 48 77 3) (11 80 45 89 51 41 31 83)
5: 28 (89 20 66) (38 59 72) 2 (37 79 61 41) 70 (26 31 34) 23 (44 64) (57 83) (73 25) (52 60 13) (33 78) (50 86 67 90) (35 8) 32 (17 84 48 71 54) (51 75) (6 63 15 11) 1 81
6: 83 20 (27 2 52 88 17) (13 80) (19 43) (21 81) (25 28 64) (41 48 42 54) 84 75 (78 63 57) (15 61) (38 60 51) (86 50 7 1 37 33) (56 30 29) (89 12) (90 40) (70 79 45 62) (23 44)
7: 50 (73 86 61 72 39) 1 (58 60) (13 24) (23 79 84 37) 44 71 27 (41 30) (42 12) (35 28) (36 78) 89 83 (25 54 15) 2 70 (85 82) 90 (81 22 77 34) (64 49) (63 11 17) (14 80 38) 66 75
8: (86 2) 13 (20 10) (19 66 22) (65 45) (27 80) (8 60 72) (50 73) (81 79 15) 44 (84 34 17) (21 32) (38 89 24 1) 5 61 7 14 70 28 (11 37 75 25 26 48 35 67 6) (51 83)
9: (40 58) (51 48 59) 7 87 (28 1 33 5 41 53 15 64) 75 (81 8) 26 83 60 (17 70 25) (30 22 54) (13 43 44 79 27 52) 12 (57 78 37 36) 89 (20 50) (23 38 72) (2 66) 55 80
10: (48 79 15) (86 51) (21 17 25 84) 2 61 83 (22 50 33) 8 59 (70 76) 38 (24 75) (37 89) (80 13 49) 66 (52 54 44 60) 71 1 (26 28) (34 81 63) (23 27 45) (19 30 57) (18 20 7 73)
11: 5 (73 28) (1 27 2 42 16) 12 51 31 (17 6 86 25 38 7 70) 71 15 (63 61) (66 65 44 24) (37 48) (50 75 45 83 59) (89 80) (90 8) 81 (10 79 23 41) (19 20) 82 13 (78 34) 60
12: (63 25) (36 7 44 23 51 29 15) (89 20 86 42) 78 (28 79 13 12 30) (27 83 50 14 38 34 65) (17 66 1) 53 57 (85 48 61 81 67 70 75) (41 22 52) (16 64 46 19 2 37 8)
13: (31 15 61 83) 75 (1 34) 66 (72 80 70 25) (27 65 37 17 88) (2 86 48 59 85) 13 89 (23 6 84 81 20 49 52 12 77 41 44 73) (58 57 33 22) (71 51 35) 79 (16 7 30) (50 28 38) 5
14: 70 20 25 17 2 42 (37 78 60) 84 (11 47) (26 15 23 27 33 75 53) 63 81 61 (1 44 51 38 30 89) 5 (24 59 21 12 34) (64 19) (10 83) (41 66 35) (14 49 8) (50 86) (13 80 79) 22
15: (79 52 51) 89 (38 33 12 58 75 66 50 64) (80 24 82 11 8 53 86) (57 73 60) (71 44 84 41) (85 69 2 30 65) (90 7 23 1 15 27 70 55) (37 13 72 83 81 5 3 63 78)
16: 44 (51 49) (50 13) (1 23 52) (10 61 35) (57 66) 38 2 (22 41) (48 16 60 70 24) 83 27 5 (90 53 30 47) (54 34 64 79) (75 7) 63 (25 15) (71 28 81 21) (89 37) (17 82 20) 26
17: 54 63 33 84 15 24 73 (41 12) (51 57) (37 80) (48 75) (35 89 60) 13 (11 2 65 38 25) (81 17) (7 83 1) (34 28 23 50) (30 27) 78 70 (55 66 5 44)
18: 2 (25 61) 66 (18 65 81 48 60 58) 52 27 84 86 50 (23 30) (34 53) (13 78 90) 8 17 (37 63 89) 24 75 (22 33 15 83 1 29) (80 51 44) (64 41 71 70) (7 82 12 49) (79 38)
19: 46 (63 1 52 89 38) (7 82 22 17 65 66) (11 21) (88 2 32 67 12 61 51) 62 48 60 (27 50) 72 (75 57 81) 15 25 41 (20 44 28 79 70) 83 84 23 (90 37 13)
20: (85 46 14 17 61 20 51) (76 60) (81 48 41) (66 22 70) 78 (21 26) 23 55 27 (64 62) (50 83 13 47 10 28 71 54 89 65 38) (7 11 5) 82 (15 75 2 6) (1 80) (24 42 57) (44 30) 67 37
21: (20 12) (61 60) (23 15) (53 57 85 70 75) (2 72 42 28) (34 33) (1 73) 46 (89 27) (80 37 86 84 48) 13 24 (64 51) (31 21) (26 38 30 55 41 78) (56 81 79 66 44 83)
22: 30 41 (53 5 62 61) 23 (24 83) (42 70 63 46 76 88 15) (7 34 44) 31 (89 71 56 52 38 20) (75 28 1 51) 50 33 (81 48 27 16) (13 17) (37 54 66 25)
23: (25 13) (45 14 3 61) 60 (37 88 28) (63 51) (22 7 15) 33 (57 73 56 53 83 44 8 86 71 10 54) 41 24 (17 81 58 1) 23 (72 20) 11 27 (80 70) (67 79 48 2 52 75 12 89) 90
24: (59 30) 89 (27 72 62 60 70) (15 53) (50 86 51 6 61) (85 7) (57 71 78) 81 (34 79 22 42) (75 64 3 48 8) (82 20 83) (2 37) (44 56) 73 (28 45) (23 66) (13 52) 41
25: (37 48 7 22 27) (71 28) 51 (78 60) 34 (89 46) (52 83 5 2) (61 53) (12 90 86) (21 47 65 14 50 81) (70 10) (25 88 82 80) 57 (72 13) (44 23) 15 (3 49 73) (56 1) 33
26: 89 (60 8) (77 52 64 7) 30 (48 27) 78 62 (31 71) (85 81) 1 (79 44) 82 (23 21 51 75 25) (33 28 90) (2 24) 12 66 5 (38 41) (22 88 57 26 17) 83 61 63 42 20 (70 72 37) 86 13 (50 15) 11
27: (83 29) (15 19) (77 28) 84 (41 13) (50 48 89 34 37 24) 38 17 54 71 75 8 (44 70) (90 57 86) (22 23) (2 10 33 27 81 6 73) (51 82 1) (52 72 63 79 61) 26 (11 25) (4 7 58) (78 66 67)
28: (54 29) (83 47 50 38) 17 (41 44) (20 48) (35 13 24 89) 28 (72 25) 90 (53 78) (52 1 23 42 5 21 33 70) 80 (64 37 79 81) 61 (30 87) (66 27 4 51) (73 60 65) 22 (26 63 57) (75 71)
29: 52 50 (13 33) (34 21 71 25) (70 79) 2 81 (8 78) (83 86) (28 1) 89 48 4 (23 59) (82 12) (85 43) 44 60 (58 15) 51 (53 72 56) (5 7) (27 6 39 20 61 75 37 80) 65
30: (78 29) (70 73 23 63 12 16 20 60) (65 86) (17 72 51 41 80 15 77) 35 7 31 (13 64) 45 (21 44 71 75 28 89) (79 27 37 22 34 88) 3 (81 25) 90 (30 61) 50 (84 8) (54 83) 66 (26 14)
31: (82 83) (69 2 19) 65 (89 35 21 26 13 60 75 6) 79 (55 25 57 72 44) (8 73 42 12) (90 81) (58 63) 59 (1 40) (24 17 52 51 64) (30 48 20) 11 (15 78 5) (22 70) (28 61) 41 27 23 37
32: (1 5 3 63 51 83 14 85 66) 86 30 6 22 47 (59 12 71 52) 25 11 2 50 (24 68) 28 (27 13 60 7 79) (90 4 44 65) 75 81 (64 15) (20 70 37 23) 48 38 (82 17 57 89)
33: 27 14 (37 40 2) 48 (75 7) (83 89 39) (80 54) (51 79 44) (82 17 21 5) 73 (28 81 52) (84 42 25 62) 29 (41 12 66) (70 57) (56 24) (23 50 61 60 59) 38 (11 63) 13
34: 1 86 (68 70 80) 50 (16 36 61 2 63) 15 51 (5 19 27 89 83 85) 72 (66 12 52 41 21 20 79) 84 (82 22) (38 71) (77 18) 58 78 44 (28 59) 54 (37 75) 4 25 (81 47 48 30 13)
35: 28 (71 51 70) 79 (15 57 25 2 22) 83 (85 18 49 44) 75 (54 19 13) (11 48 29 73 34 37 1 5) 59 12 61 58 (7 81 27) 84 (72 56) (32 64) 55 (52 60 17 66) (42 23 45 38) 89 78
36: (15 2 37 16) (48 21 83 90 25) (52 64) (5 38) (73 41 34) (27 50 36 70 13 7 23 12 44 79) 61 (11 84 89 63 20 80 75) 86 57 28 81 60 (1 42 66 31) 55 67 (72 26 24)
37: (75 48 42 73 13) (66 52 84) (1 63 81) 50 24 51 (80 53 78) (27 79) (4 22) 28 (65 44) (7 61) (34 30) (60 70 37 20) 54 (89 83) (2 39) (15 6 72) 85 12 59 38 71
38: (62 71 25 81 79 65) 15 (83 1 45) 29 (63 54 89) (90 70 52) 72 23 (84 76 75 20) (30 78 44 5 27 11) (36 26 86 51 82 38 13 48) (61 34) (80 37 60)
39: (83 37 89) 36 (84 75) 38 42 86 79 82 (55 66 20) 53 60 (73 70 29) (61 44 21) (34 23 50 2) (13 28 81 54 52 25 33 77 41 27 24) (48 51 19) (8 56 7) (11 59)
40: 63 (5 71) (66 37) 70 38 (86 1 60 6 34 15 12 11) (42 72 57) (64 46) (83 2 33 44 20) (80 29 41 8) 84 30 (65 54 50) (22 52) 75 (25 49) 85 (13 23 28 27) (56 90 32) 88 (79 35 89) (73 61) 51
41: 53 72 90 37 (7 2 6) (50 63) 13 (83 61) 82 (80 34 11 71 75 21 89 32) 27 (23 52 55 12 41 15 30 20 59 38 48 64 70) 79 (17 1 22 65)
42: (1 11) (60 80 24) 26 (70 8) (90 37 75) 27 44 2 16 (34 22 81) (33 30) (51 73) (35 66) (89 15 13 64) (83 29) 38 25 (17 86) (61 63 53) (7 52) 20
43: 52 23 5 (2 7 33 83) (37 71 59 70 15 1 73 34) (89 85 63) 27 (72 25) (53 75 45 13 10) 57 24 (56 11 81 79 43) 46 78 66 (29 50 22 20 41 58 44 84) (17 8 86)
44: (7 89) (8 48) (55 41) (70 61) (33 13) 15 71 29 39 83 23 (66 17 14) 85 11 (90 2) (60 81) (50 65) 1 86 28 52 (54 63 32) 20 (27 51 75) 44 (35 59 31) 24 (26 72 22) (38 12)
45: (21 34 66 90 33 43 23 64 32) 35 (55 46 50) (17 7 22 70 72 81 49) (41 89 59 61) (15 62 45 30 2 37) (75 86 52 51) 12 (57 63) (53 68 44) (42 83) (1 27 25) (8 13) (20 79 28) 48 16 (3 24)
46: 58 22 (6 65 83) (42 28 1) 90 (84 70 75 38 48 40 26 24 25) (5 61) 2 (29 23 11) (12 66 27 79 7 72) 89 3 67 51 81 (21 64) (52 13 50 8 78) 41 73
47: (41 1 2 7 71 12 27) (20 52 25 8) 84 13 (42 64 33 86 72 62) (5 63) (21 83 70 85 79 56 38 10 88 37 82) 75 (59 28 44 35) (15 89) 61 (48 57 11 81 24 23)
48: (1 58 89) (38 73 48 13 2 18 70 86) 27 (20 50) (72 65) 46 (30 29 79 52 23 83) (12 75 41) (87 34 81) (59 26 51) (64 40 84) (24 5 90) (8 71 25 78 28 82 15 57 36 44)
49: (36 83 58 19) 60 (13 5 70 37) (52 14) 85 (20 28) (45 23) 41 48 15 75 1 (72 34 81 27 61) (4 44) (73 71 30 2) (50 90 21 12 8 65) (38 79 82 53 64) 24
50: 38 (37 28) (52 72 1 39) (70 61) (24 20 73) (2 84 81 12 42) 56 6 (17 57 79 88 44 90 22 14) (23 54 33) (48 63 66) (3 4) (80 51 75 8 5 41 71) 89 (60 30 25 67 77 13 53) (16 27 83) (64 35)
51: 21 66 (12 61 77 23 11) 54 60 (64 70) (75 7 30) 28 (26 4) (81 62 90) (78 27 44) 63 (83 79) 51 (16 89 84 65 47) 1 (72 71) 49 20 24 (86 40) 46 (5 41) (34 14 37) 33 (2 8) (48 38 43)
52: 72 79 (2 54 17 36 55 41) (64 66 81 71) 63 90 80 (28 1 73 75) (26 23 24) 25 (14 50 15 51 89 5 6 48) 84 70 (20 52 42 13 38 83) (16 59 45 44 37 11) (27 78)
53: (78 38 11 70) 60 81 (29 41 71) (17 19 42 12 64) 51 (56 59 1) (20 57) 28 36 43 7 6 (79 37) 72 (83 86) (13 52) 44 (15 54 24) 89 23 (67 25 76 35) 61 22 (75 48 66) 2
54: 66 61 (23 75) (43 80) 24 (36 2 44 13) (41 17 7) (38 79) (48 27 70 46) (50 55) (63 20) (89 57 30 31 67) 51 (12 42) (53 59) 82 (33 62) (40 73 83) (1 90) (8 25)
55: (20 16) 11 (71 51 1 79 89 44 80 75 38 72) 22 27 (86 34 84) (58 83) (23 2 52 6 59 4) (90 76) 70 (41 24) (37 21 14) (73 81) 25 (35 12 78) (50 61) 66 (15 13)
56: (30 78) (70 80) (19 51 38) (17 41 71 60) 54 (20 48 12 2 89 75) (56 8 6) (83 10) (50 27) (86 57) 72 (44 24 16 28 7) 66 52 37
57: 54 (82 64) (15 11) (84 5 7 81 22) 8 (24 28) 75 (44 2) (70 60 51) (27 23 50) (31 1 90) (48 13) (59 30) 62 41 (37 89) 63 17 (52 53) 57 (19 79 45) (83 38) (80 73) 33
58: 2 (7 83 86) (27 34) 11 (39 64 23 82) (1 20) (81 29) (59 15 19) (37 6) (8 44) (70 41 51) (13 53 17 50 89 25 14 47 3 30) 60 21 22 79 (24 33) (61 28) 63 38 (75 48 16 67) (12 66)
59: (6 48) 60 30 (66 49) 27 (2 28 80 7 84 23 41 75) 70 (57 54 22 15) (13 35 8 43 17) (81 20 37 61) 89 (85 73) 5 (64 56) (19 16) (59 52 11 1 25) (9 10 44) 79 33 (38 26 12) 78
60: (4 11 64 75 90) (86 52 17) 23 (89 63 71 26) 70 20 (28 73 2) 15 (79 44) 72 53 (50 1) 7 (47 51) (24 45) 82 13 (60 42 37) 27 59 (16 57) 78 (38 80) (83 81)
61: (20 25) (5 26 86) (81 30 27 18) 66 (65 88 42) 1 85 (73 52 41) (59 38 17 80 79 70 57 72) (15 6) (7 82 32) (50 84 55 83) (48 22 51) 75 89 37 (54 44 63 2 36 12 34) (28 71 13)
62: (11 1) 28 72 37 75 (80 8 57 12) (51 89 70 61) 63 (30 23) (7 16) 15 (27 60 90) (5 41) (54 50 58) (83 48 25) (79 20 55 44) (19 17 85) (29 81) 2 64 (24 78 65) (13 52)
63: (50 90) (13 76) (63 7) (86 2 38 37) 81 15 (84 48 20 35 65 11) 45 (78 31) (70 83 41) (27 25 34 89 17 57 75 44) (64 46 66) (80 1 33 51 5) 23 (28 85 61 52 32)
64: (22 73 27) (55 14 23 52) 80 16 (38 29 70 5 61 34) 36 (79 63 44 28) (15 37 13 30 17 6 67) (32 18) (81 7 24) 84 65 20 (50 89 41) 64 (71 75 39 51 21 53 8 54) (83 25) 2
65: 25 84 53 57 19 80 23 (89 45 72) (2 85) (43 29 40) (73 81 78) 22 (12 38) (75 66) 51 (42 65) (83 70) (90 34 15) 37 (13 6) 27 (1 79 64 30 28 52 3 20) 59 7
66: (38 52 73) (27 7) 20 (69 66 67) 89 75 83 (17 90 62 44 41 64 37 23 45 15) (40 72 50 1) 79 (51 60 21) (31 56 11) 12 (25 86) 84 (70 2) 34 (80 28) 57 (71 16 13) 63
67: (78 63 89 44) 43 (5 12 88 50 51) (81 37) 80 (90 11 27) (52 23) (34 83 25 49 41) (2 48 71) 3 (56 13 1 70) (86 7 75 21) (73 38 54 24 45 53 30) (42 28 15 61) 79
68: (10 27 58 71 81 23) 36 (75 42 73) (72 13) (16 14 12 57 59 19 61 31) 38 77 (66 65 15 80 56) (83 34) 37 (63 48 64) 30 (1 32) (33 24 70) 28 90 54 (89 86) (5 50 51)
69: (65 85 41 13 53 71 15) 48 (21 81) (30 50 75) (51 22) (66 1) (2 57 44 38) 29 62 61 (52 27 24) 35 (60 37 25 20 86 23 42 16) 83 (79 31) (73 89) (70 80)
70: (61 81 27 23) (25 28 34) 12 (60 80) 66 (85 42 70) (45 21 84 15 1) (48 75 59 24 13) 35 (53 41) 46 (50 54 37 88) 65 (8 55) (33 57 62 79 90 31 83 73) (63 89 44) 51 64
71: (84 37 12) (85 5 72 55) (71 66 70 34) 23 (22 56 13 61 25) 2 (83 64) 1 38 7 (75 79 73) (15 59 8 78 86 47 20 44) (3 31 17 41) (52 89) (50 48 60 27) (51 63)
72: 2 27 (37 14) (83 24) (32 66 72 44 61 89 71 51) (80 85) (63 35 13 30 64) 81 1 (4 28) 6 (70 17 38 41) 16 18 53 (12 79 59) (19 58) (33 7 50) 23 (15 60)
73: 12 75 63 71 (25 86) (80 21 23) 19 (15 48) 16 83 (47 52 70) (17 34 56) 41 59 (7 2 81) (1 89 28) (33 84 50) (38 67 30 61) (51 13 11) (37 62) 64 (66 8 53 27)
74: 53 (86 83 22 49 90) (56 89 12 71 11) 13 51 (23 35 29 70 1 58 44 69) (81 59) (48 62) 82 (2 66) (6 60 15) (17 10 24) 61 (14 52 7 63 4 80) (20 41 42 78) (50 28) 27 75 31
75: 82 27 71 59 2 (17 20 54) (52 24) 34 77 23 41 (63 89 51 56 25) (1 13) (80 78 15 70 44 86 21) 43 (11 42 38) (37 75) 45 (28 6 74) (81 60 61)
76: 44 11 23 64 25 (52 43 41) (45 37 27 51 56) (19 22 71 73 53 79) (66 78) (2 17 89 85) (1 83 13 81) (82 15 48 57 42 38) 33 (7 28 34) (61 12) (70 75)
77: 70 72 38 63 66 (83 53 28 79 23 60) (34 20 12 61) (13 48) 51 (44 19) (82 81 42) 36 (25 35 39) 52 (17 89) (33 21) 11 64 78 (27 14) 73 86 (59 29 75 65 71 57)
78: (38 19 83 33 1 44) (75 23 88 42 27) (70 13 64 41 8 14 24 37) (52 73) (22 63 21 79 45 25) (60 6) 66 20 (7 80 29 55 48) (10 76) (50 68) (15 86 28) 12 (89 84 5) 65
79: 14 (42 6) 1 24 76 8 (25 59) 83 (61 27) 2 50 26 (70 7 13) (34 10 41 57) 49 (71 51) 29 22 75 (56 89) (31 82 23 28) (12 38 60) 35 (80 45 44) (66 21 63) 30 (15 33 48 86 17) 90
80: (78 42) 62 (64 29) 41 (25 8 1) (28 30) 44 (22 20 90) (27 47 6) (34 51) (83 17 11 52 2) 21 (81 33) (63 85 24) (15 75) 36 13 (80 65 48) (23 86 38 60 55) 57 (66 89) 70
81: (73 38 81 88 63 67 1 82) (14 65) (21 51) (59 86 53 22 15) (44 55) 78 (27 17) 90 50 75 (60 29 13 16 25 6 84 12 34 72 80) (2 20 28 46 37 79 48) 83 89 71 23 (66 70 64) 49 (57 56)
82: (51 24 7) (20 36 70 61) (46 75) (41 28) (2 5 52 34 44 42 78 71 81) (3 90) 13 79 (64 82 37) (23 12 19) (72 27 83 1 89) 60 (21 17 57 8 73) (38 32 30 58 59) (25 65) 26 (15 48 66)
83: 45 (35 47) (25 6 64 11) (75 7) (89 30 12 70 53 72 20) 63 (28 78 71) 33 54 (27 39) (86 50 80) 34 83 84 (56 52 31) (13 57 66 2 19) (90 81 44 51 1 8 14 37 15) (79 24 17) 32 (41 38 23 48)
84: 70 (42 84 32) (25 86 35 33 28 45 57) 62 (38 49) 48 (61 20 31) (27 66 60) 1 (59 89) (78 79) 83 (75 52 15) 23 (81 14) 74 (73 22) 37 (50 11) (44 64) (13 53) (72 51 41)
85: (84 37 15) 81 (83 75 23 26) (73 27) 86 (33 41 48) (51 82 25 7) (6 64 85 34) (78 60 21 61 1 57) 70 (59 22) 66 38 89 (58 28 2 79) (24 20) (30 50 63 71) (32 77 90 14) 44 11
86: (12 86) (20 79 71 3) 11 33 (48 50 66 89 38) (16 21 75) (62 27 53) (51 74 46) (70 64 24 59 60 37) 83 15 84 (78 81 6 82 1 32 26 17 29 52 63) 61 (41 28)
87: 1 (89 21 23 28 85 43) 10 (80 57 12 27) (22 61 34) (70 64) (52 72 78 31 15 24) 86 (20 2 48 37 5) (79 53) (25 75) (13 63 66 84) 38 (7 35) 49 82 (44 83)
88: (42 37) (53 30 34 86 90) 17 (61 64 63 13) 50 71 47 60 (16 52 66 83 36 27) (48 14 75 23 8 28 78 10) (57 44 41) 70 (25 6) 7 (45 51) 20 38 73 (15 12) 59 (2 89) (5 81)
89: (53 48 65 1) (26 67 89) (83 13) (66 23) 80 41 (11 82) 6 12 28 (73 63) 42 75 (64 56 2 45) 76 (17 50 70 51 20 36) 38 (57 78) 81 (61 44) 86 33 (27 7) 52 (19 34) (74 90) 46 (37 79 71)
90: (7 55 60 49 71 1 64) 38 (13 15 59 50) (61 12 47) (22 28 77) (81 48 65 2) 56 (41 52) (37 83) (44 27 86) 79 (57 8 66 89 25 21) (39 88) (73 23) 70
