90 90
1: 23 (51 56 15 42 89) (39 78 66 71) (45 60 25 90 38 55) (17 36 70 21) 82 (33 8 75) (80 85) (63 73 79) (2 6 24) (11 84) 12 (67 50 53) (37 52) 7 (48 65) 49 5 34 (18 86 59 87) 58 46 (32 27) (54 20 72 10)
2: 87 (25 5 46 56 73 29 65) 68 (80 89 8) 50 (28 70 82 61) (43 58 24) 15 6 (31 27 71 59) (35 42 86) (47 49) (78 90) (32 23 14) (30 36 53) (41 62) 34 33
3: 67 (77 47 58) 10 (40 15 27 45 78 59 60 65) (53 36 89 84 25 26 14) 62 1 68 (79 42) 19 69 31 (87 20) 81 63 35 (71 29) (55 51 75) 85 (72 74 70) (5 16) 83 (50 82) 33 (64 34 30 61) 46 (21 6 9) 7 (57 3 4 48 23) (88 90) (73 86 76 43 44) (13 80 38) 18 2 22 (17 32 37 41)
4: (65 9 47) (45 10 16 41 18 22) (66 4 81) (40 59 31) 6 (15 75 60 62) (87 78 23 17 48) (25 37) 76 (33 49 84) (86 29) (39 90 58 61 1) (64 82) (85 20) (53 63 27 83) (3 30) (80 35 12 2 13) (54 88) (14 38) (8 32)
5: (45 12 59 16 90 76) (20 22 18) (83 31) 55 2 26 35
6: (14 26 48) (39 86 21) (62 70 55 53 60 22 83 10) 75 (72 32 85 44 84 31) 64 (42 5) 50 73 69 (54 46) 68 13 (49 4 6 9) 15 (27 11) (61 77 38 51 71) (29 1 7 47 30 20 57 87 19 65 17) 90 40 2 (80 82) (23 59) (88 78 67 28) 18 (3 16) (52 58 76 12) (43 25)
7: (18 40 9 2) 47 (64 14 68) (15 43) 37 24 81 (75 66 80) (86 60 65) 29 (1 67) (78 62 35 84) (46 42 59 71 45 31 34) 22 (77 63 13 89 17 50 83) (26 69 73 3 44) (5 4 51 10) (55 20 74) 11 48 (76 41) (16 23) (82 19 32 88) (90 27) (53 38) 6 70 56 25 61
8: (30 82 8)
9: 90 (13 3 20 52) (30 36) (6 63 16 34) (43 60 72 89) (1 26 35)
10: (27 6 79 86) 82 (11 65) (12 33 66 59) (15 18 30 7) (76 40 55) 2 (17 57 36 3 37) (42 46) (87 89) 70 44 (52 62 47) 53 (80 78 75 81 43 60) 13 64 (26 39)
11: 25 (49 38 9) 42 8 90 (11 44) (10 14) 40 81 (53 59)
12: 33 (47 26 39) 90 23 (40 42 72 15 87 44) 41 3 (45 58) 74 (59 79 66 22 85 69 2 46) (28 37 5) (84 61 17 50 83 80 34 21 76 31) 12 (8 1 6 56) (25 53 35 9) (24 10 49 62 82 57 71) 27 29 (88 38 78 63 43 67 64) (73 68 48 86 36 11)
13: 13 14 43 16 (50 51 35 15 10 86 52 68 63) (34 60) (65 75) (20 67 88) 24 23 28 (30 47) 76 (77 42) (12 61 83) 85 (17 74 32) 78 (79 33 5) 7 8 (38 6 73 69) (70 25) 37 90 89 (80 2 49 19 55 53) (3 39 82 40) 1 22 64 (59 4) 27 56
14: 57 (43 88) 18 (74 37) (70 10 47) 1 68 51 (90 63) (14 30) (77 61 87 27 60 36 38 82) (79 17) (41 2 3) 86 (67 50 21 31) (15 45) 89 (23 42 48 33 6 39 76 24 16 56) (25 58) 72 35 5 28 (4 20) 22 (66 19) (34 62) (78 80)
15: 36 (49 87) 24 (64 2) (69 68) 13 14 44 50 (6 20 25)
16: 49 (39 69) (48 19) 34 (33 44 59) (20 18) (31 16) (47 79) (10 76 74) (89 11) 25 87 (30 3 4) (82 2) 28 68 (17 55 85 58 26) 51 (42 77) 86 (43 72) 38 (57 35 6 80) 83 (8 73 41 36) 29 (62 66) (70 53 52) 88 67 (61 32 9) 50 (40 12) (78 64 46 22) 84 (56 5 13) (45 1 23) 15 (14 60 7 54 90 21 63) 75
17: 28 (90 20 48) (13 55 25 1 35 73) (5 33 40 45) (8 81 87 50 6) 56 27 43 (31 39 3) (12 4 83 66 29) (75 52 79 37 57 78) 88 62 (54 77) 46 9 41 (22 30 64) (58 11) 32 53 42 85 21 (65 84 26 19 34 24) 69 (47 76) (15 74 14)
18: (57 86 5 67 38 64 16 37) (87 46) (2 35) 70 36 (12 10 66 40) (69 22 71)
19: (5 25 13) (6 20) 3 (22 36 35) 28 (90 9 51 54 84 87 32 4 77 68) (16 56) 64 (60 31 61) 24 53 (12 21 48 71 74 52) (80 65) 89 (59 10) (58 38 44 14) (49 55) 40 18 (27 78) 41 46
20: 81 (84 70) (64 61 54) (5 67 17 31 89 40 18 56 78 50) (39 71) 41 (34 44 77 48 82 75) 51 (33 43 32 20 13) (14 79 8) 63 27 (2 38) (6 28 3) (62 66 60) 36 24 (57 19 69 68 26 25 47 65) 52 45 (83 29 88) 85 (1 16 22) (49 15 30) 53 (35 10 87) 74 21 80 86 (42 90 7 46 73)
21: 86 (13 72) 48 25 (12 77) 39 (35 68 62) (60 81 79) (30 22 65 63 85 50 67 31 15 5 26 23) 53 (47 64) (51 2 7 73 10) (9 70 46) 59 (18 29) (37 55) (33 69) 40 (74 11 84) 36 56 (76 78 3) (27 58 41 57 20 89 1) 38 (19 8 4) 87 90 (17 45) 14 (32 34) 80 44 61 71 49 42
22: (12 28) 11 (7 74 68 10 13 21 43) 2 (5 56) (60 49 78) (76 39 44) 67 58 (51 63) (16 89 35) (38 62) 34 (41 46) (84 86) (30 69 29 57 19 40)
23: (11 45) (28 39) 75 16 (85 50 6)
24: 89 (5 57 48) (46 77 64 68 31 34) (66 50) (2 39 9 17 82 33) 18 (78 22) (73 53) 29 (28 60 75) (80 86) (24 55 84 85 4) 65 26 61 (70 44 21 56 37 69 3 13) 1 54 (45 49) (35 36 41) (88 19) 7 (15 11 32) 8 (79 6 63) (16 23 38) 72 (20 59 12 76) (81 43) (71 27) (74 90 58 51) (42 52 14 87 83) (67 10 30)
25: 88 (71 5) (1 89 68 34 86) 27 30 (13 82 54) (14 59) (23 50) (85 78) (73 67 16) 7 20 (69 39) 72 65 53 51 29 40 (66 74) 24 (4 43) 25 (33 80) (64 48) (76 81) 83 (45 60) (42 32 87) (77 90 28 57 6) 19 (22 12 63 36 3 35) (8 52 56 38 62) 58 37 2 (47 11) 41 (55 9) (70 21 26 75)
26: 73 6 (57 29) (87 56) (42 68) 30 90 62 (20 27 5 43 66 28) 16 (83 36 61 80) (24 10) (33 23) 22 47 25 (60 67) 35
27: (33 53 13 56 52 86) 76 10 (61 38 77) (78 6 74 89) (18 2 87 88) (19 42 45) 40 (48 44 31 36 84 59) (50 55) (15 70)
28: 40 75 (39 8) (80 15 55 72) 43 23 46 (60 71) (11 56) 63 36 5 (20 62)
29: (77 15 18) (68 42 63) (83 48) 37
30: 10 (77 27 12) 49 (65 72 88) 43 (7 35) 31 60
31: (20 38) 19
32: (68 59 33 25) (2 40 72) (8 66 80 78 34 21) 35 31 (22 62 89 38 46 29) (23 88 82 18 87) 69 (79 76) 56 9 (17 11) (15 36 3 30 28 41 45 6 61) 51 (39 63 16)
33: (8 2 73 72) (25 63) (45 30) (49 64) (61 68 52) (33 62 12 80) 54 75 (59 41) (78 88 34) 11 13 (51 18) 37 4 9 35 (43 3) (77 81 7 19) (6 39) (69 58 21 65) (53 76) (60 82 87 15) (84 70 14 86 50) (42 56 83 74)
34: (19 63 56 41) (74 44 9 49) 57 (21 83) (65 60) (25 16 89 45 50 22 81) 55 (32 61 71) (3 8 17 82 31) (1 10 77 72 39 29 5) (42 23 70 51 80 13 48 84) 24 (86 14 15) (40 20 54 7) 88 12 52 68
35: 4 (35 78 52) (20 83) (62 86 69 39 65) 56 82 67 (7 51) 48 (66 50 6 90) 59 (47 29) 89 (18 88 46 16 5)
36: (31 66) 41 (49 76 56 72 12) (64 57 60 61) 44 (27 50) 29 (22 24) 63 (55 17) 45 8 (83 52) (53 23) 21
37: (44 50 23 36 18) (4 89 81 55) (90 77 60) (83 61 68) (42 45 66) (86 12) (75 8 14) (48 70) (72 47 69) 54
38: (7 9 38 43 30 34 67) 73 (2 88 41 53) (35 50 54 32) (58 56 29) 37 28 (52 83) (66 25) (79 19 55 68 48 90 74 33) (44 59)
39: 55 68 (52 71) 17 (63 49 38 83 84 25 31 12 5) 73 (87 81 41) (30 8 44 7 2 80 74 28 75 65 57 34 23) (20 88) 89 39 79 (62 27 18)
40: (70 4 1 78 90) 33 (58 86 3 51) 89 32 (34 63 16 8 15 71) 41 29 (35 7) 50 45 (37 46 84 44 79 12 20 59)
41: 20 (88 78) (77 45 3 86 17) (62 61) (87 24)
42: (5 43 51 9) (35 75 73 77 1) (71 69 39 62 15) 2 (6 54 47) (7 89) (8 28 14) 20 76 45 (66 85) (90 79 81) (78 60) (38 23) 34
43: (65 46 64 54) 1 (35 43 78) 90 33 (84 48 8 62 50 81 22) (79 55 13 40) (75 60) (83 17 36 23 87) 14 (88 82 4) (9 20) (31 19 28) 26 (27 77) 45 18 63 89 11 (69 29 52 32 2) 42 37 (86 66) (56 74) 7 (39 80 61 38 16) (24 44 76) (30 6 85 72 58 21) (15 5) 59
44: (45 36) (33 81 90 63 75) (51 4) (80 40 89 9) (41 52) (13 86 37 15 10) (7 73) (87 31 19) (77 85 34) 48 61 32 (53 22 12) 76 2 30 74 18 (23 38 24 82 59 14 65 54) 67 20 44 56 5 79
45: 3 (29 13 36 35) 83 47 81 84 (59 1 17 50 64 4) 38 52 (77 25 62) (54 16 21) (12 70 15 37) 87 (39 46) (22 88 60) (58 71 19 27) 73 61
46: (34 31) (36 81) 2 82 (74 56) 27 (54 11) 85 59 (69 22 23 83) (62 42) 52 (12 63 77 13 67 86 1 61 35 6 53 73 26 88 87 43 46) 30 (5 90 51 33) (40 28 55) 50 72 8 (45 64 75) (14 70 49 4 17 89) (57 24 58) (71 66) (47 25) (20 38 68)
47: (33 42 45 57 53 4 86 43) (7 12)
48: (19 1) (84 21 50) 52 (83 87 33) (38 24) (65 57 20 67) 85 58 (35 89) (27 10) 5 (81 47 73 64 2 41 49 71) (16 29 8) 59 62 (46 30 66) (78 42 15) (79 48) (4 55 44) 75 23 (82 61 28) (51 13 25 69) (68 31 60 77 45) 7 (18 9 6) 37 (32 34 90 12 14 72 11 40) 86 88 (80 17) (76 26 43) (22 54) 3 36
49: (23 1 24 27) 41 50 61 (3 10) (4 74 33) 26 (82 51 69 16 64 22 54 70 30 81 63) (88 78) 13 89 (2 59 31 5 79 67) (87 38) (49 53 47 39 21) 73 (45 11 83 18) (29 42 6) (60 15 86)
50: (64 38 16 79) (81 72) (82 70) (15 77) (43 78 4) 84 (80 9) (21 89 30 62 67) (68 63) (19 54 45) (1 66 58 73 53 41 34) 28 26 11 (83 37 55) (5 46 85 90) (14 36) (87 59) (49 48 23 40 22 35) (69 3) 24
51: (30 21 75 55 62 25) 83 63 (49 77 74 72 20 18) 1 4 (87 42 17) (89 82) 16 (9 14 32) (90 73 53 66) (37 11) 7 85 (56 81) (60 79 12 88 5) 6 (47 59 38) 51 (57 15) (33 23 45 27 46 26 70 28 69 41) 39
52: (44 89 16 51 1) 57 (87 38 74 84 13) (75 5) (25 47 45) 26 62 (12 21) (29 20 66) 10 82 6 8 (23 72 64 30 49 78) 90 (27 19 9 69 40 55) (39 76) 73 61 (48 58 42 43) (11 83 77 86 50 15) 80 14 (54 85 56 3 70 35 81 71 41 60) (53 52) (33 36 2) 59 7 (28 67) (68 4 32) 79 88 (17 31 24 22) 18 65 (63 46) 37 34
53: 77 (61 5 9) (27 23) 79 (54 32 25) (6 76 20 36 49) 85 (1 81 71 52 17 10) 69 (89 57 29) 41 22 (19 11) 59 (66 72 56) 42 67
54: (90 44 9 40) 82 (41 1 27 52 55 10 5 46 53) 2 72 (88 30 87) (8 17 77) 21 28 (14 78 38) 37 42 (89 35) 50 (85 39 71) 32 (84 65 34) 49 76 (81 13 24) (7 6) (25 58 45 80 20 33 86 3 18) 36 (15 79 74 62 66) (63 59) (22 57 4) 23 70 (83 56) 61 54 (29 19 68) (12 48 60) 51 69 11 47
55: 49 59 42 71 60 27 1 (6 66 75 52 21 9) (46 15 67) (61 56) 23 14 40 44 (35 83 90) (13 89) (87 31) (30 12 7 38 80) 10 (62 78 85) 69 (54 17 43 8) 19 (65 86) 34 (45 68) (64 84 36 33 24 50 3 51 72) (41 58 88) (81 25 74 55 53) 37 (5 82 32) (28 16) 11 (26 2 22)
56: 63 24 (43 35) 46 (28 38) (74 7 11) 85 37 (76 86) (45 5) (77 9) (87 78) (16 49) 40 (56 54 13) 48 (81 6) (42 83 58 71) 61 22 51 (44 17 18) 89 32 84 10 (15 27) 70 82 41 (8 90) (19 52) (14 64 57 73) (55 25) (60 72) (65 62 50 59 67 80 29) (68 3) (23 21 4 79) (20 47) 34 (69 33 39) (75 88 26 30 31) (12 1 36 53 2)
57: 59 (65 24 45 38 57)
58: (62 15) (55 38 28) (41 74) 73 (58 50) 10 (36 61 51 16 71) 64 (17 79) (89 3 69) (5 53 44) (66 45) (70 29) (30 63) 8 21 (35 11 82 85) (68 13) 46 9 52 (43 26 2) (49 42 77 86) (60 78)
59: (75 35) (76 72 73) 24 (70 89) (8 66) 63 86 47
60: (62 6 82) (21 75 3 14) (36 24 27 42) (50 48) (2 18 38 72 88 10 67) (49 1 89) (87 71) (33 83 9 59 56 7 39) (78 47 65 46) (12 40 43) 20 73 (80 35 37) (54 16)
61: (49 11 40 53 75 34 24) (62 27) (80 57) (36 41 45 14) (56 71) (58 38 12) 60 (79 59) (15 54) (83 31 67) (18 21 2) (10 1 76) (25 50) (90 19) (78 13 3) 63 (43 48) (65 52) (47 86 55) (72 16 28 87 74) (61 69 39 20 51) (33 6 30 26) (44 70) (8 5) (66 35) (84 64) 22 (81 77) (9 82 73 7 88 17) (32 46) (42 85 37) 23
62: (73 67) 50 (88 14 64 51 39 9) 12 (30 15) (86 42) (59 27 47 33) (43 17 26 16 2) 41
63: (45 74 28 58 23) (16 21) (52 6 79 75 20 43) (49 69 26 11 68 57 53 67 38 46) (76 3 2) (17 80 37 25 34)
64: (15 75) (29 59 85) 81 (69 48) (16 61 87) 24 (86 21 80 49 7 11 65) 57 (9 82 38 31) (68 39 22) (20 79 67 83 19 33 77) (40 71) (13 84) (32 6) 44 8 (18 5 1) 42 36 63 (76 43 58) 52 26 (88 27 30 4) (17 51) (70 46) (35 90) (50 25) 89 73 66 (28 37) 53
65: 27 (78 87 1 25 74 69) 2 22 (7 28) 79
66: (76 86) (54 75 53) 60 65 68 79 (80 90 69)
67: 58 6 13 71 (15 76) (23 21 41) 45 (80 33) (32 56 48 52 90) (78 84) (43 82 57) (85 31) (18 42 86) (4 9 44) (50 83) 38 (20 81 28) (66 2 7 16 12) (29 22 26 79) (61 25 51 37 88) 19 (24 64) 87 (68 47 35) (30 65 40 54 60 74) (77 59) (55 10 63 39 49 69) (11 27) (5 73 70 46) (89 17) 62
68: (55 15 56 13)
69: (64 22) (58 8 35 56 86) (53 43 68 4) (29 62 34) (20 79 14 87 16) (45 63 83)
70: 14 (6 78) (67 31 81 10) (50 46) (24 73 37 27 48 19) 28
71: (64 90) 53 78 (18 88 51) 3 (4 72 44) (29 5 66) 14 (24 70 57 59 15 31 52 20 48) (28 54 7 39) 50 (62 63 21) 82 75 16 41 27 1 (47 86) (85 37) 32 (77 19 6 76 69 23) 38 (56 60) (40 89 12) (87 74 2 81) 71 (84 68) 34 (25 58) (67 30 22 65 8 35) 55 80 73 (36 13) (17 9 61 43 42) 46 (26 83) (79 33) (11 10)
72: 39 67 (55 30 35 10) (80 38 3) 90 68 75 (45 29) 5 (20 4) 6 (84 33) (21 58 46 62 25 77 87) 8 (56 37 1 52) 88 (69 51) 7 (2 26 40 11 59) 19 (42 60 43) 81 (76 73) (74 86) 48 66 (65 31 57 24)
73: 88 (70 30) (49 54) 41 (52 85 83 81) (1 60) (57 10 58 34) 27 4 48 79 89 (53 69 9) 13 (18 35 24 87 75) 56 90 (5 51) 29 6 (66 80) 73 8 46 (28 26) 65 (23 71 25 16) (77 84 44 86 40) (19 22) (62 3)
74: (3 9 78 53) (36 26) (42 38) (71 40 80 54 39) (2 7) (90 88) (50 14 13 34 20 48) (79 68 73 11 55) 25 (89 37 59 56 46) 16
75: 63 (47 27 45) (37 89 70 58 1) 2 59 8 (77 31 69 65 48 4) (38 85 22) 84 (28 46 57 64 51) 24 (83 39 86) 34 (50 74 25) (23 72 81 61 71 35) (68 78) 9 41 3 (36 6 82 13 15 12) (33 19 32) 42 (53 10 56 40 87) 73 (67 7) 49 (55 75) 43
76: (54 62) (78 77 18 30) (87 61) (10 50) (49 75) (73 20 32) 23 (74 85) 58 25 (36 16 83) 47 39 64 (13 15 29) (31 81) 72 51 (8 79 1 90 38 59 17 52 66) (9 69 55) (43 46) (21 44 5 42) 3 89 (35 45 60 71 14 11) (57 84 7) (48 24) (63 53 86) (2 22 28 67) 40 (56 65 4 34) (80 70) (26 19 76)
77: 20 (64 58) (10 68 18) 42 26 (57 48) (86 17) 85 (71 74) (25 30) (36 46 41 2 66 52 62 51 76 15) 67 (81 5) 83 (9 11 16 28 6 70) (60 84 21) (19 49 87 78 44) 79
78: 4 (82 73 23) (90 54)
79: (23 2 10 27 52 5 81) 13 (26 75) (57 54) 90 (29 89) 72 53 (44 84 14 31) 69 22 16 (40 82 15 11 32) (85 46 74 78 3) 49 (28 88) 70 42 (67 76 43) (4 6 25 38) (36 1 58 8) (66 71) (9 30) (51 86) (12 47 19 37) (80 79 7 73 65) (61 59 60 77)
80: (82 24 4) (42 2 76 62) (73 13) (50 66) 80 72 55 (25 38) (86 87) 60 (28 3 59 51 70 14 15) (81 36 16 39) 58 5 (33 46 35) (52 20 29 7) (47 78) 6
81: 30 (29 4 48) (59 33 54 9) (76 27) (15 37 88) 42 (34 58) (17 72 25) (45 89 23) 87 21 35
82: 74 (43 9 11 42 89 57 47 14) (1 31) 33 16 (58 49 86) (4 78 87) (52 56 7 30) (83 79) (51 21 2) (90 84 53 65) 72 25 (62 85 38) 10 (60 28 82 17) (88 68) (35 13) (6 80)
83: 44 (53 12 62) (1 40 24) (19 73 81) 26 (74 90) (2 82 9 41) (39 87 34 84 8 49 58) (64 89) 6 (67 70) (38 27 17) (43 61) (20 59) (86 68) (56 7) 33 (78 65 55) (35 14 3) (16 4) (45 42 57 10 21 51) (79 32 50 85) (31 15 48 22 72) (71 83) 47 (25 60 23) 88 66 (36 29) 11 (37 80 76) (28 75 63 18 30 5 52) (69 77 54) 13
84: (47 72 6 84) 2 28 (68 40 85 26 35 48 81 37 12 41) (52 34) (3 74) (83 73) (54 80 16 18 24 66) (4 22) (8 77 50) 53 (32 25) (55 78) (30 79 82 46 44 17) (21 10 45 51) (61 31 36 57 5) (76 59 62) 56 (63 69 86 23) (49 70) (7 88)
85: 12 84 (2 42) (78 29 9) (17 49 27) 61 (22 23) 11 5 65 57 (33 82) (72 64) 13 (51 89) (71 24 3) 30 54 (35 68 36 66 43 15 47 38) (53 4 40) (41 32) (46 20 14 88 37 44) (31 28) 18 (60 77) 63 (85 56 67) 86 (26 21) (69 87) 70 79 (74 50) (80 83 34 55)
86: (48 18 11 28 15 79 56 75)
87: 47 44 84 (74 89 35 72 73) 5 (10 57 9 17 1) (55 40 25 58) 28 (41 65 80) 42 (21 75 7 15 76 71) 51 (23 87 11 82 34 62) (70 14 36 6 46) (61 4 2 45 30 48) 8 (81 18) (77 53 27 88) (50 26 13 24) (54 19 16) 39 (59 56 86) 49 (66 37 63) (67 79) 20 (68 52 12) (83 33 78)
88: (84 18) (85 25) 38 (67 17 16 51 19 11 27 57 58) (68 5) 22 87 29 (72 34 15) 90 24 (77 12 65 63 20 32 42 70 40 74) (78 39) 69 4 (88 13) (35 83) (50 43 45 62 71 36) 59 (64 2) (48 55) (73 47) (21 76 52) 6 (28 31 26 56 89 1) 41 (8 86) (14 3)
89: (54 75) 24 86 (73 7 18) (72 63 68)
90: (1 69) (60 23 87) (12 27 31) 90 (17 82 50) 76 (66 26) 9 (55 42) (2 3 24) (86 75 15 40) 38 (20 57 84 36 51 71 79 25 21) (62 33) (28 56 52 48 34 68) (81 89)
1: 76 (24 48 83) 52 82 (71 75 7) (42 3 51) (46 16) (43 4 25 87) (45 79) 21 9 (49 61) 12 65 55 (90 13) 6 (72 14 50 88 73 20 53 54) (56 17 40) 34 64 60
2: 55 (77 20 32 3 60) (67 52) (10 72 39 49) (85 79) 4 15 65 (63 7 21 18) (25 22 33 54) (5 42) (88 13 24 74 56) (58 75) (90 27) 43 (46 84 87 71) (80 82) (12 61) 16 44 62 (48 76) (1 38 6) (83 14)
3: 10 60 (58 79 54 50) (40 74 48 75) 72 25 16 33 (55 85 90) 7 (41 71 12 9 19 4) 32 (34 49) 61 76 (73 88 3 20) (56 80 13 6 63) 84 52 (45 24 83) (21 17 14)
4: 71 (45 87) 46 24 25 (21 79) (6 83 85) 78 52 72 (81 88) (13 4 37 48) (73 64 49 14) (69 76) (35 54 51 82 33 75) 56 67 50 44 16 (17 47 43) 7 (80 40 19 84 3)
5: (12 16) (61 19 58 71 2 14 80 54 83 64 24) (56 20 3 48) 42 87 (17 7 73) (52 88 34 77 6 39) 21 (76 67) (55 35 46 44 22 51 1 84) 53 18 (85 50 79) (72 26 25 13 28) 49 43
6: (49 17 16 51 54) (6 53 35) 7 (67 43) (2 42) (4 71) 27 (82 13) (83 15) 32 (48 75 77 26 79 73) (3 64) (1 63) (61 87) (60 72 25 19) 24 (70 84 56) 9 20 (88 14) (46 33 80 23) (52 12) (55 10)
7: (75 40) 44 (25 33) (64 24 54) 52 (47 55 34) (89 22 79 39) (13 43 60 65) (1 87 42 71 38 84) 10 76 (72 82 51) 30 (20 56 83) (3 35) (67 80 74) (6 61 16 48) 21
8: (17 69 8 37 2) (24 34 88) (56 32 33) 1 (64 40) (76 73 72) (21 87 79) (83 59) (43 52 55 54) 36 (84 28) 42 (12 16 20 48) 46 (13 4 58) 11 (71 39) (75 25 61)
9: 3 (67 44) 75 (25 33 62) (21 24 11 16) 60 (54 87) (81 55) 77 (48 43) (64 32 51) (71 17) 19 56 (50 79) 58 (4 85 83) 90 (52 73 12 38 7) (76 53 74 6 82) 34 61 42
10: (18 13 22) 6 (70 60 34 26 44) 16 (76 75) 14 (3 87 67 49) (11 1) (72 4) 54 (82 24) (21 30 55) 79 (61 73 71 12) 27 (52 7) (19 53 48) (84 20 58) (83 56 77)
11: 71 (6 77 52 63 55) (24 46) (54 79) (53 82 7) (58 51 67 12 50) (49 83 32) (88 85 72 33 74 11 56 25 76 43 1) (17 21 86 23) (28 16 87 64 48) (61 10 22)
12: (44 40 46) 1 (85 24) 36 (52 51 88) 19 10 (62 48 22 16 56) 6 (54 87 5 33 79) 45 67 (13 37 90) (12 30) (39 17) 47 61 (55 4 60 75) (18 83 84 71 34 21 25)
13: (56 22 21 13) (76 45) (87 48 33 52) (79 68) (16 55 71) (34 75 82 49) (4 80) (43 44 24) 46 (64 17 10 54 27 74 61 85 3 19) 6 7 9 88 25 (67 73 58 15 83) 20
14: (50 48 76) (82 60) 70 85 71 (44 14) 61 (42 25 4) 16 (24 56 80 2) (52 46 74 33 43 11) (83 3 87 34 37) (7 20 17 55 6) (21 15 13 88 62 69 19 51 79 54)
15: 27 (33 1) 20 (58 34) 54 (71 52) (12 83 7) (90 81 3 49) 17 (68 79) 45 (55 44 24) 67 (14 42) 43 (50 85 80 32 40 56 6) (87 28 16 61 2) 29 51 21 (77 86) (4 76 88 10) 48 (75 64 62 13)
16: (35 4 67 80 60) (71 56 43 9 24 6 23 88) (52 22 74) (49 20 26 87 14 16 64 55) (32 79 61 62) (45 76 69 58 63 5 3) (25 73) 51 19 (82 13) (50 40) (84 77) 83 (34 48 18 7)
17: (61 84) 45 1 (55 6 34) (39 24) (90 10) 56 63 21 (7 41 81) (3 77 76) 46 51 85 (36 13) (20 71 82 16 58) (4 32 54 87) 62 43 (67 53 48 14 64) (52 12) 83 88
18: 71 83 84 49 (6 64 61) 27 48 (88 1) (86 20 76 77 19 51 85 60) 67 73 (21 54 56 32) (5 52) (33 10 44 14) 3 (87 4 16) (43 35) 29 24 (7 37) 39 89
19: 38 (43 52 20 72) (24 25 27 22 55 76 6 56 14) 83 (3 21) 87 (88 34) (48 64 7) (75 79 61) 13 (53 73 54 71) (44 45) (16 77 70 67) (50 33) 17 31
20: (63 52 71) (35 19) (20 6 87) (17 3) 25 (76 80) (4 54 9 16) (39 46) (72 31) 85 (42 44) (51 1) (83 28 13 74 43 48 69) (24 26) (15 56 64 5 21) 34 (14 77) (7 40 88 67 61 53 41 90 60)
21: (88 24) 72 (50 54) 82 (87 71 48) (45 12 32) (76 17 22 56) (85 55 33 81) (52 90) 34 (77 20) (25 64 58 19) 16 (61 14 84 3) 6 (63 51) (60 43 1 83) 36 67 49
22: 24 (6 43) 84 48 46 (7 56 13 53) (25 79) 75 65 (32 83 45 64 12 19) (16 20 50) 26 (21 85 55 4) (52 5) (34 88) 18 (3 71 54) 76 (44 14) (69 61 67) (17 49 73) 36
23: (85 42 43 52 55 12) (78 37) (7 4) 6 (49 81) (75 50 71 24 54 26) (32 76 56 61) (63 28 14 73 51 48) (2 13) (3 46 90 83 39 21 34 16) (36 67 87) (1 25) (84 44) (79 53)
24: (57 43) 80 (83 87 2) (67 55 84 46 50) (25 59) (12 52) (20 17) 70 (49 26) 75 64 (48 71 44) 34 (36 54 89) 90 13 (56 72) 14 (15 85 41 73) 76 60 (1 24 7 61 88) 19
25: (73 4) (20 39) 11 (17 77 84 87 38 74 67 65 53 55 3) (34 45 14) (46 32 75) 79 (72 15) 6 (19 80) 1 33 (56 48 88 81 12) 25 63 (51 61) 26 (83 21) 76 71 13 (52 90 7) (2 82 64) (16 54)
26: (46 3) (72 79 64 84 6) (87 58) (10 48 49) (62 83) (17 21 9 12 24) 63 (16 51) (55 71 25 74) (61 77 43 50 67) (7 56 5) (20 85) (73 76 90 52 88)
27: 43 (87 51) (75 61 30) 12 (85 52 54 3 7) (73 6 2 83 70) (56 88 81 62 25) (46 55 64) (39 26 60 14 48 45 19 65) 90 (21 49 71 53) (67 24) (4 36 13 79) 10 1 (17 20)
28: (26 13) (90 79) 75 (43 73 52) 77 (88 58 87) 61 64 (56 14 50 76) 86 24 (32 63 16 19 67) (80 39 6 51) (2 48) (71 83 54) 25 42 (55 22 70) 23 (38 20) 82 65 (12 85 17 84) 46
29: (54 49) (6 2 52) 35 25 (71 38 16 79 85) 43 3 64 (48 81) (67 45 22 26 72) (76 83 34 56 69) 24 (73 40 21) (4 20 12 7) (80 58 32) (17 88 53 36)
30: (61 32 62) 71 22 (9 8 13) 85 (48 4 50) 67 56 (81 76 3) (82 79) (2 24 46) (87 72) (49 16 26 83) (51 64 10 58) (55 14 6 73 77) 54 (39 38) (33 20) 21 (43 84 52 44) (25 17)
31: (20 32) 3 (24 84) (72 12 55) (44 16 56) (46 71 83 39) (76 43 14 2 27 67 21 6 7 52 49 61 36 17 85) 79 70 (34 48 5 90) (82 64) (75 88 30 19 4)
32: 3 38 44 16 (88 40 7 34) 24 19 (85 54 20 13) 67 61 (75 21) (2 83 71 51) (56 48 52 79 43 76) 64 (6 1) 25 55 (4 17) (84 53)
33: 54 (83 52 17) (49 60 21 20 72) 62 81 (44 33) 67 14 (85 1 26 25 10) (71 16) (32 12) (13 48 51 43 64 87) 4 (61 47 55 2 27 56) 3 40 38 82 80 (24 90 46 75)
34: 9 (40 75) 12 (73 63) 38 (76 42 1 84) (54 3 14 33) (16 81 21) 83 (74 7 17 87 52 61 22 69 50) (71 85) 55 (20 88 39 44) 48 (2 13 46 56) 90 (24 32) 25
35: (26 84 82 88 13 80) 16 (67 85 5 7) 42 71 (19 45) (59 54) (48 25) (43 50) 61 (75 9) (55 58) 14 (12 24) 3 (73 69 46 76) (2 30 56 21) (72 35 38 18 60 33 81 83 20 32) (40 17 52 4 64 87) 22
36: 16 (19 71 20 21) (58 83 2 46) (32 24 88 50) (64 55 53 90 76 84 74) (14 45 10 56 75 25 87 37) (44 52 43) 15 (1 27 18 3) 26 (9 85) (48 28 60 54 12) 80 (77 79 61)
37: 45 (12 21 29) (61 79) (71 17 64 75 50 48) 85 84 51 18 (4 7) 83 (24 67 60 13) (55 10 87) (52 81) (63 40 74 25) 14 (1 38 43 3 70) (33 44 54 56 72)
38: (85 74 72) 25 (80 83 57 18 22) 90 (4 63) (38 54) 76 (46 49 14 21) (32 48 19) (7 16 3 67) (64 43 13) (60 61) (20 82 27 31 79 11 50 45 1 51 39 12 56) 75 (52 71) (42 6 24) (55 88 44 58)
39: (39 17 4) 34 (62 83) (10 24 21 61 32 88) (13 12) (71 87 42 64) 49 (6 23) 67 16 43 (76 33) (56 72 1) (35 75 54 80) (22 60 28 74) (25 45 51 20 52 14)
40: 44 22 (25 67 54 46 18 43 11 56 28 27 34 13) (50 12 55) (48 7 61 16 72 83 32) 19 (21 76 3 52 85 60 4 20 6 79 74 75) 64 71 (10 84 90 73 87 88) 17
41: (21 32 36) 33 51 (77 62 39 17) (14 40 20) (24 3 4) 61 48 58 (7 2 52) 12 (53 83 84) 34 56 54 19 85 22 (55 16) 71 (88 50 87 44) 49 67 75 (25 73 38)
42: (21 12 72) 37 (55 74 87 25 20 1) (81 11 7 53) 61 51 (16 47 17) (29 71 77 52 88) (76 67) (27 79 62) 26 (58 3) (10 75 46) 85 (33 6 34 80 64 49 2) (24 90 83 82 43 14) 60 (13 56 48 54)
43: 67 (75 10) 61 (2 20 7) 71 (6 60) 3 (63 47 83) 52 42 (12 85 46) 38 (88 79 62) 64 69 56 (24 9 13 43) (82 22 58) (50 17) (14 16) 55 (72 33 30) 25 (76 48 26 28)
44: 3 73 67 (20 16) 38 48 40 87 61 64 (7 52 21) (56 34 54) (11 10 83 85 24 12) (39 27) 15 (37 44 22) 6 36 (77 84 71 76) (19 58 55) 43 79
45: 72 5 (42 47 54 81 41 52 46) (84 57 24) 69 (21 61 88) (63 36) 27 44 17 55 (23 16 83 3 50 48 32) 1 (25 43 58 4 87 37) (7 51 12) (49 33) 67 (40 34 14 56 20 75) 76
46: (48 70 19) (51 40) 71 46 (18 77) 17 61 (32 52 35) (87 75 60 85) (12 6 22) (2 72 55) (67 80) (76 58) (16 73 50 64 1) (3 7) 79 (45 21 28 63 74 24) 54 (20 84 56 10 43)
47: (85 59 67) 80 45 (6 51) (76 71 7) 88 (10 75) 25 (21 20 4 52) 87 (62 17) (37 54 3 79) (16 56 42 61) 35 (12 26 49 84 14) 48 (2 82) (60 83 13 46)
48: (60 25 90 73) (88 34) (12 24 67) (56 1 14 74 29 48 19 7) (35 16 37 21) 71 6 (44 50) (76 27 54 61 75) 70 (43 86 3 64 20) (4 52) 72 38 (83 77) 17 81 (87 84)
49: (51 82 52 56 33 75) (84 13 21) 85 (36 20 34 76) (6 48) (2 12 64) 49 (87 15 73 83 50 67) 79 (63 54 55 61) 58 (24 4 19) (11 16) 1 53 60 (39 22 46 77) 30
50: 83 54 80 16 70 (49 2 3) (6 21 12 34 55 64) 35 (36 88 24 71 67 58) (27 13 20 14 23 74 62 38) (1 46 90) 45 (52 56 17 15 85) (33 76 25) (7 60 84 37 40) (87 75) 61 48 43
51: (79 1 58 61) (32 13 25) (62 72) 21 (73 35 19 76 7) (83 3 40 22) (44 6) 48 (88 20 16 24 84 64) (33 87 90) 51 (34 56) (52 67 82) (80 75 71 42 77 85) (14 55 49) (54 46)
52: 46 71 (20 35) (19 90 13 63 64) 34 73 (67 55) 80 (33 77) (53 48 56) 58 (88 6) (83 24 45) (10 16 84 54 38) (76 17 61 44) 9 (82 25 36 79) 72 (1 87 27) (39 52) 43
53: 11 (21 52 2) (73 19) (49 3 47 71) (46 24 76 75) (66 58 10 36 1) (7 87 84) 6 79 (16 25 20) (55 82 4) 12 (27 85) 56 (44 83 17) 33 50 51 (54 61) (13 63) 74 (64 69) 38
54: 56 (89 84 81 46) (73 50 49 24) 78 (83 16 17 67 6) 79 (87 25) (54 60) 61 85 19 37 43 (76 45 53 71 4 74 38) (1 20 48 44) 33 (55 66 42 34) 52
55: (13 50 10 67) 55 (90 25) (7 16) 56 39 (54 17) (5 88) 84 (27 87 34 21 19 38 37) 36 52 (80 51 61) (83 3 28 43 68) (1 75 76 48 74 58) (85 71 24 6 46 72)
56: 12 (19 82) (87 75) (68 74 51 73 35 72) (71 14 38 28) (25 13 20) 34 22 56 (69 16 55) 61 (60 21 76) 2 27 53 36 (85 54 1) (52 26 46) (83 67 90 33 24 43) (17 86) 32 44 (84 88 7)
57: (84 34 63 53 16) (85 57 61 3) (17 6) (26 22 90 10) (24 87 76 52 77 18 36) (39 12 64) (75 56) 20 48 (67 72) 14 (71 73) (47 83 88) 25 79 21 46 (82 51 54)
58: (61 16) (4 24) 73 81 (52 6 25 46) (40 72) (80 45 14 50 69) (38 77 87 58 64) (63 75) (67 71 83 12 43) 19 (2 82 55 76) 1 (48 79 88 3 54) (33 21 17 56 22)
59: 27 62 (61 71) 19 52 51 3 (72 1) 57 43 (48 46) 54 (75 10 45 67) 33 56 (11 81 87 6 64) (35 21) 88 (53 49 40 12 13 55) 38 (79 84) (25 7 44) (50 24) (16 74) 60 5 (76 32) 83 2 4 80
60: (19 54) (67 82 10 56 33) (72 14 73) (55 9) (30 28 1 45) (13 51) 6 (61 7 77) (71 66 20 79) (85 24 26 43 4) 21 52 (37 90) (49 22) (16 80) (42 34 83 3 36 48 25) 76 58
61: (12 48) (79 55 71 75) 52 (43 32 76 46 27 83 21 4) 64 (7 24 26) (6 87 3 53 37) (61 67 56 33 54 14) (36 20 58 45 84) (16 49 85) (19 13 34 41) (44 2)
62: (73 7) 87 41 46 77 (42 67 28 45) (48 43 82 6 83) 2 4 54 69 (14 26) (55 52) (61 51 58) (39 10 71 76 72 90 84 3 22) (12 56 35 33 32 50) 60 25 (16 17 88) 20 21 80
63: (1 29 25) 21 56 4 (49 36 67 69) (76 52) 58 43 (75 22 64 34 40) (20 61 87) (12 50 33 83 32) 84 (71 28 13 39 44 16) (46 14) (7 89) (3 54 88) (59 24 9) (85 51)
64: (48 61) (71 19) (6 75 17 21) 49 (85 58 16 3 25 83) (76 13 33) (69 7 43) (15 24 36 4 18 77) (20 50 52) 10 88 62 55 (45 56 46 67 12)
65: (1 66 39 3) (54 76) (33 2 48 85) (7 20) 52 (55 87 34 10 57 30) (61 60) (82 6 75 64 21) 44 83 (43 17) (71 25) (72 56 35 24 4 13 79 73) 67 88 19
66: (90 7) 37 73 (51 50) (77 16 53 10) (87 48) 26 (24 58) 42 (25 32) 52 (84 71) (46 80 43 38) 54 64 (59 18 83) (61 79 17) 72 (76 14 1 67 85 12 35 55) 36 (20 4)
67: (62 6) (16 25 48) (71 76) (83 55) (20 85) 14 1 (21 52 53) 18 88 (35 60 63) (38 61) (26 46 72 87 49 7) (24 77) 3 22 75 50 12 (13 56) (70 64 79) 44
68: (48 52) (74 54) (88 72 7 58) (6 16) 87 64 (69 38 84 2 56) (75 71) (82 34 90 89) (26 19 33) 20 (25 15) (77 32 29) 39 67 12 (14 46) (66 22) (3 63 21 24) (13 55) (37 50 83 85)
69: 46 65 (66 16 51 61) 18 63 13 56 (32 84) (72 49 52 71) (76 75) (37 17 22 21 88 33) 79 (64 12 58) (15 90) 48 (3 53) (43 54 6 25) (73 35 24 67) 83 (42 50 55) 20 7 85
70: (24 40 27 18) (83 14) (37 58 25) (16 10) 77 85 84 (33 76 88 7 20) (67 80 49 87) (75 61 56) (13 71 46 34 73) (79 54) (50 3) (1 45) (21 51 64 59) (52 6 2)
71: 3 (40 75 46) (45 39) (60 6 52) (2 34) (90 20) 48 (18 76) 19 (55 56) (64 24) 1 83 (87 12) (67 28 77 53) (7 85 42) 61 74 21 (73 25 58) (79 88) 54 71
72: (85 51 33) 89 79 (1 80) 14 25 32 (83 53 28 43) 75 (24 6 48 60 55 56) (54 84 59) (9 71) 46 (50 34 87) (30 76) (16 36 82 88) (81 61 52) (3 37 21 12)
73: (59 3) (60 48 74 78) (45 75 79) (72 46) 84 (51 20 89) (44 64 61) (83 88) (21 76 52 12 80) (2 24 58) 87 33 (50 42 71) (49 13 39 17 6) (26 38) (70 73 67 16 56 62) 1 (25 7)
74: (83 75 65) (49 12 56 17 71) (63 51) (87 14) (13 21 72) (79 58) 85 88 (55 16) (38 33 44 67) (24 52 76 82 19 77) (27 25 61 46) 43 (20 7 39) (3 34) (22 84 54)
75: 56 (83 64 25) 17 52 86 39 (60 48 43) 75 (28 3 76 44 73) (7 23 46) (63 24 33) (4 20 10 59 79 1 37) 6 66 51 (42 90) 16 (13 71) (89 55) 87 (72 61)
76: (14 42) (63 88 24 33) 7 (90 21) 48 (4 54 10 12 87 76) 83 22 (77 52) 72 (27 6 3 56) (36 61) (43 59 25 53 64 5 84 81) 16 13 (80 32 17 79) 67 (66 44) 71
77: (34 73 6) (14 7 16) (3 83 51 21) 79 (42 20) 33 (50 43 48) 29 85 (24 13 84) (37 46 19 25 71) 72 (64 54 52) (61 45) (75 27) (41 44 76 67 30 58 87) (88 56) (17 53)
78: 13 80 (48 54 85) 14 (82 67 65 87 10) (77 74 19 33 16) (79 12 49) (2 60 6) 20 (88 25) 75 (58 4) 1 (55 52) (84 43) (21 56) (24 22) 50 76 (41 42 61) (70 7) (32 40) (17 3 83 27 35 71)
79: (40 64) (53 84 82 73 87) (49 65) (20 86 54) 43 13 (39 32) (85 66 38) (90 77 71 79 52 24) 44 (50 21) (51 61 83 17) (48 58 67 63) (69 16 10 3) 42 1 (14 12 74 56 76)
80: 28 (6 26 56 4 43 64) (24 63) (60 73 3 74) (85 19) 14 72 52 (10 44 55 50) (79 87 34 67) 7 (1 71) 84 (54 66) (80 25 21) (33 48 16 76 39 61 2 83 32 12 82) 13 20
81: (33 76 64) (37 10) 25 (20 24 55 84 56 90) 17 77 (7 39 79) 61 54 4 (44 53 67) (45 43) 46 (50 52) (34 21 71) (80 87 11 75 51) (83 48) 70 (42 73 72 49) 3
82: (8 60) (58 83 43 54 79 78 44) 84 (52 12 82 20 46 3 90 7) 64 (50 51) 55 (25 80 35 85 33 71) (6 2 14 1 87 49 34) 16 48 13 10 (67 56) (24 61 4 75 32)
83: 73 (83 46 37 69 34) (61 6 39 48 24 45 26 38 67 35 82) (50 85) 20 (76 64 29) (17 71 75 5) (4 36) (52 87) (56 13 55) (88 51 43 12) (25 77 54) (16 84 33) (7 60 49 3)
84: 3 67 (40 33) (64 83 76) (87 4) (24 1) 12 (61 34) (27 56 88) 21 (39 55) 19 (54 52 43) 22 50 17 (79 82) (6 77 73 85) 84 (71 72 7) (48 20 45 90 75) 16
85: 48 17 21 (4 84 44 75 1 55) (52 85 73 61 13 79 24) (43 88) (23 76) (42 71 83) 51 64 (6 67) 77 (12 58) (46 20 56 3) (25 16) (53 50) 54 82
86: (20 12) 14 (44 58) 2 (59 82 87 21 18) (33 66 69) 16 71 (85 10 3 55) (62 72 25 22) (40 34) (80 46 4) 88 (77 67 64 89 35 56) (47 54 7) (41 84 73 1) (27 48) (6 75) 90 (52 83) 43 37 79 (76 13) (49 61 24)
87: 65 82 (14 45) (83 54) 32 17 (25 10 80 56) 21 (85 20 2 73 16) (69 18) (41 55) 71 (87 52 60 6 49 3 43) (27 81 44) (51 72) 33 (88 4) (64 75) (19 61 46) (76 77 48 12 90 15 50 67 39 1) 26 24
88: (6 38 49 24 56 55 12 14) (71 3 43) (54 82 39) 41 (7 46 45 73) (35 81 33 84) (51 79) (27 34) (67 83) 20 13 (4 32 17) 52 (85 64 88 87) (30 60) 16 48 (72 61) (62 74) 25
89: 16 (48 64 42 82 32) (51 13 3 75 9 35 22 44) (90 71 10) 40 50 81 (85 25) 37 (59 53 19 24) (49 39) 67 52 (21 14) (43 87) 20 (7 73 58 34 76) 54 (83 60) (79 2) 56 74 (46 1) 88 (27 55)
90: (2 35 12 16 6 21 78 1) 55 54 (20 90 43 38 83) 11 (79 5) (25 73 82) 64 (76 48) (61 44 19) (51 3 50) (14 40 52 7) (71 74) (88 4) 42 (67 37 56) (13 24 66 9) (26 72 46 17)
