90 90
1: (47 3 83) (30 56 78) (27 84 28 17 26 88) 34 9 (63 80 86) 81 54 (2 25 58 79 15 53 55 13 39) (1 75 71 23 10) 73
2: 20 82 79 34 62 56 (90 75 64 59) 58 (21 70) 88 (87 83 52) (53 76 77 51 63)
3: (5 63) 25 34 74 (69 43 50 7 89) 13 (48 4 10 83 58 30 90) 38 (1 46 40) 44 (81 36 41 2) (49 12 27 19 6) (23 51 64 35 37 88)
4: 19 (37 67 6 20)
5: (19 84) (32 27 18) 16 26 (42 12) 37 (83 79 20) (29 7) 80 (25 11 15 70) 22 74 (81 34) (4 58) (48 75 43 38) (14 90) 41 (61 17 56) 76 (51 57 71 46 89) (77 82 50) 21 88 (6 40 33 49) (54 5 36 9 53 73 63) 35 (60 45 59) 72
6: 43
7: 63
8: 48 (3 89) (68 77 69) 86 39 (60 40) (43 80) (36 1) 21 (11 62) (31 74) 49 (37 45 18 71 88) 7 34 (20 79 24 75 8) 76 (47 13 84) (22 58) (90 6) (56 19 9) (54 82 38 44) 25 (83 66) 2 41 (64 50 23 57) (55 52 65 51 53) (72 33 63) (5 81 32 15 26) (16 87 35) (10 67) (61 4) (85 59) 17 (29 73) 70 (14 27)
9: (1 37 69 85 26) (9 74 34) (82 33 43 30) 86 56 (3 17) (77 14) (38 68 44) 16 5 (27 24 90 4 2) 88 62 (39 22) (25 66) 73 15 6 (21 75) (76 79) 23 (7 61 51) 12 47 8 78 (11 19 54) (83 32 63 72 10) (52 67 36) (64 60 80) (55 20 81 41) 28 58 (35 18 59 46 49 53 65 13) 48 (42 40 87 31 70) (84 57) (89 29) 50
10: 53 (40 9) 45 19 (49 62) (77 61) 80 51 (7 54 41 31 83) 38 (81 13) 25 75 (34 78) (72 68) (2 87 8 14 76 37 89 1)
11: (31 19 78) (71 85 4 41 86) 47 (29 45 34) (49 66 42) (37 84) (18 48 40 87 79 58) (81 33) 17 (61 90 55) 20 14 (46 65)
12: (39 17) (43 64) 32 71 (45 49 59 30 70 41) (34 63 35 52 2 25) (50 56 28) (60 68 37) (27 81) (12 18 22) (11 82 46 14 10) 51 62 5 3
13: (68 4) (77 53) (71 56) 69 (48 74 75 17 31 12) 44 (43 29 84 67) (61 14 58 70) (39 88) (81 51 36 20) (30 21) (79 62 37 50 59) 23 (3 42 26) 9 (82 64 65 1) (80 28) (66 13 2 24 35 41) 89
14: (69 74 64) 12 (28 29 7) (56 15) 4 42 (86 20) 1 60 (36 81 65) (75 2 47 46) (79 63 23 17) 27 (30 16 41) 19 (84 62 82) (11 58 87 90) 67
15: 44 (46 32 14 9) 39 (15 80 30) 43 (5 19) (59 57) 66 26 67 29 (83 4 35 87 2) 73 (60 28 33) (37 16 81 52 76) (12 79 58 70 27) (90 7) (61 75) (8 41) 1 24 11 (25 6 23) (34 71) 22 (84 78 50 89 56 21 51 49 85) 86 (72 10) 36 (38 62) 82 31 (3 45 42 17 55) 48 (40 68)
16: 16 9 (65 77) (2 80) 39 (6 71 30 76 32) 66 34 (18 45 50 13 4) (17 60 35) (90 47 21 42) 27 89 (28 51) (12 38 59) (22 40 44) 67 52 7 (10 70) (69 81) (29 8) (31 54) (63 1) (87 73) (62 3) (20 56) (37 83 74 5 75) 84 (15 58 55) 57 (61 49 25) (43 48) 23
17: 66 43 (31 39)
18: 8 (1 35 61 7) (44 42) (5 27 85) (28 84 55 52 58 70 19 78) 36 2 29 22 56 (32 40) 10 89 (74 18) (80 59) 33 (34 13 60 41 45) (64 57) 67 (47 39) (88 6 53 65 79 77) (62 75) 23 (90 3) (72 46 15 24) (83 21) (68 87) (48 20 11 54) 76
19: (40 32 5 72 31) (59 16) (30 18) 86 21 (51 75 2) 70 (26 65) (7 90) (3 63 74 78) (57 50) 25 33 (82 9)
20: (59 67 89 12 61 13 70 7 64 1) (17 68) (15 23 66) (85 8 47) 50
21: (76 74 17) 15 (57 66 44 43 24) (88 81) (1 87 79 65)
22: 3 40 (59 73 12) (57 55 45) 76 (20 47 42 65 60 51 62 18) (19 6) 21 (82 2 31 43 44 67 80 17) (34 78 37 35) (84 46) (7 64 61 27) (16 58) (4 49 32 63) 70 86 5 (87 26) (33 24 39)
23: 37
24: 33 (50 88 87) (21 66 52 17) (23 39) (63 65) 57 (54 32 3) (40 42 55) (76 69) (14 9) (85 24 86 90) 7 77 (16 41 73 46) (38 72 53) (6 60 34 11 28) 45 75 (8 25) (31 37) 84 (79 10) (5 1) (56 67) 15 61
25: 39 (1 59) (77 25 62 4) (74 57) 45 (23 55 7 71 75) 64 (40 28) 30 (13 12 65) 41 68 (69 51 11 56 8 54 27) (90 18 32 60 43) (34 10 80 16) 85 (42 6) (66 86 82) (61 67) 47 (19 14) 15 (3 31) (5 89 78) (70 58) 79 (38 53) (9 63) (52 88 29 37 21 44 33) 26 20 (83 87 17 81) (50 84 72 76 46) (24 22)
26: (37 86 68 30 64) (89 4 88 63 5) 66 19 41 51 62 38 (87 12) 83 (55 48) (16 42 26 43 76) 50 60 (44 3 73 80) 15 (32 52) (85 31 11 57) 47
27: 10 (77 2 81 72 69 40) 56 (39 6 30) (54 34) (80 44) 71 (63 49 42) (75 89) 27 (79 53) (46 12) (41 59) (85 17 13 57 74 37 50) (36 55 20) (26 15)
28: (31 65)
29: (24 52) 16 (26 68) (39 75 85 34) 64 54 (69 86 23) (20 48 60 55 28 46 84) (77 38 36) (4 49 1 33 45) (47 76 11) 71 (65 18 56) 12 (81 21 41 3 72 62 89) (73 80 51 7) (9 40) (79 90) (44 83) 82 (25 59 42) 8 27 (22 66 88 6) 57 (67 63) 32 14 29 (10 31 13)
30: (41 1 18 48 32 33 54 68 83 15) (55 90) (59 62 88) (77 71 64 53 72 3 84 46 80 24 27 26) 7 (60 19 63 30 47) (51 81) (9 73) 70 21 (75 58 11 2 49 74) (50 79 37) (23 65) (61 34) (38 16 13) 42 89 (76 29) (31 35 12 45) (86 10) (14 8 17) 82
31: (60 59 63) 22 (78 4 42) (56 28) (1 40) 11 (69 50) 26 (24 88) (32 64 31) (53 9 2) (33 70 68 77 43 41 18 44 47 74 45) (49 10 52) (48 58 8 86) (36 85) 87 (37 38) (71 79 7 39 62 76 46)
32: 45 (15 52 69 73 37) (3 17) (30 74) (54 19) (23 10 72 84 1 2 47) (79 53 16) 77 (12 38) (81 36 88) (58 82 14) (85 51 89) (21 61 31 50) (29 40 71 46) 43 5 (78 39) 62 (65 34 70) 90 (6 25 55 60 76) 66 48 49 (63 13 83) (87 9 32 68) (57 24 22 8) 7 (4 18 41)
33: (81 23 76 77 46 44) 51 87 21 (58 8) (66 60 72 16) (4 70 22 63 82 1 33) (89 15) 29 48 (25 59 65) 83 61 (12 80 31 45 20) 50 35 79 (52 69) (9 53) (40 64) 55 24 (28 90) (27 38) (86 67 57 6 3 34) (10 18) (74 49 32 39 14 17 2) 37
34: (60 44 29 56 34 18 22) (5 24 62) 87 23 (20 90 52 89) 38
35: 57 7 33 32 (67 48) (9 11 14) (63 39 34) (8 84) 71 (54 4 15 90 59 29 53 37) (43 27 72 24) 44 (60 55) 12 (61 23 28 6) (73 80 22 35) (41 30 25 78) 56 79 52 19 (42 47) (49 26 75) (81 3 1 89) 74 58 (70 77) (45 5 17) (68 36 51 10) (82 87 69 65)
36: 50 (12 68 7 46 11) (53 69 37) (2 26 85 62) (10 75) (79 32 61 1 83) (31 52 90 84 76) 42 (14 65 64) (47 87 60 86) (72 74) 81 (3 29 55) (24 48 4) (15 16 89) 43 20 (27 82 58 39 19 77 6 25) 13 78 (67 33) (51 18 59)
37: (12 47 10 85) (57 38) (87 37 27 17) 66 (67 25) (33 19 78 6) 62 (40 44) 59 (55 9 8 63 2 45 39) (58 75) (41 35 81 56 43 34 30 29 18) (49 51) (73 7 4 16 69 1) (86 20 83) 80 84 65 88 60 (61 74 72) (21 90 64 22)
38: 76 (70 4 64 36) (14 3 7 51 27 50) (23 2) 68 (17 54) (8 1 33 88 19) (16 42 48 66 32) (57 80) (38 9) 49 (40 30)
39: 41 55 (39 22 8) (28 80) (64 61) 25 (72 1 37 29 49) (73 60) (58 65) (33 40) (67 87 11 15 30 52 18) 19
40: (45 75) (82 16 18) 9 (2 58 32) (33 35 42 34) 51 72 69 (89 13 87 3 66) (76 30 73) (90 62 63) 31 7 (60 14 11 81) (47 88 52 54 5 85) 20 79 49 (80 48 68) 64 (59 70) (27 23) 29 56 36 (41 28) (44 55) 65 61 (43 1 78 77 38 46 17) (15 4 84 19) (10 6 86) (83 22 37 57 53 8 12 40) 71
41: 34 (28 86) (88 17) (48 42 56 70) (64 68 18 23 43) (84 67) (66 38 15) 65 (37 89 10 5 52 16) (27 46 6) 19 41 57 3 (26 73) (44 21 58 1) 61 (76 55) (71 36 8 60) (2 82) (12 80) (87 79)
42: 56 (82 1) (59 65 10) (3 55) 27 83 (34 16) (84 18 76) 58 79 60 23 (64 32 39) (52 21) (51 77 40 35) (9 2 57 86) 81 (70 43 74) (14 17) (5 30 61 4 22) (50 38 88) (47 20) (7 8) (11 28) (63 49 78 24 46 69) (71 53 68) (75 29 90)
43: 63 51 (69 57 82 61 50) 37 (62 41 16 15) 6 28 (77 83 54 56) (29 89 86) (17 13 32) 38 (42 85 34) (1 22 45) 87 71 40 (64 55 5) (72 10 58 67) 4 (47 26) (78 66) (75 73 59 24 90) (30 2 12) 25 8 (60 21) (7 19 18 76 65) (68 53 74 39 70 14 9) (36 31) (81 48 52 11) (80 44) (20 33) 43 (46 49 79 3) 84
44: 13 (57 34 72 16 37 71) (2 32) (21 55) 8
45: 36 79 (3 63 10 86 49 16 76 20)
46: 48 43 (4 42 69) (34 83 11 88) (66 44 64 10) 67 33 (20 7) (18 13 68 79 8 1 29 82 39 23) (19 74 62) 81 (72 40 30) (46 28) 71 (52 37 15) (57 24 6 87 26 31) (78 35 86) 70 51 (50 41) 56 73
47: (62 6) (37 9 42) 89 (33 54) (81 72 71 63) 82 (16 26 5 21 41 79 27 69) (67 57) (47 14) 22 (17 87) (40 39 44 83 77 56 13 66) 78 (20 76 1) 31 (58 10 32) 46 (65 19) 2 (50 52 55) (80 45 43) (60 18) (88 53 48 4) 23 61 15 64 (34 90 70) (49 86 51 85)
48: (76 5) (2 14 32) (1 31) (7 46 87 63) (60 66 39) 30
49: (64 40 86) 63 (19 75) 37 (59 71) 76 48 4 21 (14 46 45 36 1) (33 84) 88 (39 62) (25 9)
50: (22 29 33 80 64 85) 87 24 (89 20) 63 (78 86 14) (60 8) 84 25 53 77 39 (40 61 13) 56 (28 3 82) 38 (41 74) 34 45 (81 17 12 21) 7 (54 31 73 76 66) 49 23 2 79 83 57 (70 30) (6 16) 9 (75 62) 90 (50 65 32) 88 52 (51 37 72 15 69)
51: (45 2) 34 23 16 (75 47) 19 (59 89) (1 25) (29 10 66 56 49) 22 (62 69 43 50 13 86) (76 17 44 67) 26 (38 78) 77 90 (32 46 5)
52: 69
53: 24 (20 58) 13 45 (40 49) 64 (18 5) 26
54: (47 34 40) 9 (68 60) 13 (36 30 81) 23 71 (31 79 42 67 29 55) (50 37 56 20 8 16) (73 53) 80 89 (61 4) (25 86) 38 90 85 51 11 (75 82 14 77 12 27) (35 66) (59 17 18 54) 43 (83 63 28) (5 64 57 33 26) (72 49 84 88 58 2) 70 (62 52 24 10) (41 87) (15 45 7) (74 22) 46 (19 69) 44 (32 48 39 3 78 6 1 21) 65 76
55: 83 71 29 (38 10) 78 79 (88 54) (19 87 74 51 18 15 36 7 64 25) (82 72) (63 9) (34 43 57 5 56 62) (69 67 16) (2 89 20) (60 30) 45 39 (44 53) (75 81) 48 41 (70 47 61 4 33) (21 76 37) 80 59 (28 84) 8 (22 49 65 32 14) (11 42) (46 86) 77 (24 13) (50 6 73) (17 68) 26 35 58
56: (1 63 54 29 57 82 34 89) 66 (77 28) (71 17) (31 87) 19 (49 62) 32 (2 78) 70 85 (3 36 13) (4 27 26 48 79) (90 18 46 15) (39 40 45 16 38 83) 61 (33 14 30) (12 8) 52 (5 80) 68 72 24 21 76 9 (11 25) 23 10 (58 37 64 55) 74 (47 67) 69 (84 7 59) 22 (60 20) 43 (51 75 65) (50 41 53) (88 81)
57: (75 44) (87 26) (35 70 57)
58: (88 13) 19 44 (18 71) 20 (59 31 14) (1 70 41) 7 68 (32 39) 73 (38 40 53) (86 6) 64 66 21 (85 61 54 89) 83 9 78 (42 2 24 87) 48 15 23 45 (47 35) 17 (12 51 72 37 34 49) (30 28 56) (52 43)
59: 1 44 (83 7) 76 82 (90 2 4 87 85 28) (89 42 62) (29 20) (84 53 75 11 9) (45 12 77 21) (23 70) 47 57 (61 51 14) (46 24)
60: 52 87 49 90 (44 19 42) (85 48 75 34) 65 71 (28 46) (66 77 24 9) (8 18) 78 (4 43 56 60 82 16 53 58) (5 59 14) (86 41 62 45 13 64) (36 51) (73 3) (33 20 17 32) (7 21 25 68 23) (67 70 27) 6
61: 16 (63 22) (82 14)
62: 43 18 (44 54 49 45 9 72 24 57 21 77 87 29 71 22) (85 64 34 86) (2 5) (50 17 81) (79 51 14 20 89) (4 19 38 74 73) (63 26) (47 30 13) (15 36) 69 (82 25) 31 58 (28 53) (23 52 61 83 48) 46 (8 65) 6 66 (27 59) 33 (7 42 90) 88 (80 35 16)
63: 24
64: (14 61 88 26 23 8) 76 (24 48) (46 74) 32 83 (45 80 12 28) (72 84 6 21) 85 (73 18 20)
65: 58 83 13 (62 66 26) 57 (69 17 10 46 88 19) (29 27) 38 (84 50 86 39) (22 74 23) (79 72) 80 71 43 55 7 6 (11 81) 76 34 2 20 14 68 (56 44 63) 75 (85 70 31)
66: (31 79 73) (24 70) 12
67: 21 87 (26 4) (23 70 81) (65 24) (64 28 29 88 83)
68: (84 32) (9 81 89 78 88) (87 10 16 60 59) (20 55) (43 48 80) (8 53 75) 90 11 38 61 76 (66 65) (35 3 14 22) (19 41 4) 18 (83 7 79) 70 (2 46 40) (72 49 29 54) (17 15) 51 67 (6 21 58) 71 12 (86 57 74) (62 27) (37 26 64) 39 (30 77) (68 13 24) 56 (25 42 63 82 52) 73 69
69: 49 (3 19 1) 52 (73 34) (66 69) (32 13) 78 81 (67 63 29 53 24 28 75 77) (51 23) 59 (14 87 56 86 85 82) 64 48 (62 21) (41 54) 47 (79 80) (71 70) 5 (72 36) 16 4 (44 43) (50 76 30) (37 35 38 22 10) 40 (11 65 26 83 15) (18 55 39) (90 6) (57 68)
70: 53 31 (2 41 65) 19 89 (24 72 70 62 76)
71: (11 17 37) 64 34 44 (25 85) (30 58) (12 26 49) (55 40) (82 76 3) (79 80) 29 (52 6) (75 4) 78 47 (8 48 87 23 36) 54 (33 59 21 70) (71 28) 10 73 (27 60 35) (69 32 41 62) 13 (1 84) (51 90) (53 46 24 56) (89 9 50 66) (45 19 57 42 86 43) (81 22)
72: (42 76 51 86) 90 (89 19) (15 41 49) 7 14 (75 71 55 64) (62 73) (37 24 12) 87 (84 83) (27 21) (82 9 78) (66 60 54) (85 10) 74 (3 28 26 11) 23 (33 8 6) (47 34) (44 81 20 32) (79 52 36 43) (48 69 18) (45 13 25 53 2) 22 (63 59) 68 57 (38 35) 56 (4 80) (50 30)
73: (86 40 39 18 11 13) (55 81) 67 (70 42) 50 (84 21 52 43) (88 78 46 3) 74 (9 33 82 2) (22 90 76) (61 69 32 80 57 64) (5 12) (10 36) 83 35 (19 31) 60 (15 23 85 48 56 59 77 89) (41 6 44 17 63) 24 (75 53) (1 16) (37 49 14) (8 47 30 73 45 29) 68
74: 18 76 19 59 (17 35 42 33) 73
75: (30 63 44) (88 46 4 37) 65 (68 51 25) (43 17 24 90 29 52) (8 34 82) (31 36 89 28 12 39 53 6 64 62 22 57 87 72 81 9 78) (32 3) (13 10) (20 5 18) 80 (71 15) 21 (60 48 1)
76: 74 (21 55 43 22 90 33) (50 29) (27 18) 73 (76 2) 35 (59 87 20) 6 36 60 (80 26 15) 53 (52 46 41 71 23) 67 (24 30 5 84 16 88 83) (51 44) (49 62 65 54)
77: (80 62 29) (6 12 18 75) (78 27 25 9 36) (1 38) 44 2 49 (30 81 32 53) (19 56 85) 55 (52 24 26 21 20 76 82) (40 90) (59 43) (46 88 57 17) 87 66 (60 77 79 23) (22 83) (70 65 50) 42 51 35 (47 89 28 45) (5 14) (84 58) 54 33 67 (37 3 10 16) 86 (34 74) (7 61 13 73) (31 8 39) 48
78: 89 (68 28) (87 56 23) (46 48) 12 (90 2) (88 72 82) (76 66 59 86 30 51) (73 80 21) (3 67) (15 26 57) (39 52 77 5 61 10 45 84 17 8 32) 83 (64 31) (25 70 27 81 4 13 19 44) 74 (16 63) 79 (43 58 41 78) (85 75 1 14 49 71 22) 33 55 11
79: (9 42) (71 29 33) (23 82 32 59 35 72 17) 76 (84 12 2 55)
80: (29 8) (57 40) (84 51 77) (65 42) 33 10 (85 55) (76 60) (3 69 79) (27 44 73) (17 43) (16 70 12 26) 61 49 67 32 23 (66 58) 18
81: (79 51 10 71) 62 83 (42 57) 25 (75 88 87) 52 (36 43) (78 12) (18 31 61) 22 (55 85 84) (4 46 37 20) (67 35 65 23) 50 (45 41 56 69) (68 14 63) (26 77) (70 24) (21 40) (3 30 34 64 33 60) 74 (49 90) (39 89) 86 13 (59 80 32 17) 19 (16 8 81 6) (44 9) (2 53) (72 82) (58 5 1 48) 76 (66 29 11) 47 27 (38 28 73) 54
82: (33 66) 79 86 (57 27 42) (58 55) (60 45 20 49 23 8 54 47 46 78 74) (21 28 25 34 62 2 82 81 50 24 85) (9 31) 3 11 56 (51 5)
83: 81 89 14 (44 57) (70 71) 77 (9 90 50) (51 55)
84: (31 55) (40 16 23 18 87 76 85) 80 (12 15 8 54) 27 70 77 (75 13) 39 47 71 (35 4) 33 59 48 (22 44) (42 63) 37 (72 69) 57 20 32 (74 73 68 26 86 81)
85: 52
86: 41 78 26 (80 54 59) 77 75 (11 28) (43 9) (47 53 52 60) (82 42 56) (86 87 48) 76 (38 90 57 89) 10 44 31 (67 20 58) 73 (1 12 7) (5 51 34 45 18 6 33) (62 23) (21 61 37 50) (32 85) (25 14 84) 24 (8 65 22 79) 40 39 46 13 17 81 2 (68 64) 66 (69 19 72 4 3) 74 70 27 35 29 49 (71 15 55 16)
87: (6 82 14) (13 35 3 51 9) (36 77) 68 (65 34) (2 11 44 49) (76 83) 30 69 (46 38 25 62) 53 (61 12) (87 50) (33 27 7)
88: (43 64 32) (70 80 41 36 71 23) (62 73 51) (3 82 56) 38 31 42
89: 48 (44 7 89 53 58)
90: (52 75 55) (6 71 80) 24 (43 53) (27 77) (4 2 88 44 13) 17
1: 25 (78 38 40 10) (1 13 14 31 59 35 77 48 41) 33 (3 51) (9 71 58) 18 (21 86 69 46) (36 24 49 16) 56 32 (8 37 30) 42 (47 81) (43 29) 39 54 (20 73 15 75)
2: 77 (41 37) (90 44) (38 73 62 33) 19 (79 48 87) 15 (27 47 10 22 51 70) (14 72 42 3) 58 56 82 65 40 9 68 32 (81 55) (13 43 8) (78 76 36) 86 12 (1 18 59 30 50) (16 31 54)
3: (73 9) 43 (26 88 60 25 38) 12 (19 75) 72 (80 54 32) (24 81 22) (42 68 40) (33 77) (36 13) (15 1 87 41 29 78 30 16) (71 82) 69 50 (8 35) (86 56) (45 18)
4: 49 (11 38) (25 69 90) 33 60 (56 68 5) 36 (15 31) 84 (14 35 59 47 75 78) (62 8 29 81 37 40 55 3 86 43 26 13) 67 (22 16 46 9 32) (42 72 54 71)
5: (75 43) (48 24) (86 41) 3 5 73 (35 9 12 26 56 51) (32 25) (18 78) 40 (8 22) (55 53 15) (81 76) (82 77 62) 42 (60 16 47) 34 (69 19) 54
6: (32 37) 43 (35 36 16) 15 (54 25 50) 81 58 18 (75 4) 77 (9 47) (90 76 71) (29 27 24 62 60 33 72) 64 (22 86 8) 69 73 (68 55 40) (41 5) (87 3 46 65)
7: (65 54) (55 62 40 72 46) (56 36 10 5) 48 37 77 (9 30 68) 42 18 31 (24 35 60 14 58) (43 29) (15 87 22 86 8) (89 3) (59 50 16 32) (20 19 38 25)
8: (29 77 80) 60 (72 81 30 73) 35 (42 56) 8 39 (82 84 62) (71 37 43 55) (50 32 9) 68 (33 16 78) (18 20 15) (46 41 38) 75 54 24 (64 40) (86 44 31) (25 10)
9: (33 10) 1 71 19 (49 25) (31 59) (77 83 13 30) (73 54) (72 35) 32 75 (40 82) 24 (50 43 5) 68 (55 15 47) 38 60 (58 87 37) 81 (8 9) (29 16 42 79 86) (62 56)
10: (71 77 3) 35 (45 72 25 30 68 69) 81 12 (8 51 32 33 55) (16 46 15 27) 43 54 (24 37 31) (56 80) (47 1) (42 36 78 40) 29 9 75 (18 73 41 65 86)
11: (12 35 69 68) (8 82 40 18) 9 (81 25 42) (56 30 65) (26 15 46 54) 55 (31 73 78 39 71) 29 (43 86) (87 14 24) (5 36 59) 72
12: (71 29 20) 16 (79 54 40) (81 56 75 27 13 37 26) 58 (22 36 32 80) (25 43 5) 72 (50 68 15 35) (77 9 64) (73 87 84 41 66 14 78) (86 59) (12 3) 30 33
13: (30 53 3 1) (36 16) 10 20 71 56 (50 47 25 68 62) (87 55 78) (9 43 75) 29 13 (86 58) 72 (18 60 32) (44 51) 46 69 (8 27 81 77) (73 65) (90 54) (40 84)
14: (38 30) (47 10 43 25 77 64 86 56 32 72) 69 55 (11 33) (49 48) (61 73) (12 54 9 13) 58 (40 35 5 60 42 29) (59 24 65 8 81) (68 15 78 36) 83 62 50 87
15: (69 26 50) (40 21) (32 16) 84 (18 68 43 8) (25 56) (72 33) (1 55 20 9 54 39 5 58) 75 76 (62 46 27 14 41 47) (78 86) 73 (15 35 24 30 36)
16: 36 (61 45) 24 32 (26 77 60) 73 9 62 (16 41 76 40) 78 68 (84 5 25) (86 54) 14 19 (8 80) (22 44 47 69) (33 38) (29 51 15 30) 55 (56 43 50 42 37 81)
17: 33 73 16 75 35 (30 25) (5 79) 74 32 37 (90 15) (24 11) (62 1) 51 56 13 (22 68) 65 (14 27 12 42) (86 21) (20 43 54) 9 (50 78) 47 (55 77) (71 81 8) 40 (58 60 38 80) 41
18: 55 (42 56) (11 53 84 22) (33 25 36 19 12 77 75) 81 (34 30 9 72 5) (43 62 60) 32 (80 18 64 73 46 54 37 74 39 47 40) (76 58 68 86) (31 8) (69 16 41 29)
19: 37 86 46 26 (58 54 3 73 35) 36 4 (60 15 81 18 55) (25 32 49) (68 41 47 10) (30 39 65 72) 40 (43 74 62) 8 22 (69 77) (14 78 51 9 38) (56 71 70 11) 5
20: (16 53 4) (40 56) 58 50 (46 11 25) 29 77 (37 47) (54 22) 68 (42 14 81) (13 86 33 76) 55 (34 43) (36 2) 5 (64 84 8 75 27 59) 62 60 (45 72) 82 18 (65 9)
21: (8 72) (15 30 2) 47 (58 62) (24 82 41) 9 (78 33 19 44) (16 54) 67 68 (42 49) 60 13 (22 71 29 25 73 5 81 77 55 43) (59 50 18 86) (76 37) 56 (75 32 69) 64
22: (65 62) (5 56) (81 35 50) 37 71 (54 77 51 16) 25 (40 72) 9 29 (75 31 42 78 55 18) (43 84) 47 12 (15 34 39 69) (73 86 61) (8 32 33) (76 68)
23: (71 42) (82 72 25 62) (3 34) (56 13) 65 (69 46) 78 (86 54) (84 73 20) (35 76) 59 (58 24) (30 77) (88 47 41) (38 9 16 18 40 64 51 8) (29 50 32) (14 1 80 79) (67 15 81 60) 33
24: 42 (32 71 30) 13 (36 34 22 82 18 50 58 21 53) (77 64) 76 (81 59) 54 15 (70 63) 90 68 (69 25) (62 55) (72 9) (56 46) (66 60 29) 43 (75 8 73 35 24 33 86 67 31)
25: (16 62 87) (1 19 8) 50 (33 5 10) (35 51) 3 9 (81 86 77 75 49) 24 (43 37 56 55) 82 (39 25) (54 32) 12 (29 68 78) 60 (36 15) 72 71
26: (46 8) 5 13 78 (19 80) (1 51 30) (77 64) (27 84 15) (67 56 62) 53 47 71 (69 25) 22 81 (35 55) (86 31) 26 (9 76) 43 (65 36 54 57 72) (29 68) 41
27: 72 (41 80 76) (12 18) (54 60 22 9) (3 30 40) (47 78 27 82) 42 37 (38 90 14) 68 (84 65 15) (87 62 77 33 5) 29 81 (56 71) (16 86) 1 36 (8 25 35)
28: 18 77 (64 60 15) (71 13) 39 (55 41) 43 (54 29) 12 (75 33 86 62 72 1) 81 31 14 (56 16 69 50 58) (59 82) (40 42 9 25 35) (46 67 24) 78
29: (55 34 59) 46 11 15 (73 65 43 5) (9 79) 14 32 81 (86 51 77 29) (30 39) (68 50) (71 40) (16 35 36 13 67) 75 (42 8 25 18 76) (69 33) 80 (62 56 54) 37
30: (81 3 71) 46 69 (56 9 43) (48 75 32) (30 13 38) 50 (26 42) (87 1 15) 58 25 (27 14 76) 40 39 (55 77) 35 (54 73 62 12) 37 (72 78 16) (19 68)
31: 48 (81 29) 36 (66 58) 11 65 75 46 28 56 62 (40 8 10 82 15 26) (33 70) (88 25) (77 22 84 17 32 9) (31 50 13 54 30 16 86) (47 24 43 73 19) 78
32: (64 40 71) (24 22 56) (38 32) (88 18 54 31 12) (42 36) 75 (5 51) (60 25) 81 (50 26) (33 47 79 16) 44 (35 8 80) (84 77) 29 (43 78 48) (69 9 86) (68 30) 55 (72 19) (73 15) 58
33: (37 19) (54 56) (40 87) 55 24 (22 77 78 62 5) 9 (86 43) (71 38 31 29) 39 (30 18) 74 (72 49) (8 73) (47 80) (15 76 84 60) (35 36 33 25 50) 11 79 (82 81) 46
34: (43 55 30) 24 (5 65 75 77 60) 37 (8 10 25) 62 (86 32 27) 81 (46 82) 50 1 (56 69 58 16 42 18) (2 34) (54 72) (9 3 12) 11 (29 41) (40 22) 87 47 71 51 (35 15) (33 44)
35: (68 74 40 18 72 33 87) 86 16 55 69 (9 76 62 71) (8 3 13 54 73 46 79) 77 (5 12) (57 58 35 42 22 30) 84 (81 15) 37
36: (43 14 62 54 73) (55 35 3) (18 38 41) 27 (60 40) 13 (69 45) (88 5) (31 9 71 87 81) (29 75 15 77) (8 49 72 56) (32 76)
37: 41 (13 9 46) 40 27 (32 33) 24 58 (77 43) (26 31 84 54) 44 71 (37 22) (35 36 69 49 10) (3 56 55 15) 86 (12 5) 73 11 (72 16 23 75) (25 39) 81 47 8 (68 4 50) 30
38: (55 37 58 16) (72 33) 81 (3 68 9 54 30) (42 31 43 87) (88 86) (69 51) 5 (77 56 24 32 15 41 26 8) 65 62 (40 34 10 29 50 38) 25
39: (12 75 32) (65 9 48) (86 77) 36 50 (35 81) 78 (13 27 24) (69 46) (18 54 31) (37 1) (42 16 84) 39 49 (22 29 55 56) (33 17) (47 73 15 43 68 8) (25 58)
40: 3 (24 37 81 15 33) 84 (29 56 71) 68 (22 69) (86 19 77 10 46) (80 43) (32 16) (50 73 54) (47 58) (8 25 27) 39 11 (40 5 18 53) (38 31) (49 9) 42
41: 46 (58 29) (24 88 55 81) (26 72 60) (41 70) (50 69) (86 32 30 13 31 35) (10 47) 5 (37 14) (56 54 8 76 11) (18 39 9 43 27) 25 78 (68 73 71) (40 3 12 15)
42: 54 16 79 (26 18 14) (81 5) 36 (47 29 11 43 40) 46 84 15 (13 24 60) 31 (58 41) (72 59) (38 71 62 30) 80 86 22 82 (88 74 73 9) 77 (25 35) 55 27 68
43: 62 6 (88 3 69 41 25) 65 68 (26 86 8) 56 (5 77 71) 60 (31 13) (78 35 17 15 12) (55 37) (32 75 54) (42 73 80) (90 81 40 76 21) (47 51 46 22) (72 16 43 9 36) 58
44: (41 27) (80 31 3 15 40 86) (26 76 69) 21 (72 62) 89 (18 54 78 75 84 29 33 57) 51 13 47 77 (35 65 34 58 59 55) 73 16 (71 90) (22 46 83 25 43 9 81 87) (60 37 8)
45: (35 31) 37 (10 64 59) (82 81 33) 62 (16 56) (49 54 55 72 50 60 11 71) 53 29 12 18 (25 5) 43 58 73 30 (22 40 51 86) (24 15) (8 32 78 47) 77
46: (43 64) (15 55) (31 65 18 46) (29 11 68) 42 (59 60 82) (73 75) 48 (5 22) (36 14 40 62) 77 (41 30) 87 (24 51 49 9 78) 25 56 81 12 86 (3 71 27 33) (54 32 76 47)
47: 9 43 42 (71 82 25 86 51 35 40 31) 54 (14 8) 73 (84 69 20) (11 47) (59 62 29 16) (37 55 72) (77 22 18) (81 30 32 56 26 1) (36 58)
48: (30 40) (41 32 75 86) 26 (55 9) (3 49) (71 62 33) 60 (5 46) 43 (56 38 29 36 16 64) (8 81 78 18 13 77 15 35) (68 89 31 58) (72 84) (47 11 69 54 73)
49: (71 56) (51 38 3) 32 87 50 (42 31) (73 68 12 40) (72 22 53 58) 15 (8 78 55) 30 62 (54 60 9) (86 69 27 45 11 81 76 16 33 5 43 29) (80 39 37 10 47 77 82 35)
50: (50 77) 33 (76 86) (25 9 20) 13 (46 36 82) 43 (71 62) 47 (73 8) (24 81 87 15 32) (65 72 27) (54 38) (26 5 42 12 56) 69 (31 83 55 51) (30 19 3 16)
51: (46 8) 75 71 (40 36) (10 29 68 15 76 9) (69 83) 60 42 (47 59 81) 77 (12 80) 58 (62 78 13 19) 22 72 (5 16) (37 55) (3 54) (86 88 32) 33 56 50 (82 2 30) 26 35 (25 38 43) 87
52: 29 31 (75 60 73) (39 81 15) (56 42 90) (76 78 16) 69 18 25 (58 46) 33 54 (47 9) 41 34 (24 32 2) 71 (35 68) (36 72) 12 (8 86 43 26 40) (77 50 85 62)
53: (27 70 69 40) (60 75) (32 24) (58 8) 77 72 (9 50 1 33 87) (59 31) (2 54 13 89 47) (90 25 73 18 35 76 10 43 71 56 62 55 86 30 5 68 42) 81 36
54: 40 72 30 (84 81) (8 1 55 76 16 68) (32 5) (43 50) (86 18 56) (77 71) (35 62 10 9 27 82) 24 29 69 58 (47 25 54) 38
55: 27 65 1 (72 42) (56 69) (25 39) (26 80 41 73 54 32 9) 29 (77 82) (90 71 79 11) (83 33 37) 22 (47 35 43 15 81) (86 8) (68 78) 18 (24 44) (36 84 76 30 40) 16
56: (65 72) 46 42 (58 5) 69 29 24 71 31 (40 82 43 81 25 1) (73 18 37 15 50 13 55 12 78) (54 35) (2 9 68) 86 (41 14 77 27 51) (47 8) 88 (16 60) 34
57: 18 (80 72 86 50 57 24 82) 40 75 (32 33 43 68 8 73 5 15 78) (19 71 83 84 38 62) 22 (46 26) 27 (65 37 21 69) 35 (55 16 47) 59 (54 77 56) 81 (41 25 29 44 42) 9
58: (60 81) (32 1) (78 77) (65 18 2 5) (55 40 3 14) 62 31 (13 36 16 68 80 71) (22 33) (9 41) (35 15 82 42) 53 43 (30 47 86) 37 39 (56 11 8 54 25 89)
59: 71 (2 69 68 58 55 60) (35 20) 25 (36 79 16) 49 (5 40) (9 33 78 84 43 31 54 19) 77 51 (15 86) (37 81) (56 76) 73 (27 22) 13 18 12 (74 42 72 62) (29 8) 30
60: (41 47) 25 (81 12) 43 (22 50 60 36 5) (26 80 71 42) 24 30 (73 16 34 72) (40 35 14 8 54 32) (56 68 82 86) (75 39 9) (31 18 15) (77 55) (48 29 76) (37 33)
61: (59 80 33 9 30 56 40 37 32 20 47 15 68 24) (36 54) 78 43 35 (18 8 39 58 10) (22 41 87 64 5) (42 73) (86 77 55 81 25 16 11) 13 50 62
62: (87 71) 50 (25 72 69 86 68 26 22 82) (51 8) (14 37 16 13 55 65) (47 10 15 9 40 81 30) 54 56 32 2 88 49 46 (36 76 59 43) 75 (29 70) (77 12) 34 (60 31) 18
63: 29 (43 5 65 45) 26 (75 49 19) 72 (30 14 31 2) 25 (32 1) 62 78 61 (50 54) (9 55 42 7 24) (40 3) (37 68 56) 47 (8 33) (22 69) 81 (84 35) (16 48 27) 73 12
64: 88 (9 39) (55 75) 46 (81 33 67 43 20) (41 71) (3 29) 68 (13 56 37 12 42 62 38 8) 22 (49 73) 54 (30 40) 2 (50 78 72) 53 47 36 (69 31 60 26 86) 14 (58 25 18)
65: 81 (29 76 75 25) (50 9 35 62 69 36 70) (19 39 55 21) 8 11 33 (68 47 40 16) (22 41 24) 60 (43 28) 80 (56 37 30 42 87 14 13 67) 54 (18 32 77) 86
66: (54 71) (41 50 46) 33 48 (29 17) (15 32 21 16 69) (9 60 80 47 11 20) (82 43 86 72 40 56 13) (81 37 26 77 8 65) (62 51) 78 (38 58 25) 68 24
67: (24 16) (9 80 36) (15 25 37) (22 8 68) (39 55 33 69 14) (51 13) (60 41) (56 76 20) 4 77 (29 46 18 81) (86 54) 47 78 (73 35 43)
68: (35 31) 58 (56 20 26) (9 65 29 12 87 43 55) 54 (60 68 73 36) (10 32 15 84 69 42) 18 46 (41 40) 81 (72 25 8 78 86) (30 75 13) 38
69: (55 33 8) (27 69 43 62 56) (68 81 3 16) (32 46 36 80) (35 25 14) (13 42 31 71 84 51) (50 24) (72 37 73 47) (52 65 86 29 40) (87 54) 9
70: (60 56) 15 57 (12 16) 58 38 73 (43 19 5 41 30) (32 25 67 31 33 2 8 54 9 65 46 55) (77 71) 13 (20 81 59 50) 69 (47 68 86 83 84 18 42 88 80 22 78 70) 40 (66 35)
71: 5 46 (75 58 47 15 78 72 68 56) (60 54 1 31 81 55) (35 25) (49 12 69 86) 44 88 65 16 11 (29 71 27 13 76) (79 62) (43 90 30 41 83) (84 8 32) (42 40)
72: (37 35) (62 58 79 29 32) (43 24) (47 30 54) 15 65 (81 5 55) (36 25 39 44 18) (27 40 8 78) (50 46 10 70 56 86 68) (19 9 84) 64 (33 69 75)
73: (26 40) 55 16 69 8 (46 15) (78 76) (68 64 80 5) 35 62 50 (72 58) (60 86) (22 84) (41 43 30) 39 9 24 (74 29) 66 73 (37 54 1 81) 32 88 (77 71)
74: (77 76 46 82 21 16 65) 78 50 68 (25 5) (9 54 13) 32 (42 64) 30 (73 27) 36 (72 33 86 55 3) 81 (14 56) (62 84) (43 8) (31 35 37 19) 18
75: (49 57 81) (42 73) (9 71) (2 90) 43 77 (13 30) (27 24 36 5 35) 1 (25 86 18 50 65) (84 54 19 40) (37 69 51) (60 16) (72 14 59 55) (15 8 78) 10 29 (56 68)
76: (36 71 68) 86 65 2 72 49 24 42 (84 47 43) (21 77) 64 16 (48 74 80 26) 40 (15 9) (10 59 22 33) (29 51) (5 79 55) (76 45 81 8) 32 (18 31 70 73 50 56) (54 87 41 25 30 38 78) 69
77: 60 (40 78 27) (80 90 62 51 83 43 81) (36 25) 77 8 (54 42) (69 30 2) (33 9) 59 (50 13) (35 31 5 84 56) (68 87 18 29) (47 73 24) (86 16 10) 55 32
78: (18 19) (11 47) (15 1 43 31 60 36 35 82 51) 68 (71 72) 37 (56 86 75 46 40 81) (58 9) (42 54) (78 50 77 32 73 22) (55 69) (10 25)
79: 62 72 (9 21 45) (69 33 86 35) 46 (2 8) (47 27 36 41) 40 5 (81 80 54) 29 (82 56 50) (30 15) 13 65 (24 42 1 43) 68 (18 66 14 11 78 31 71) 25 77 (32 55)
80: (38 35 9 69 55 56) (71 62) 40 (68 5 88 1 22 25) 37 (47 43) (50 65 41) 76 (39 29 86) 13 (8 15 72 33) (27 18 90) (64 30 54 81) (26 75 10 84) (77 73 16) 78
81: (68 83 47 37) (5 78) (9 13) (12 15) (11 55 40) 36 (75 56) (73 86 69) 10 (84 54) (65 27 14 16 67 81 30 50 35 25 62) (82 71) (77 72) (46 21 29 33) 3 (32 42 43 8) 1
82: 69 (40 54 46) 59 60 22 82 (29 88 41) (42 19 81 9 75) (55 25) (30 36) 73 (87 50 32 13 68) (61 14) (47 62) 12 (5 2) (72 8 15 35 77 33) (78 79 43 71 56) 86
83: 62 (72 8 40 26) 29 (5 33 76 47) (58 15 54 18) (67 73) (16 9 87 46 65 50) (64 37 2) 30 (3 42) 78 (77 36 1 43) 25 (81 55 69) 32 56 59 10 68
84: 5 18 (14 72 42 71) (41 32) 77 (73 13) (54 81) (55 86 25) (76 1) (29 22 78) 49 16 (79 56) (59 40 8) 68 (64 9 65 80 37 50 30 43 35) (36 15 11) 24
85: 73 (71 26 9) (60 47 62 56) (72 58) (59 64 40) (15 80 24 25) (65 18 43 11) (81 84) 77 (31 32 29) (27 37) (86 50 36) (78 8 69 20 82) 54
86: 8 43 42 (86 11 22) 68 36 (65 14) (26 84) (77 1 73) (45 30) (47 29) (33 69 19) 51 (55 62 40) (25 60) (9 54) (41 72 15 71 78 50) (37 46 31 49) 82 (24 81 58)
87: (25 75 81 33 59 67 50) 76 (78 62 48) (18 37) (56 46) (21 58) (54 40) (69 8) 10 (16 14 77 57 11 15) 26 43 (60 39 47) 72 (32 31) 34 36 (22 86) (55 68) (71 24 41) 35 2 (87 84 9)
88: (54 55) (77 24 38 81) 26 2 62 (31 40) (50 32 75) 47 76 (21 41 9 90 18) (78 56) (67 1) (13 25 37 68 49 64 30) (3 29) (73 46) (42 8) 58 65 5
89: (73 13 15 59 71) 58 (29 83 78 72) 68 9 40 (81 33) (8 10) 56 32 (47 34) (50 16 25 36) (27 3) (89 20) (75 18 51) (41 43 35) 77 (55 70 5) (54 26 86) 30 62
90: (77 43) (34 73 3 86 36 69 24 76 75 29) (19 8 37 50 35) 40 9 (14 72) (62 51 2) 59 33 (83 47 30 68 42 56 11) 81 (15 16) 32 (25 71 78) (54 18 5) 60
