90 90
1: (57 56 76) (31 14) (45 13) (70 24) 12 28 (75 68) 51 (6 5) (19 73) 17 23 71 30 (53 1)
2: 87 (33 51 26 56) (40 13) 44 71 (62 79 78) 42 (54 30 81) 48 (70 8 69) (59 4 90 77 50 66) (41 22 39 76) (37 52 12) (24 21) 34 (17 47 58 6 49 86 57 25 28) (10 9 31 68) 43 (45 83 53 65) (73 18) 84 (72 55 80)
3: (44 89 56) 1 72 (77 18 19 35) (36 8 25) (62 90 87 84) (10 6 26 24) (86 50 46 17)
4: (88 50 28 39) 48 (85 18 12 15 1 37) (56 64) (33 51 19) (75 43 40 27 62 44 23) (80 42) (54 41 17) 45 (57 34 46 65)
5: (39 66) 70 15 54 89 (7 51 80 35 3) (16 50 48) (40 81 27) (85 10 65 60) 44 (63 29 64 8 52) (20 84) 31 (78 72) 24 (56 38 6 26 43) (12 86) (2 68 1 53) 88 (14 41 30 28) (42 47 32 19) 67 77 (76 79 13 37) (58 90) (34 71 61) (4 87 23 45 82)
6: (68 22 71) (80 88 83 15 87 73) (12 16 33) 50 (82 9) (52 7 37) (6 43) 20 14 84 74 19 72 5 (69 54 61 90) (44 45 59 26 76) (62 41 56 77)
7: 20 88 (29 48 72) (61 7 64) 47 (13 49) 43 (55 54) 76 (50 75 52 27 17 12 10 63 65) 44 (36 35 33 46) (3 87) (79 26) (40 28) (14 73 25) 57
8: 53 (45 58 64) (8 48 35 41 59) (34 83 73) (19 90 28 76) (17 40 60) (30 57 78 67 4) (22 1 14 85 65 44 26 23 27 37 20 6 32 42) 31 (81 49 56 16 39 72) (82 70) (13 61 55) 87 (80 62 9 36) (54 25 74 89) (79 3 88 46 15 10) (18 68 50 84 77 43 7 66)
9: (52 18) (54 68) (66 69 1 30 6) 75 71 88 (62 67) (39 58 61) (64 48) 44 (83 70 73 4) 72 (81 51 89 10) 21 38 (12 46 47) (26 57 59 40) (33 15 82) 23 (28 42) (87 25 5) (90 41 31 8) 63 78 (37 50 34 11) (32 35 76) (43 74) 24 (80 85 29 36 17 56 45 7 16 19 86 3 55 53 13 60 77 49 9) (27 79) (22 65 14) (2 20)
10: 38
11: 16 44 (5 26 62 39 60) (2 13 35 9 73 38 81 74 76) 89 (28 66 51 67) (3 79 11 61 18 71) (50 30 75 20 33) 42 (4 1 77 47 45)
12: (21 52 19) 65 (58 71) (68 22 18 10) (36 1) 76
13: 30 (82 61 53 43 36 57) (18 7 56) 17 (34 10 41) (51 76 78 86) (68 50 14 4 77 22 26 65 21 48 89) 66 (47 25) (3 9 72 90) 19 (31 33) (64 42 32 46) 84 85 (5 63) 24 (58 23 45 69 13) (2 67 11 71) 37 (40 44) 60
14: 79 (82 42) 5 (32 64 70 84 83 71 13 25 52 29) (39 58) 43 (4 21 76 41) (81 15 11 3) (45 88 59 34) (36 55) 12 (24 80) (2 14) (35 40 7 77 54 31 33 49) 69 (1 72 53 27 46 16) 18 19 89 50 (37 17) 63 (86 44 23 38 9 28) 85 (10 78 90) 66
15: 28 (86 8) (52 64 30 5 43 70 37 77) (60 61) (33 46 51) 6 85 (89 35 24 19) (49 13) 47 (80 88 1 73) (55 87 65 4 84) 57 (58 44 50) (82 31) (34 69) (25 39 26) 29 (71 22) (68 27) (38 66) (54 12 81 20) 63 (75 67) (40 41) (48 32 2 72) (21 90 15) 76 (62 59) (16 74)
16: 70 82 5
17: (82 38 62 27 25) (39 71) (19 22) 65 (49 10) 73 77 (11 63 44) (87 79 67 51) (56 3 42) (53 5 15) (72 30) (83 46) (66 43 7) 24 52 31 (6 14) (12 45 54 34 8) (41 55 28 59 60 76 16) (18 61) 80 (47 84 26 29 23) 68 2 (9 50 58 37 33 90) (35 81 89) 57 75 4
18: 49 (1 79 14 15 68) (41 16) (28 7 8) 56 59 12 4 (26 20) (74 48 44 89 34 31 38 47) (58 2) (88 81) 9 (10 51 19) (82 54 23) 25 53 (43 22 78) 32 (37 72) 17 64 (13 40 6) 83 77 35 24 (21 55) 42 63
19: 35 85 (54 77) (89 27 4) (45 88) 7 57 (42 74 22 17 79) 3 (41 87 73 65 12 66 16 26)
20: (81 60 19 47 70 57 90) 7 (6 14 49 35 37) 25 38 (86 8) (43 44 36 50) (9 59 68 89 82) (34 29 58 4 5 64 11) (75 73) (52 45 42 15 69 80 13 2 32 51 23 66 72) 54 (3 12 83 46 17 28 21 56 39)
21: (62 6 53 77) 70 43 (36 27 87 54) 50 (84 67 55 30 64) (45 15 2) 58 72 (49 71) (86 14 32 78) 3 39 19 44 (37 8 24 38 52) (76 1 28 56) (25 82 60) (10 34) (20 4 83 33 42 79) (51 23) (68 13 59 73)
22: (46 28) (22 31 42)
23: 47 (84 52) (86 26) (43 33 23 60) 61
24: (42 82 57 64 52 25 33 90) (12 39 78) (86 53 88) (67 54 79) 76 (13 32) (72 41) (89 40) 24 (50 4) 9 68 (30 80 60 61 58) (35 51) 17 (23 73 27) (56 29) 65 (74 70 20 45)
25: (57 31) 24 64 (71 79) 63 2 (49 40) 62 82 27 51 90 (83 59 3) 53 (36 78 48 18) (81 13 84 33 85 34) (86 16) (89 55) (8 74 61 15 70) (19 66 35 9 38 50 88) (44 28) (14 39) 30 75
26: (50 89 25) 19 (84 81) (38 37) (66 5 88) (44 53) (70 33) (87 17 61 9 73) (62 64) 12 (35 34 74 45 39 78 46 29 83 55 51) 13 (60 77) 18 20 65 10 31 (24 56 71 79) 27 (57 4 54) (86 85) (36 21 2 14 72 11)
27: 61 (80 37 62 42) (26 36) 43 (38 72 7) (50 13) 22 (40 53) (39 76) (25 28) 32 (52 66 34 55 1 10 35 84) (45 29) 2 86 (71 75 89 74 20) 82 (9 23) 54 (81 88) 69 67 (12 19 59 64) 27 85
28: (48 33 5) (57 22) 24 (54 53) (30 65) 73 50 31 (12 79) (69 63 20 47 26 76 88 18 89 27) (36 25) 28 61 (38 56) (8 60) (59 82) 34 (11 49 35 9) (80 15 78 21 64) 75 (16 52 87 67 13) 37 4 (6 71 29 84 1 7) 70 55 (10 39) 81 3 (45 23 83) 66
29: 34 (28 12 85 14) 3 38 89 (5 47) (84 61 10) (2 9) (42 36) 31 (51 66 27) (75 49) (58 48 78) 63 (68 70 16) 33 67 (59 73 11) 26 (24 86 43) 25
30: (38 20 11) (30 35) (21 73) (26 49 62) (28 4 77 84 19) (42 24 9 64) 81 68 (61 44) 5 (43 25 6 15 18 74 85 37 52 86 65) (80 55) 33 (22 50) 27 2
31: (6 41)
32: 90 (83 31) 35 32 (70 50) (22 55 73 21) (16 19) (28 45) 48 43 15 (25 74 40) (36 87 85) 63 (59 81 86 88 61) 20 64 11 65 49 30 10 84 9 (62 13) 89 (29 82) 37 79 56 44
33: (90 8 33 24 37) (26 70 74) (38 88 57)
34: 60 (89 34 25) 51 (70 19 28) (30 49 27 79 20 43 46 47 62) (31 5 55) 80 (45 48) (66 24 7 29 32 6) (88 2) (58 22) (21 11 69 8) (81 17 53 50) (1 23) (78 57 85 9) 63 (68 35) (13 71) (52 18 87 42) (41 64 37 84) 90 73 26 (44 33 40 15 38) 3 (76 16) (74 12) 86 (54 75 10 39 4) (77 82 61 56) 65
35: 77 (9 63) 16 (44 37) (20 81) 67 70 (82 31 34) (54 56 88 32 6 10) 68 76 (90 43 17) (89 75 28 52 71) (60 79) (66 35 84 85 55) (45 11 26 47) (62 29 58 3 40) (42 51 1) (87 24) (57 19) (7 48 12)
36: 41 29 61 (49 83) 5 4 (50 53) (58 76 1 70) 44 11 (40 24 39) (10 18 60 75) (78 17 51 38 69 46) 67 (85 19 15 72)
37: 41 (8 79 73)
38: 67 (15 90 24 22 14 31 56 76) 49 (64 20 65 34) (17 84 58 54 68 37) (29 80) (78 41) (33 3 51 86 11) (74 35 60 63 59 50) 18 69 88 (89 12 47 28 19 5 66 23 71) (30 21) 8
39: (11 85 81 48 64) (17 24) (15 23) (38 32 7) (89 70) (21 46 41) 79 (3 56) 44 (45 53 43) 27 88 (20 58 65) 74 (19 29)
40: (3 1 11) (82 42 31 62) (47 79 74) 60 (76 71 85 21 8 4) 65 40 (35 89) 54 (51 64) 73 (23 83 6) 84 (37 80 26) (63 13 38) 46 24 19 (50 43 27 28 34) 68 77 29 (70 78) (17 87 10) (72 18) 45 5 20 (2 69 59 90 30 36) 48 (39 56 15 41) 55 (81 88) 86
41: (32 89 60) (56 86) 26 82 (84 24) (15 9 49 69) (4 42) (39 78) 57 76 (14 31 19) (17 5) (90 85 48 65 47 72) (50 74) 64 (71 55 34 38 21 80 1 23) 36 40 (6 22 61 10 68 66) (41 73 25 13) 20 (81 3) (11 63 35 16 75 79 62) 33 (2 12 45 83 54)
42: (48 38 90) 5 (70 28 1 78) 37 (18 35 85 81 84 56 62 50 6) (21 51 44) 72 13 (46 10 17) 19 (69 80) 55
43: (61 78) 35 (68 40 16) (76 55) 59 25 80 43 (37 2 42) 41 (24 62 20) (50 86) (67 14 21 56 10) 29 (17 89) (74 3) 82 (60 6 57) (84 69) (30 15) (8 70 44 53 7 4 39) (63 9 13) 19 (85 11 51) (47 31 52) (33 34) (65 79 66 22) (88 32 87) 72 (1 90) (54 18) (27 28) 48 77 73 (75 36 71 23) 45 (49 64 46)
44: (24 87 31 38 1 10) (65 23 32 81 41 47 34 25) 35 (7 80) 74 (45 46 13) (54 53 55 33) (86 60) 69 (15 8 30 43 72 16) (12 27) 22 76 14 84 (62 42 61) (88 51 18 70) (68 4) (19 59 90 77) 73 (39 3 44 83 56) 82 (63 67) 58 85 (37 11)
45: 71 (79 76 60 44 30 9 66 72) 26 86 (43 41 3)
46: (36 69 76 9 16 75 59 27 63 26 7 35) (64 13 46) (24 82) (30 39 79 53 73 65 40 21 62 86) 54 (47 61 90 34)
47: 64 (5 17 59 58 71 13) (52 28 34) 87 44 (61 47 78 21 63) 9 (7 31) (14 45 48 26) 85 (35 33 38 74 84 29) 30 (15 19 32) 41 62 40 (68 23 27 75 55 24 65 67) 4 (12 3 70)
48: 55 37 (64 81) 74 51 (1 15) (66 7) 40 45 (69 39 57 58) (4 76) 33 13 8
49: 33 (27 29) (18 23 20) 22 72 (1 90 5) 43 (45 60 57 17) (69 55) (11 75 62) 82 (68 44 67) (3 36 14 53) (59 38) (21 28 89 49 50) 51 (52 2 70 79 6 78 37 84 32 9) 88 (24 74) 80
50: 36 (52 90) (19 31 60 75) (77 57 62) (83 68 88 44 53) 49 27 40 (7 1) 16 (9 38 37 29) (71 79 51 85 12) (8 11 87) (72 23 10) 82 43 (15 22) 84 81 (34 63 30) (26 20) (86 4) (21 58) 64 5 (17 14 45 47 80) 33 (6 39 69) (25 59 61 54 32 24 2) 42 (73 65) 13 89 76 (50 46)
51: 74 (69 10 28 33) (15 51) 61 (21 45 55 63) 65 1 (32 75 76) (13 34 6) 4 (40 89) (44 18 16 87 22) 42 (83 8) (5 85 68 2 31) 17 (54 53) (36 9 80) 78 (58 81) 7
52: 40 (66 14 43) 46 (2 27) 20 (10 24 74) 36 8 42 62 3 (82 22) 75 (83 80) 47 23 (52 50 11 29 86 63 44 88 55) (7 41 32) (9 70) (30 61 89 72 34 28) (90 59 45 25 35) (53 73 65 77 71) (15 6 33 21 79) (60 58 12 49 4) 81 51 (16 69 19) 17 84 (18 26 56)
53: 34 19 6 39 (90 67 82) 17 (45 1) 51 (12 32) 4 (52 43) (35 40) (63 26 15) (18 76 9 74 25 46 78 20 64) (21 66) (29 31 86 36) 37 (55 58 47) (16 54) (65 24 42 85) (75 83 80) (7 22) (8 49 87 68 27 5 71) 48 (50 30) 59 (13 56) 88 61 (11 3 14 23) (79 62 73 44 57 77) 41
54: 31 72 76 (47 39) (37 46) 32 (23 71 41) (30 3 29) (82 85 60) (1 7) (28 34 90 14) (70 63 27 17 24) 83 (33 81 59) (9 15) 53 35 (11 78 12) (2 4 42) (62 45 65) 74
55: 59 24 (69 75 1 68 82 27) 8 (66 16 85) (26 38 57) (12 19 84) (13 29 14 49 78 88) (28 87 65 74) (51 17) (89 21 77 54) 55 (60 48) (40 15) 41 7 (43 53 70 76 23 30 20) 44 63 (5 72) 61 (39 36) (6 45 10) 46 (79 62) (33 4 80 50 56 31) (81 71) (11 86 3 90) 58 (73 18) (83 9 2) 47 (52 34) (22 32 37 42) 67 (25 64 35)
56: (30 79 76) (84 14 69) (59 89 31) (71 75 38) 73 (25 23 68 83) (13 50) 47 (1 67 52 44 74 33 37 51 28 45) 24 (56 9 63 65) 11 (70 26 40 7 62 39 49 55) 90 (3 36 72) (4 41 19 48 54) 86 20 15 (64 6 78) 12 21 34 8 (22 66) (87 27 88 53 60 77) 58 (81 85 2 43 80) (82 5)
57: (2 63 61 45 29) (89 58) (3 49 56 75 31) 68 (51 87 60) (34 17) (9 74 1) (13 40 35 69 38 36) 19 37 54 23 (6 43 5 41) 77 (70 55 25 88) 66 71 39 (21 67 11 80 57) 7 (62 53) 32 (72 84 4 78 47)
58: (26 79 65) 1 (2 81 10) (33 55 30) 89 43 77 (31 90 53) (78 61 11 64) (15 35) 58 27 (76 42) (66 52) 6 8 56
59: 40 52 5 (64 90) (71 84 12) (61 67) 72 (56 77 22) 17 (59 66 6 20) (37 68) (34 16) 79 (42 11 73) 58 23 (74 63) (29 43 78 10 69) 81 87 38
60: 78 74 43 6 21 (45 25) (54 23 12 39 2 69 31 76) (14 89 58) (70 18 34) 59 16 (50 42 77 9 35 88) 37 (83 56 90) 8 (79 68) 26 (63 44) (49 28 40 17) 11 (55 3 61 46) (85 65 7 24 13) (32 52 73) (64 38 75) 67 (48 62 33) 30 19 (57 82) (86 10) 80 (71 81 4 1 29) 87
61: (80 18 31 55 15 60 12) (52 58 70 44 14 19) (48 25 51 81 3) (41 66 56 63 23) 5 (21 89)
62: 48 8 7
63: 28 (24 61 13 12 11 62) (9 37 7 51) 49 27 (56 66) (42 21 87 15 77) 33 22 46 52 26 (48 1 73 89)
64: 54 (5 55) (53 42) 21 (82 50 62 48) (72 7) (86 63) (8 33 77) (47 23 4 29 17) (65 28) (2 46 16 9 80) 6 (51 19 84 87 43 69 70) (11 85) (52 59 89 10) 73 31 (71 27) (79 76) 34 81 75 (90 74 44) (40 68) (88 18 35) (58 12 45) (36 3) (20 67 64) (60 30 32 38 13 49) (37 39 1 78 26) 14 56 25 (41 66 57) (83 24)
65: 3 17 62 (43 10) (77 37 66 40 54 80) 89 (35 31 51 42) (60 4) (15 18) (52 34) (19 8) (78 49) (14 84 30 16) (79 59) (32 88) 55 (86 53 29)
66: 55 (72 60 39 77 90 36 3 37 50 9) (86 16) 68 (83 28 66 46 12 52 21) 18 (4 47) (65 61) 29 53 84 (51 74 33) 2 87 (70 43 8 63 75 25 79 48 42) 30 57 (5 11) 13 (44 89 40) (54 10 15 35) 6 (64 82 56 58 88 20) (26 31) (69 14 85 80 59 7) 71 38 62 (45 17 73 19) 78
67: (68 89 5 26 74 33 75) 83 (41 36 81) 12 67 44 62 (16 58) (48 43 10 90 21 79 31 3 64 4) (59 29 46 30) (6 71) (80 49) 17
68: (11 24) 42 (10 39) (73 22 47 71) (70 74 30) (6 20 83 75 44 2) (1 49) (57 62) (54 8 5 87 9) (48 40 46) 45 (79 34) 82 (60 18) (23 31 29) (66 88 15 67) (4 38 65 3) 52 (58 80 14 77) 59 (21 76) (61 90)
69: 53 (30 49 65 42 78 64 77) (5 90 56) 35 79 89 85 (15 11) (25 67 32 69 33 10 76 16) (72 75 81) 40 (34 46) 82 26 50 (38 20) 7 (55 88 44 54 66) (80 2) 73 (63 23) (45 18 28 51 36 74) (22 48 19 24 17 14 4) 31 (58 6 68 27) 86 (61 1 52 87 9 57) (8 59 37) (83 29) 39 (84 62 13) 43
70: (45 61 2 9) (58 49 89 67 42)
71: 63 35 (8 12 80) 55 53 47 (58 72 26) 37 31 83 (61 54 67) (10 24) (41 17 75) (36 77 3) (15 78 28 84 30 11 82 86) (18 7) 76 50 73 (14 81 29 2 62 39 68 1) (5 19) 42 (20 38) (16 43 4) (40 34) 21 (23 65) (49 44) (60 32) (71 9) (89 56) (6 66) 70 (59 27) (46 52 69) (79 13 90 88) (25 33 64) (85 87) 74 (22 48)
72: 42 (71 56) 47 57 (9 19 7 21 41 75) (46 72 3 6 33) (26 80 69) (54 74) (61 45) (34 60) (70 76 62) (24 14 58 23 40 8 78 37) 1 (81 35 18) (51 66)
73: (86 1) 33 (38 28 30 21 77) (81 88) 71 57 76 (52 63 3 19 50) (45 74) 53 (64 43) (65 48 10 75) (78 70) (56 25) 9 (7 5 72 8 87) (46 58 6 34) 44 35 (17 79 37 49) 61 (54 29) 82 14 12 26 24
74: 49 (89 52 55) 41 (46 8 73) (20 84 6 90 77 13 68 64 35) (31 26 71 63 57 86) (44 16) 39
75: 20 (86 24 89 57 2) 22
76: (24 60 9 41 59 34 26 3 35 13) 27 (11 57 79 67 90 18 2 87 42) 32 56
77: (4 3 82 17 48 83 78 86 14 68 50 77 60) (80 51) 9 (89 20 75) (27 12 88) (39 54) 30 (11 64) 55 (40 29 76) 52 15 13 34 85 49 (18 8 59) 69 32 (84 56) 36 (70 41) 62 33 (45 31) (46 42 10) 61 58 38 6 (43 66 19 21) (37 81)
78: (58 31 71 27) (38 23) (52 4 68 2 65 9 21 14 84 47 7 6) 18 (22 90) (19 34 37 89) 59 (54 79) (8 82) 69 (87 43 20) 57 (67 66 70 33 36) (48 60 46) 39 (17 13) (1 72) (77 25 55) (30 88) (5 40 64 73 41) (50 63 26) (24 28)
79: (87 40) (2 36 85 77) (74 68 37) (82 53) (70 23) 60 (22 59 86 90 51 75) (26 1 41 3) (31 89 79 58 55) 14 (88 66 54) (50 52 38 34) (48 49 27) (84 15) 30 80 (29 39) 21 25 5 (62 46 63) (67 32) (64 4) (69 61 10 43 24) 16 (18 47) (7 45 33) 19 20 (42 78 57) (6 11) (28 76 56) 65 9 (35 81) 44 83
80: 20 (75 71 28 2 77 29 36 13) (38 23) (66 14) 37 11 (55 5 82 65) (40 1 24 41) (87 42 21 84) 50 85 54 80 63 (69 68 33 7 30) (61 45 62 53) (35 22) (9 39 44 31) (51 43 56) (27 19 76 60) 15 16 (10 59 52 81)
81: (70 27) (54 76 29 81 35 30 19 12 60 90 85 87 80 73) 14 (22 1) (33 88 79) 20 (69 48 83 9) (10 18 84 65) 21 (57 71) 6 23 41 (78 62 28) (38 17) (55 13) 4 77 8 (40 42) 74 82 75 (32 45) 25 (61 56 68 2 16 86 24 44 49 15 66 39) 67 37
82: 33 74 58 (76 70 26 12) (86 82 69) 34 (46 81) 67 38 (15 24 28 21 61 45 2) 31 (13 20 55 39) (59 77) (85 35 8 18 84 43 36)
83: (69 82 33 49 62 37)
84: (55 75) 31 51 (13 76 1) (65 35 71 23) (14 24) 8 (69 63 89) (21 67 15 48 44) 53 (7 27 25) 87 (78 9 52 66) (82 81 45 17) 30 64 (28 88) (90 62) 83 (47 54 43 61 3) 2 85 32 (73 19) 50 (49 79)
85: (78 45 8 28) 17 64 (35 67 73 21 40) (62 29) (11 68) (85 55 82 3) (50 36) 37 87 (30 49 43 20) (31 46 14 26 2) 76 (59 56) 57 (90 70 24 6 44 22) (42 47 88 7 86) 74 (27 16 53) 66 39 (89 58 41 71) 54 34 (10 12 9 52) (63 5 84 25) 33 83 81 69 (38 65 48) (15 18) 75
86: 76 51 (23 75 72 1 71 62) 49 64 63 (61 44) (31 69 3 81 9 33 21 25) (39 15 8 48) (4 27) 67 (70 14 60 55 59 6)
87: 18 19 (34 85) 75 (53 81 38 29 66) (39 5 89) (69 55 17) 27 (10 47 74) (59 11 4) (64 25 43) (28 42 23) (3 16) 78 (82 50 32 87 51 21 80) 57 2 (84 52 36 22) (9 72) 88 (83 58 48) 70 (65 54 56 49) (60 12 33 62) (24 68) (30 79) (41 8 20) (26 45 7)
88: (70 21) 31 80 (86 27 66 34 87) 6 (42 30 40) (45 37) (44 38 19) (20 76) (90 9 18) (65 22) (5 49 43 52 7 41) 1 (10 74) 57
89: 63 86 36 23 42 (70 4 74 75) (67 66 68) 49 84 83 79 (60 38 10 41 89) (48 1 34 71) (13 16) 11 25 (56 62 88 19) 87 (76 26 27) 7 29 33
90: (53 39) (62 38 69) 22 59 10 28 (46 88 57) 32 (67 40 13 56) 60 64 (20 19) 49 8 (54 89 16) (73 71 65) 9
1: 27 (44 53 4 8 11 15 81 12 72) 34 (68 84) (1 73 56) 42 (54 89) (40 36 14 9) (58 60 21 69) 41 5 86 (64 88) (18 63 3 80 49 71 48 55 50 57) (28 51) 43 (35 79 78)
2: (57 49 43 64 26 52 30) (15 58) (85 25) (75 60 5) 51 76 (69 40 14 41) (55 20 84 34 50) 11 (82 79 66) 78 (27 29 81 21) (71 9 18 68 80) 87 (70 56 54) 17 13
3: 25 (40 57 13) (8 56 5 79 55 20 60) (11 49 44 19) 45 (39 72 47 86) (53 29 21 28 17 43 84 77 67) 71 (64 54 34) (61 35 85) (76 7 41) 38 (87 9 66) (14 52 65 73) 68
4: 67 54 11 (13 24 51 5 81) (64 71) (34 89) (60 41) 8 66 (79 44 87 15 52 20 53 47 17 78 50) 36 (30 28) (19 69 57 48 68) 43 26 (86 77) 40 56 (65 21 2 9) 14 55 18
5: (9 57 55 64 47) 41 (15 40) (88 87) (73 61 36 30 68) 16 (20 17 79) 13 (53 11 14) 78 49 66 (56 80) (29 59) (51 28) (1 34 85 38) 69 42 (71 6 50 67) 26
6: (66 74 35 71 67) (31 64 8 42) (79 73) (9 18 68 41) 17 78 (85 6) 34 (88 53) (56 1 69 52 59) 5 (77 81) 55 57 (72 58) (40 86) 30 (3 15 50) 28 (49 20 2 60) (51 43 21)
7: (5 78 28 17 47 53) 9 79 (43 6 14) (46 72) 7 63 80 34 (20 18 85 84 57) 64 (35 62 60) 39 (55 50 27) (73 69) (88 19) (52 8 51) (54 56 71 44 48) (66 87) 89 13
8: (72 25 37 53 9 55 66) 2 73 51 (5 81) (43 50) 40 (85 71) (69 60 62 15 3 20) 33 (21 86 34 28 52 64) (77 82 68) 18 (84 8 58 17) 65 (90 56 87 74 44) (78 48) 38
9: (11 14) (81 66) (25 79 54) 27 2 (41 13) (47 60 34 43) (20 86) 71 (17 73) 90 64 (70 8 76 85) 68 45 18 (46 77) 29 (51 49) (52 28) 78 (55 88 57 9) 56 24 (69 84 32 80 35 53 87 6 72) 26 (63 50 30)
10: 87 (51 68) 69 (44 14 41 28) (77 36) 80 (17 9 65) (18 13 5 89 90) (21 3 27) (85 35 43) 29 (42 79) (88 34 8 64 26 73 55 66 59 2 50 58 67 32) (81 71) (60 52) 40 12 7
11: (28 66 44 20) 43 (76 35 38 30 79) (36 58 57) 60 41 (56 77 11 80 52 49) (17 14) 39 (32 34) (59 26 69 13 29 71 9) 53 (85 55) 63 (54 50 40 68) 89 64 87
12: 28 67 14 (73 63 87 55 27) 17 53 77 (34 71 44 7 64 35 54) (60 59) 52 (66 18) (2 81) (29 26 20 5 4) 24 (56 41 47 38 1) (15 50) (9 82) (61 19 85 6)
13: (14 42 56) (71 60) 34 (1 89) 24 (77 82 76 46) (8 41) (13 74) (84 81) (80 47) 90 51 (11 28 66) 64 2 55 (21 7) 26 (25 78 50) (48 69 20 18 27) 5 53 15 (32 63) 57 44 40 (43 9)
14: (66 53 68) (1 86 17 7) (72 9 6) 79 5 (43 50 29 52) 8 54 (49 73 65) 44 (77 61) (56 47) (18 14 26 55 21 60) 25 71 78 (85 13 81 84 41) (64 20 69 38) 80
15: 44 (86 47 66 81 79) 34 (36 68) 84 77 (15 32 18 25) 53 (41 21) (85 8) (4 43 30) 65 (82 9 14 38 80) (61 20) (54 51 39 48) (6 5 28 58 69 50) (55 56 52) (40 63) 71 17
16: 65 60 (32 18 35 66) (53 89 79) 50 41 25 (29 6 59 9) (19 85 14 74 64) (80 69 67 5 87 15) 44 11 81 34 (51 46) 17 8 (28 90 43) 55 (71 52)
17: 42 34 (77 43) (59 13) (87 20 24 85) (69 67) 8 14 (18 60 73 65 81) (50 7 19 64) (71 35 2) (47 41 51) 52 (26 53) (3 38 9 57) (40 78 84) 39 (1 4) 54 (49 36 66) 55
18: (78 88 52 9 44 43) 69 71 (85 28) 76 81 (66 3 8) (60 49 30) (72 79 38 14 61) (87 77) (25 34 40) (82 64 12) 4 (2 68 42 53 65 11 55 36) (51 13 17) 26
19: (84 90) 89 (43 60) 4 65 (47 32 71 52 20) (13 69 1) (39 27) (26 78 40) 14 (77 66 57 9) (18 21 87) 25 (72 12 15) (36 38) (55 3 44 61 50) (5 56) (8 73 41) (53 6 30) (42 34 88 17) (64 80 81) 35 79
20: 55 5 80 (43 34) 79 75 (7 35 26 27 68 21 56 64) (40 87) (81 85) 77 (41 39 49 9 6) 24 (82 74) 28 (11 18) (50 88 32 38 78 71) (8 90 15) (30 59 53) (69 66) 52
21: 39 73 (55 68) (12 86 57) 14 (41 64) 72 (66 71 49 88 52 26 13) (79 80 28) (38 20) (42 18 81 34 78 56) (87 2) (15 77) (53 46 60) (30 82) (9 32 50 47) 67 (61 85) (40 51 63) 84 43
22: (59 13 75 53 44 9) (79 41 27 71 18 38) (30 51) (50 22) 85 (6 56) 78 15 88 (17 69) 34 (81 68) 80 19 (2 90 32 43) (55 63) (49 52) 8 (87 12) 28
23: 44 (64 55) 69 49 (18 71) 50 (60 56 41) (38 80 57 17) 68 8 72 (53 5) (34 52) (4 23 79) 59 40 (84 39 13 47 27 14 21) (86 89) (78 24 1) 81 (9 61 87 28) 20 43 54
24: (73 64 35) 34 39 (60 14) 75 (52 53) (50 15 85 26 30) 56 40 72 (79 49 43) (55 33) (38 29 2) 71 (41 5 47) 81 (84 3) (25 80 21) 18 (78 87 76 68) 9 (54 1) (36 17) (46 63 69) (13 82) (44 24 28)
25: (17 15 18 53 79 60) 26 (66 21 8) (56 29) 86 (64 61 41) (81 14) 13 (20 24 30) (43 89) (2 9) (73 3 85 87) (50 7) 27 (71 84 34) 44 69 57 (55 52) (78 28 32)
26: 66 69 (64 19 67 13 46 17 34) (76 72 74 29 56) (87 71 55 52 23 28) (41 73) (11 8) (15 60 7) 5 18 27 85 (63 45 58 40) 50 30 33 6 (82 53) (35 3 89) (78 79) (2 9 47)
27: 71 (8 9 52 80 88 7 64 21 50 28) (27 89) (85 55 77 58) 86 14 (84 79 76 15 56 24 44) (17 49 25 53 81 40 87 4 29) 69 (26 5 47 19) (43 34) (78 39 54 30 63 46)
28: 51 (56 22 14 21 5 1 43 9) (27 85 55 11) (32 2 8 35 15 63 29 87) (40 60) 20 (69 7 28 49 30 4) 71 (84 82 79) (52 90) 34 66 78 47 (54 18 25) (17 80) (81 42 38 73 64)
29: (39 7 68 20 57 36 35) 59 (55 15 60 54 50 27 77 38 66 52 85) (5 32 81 71 24) 89 80 (34 73 26 79 47 28) (87 67) 65 (17 64 49 40) (69 14) (9 53 43)
30: (38 1 54 2 77 64 47) 24 78 81 71 (21 5 25) (67 8) 11 (43 84) 73 (32 13 45 34 44 60 79 46 58 66 30 15) (9 68) (50 56 55) 87 (65 80 85) 69 (52 40 17 53 28) 88
31: (22 61) 50 (40 66 88 77 29 44 55) 58 13 26 (38 2 43) (17 5 84) 1 (53 18 41 85 71 28 65 34 67 15 82) (54 35) (25 74) 68 (9 86) (8 69) (47 79 80 57 64 60 56 14 78 51) 32
32: 35 (90 65 57) (41 53) 27 18 39 (34 44 49 47) 55 79 (76 60) (50 64) 81 71 (69 15 8 32) (54 13) (20 24 87 14 51 52) (43 9) (77 21 5 84)
33: (49 55 87 43 85 66 51) (77 21) 48 (50 67 80) 6 52 (15 86) (28 73 23 89 78) (60 64) (83 25) (29 71) 72 (11 17 33) (38 69 24 63 13) 14 (34 54 81) 56 44 (26 7) (9 82 47 2) (58 41 30 4 79)
34: (59 78 47) 76 52 (53 79 54 5 34) (68 17 77) 60 64 (9 51) 4 56 13 15 57 (50 29 38 41) 82 (18 35) (20 25) (65 21 27) 73 (2 85 72) (87 28) 46 (89 14) (88 69 55 40) (26 44 71 43 8)
35: (14 25 79) (53 8) (74 84 47) 26 (55 60 58) (73 38 35) (17 30) (27 7 3) 80 34 40 (42 18) (82 52) (19 72 32) (44 66) (11 57) (76 20 28 24 69) 5 15 9 85 54 (43 71) (41 81) 46 (65 64)
36: 69 (85 50) 67 (66 77) (25 52 40 79 82 51) (53 57 3 64 80 46 41) 32 29 (71 43 20 49 87 27 12 8 56 9 14) 13 (21 78 26 55) 28 (89 7)
37: (17 15) (72 80) (30 79 65) (59 71 6 54 42) (5 85 63 32 43 8 26) (57 40) 21 (4 27) (38 34) 60 49 (55 73 83 14 81) (35 44) 69 66 33 (48 56 77 50 2 88 18 53 28) 13 78 (64 20 9)
38: (26 15 5 11) 66 (36 80 85 14) 78 (79 73) 21 (33 90 64 17) (34 82) (28 49) (27 40 59) 10 (41 89 20) (42 77) (25 50 69) 18 57 47 (68 87 55) 71 (39 9) 44 30 56 (60 81) (29 88)
39: 66 82 (86 8 69 78 20) 54 (56 25 48) (79 80 21 64) (43 71) (15 17) (55 57) 4 60 26 87 (28 41 14 81 44 24) (2 77 50 40 36) (68 34 85 27 74 46) 9 5 (90 11 53)
40: (41 68) (85 52 66 4) (32 34 56) 5 (71 2 64) (14 43) 35 (65 18 9 8 55 47 25 53 72 48 27) (40 7 15 46 78 81 60) (77 50 90) (51 36) (80 57) (79 13 69) 88 24 59
41: (8 79 47 67 81) 77 (31 64 15) 19 56 85 44 74 54 17 6 71 37 39 (55 87) 57 13 (2 36 38) (14 41) 34 4 (89 53 5) 80 43 (72 45) (76 40) (18 88 52 61 9 24) 78
42: (27 63 34) 35 64 (43 77 87) (51 21 29 22) (71 41) (68 4 69) (55 65 50 88) (85 81 76) 14 79 59 (89 24 11 58 44 20 54) 60 (9 8 40) (13 80) (30 17) (66 52 18) (2 72 70 5 53) 19
43: (65 53 4 52 40 45 35 43 59 50 84) 18 60 34 85 (66 15) (80 6 64) (78 29 27) (73 49) (79 69 8) (13 77 44 82 71) (32 17 14 23 9 7 67 56) 20 (88 21) 2 5 87 55 (58 57 30) 39
44: (32 11) (4 9) (34 42) (7 68) (53 6) (18 79 85 81) 51 13 (73 44 20 45 47 52) (21 71 56) (43 55 5 17 69) (39 8) (66 25) 61 14 (3 60 35 30 67 84 74) (2 80) 50 (88 15 64 49) (26 86 36)
45: 27 (77 70 34) (64 39 6 1) 85 84 (9 54) (21 2 79 55 50 26) (11 48) 17 (43 73 40) (44 66 51) (5 80) (24 35 41 47 72 88 57 52 82 19) 81 (14 49) 13 (56 8) 4 (87 20) 53 (69 32 60 68 28)
46: 3 20 22 (73 17 50) 43 (90 60 67 7 46) (52 40 82 54 36) 9 68 (63 34 64) 15 78 (39 42) 4 8 (14 79 71) 74 (26 66 44) 53 (72 13 85 77) (69 55)
47: 34 (17 20) (9 87 13 5) 41 35 28 50 (84 43) (79 64 57 7) (78 44 11) (47 55) (68 38 72 54 52) (18 40 23 53) (66 2 56 29 46 85 15) 71
48: 18 (79 25 64 69 77) 41 68 (35 84 43 15) 2 42 (60 63) (13 28 78) (7 87 67) (85 34) (66 86) (32 4 71 62 81) 53 (73 8) (29 5) (47 9 39 61 55 40 56 89)
49: (90 84) (87 21) (14 17 15 7 41) 8 (63 69 20 28 36) (81 50) (64 60 53 57 49 74) (67 88 2) (85 68 79 30 86 89) (29 32) (56 25) 73 9 (77 38 71) (55 34 70 65) 43 (18 52) 83
50: (11 43 40 2 60 38 30) (17 55) (3 42 20) (5 87 84 79 50) (53 69 6 24 26 9 66 85) (27 49) 80 36 (77 73 52 7 8) (4 13 71 56 28 34 41) (64 21) (32 78 14 25 15)
51: 5 (51 72) (2 50 65) (18 56) (80 20 17 79) 36 (64 66 53) (25 86) 38 (57 26 61) (4 40 69 77 11 35 34 24 55 9 87) 44 (84 13) 1 21 52 (49 29) 42 48 (43 63) 15
52: 7 20 (21 73 50 60 61 43 15) (14 66 53 47 49) (84 55) 71 (23 2 12 80 6 28) 64 (35 87) 17 (79 78) (58 24) (85 88) (74 9 65) (77 69) 68 (34 5 56 30) (52 63) 59 27
53: 13 (79 39 80 85 49 58 66) (84 25) (51 50 52) (73 14 27) (54 65) 1 (21 9 71) (2 69 90 8 5 26) 55 44 (46 24) (57 64 43) (17 34) (56 87) (18 28) 36
54: (57 85 15 18 14) (6 20 44) (77 4) (90 68 8 41) 51 21 (7 71 65) 78 (69 87 81 5 28) (19 72 84 80) (35 60 38 50 24) 2 56 (40 26) 55 (46 79 34 73 53 27 64) (43 66 17 9)
55: (51 60 55 85 80 41 53) 77 56 (35 74) 17 21 (9 34 71) 43 (8 26) (65 81 69) 57 (27 61) (7 14 18 58) 28 (87 42 52 40) 78 (86 25 15 49 2 48) 47 30 (79 44 82) (66 64 32 84)
56: (77 60 2 85 87 20) 1 (18 53 34) (24 79 41 58) 52 6 (73 17) 13 5 38 55 69 57 59 (64 90) (63 21) (71 66 9 43 35 26 56) (81 80 4 76) (42 89) (32 3) (61 44 72) 8 (39 40 28)
57: (13 4) (87 48 66) (88 7 25 53 34) 72 (57 24 41 79 35) 69 50 43 (1 60 64 73 19) 78 (68 17) 8 81 20 (26 49 85 75) (55 15 33 9 76) (28 74 90 2)
58: (50 9 71) (17 85 36) (35 14 47) 79 (34 18 73) 64 44 52 61 67 (48 51) (13 70 82 12 38 15) 57 78 5 2 (69 55) (77 60 56 39 87 53) (21 66 20) (24 8 68) (29 59 72 58)
59: (79 71 54 69 86) 59 (38 20) (8 32 40) (49 53 17 6) (50 47 28 76) (87 2 82 21 9 44 68 52) (90 14) (60 46) (43 78) 29 64 (25 27) (56 65) (15 55 67 77) (66 85) (80 18)
60: (35 44 49 78) 86 (13 54) (9 64 65 72 81) 56 (36 76) (17 21) 43 (41 15) 90 (68 5 38 28) (34 20 11) (45 79 52) 24 66 57 26 (23 89) (50 61 87) 71 (40 77 8) (80 55)
61: (24 28 50 17 82) 69 (81 63 79 23) 59 (8 86 77) (30 72) (15 57 29 52 34 58 25 46) (73 36 32 44) (55 53) (71 68 47) (41 26 51 13 66 84) (9 7 11) 5 (27 43 80) (60 70) 6
62: (87 72 25) (80 64) 56 (46 15) (34 68) 35 (41 54) (83 69 40) (65 84) 49 85 (44 30 50) (89 90 2) 43 (11 21 67) 71 47 17 81 79 (32 55 86) (53 77 63) (4 57 8) (66 60 3 26 27) 52 (6 42) 9
63: (41 73 46) 79 59 (32 55 84 78) (34 89 66 61) (69 51) 52 (5 74) (43 80 17 29) 14 (56 53 15 85) (9 71) 47 (35 25) (28 18 13) 50 64 86 44 38 (40 57 60 54) 7
64: 55 90 (59 7 86 78 13 27) 14 (4 8 5) 50 67 18 (41 46 24 69 39 64) 25 (34 28 73 66 15 77 32 58) 48 (85 53 9) 30 84 43 (60 47 20 87 21 38) (74 56) 71 26 (79 40)
65: (54 38 8) 80 (58 44 69 88) 19 (66 7) (55 81) 4 (52 41 56) 24 15 32 (53 34 84 13 12 30) (5 39) (85 73 79) 2 (43 60) (50 28 71 9 90) (26 64) 68 (51 40 87 17 46 78) 47
66: (2 20) 65 (88 17 85 41) (56 58) (55 66) (80 61 68 26 27 11) 5 8 59 45 (29 77 14) (38 28) (15 25) 34 (19 64 48 72 81 71 63) 43 (52 87) (78 84) (13 57 79) (69 53 35) 9 89
67: 67 (13 17 81) (86 84 27 15) (90 71) (8 85 68 21 43 89 9) (82 64) 44 35 (55 56) (47 79 36 76) (5 38) (60 69) 24 29 70 (53 57 49 78) (28 59 11)
68: (49 67) (29 87) (53 64 41 12 77) (15 55 43) (89 50 59 34) (85 60 81 20) (40 21 80) 24 30 (17 38 78 51 74 44 18 2) (56 13) 35 (8 6) 57 (5 69 79) (47 1) 66 (9 71)
69: (56 79 78) (40 41 9 2 80 20 85 6 77) 43 (83 51) 71 (34 14 59 42 64 69) 82 (72 55 36 27 86 87 49) (28 57 52) (81 44 90 66 13 15) (48 84) 50 (38 46) 60
70: (71 29) 79 (2 5) (14 85 43) 52 56 (35 28) (36 9 33) (44 87 39 40 20 64 73) (72 42 34 1) (78 81) 57 (32 24 15) 86 66 (55 26 25 54 49 77) (60 8) 68 16 (61 88 82 89) (21 47)
71: (72 59 68 25) 57 (85 47) 66 (55 50 84) (74 41 43) 34 (13 17 15 5 40 90 45 21 35 56) (14 38 2) (81 60) (73 6 54) (28 53 26 67 27) 86 9 12 80 (89 71 1 52 78 11) 64
72: 55 (2 52) (9 24 56 71 73 6) 69 26 (36 59 7) 44 (57 14) (42 21 15) 40 78 41 49 (18 13) 20 (8 17 50 64 72 54 86) 45 (3 27 5) 87 66 43
73: (66 78 11) (15 74) (84 64 44 53) (71 85 17 6) (20 1) (55 56 26) 60 29 (21 2 9 59 68) 7 (32 81 28 63) (34 46) (50 30 52 90 40 37 19 41 43) (24 8) 69
74: (41 81 34 47 15 30 40 44 59) (38 57 66) 33 (71 55 72) (51 69) (24 43 49 73) (89 67 19 52 26) (39 8 79 87) (54 60 27) (25 85 32 48) 68 (82 11) 9 (6 18 88 56 53 64)
75: 73 (17 69 27 86) (36 51) 35 (60 1 4 11 89 81) 66 80 (46 34) 43 25 55 68 (50 57 53 41) 29 (85 20 52 49 87) (79 64 7) (56 84 9 15 47 72 77 28 67) 71
76: (40 24 56 14) (58 48 41 45) (46 6) 15 50 35 (81 43 72 13 27) (2 86) (5 11) (54 9) 73 21 (12 36 84 51 8) (69 88 85) 64 (60 68 71 28) 38 55 (77 7 79) 82 (1 53 44 34 80) (17 89)
77: (44 58 57) 53 69 (35 81) 77 (82 30 40 55 68 8 64) (63 60) (59 11 73 3) (78 50 80 19 74 26 65 34 6 21 14 2 18 66 5 71) (15 56 9) (79 13 17 43) 52
78: 59 56 40 (41 51 28 87) 85 (66 5 60 34) 69 79 (29 26 49 84 58 36) 24 (8 77) 73 54 (43 72) 42 2 71 (21 81 13 64 9 14) (65 57 47 53) (55 18) 25 38
79: 24 (78 79 28) (87 21 81 39) 19 (37 56 17) 59 (69 45) 53 89 (32 84 58) (52 50) (49 7) 68 65 43 (64 76 34) (2 5 41 11) (67 35 26 18 71) (73 55 14 66) (46 8) (25 40 9 60)
80: 50 (44 15) (66 2 67 42 77 27) (20 34) (65 41 57 30) (52 38 28) (80 64) (6 51 87) (69 88 61) (56 81 49 14) 43 (8 4 79 60) 53 24 (55 72) (5 71 17) 68 (9 40)
81: 64 (25 17 18 87 77 56 86) 48 84 (5 71) (42 79 60 54 52 35 61 15) (72 85 14) 11 (50 30) 20 69 (8 27 80 67) 32 (39 26 40) (55 44 82 58 9 34) 81 2 59 (51 41 28) 73
82: 50 81 (27 83) (53 54) 68 25 (82 87 9 14 80) (35 85 77) (18 64 78 32 55 44) (20 34 79 60) 73 41 (8 21 6) (40 13) (69 28) 17 (71 49) (15 46 5 43) 84 (16 56) (52 66 24)
83: (8 2 21 71 79 52) 69 64 (66 44) (50 60) 85 (6 77) 53 (28 36) (89 14) 9 (51 81 41 54) (20 26) 56 (18 40) (68 84 67) (25 55 17 87 32)
84: 56 2 5 (59 8 32 41) (57 71 25 34) (80 47) 74 79 30 (14 3 78 6 21) (82 85 17 35) (77 65 27 55) 15 (13 29 40) 43 (42 28) 69 (26 44) (89 38 64) 50 49 (81 23 87 52 66)
85: (44 85 13) (53 81 43 54) (5 39) (71 9) (55 15 56) (50 29) (87 51 79 4 32 40 42 60 80 26 19 84) 77 (14 8 82) (25 27 47 66 36 41) 34 64 35 (69 30)
86: 89 (45 20) (71 15) 50 (85 27 44 29) (53 52 30) 66 79 (32 60) (40 64) (56 55) 23 (69 13) 75 74 73 (77 14 5 2 38 41 3 46 81 43 82) 34 26 (24 9 25 21) 65 88
87: (80 19) (43 63) 69 60 35 (55 15 34 21 40 44 78) (5 79) (28 89) 2 (7 53 51 6 57) 26 3 59 (85 73 71 50) 9 (68 76) 17 (47 84 88 56) 64 81 66 8 87 32
88: 50 14 (87 73) (32 71) 68 (89 40 53) (60 34 24) (18 43 27 77) (9 5) 55 (35 65) (84 66 69 81 79 57) 8 15 (4 28) (33 52 39 38 78 25 49) (19 26 6 56) 85 (90 64 44 7)
89: 29 (32 51 78) (35 41) (40 70) 84 85 (75 28 89 38) (50 58 79) (18 15 9 77 55 13) 34 (24 11 26 74 19 71 67) (90 14) 52 (27 66 39 57) 61 17 (25 43) (20 64) 3 (8 49 69 5) 65 87 (56 60) 63
90: (20 17) 44 8 (68 67 88 35 50) 15 (25 42 38) (84 40 79 9 74 53 60 3 52) (54 58 33 2 41) 71 (43 49 34 14 13) (56 69) (64 78) (32 24) (66 59) 76 (81 55 85 6 5) 46
