90 90
1: (23 4 45 3) 11 81 12 (15 24 76 21) (53 71 26 70 5 30) (22 35) (16 51) 88 (61 64) 37 (89 67 25 31 1) (74 19) 57 (55 33 68 2 69 17) (44 39) 54 (28 8 82) (86 62) (87 49 73) (75 36 32) (79 47 66 80 7)
2: 1 (37 5 72 53 27 46) 66 69 (40 61 57 14 38 90 21) 59 (33 81 28) (12 51) (75 62) (39 17 71 60 87) (84 82) (32 16 7) (19 80 85) (49 47 42 74) (35 56) 2 6 (3 68) 52 (41 65 36 45 31 64 8 55 58 54) (73 67) 76 78 44 (4 22 50) (86 26 15) (10 43) 88 (34 83 79 89) (25 29)
3: (74 35 32) 90
4: 62 (47 4 63 42) (43 46) (75 12) (27 88) (67 52 11 31 81) (29 60 34 33 40 64) (74 19 25 73) (10 22) 69 65 (26 36 20) (61 56 30 53 35 86) (84 5 38) (66 3 68) (24 1 17 18) (89 70 76 44 90) (21 32 23 7 59 80 71) 45 28 79 (72 50 9 37 77 14 15 54 16) (87 8 13) 41 (85 82)
5: (6 23 1 73 47) (7 32) (12 83 52) (69 75) 48 74 (50 14 57) (24 67) 90 (10 89 56 20 16 25 63 60) 3 (76 55 33 80 30 65) 66 (49 5 34) 77 (84 26 86) (40 8) 78 (37 4) (62 36) (27 53 87 70 11 61 58 43) (22 2 51) (64 19) (54 9 15 45 46) 79 31 41 35 68 29 28 (81 18) 72 38 (88 71 21 13 59) 39 42
6: 1 (88 21) 70 (36 20) 23 50 15 28 66 (80 83) 58 63 (12 81 51) (17 14) (29 71 61 77) 11 (69 68) 62 (8 43 19 60) (85 5 33) (10 86 27 59 13 42 25) 32 (76 24 46) 55
7: 30 (68 66) 20 15 71 (44 26 31 45 23 88 4 10) 79 (28 40 80) (62 73 43) (11 7) (81 9) 65 25 14 57 1 69 (55 90 37 42 41 85 13) 54 (5 2) 6 61 (38 89 48 74 35) 67 (77 58 19 29 18 32 47) 64 33 (83 39 86) 60 (16 3) (82 70) 63 (17 53 84) 50 (75 24) (56 22 27) 34 87
8: 47 78 (88 52 11 53 68 9 54) (5 48) (12 42 40) 39 (3 77) (74 36 75) (67 43 60) (15 17) 8 (4 73 83) (86 59) (18 35 2) 22 (24 30 56 89 69) 57 14 (38 81 65) 13 90
9: (89 84) (74 28 13) 27 (49 2 15) (81 43) 1 86 55 (90 51 3) (72 21 38 7 23) (52 31) 58 66 26 (50 9) (5 83) (65 33 73) (34 36 32) 19 (4 87) (39 10) 42 78 (47 12) 6 59
10: 63 (62 23 66) (12 69 76 40) 33 71 46 30 (4 56) (54 68 10) 19 45 57 (88 58) (25 37 86 41 64) (85 22 73 24 65 17 80 61) (39 29) (77 79 48 38 3 36 16 89) (70 82) (9 21 90) (47 55) (60 72) (53 13) (6 11) 74 (5 20 51 28 7) 59 (49 43) (18 87 14) (27 67) (15 50 83) (31 8 26 84 2) (81 32 75) 44 (42 78 34) (35 1) 52
11: (84 12) 13 (3 77 35) 73 (65 33 58) (30 49) (34 40) (76 19) 4 (38 45 8) (79 57) 63 69 (50 16) (54 82 41 46 28) (74 59) (14 27 90 83 29 85 44 48 52) 10 2 43
12: 5 4 (63 36) 2 32 64 90 (13 71) 70 83 (50 59) (73 56)
13: 67 74 (87 51 5) 41 (3 13) 22 25 (40 45) 90 (62 71 60) (81 6 1) (7 28 33) (80 24 66 26) 10 (8 88 68) 75 (50 57 31 16 61) 79 (86 27 17 29 53 12 55) (84 56 20) 52 (76 69) (64 2) 54 73 (85 82 49 58 38) (11 70 30 32 9) (63 77 21) (65 39) (35 47) 72 (44 83) (89 37) 59 (46 43 4 15 36 14) (23 42) 34 48
14: 68 14 (44 61) (65 74) (82 75 87) 63 86 (77 43 45 83 50 84 66) 72 (55 27) (18 29) 19 31 81 (5 11) (23 42) 12 33 49 (21 22 54 78 80 17 52) 25 (41 26) (15 64) (2 59 85) (79 20 6) (67 28 53 57) 10 39 (90 48) 88 (62 7 60 24 3 16) 38 (76 73 71) (34 30 37 51) 9 (36 40) 35
15: 2 (14 57) 13 27 41 (40 6 29 85) (84 48 59 67) 60 18 71 24 (70 89 64 28) (7 46) (81 52) (45 55) (49 11 88 39 73) 63
16: 30 86 (27 71 14 88 79) (74 55 42 81 16) 17
17: 9 83 47 68 85 52 (82 43 63 26) (19 55) (49 39 54) 70 (2 58 62 28) 35 50 (12 56 44 14) (57 15 37) 18 (61 16 67) 40 72 (32 46 4) (81 27 41 73 30 66) (38 21 79) (36 48) 51 (75 33) (3 69 42) (74 80 45 17 53 86 23 13) 71 (7 60 76 84) 29 59 (87 31 1) (5 78 24 8 22 34)
18: 69 (21 7 90 4 20 67 11) (75 40) 77 (76 38) (85 14 19) 73 23 (45 80 9 63 49) 3 (10 2) 52 18 (50 33 42) (36 58) 39 (48 68) (65 28 16) (79 5 60) (82 84 6 35 12 25) (43 88) 62 29 87 37 34 31 53 (44 86 70) (30 54) (51 72 8 59) (81 71 89) (78 74) (22 46) 41 (13 15 47 17)
19: (38 81) (9 60 22) 42 (21 87 54 73 74 45 19) 1 8 (39 61 10 62) (28 55 33 43) (6 23) (17 7 24 64) 12 (52 66) 4 (65 77 80) 48 (71 44) (82 16) (31 51) (18 69 49) 53 (67 40 79 50) (85 36) 14 56 (47 86) (59 84 46) 25 (3 5) 41 (34 89 30 37 78) (29 11 90) (88 27 63 32) 76 2 (75 83 20) 15 (26 70 57) (58 68 13 35)
20: (57 26 46 87 80 17) (14 38 63 66) 51
21: 15 (66 43 30 39) (48 38 78 46 23 63 17) 79 (21 81 12 5 52 11) 24 (86 14) 10 (65 32 89) (68 67 84) 3 8 82 (71 44) (26 77) (53 90 80) (76 62) 87 19 (36 22 31 55) (7 58 29 40) (34 37)
22: (82 74 87 75 72) (24 2 84) 47 16 1 13 (37 67) 77 31 (35 56) 73 (69 70) 80 19
23: (80 88 18 46) 19 (37 76 54) (39 67)
24: 72 4 (20 23) (24 6) 33 2
25: (4 21 2) (44 16) (45 61 15 80 88) (43 83) 6 (87 64 42 76 11) 84 (81 82 39 40) 75 (54 10 71 51 19) (68 36 67) 60 50 17 3 (14 62 55 7 66 90 73) 46 (59 13 48 29 53) 9 (12 77 22 27) (65 33 31 37 20 28 70) (18 58 74) 5 (32 86) 85
26: (82 74) (42 4) (90 33)
27: (57 82) 24 75 87 43
28: 21 24 28 89 (22 19) (2 27 48 5) (58 3 54) (57 20 6 45 8 26) 9 10 (32 67 29) 25
29: (8 41) 72 19 (75 31 58) (57 52) (11 60) 16 (22 55 59 82) 74 (29 33 66 6 36 68) 84 7 (26 4) (30 56 76 62) (23 89) 51 (63 35 3 67 78 50) 77 (39 17) 47 83 (49 88 1 27 79 25) (28 80 65 38 20)
30: (60 20) (72 82 9) 52 56 3 85 (70 27) (16 47 26) 86 (69 45) (64 14) (53 8 83 17 51 54 90 88) (22 63 75) (65 87 73 40) 31 (29 10 78) (38 71) 48 (13 1) (41 28) (12 4) 46 68 57 23 21 (79 59 15 44) 80 74 77 18 (6 33) 43 76 49 35 (67 37 89 62) 58 (84 55 25 42 5)
31: (78 44 8 53 35 84 20) 54 (48 2 27) (51 71) (39 52 81 46 59 68) 86 73 (67 17 42) 50 (19 9) (3 15 41 10 90 69) 49 (13 40) (43 26) (63 57 25 29 45) 30 31 6 64 (12 83) (60 65) (11 28 36 16) (80 89) 62 (47 33) 66 (5 76 18) 82 22 23 (87 4 72 88) (70 7 38) (85 24)
32: (80 27) (33 20) 67 (7 50 54 62) 52 (13 48) 35
33: 64 23 37
34: (76 1) (36 66 49) (81 34 61) (60 31 62 56) (82 12 43) 22 (30 13) (64 86 32 29) (9 58) (44 6) 54 (23 57 11 88 53) (45 3 65) (39 46) 33 (37 4 14 74 89 70 90 24 50) (47 40 80) 18 5 (59 17 16 87) (20 67 68) 69 (77 38 55) (75 35 71 52) 25 (79 2 42) 72 (83 15 78 85) (27 84 51 26 8 41 7 28)
35: 34 (80 75) 62 60 (85 31 13) (79 41 66 9 47) 32 4 43 (42 45 39) (23 18 74) (25 15 76) (63 40) (81 33)
36: (55 71 76 51 48) (27 68) (79 46 86 73 75 60) 52 (1 5) (53 7) 47 (41 23) 12 44 (10 45 14) (36 57 31 39) (66 50 65 70) (64 28 59 67) (42 37 40 15 20) (63 2) (3 85 83) 22 49 (88 58) (56 87) 4 29 (25 21) 80 (54 84) (34 78 82) 33 (38 8 9 11 16 17 74 13 77 81) (19 6 30 61)
37: (76 89) 17 (74 41 21) 16 (62 6 50) (2 85 70) 37 (43 68) 67 (35 25) (56 51) 14 (8 4) 45 (55 28 46) (81 13) (66 83 38) (54 87 33 61) 79 (64 19 63 5) (57 40 20 82 9 78) (34 80) (53 36) (32 7) 3 (77 90 22 60 11 65) (10 44) (52 15) (30 27 18) 71 58 23 (72 26 69 12 73) (39 84) 1 (29 59 75 24 42 86 31)
38: 58 (89 13) (72 77 5) (88 12 31 9 71) (24 11 78) 86 (1 87 42 57) (74 2 62 3 38) (36 60)
39: 35 (73 80 72 15 9 75 58)
40: 39 (69 80 5 16) (8 82) 65 (28 23 3) (19 72 7) (31 87 29) 15 86 (12 40 60) (49 90 22 10) (30 1 63 14) 35 (83 55) 24 (89 70) (56 67 20) (4 52) (77 21 48) (41 62) 18 (59 75) (73 46) (42 17) 33 81 (61 27 76 11) 26 57 13 79 (85 74 2 25) (38 58 54 34) (44 32 66) (84 71) 43 50 (88 53)
41: (61 32) (44 38 81 62) (10 46 21 79 77 73 23 20 45) (52 24) (40 84 39) (65 82 12) (17 48) (19 49 80 15)
42: 89 (9 53) (11 55 70 54 57 77 65) (21 82 20 42) (80 14 56) (58 13 32) (46 90) (38 83 71) (33 17 23 39 85) 41 15 (18 66) (40 22 49 37) (62 24) (69 72) 30 3 (12 43 50 61 52 67) (5 86 63 74) (78 36) 31 73 6 (19 88) 1 (75 44 81)
43: (59 52 37 90) (56 26) (78 67 42 20) (28 66 74) (16 69) 8 (55 30 34 23 6 2) (63 60) 75 61 70 (54 5 44) (22 47) (83 88 36 65 3) 82 (57 76 1 86) (29 15 12 35 81 14 71 31 45) (49 13) (77 17) 48 18 (51 89 62 85 4 38) (68 50 72) (9 46 10) (64 40) (87 58 80) (73 27) (32 43 21 19 41 84 33) (39 25) 24 11 7 (53 79)
44: (24 37 14 58) 33 47 (73 82 46) 7 (17 49) (69 16) 87 48 (23 9 35 76 61) (90 52 22 64) (70 41) 86 29 (51 10) (71 63 15 28) (59 74) (20 26) (83 27)
45: 71 74 70 (22 46) 81 (54 82) (89 41 32 34) (52 45 90) (51 55) (78 44 76 8) (19 50) (25 28 37 15 39) (3 63) (57 6) 84 77 7 (67 14 12 69 86) 4 (56 64) 26 30 62 60 (36 65) (42 27) 9 (23 53) (38 16) (47 49) (66 79) (87 61 85) (24 18 68 29) 75 (59 80 43) (40 48) (58 1) (73 2) (35 83 72) (31 11)
46: (1 38 88 81 34 13 5) 45 (19 37) (40 27 48) 18 14 (41 57 52 53 6 86 25 67) (58 30) 83 (47 51 9) 39 (42 56 29 75) 78
47: 69 85 (52 40 73 27) 4 (82 18 81 60 34) (54 65) 51 37 79 25 50 5 49 (75 76 11) 48 42 (32 90 46 57) 62 (68 88) 80 44 9 (87 29)
48: 50 20 (49 67 83 53 66 69 11) 4
49: (74 89 7 10 67) (5 68) (44 54 25) 76 77 (18 30 57 31 82 29) 20 16 4 48 (41 55 50 58 3) (61 52 81 35 87) (71 65) (6 47) (13 32 24 62 88 53) 80 (46 60 90) (9 28) (73 37 49) 39 (22 36) 40
50: 35 69 (64 53) (87 51) (30 2) (79 62 50) (68 24 74) (41 21 43 57 42) (25 73 84)
51: (37 8) (69 47) 60 89 (80 61) 18 51 (65 22 3) 31 (1 14) 85 2 (76 4 83) 67 33 (72 21 57 70 16) 7 58 (46 81) (62 90) (26 77 13 45 5) (42 43 23 84) (34 12) (75 86 82 56 35 64) (53 20 44 30) (40 36) (38 10) (78 27)
52: 12
53: (82 26 34 85 48 77) 41 (12 62 58 69 23 64 60 36) (10 80 30) 73 18 (7 33) (22 44 14) (47 57 75 67 71) (56 65) (61 1 15) 46 (76 52 38) (21 17 5 9) (88 55)
54: (9 43 22) 37 4 (11 75 29) (34 73) (10 1) (8 80 76 82) (55 41) 44 (33 61 84 52) (66 14) 3 (86 7 85 77) 6 (51 62 32 64 39 2) (57 69 78 87 72) 60 30 (24 49 19) (45 83) (47 79) 74 (35 58 38 42) (89 67 5) (26 40) (50 15 18 28) 27 48 (53 88 70 46) (56 68) (63 17 81)
55: (38 7 58 42 45 67 87 41) (24 80 12) 72 5 (57 25 61 88) (2 47 53 35 30 36 6 46 4) 76 56 (62 26 83) 69 9 (65 37) 64 (32 18 3 10) (73 81) 13 (77 86 59 27) (66 60) (1 8) (17 49) 84 23
56: 34 (82 81) (39 49) (65 73) (77 48) 41 (71 62 64 24 38 25) (76 8 33 63 36 31 57 13 7 54 27 47 29 45 86 68 67) 74 (72 53) 88 50 79 26 (51 61 1) (19 90) (32 58) (55 46 4) (87 85) (37 89 42) (10 44) 80
57: (84 1 32 70) (68 46) (76 83) (48 63 44 4) (53 3 21) 58 (35 90 43 16) 60 (41 29 61) (80 30 71 28) 8 81 (56 23) (6 85) (39 34)
58: (28 71) 19 (30 31 58) 90 60 (85 34)
59: (72 34) 79 23 43 (38 44 54 61) 83 51 29
60: (16 25 66 74 15 45 52 63 36) (73 47) (53 86) (4 72) (2 8 9 87) (46 12) (69 10 49 65) (62 13) (84 76 58 19) (37 11 23 6 27 35 55 88 61 26) (30 20 7 17) (75 71 48 90) (50 59 39 64 1 21 57 24) (70 51) 38 82 54 (78 3 40 29 85) 83 (68 32) 14 (77 44) 34 (60 33 41 31 67) (79 80) 28 81 43
61: (16 53 9 84) (89 66) (23 83) 20 73 (50 79 48 34) (1 24) (21 12 11) 44 59 (56 36 32 42 38) 71 81 (43 74) 40 72 (45 7 17) (25 82 27 57 18 19 30 10) 88 49 (6 33 47 77 51 52 46 8) (15 85 13) 37 (22 26) (86 75) 58 (78 35 68 80 63 3) 90 69 62 76 (87 65 29) 5 (70 54 41)
62: 83 (56 39 37 50) 51 68 (34 73) (40 29 61 33) 76
63: 56 19 (68 31 16) 39 (58 12 65) (48 70 76) 80 (2 73 34) 72 61 (32 59) 4 66 (60 85 24) 29 (83 87 21 81) 22 (74 13) 53 25 79 1 42 (71 45 41 37 64 55 26 49 52 33) (69 11 5 86 50 6 18) (47 3 40) 15 (90 9) (51 57 44) (20 35 84 27 82 75) (17 14) 7 38 (67 54) 63 (43 77 28 23 62) (89 10)
64: (77 25 82) (68 10) (6 43 34 30) (75 79 26 42 64 70 69 61) (78 14) (4 11) (21 49) (33 12) (57 53) 24
65: 15 62 (48 31 21 28 66 13 87) (24 90) (57 64 20) (85 25 3) 35 (27 30) (18 65) (37 53 52 71) 5 (2 14 70 69 56) (88 19 34) 46 51 58 (59 77 23 43 29) (49 47 63) 26 45 (10 7) (83 74 22) (39 89 79 67 72 50) (33 75 81 4) (16 44 17) 82 1 41
66: (54 5 41 58 43 16 71 57 28 81) (66 7 17) 84 3 (11 8) (21 9 69) (55 24 56 14) 86 (47 75 48 53 80) 13 (50 23 79) (89 37) 1 (4 18 67 39) (73 82 60 20)
67: (54 10 40 66 19) 13 (18 17 70 62) 35 (15 58 85 9 88)
68: (7 68) (19 14 54 31 63) 11 (18 70 5) 69 (61 77 76) 57 (64 33 43 20 58) 8 (87 81 67) 28 21 (9 17 1 62 23 22 45) (80 79) (59 4 47 35 10) 88 (15 24) (39 40) 78 13 (3 50 51) 65 (66 71 49 52 42 74) (89 37) (82 2 53 83 46) (12 75) (36 27) (25 41) (30 86 32) (34 6) (26 38 84 55)
69: 30 44 39 43 (16 51) (52 85 42 38) 24 69 54 (47 64 70 59) 5 31 (15 32) (37 18 83) (79 60 11 73 53) 84 (25 17) 20 (65 34 77) (50 29 82 86 19) (56 35 36) 67
70: 7 90 (37 49 67) (17 73 25 61 29) 56 3 (59 80 36) 32 43 21 (82 88 78 74) 58 1 (27 23 26) 31 48 55 (86 5) 50 13 (66 9) (75 19 81 83) 28 (12 54)
71: (23 79 31) 14 71 17 (90 68 32 86) (85 74) 73 (55 3 48 72) (69 44 21 88 19 83 13) (1 67) 5 78 89 82 (60 64 12 58 27 54) 53 (59 61 42) (87 11 40 25) (50 28) (35 84) (26 77) (46 81) (80 29) (34 9 62 10 36) (39 57) 41 (70 22 37) 45 (33 56) (52 75) (51 38 30 18 24) (4 63 65) 7
72: 46 (24 53) (1 28 48) 3 (70 65) 23 14 (40 69) 66 (25 86 16 51) 88 (59 34 42 38 12 39 78 75) (62 31 52 89 18) (19 15 90 60 56) (21 68 27 71 77) (61 57) (29 82 83) (72 4 43) (45 11) (30 9 44 17 35) (67 22 33) (64 80) (37 7) (81 13) (20 50 6 41) 8 (2 32 47) 85
73: 19 (51 26 88 59) (17 76 32 42 16 69 62) (74 4 83) 15 44 (1 78) 37 68 86 61 67 28 38 (82 34 11) 30 (24 64) (47 14) 87 (79 63) (20 2 29 43 46) 75 54 (40 41) 49 31 77 (71 39) 36 (3 70) (53 6 13 85 58 12 65 27) 52 33 35 55 81
74: 52 (29 82 6 64) (62 43 74 76) (23 89) 26
75: (71 89 9 27 84 58) 31 10 64 (60 14) (74 76 35) (25 49 82 46) (47 11) (3 2) 73 22 (59 65 41 34 67 6 77 8 5) (63 52 62 19 69 30) (54 55) (42 33 29 20 72 7) (48 70 53) (78 44) 40 50 (90 79) 21 (43 87 13) (45 57 37 86) (81 1)
76: (68 61) (53 1 55 62) (52 58) 31 (17 80 7) 71 (67 13) (49 23) (15 11 50 87 44) 6 73 83 (26 65 16) (86 36) (28 45) (10 74 54) (14 24) 19 56 (8 30 12) 25 (79 57)
77: (1 37) (17 76 50 73 34) 26
78: (65 42) (43 59 85 50 21 39 75 34) (19 73) (44 48 41 49 35) 7 (88 74) 5
79: (24 78 57 31 13 46 14) (49 87 34) (73 54 29) 77 8
80: (7 85 63) (42 68) (52 38 60 82 26) (50 89 18 15 48 13) (40 77 53 27 74 59 73) (12 21 5) (78 84 51) (22 33 70 34) 9 (36 2 35 87) 56 (58 49 8 6) (54 16 66) 61 (20 79 86 55) (17 80 62)
81: (38 60) 53 (80 66 47 35 62 61) 77
82: 41 (8 28) (89 72)
83: (58 44 35 55) (16 62 84 65 78) (60 68) 90 61 (83 10) 24 (85 18 37 89) (81 4 34 48 77) (41 53 50 87) (71 59 1) (28 23 64 20) (5 45) (70 49 51 9 74 3) 57 86 22 (32 11 12 21 52 66) 2 (80 13) 79 (30 67) (19 54) 15
84: (5 64 84 51 16 33 22 78) (63 29 50 59 57 2) 30 (87 41) (14 44 4 55 28) 68 (56 26 82 8 25 66 13) (27 46) (12 62) 31 32 37 (10 15) 35 21 71 (53 9) (38 45) (75 20 3 23 17 69 88 65) (79 61 72 90 40) 39 89 42 (34 1) (74 81 86)
85: (66 22 11) (7 9 56 70 58 10) (88 4 36 15) 61 (87 30 84) (79 52 23 57 8) (50 26 2) (44 14) (40 89) 24 16 63
86: (54 80 67 5 89) 61 (84 74) (44 47) (66 10 83 38) (23 59) 46 (86 65) 75 (52 64) 29 28 (60 22 1) (3 18) (20 21 31 4) (2 79 40) (12 53) 58 (7 88 70) (32 30 49) (62 6)
87: 7 6 (86 42) (1 30) (72 78 17 39 80 34 15 65 89 53 61 76) 12 (73 58 59 25) 84 48 35 (70 66 28 29) 3 (49 46 44) (2 50 19) (55 51 10 71 4 13) (14 22 85 32) (41 47 82 60 9) 8 (64 88) (54 43 5 56 18 52 69 45) (77 75 20 67 31 27) (26 40) (83 63 68) 24 57 23 37 16 (38 81 36 21) 74 (79 11) (62 87)
88: (86 74 1 39)
89: (90 48 25) (42 14 67 83 76 80) 26 13 (41 4) (34 10 32) 46 64 (85 30 56 57) (53 40 8 50 72 49) 55 35 17 (28 88 87) (12 65 5 71 37 86) (39 6 78 52) (66 44) 3 19 (70 62 16 54) 73 79 (82 69) (59 2) (68 11 24 23 58) (63 77) (18 43 1 27 60 21 33 61 22 15 81 89 84 9 29 47 31 45 38)
90: (29 88) (82 59) (50 28) (56 42 48 12 22 87) (36 34) (41 80 1) (17 43) (78 5 75) 60 (30 73) (6 64) 44 (85 77) 55
1: (57 86) (9 4 63 46) (73 55 43) (66 13) (36 88 51 29) (45 87) 22 40 (72 53 77 38) 70 (37 68) (71 7) (2 19 75) (83 90 10 89 6) 5 (42 56 17) (34 54 65) (60 76) (30 1) (61 84)
2: (50 51) (40 75 54 65 18) (15 63) 45 25 34 14 11 17 (12 2 80) (28 85) (22 86 10) (9 7) 83 (72 36) (84 38 68 60 19 37) (8 5 87) (55 1) 13 (31 43) 89 (73 24)
3: (18 21 7 51) 10 (71 83 73 19 1) (4 68 89 75) (54 60) 9 (42 61 84) (30 40 63 2) (65 5 8) (72 38 17 43 37 55) (36 34 25) (86 11 45 57 13 29) (14 70 28) 87 66 (31 49)
4: (83 4 40 36 85 49) 63 (86 48) (37 18) (11 5 47 9 25 87 30) 89 (66 84 72 13) (43 8 35) 12 64 68 26 (51 71 34 1 73) (7 60) (31 10) (24 17 56 55 54 65) 57 19 (2 29) 45
5: 42 8 83 (54 4) (90 40 66) 86 (70 78) 7 (2 18 51 63) 1 (75 38) (55 5 61) (28 49 65) (36 31 21 13) (69 30 53) (68 14 17) (34 84) (19 9) (89 47) (80 37 87 71 43 46) 12 25 (6 10)
6: 89 (63 80 7 61 28 29 87 72 9 19 18 73) (57 34 31 15 75) (68 60) 55 (14 37) (64 45 76) (5 49 42) (2 13 30 43 90 86) 46 (24 36 54) (25 10 74)
7: (87 21) (76 1 51 13) (14 75) (5 55 71 18) 56 37 2 45 65 10 53 34 32 31 (36 43 7) (72 44 15 19 29 40 85) (78 25 60 66) (17 61 54 63) (86 80) 70 (4 9) (49 68)
8: 10 (2 28 5 66) (1 75 34 80 61 79 87) 43 (30 85) (17 19 89 72 56) (45 51) (31 11) 76 54 (57 13) 40 (37 6 4) (18 60 82) (8 36 21) 68 (29 55 84)
9: (55 54) (87 85 60 34 4) 42 (75 37 80) (43 68 63) (35 53 10 14 30 89 5 70) (17 8 25 38 61) 39 (45 7 19 72 66 28 13 36 47 83 67) 49 (84 31) (71 9) (18 44) 46
10: (83 43) (65 68) (7 2) 60 4 63 (36 44) 40 86 (67 13 14 28 41 21 6) (55 19) 84 (85 56 25 75 53 76) 30 (9 61 31) (5 10) (64 18 71 89 37) (49 54 87) 11 51
11: (18 1 47 83) 15 (85 21 40 7) 71 (63 73) (42 75 45 38 19 87 14 13 4 31 72) (76 43) 48 (5 10 36) (69 64 34) 61 (29 89) 68 8 37 (66 6 60) (54 25)
12: 60 (45 64 83) (52 1 68 6 63 71) 89 61 (73 53 51) (31 90 30 4) (11 18 76 41 34) (38 37 43) (13 84 25 42 9 19) 5 (36 14) 86 40 8 (55 70 2 10 72) (80 21 17) 87
13: 71 (67 22 32 10) 60 (75 4 19) 61 63 (12 17 13) (56 7 40) (66 38) (36 89) (34 87 72) (79 30) (37 83 43 25 5) (35 51 8) (80 84) (42 55 76) (65 31) (18 9) 15 49 (73 11 6 46) 70 68
14: (14 87) 13 66 (53 19 73) (85 7 45 16 5 21) (64 89) 6 (46 10) 51 72 (4 79 15 63 44 20) 40 (25 11 43 71) (65 54) (60 30 68) 2 42 36 34 (84 18 75) 76 37 (8 17)
15: 14 89 (84 30 21 18 43) 19 (10 13) 36 63 (39 35 5 4 83 53 42) (34 68 72 87 67) 37 (85 25) 69 1 (45 6 44) 80 (31 61) 9 (76 60) 8 73 41 17 (7 65 40 54 2)
16: 69 72 73 40 34 (49 36 43 57) (89 5 29 45 76 19 30) (7 11 18 85 87 61 4 14 84) (51 1 31 60 17 65 37 63 66 80) (16 22 2) (10 83 25) 44 13
17: 31 (20 41 53 34 1) 13 68 42 63 (37 69) (29 54 67 8 89 21) (4 19 7 80 70 14 66 18) 55 (84 61 73 6 77) 36 71 (76 17) 30 (10 44 16 65) (90 40 87 60 43) 25 2 72
18: (18 83 53) (17 71) (31 4 5 69) (68 19 61 63 65) 34 (40 67 54 30 23 7 10 66) (8 51) (35 87 80) 49 14 (46 72) 37 (43 42 47) (45 55 25 86 89) 15
19: (6 83) (19 23) (29 14) 78 (2 40 76 75 43 45) (46 41 37 67) (28 54 11) 56 18 (70 17) 5 1 (65 89 87 9 4) 10 68 25 (60 21 42 36) 22 73 (58 7) (71 31 69 72 63 61)
20: 14 (49 80 61 86) (51 29 40) (41 7 66 84) 31 (32 25 69) 60 42 72 (36 75 28) (37 18) (13 73 19) (10 43) (24 30) (6 48) 65 (87 68 44 63) (34 4 5 83)
21: (10 17 61 42) (87 51 37 70) 40 (64 21 83 28 2 36) (30 18 89 80 4) (6 9) (63 5) (19 78 43 71) 84 (68 50 53 13) (72 86 14 41 1) (25 57) (60 66) (75 65)
22: (34 44 10 61) (80 17 29) (63 37 13) (25 68 21 31) 14 (65 49 30 2 72 18 5) 42 4 51 75 28 (86 36 54 71) (53 85 87) (7 19 1) (89 90) (45 43) (40 83 8 84)
23: (70 86) (14 36) 34 83 (29 7 1) (76 45) (6 71 13 33) (72 89) 55 24 84 61 (19 9) 65 30 10 (59 21) (60 66) 74 (37 53 57) (31 18) (17 85 5) (51 40 35 44 43) 63 42 (68 4) 41 87
24: (41 65 10 42) (68 17 15 69 5 55 89) 22 (43 79) (85 6 60 63 56 37) 4 54 (61 38 40) 73 28 31 (8 19 1) 72 (21 83) 49 (87 76 13 27 50) 14 (34 24 66 71 45) 44 (64 7)
25: (89 68 10 87 72) 55 (47 71 45 37 69 14 19) (46 35 6) 70 (18 4) 65 64 (7 50 56 60 30 36) (75 31) 13 (28 5) (63 1 2 84) 29 (49 76) (61 34) (43 40)
26: (30 7 13 74) (34 17 76) (40 84 9 56 37 61 70) 73 53 (54 89 64 28 85 44) (68 19 45) (21 29) 51 (77 20) 43 (10 4 2) (60 63 87 55) (71 5 1 80 65 31 14)
27: (40 47 75 45 30) (5 68) (61 25 34 71 31) (10 43 15 56 84 29) (14 7 80) 89 55 28 (73 72 65 51 16 4 46 32 6 17 60) 13 (36 2) (11 63) 70 37 (9 19 44 87) 54
28: 17 (7 71 73) (15 76) (89 1 70 84) (44 68) (58 11 57) 13 (29 28 63 31 10 83 86 72 19) (25 40 34) 66 54 82 (9 60 49 18) (4 87) (37 2) 30 6 14 5 (36 90) 65 (43 45)
29: 71 61 (54 79) (70 17) 65 (15 28) 47 (87 49) (21 73 29) (86 43) (34 45) 11 (18 10) 62 (46 74 13) (37 57 2 30 90) (63 69 31) 36 (40 19) 75 (72 7 56 44 60) (59 6 5) (14 89 84 4 25)
30: 86 (89 65 45 37) 76 (10 85 90 31) 53 (16 1 71 69 19 14 68 87 34 58 13 61 36 75 57) (18 43 42 21 55) 29 (4 72) (51 49) 54 (73 64 50 17 83) (40 11) (8 5 7 60 84) 46
31: (71 21) (31 43) 73 (9 42) 51 (58 75 37) (19 2 86) 56 (63 69) 7 (30 89) (4 38) (68 60 1 10) 45 (72 70 40 5 84 87) (36 79 29 34 13) 65 (35 18) (49 17 14 76 22) 25
32: (17 28 42 86) (83 2 69 87 34) (37 3 55 35 49 47 1) (54 70) 40 71 (10 56) (5 43) (61 68 7) (73 84 6) (57 21 4 41) 72 19 (60 13 12) (25 45) 89 63 9
33: (4 40 43) (25 17 42) 7 (36 37 54) 89 (73 18) (30 2 35 60 34 53 51 72 64 80) 65 (84 75 1 10) 31 (5 13 71 11 63) (61 6) (24 26 32 68 62) (14 9) 56 (29 44) 19
34: (53 21 78 19 75) (10 36 34 54 62 87) 18 89 (11 69 35) (9 71 65) (79 57 58) (17 43 73) (80 63 13 68 56) 51 7 45 (59 14) (64 46 4) (84 47) (5 61 83 90 2) 37 60 (40 77) 72
35: 84 5 (55 78) (32 30 10 4 1 34) 89 80 49 71 72 (87 17) (31 81 7) (29 22 75 2) (61 45 51 8 44) (11 57 50) (65 18 39) (14 63 13) (40 3) 37 54 (69 68 83) (19 60) 67 (73 43)
36: 55 (8 45 5 38 14 12 6 19 34 18) 17 (49 87 60) (73 85) (61 10 37 2) 76 56 70 31 (71 1) (29 51) (36 21 25 9) (42 4) (69 68 80 13) (43 53 90)
37: (10 46) (13 25) (19 73 5 87) (37 62 89) (69 43 72 65 36 77 68) (71 47 17) 60 (63 55 84) (56 51 61) 75 (34 7) 45 (54 66) (4 18 23 42) 44 21 (1 2 22) (14 49 83 33 30 70)
38: (13 69 89) 5 (68 11) (41 7) (10 40 81 20) 38 29 (14 37 60 42) (4 51 21 45 19 43 86 56) 9 (63 71) 34 (8 2 87 55) 30 (80 84) 18 17 46 61 (72 36) 31 (59 73) 53 54
39: 13 14 (29 1 65 84 45) (62 72 17) (60 78 54 19 63) (15 49 87) (8 69 34) 42 (40 41 35) (46 57 89) (23 36) (73 2) 66 56 9 (10 7 5) 37 (68 71) (43 31) (21 25) 88 18
40: 43 (71 61 21 11 67 89 72 80) 47 10 (25 35 5) (41 85 86) 54 (2 7 51 30) 36 (84 46) (63 31) 42 (62 68) (18 13 73 14) 45 (37 75 60 17 34 40) (4 49 15 8) 87 19
41: (72 18 44) (73 66) 54 34 (31 35) (57 40) (90 75) (4 10 50) (17 49) 53 55 (84 60 19) (13 56) (30 63 68 42 65 5) 7 (46 45) 37 87 (15 36) (78 89) 83 (82 11 29 43) (71 2) (14 61)
42: (84 69 89) 42 87 (13 45) (26 63 75 31 35 5 18) (10 72 16 17 6 46 61 8) 37 2 4 (50 19 51 55) (54 47) (43 80) (40 7 64) (9 36 14 68 30 25) (78 56 90) (38 34 71) 73
43: (70 4 2) (51 89) 65 (8 78 69 74 64) 21 (63 87 13 37) (72 10 90 31) 34 (42 43 73) 30 (25 54) 11 (45 7 14 35 59 50) (19 27) 40 (5 66 68 61 60) 57 (6 18) (9 75 17)
44: 72 41 (61 14 40) (51 57) (59 71 54 60) 85 (69 17) (56 31 45 42) (25 73 63) 65 (2 86 4) (76 75) 1 (10 43) (83 21) (90 49) 19 (7 36) 37 (13 30) (34 47 18) (84 11 53 78) 87 89
45: 83 (56 15) 71 (35 28 30 72 54 36 4 65) 55 (25 60 75 68 17) (43 19) (37 63 34 87 7 5) (31 18 76 46 10 51 14 84) (45 1 2 41 11) 89 13 61
46: (47 19) (10 6 30 36 72) 37 (54 34) 31 (23 42 56 71 43 86 49) (60 87) (11 84 15) 45 (40 41 44) 65 (2 53 25 89) 55 20 (68 4 57) (17 13) 51 75 5 (21 61 79) (73 18)
47: (9 87 34) (35 72 51) (22 10 17 31) 1 (19 44 18 81 55 86 73) (75 66 89 69) 29 (13 63) (8 68) 61 (65 43) (60 36 46 56) (54 4 7) (2 53 5 45) (49 30)
48: 70 11 (5 19 65) (66 78) (10 36) (40 21 46 53) (7 75) 90 (18 61 41) 54 (63 8 17 56 87) 13 (47 72) (83 14 89) (57 43 25) 80 (32 44 15 60 71) (30 28) (31 49 45)
49: (13 30 73 5 65) (34 54 17 40 2 89 31 80) 86 48 (64 15 63) (9 70) (11 75 55 44 42 43 68) (41 1 83 18) (56 14) (36 78) (49 19 10) (87 47 76) 61 (60 45) 79 29
50: 60 32 (89 17) 63 (13 42) (47 34) 50 61 (49 54 77 56) (2 6) (68 45 14 10 72 11 40) 75 (29 69) (85 43 66 36 83 78 71) (4 80 65 90 9 70 84 18) 31 (37 12 5 7 19 76) (48 87) (25 62)
51: (54 10 71) (29 45) 9 (17 69) (20 34 51 37 47 61) (43 80) 14 83 72 (84 50 13 44 59 36 62 5 68 87) (60 31) 18 (19 63 2) (1 56 25 46 65 30 6 73)
52: 21 36 65 (80 74 75 11 31 87 63) (17 46 30 54 9) 10 (76 32 68 5 44 53 69 86) 45 (71 72 49) (19 14) (2 47 8) (40 37) (15 60 61) 41 (83 42) (73 29 13) 85 (43 89) (4 18 34)
53: 37 (72 73) (68 10) (1 48) (40 55) (51 76) 87 75 81 (5 45) (65 14 46) (83 57) 80 (42 69) (54 30 86 7 17) (36 56) (18 89 84) 13 (31 19 66 21 25) (2 49 8 43 71 63 61) 64 (4 34) (60 50)
54: (28 47 40 83 80 18 1 60) (32 10) 36 (67 76) (69 45) (7 70) 43 (66 79 34 2 13 19 86) (17 73 25) 4 (56 63 68 11 42 61) (31 87 23 30 37 71) (5 14 75) 8 59 (89 49)
55: 43 9 (54 1 80 49 16) (7 68 29) 17 (25 71 76 75 30) (66 90 89) 56 (13 10 21 40) (45 73 70 53) (5 60) (6 15) (2 63 37) 14 83 36 (87 19) 84 (34 42)
56: (71 84) (8 90 61) (66 87) 22 70 (55 30 57 46 62) 19 4 (37 45) (85 43) 40 (17 34) (12 36 29) (80 69 2 10 13 65 53 7 72) (54 89) (42 63) 76 (5 51)
57: (49 56) (20 60) (37 30 43 17 36 10) 45 11 (34 61) (47 72) 89 (8 63 75) (2 38 46 42) (19 87) (15 40 83 51) 68 84 (29 71 54 14) (7 28) (27 5 50) 13 (53 85 65) (76 31 66) 55 64 (1 79)
58: 37 (56 44 36 18 46 2 87) 57 83 71 63 (42 6) (75 17) (25 61 80 65) (19 60) 53 (67 76 5) (85 86 51) (34 45 21 40 28 68 13 89 11) (73 7 9) 49 (55 43) (29 54 66) 70 (38 39) 30 (10 58)
59: (36 75 65 43 4) (55 6 12 84) (18 68 30 17 86 89 71 45 70) (19 40 13 44 73 63) (34 31) (60 25) 15 (11 8 14 83 10 78) (2 80) (72 37) 87 (9 5 61 90) (29 69)
60: (86 34) (5 17 38 83) (14 58 36) 51 55 63 (75 87) (60 45 8 19) (4 18 49) 71 (53 35 37 25) 66 (81 72 31 15 7 6) (80 89 13 2) (90 43) 29 (57 40 54 47) 10 (30 69)
61: (60 81) (86 83 72 10 57 7 68 19 34) (41 17) 87 (63 76) 42 (80 40) (13 25 55) 89 (4 85 37) (49 44 14) 62 (70 73) (64 51 5) 6 (84 1 43) 71 59 (36 45 54) (2 56) 53
62: (38 31) 7 (32 6) 73 (37 5) 75 76 67 13 (35 41) 89 71 (30 86) (19 81) 14 (18 61 25 21 34 10 68) (49 74 72) (2 29 63 51 1 17 87 55) 60 80 (40 54) (65 84) 53 50 4 (42 43) 83 45 (56 47)
63: (63 35) (43 68 4) (11 15 56) (57 80 85) 42 (30 19 37) 21 (6 20 75 45 44 87 17 10 61) 73 (89 54 40) 60 5 (13 29 71) 7 (12 65 36) 31 (18 84) 14
64: (60 90 54 51 10) (84 25 30 15 74 64 86 36 55) (65 69 87) (43 75 7) (14 72 83 2 50 4 68 34) (44 5 73 53 63 71) (56 37) (31 89 13 33) (12 45) (1 19)
65: 87 10 (78 89 31 19 45) 11 (68 2 61 51 72 73 42 37) (86 71 76) (8 25 29) 69 (36 18) 47 (56 13 7 9 60) (75 53 34 41) 21 (5 43 65) 55 (40 84) (4 14 83) 63 (49 30)
66: 5 (84 4) 83 (89 20 87 9 6) (29 66 81 13 48 34 37 25) 36 (80 67 40 55 60 68) (14 70 42 10 45) 61 85 86 1 (65 54 17 7) (35 19 21 63) (31 2 43 72)
67: (31 37) (73 25 63) 45 23 (2 83 43 75) 5 19 (17 76 69) (42 10 22) (18 7) (70 28 86 89) 46 (54 34 40 72 49 55) (14 8) (36 29) (66 21) (32 65 13) 87 (30 48 53) (1 51 68 56 4) (60 15 71)
68: (60 4) 80 56 (21 64 50 17 83 45) (73 14 31) (13 49 18) (54 19) (57 7 36 37) (6 10 5 63 76 47 30) (1 87 43 25 62) 89 (61 29) 34 8 (72 71 2 68 84)
69: 11 (69 72 18) (73 7 42) 53 37 (71 64) (10 84 30) 1 44 5 55 (31 2 34 43 22) 51 65 17 13 (63 19) 6 (47 87) (60 89) (45 68) 40 (8 50) 61 (4 75 66) (48 54)
70: 5 (25 83 73) 22 (6 34) 65 (4 63) 67 (75 54 31 68) (85 36 18) (12 7 80 64) 17 (13 89) (69 87 1 44) 71 (86 57) (45 30 42 37) (15 51) (43 10 40) (19 61 60 72)
71: (15 34 83 38) 71 14 89 (44 66) 53 10 18 (40 60) (1 7 2 61 57) (45 36) (6 17) (4 16) (25 43) 12 (75 84 31 37 30 73) (76 42 56 72) (63 5 58 49 21 87 68 65 19) 13
72: (82 45) 31 (89 61 2 60 13) 24 (37 59 17) (55 30 43 5) (63 29) 14 (38 87 40 75) (9 18 56 10 65) (84 42) (51 72 39 4 71) (54 34 22)
73: 76 (11 78 43 62 37 60) 80 42 (49 36 45) (56 79) 13 (66 41) (22 47 77) 18 (89 40) (71 9 10) 12 (31 4) (8 69) 1 50 55 17 (53 2 25 75 63 44 7) 61 5 (70 14 39) (19 15) (87 90) 54 30
74: (17 83) 43 (61 73 7 75) 18 54 70 80 49 (84 25) (26 11 40 5) (19 10 76 50) (35 56) 63 (60 71 14 37 42 74) (22 2) 38 3 (87 29 86 30) 34 (4 65 13) 9 1 (78 68) (45 36 8 16) (88 44)
75: (13 54) (8 65 45 90) 4 37 (70 17) (78 27) (18 36) (22 34 35 1 46) 64 68 (63 53 66) (7 47 87 72) (43 29) (10 71 42 51 25) 61 (60 40 5 30 19 14) 73 (84 2) 39 86
76: (14 53 89 2 44 51 87 35) (56 4) 47 37 (55 60) 29 (11 49) 30 (57 6 34) 77 61 (23 31 54 43 40 5 10) (13 36 21) (17 73 62 45 63 1 19 25 18) (74 68 75)
77: (79 22 40) 18 (37 80) (14 45 54) 30 (10 19) 65 (49 29 56 36 69 73 34) (71 83) (90 6) (72 4 89 55 60 81) (11 75 68 5 38) (13 25) (41 87 63 43) 53 (8 7 64 21 42 51) 61
78: (9 5 73 38 36) (19 54) (72 64) (17 37 30 83 68 31 71) 87 (79 45 29 61) (70 84 2 42) 10 (90 46 14 75 34) (8 60) (21 18) (80 43) 89 51
79: (29 7) 34 (89 84 61) 30 (40 64 86) 50 (35 1 56) (69 5) (36 85 59 54 10 43 66 47) 75 80 (87 83) 4 73 (45 16 68) 2 63 (65 76) (19 17) (41 60 11 37 21) (13 14 18 71)
80: 1 45 68 (54 21 41) (34 17 70) (81 57 47) (32 80 6) 43 (36 14) 90 18 (83 87) (56 86 13 42 22 71) (63 76 7 19 89 39 20 51 5 66 49 4 60) 31 23 (35 55 10) 25 61 (40 72 30 2) (53 37 29)
81: 31 (57 61) (35 73 10) (4 66) 54 (18 65 17 51 56 72) (8 15 60 1 9) 63 83 (87 14 49 40 75) 47 42 (71 21) 2 (41 55) 37 89 (36 25 5) 13 (68 34 7 46 84 45 19 43) 70 6 16
82: (53 27 63) 19 (13 54) 60 74 (31 84 72 21 14 61) (71 68 25 70 64) 2 (22 17) (56 89 34) 66 (73 80) (47 1 40 45 49) (7 87 51) 41 (69 11) (10 26 43 90 29) 30 37 (36 42) 18 (44 4 75 65)
83: (61 59) (70 40 11 60 31 8 48 6 25 10 54) (65 83) (68 89) (37 30) 5 51 36 63 (29 2 73 42) (72 87) 44 46 (71 17 55 34) (9 12 76) (45 57 69 7) 86 14 62 (19 43 13)
84: (25 87) (13 34 9 71) (68 5 43 63 45) (14 83) 21 (19 69) 10 (11 51 41) (15 17 54 36) 57 (61 75 84) (2 4) 29 89 7 (30 37 66 18 31 40) (86 22 85) 55 (50 60) 80
85: (15 35 47 25) (80 10 90 6) (89 30) 40 69 (4 57 14) (11 51) 37 18 (53 19 43 42) (83 7 54 65) (2 45) 63 (34 71) (17 61) 36 (87 60) 58 (72 78 73 13) 31 56 67
86: 34 (72 38) 30 76 73 71 19 (87 14) 9 75 (5 86) (10 43 80) (37 40 2) (44 68) (63 88 16 4 1) (66 60) 18 (70 6 42 69) 17 (7 54) (51 55 83 31 13) (36 21 46 25) 89 45 (8 61) (56 84)
87: 44 56 20 (43 90 19 4 63 75 5 9) (17 37) (80 21) 14 7 (1 61 71 38 25) (27 2) (31 40) (76 55 65) (83 13) 85 49 89 (47 68) 84 (87 60) 36 18 (34 22) (73 50 30 45) (10 54 79)
88: 65 86 (18 87 8 30 85 72) (40 23 84) (46 67 36 78 7 6 53 90) 43 (70 2 55 31 34 1 19) 5 (10 42) (71 54) (49 15) 4 29 (68 60 89) (56 25 47) (16 14 38) 13 73 61
89: 19 (85 43 40 75 37 45) 80 (31 84 18 2) (1 89 30) 7 (87 4 49) (71 68 38 5) 66 42 (8 65 29) 13 (56 63 34) 54 (10 83) (72 15 21 9 61) (82 86 74) (28 51)
90: (71 3) 63 14 (10 31) 84 56 11 26 12 (40 42 51) (2 5 58 18) (21 72) 37 57 (13 49) 47 7 (44 60 34 30) (45 61) (75 70) (8 4) (89 83 9 25 19 43) 65
