90 90
1: 3 (66 78 14 2 16 8 32) (35 59) (13 86) 84 (40 65 53)
2: (42 35 61) (30 10) (72 56 63 11) 24 18 46 86 (80 28) (81 40 69 44 62) (17 36 39 77 29 13 26) (25 89 57) 7 (23 74) (20 83) 15 (47 82 67 37 54 32) 84 88 65 48 (52 55 43) (12 27) (50 58 90 41) (16 8) (76 31 53 4 73 22) (45 2 33) (75 9 49) 78 (70 79) 87 (85 60) (6 34)
3: (72 34) (21 30) 38 (40 68 78 43 8) 55 (69 9 52 41) 42 58 (35 24 86 13 84 37) 11 (17 81 56) (31 75) 2 70 (28 6) 54
4: 82 (23 2 88) (63 79 20) 19 (49 11 26) (81 30) (78 83 13 59 74 87 72) (4 39 35 50 24 65)
5: (86 87) (49 48 82) 43 (8 40 78 55) 17 (1 6) (36 47 4 79) 9 34 (21 54) (77 28)
6: (7 22 59 1) 34 (5 51)
7: (63 35 3 40 46 26) 20 37 44 (31 21) (30 24) (45 34) 28 79 27 (8 90) 74 (84 38) (64 10 54 29 52) (57 68 89 25 83) (17 2) (22 86 41 33) 15 58 56 (73 78) 18 (14 55 75 19 67 12 71) 88 7 (61 42 53 6 32 16) (50 23) (39 82 36) (9 66 76 11 5 59) (1 80 13 72 81 70 47) 87 (62 69 85 65) 48 49 51 (4 60 43)
8: (1 20) (13 7) 70 (30 36) (15 8 84 50) (47 68 4 74) (32 90 77 24) (6 61 82 12 44) 65 (42 62 67) (2 16 9 56) 58 25 31 14 (38 79) (55 10 34) 26
9: (78 89) (17 43 48 26 25 15 2 72) (5 11) 63
10: (20 74 76 32 88 2 72) (89 16 25 69) (19 3 61 43 73 26 5) 44 55 (18 65) (7 24 67) 27 (51 84) 52 59 (8 49 6 46) 1 87 30 (21 54 81) 29
11: (36 74 50 22 82) (73 84 45) (72 62) (19 56) (46 88) 31 (26 51 60 24) (47 16 35) (49 12) (11 44) (43 69 17 57 15 9 34) (38 39) 59 42 79 68 (10 27 18 41) (21 23) 53 (28 76 54) (80 20 85 81 77 40)
12: 56 14 (31 81 34) 3 (74 61 50 21 59 84 30 15) 73 (51 12 54) (20 25 52 5) 83 (63 82 11 29) (48 88 44) (66 62) (4 28) (24 37) (19 72) (8 60 16 49) (40 47 86 68) 23 (58 55) 80 (35 38) (78 71) 42
13: (40 13 52 69 29) (5 36 33) (70 66 32 82 63 19 18 37 59) (3 28 88) (44 17 45) (47 10 55 86) (23 12) (39 68 46 14 87 26 54 31 38) (53 8) 24 (58 20) 60 (27 7 43 77) (84 75 9) (50 11 30 79 57) (61 62) (74 89) (51 67 83 76) 81 (15 41 65 21) 34 85 80 (56 35) (6 49 42 2) 64 (1 25) 48 (72 4) 22
14: 11 48 56 19 29 (57 32 5 71) (83 62) (9 27 82 47 74 35 70 53 33) (87 20) 38 34 1 (52 16) 73
15: 3 (54 47 12 16 71 13 77)
16: (72 27) (73 33) 74 12 (3 44 43 90) (34 65) 18 81 4 (69 32 63 82 88 41 8) (49 52 42 64) 71 (20 40 24 14)
17: (20 31 90) 66 24 (83 77) 21 39 (9 62 33 84 53 85) 63 (80 11) (30 16 74) (67 8 42 69 71 57 86 75 43 26 81) 3 (68 14 36 87 1 5) (58 89 28) (59 73 27 40) (65 15 47 79) 51 88 17 (35 70 46) 52 (37 54 55 25 18 22) (78 50 19) (76 48 61 34 12) 32 (45 10 82 41 60 6) (56 49) 64 (13 29)
18: 82 86 (22 76) (37 48 12 45 47 72) (17 49) (42 23 62) (15 26) (79 63 67 84 13 20 77) (9 19 33 58 68) (5 34 69) 61 71 4 43 (44 54)
19: (72 15) 44 83 (65 38) (7 40 68) 76 12 29 (71 77) (43 19 89 84 3) (70 6 73 62) 28 (80 88 90 39) (82 45) (58 25 57 23 85 13 81 37 8) 35 (46 18 21) (78 5) (56 41) (55 22 86 54 4) (2 51) 75 (34 1 61) 50 (11 32) (31 16 17) 42 (33 36) 52 63 (69 10 66 49 53 59) (87 26) 27 79 30 14 (64 74) (20 67 60 9 47)
20: (58 88 62) (77 80 43) (34 47 41 78) (56 14 64 71 81) 40 (87 16 48) (45 33 61 35 46) (21 63 79 11) (89 7) (51 3) (30 44 69) (37 1 83) (18 4 38) 24 (52 9 27 23 12) (36 74) (90 82 49 55)
21: (34 28 82 85 60) (18 49) 4 (67 58 9 75) (12 66 38 64 25 17) (71 39) (3 22 14 79 80 31 23) (69 37 59 29 88 78 13) (36 77 50 15) 83 (76 63) (41 53) (47 11) (30 51) (33 20 65 21) 43 57 (89 81) 52 (8 56 35 74 19 7 61) (1 27 68 73)
22: (87 12 4) 43 38 (51 9) (23 72 13 69 41 32 86 61 64) 11 (68 58) 34 (46 78 45) 53 (62 63) (6 20) (14 74) (21 47) 90 (85 22 48) (8 24 30 76 10) (59 1 5 17 3 37 49) (67 18 79) (65 33 71) (26 89 50 36 77 82 25 35) (55 39) (7 15 70 66 52 31) 56 54 83 (57 81 75 60 42) 16 (29 19) 40
23: 56 (80 17 89) (38 51 60 63) 79 48 (33 62) 37 (2 65 7) (88 84 28 78 86) 36 76 87 (32 74 90) (52 9 42)
24: 68 (8 15 67) 70 11 (59 82 80) 16 (77 44) (89 19 84 51 41) 32 (43 26 7 50 39) 69 (27 56) (81 63) 76 (66 31 72 18 85) (21 12) (37 14 88 40) (71 4) (47 78) (83 30 35) (3 20 55) 1 (5 33) 23 28 9 65 (10 74) (22 48 60 6) 34 (53 24) (45 86 38 2 17) 61 (57 13 73) 62 (90 79 54 52 46 29) 25 (87 75) (49 36)
25: 35 28 37 8 (73 20) 46 (6 29 43) 72 (30 64) (38 79 10 83) (16 26 61) (40 59 27 17) 4 82 (81 86 50) (21 57 52) 65 (84 39 48) (70 36 11) (51 25) 44
26: (81 15) 7 (16 84 42) (37 43 32 86 9) (62 48) 31 (69 5) (90 36) 61 (87 58) 88
27: (30 67 39) 66 (65 82 73) (89 22 52) (41 43 63) (78 42 83) 74 (14 71 86 9) 79 (18 64) (90 81 75 8 60) (7 28) 88 (48 36) 50 54 70 (38 56) (53 57) (34 20 3) (25 33) 49 69 17 (87 13 2) (51 55 4 84 44 16 5 59) (40 24 23 47 6 76 10) (77 72)
28: 74 (19 10) 65 (6 86 42) (31 15) 5 68 (79 75 72) (41 76) (13 56 1 26 28) 18 59 37 (88 54) (27 63 61 67 17) 39 (71 90 14 51 81 80 21 29 30) 70 (47 25) (16 35 33) (7 83 84 53) 8 57 (55 23) 36 (69 34) 82 (32 64 4 48 66) 50 (3 77) (45 58 12) (87 9) (20 60 44 89 2 46 78) (43 73)
29: 39 65 (48 59 35 14 82) (68 53 78) 86 (62 8 77 74 55 15 33 75 7) (80 17) 76 87 (31 11 61 60 44) (58 20 85) (42 4) 49 23 26 32 2 (22 54 19 83) (67 69 25 3) (9 51 38 10 12 90 56 1) (71 24 63 57) (73 27 81) (28 64 30) (29 34 72) (84 43 5 13) (18 70 79 6 40 50) (89 36) (16 41) 37 88
30: (50 79 12 89 22 37) 73 (41 39 44 30) 56 64 9 (8 58 81) (40 43 1 80) (61 33 38) 25 17 90 (2 6) (10 16 47 14 72)
31: 24 (1 75 42 19) 14 (36 74 56 76 43 40 10 6 34) 47 (81 85 18) (90 41) (2 77 29 17) (57 78) 44 (12 53 66 38 82 7 13 32) (27 46 61 22 70 33)
32: (12 10) 90 (53 20) (1 39) 30 (43 75) 38 (24 71) (3 70 14) 16 8 (78 37 88 21) (56 80 68 18 26) 46 32 60 (52 50) 74 (27 89 42 9 51) (81 11) (35 86) 2 (15 64) (76 22)
33: 31 65 41 (71 14 39) (56 28) 83 88 86 (53 74)
34: (39 7) 11 (28 70 68 2 3 80 22) (17 9 83) 76 89 (50 87 4 19 90 63) (42 24 74 55) (64 35 78) 36 23 (48 12) (8 77 41) (44 26) 25 (43 72) 15
35: 61 (86 50 82) (68 62) (48 76 90) 24 (37 1 41 46) (12 83 73 70 78 5) (65 54 69) 10 40 57 (81 53 15 14) (13 44 36 80 79 18) (45 38 31) (72 66 7) (22 55) 75 (60 21) (29 59 11) (74 27) 9 28 (58 20) (25 39 88) (67 47) 77 89 2
36: 3 25 85 (26 49 39) 74 (33 13 56 77 18 68) (63 78 12 45 67 62 88 57) 14 15 (55 82 32) 86 60 (52 31) (38 20 73 53) (9 66) 40 58 89 (6 4 5) 81 54 (22 23) (64 70) (41 10) 21 (29 84) (48 72 76) (19 83) (28 7) (61 27 43) (51 2 90 17 44 30 47 87 36) (37 46 80) 35
37: (16 52) (20 4 17 27 22 90 23 58) 89 (76 44 79) (14 68) (78 48) (80 88 1) (21 25 35) (49 39) 5 (51 54 30) (66 53) (50 2 12) (87 26 8 75 72)
38: 29 (39 1 30) (70 62 4) (6 33 36 47) (9 53 67 5) (42 54) (40 15 51) 84 (16 75) (7 83 46 18 60 55) (68 10 8 12 65) (77 87 20)
39: 23 (44 7) 53 (19 46 63) (22 48) 8 (57 67 28 41 73 85 2 77) (10 88 52 79) 40 89 47 (32 34) 49 (16 74) (12 64 62) (20 55 90) 35 (54 1 36) 18 (43 69 21) 17 3 (45 83 71 38 29) (27 68) (75 86) 65 (80 87) (13 39) (60 78 9 4 14 59) (42 15) 11 (26 82 72 56 30 66 84 33 37 70 25 51) 6 58 (31 5)
40: 60 74 55 (67 77 7 58) (44 36 4 88 51) (25 24) (54 69) (41 37) (6 2 47 53) 76 (31 89 28) (27 49) 43 (20 78) 14 (21 83 12 22) 17 (63 35) (39 33 1) 29 48 (81 26 85) 79 61 64 40 (66 46 65) (62 45) 50 (38 18) 42 (90 34 70) 84 13 (56 19 75)
41: (76 15) (40 58 8 53 9 87 29 17) (1 43 51 88) 21 (68 83) 59 5 81 (86 37) (80 27 30 66) 62 79 (16 85 3 32) (20 19 72) 35 (52 50) (41 38) (24 56)
42: 88 (59 74 83) 55 31 6 15 (84 76 18) (51 36 72 13 40) (66 27) 77 81 (17 79 43 19) (9 21 23 7) 32 (33 80 5) (52 47) (69 53 28) (50 14 44) (90 62 67) 60 (70 89 39 64 35) (73 48 16 58 12) (34 8) (30 75) (85 78) 2 (56 29) (25 68 54 4 24) (46 42 20 49) 71 (65 45) 87 (1 63) (61 38) (3 10) 37
43: (87 69 76) (62 81 21 4 7 49 9) 78 2 (63 50 45 83) (39 42 60 19 35 16) (28 54) (55 65) 57 (15 23) (84 74) (43 3 34) 82 (75 89 37 72 40) (13 29 79 64 10) 36 (20 85) (46 56 38) 86 66 51 22 (27 25 18) (41 17) (80 12 71 67 70 90 53 61) (52 11) (5 88 33 59 32 58 77 47) 8 24 14 (6 44 68) 30
44: 10 (13 59) (36 37) (88 9 75) 70 (22 41 54 17 42 12 53 35 24) 7 (66 40 52) (34 38) (51 82 31 63 49) (48 81) (78 69) (14 71 56) (25 62 6 87) (16 21 44 46 64) (20 67) 15 30 85 80 (73 4 11 39 89 26 65)
45: (71 2) (47 50 46 48) 62 (63 24 32) (87 21 36) 81 42 22 (39 9 43 34 89) (53 6) (25 58 59 26 84) 55 (66 16 3) (28 29) 52 (38 72) (85 37 41) (18 82) 70 15 13 (10 51) (35 4 56 74) (7 30) (45 54 19 76) (69 75 64) 90 65 (78 77 14 23 33 68) (49 11) (60 67 8)
46: (4 73 21) (38 61 22 55) (34 32 78) (89 59 56 72) (90 10 2 88) (9 81) 75 49 (43 36 79 67 29 63 66) 71 (19 17 53 77 18 69 51 25 30 39) (28 11 48 1 23 47 52 68 15)
47: (84 82 38) (63 25 69 32 34) 89 76 70 60 (52 33) 83 (6 87 58) 80 23 (41 46 21 56 1) (28 16) (31 13) 72 (29 75) 77 (79 61 3) (64 44 40 39) (42 48) (67 12) 8 2 53 71 (14 66 45 27 24 55) (57 17 4) (74 68 26 9) (20 35) 36 (47 59) 19 (85 78 49) 73 (30 90)
48: 63 (12 43) 73
49: 77 82 32 61 39 69 (80 88 54) (74 75) (41 15) (59 83) (9 64 71) (63 33 42) (3 50) 81 (28 90 84) 52 (70 10) 87 40 38 (4 31) 7 (78 57 53 20 21 43) (18 14) 35 (22 49 89) 86 (8 68) (36 46 12 85) (1 65 25 26 11 13 17 72 73 24 62 19 2 16 67 48 27 58) 45 60 (34 79) 55 (30 44 47 66 51) 56 76 5 6
50: (77 42 35) 24 28 (2 8 36) 57
51: (74 9 23 71)
52: 62 (49 66) (71 39 37) (18 42 51) (73 31) 52 (60 19) (50 87 79) (33 34 84 36) (57 12 9 82) (47 78 6 10) (58 32)
53: (52 76) (26 7 16 70 78 72) (10 13 81) (25 49 90) (86 83 34 61) 22 (56 23 2 36 84 67 28) 63 (65 50) 3 (20 74) 64 55 44 40 (33 30 17 45 68 54 19) 43 4 (59 21 37 15) 9 6 (85 38) (42 62 41) (11 47) 5 (27 14) (58 75 71) 66
54: (17 86)
55: (30 7) 23 (65 20) (17 42 44 39) (37 60) 19 55 (85 46) (15 9) (77 13 18 24 22 79 75) 66 69 (80 1) 4 3 (87 28 86 74) (59 71 49) (67 34 41 51 35) (27 57 29) (11 31 90) (70 36 38) 14 (73 78) (5 32) 88 (76 56)
56: (41 45) (67 30 9 81 53 58 57 64 13 59 75) (89 50 79 20 18) (36 25)
57: (58 11 25 85 38 65 27 13 49) (36 52 73 68) 7
58: (75 83) 41 15 (54 5) (85 10 34 6 48) 62 72 1 (32 66 60 35 17) (50 76 57 79 26 4 70 81 65 82 87) 2 39 37 (78 18 61 88) (9 47 11) 14 68 (8 40) 28 (64 44 56 55) 84 38
59: (36 72) 29 73 (6 17) 2 (46 65) 14 78 (41 33) 13 30 56 (20 69 8 38 24) (50 34) (7 61) (81 85) (49 27 9 15) (82 32) (28 63 52 83) 18 (51 10 89 47 62 44 71 90) (22 53) 1
60: (9 17 28) 36 58 (6 79) 32 (25 35) (49 72 30 68) (27 53 66 12 55 10 59) (45 11) (34 2 88 63 37) (70 69 1 71) (22 81) (51 57 73)
61: 3 (22 7) 11 (15 16) 84 (17 80) 51 67 (89 68 37)
62: (14 40) (37 1) 71 (8 36 88 56 39 22 66 5 28) (26 23 90 6) 51 (41 82 42 81 59) (86 89 76 3 2 38) (13 43 16) (21 80 83 49 69) (12 57 17 53 11) (68 61 20 55 35) 52 (58 46 62 85) (44 63) 29 (32 64) 33 9 30 47 (65 24 74 60 7 50) (75 77 78 54) (84 67) 79
63: (3 87) (69 72 45) 27 35 23 (61 31) (89 57) 70 (85 75) 32 54 (65 38 11 53 8 14 44) 81 (37 86)
64: (11 21 62) (2 65 86 88) 12 (35 55 5) (82 8 59) (23 64 80 52 44) 87 56 (90 18 51 66 16 70) (58 63 69) (9 27 46 39 14) (72 22 77) (24 85 71 47 75) 13 (76 36 32 17) (81 1) 38 (57 31)
65: (55 25) 69 (83 54 78 75 27 4 39) (8 43) (49 9 90) (34 84 65 66 42 79) 18 (13 74 6) (1 2 40 57 35 29 20) (67 85 37 51) 7 (32 30) (64 82) (21 68 47) (50 38 56 3 16) 59 (87 62 80) 61 (60 86 33) (22 89) 24 70 76 (26 5 12 14) 72 (28 23) (36 31 46) 53
66: 57 (88 54) (82 2) (71 55) 58 72 89 (1 21) (7 20 80 40 29 50 45 51 13 70 18 15 3 90 39) 85 34 (81 79 53 37 33) 61 (87 62) 52 (16 32) 59 (27 36 23 86) (10 48) (17 24 11) (47 14 64 78) 60 30 31 (8 67 25 43) (5 84 83) (4 65 77 74 66) 42 68 6 (69 73 44)
67: 9 6 (81 45 46) 65 19 59 (79 73 28) (24 52 25 2 48 68) (14 57) (42 75) 18 32 67 (31 35) (88 43 38 47 27 61) (34 44 83 60) 54
68: (57 76) (59 23 50 13 38 32 25) 84 (41 79 62) (67 9 19 10 35 39 81 77 74 43 12) 54 34 (18 11 66)
69: (33 30 70 41) (6 55 66) (69 19) 67 (85 10) (42 83) (77 7) 50
70: (71 51 5 23) (59 85 53) (76 56) 46
71: (3 10 31 13 83 51) 33 (16 87 78 72) (35 75 52 39) 8 7 (68 36 70) 18 90 (64 88) (37 63) (47 26 50) (2 45) (55 20 73 41 28) (62 29 34) (30 67 6)
72: (88 59 89 21) 87 (76 12 7 90) (44 66) (39 16 42 29 19) 63 (67 55 79 56 8) (69 73) 58 86 (2 85 27 48 45 64 77 78) 23 (80 53) 4 (68 60) (46 52 31 3) 14 (84 38) (51 61 32 34 62) (50 30) 72 57 9 (70 6 11 1 13) 24 (40 15 47) 83
73: 1 (46 33 19 90 76) 25 (38 42 14) 59 (85 28 81) 35 62 (16 83)
74: 64
75: (72 53 65 17 67) 3 (34 25 57) (11 28 12 43) (63 47) 55 74 73 (19 4 36 30 86 40) (7 64 78 23) 59 14 5 (9 20) (62 89 51) 46 70 69 21 49 (81 24) (37 75 79) 33 (26 77 88 83 27 90 44) (38 10 22 84 58 48 68) 60 54 (61 1) (35 18 31) (32 15 16) (71 6) (2 39) (52 56) (13 50) (42 45) 80 (76 41) 85
76: 88 81 (23 84 54 59) 52 (56 26 69) 66 (17 18 31) (60 35 20 30 28) (32 8 7) (36 25 29 2) (19 68) (61 49 43 58 38) (48 73)
77: 56 (71 60 10 28 87 81 6 88) (64 3) (90 38) (72 62) (43 75 5 89 36 67 48 74 80 86) (4 22) 19 27 (47 54) (77 46 11 55 15 2) 83 70 13 44 (69 8 37) (29 16) (73 31 12 7 14 33 68 25 53 79) (61 57) (17 20 51 58)
78: (29 46 33 60) (53 31 28) 81 (40 25) (62 27) (18 86 34) (49 1) (58 26 52 90) (68 50) 63 (83 64 54 80 48) (70 44) 16 32 20 (88 65 2) (66 5 42 55 22 39 37 3 77 57) (73 17 59 41 89) (11 21 72 87) 47 4 15 (19 51 8) 69 10 85 43 (79 45 84) 24 (14 35 23) (56 78 67) (82 71 13 12) (30 74)
79: 47 52 68 36 54 (77 50) 62 84 (56 78 15 2) 10 (86 40 73 79 20 24 43) (88 27) (3 57 1) 61 (11 5 39 18 35 82 33 28 85 31 45 21) 19 4 (12 70 29) (76 41) (37 65 34 13) (87 71) (67 53) (66 9 59) 55 51 (75 6)
80: 88 (82 6 83 75) 2 (24 54) 81 50 (7 15 29) 59 (48 58 9) (41 14 51 11 38) 89 20 28 (44 18 31 77)
81: 8 54 (17 65 5) 61 55 34 6 (84 37) (48 19) 66 72 33 (45 58) (12 82) 24 47 69 (52 70 57 15 85 59 13 44 43) 20 (73 80) (64 78 67 21 88 1 76 29 56) 83 (31 4 23 50 79) (86 81 42) (32 10 39) 3 22 (26 51) 16 (38 75 27 46 9 41 2) 7 (68 62) (49 87 90 30 11 63 74) (36 89 14 25) 77 (60 18)
82: (5 70 71) (56 76 33 82)
83: 23 (69 77) 86 (60 9) (50 38 82 44) 4 (90 43) (21 67) (31 35) 14 52 (47 84) (79 34 81) 48 80 (71 68 57) (13 30) (61 41) (76 62 42 1) 89 (56 32 49) (17 40 55 27 33) (53 59) (58 39 22 29 6 37 5 26) (66 64 19 65 45 11 74) 87 (24 16 2) 88 85 20
84: (29 5) (73 67) (43 1) (14 48) (53 38) (30 64) (57 61) 10 18 (88 4 34) 11 (66 79 40) 22 (54 32 41)
85: 33 (4 52 55 37) (22 71) 28 (31 15) 10 (66 48) (64 34 86 30) (76 25 77 74 65 32 7 14) 67 (50 56 80 51) 11 43 (59 58) (44 61 62 54 85 3 89 90 83 70 88) 9 68 (36 84 39 24 47 23) (81 1) (40 27) 72 (16 5) 57 (53 79 35) (6 69) 87
86: 90 6 (31 55 13 14) (84 59 89 18) 7 33 (52 22) (74 34 19 72 63 43) 68 (64 23) 75 (77 82 32 29 20) 49 (88 44 56 67 21 5) 46 (16 15 4 51 39 66) (40 3 1) 17 45 (60 81) (11 57 79) 70 (53 48) (50 69 9 86)
87: 82 50 (26 52) (85 20) (30 75 36)
88: 2 (73 23) (90 78 61) 71 (85 34 43 60) (3 49) 37 45 (65 46 47 50) 68 14 (54 63) (83 21) 52 28 (18 82 25) 27 (11 55 89 80) (84 69 20 56 10) (75 67 35) (39 31 88)
89: 59 (54 16 27 84) (62 64 83) (10 74 80 60 79) 37 (43 20 63) 56 (19 85 68) 52 57 (76 51 25 49 39) (48 89) 22 (42 1 69) (55 58 15 2 44 77 46 4) (86 45 34 23 73 35 75 81 72) 33 (31 18 29) (41 26) 9 14 70 11 6 (90 87 61) (24 21 47 17)
90: 22 (1 50) 14 7
1: 5 (40 39 83) 37 (31 32 10 46 72 42) (55 90 66) 14 (17 64 38) 89 (21 13 75) (62 29) 41 (8 78 7 24 84 79) 65 (49 58 35) 19 (28 73) 22 59 30 85 (47 60) (6 81 86 20)
2: 49 53 (3 27 47) 19 (72 36 67) 13 (34 88 77 43 81 37 39) (32 4 23 7 79 45 66) 29 (80 59) (24 35 75 2) (71 28 31 10) (65 9 60) (64 62 78 1 8 46 42) (50 83 40) 30 (76 89 58)
3: (27 41 78 39) (62 16 1) (36 20 66) (12 15) (28 63 61 10) 77 86 85 43 (79 45) (81 24 17 34) (19 47) 49 (53 21 55 7 29 72 13 22 75 32 65 42 71 88)
4: (2 39) (78 46 29 13 55 8 28 45 27) (5 24 79) 38 (43 66) 83 (34 42) (75 84 36 4) (7 20) 58 (77 89 53 19) (18 44 25 49) 86 16 81 (72 22 37) (12 40 65 47 85 21)
5: (26 7) (75 28) 66 18 37 (78 43 17 24 39) (27 58) (84 10) (29 62 36 85 35 13 22 49) 38 81 77 (19 70) (14 55 42) 6 53 (82 64 79) 86 12 (65 83) (41 9)
6: (38 7 66 72) (25 28 59 49 53 5 86) (2 89 42) (24 77) (69 30) (60 62) 13 (44 71 22 67) (79 27 17) 65 52 (39 10) (85 36 19 75) (40 3 47) (80 45) (31 43) 58 (81 8 83) 29
7: 45 80 69 7 26 62 (40 66 36) 6 20 (10 42 65) (49 27) (43 44) (13 29 90 85) 8 19 28 38 (86 76 55 24) (21 75 2 23 39 61) (31 57 71 53 35) (59 72) (81 34 77 22)
8: 37 28 (12 21 72 13) (38 49 10 76) (63 42) 3 (62 41) (8 1) (17 64) (39 29) (71 47 45) (24 30 81) (50 58 66) (27 59 25 19) (65 43) 7 (77 78) (2 5 34) 22 (32 16)
9: (5 58) (83 35 23 56) (64 19) 34 (49 29) 85 51 39 (2 60 52 47 53) (68 75) (59 30 79 67) (26 41) (86 36 20) 13 (32 62) 80 72 (22 7 11 45) (24 89) (46 44) (28 27) 55 (42 81 65) (17 8 43 18) (21 14) (3 38)
10: 58 (49 2 17 36) 30 (8 39) (35 7 43) 31 (66 28 29 89 81) (24 38) (42 44 60) (84 53) (25 85) (79 13 77 19) (88 59 78) 32 (52 22 75 68) (27 71 46) (69 11 45)
11: (2 21) (9 77) (80 39) (12 19 34 29 78) (79 11) 44 81 (62 25 86 64 43) 75 7 (13 57 49) (58 35 60 61 24) (32 66 89 63 4) 85 (55 3 84 14 46 22) 83 45 (68 17) (72 20) (53 88)
12: (20 60) (49 77 21 12) 72 (44 31 18) 65 11 (32 78 36 48) 15 30 (52 47 39) 13 (40 38) 79 (62 34 42 8 28) 22 (68 24 19 37) (17 81) 35 (43 2 7) (64 75 29 16)
13: (8 15) (31 83) (28 72) 68 57 (45 21 7 78 77 65 2 13 66) (71 1) (42 24 17 29 86 47 56 27 53) 19 39 49 (59 55 81 79 75) (4 18) 22 (64 3 40) (44 36) (62 35 43)
14: 24 (67 43 7 62 89) (55 42) 58 (80 44 22 72) (37 66) (53 21 45) 29 (39 30) (17 85 28 84) 13 (12 36 33 16 86 75 47) (40 73) 64 49 (81 90) 1 (83 31 59 88) (19 8 63) (20 77) (27 35 65) 32 78
15: 85 41 (17 32) 24 (80 43 28 86) (18 59 8) 21 (35 9 26) (66 36) 77 (13 78) (42 89 79 29) 58 22 (39 38 81 61) (44 53 7) (34 72 11) 49 (2 75) (45 12) (46 19 55)
16: 85 30 37 (47 2 17) (22 19 49 12 41 75 71 29 1 27 25 77) (44 8 20 32 42) (14 65) 39 (89 78 7) 28 (43 61) (38 64 15 66) (62 86 24) (53 81 11 10 45) (72 26) 73 83
17: (28 2) (13 55 40) (41 58 39) 17 (53 25) (54 31 3 86 19) 75 77 62 11 (24 5 49 89) (36 7 83) (76 44 81 46 21 37 60 34 59 61 29 23) 30 (47 66) 78 27 (42 43 9 18) 64 22
18: (42 59) 81 35 (79 40 71) 80 39 (86 67 31 29 7) (84 75 49 58 13 24 10) 43 (55 16 88) (20 17) (52 32 64 19) (22 76 66) 46 36 (38 45 27) (78 56 11) 2 (28 21) (68 65 89)
19: (76 68 49) (34 79) 52 72 (18 45 46 36 39) (21 43) (86 28 78 7) (10 81 22 89 31 67) (42 13 75) 73 (24 12) (19 53) (83 47 29 69) 40 11 (17 77) (41 55 14 4)
20: (66 18 13 42) (2 8) 62 (56 17 19 76 11) 79 (4 41 86) 36 (32 24 16 65 59 28) (22 75 12 27) 89 10 47 (55 81 14) (49 88 87 77 44 40) (29 78 38 39 25) (53 71 7) (80 83 21 35 43 37)
21: 41 65 10 81 12 (79 49 62) 42 (83 89) 64 (20 28) 43 72 (5 32) 53 66 (3 17) (36 78) 25 19 22 11 44 (24 7) 39 (40 37 13) (45 88) (86 75) 21 (35 46 47)
22: (90 39) (34 29 13 2 60) (36 49 86 64 24 65 81) (40 27) (22 43 31 45 89 11 17) 6 61 (53 30) (78 7) (55 21) 19 35 84 (32 83 46) 85 (37 75) (77 59) (44 62 18)
23: (39 64) 72 (88 7 75) (4 89) 81 70 (2 46 42) 68 21 (53 29) (62 45) 85 (20 55) 65 (86 37 34 78 18 43 51 36) (83 13) (19 76) (63 12 66 28) 11 27 (47 22) 24
24: (75 65 79) 45 (72 32 81) (2 89) 22 (16 35 3 62 85 43) 83 78 (50 4 55 10 20) (40 66) (47 27 31) 64 44 (67 7 29 12 8 41 80) (34 24 17 13 42 49 11 59)
25: (73 75 7) (45 65 9) (21 25) (17 10) (8 29 49) 77 66 (2 28 22) 42 44 (24 13 37 27 40 12 19 34) 60 39 (88 67) (46 30 76) (78 56 68 43 53 36) (81 57 47 35 85) 89
26: 75 19 81 39 76 71 (45 36 78 65 53) 2 62 (8 29) 89 (24 9 32) (40 44) (28 11 17) (25 4) 49 (47 22 87) (34 18 13) 10 7 (58 37 83)
27: (49 88) 40 (35 67 7 20) (78 11 16) (63 21 39 10) (65 55 28) 75 (85 57 41) 29 (25 37 79 36 66) 43 19 (14 31 60) (32 72) 59 (64 83 2) (13 53 47) 89 (81 17) (24 77) 42
28: (60 28 27 33 78 12) (73 23) (19 79 45) (50 46 13 36) (62 67 3 75) 39 (80 47 77) 40 88 42 (2 29) (25 55 65 53) 85 (76 35) (11 59) (58 21 71) (24 17 49) (43 34 7) 5
29: (24 29 76) (41 39) 19 (28 62) (22 79 21) (65 17 36) 55 (45 38) 40 (78 86) (72 81 66) (59 12 47 10 7 46) 84 14 83 (31 25) 2 (13 77 43 71 80 35 89 42)
30: 84 8 76 (30 44 85) 46 45 7 (38 49) 78 (55 69 43) (36 56 17 2) (29 65) (4 81) 87 3 37 28 (71 75) (60 13 72 20 39 19) 21 (66 10 62 25 24 12) (32 83 22) 41 27 (53 47 59) 42
31: 33 (40 35 3 85) (13 81 19 39 88) (21 86) (7 26) 52 22 (49 24 77 36 79 76) 66 42 (83 72) (64 12 89 17 28) (80 29) (78 8 11 67) (2 71 47 44 65) (55 75 63)
32: 68 (14 42) (22 32 86) 46 (59 76 60) 85 (81 36 13 28 66 26) (78 52 23) 84 (64 83) 65 (8 1 41) (45 63 55 58 67 17 24) (29 72 47) 16 (19 39 43 2) (49 10) 7 75 (62 31)
33: 28 22 (45 83) 23 (29 14 71) (42 16 77) (20 75 38 21) (24 2) (27 19 40 47 52 78 53 86 31 85 18) (81 49 39 7 89 43) (13 36) (82 65 62) 79 (30 69 66 17 73 59)
34: 52 88 (49 39) 19 (86 66) (11 72 8 7 12) 46 (55 58 83 79 43 13) (71 60) 85 (42 6) 65 (17 14) 68 (89 27 78) 28 31 (81 45) (40 75) (29 5 24 84) (53 3 22) (59 47) (44 67 21 20 16) (18 2)
35: (60 20 25 32 85) (71 24) (14 7) 83 2 (89 68 29 4) (3 17) 58 (79 21) 47 (62 45 76 65 1 34 22 63) (36 13 41) 37 (19 50 11 43 67) 78 (40 44 49 42) (88 28 73 39) (55 64) (75 12)
36: (34 62) 47 (44 50 19 20) (57 76 8 55 77 25) (75 40) (24 60) (65 79 52 29 38) (39 49 23 13 53) 35 21 (42 85 2) 45 (59 5) (31 7) (36 64 26 46 17 56) (43 27 22 66 81) (71 87 28 11)
37: 75 (60 43 77) (65 17) (20 81 21 3) 26 (55 66 32) (52 24 41) 78 (85 19 7) (39 35) 23 (36 29 18) (28 62 13 40 83) 63 53 (89 2) 61 (58 22 42 88) 30 (44 79 45 25 12 71)
38: 20 (22 75 53 81 14) (83 3) 77 (24 84) (80 13) (12 42 67 35) (36 44) (59 31) (58 19) 25 43 63 11 73 (76 72) 55 (46 65 23 62 8 27 32 45 49) 64 (68 21 47 7) (57 29 40 41) (39 30)
39: 68 (78 75) 55 (71 46) (58 36 32 40) 38 22 11 (17 81 44) 7 (34 27 24 66 88) 62 (4 28) (37 45) (30 42 49 25) (39 35) (33 52) (21 19 79) (64 43) 65 (85 86 89) 29 (2 72) (13 47 83)
40: 27 (79 38 72) 53 (58 36 11) (12 78) (17 16 62) (41 40 3) (44 39) (35 84) (24 2 1) 19 65 (75 22 85 49 42 83) (66 29) (20 31 30) 7 (43 5) (13 47 25 86)
41: (83 21 68 11) 78 (31 89) 80 3 22 (62 44 13 40 39) (27 24) (55 30) (35 75) 69 17 7 (58 36 45) (19 56 28) (47 29 33 34) (84 53 81) (41 59) 16 20 79 (71 2 43) 49
42: (28 55 8 22 19 49) (31 75) 17 81 67 (78 13) 52 (89 7 11 32 66 42 73 26 38 47 18 39 62 3) 65 29 (83 34 12) (23 50) (45 40 27) (53 72) (43 69 2 44 16)
43: 34 9 (2 17) (66 31 22 30 67 25) (7 78 10 42 11 27) (13 48 24 45 19 76) 26 75 (29 77 41) (62 79) (88 20 84 65) (18 89) 49 39 (81 83 68 32 21) 28 (36 43 46 5 3 16 40) 86 (85 53)
44: (10 28 13) (39 67 8 36) (43 83) (16 72) (59 25 37 30 75) (18 85) 20 11 66 (78 80 24) 35 (64 86 40) (47 12) (55 77 42 7 53) (29 31) (44 89 62 58) (2 81) 19 (27 34 63 49)
45: 63 (89 20) 42 17 45 (19 39 22) 49 56 75 2 (79 88) 35 (18 81 7) 83 (53 72 78) (13 47 40) 43 (71 36) (86 67) (60 28 11 24) 66
46: (11 36) (89 39 45) 24 (64 13 49 38) 47 (2 19) (81 35 28 44 78 42 20 17 65 31) (67 62) (10 22) (72 75 59 86 25) (32 7) (43 70 77 73) (40 88 55)
47: 38 (45 58) (28 77 39) 40 8 (18 42 5 15 43 27) (62 59 31 30) (83 22) (2 71) (11 89 53 49) (7 88) (72 24 67) (79 65 14 35) 85 36 (20 12) (47 17 52 78) 81 (46 21 19) 66 (75 64 13)
48: (46 89) 35 (42 12 26 29 72 9 39 47) (2 13) 83 34 (22 17 76) 5 20 86 (75 58 84 67) 44 (78 85 81) 14 (18 7) (40 25 45) (80 27) (66 28) (49 24) 77 (36 37) 23
49: (86 22 10) (46 24 55 49) (20 27 16 42) (57 83) 13 (11 53 12 76 59 65) 2 (17 7 43 88 29 52) 5 78 (39 44 45) (60 75) 81 (36 89) (21 37 19) (40 62) (47 18 4)
50: 58 (40 87 88) (83 24 81 17 28 78 19) (11 32 66 25) 35 (37 43 13) (71 2 59) (42 4) 62 (21 86 80) (45 49 79 41) 68 (12 22) (27 52 8 53 69 56 29 34 7) (72 85) (90 30 65) 75
51: (27 59 64 43) (7 81 22 85 19 89 25) 40 (32 52) (70 37) (29 39 11 41 75 86) 71 42 62 17 (65 38 72 36) (13 21 66 10) (49 45 55) (24 20) 46 (60 79 6) (78 77 28 44) 80 12 (61 23)
52: (46 3) 47 (89 17 25) (36 10 37) 83 14 45 (19 16 72 22 71 43 52) (67 12) (75 2) (85 24) (66 7 23 49 86 44 64) (62 81) (13 79) (39 76 42 21) (59 87 27 20 57 88) (32 41 53) 78
53: (39 11) (70 85 17) 77 (40 78) (38 45 37 42) (31 79 59 19 21 49) (14 75) 36 13 (86 83) 72 35 47 63 (65 24) (60 46 44) 29 (62 27 56 7 84 1) 66 (2 33) (32 28) (41 43 22)
54: (22 68 38 63) 27 (77 53) 18 (65 7) 42 67 29 (39 45 12 15 78 62 89 19) (11 36) 2 49 (80 10) (40 35 44 79) (5 43) 81 (28 24) (37 13) 76 (66 85) 58 (75 84) (3 88 17)
55: (35 27) 19 (22 10 40 38 46 53 88 5 64 66 17 85) 62 28 (8 42 45) (78 3) (75 36 13 24 72) (47 69) (49 89 81 60) (7 58) 39 34 83 (71 12 77) (86 55) (20 29 65 43 79) 2
56: (42 30 44 76 65) (22 43) (83 88 86) 20 77 39 7 (79 11 85) 72 59 (62 14) (3 41) 55 45 28 21 8 (75 64 29 23) 89 (78 19) (17 47 82 31 27) (49 53 40 13 12 2 36) 24 32 58 70 46 (33 81)
57: 68 62 (2 89) 7 64 55 (75 78) 66 (86 50) (58 27) 77 72 (21 39) (13 25) (22 65 47 67 36 28 31) 14 35 79 81 (56 11 43 49 19 84) 29 24 52 60 (85 17) 83 63
58: (39 18 66) 7 (89 28 85 21 72) (19 3) (56 57) (41 47 60 49 12) 35 (52 40) (78 77) (8 30 22 26 76 53) 75 (80 43 37 2) (42 81) (83 20) 62 (17 29) (13 45 64 36)
59: (76 4 47) 21 (28 25 43 10 66 83 62 1 22 81 79) 35 (19 70 49 13) 42 41 (85 24 12 72 73) (75 46) (11 65) (60 80 7) (39 78 67 56 86 17) (89 64) 29 6 53 (68 27 45 55 44)
60: 77 (35 62 67 52) 11 (58 88) (75 22 42 89 83 86) 29 28 38 (17 21 40) (66 36 7) (47 43) (72 12 76) 19 45 (81 65 13 2 78 32) (55 49 24 27) 23 39
61: 83 (7 40 30) 24 (21 20) (8 31 67 49) 18 (42 53) 26 63 29 (84 19 46) 81 (62 47 88 28 76 22) 65 72 (79 36 85 35) 25 (12 2 77 17 43) (13 89 59) (58 75) (10 66)
62: (39 75) (19 78 65 79) (59 41) (62 58 43 73) (29 53) 26 49 (13 45 11 17 20) (35 12 36 44 22 38) (72 66) (83 42 24) 7 71 (18 23 8) (81 14) 2 (68 40 89 64) (85 77 52)
63: (86 89 9) (19 36) (62 78 48) 45 (4 16 23) 72 (81 88 43) (12 2) (17 75 46 60) (40 18) 27 47 (71 53) (28 21 20) (29 42) (22 13 64 34) (7 24 44 39 49) 59
64: (62 30 22) (71 36 21) (19 86 81) (72 66 13) (17 43 74 84 58 40 85 47 53 20) (64 16 45 25 7 29) 32 (49 65 39) (75 77 83 78 89 27 34 28 56 42 44)
65: 63 44 (66 39 58) 59 (40 8) (4 1 2 42 88 67) (81 33 35) (45 28 53) (17 49 65) 19 (27 38) 85 (79 43) 10 83 (23 29 64) (24 75 21 16 13 62 78) (25 7 22) 55 57
66: (46 31) (68 53) (41 79) (45 85 76 69) (81 84) (64 27) (13 65 72 44) 40 (28 52 60 37 66 86 49) (24 1 39 12 43) 21 (36 58 78) 42 17 (22 62) 47 (19 35 55 83 7)
67: (21 56 43) 55 39 (53 85) 77 (71 35) (46 18 19) 86 (88 61) 17 (83 78) (65 75) 36 (29 66 24) (10 2 27) (44 69 79) 42 7 (49 8 62 13) 84 72 47 (67 38 40 68) 22 (81 28 45)
68: (45 49 12) 32 7 (39 34 35) 86 (76 85) 75 67 (21 72) (43 61 24) 37 (88 57 17 65 36) 47 78 79 (11 60 58 18 71) 53 (81 89) 8 (46 38) 77 42 13 62 (19 83 41 22) (29 66) (28 3)
69: (77 47) 81 3 86 75 (63 11) (83 2 10 22 66) (60 72) (16 49) (40 29) 46 (17 45 35 89 88 55 42) (19 27 65) 24 85 (7 44 18 64) (13 69) (26 20 62) (78 28) 59 (43 76) 39 21
70: 13 86 (55 64 25) 78 (89 44 81) 47 (69 65) 49 (24 39) 17 8 (77 35 7) (14 63 40) (72 58 45 36) (34 2) 19 66 (71 75 42 28 27 29) (43 79 85 60 38) (53 3) 32 31 (82 22)
71: (77 29 24 21) (17 28 14 66 43) (15 82 64) 45 (19 70 79 16 49) (85 39 60 20) 83 (33 18) (59 47) (75 44 12 46 51) 53 78 (42 32 62 55) (22 27 7) (88 52)
72: (35 43) (29 66 75) 78 16 12 46 (60 63 39 4 71) 3 (45 77) 27 9 (13 65) 72 (64 86) 24 (18 7) 2 (37 41 59) (53 81) (11 89 47 28 30) (36 42 25 19 49) (58 10 85 22 34)
73: (12 75 57 59 29) (84 77) (78 44) (21 76 27 52 66 46 60 35 48 79 25) (24 7) (72 67 39 30) (49 16 14 71 42) (10 47 19 11 89) (2 36 88) (55 81 28 17)
74: 33 (47 83) 43 (40 86 42 78) 55 68 (53 34) (17 4 2 13) (22 28 12 11) (77 7 20 81 31) 66 (51 24 27 75) 14 (65 10) (23 29) (8 16 21 19 49 85) (89 62) (45 35 39) (36 32)
75: (55 21 24) 64 (32 39 19 47 53 62) 7 (79 80) (2 37) 44 46 29 (3 71) 87 (17 38 88 35) (81 31 43) 13 63 86 (75 65 27 42) (67 49) (77 56 40 58 22 89 28) 45
76: 29 13 11 (47 17 64 82) 10 (65 79 58 75 7) (83 89 28 72 45 24 32 2) (42 19) (73 35) (41 81) 18 (55 62 27 53) 23 34 (37 68 70 21 31) (22 40) (43 49) (85 36)
77: (85 42) (79 62) (24 36 68 20) 49 45 19 (34 80) (81 39) 89 15 69 5 (78 17 43 47) (22 40 27) (2 50) (72 86) 18 (31 46) (38 75 8 28 11 13) (77 29) (66 55 64) (83 21 35)
78: 75 23 (27 47) (9 72) (81 49 53 42 36 1) 43 (17 21) 4 35 59 55 58 (32 44) (22 66 78) 37 31 (65 5) 39 (12 29 45 62 88) (19 20) (79 46) 71 28 (2 34 3 52) (7 24) 40
79: 7 66 (20 24 83 85 23 78) 5 (86 19 89) 46 56 (49 27) (72 11 25 65) 22 47 75 (4 60) (58 41 29) (40 42 68 2 8 77 62 84 28) (13 55 17) 35 79 18 (37 43 39 67 81 21) (30 52)
80: 34 (65 43) (23 19 42 49 64 7 77 62 12) (66 44 47 85) 61 (32 83 11) 41 (17 81) 24 (39 36) (29 75 30 78) 21 (55 2 88) 72 (35 28 20 13 89 37)
81: (63 4 86 21 30 10) 36 (85 62) 31 16 (68 89) (59 81 53) (19 49 45) 22 (13 25 40) (42 60 17) 28 (64 35 75 73) 67 32 (41 26) (12 56) (44 80 43) (11 46 78 24) 3 (83 66 27 76) 29 77 2 (58 7) 20
82: 65 (86 64 12) (14 81) (24 88) (47 21) (87 80 22 8) 7 39 (78 31) 5 (49 4 17 19 43 36 79 25 29) 35 20 (82 28 11 27) (83 18 2) (58 62 52) (44 16 59 66) (13 45)
83: (66 58) 42 (2 17 80) (40 33 43 19 24 49) (4 89 81 36 62) (38 53) 14 21 (25 85 39 72 41 88 22 7 34) (78 77) 59 (71 27) 75 (12 28 29) (67 65 69 35 47 13 73 20)
84: 29 86 61 38 (68 79) 58 88 39 17 (7 25) 78 (42 28) 72 83 (12 3 75) (40 65 11 45 23 24) (13 53 76) (66 36 10) (1 19 89) 2 62 (47 18 85 43 49 8 52) 81 26 27
85: (73 69 7) 87 22 42 (45 65) (49 21 58) (31 24) (81 29 85 11 66 2) (19 13) (59 88) (41 70 89 53) 43 44 (62 40 83) 57 75 39 47 63 (55 17 72) (79 64 78 36)
86: 65 (86 26 7 81 89) (12 66 55) 22 (63 72 2 24 35) 3 32 (39 36 33) (77 19 17) (64 54 27) (23 75 49 1) (41 29 28 62) (53 78 83 85) (13 18) (5 43 25) 79
87: (55 78 43) (64 13 38 47) 79 (71 26) 28 (23 36) (20 77 83) 42 (39 37 85) 72 (66 81 4) 2 58 (24 17 10 5 41 44) 27 22 (63 7 52) 34 (65 14) 45 (49 19 89 29)
88: (33 83 72 7 16 81) (26 75 20 4) 62 12 32 (41 28 27 58 55 67 29) (2 49) 86 (64 19 35) (84 42 43) 60 (21 11) 10 39 13 (24 77) (46 85) (40 17) (80 79) 37 (88 23 71) 78 (66 76) (44 36)
89: (23 43) 37 85 (24 62 45 78) (9 29) 42 (66 28 59) 34 (17 77 44 72) (27 10 19 80) (21 36 81) 22 (61 65) 35 32 (88 83 63 39 13 2) (20 7) (49 40 56) (75 47 89 46) 30 86
90: (75 22 86 83 27 2) 23 24 88 81 49 43 (71 28) (42 89) (85 62) 31 (8 65) 30 (36 26 19 34 16) (17 59) (7 29) (73 45 39) 53 (20 66 64) 37 (40 35) (78 32 72 55) (46 47 77)
