90 90
1: (51 90 30) (77 21 38) 69 23 (83 89 17) (55 27) (4 42) 54 (48 10) (7 6) (2 40 71 85 70 75 45 58 79) (52 39 56) (35 61 29) 84 (86 50) 65 78 (20 73 12 13) 59 87 (47 11 8) 82 62 (60 9 67) (49 5 15 44) 81 (88 26) (41 19 46) (24 57 25) 22 (63 64 53) (16 14 66 28) (34 68) 1 (33 76) 18 80 37 (3 32 74 36 72 31) 43
2: (3 14 52 85 46 12) (51 54) (82 84) (69 90 80 22) (65 78 74 13) 8 48 68 35 (25 50) (33 28) (39 60 67 17 7 15) (77 57) 45 40 (89 55 16 72) (23 9 59 19 66) (38 31 76) 86 (75 34) (26 32 87) (10 56) 43 (37 27 83) (41 42 21 29 30 88)
3: (9 59 63 51 23 41) 10 (84 6 21) (27 7 29 13) 3 87 38 (33 25) (12 88) 49 (65 58 75) 73 32 (52 80 78 77 64) 61 (8 89) (11 50 37) 54 (43 5) 83 (57 22) 81 70 53 82 1 (16 2 67 60) (90 36 44) 66 (56 79) (46 24 72) (76 55 40) (19 26 17 31 39)
4: (15 30 28 29) (26 35 22 86 41 18) 23 38 72 (45 17 43 77 88 49) 61 70 (16 81) 8 (67 31) 10 80 (83 90 76 78) (74 24) 40 51 85 66 (6 89) 21 84 (52 65) 68 (7 69) 59 (57 56) (19 9 3) 4 (33 42 55 12 1 60 63 5 82) 62 (11 20)
5: (22 61 53) 84 (70 42 41) (19 34 44 8) (12 36) (75 24) (73 67 9 59 65 27) (48 88 54 10 79) 17 66 (81 89)
6: 44 24 77 (7 79 84) 53 (1 13) 58
7: (73 72) (77 36 58) 17 39 (56 13 63) (49 65 76 27 30) 10 (44 25) 24 (66 55) 23 69 41 86 71 (45 19 64 16 60) 22 (21 37 57) (2 14) (9 11) (26 42) 50 6 84 70 (90 35 34) 32 (4 62) (38 83) (28 3 20 31) (52 51 89 12) 48 (80 7 47)
8: 9 (22 87 51 73) (34 2) (25 24) (69 13 67) (46 10 36 41) (63 76) 53 (31 32) 29 (89 26) (84 88) 77 (40 16 55) (23 74) (21 80 44) (3 65 39 72) 61 (58 86 64) 54 (11 79 75 5 37 49) 59 19 (17 83) 42 (56 18) (71 60 27 81) (43 15) (7 66 35 33) (28 14) (68 12 30 45 78 52 47) (57 48 1) (82 20) (70 6 38) 62
9: (31 11 79) (2 60 39 53) 17 (88 71) (74 35) (70 49 87 40 86 3) (27 61 59) 83 23 5 (4 72 63) 50 77 (52 12 8 48) 69 (24 73 65 64 56) (26 21) (19 6) 76 81 38
10: 12 (62 22 50) 19 (57 38) 35 (40 69) (49 82) (76 59) (37 61) (87 7) (75 18 26) (48 5) (30 47) (68 79) (33 13 9 53) (10 31 63 89) 51 86 77 (66 16) (17 21 70) (39 25) (46 85 88 32 64) (83 74) (84 4 20 45 29 44 36 6 41 55 34 67 28 24 73 52 65) 43 (90 56) (15 1) (14 11) 71
11: 83 (25 66) 36 87 (55 46) (34 42 75 62 64 58 43 61) (5 1) (38 65 26) (27 20 71 44 23 22 85 70 84) (9 79) 40 (81 41 56) (35 19 28 2 88 63) (80 57 50) (39 86 78 6) (49 33) 54 (15 16) 47 59
12: (63 5)
13: (3 19) 78 88 (59 12) 1 (29 50) 90
14: 13 (36 26 47) 39 (68 41 7 16) (49 85 6) (69 10) (2 67 60) (27 79) (50 76 33) (62 45 81 8) (14 24) (72 11) (31 78 5 51 32) (1 84 30 82) 17 (61 71) 23 (40 28 90)
15: 37 (25 53) 61 (4 58 49) (1 55) (41 19 15) (88 38 57) 34 (7 10 45) 35 18 78 (8 82) 51 12 11 48 (54 2) (74 29 21 67) 30 (24 87 17 72) (31 3) (26 81 13) (90 68) 84 (77 39 52 46 70 20) (56 60 16) (22 62 28 27 9 50 44) (89 47 32) (40 66 71) 83 (43 69 64 85) 14 5 23
16: (56 52 20) (43 2) 78 (41 75) (74 11 85) (16 71 12 81) (73 58) 38 (10 90 32 84 57 45 72) 28 21 (66 63) 34 (29 59 27) 42 (1 83) (62 76 24 44) (70 89 67) (64 5)
17: 58 (85 79) (22 2 53) (34 10 71) (72 13 60 77) (75 28) 66 52 55 (32 87 46 81) (33 16) 88 6 (59 49 63 57 41 54) 56 (89 51) (39 18) 20 86 (26 27 80) (37 38) (84 14) 78 (74 9 7) (44 69 64) (76 90) (50 8 82 31) (1 43) 70 (17 48) (65 5) 73 25 (19 35 42 47 21 29 30 3 45) 61 (68 23 4) (83 15) (40 67 62) 12
18: (35 64)
19: (38 39) (34 57) (45 44) 7 (22 54 33) (48 14) (16 31 52 30 78) 87 40 (2 74 88) (66 26 64) 23 18 (17 36) 13 (21 46 50) 82 (69 4 47 42 43 63 29) (27 60) (15 10) (58 1) (11 3 80 76) 9 24 (59 77) (75 6) 56 (90 12 51 89 8 81 85) 70 49 71 61 79 (67 62 72 37) (86 73 84 19) (20 32) 65 (55 25 41 35)
20: (81 21) (48 72) 11 (79 86 43) (6 17 55 44 85 18) 78 3 52 (71 47) (25 59 61 70) 50 23 (14 19) (90 51) (38 76 69) 63 80 37 (74 88 42 89) (54 31) 7 30 8
21: 71 (4 20) (31 13 55 72 77 65 23 51) (89 48 7 27) (63 80 84 5) (79 88) (50 30 76) 32 57 82 (6 44 67) 17 (39 47 16 45 22) (56 8 66 11 41 86 25 90 28) (37 74 26 43) 33 (35 78 12) 52 (46 19 10) (85 62) 1 61 9 (2 21) (42 87 29 3 49 54) 40 (38 75) (59 81) 83 64 (69 18 24 34) (68 70 14 36 58)
22: (87 37) 75 (82 49) 27 (88 57 26 15 33) (54 53 64 86) (12 17 63 79 31) (80 3 58 23) (72 35 59 68 71) 61 (74 73) (16 18 66 30 48 42 65) (62 1 21 29 52 14 55 41) (13 46 38 83) 11 (25 5 70 69 76) 40
23: (45 41 47 61 12) 73 (52 21 70) 42 (4 15 54 22 69)
24: (28 54) (88 4 33 87 61) (21 12 83 70) (6 49 19) (5 51) 26 (18 84) 47 78 90 (71 89 36) (65 27) (63 52 77) (3 15 48 43) (7 68 60 17 41) 72 (31 22) 59
25: (55 36 79) 49 85 (60 38 89 63) 2 54 (46 87) (43 72 10 9) (34 25 77) (47 21) (41 39 69 8 11 71) (82 18) 84 75 (27 4) 53 (15 62 80 24) 76 68 (40 73 64) (90 44) (51 13) (12 29 61 74 56) 50 (42 83) (6 22 20 1) 28 (67 7 59 48 88 14) (58 78 52 35) 31 (33 16 57) (30 70 37 23 32 45)
26: (90 28 74) 82 (47 83 4 39) (70 58 53 66 87) (88 34) 15 (80 33) 8 12 (45 16 51) (77 73 43 32) (44 21 7 48) (76 46) 10 (86 60 75) (35 14 20 78) (23 65 71 84) 42 (9 61) (5 26 30 1)
27: (17 63 71 39 10) (76 47) 77 57 41 (27 2) 5 31 15
28: 12 (62 42 90 61 86) (25 80) (2 54) (1 52)
29: (87 58 80 21 89) (67 62 45) 86 (37 14) 41 (36 12) (8 20 77 66 65 74) (44 35) 85 (16 17 63) (25 52) (84 22) (71 57 54) 68 (11 6 5 31) 64 (69 75) 79
30: 3 (45 54 34 10 12 69 65) 68
31: (25 59 61 48) 67 (3 85) 24 66 49 (60 27) 69 (16 52 63 33 50 5) (19 58 75 32 42) (88 56 57 14 89 10 38 53 74) (77 47 41) 70 11 (28 35 65 62 21 12) (22 8) (72 44 20 9) 2 81 (23 26) (80 7 43 31 79) 1 36 (82 51 17) (30 71 46) 83 (6 34 90 4) (39 37 84 15) (29 40) (54 13 18 76) (55 64) 45 68 (87 86 73 78)
32: (31 73 75) 59 (17 60 14 79) 53 (61 42) 36 88 47 (49 39 37 74) (13 6) (72 1 3 11) (21 10) (12 19 54) 85 32 55 (70 67 52) (33 64 81 20) (80 15) 29 82
33: (65 16 43) 61 27 (70 84 54 87 53 48) (90 67) (26 79 81 59) 23 29 (89 6 12 10) (15 72 32 21 47 63) (52 3) (9 73) (62 14 36 64) (17 71 88) (33 4 24) 19 76 (28 55 78 39) (68 20 46 13 40 30 22) (69 58 45 50) 42 (49 25) (44 34 51 60) (18 75) (66 77 8) (38 83)
34: 58 34 (20 69 25) (27 38) (39 88 52) (29 17 28 54 15 31 65 72) (90 35) 19 (50 46 56) (86 40) (70 21) 16
35: (48 82) (64 37 3 78 58 9 7) (1 49 14 65 36 86 77 79 17 41) (80 20) 25 (28 40 81 75 51 12) (10 13) (87 60 11) (46 39 90) 22 (45 84 21 30 18 89) (43 31 29 88) (54 63 70 55 8 57 27 68) (56 5) (24 34 83 71 2) 16 33 66 50 4 (15 62 32) 19 53 (61 23) (59 52 69 76) 44
36: (42 27) (38 1 14) 23 (34 74) (51 85 49) (89 79) 26 (87 57) (24 7) (56 73) 37 (6 28) 36 (81 58 78 25 9) (41 50 32 67 59) (84 53 4) 44 55
37: 48 (78 16) 18 73 (31 39) (25 79) 71 9 (81 23 82) (68 51 15 53) (60 75) (86 72 22 45) (76 52) 5 21 (34 54) (28 10 90 80 13 64 65 33 83 87 55) 36 (70 20) (6 26) 14 (74 84 4 59)
38: 80 73 (55 3 67) (29 44) (77 5 56 7 76) 49 36
39: 9 (73 22) (62 84 25 64 23) 26 (80 67 8 58 13) (56 10 66 65 48 52) (16 7) 31 (24 1 44 20 70 72) (74 38) 36 (40 51 18) (37 15 79 87) 54 (57 6)
40: 23 1 (88 72 64 77) (61 75 47 65 32) (37 90 27 89 87) (2 25 55)
41: (55 7 20 25) (69 78) (13 56) (4 70 38 75) (10 33) (90 80) (34 21 32 68) 37 26 (67 2) (23 81) (31 62 86 42 19 17 30) (66 63) (57 40) (44 61 52 14 48 84 46) (74 18 1 76 54 82 64) (83 89 43 36) 45 (58 47 27 65 9) 3
42: 8 (16 11 49) (29 28) 85 (88 62) 75 (1 27 39) (2 48 5)
43: (22 23 35 78 37 54 61)
44: (65 75) 9 79 (26 22 69) (36 21) (6 56) 16 (11 54 74 7 28) (43 31 72 90) (37 78 60 48 85) (17 50 44 87) (10 2 14 13 80 20 67) 45 (8 63) (38 71) (29 25 81) 46 3 (61 34 77 15) (88 30)
45: (47 52 56) (11 49) 31 44 88 (5 61 21 76 54 64) 22 (15 27) (45 12 23 43 48 20 85)
46: 29 56 5 (32 17) (10 45) (69 19) (90 88 26 31 71 4) 48 35 (37 30 82 74) 85 54 28 75 39 79 73 (21 87) (22 49) (7 24) 83 (38 68) (63 11 60 46 89) (66 55 13) 2 (61 42) (86 27)
47: 61 (42 52 25 56 89 51) 33 (29 67) (68 59 70) 19 (17 76) 85 86 18 26 36 (57 58 72) (39 71 2 44 73) (34 32) 27 (87 40 88 21 81 90 43 3 48) (15 14) 63 (65 80 49)
48: (25 87 11 33) (3 79) (60 76 45 38) (48 35 32 81 34) 67 72 (37 77) (82 62 23 85) (30 73 6) 24 (17 9 28 88 64) (44 51 59 21 65) 52 12 46 (5 41 78) 53
49: (72 56) (65 7) (20 40) 54 (89 25) (11 8) 22 (77 50 62 74) 76 35 9 (6 82 55) 1 90 (46 16 33) (68 58 79) 32 14 43 (88 45) (71 26 59) 49 (84 48) 34 (10 21) 42 73 38 (37 3) 67 (19 60 85 30) (87 61) (13 23) (41 64 4 86) 12 (15 39) 31 (69 28 63) (47 66 81) (24 78) 70
50: (85 70) 30 (6 11) 69 (35 40) 90 5 77 (82 66 26) 49 (21 61 16 14) 76 (15 48) (54 60 84 73 81 7) 10
51: (33 73 63 80) 28 (55 86 45 7) (41 5 47) (31 26)
52: 26 8 (4 6) 37 (30 77 47) (28 45) 33 40 (43 1) 70 19 75 (90 50) (44 14 78) (55 85) (65 73) (7 31) 81 42 29
53: 38 75 (22 6)
54: 12 (85 13 73 29 2 64)
55: (33 28 6 22 49 24 15) 21 64 (13 34 29) (70 44 68) (56 39) (78 59) (30 63) (86 12 84 40 37 27 46 8 41) 77 14 36 26 16 (89 35) (25 72) (52 18 32) 2 (66 23 80) (65 88 3 69) 9 (10 54 62 38 58 11) (82 5 74) 43 (31 48 83) (55 67 90) (60 50 20 57) (61 85 45 51) 17 19 1 73 (79 81 47) 75 53 (71 76 4 87) (42 7)
56: (17 15 73 20 23 13) (29 55) 83 40 (53 26) 74 90 (57 44) (49 75 54 7 89) 87 (18 63 65 6 76) 62 (4 78 41) (10 68 19) (84 42) 36 32 (77 69) (59 34) (30 14 79 51 2) 38 (64 27) (80 71) 8 (28 88 35) 39 (66 21) (81 37 70 58) (85 1 86) (72 47 5 33 12 46) (61 31 22) 82
57: (67 2 83) (22 56 38 37 41 30 63 75 40 49 86 35) (1 18 27) (84 50 26 72) (57 47 25 24) (44 28 29 48 76 32 70) 71 14 (31 10 64) (77 79 3) (73 5) 58 (8 89) 55 36 (61 11 19 81) (68 60)
58: (33 64 56) (39 87) 60 (89 5 69) (72 22 46 82) 43 (37 14 10 86) (28 66) 23 19 74 (13 29 83) (70 80 85) 52 88 (31 49 61)
59: 81 (69 75 79) (64 78 1) (62 15 90) (38 52) (21 72 25 67 35 17) (87 86 49 30) 11 (89 47 83) (73 77 20) (14 59) (63 65 24) (71 27) (41 39) (40 37 16) (4 55 56 2 29 76 22) (36 66) 53 (3 54) 10 82 (84 23 74 32) (80 43 44 51 34) (12 48) 50 (45 9 42)
60: (9 28) (80 8 43) (15 12) (81 62 60) 44 72 (4 1) (6 35 34 85 21 64 87) 52 (84 22 77 54 70 50) 39 (23 55) (73 86) (67 32) (13 47 68 20 19 14 49 78 69) 83 (89 7)
61: 58 (86 45) 3 43 63 (60 40) (50 2 37 38) (48 84) (51 16 69) (14 20 81 44) 13 55 (56 41) (11 67) (88 54 68 35 82) 39 83 (24 73 76 78 65 53 22 32) (19 66 28) (5 26 70 27) (46 71 49) (33 12) 8 10 (87 29 89) (6 77) (80 9 31 18) (52 23) (7 34 21) 61 90 (85 30) 59 17 25 62 (79 64) (36 72 1 15 57) (42 74 4)
62: (17 83) 86 (79 62) 4 (7 12) (85 15) (75 26) (49 90 76) 78 13 31 (88 5) (35 1) (41 9 45 20) (65 21 80 3) (32 50 18 36) 63 72 77 (89 42 61) (23 81 58) (57 6) (37 19) (10 54 27 70 34 24) (44 16) (46 14 22 48 29) 87 (43 2) 60 33 51 (11 69 28 47 8 55 38 39) 68
63: (47 6) (70 41) 17 1 (2 59) 37 86 42 (55 68 35 3) 67 (34 79 48 44) (53 82) 9 72 16 (63 81 65 21) (24 14) (30 20) 46 28 69 (40 23) 64 (4 12 5) 52 (74 54 60 75 45) 10 13 77 (57 18) 62 36 (76 15 38) (80 33) (56 89) (39 51) (71 88 73) 32 (84 87) (49 7 58) (27 66 90) (29 43 11 50) 19 26 (22 25 61 31) 83 (78 85)
64: (59 7 37) (70 25) 3 67 (13 31)
65: (67 44 57 72) (9 55 61) 60 (48 6 12 89) (30 1) (17 4)
66: (28 57) (84 71 20) (17 2 31 3) 62 61 (9 68) (52 90) (58 81 18) (6 7 60) (12 83) (50 55 5) (75 39 22 54 36 49 45 63 47) (21 59 53) 51 77 (8 24 72 43) (32 27 16) (66 34 82 11) 42 (69 41) (79 29 4 10 85) 37 (40 14 86 74) (30 67) (15 78) 13 (73 1 64)
67: (15 19 88 37 66) (69 48 7) (60 3 26 5) 30 (38 81 84 49 65 90 72 41 75) (62 1) 10 (44 83 50 29) (17 73 89 54 32 39 24 87 6 9 2) (23 12 27) (20 64) (78 28 8) 46 80 (35 43 71 79) (52 42) 68 (55 59 57 58 36) (14 22 16) 13 77 4 (18 74) 85 40 11 70 (86 67) (56 25) (63 21) 61 47 33 45 53
68: (1 10 69 78 61) (18 31 14) 37
69: (79 71) (80 50) (9 22 46) (64 90) 53 31 39 52 62 26 60 (68 84) (45 61 4 6 78) 41 36 (11 35) (55 63) (81 24) 12 (38 1 59) (67 18 47 15 74) (30 72) (86 37 3) (66 7) (2 77) 56 (85 88 51) (54 13 32) (58 65 16 76) 43 17 (69 25 57 44 34 83 40) (73 14) 48 (19 23)
70: (88 28)
71: (82 74 10 16 21 19 23 55 38) 62 (34 7) 1 45 (2 9 87 67) (86 75) (36 56 22) (88 41 50) (14 71 40) (12 61 4) (68 58 72 37) (24 26 43) (64 18) (28 78) (85 32 30 46) (20 52) 80 (5 90 42 11 48) (31 79 8 66 29 60) 25 (13 27)
72: (38 28 55 48) (34 50 89 59 43 60 37 81 24) (78 1 3) 14 33 (58 84) (23 62 52) 21 72 (76 46) 35 (83 19) (69 12 90 51 64 7) 13 (86 85 30 56 42 75) 49 31 44 4 26 (8 20 73) (45 66 88 71 70 15 6 16) 61 11 (54 22) (41 18 82) 80 (53 74 65 67 5) (77 25 32 68 27) 9 29 (40 36) 79
73: (84 32) 57 (4 81 47) (8 62 9) (87 56 77 10 17 78 25 85 49 31 21 72) (19 82 37 35 1) (38 22 28) (41 12 5) 73 (64 48 69) (40 6)
74: 23 (79 15) (38 60) (5 88) (12 14 20) (42 64 86) (59 76 54 27 58 6) 80 (72 43 44 84 24 9) (35 66 63 89 10) (36 28 31 47) (78 82) (41 13) (33 87 1 57) 19 (26 67 46) (81 8 53) (51 30) 11
75: (16 29 70) 85 77 (78 67 24 52) (72 32) 36 (31 89) 88 (7 71) 8 6 (55 43 12) (37 62 42) 63 (57 2) (30 66 13 45 47 34 44 10 18)
76: (11 53) 84 (18 33) (74 8) (6 30) 62 79 (76 58 25) (42 4 32) (26 55 35) 70 37 (39 48) (44 20 38 64 17) (14 78 82)
77: 6 19 (89 63) 75 (7 23 36 28 1 69 81 3) (11 25 87) 78
78: 50 (31 36 71 70) 39 (56 40) (67 63) (51 18 81 11 89 44) (84 52 43 68) 76 29 (53 58 24 65) (46 3) 90 87 54 (7 88 14 9 38 1) 23 17
79: (42 72) (22 5 44 66 83 24) (70 14 48) (38 59) (26 20 65 55 28 31 52) (79 21 76 2) 86 (73 67) 25 90 (12 60 34) (68 8 57) (49 47) (37 56) (35 17) (51 78)
80: (81 48) (83 2) 53 (43 79) 45
81: (39 5) (40 21 64 11) 20 17 23 (18 49) (77 44 26 35 82 90 51) (86 53) (83 41 52 8 34 56 54) (72 48 47) 45 3 33 (7 57 6 24 58) (59 88 70 62 16) 13 (85 30) (50 89 80) (68 19)
82: (44 41) (76 15 46) (3 89 50) (42 80 11 62 17 79 51) (25 9) (73 47 63 54) (20 53) (45 78 77 27) (88 34 30 10 2) 71 (16 24 18 36 40 90) 4 (86 26 37 8) 83 68 (64 29) (19 85) 67 (6 82 65 56 31 38)
83: (27 17) 78 42 48 (89 15) 4 77 (46 85 73 10)
84: (73 49 77) (29 8) (66 6 82 68) 44 (76 17 54) (19 39 4 85 64) (62 24) (10 41 61 65 2) (57 74 1) (3 31) (89 55 27 42) 70 (5 20 36) (21 53) 40 25 (35 48) (72 71 18 45 26 86) (83 56) 37 79 33 (32 59 12) 34 (22 69) (38 87 63) (58 75) (84 90) 80 88 9 (50 30) (78 46 51)
85: (30 41 8 11 22 86 1) (88 85 71 75 52) (89 65) 29 59 51 (66 24 6) (9 63) 27 4 32 58
86: (64 57) 77 31
87: (28 30 29) (83 86 43 25 42) 73 90 52 (75 49 12 24 6 61) (40 53) (4 78) (33 17) (47 36 41 1) (60 88 84) (80 26) (87 55) (89 65 63) (72 46 34 13 62 59 50 70 27 64) (74 58 10)
88: 52 77 80 (11 48 28) (10 16) 45 (81 65 71 46) (8 85 29 86 13) (51 88) (17 68) 20 61 (83 36 50 49 56) 23 73 (34 57 42 54) 82 (62 53) 33 (76 60) (5 25 67 15 3) 7 (64 55) 75 (38 19) (84 43 74 69 21) 24 14 (22 78) 39 (70 72 30) (4 66) (32 47 35) (12 18 40) (41 87) 31
89: (55 7) (56 19) 4 30 54 (65 35 88 12 73) 69 85 (52 3 78) (70 48) 34 (27 59) 24 (53 90) 74 (64 9 76 11 23 66) 81 6 20
90: 68 72 (67 18 7 25) 16 (43 32 47 45 8 9)
1: 26 (56 8 3) (32 69 65) (84 1 13 28 52 11 68) 49 71 (31 57 42 40 14 15 72) 63 (85 67 60) (77 6 21 35) 78 (4 10 41) (16 55) 59 62 22 (39 17 25) 73 (19 74 87) 61 (66 36)
2: (42 80 84) (41 82) (59 69 19 46 44 27 40 57 28) (15 9 79 47) (7 14 35 55) 61 56 17 (1 11) 63 31 21 54 (71 3 67) 8 75 (62 25 16 66)
3: 84 82 20 (7 15) 89 (59 77) 9 (1 17) (44 66) (41 8) (55 67) 30 (63 24) 22 69 49 (78 32) 13 61 2 47 (38 4 3 64 35 57 33 81 62 21 48 31 72 19 88)
4: (19 4) (37 84) (62 41 63) (69 36 25) 83 (52 73) (31 88) (21 87 66) (89 15) (49 23 33 56) (76 59 17 67 9 24 26) (61 10 60 7 85) 46 (65 82 72) (71 1 55) 35
5: 11 (16 12 84 46 35) (57 21 15) 74 (73 9 27) 51 58 8 55 45 (42 24) (10 88 3) 48 72 67 66 (38 79 63 31 26 37 17 1 14 71 56 4 29 81 22) (50 62) 61
6: (24 56) (21 73 55 3) 17 (61 76) (89 65) (63 67 60 9 11) 8 (82 25) (14 84) 29 20 44 (62 19) (50 37 7 39) 49 (33 31) (72 69 52 87 32 74 1) 85 (4 48 36 66 10 77 53) (75 81)
7: (55 39) 7 (6 77 15 19) 89 (1 52 56 41) (4 78 71) (90 50 81) 20 (26 14) (66 10 49) (31 61 3 25 72 63 21) (60 69 46) 51 (67 88) 24 17 36 (35 8 64 38) 62 (75 2) 44
8: (31 9) (81 15 21) 62 (71 17 85) (26 52) (55 20 79 39) 67 (44 74) (14 35) 76 (72 25) (3 42 49) 19 57 90 (5 75) 73 60 82 (61 84 29) (56 33 4) (2 88 1 66)
9: 39 (62 2 48) (69 11 1) (26 71 4 89) (15 72) (17 67 66 44 35 74) (19 63) (21 55) (73 85 37 33 61) (60 25 78) (36 59) 10 (3 84) (7 31 65 5 82) 8 49 (41 90)
10: 37 15 (7 44 83 87 35) (25 3) (59 74) 75 (84 21) (73 41 62 4 32 57 71 26 58 88 31 1) (27 68 33) 63 (55 46 39 61 16) 2 17 5 (49 10 19 66 30 14 67) 8 (50 56 82)
11: (20 22) 29 (8 19 44 42 88) 32 (59 16 25) 63 10 (21 7) (1 76) (57 85 50) (61 74 62) 89 (45 49) (72 48 15 55) 77 4 3 82 14 (31 9) (46 78) 67 (69 71) (66 35 81)
12: (63 15 74 3 7 62) 17 (71 60 45 8) (26 33 2 56 88) 72 (30 79 73) (61 22 4 25) (54 59) (13 66 5 84) (28 32 24 1 89) (10 55) 75 (48 19 67) 29 (35 65) (87 49) (69 21) (31 23) (9 16)
13: (2 74 37 19) 72 88 55 (54 71) 17 62 (39 21 67 10 58) 22 (64 61) 14 15 (66 32) 75 (35 60 6) (8 56) 63 (33 41) 81 7 (44 49) (31 46 87) 1 (69 3) 25
14: (26 37 63 50) 20 68 (79 31 88) 67 (21 33 74 41 57 8 69 14) (76 17 7 29) 66 25 (32 10 71 1) 35 (52 55 15 19 2 72 56 61 49 36) 60 47 (22 59) (44 58 78) 62
15: (4 88 50) 32 (11 27) 47 (61 31 45 17 67 37) 66 (49 62 1 83) (19 82) 72 (69 34 60 8 44 10 55 56) 22 2 (24 15 25) (23 74 39 33) 26 (63 59) 35
16: (35 31 66 49 17 8 25) (39 14) (37 81 4 11) 42 (26 1 50) (15 59) (75 44 61 21 2 62 67) (69 16) 3 (34 19) 71 72 90 (33 22 63) (10 82 7 88 55) 29
17: (61 87 8 41 76) (44 46) (2 15) 31 (83 33 29 21) 67 (14 59) 7 88 (34 4 32) (55 63 27 20 9 79 35 19 82 84 69) (66 56 78 1) 62 (24 81) (17 65 48) (47 22 3 73) 10 5
18: (69 41) (10 8 61) 66 (81 24 37) (33 84 76 78) (17 82 63) 71 (25 31 75 56 67 88 62) (35 68 20 55 1 39 47) (22 4) 15 90 (19 57 72) 21
19: (55 71) (77 35 73 13) (88 11 10) 60 (24 58) 41 67 (72 74 81 82) (17 57 4 69) (9 32 61) 62 (56 31 7 84 20 19 15 2 63) 21 47 (1 46) (3 5) 34 89 49 (52 8 33)
20: (60 55) 31 (81 15 62 39 89) (11 21 29 49 74) (17 7) (37 1 76) (41 71) (10 61 67 66 82 33 19 4 25 32 88) (79 34 56) 44 (8 45) 84 (26 63 59) (72 35) 16
21: 29 56 (44 2) (49 22) (7 47 31 73 37) 72 4 81 8 59 (48 63 35) (25 9 84 55) (45 88 79) (3 71 32 21 17 16) (24 50 26 60 33) (23 1) 19 (67 66 20 46) 61 41 (15 62 10 34)
22: (1 46 66) 31 (33 15 7) 45 (25 11 37) (84 19 88 35) (67 56) 85 72 (44 55 8 60) (63 73 69 4) (43 5) (21 39) (17 79 3) 62 24 10 58 (71 29 53 57 23 2 61 59 49)
23: 31 (8 78) 14 56 (11 77) 60 1 25 (49 37 45 48 72 67) 21 81 (71 61 20) 35 (17 33 88 26) 69 (40 62 19) (7 59 9) (58 74) 22 (36 2) (15 55 3 43 4 41 63) (39 89)
24: (85 69 21) 55 (19 10) (33 79) (48 6 1 59 5) (88 62) 78 (87 57 63 35) (75 8) (72 74) 7 (81 89) (36 61 39) (66 84 14) (49 9 15) 67 (25 82) (16 71 46 4 3 31)
25: 88 35 90 (61 57 77 76) (21 47) (37 28) (8 1 39 71 33 19 59 22 41 49 11) (20 69) (2 7) 36 (29 64 82 25 48 63 3 15) 55 44 (17 40 31) 73 (87 34 10) (72 79) (84 67)
26: (76 24) (52 41) 71 (19 63 44 74) (10 56 46 1) (9 15 57 26 51 50 14 2 72) (84 21 11 87 3) (31 82 17) 4 (37 79) 49 (55 67 39) 36 (81 47 7 8) 62 (61 22 69 33)
27: (57 40) 31 (74 22 41 2) (84 63 27 19 85) (46 16 45) (35 7) (25 21 24 42) (55 62 82 33 47) (11 67 14 71) (5 17) (1 3 72) 61 34 9 87 (8 66 83) (36 89 56 15 59)
28: 56 16 2 11 (73 62) 46 49 (42 21) 4 (33 36) (79 8) (88 74) 61 (87 25 55) 44 (17 63 10) 35 (14 31 66 52 24 37 15 58 7 1 57 67 26) (60 77 48 34) (51 71) (72 70)
29: (16 17 47) (19 25 55 13 35) 87 (75 56 85 22) (71 66 44 63 4) 84 (46 3) (32 31) (1 33 52 78 82) (67 34) (15 21) (61 54) (10 57 8 88 72 58) (62 2) (38 59 42)
30: (44 85 65) 66 (15 59 20) (22 63 35 71) 89 (8 49 31 55) 61 50 (33 26 17) (19 67 72 88) 82 (7 74) 69 46 (56 81 41 14 84 76 57 2) (75 48) (25 52) 1 (21 10 87 4)
31: 34 (9 39 15 49) 79 (37 78 61) 17 (58 73 4 24) 14 52 (25 69 51 20 74 1) 66 (10 29 27 68 46) (21 56 44) (64 3) 82 (35 31 86 88) (19 41 84 57) (75 62 72) (7 32 45 22 71 8 55) (63 2)
32: (32 90 31) (26 35) (3 84 15) (7 19) (17 36) 41 33 57 63 76 (61 62 85 75 25) 8 48 55 (14 10) 49 60 (16 67) (71 21 72 56) (47 2) 40 (69 88 46 1 66 73) 59
33: (26 56) (63 81) (58 49 61 41) (8 84) 22 21 (19 2) 88 (4 37) (67 14 31) 72 (10 17) (52 74) 24 (11 35 55 87 76 62) (32 33) (47 3) (51 48) (25 1)
34: (60 37) (48 59) (36 47 84 10) (72 56 21 88 89 8 5 7 19 87 62) (11 31 69) 15 (79 63 35) 66 (41 71) (49 33 61) (75 81) (26 55 30) (25 1 82) 44 (34 17 2 16)
35: (25 31) (21 46 50) (56 63) 59 (67 88 2 43 17 22 19) 9 (60 57) 7 49 26 (73 4 11 48) 79 (34 76) 55 15 89 84 61 (18 10 62) (8 81 74) (29 1 72 69)
36: (63 88 72 74 10 25 1 82 31 36 19) (39 3 75 8 84) (21 55 41 33) 69 (44 62) 24 (35 61) 37 5 (14 77) (87 11) (32 7 57) 71 29 (66 47) (38 78) (67 59) 56
37: (52 57) (58 39 62 43 73) 1 76 66 (46 8 64 32 17) 84 (79 40 29 2 61) 68 59 (20 35) (25 10 72 69 21 67) 19 (36 15 75 71 22) (41 31 48 7 3 44 49 56 82 55) 63
38: (25 72) (71 84) 39 (59 22 49 8) (53 55 63 33 79) (36 15 9) (56 46) (82 20 88) (31 48) (21 67) (10 11 61 74 1) 19 (69 62 41 34) (44 4) 7 57 (2 3) 17 (16 73 76 78)
39: (47 10) 3 (37 76 49 66 19 63 7) (34 14 15 35) (9 59 58 81) (42 69 33 26 25) (8 88 60) 84 (78 17 21) (46 2) (55 56 62 67 27 1) 32 (61 11 31)
40: (67 88 25) 72 (55 63 50 59) (9 84 35 34) 73 (41 49 69) (4 31 11 66) (81 3 71 78 2) 87 (56 14 1) (17 19 10 82 39) (47 8 57) 15 (21 33 22 61 52)
41: (14 87) 3 63 15 (11 8 88 17) 5 7 (16 29) 66 85 56 (22 61 25 57 84 31 10) (59 19) 82 (35 51) (62 71) (55 23 2 27 73) 36 49 4 48 (74 67 81) 24 (21 1 72 69)
42: (56 26) 49 (46 66) (76 72) (55 62 17 20) (11 36 8) (5 87 41) (82 4) (61 16 79 47 63 25) 23 (75 67 21 74) (84 88) (32 22 59 7) (71 28) (33 2 83 31 52 1) 19
43: 24 8 (15 26) (44 80 35 66 33) (63 52 71 41 47) (61 60) (21 78) 87 59 (88 17 1) 55 (62 69 3 90 19 75 16) 74 (45 25) (20 2 4 10 31) 58 (49 67) (72 11)
44: (67 16 26 63) 74 3 (81 15 5 7 76 1) (33 72 62) 44 41 45 (25 8) 6 57 (79 84) (56 10) 75 (82 35 69) (47 52 55) (21 17 20 38 29 78) (36 19) (60 11) (39 65 31) (48 61) 59
45: 41 17 31 51 (2 52) (26 16 10 30) (35 63 45) 75 (84 69 25 48 82 23 80 15 55 59 72 67) 71 (1 8) 4 (37 21) 66 (14 88 62 19 46) (7 61 81) (29 90 44 33) 49
46: 63 (61 83 35) (8 78) (58 25) (11 26) 21 (17 62) (82 49 34) 31 (3 41 2 1 48 71 46 33) (44 69 87 67 10 74 88 22 72) 56 55 (84 15) 19
47: (88 59) (33 62 52) (55 63) (1 27 19 26 74 51) (17 7) (82 24) (14 10 57 23) 81 (90 79 87 41) (60 21 25 66 75) (67 45 73) 40 69 15 (56 31 49) 20 32 8 11
48: 2 (26 48 15 37) 22 89 (69 7 55 88 41 8 59) (46 79) 65 (44 50) (9 61 17 25 20) (71 24) (19 21 49 80) (39 63) 67 (5 47 62) (73 81) (45 10 72 1 31) (42 84 83 33 35) (57 76)
49: (58 88 3 31) (38 36) 35 (62 24 59 15 72 19) (4 61) (56 55) 14 (63 42 33 25) 11 17 (81 49 87 21) 22 (9 50 1 57 84 32) (67 73) 46 (10 45 66) (47 60) (79 7) 8
50: (72 66 84 7 61) (81 87) (35 3 44) 1 55 (49 60 9) (2 34 62 31 11) (25 78) 69 (19 14 10 17) (36 33 52 57 88) 21 59 (20 67 63) (13 15) (71 82)
51: (85 26 21 7) 31 (56 10 8 63) (37 14 17) (74 20 2 39 66 3) (55 47 48) (82 25 81) (15 69 33 62) (61 36 72 59 35) (1 78) (19 88) 79 4 (24 84)
52: (69 81 75 10) (15 58) (28 89 45 87) 8 (35 7 2 21) (33 67 16) (32 60 34) 79 (20 24 71 31 23) (61 48) (37 22 17 88 39 19) (59 85 25 63 9 66 78 41) (55 72) (47 29) (1 3 4)
53: (82 3) 87 (5 61 72 81) (69 78) (35 1) 17 26 (55 67 9 59 32) (76 88 66 8) (74 63) (36 80 15 10 37 56 6 25 89 84 22 31 33) 48
54: (11 2 25 3) 46 88 (60 34 66 39) 21 (15 33 20 43 44 8) (72 69) (17 59 29 35) (55 62) (89 37 23 84) (32 50 56 41 30 61) (49 74 31) (78 28) 82 (67 24) (22 81) (63 45 1) (5 19)
55: 63 87 (76 7) (46 31 79 37 2 52) 36 (8 49 65) 66 3 (71 88 56 75 89) (67 62 1) (38 40 17) (69 32) (61 55 59 41 84) 51 25 (57 22) 10 (60 72) (15 33) (21 19) 35 (11 4) 20
56: 17 11 (10 4) (15 35 38 57) (2 8 84) 71 25 (3 81) (7 44 88 34 45) (46 73 69 47) 39 (82 72) (9 41) (79 16 59 89 1) (21 55 61 49) (67 78) 31 (63 58) (19 36)
57: (67 65) (1 35 4 8 79 56) (16 10 29 21 19 22) (74 25) (3 63) 55 (84 69 47 15) (86 36 39 75) (27 57 62) (41 66) 61 73 81 7 88 (17 2) (31 11)
58: 84 (57 63) (34 39 49) (22 85 62) 35 (55 21 33 26 19) (56 31 78 36) (67 72 41) (74 17 47 16) (11 8) (76 66 25 6) 3 (29 71) 15 1 (61 7) (87 69) 81
59: 69 (5 10 36) 11 (72 33) (31 21 20 17 56) (89 55) (81 32) (84 3) 35 48 8 (59 25 49 61 16 79 1 9 87) (66 85) (67 37) (4 63) (2 24 19 13 74 64) (47 22)
60: (35 2 72) 46 71 7 (17 49 65 57 69 87 15) (88 33 24 48) 1 55 60 19 31 (79 67 32 25 14 26 3) (37 58) 50 (63 61) (66 44 74 9 4 62) 8
61: (65 25 63) (4 69 31 55 11 43 56 21 32 49 88 17 23 68) (20 67) (9 3 62 35 47 19 87 57 61) (24 45 22) (8 28) (26 66 71) 10 (44 33 1 46 14 40 84) 41 (58 15) (5 72) 50
62: (16 19) (14 82 63) (1 61 81 87) 15 60 8 10 25 55 (69 41 17 39 88) (62 66 31 72 76 75) 73 (35 67) (49 56) 11 (84 7 42 33) (22 59) 28 (48 71 4 29 21)
63: (10 87 84 77 75 31 62) (41 69 8 66) 67 49 (74 17) (1 19 56 44) 78 21 20 (29 57) 85 22 (46 9 55) 82 61 25 (27 59) (11 4 7 33) 12 (3 24 47 51 35) 16 63
64: (17 57 72) 31 59 (25 22 73) 29 (18 84 37 3) (89 76 33 56 32 45) (61 60 10) 15 (40 41 49 48) (66 69 82 21) 7 9 (54 63) (16 67 71 81) (86 35) 74 (8 58) (87 11) (88 55 1 19) 39
65: 56 (33 48) 59 62 26 7 (82 4 21) 61 (17 55 19) (29 78) 30 (49 35 37 67 69 52 2 88 11 8 3) 40 41 1 (22 63 47 9 39 85 87 44 5) (34 84 89 72) (79 24 31 10)
66: (58 1 66) (31 55) 72 (22 41) (71 89) 56 (19 35 5) (88 85 4 61 26) 21 (67 63) (2 46 17) (33 16) 59 79 (49 11 50 74 3 39 69 10) 84 15 29 (7 75 8)
67: 63 60 (25 19) (1 21) 69 36 17 4 (55 71) (82 15) (3 79) (90 47 48) (39 64) 72 32 (67 57 41 5 74 61 33 31 16 49 65) 88 (78 66 8) (10 38 44) (75 59 2 29) 14
68: (90 17) (72 4 69 35) (14 33 66 47 37 15) (57 24 8 31 46 82 71 81) (55 56 84) (41 2) (21 60 22) 30 25 78 (1 49 63) 62 79 (29 61 67) (10 88)
69: (55 59) (21 58 49) (63 44 77) 34 (15 30) (69 68 33 88) 14 1 (56 31 72) (25 19) 22 (62 89) (73 41 7 35) (17 8 23 10 61 46 66 2) 29 4 9 60 (50 20 84 67)
70: (72 79 76 41 49 19 26) 57 (75 47 55 21 4 16) (32 52) (87 11) 10 (84 50 64 58 81 31) 25 89 (39 1) 56 (62 37 15) (8 20) (24 22 63 9 67 88 7) 34 5 (61 35) (3 17) (60 23 33) 78
71: (69 55) (59 10) 61 (33 22) 24 (17 1 84) 9 72 82 46 (75 88 44 35 78) (19 57) (7 29 8 56 25) (47 49 21 15 20) 66 (27 26 31 14) (67 16 63 11) (71 37) 85
72: (87 33 58) (57 75 4 61 25 22 56 16) (88 39) (9 63) 55 79 (15 47 1 81 17 59 3 31) (74 62 90 66) 32 48 84 (69 34 72 19 49 21 8) (24 71 7) (20 67 37) 44 40 (73 60 2) (65 14)
73: (79 60) (7 55 61) 49 (23 51 82 73 32 54) (1 88 3 83 9 17) (52 10) (19 26) 39 (48 33 56 25) 87 89 (47 69) (46 22 50) 16 (36 37) (66 31) (67 59 57) (72 84 8 5) (38 63)
74: 46 (39 19 49) (4 37 41) (9 44) (25 29) (10 31) 55 (21 58) (71 61) (69 76) (59 88) (2 32) (56 66) (15 26 63 20 72 17) (8 1) (36 89) (22 16 87 67 84)
75: 16 17 8 21 (22 55) 87 33 (77 10 19) 11 (62 44) 72 (57 35 40 26 1 84 29 52 63 67 25 66) (42 53) (37 88) 46 (56 71 32) 85 (31 3) (2 59 5) 41
76: 14 (62 49) 63 9 31 (38 74 27 79) (3 55 7 50 25 84) (61 10 35) (76 4 26 37 21 78) (41 88) (20 16 19 1) (56 82 48) 59 (2 8 33 17 69) (45 47 72 57 22) 89
77: (26 24 38 29) (15 69 60 1) (72 9 25) 49 27 31 55 (81 84 75 56) 52 (66 40) (35 33 10 7 82) (59 83 4 44 62 8 88) (57 61 50 6) (21 67 86 2) (73 48 17 63 19 3)
78: 84 (67 2 72) 33 (87 26) 77 (73 89 69) 49 (20 35 88) 14 63 4 (36 66 82 25) 1 (41 68) (74 8 43 59) (13 17) 83 55 15 48 (75 56) 52 (79 11 76 16) (71 3 44 37 62 61) (31 60) (21 19 24)
79: (55 22 61 25 46 35) (62 67) (44 11 56) 20 59 (82 17 76) 21 (8 79) 32 84 (66 74 6 39) (63 5 72) (10 48) (31 3 57) (37 33 19 36) (9 49 69 71) (29 14) (1 80)
80: (71 59 44 4) 69 62 (72 74 3) 29 55 (1 88 41 37 31 67 2) 28 (35 19) 26 8 (7 56 82 22 61 81 63 17) 20 25 (60 87) 38 (11 58 32 47) (21 84 39 51)
81: 5 (8 21 32) 88 (63 48 14 17 50) (33 4) 59 47 69 11 (80 9 36 77 37 60 49 1 3 78 67 57 61 55 66) 52 (41 89 72 35 62 56) (73 44 15 20) 74 (31 16) 19
82: (3 10 19 58 25 22) (82 8 73 72 15 26) 21 (1 81 50) (4 74 49) 37 (76 14 56) (71 2 32 48 88 84 63 31) (59 46 66 17) (61 41 35) 55
83: (46 33) 10 (57 60 67 37 17 35 15) (22 11) 63 (62 21) (58 55) (82 80 41) (3 56 59) 66 (87 88) (31 72) 4 (84 2) (1 61 16) (81 69 79) 7 (24 9 25 8 26)
84: (25 66 1 16 61 39) (88 31 50 55 78) (87 15) 69 (72 56 7 14) (3 41 57 19) (63 73 17 74 59 29) (35 11 84) (2 26) 10 21 36 (24 60 76) (37 5) 8 49 4 (33 6 67)
85: 82 (83 85 52) 55 (84 45) (81 72 46 62 63 88) (66 17 47 61) (29 14) 2 49 (56 69 31) 44 (50 19 42 73) (89 21 75 60) 58 20 (54 1) (32 71 25 15 48) 11 (36 10 67 16 4)
86: (31 2) (55 11 46 47) 41 20 (62 10 84 79) (67 69 58) (72 7) (28 81) (34 60 8 57) 26 (66 35) (85 9 61 51) 88 (37 4 22 49 82 56 87 21) (1 63 19) 71 17 (59 74 29)
87: (56 19) (21 25 71) (22 8 33 40 61 59) (67 46 3 62 39) (37 24) 31 11 (15 2) 60 (74 17) (84 9 49) 29 (26 44) 47 (48 78 58 87 73) (1 35 88 63 77 36) (55 10)
88: (56 87 1) (46 72) (10 70 3 88 44) 11 40 (20 85) 8 (33 19 58 13 48 84) (22 81 74 26) (24 21 47 15 42 32 45 31) (5 82) 55 35 (63 34) (89 17 9) 4 75 (61 49 69) (62 2) (78 25 71) 67
89: (87 1) (84 55 62 33 8 60) (7 85) (29 61) 31 (49 5 15) 40 (2 58 72) 35 (4 74) 63 (78 75 47) (3 82 57) (17 81 21) 65 10 20 (77 46) 41 (56 83 16 25) 67 59 36 (24 19)
90: 44 33 (55 10 72) 62 49 24 (47 59 21 81 28 50 52) 34 4 31 (71 63 35) (40 15 37 7) (87 1 89 19) (78 16) (82 25 56) 3 (20 67) (13 46) (61 2) (84 41) 14 79 (66 69) (26 17)
