90 90
1: 38 84 73 (46 39) (1 8) 5 (3 6 45 56 54 64 78 70 80 60) 16 43 (15 30 74) (42 24 49 55 76) (9 26 36 13 2 53 19 63 50 52 79 77 48 20 28 12) (18 4 65 10 71) 67 (87 29 7 22) (17 85 33 58) (81 51 57 31 14) (41 89 35) 11 69 34 72
2: (35 1) (24 15) 79 (14 19 90) 36 (48 17) (60 16) (81 72) 74 (76 13) (32 73 75 71) (47 58) (30 42 77 57 6 11) (4 31) (40 8 43 5 33 51) 54 (83 84 44 68) (69 23) (41 85 82 55 63 66 53) (46 22) (26 18 10) (61 52 28 3) 88 39 62 (78 56) (64 70) (21 87 65) (49 12) 34 (20 38 37) 45 (29 59) 27 (7 67 89) (80 2) 25 50 86
3: (60 77) (16 68) (81 48) (63 27) (7 26 76 53) (31 84 83 45 49 54 62 40 46 20 15 33) (66 55 69) 57 51 (41 90 10 85 52) 28 (58 72) (71 50) 17 9 (4 74) 30 (2 88) 64 (42 39 14 6) (38 56 5) (65 61 25 21 23) 75 89 32 73
4: 40 (69 4 72) (36 86) 45 57 2 9 (71 67 59) 62 (37 64 21) (78 68 81 44 53 83) (26 33 38 63 17 76 35 29 85 79 84) (82 41 66 31 20 28) (3 10 8 32 13 89 50) 1 47 (6 51 42) (34 65) (77 24 5 73 87 11) (58 19 48 27 55 49) 30 12 56 (52 22 18 25) 90
5: 81 (68 65) (77 48) (11 14) 41 (76 83 63) (1 24 59) (18 19 39 82 67 49) (80 45 10) 13 8 73 (66 87 21 50 3 85 78 40 64) (2 28 31 36 69 22 47) (38 26) 35 4 (44 32 54 74) (9 43 34 30) (79 25 20) (61 12) 72 (16 7) (70 29) (56 46) (84 37) (86 5 71) 23 (75 27 88) (62 15 90 57) (52 51 33 58 89) (17 55 53 6) 42
6: 89 85 (70 68 2 84) 73 (69 24 41 12 9 1) (19 63 87) (17 90) (88 67 76 38 11 33) (18 16) 20 (72 21) 82
7: (51 32 82) (67 19) 3 (2 84 46) (40 49 90 81) (26 59 62 7) (75 86) 38 24 (37 30) (28 64 5 56) (29 8 35 12 76 44 39 36 41) (73 57) (6 21 60) (87 53) (13 63) (66 33) (58 77) 88 23 (17 31) 1 69 (89 68 72 18) 52 (22 43) (16 25) 15 61
8: (70 74 49) (28 50 73) 31 (8 64 25) 86 89
9: (4 13) 6 88 (3 43 18 2) 32 (61 36) 53 83 (44 81 51) (22 77 34) 70
10: (66 14 58 47 37) (18 71 9) 45 78 83 (52 36) (8 76) 46 (12 26 63 31 41) (82 33 16) (77 25 19 7) (56 3 57 54 27 40) (49 38 75 48) (5 85) (53 69) 51 (39 68 35 22 42) (4 29) 64 (61 10 28 81 6 1) 60 (21 74) (84 70)
11: (13 75 3 88) (15 24) (37 4 12 16 62 57) (78 11 40 90 39 8 18 47) (72 63 2) 1 (61 35 6 21) 71 (20 29) (45 86 46 49 17) 87 (32 89 73) (14 64) (69 84 51 82 65 28) 67 (25 53 30) 59 52 (74 9) 68 (33 70) 85 55 (7 38) 26 5 (41 10) 83 (76 19 36) (27 48)
12: (9 4 41 80 14 78 59) 55 (28 79 66) (86 69) 10 (87 12) (21 40) (33 2 68) (19 18 49 38 29 70 45 90 25 43) 85 67 (35 36 5 31) 89 (51 65 13) (37 30 39 57) (60 7) (8 52 50) (11 61 56) (63 88) (76 82 58) 64 83 (16 74 15 17 62) (71 26 54) 6 (81 3 53) 27 73 75 (42 24) 20 (34 23 44 1 22)
13: 20 31 (61 14) (68 79) 16 (19 34 48 6) (32 8 62 89 7 17 33) 54 (55 49 5 27 57 81 74) (73 12 77) 52 (86 65 50 15 2) 3 (51 26 69 87) 82 43 13 (1 36 64 10 67 9 4 29) (59 23 47 76)
14: (23 39 35 4 45) (80 19 27 43 3) (85 26 77 30) 2 (34 6 90) (8 84 44 21) 78 (74 83 42) (13 37 54 82 10 66) (88 67) 70 (17 41) (28 76 48) (58 79) 31 11 (68 75 12) (51 64) (86 65) (9 20 1 22) (59 33 60) (15 38) (29 5 55 40 57 46) (53 89 24 73 62) (56 36)
15: 75
16: (17 27 1) (44 58) (88 24 82) (42 84) 77 (5 32 6 61 80 50) 81 12 79 (40 7 41) 39 72 35 74 (83 75 18 47) 9 (26 25 89 11 21) 66 (4 85) (20 78) 14 (45 3 51 87 8) (71 28 73 23 55 29) (15 63) (52 56 48) (76 90) 59 (64 2 65 60) (22 69 46 57) 86 (31 68 34) 10 (13 36) (37 53 19) 54 (70 38) 33 (67 49) 62 30
17: (65 10 80 71) 28 (87 88) 23 (83 42) (30 37 73 53) 90 (3 26) 43 (78 81 34 33 76) (72 5 45 51 68 67) (63 50 20) 86 (15 21 85) (41 27 4 7 9) (52 66) (6 56) 74 (12 13 19) (35 54 11) (64 22 55 2) 57 38 (48 60 82 69) 1 49 (70 25) 17 40 (58 8) (39 75 47) 24 (18 36 79 44 46) (32 14) 84 31
18: 2 (82 70 46 56) 52 79 (25 73) (68 18) (76 67) (53 8 66) 48 (77 37 34 63 50) 35 (23 90 32) 40
19: 86 (19 59) (52 3) (83 73 44) 27 53 (69 4 5 58 33 2) (34 26) 71 (84 62) (67 46 9 37 61) 51 (60 15 66) (16 81) (63 29 82 12 13 21) 18 31 64 (49 39) (77 65 50 25 76 1 24) (32 80 22 75 35 36) (68 47) (14 89 74 45 78 41 42 48 43) 10 (54 57 85) (72 20) 28
20: (48 88 8 23 32) (33 13 75 14 61) 67 57 (45 80 37 12 24 28) (26 64 50 81 39) 58
21: (31 64 39 38) 36 71 (30 60 14 9) 76
22: 74 (72 69) (3 4) 23 (38 8 36) (76 47 43) 5 (60 31 26 83 65) 39 (16 40) (58 82 57 79 53 87 42 63) (80 29 25) (6 77 48) 15 (78 55) (61 44 17) 75 (9 67) 45 (32 10) (22 7 56 35 13 37 19 84 88)
23: (13 19) (90 74 14 67) 25 30 38 (23 43) (48 45) 18 (58 79 52) 6 (20 76) 81 68 (17 7 24 46) 34 (32 35) 9 72 (55 31 33) (22 41) 82 11 (80 12 50) (16 4) (59 28) (69 63 8 42) (84 64 86 88) (15 47) (77 70) 89 (54 5) (73 1) (87 26 78 21 57 62)
24: (33 81) (41 69 85) 28 (60 6) (58 46 90) 1 12 (27 34 49 54 43 71 32) (11 77) 59 (20 14 52 74) (40 23 88 83) (63 75 70 35) (89 7 66) (2 47 80) (5 37 39) 24 3 (15 13 29)
25: 12 57 (38 90) (77 16 32 23) 17 51 (11 34 78) (70 26)
26: 58 (71 51) 10 (81 35) 5 (30 65) (42 14) (41 67) (22 37) (84 56 26) 52 12 (82 3 70) (23 80 20) 25 90 17 83 44 60 (8 1 72) (64 63 40 45) 7 (77 86 48) 57 (13 19) (88 36 34 73 55) 78 (39 15) (18 76 54 27) (24 49) (50 9) 43 (38 32 11 74 61 47 62) (33 29 6 46) 28 (31 4 21 16) 69 (59 66) (89 68) (87 2)
27: (77 55 38) (70 28 58) (62 84)
28: 17 80 (88 45) (55 87) 51 (63 65 8) (24 50) (39 64 13) (23 22) 16 69 29 (35 14 10 53 21) (9 74 89) 52 1 42 (19 36) (48 58) 84 (38 71 86 54) (25 20)
29: (1 38) (78 54 42 81 53) (29 3) (20 48) 25 (50 28 90 10) (85 36 41 72) (19 47) (49 33 83 87 82) (71 22 62 17) 51 (67 46) (84 66 5 52 75 61) (37 24)
30: (1 41) (56 15 52) 73 6 17 (89 79) (5 49 39 32 54) 84 (37 80 90) 78 (83 50) 10
31: 32 19 (80 87) 30 (55 3 41 25 16 58) (71 75 47 90) 27 70 60 72
32: (36 51 32 79 12 63) 75 (73 5 1) 57 81 76 65 (18 50 37 4) (7 40 20 77) (62 21 85 3 30 71 38 17 16 87) 44 84 (55 82 72 13) (60 27 54) (41 24 14 70 48 56 29 61) (45 53 67) (86 49 22 2 19 15 88) 11 31 (26 80 25 78) (28 58) (90 59 35 6) (23 42 64 34 68) (89 46 47 74)
33: 57 75 (40 90) (9 44) (73 4 6 34 77 13 76 62 32 41) 8 10 29 (35 30 36 23)
34: 28 (77 25) (44 8 71 90)
35: (36 32) (79 49 12) 81 (10 53) (13 8 18 45 75 34) 63 14 9 44 (83 11)
36: 29 (3 44) 43 84 (89 38 21) 56 60 90 (49 77 82 1 48) 19 18 (13 59 64) 63 (7 66 20 35) (83 52) (25 4 22) 15 (36 5 87 86 16) 46 (68 81) 70 (88 11) 8 (72 37 50 75 34 30 42 10 40 12 54 47) 27 (65 17 9 67 31 62) 55
37: (23 82 39 36 58 9 76 3) (44 79 40 60 47 32 37 89 46) (34 43) (56 55 13) (48 8 42 74) (73 85) (7 41 16) 18 81 (51 52) 31 (24 62 71) (57 4 61 30) (50 6) (15 10 11 49 78 27) (28 29 22) 59 (14 53) (5 83) 72 2 (33 64) (67 80 77) (25 66 1 70 84 21 17 88) 35
38: (90 49) (23 14 82 18 15) (16 65 5) (73 40 31) 3 (70 84) (78 71) 68 (38 21 69 89) (81 83 54) 67 (45 51 37) (88 74 13) 35 (86 64) (22 6) 87 (60 20 79) 11 32 50 10 (77 29 1 34 28 19 63 80) 25 76 2 (26 41 24 39 46 43 4) (55 57) 56 48 17 (27 61 36) (85 30 62) (72 58) (9 7 8 12 75 33 66)
39: 66 (5 84 56 42 24 58 15) 71 (88 17) (41 12) (29 63) (81 67 34) (75 61) (48 9 83 21 86 44 32 28) (62 18 3) 59 (80 13) (20 51 90 52) 26 82 77 (55 74 79) 46 (11 37) (65 27) (47 31) 14 33 (23 76 6) 87 (2 60 8) (72 50 85 25 57) 22 49 (19 64) (69 73 16) (35 36) (70 54 89 53 68)
40: (49 12 72) 80 22 (90 77) (39 19 13) (20 60) (43 7 75) (18 38) (64 26) 21 (42 51) (71 73) 89 (85 34 33) 59 84 (53 10 32 17 81) (87 37 16) (15 3 14 24 57) (23 47) (76 63 79 66 30 35) 5 (82 4) 31 45 (52 78 41 74 56 48) 68
41: (81 73) 46 90 22 49 (12 87) (58 8 56 54 48 74 11) 60 16 28 66 20 (63 18)
42: (26 22 35) (27 40 36) (47 8 30 50 7) 3 (29 12 23 5 34 89) 86 49 (67 15 70) 84 (79 81 58 17 33) (46 43 10 48 52 38) 53 (28 65 83 9) 14 (59 6 80 60 31) (1 85 61) (44 77) 78 (66 13 63 39) (87 88 82) 4 (32 57) 21 (25 76 55) (54 74 64)
43: (74 67 55 14) (76 2) (78 19 41 13 10 8 20 12 11) (84 44 77) (73 89 45) 37 (51 3 38 43 47) (17 75 34) (23 32 15) (49 88 21 5 63 52) (25 30) (85 22 64) (28 1 57) 54
44: 19 27 (45 72 89) 26 (24 67 90 63 38) (35 82 41 3) (80 64 58 44) 25 (74 50) (29 77) (85 61 55 51 16 8) (40 12 31 10 65 13 28 39) 36 42 (30 2 73) (86 68) 62 (17 87 1 15) 33 75 (83 57 37) (18 59) 49
45: 33 (45 61 62 48) (74 72 47 31 24) 57 16 69 76 (25 15 44 39) (66 18 40 12) (35 53) (88 54 42 27) 6 (56 1) (71 13) (28 19) 30 80 37 81 63 (89 64) (59 77 32 75 36) (34 9) 2 (22 8 41) (21 65 67) (50 52) (4 3) (90 84 73 87 29 58 68 55 70 38) 10 26 78
46: (3 56 8 68) (62 6) 21 (32 10 48) 44 (5 75 60 54 67 70 57) (87 46) (14 59 52 19 39 31 50 9 49 42 24) 18 17 20 (90 72 33 61 84 35 85 4 66) 89 47 78
47: 89 25 (86 83) (62 4) (19 90 31) (35 28) 37 (70 49 60 34) 56 13 (40 29 68 38) 74 53 (2 6 54 71 78 87 63 64) (47 48 36 42 65 55) 26 (75 43 52 85) 18
48: (73 58) 79 23 41 (66 3 13 59 48) (53 15 86 27) 81 71 85 (70 22 17 62 33) 39 (61 60) (8 37) (9 82 49 32 89) 80 50 (24 56) (31 35) (90 65) 74 52 57 (67 11) 2 (38 46) (45 40 77) 51 (63 69 84) 21 (34 20 19 64) (1 78 55 72) 76 (29 87 47) 28 (12 18) 25 54 (44 75 4 88) (6 68 16) (42 10 36 43 5 26 30 83 14) 7
49: (34 71) (85 51 50) 77 (38 9 83 24 48) (35 88 25 60 72) (5 42 55 70 16 57 18) (14 58 56) (52 82) (26 78) 45 4 (44 31 10 66 68) (15 86 81) 59 (73 54) (63 65 43 39 53) 12 61 75 33 (27 79) (76 17) (84 7 13 80 90 30 40) 23 28 (62 21 8 32 6 87) 37 (47 69)
50: (4 67) 52 (80 26 31) (38 70) 85 43 (89 72 35) (60 13 68) 79 (49 83 88 44 29 27 51) 12 (18 90 34 54 30 58 69) (57 6 3 1 5) (47 2 28 23 22) 73 (53 25) (39 21 75 36 48 40 64 61 87 66) (65 24 71 16 20 56) 8 (82 77 17 7 15 9) 14 (81 55) (62 32) (78 63) 46 (74 42 84) 59 37 (76 10 45 86 33 50) (11 41)
51: (55 14 57) (32 59) (73 10) (83 27 11 90 72) (34 22) (81 48) (30 65) (42 35 89) (7 58) 25 9 (67 17) 85 66 (78 20 6) (68 88 54 41 8 43) (79 40 3 76) (38 62)
52: 29 (86 13 70 63 12 90 75) (66 22) (87 2)
53: 27 (41 72 38 88 46 22 1 74) (70 78 9 32 37 62) 45 73 20 (12 35 51 15) 81 (6 43) (25 71) 69 80 (33 86 53 21 84) (75 57) 24 (82 44)
54: (54 21) (28 55 30 15 32 76) (35 73 56) (12 77) 26 (70 45 16) (27 6 62) 38 58 (71 24) (3 65) (11 78) (5 10) (37 4) 50 53 (72 18) 59 (9 81) 33 86 85 (43 44) (13 66) (67 49 8 88 36) 22 (74 69 80 82 1 34 29) (2 46 63 14) 52 (25 89 42) 90 48 (39 7) 84 64 40
55: (76 41) 7 (80 58 28 73 63 19) 74 (12 83) (20 46 9 79 60 50) (37 14) (42 35) (22 71) (6 67) 34 26 (30 1) 2 75 (56 3 86 25 10 65 55) 47 45 90 84 (54 4) 17
56: 74 77 (14 58) (49 68) (41 53 2 45) (42 39 75 59 4 86 80) (1 81) (52 79) (69 10 76 43) 73 (83 7 40) (61 24 90) (19 20 12 26 48 57 67)
57: 20 (66 35 21 69) 52 53 (82 7) 83 (90 64) 88 (45 30 75) (33 48) (18 57 16) (26 42 87 2) 15 (80 38) 24 1 (59 22 60) (62 55 9 37) 46 27 14 (36 76) (19 81 32 77 65)
58: (38 70) (83 14 54 27 67 18 76 62 20) (36 7) 17 (65 56 42) 59 (68 86 55) (57 21 60) (37 39 46 90 52) (19 87 15 51) (63 30 81) (3 74 6 22) (34 79 40 11) (69 35) (64 88 71 45 80) 26 72 10 (32 75 4) (85 33 41 58 16) (43 84) (12 8) 5 61 73 (53 48) 2 (47 78 89 31 66) 24
59: (70 28 86 26 9 44 40)
60: (8 5) (60 87 33) 32 (16 59 26 4 23) (72 57 42 7 10) (52 75) 47 1 (74 90 31 20) 18 6 51 (11 85 50 44) (89 38) (78 82 3)
61: 72 (62 10 33 25) 84 15 68 37 5 (87 38 6) (17 51 49 31 76) (79 89) 80 53 (23 82)
62: 44 (42 38) (10 80) (23 90) 75
63: (43 9 10 46 14)
64: (35 75) (10 62) (23 30) 12 45 (61 89) 18 (33 7) 32 (86 83) (46 85 63) (59 66 68) (78 11 41 74 65)
65: (4 67) (14 48 45) (5 29) (66 47 11 79 22 77 44 17 38 34) (58 80 68 72 59) (64 69 71) 84 (57 76 85) 7 30 52 39 46 (78 88) 90 (33 55)
66: (73 14 16 53) (30 18) (37 8)
67: 69 9 (22 23 35) (7 75) (90 41 16 12 5 50 11) (80 78 56) (85 60 20 44) 27 67 (24 86 72) (4 17) (21 84 62) 55 (82 38 1) (71 59) 87 (28 57 48) (14 79) (43 81 10 54) (46 76) 49 (33 77 45) 15 (34 66) 13 (53 83 88) (65 61 51) (36 70 39 30) (42 52) (89 25 8 19) 3 (29 32 26 64) 63
68: (31 26) 63 (62 74) 23 (4 71) (2 72 3) 60 12 40 (54 11 58 85 27) 37 (41 20 15) (49 73 1) 18 (16 22 66 36 89 82 50) (35 65 28 55 53) 61 (70 67) (8 42 48 25) (79 77 90 51 52) (46 45 43) (29 32) 59 44 (68 81 14 24) 64 19 (6 87) (57 9) (88 17 10 78 34 83 38) (69 5 7) 39
69: 82 86 (80 30 14 39) 45 (7 40) (31 72 58 28 49 23 87 20 62 43) 79 (76 70 17 3 24 26 50 46) 6 37 (78 75 32) 36 (47 85) (41 35) 69 90
70: (41 2 62) (9 71) 65 (26 46 42 38) 34 (63 88) 40 (73 10) (80 77 13) (76 87 39)
71: (74 85 29 72 81) (71 60) 19 73 (36 48 31 25) (13 5 78 22 45) (26 87) (46 54 64 55 27) (24 18) (79 37 61) (10 6 17 34)
72: (62 9) (23 10 90 33 53 14) 65 (25 84 78 82 44 50 34) 89 (22 11) (60 3 77 69 1 5 45) (40 55 46) 27 (18 13 79 6) (51 56 57 26 58 88) 41 74 29 (4 85) 21 (8 81 38 12 83) (72 24) 66 (71 64 54) (31 75 47 19 67 43 30 37) (39 86 36) 48 (20 76) 52 7 68 73 32 (80 16 2) 15 (70 42 63) (59 49) (87 17 61) (35 28)
73: (63 25) (69 81) (22 86) (24 65 68 10 23 89) (11 44 58 27 56) 45 (53 16) (72 20) (7 13) 70 (46 3) (2 88) (37 42 17 32) (4 43 78) (47 50 19) 40 (33 9) 39 (31 5 8 77) (57 62) (74 59) (60 18) (48 83) (66 1 84 14) 49 (21 26 54 41 38) (15 87) (67 73) 55 28 (51 6)
74: (24 56 90) (72 76 11 6 52 61) (49 50 47 64 36 59 45) 35 16 53 60 (71 66 32 46) (28 40 70 82 42) (10 7 65 8 20 48 5 73 17) (14 86) (26 22 19 62 81 85 84) 58
75: 1 (50 17 3 85 77 80 79) (82 40 34) (52 5) (7 66) (26 73) (29 90 65 35 22 71 67 76 2) 84 58 (60 68) (63 45) 27 89 (81 43 44) 32
76: 26 (56 21) 60 (29 37 15 74 27) (70 3 38) 18 (32 1) (87 20) (72 31 30) (67 11) 73 (75 53) (83 82 80 71) 51 (50 45 46) 33 58 (66 14 85 2) 64 84 (59 44 34 8) (78 7 28) (65 19)
77: (8 47 28 56 38 61 15 22 35) (33 5 37 44) (71 77 18 1 60 48) 50 89 (59 75 86 9 3) 43 76 (73 21) (40 36) (82 32 42) 46 (53 10 17) (31 57 90 54) (7 63) (30 41 2 45 12) (67 23 25 16) (4 51 13 34) (52 85 26 20 39) (29 79 58)
78: (62 49) (80 82 85 3 46 31) (9 86 29) 23 19 (16 64 87) (12 88 5) 36 (25 53 8 28) 90 (33 77) (74 61 1 30 71) 78 (40 11)
79: 71 (90 19 13 5) 1 88 (38 76) (15 63 33 11 67) (42 50 21 61 30 49 78 74) (7 89 40) (26 65 27 79 14 57 70 43 52 55)
80: (1 37 25) 17 72 (38 75 85) (70 4) 22 (21 19 89 55) (77 86 67 8) (32 18 83 62 73) 31 (36 56 50 47) 59 84 (66 42) 76 (46 10) (69 27 40) (88 5 52 60 30 80 51) (26 23)
81: (26 10 5 24 65 70 25) (66 8 87) (31 74 7 84) (37 29 1 68 58 9 59 39) 75 32 (11 89) (6 44) (36 51 72 15 88) (82 41 2 38) 53 4 77 (63 18 71 34 19 43 16 86 52) (28 30) (60 35 47 57 14) (21 20 67 73 3 81) 42 69 79 (90 49 62 46 40 27 23 61) 56 (64 50 45 83 33 13) (85 55) (17 78) 54 (48 12) 80
82: (60 72 76 5 90) 42 (17 27) (34 69) (22 82 62) 3 46 (84 71 63 36 21) (53 40 8 16) (67 81) (61 7) (15 77 74 45) (55 38) 32 75 (51 70) (44 31 49 20) 85 80 59 (37 56 14 83 35 52) (1 89) (2 26) 30 (68 87 25) (19 57) (50 6 78 79 65) (48 43) 28 (12 10) 23 (58 41 73 13) (54 47 29 24 18 33 88) 86
83: 50 (84 75) 22 (42 21) (44 59) 4 20 (37 40) (45 17 47) (31 16) 72 (30 3 60) (83 33 85 2 34 24 64 61 62) (82 28) (1 25 18 23 51 57 76) 8 67 (68 49) 32 (74 6 78 35) (27 29) 19 (13 56 79)
84: (51 54) 74 (43 61 18)
85: 29 (30 72 57) 35 36 (66 43 49) 7 22 41 (25 80 78) (45 82 14) 9 (16 11 50 74 15 53 58 75 5 20) (69 17 18) (64 62 32) (1 88 27 42) (23 24 61) (89 68 3 84 73 26 47 71) (87 2) 10 (90 13 51) 79 (76 54 81 67) (38 59 8 39 60) (52 77 55) (33 85 34 65 31 48) (4 21) 46
86: 32 (43 51 69 71 24 64 25) 89 21 39 15 (20 84) 45 (60 52 19 42) (72 22) 29 (57 82) 73 (75 23 90 6) 9 (68 62 54) (49 5 44 17) (38 16 58) (8 50 86 74) (85 80 46) (31 83) (48 27 47 81 4) (33 36 18) (35 40 65) (41 88) 70 (78 77) (14 61) (37 66) (59 87) 56
87: 81 37 (78 44 82 50 63 30 72 57) 88 47 4 19 (42 66) 35 28 (26 34 32 53 45) 9 25 13 (60 24) (1 8 31 58 15) 39 14
88: 65 (13 80) 52 (34 20 59 2 8 39 28 82 43) 7 4 55 (33 86) (63 49) (60 69 57)
89: 75
90: (78 41 36 81) 38 73 3 (70 8) (10 61) 55 50 (63 83) (45 30) (35 59 56) (54 43 4) 16 (89 79)
1: (53 36 37) 56 45 (19 87 55) (50 82 16 23) 75 1 (80 30 11 4) (24 14 76 38) (67 54 6) (2 5) (81 17 29) (26 7 85 77 32 73 72) 60 (48 12) 68 44 43 (13 57 10 79) 28 (83 78) 42
2: (2 50 47) 55 (77 48 43 1) (58 54) 24 (68 12 73) 18 (4 13 85 82 32 52) (88 9) 19 (26 57) 17 (6 72) 76 (7 38 39 81 3 56 70 83 75 5 11 44 37) 14 (45 16)
3: (72 77) (4 16 24 19) (2 67) (90 40) (36 22 7 81 69) 51 46 (38 29) 60 48 (83 5 31 58) (44 54 75) 55 (32 85) 68 (78 9 76) (13 12 82 11 14 45) 10 39 73 42 (1 26 17) (50 43 37)
4: 32 (83 45) 14 (68 85) (9 10) (88 13) (87 80) 55 36 (4 40 49) (12 22 48) 11 (50 5 67) (3 46 60) (58 81) (16 54 86 47) (23 1 42 2) 33 (73 37) 56 (65 26 17 72 77 19) 90 38
5: 80 82 1 13 (86 30) (81 24) 32 (79 58 12) (48 75 10) (14 36) 7 (50 46) 19 (72 74 16) 71 (40 22 2 78 49 77) 39 (37 26 23 65) 43 5 (17 38 73) (29 4 68 61 3) 60 (11 67 85) (42 54)
6: (26 83 60) (71 37 13) (30 17 86 45) (7 11) (73 39 50) 10 54 48 51 3 (38 32 61 4 46 23 82 49 42) (24 33) 22 (58 55 68 12) 16 (9 2) (5 81 14) 69 (53 1 72 74 47)
7: (82 26 7 67 85 16 68 74 42 79 50 55) 1 13 (11 38 51 10 72 75 81) (64 54) (36 58 22 5) (12 3 57) (2 32 23 24) 69 (37 56) (76 77 88) (17 60) (40 49) 65 48 73
8: 12 (81 39) 16 (14 45) 78 48 73 54 (88 22 80 67) 26 (28 74) 41 51 33 8 38 20 (5 85 17) (83 4) 49 82 (2 44 1 43) (66 77 76) (58 60 86 37) (18 68) (7 90 11 72 23) 42 (36 50 13) 34 (87 10) (46 35)
9: (1 46) (39 81) (50 45) 42 (22 3) (14 67 11 16) (54 53 49) (85 23 28) 36 17 (19 48 21) (5 51 13 12 35) (55 33 70 72) 4 87 10 (77 57 63) (59 37 78 86) 68 38 6 (73 26)
10: (58 51 3 4) (68 85 5) (30 37 90 38 67) (44 81 35 26) (55 29 17) (13 63 40 56) 11 (64 77 10 61) 2 28 (12 48 43) (36 16 49 70 14 60 1 22 74 19) 42 33 (82 73) (50 54) 45 46 (80 71) (72 62)
11: (43 54 78 14) 74 51 (64 67 79 38 11 60 76 65) (12 6) (32 24 25 23 35) (58 37) (41 4 50 85 26 72) (48 39 73 81) (2 17) (5 68) 16 1 36
12: (38 39) 11 (44 10) (26 5) 81 4 (82 55 50) 53 (41 32) (6 52) 58 12 43 23 (1 20) 40 68 35 (48 72 16 14 64 7 67 45 36 17) (19 42) (54 25 24 56 2 49) 77 78 13
13: 81 2 43 (37 45 4) 36 32 1 5 (35 22 14 67 9) (83 49 11) (82 13 70 40) 42 72 48 7 39 87 (24 73) 71 (17 23 20 77 19 52 85) 50 88 (47 12 54 44) (28 33 38 26 79 16)
14: (5 43 17 1 66) (54 68) (85 26) (63 37 46 2 23) 87 55 (67 56) (72 16 48 13 69) (57 12) 51 (76 21 81 11) 10 (38 42 79 50 32 74) (20 3 24 73) 58 19 (82 65) 28 35 (39 40 49 86)
15: (12 16) (45 50) (67 39) (37 68 61) (73 24 22) (57 44 14) (43 82 23 42 7 86 11 48 1 17) (19 5 40 13 87 79 32 53 76) 36 (85 58 72 38) (2 81 30) (26 3 49) (54 77)
16: (25 74 83) 19 2 (90 58 7) (68 10) (73 78) (22 49 39 6) (44 32) (66 23 82 3 1 13 57) (5 77 38 67) 26 36 (41 45) 60 (85 72) (40 86) (28 50 81 48) 12 31 11 37 54
17: (39 65) 14 80 (38 16 50) (30 48 13) (32 81 68 72 11 46 55 29 85) 51 (25 42) (43 36) (7 49 23 3 83 61 67 12 26) (4 22 6 75 2 58) (28 86) 40 (17 69) (5 73) 1 (77 44 71 74 82) 37
18: 45 46 (39 16 77 41) (44 76 60) (7 83) (84 48 12) (71 6 82) 57 32 (64 50 40) (54 36 35 2) (4 38) (26 73) (58 81) (23 68 80 17 9) (66 18 49 1) 11 (5 19) (37 47 72 10 86 85)
19: (76 22) 78 67 (46 43) (12 40) (23 47) 58 29 (71 1 38 5) (48 72) 26 16 (87 86) (74 10) (55 31 19) 28 17 (11 39 7 68 6 81) (79 80 13) (2 82 4 14) 73 44 36 57 (32 45 56 83)
20: (55 24) 86 76 5 (73 50 39 4) 81 (74 40 83) (38 68) (46 77 2 3 36 1 51) (13 67 17 14 28) (69 6 72) (82 23 58 48 53) 85 (29 12) 16 (88 32) 60 57 (19 41 43 26 56 11)
21: 49 (81 4 48 43 73) (14 39) (10 26) (42 7) (32 82 2) (17 50) 23 (37 79) (16 72) 53 86 (6 57) (5 58 3) 67 28 (80 36) 19 (46 45 85 12) (83 38) (77 54 76) 40 11
22: (65 73 58 67 19) (85 28) (57 14 83) 17 (53 2) (55 9) (42 29 41) 7 50 39 40 26 (43 77) 54 (32 71 80 75) (5 52) 86 (51 23 38) 16 72 (36 37 82) (74 68) (1 48) 12 (22 4 10) 45
23: 14 25 2 (7 73) (32 13) (67 68) (24 40) 61 50 (83 42 22 80 37) 20 38 23 (86 82 77) (48 85) (60 62) (43 5) (78 64) 69 (18 26 12) (39 28) (16 49 81) 3 17 33 72
24: (20 29) (2 37 67) (81 83 54) 26 (14 23) (19 7) (39 50 53) 72 (68 4) 11 (71 85 57 87 46) (38 45) (17 16) (24 32 1 12) 6 (86 73 28 40 58 44 82) (74 49) (56 5) 69 48
25: (37 67 29 18 26 43) 71 (32 22) (34 7 51) 50 (3 73 55 45 11) (85 17 82 80 78) (81 8 2 28 86 87) 61 (10 83 4 31 77) (42 16) (72 47 39 36 23 44 48 12 5) 54 68 (49 53) (19 38)
26: (75 56 40) (85 32 11) 67 42 23 26 5 2 70 50 (19 47 44 22) 13 14 48 (73 74 20) (60 55 77 12) (72 38) (81 58) (25 69) 1 (59 10 7) (54 87) 4 (71 80) (45 76) 79 (82 68) (57 39) 3 17 (16 49)
27: (85 73 50 3) (37 16) (14 26 31 38) (83 49 2 32 68) (36 45 10 48) 58 72 53 51 42 86 (17 54 24) 75 (5 82 13 39) (67 76) (11 4 71 79 80) (57 19 44 81 12)
28: (24 44) (27 67) (49 54) (68 37 87) 4 (19 59) (17 23 3) (39 50) (16 43 72) (14 42 76 11 38 5) (83 7) 2 73 82 81 78 (26 88) (47 32 8 74 48 34) (45 41 1) 10 (12 55 77) (29 69 20)
29: (72 5) 16 (48 29 83) 10 37 22 13 14 (50 33 7 78 36 44) (52 82) (67 65) (38 4) 45 86 (12 76 19 77 26 68 81) (28 1 42) (47 85 39 71 2 24 11 75 32 54)
30: (2 78 43) 38 (58 23 1 37 76 55 83 42 14 11 31 79 80 87 64 45) 66 (67 65 90) (33 32) (44 36 7 48) (51 49) (72 85 54) 69 (17 5 57) 40 (3 50 4 21 12 82) (26 16 77 81)
31: 7 (38 44) 78 13 (87 42) 23 61 (32 86) 72 5 (83 60) (17 81) (50 49 10 1 2 47 39 8) 48 (19 14) (76 68) 58 (36 21 3) 69 (22 40) (16 46) 4 45 73 77 26 (12 85 37 71 82 80)
32: 42 (25 19) (53 58 4 64 74 43) (3 48 40 22 17) (9 31 37 60) (85 38 24 68 5 69) (82 80 35 81) (20 49 39 23 13 57 73 16 86) (18 11) (26 72 30 33) 51 (54 2 46 45 83) (75 32 50) 76 (77 87) (7 67)
33: (20 6) (88 57 45 81 3 86 49 17 60) (54 78 46 79) 24 (39 82) 37 (29 19) (38 76) (13 23) (5 83 44 53 64 48) 11 58 (40 85) 42 (65 77 4) (16 50 61 73 67 12 2) (72 7 26) 10 (14 1)
34: (43 16 37 49) (48 85 77 5) (33 24 12) (82 47 26 81 14) (36 58 25) 18 17 (40 4 75) (71 1 35 54 13 55 51 88 42 2 39) 76 (9 67 65) (72 23) (45 38 70) 83 (87 32 50) (19 68)
35: (14 32 24) (50 83) (19 44 39) 2 (33 55) (90 57) 36 (58 5 49) (28 85 16 64) (75 74) (51 47) (72 81 18 23) (86 10) (54 82 48 87 22 38 12 46) 17 (67 4) 68 69 (7 77) (42 45 1 53) (26 37) 11 40
36: (50 21) 38 12 78 (58 44 1 35) (36 19 86 54 33 77 81 48) (74 85 42 82 45 13) 80 (22 4) 39 57 69 47 (2 32 37 72) (71 26) 9 (11 16) (68 90 28 5) (7 10) 17 14 29 67
37: (44 83) (24 50) 45 36 (86 4) (29 61 55 14) (17 22) 5 39 12 (76 69) (66 43) 18 40 (20 53 2 58 30 16) (7 19) 48 57 (68 47 80) 37 (82 10) 73 (81 54) (26 77 87 71 72 11 38) 49 32
38: (61 2 79) 68 44 (11 16) (51 7 43) (17 50) (90 22) 80 (36 86) 10 21 70 (60 45 12) (81 48 57) (23 67) 38 (54 53 25) 29 5 (4 6 85 32 58 49) 72 77 (40 47) 62 42 (14 76 82 1 27 28) 3 (26 65 73)
39: (21 68 72 58 65 24 85 44) (46 70) 88 73 42 37 11 7 (30 45 28 38) 10 (20 48 54) 3 (2 16 50) 26 12 (81 49 56) (1 19) (69 22) 86 (40 14 17 77 5) 87 67
40: 18 (42 14) (74 26 72 75) 79 2 (33 83) (47 11 10) (77 3 78 4) 37 (17 48) (12 58 45) (81 54 73 69 22 7) 24 (49 59 86 70 56 80 5) (36 51) (50 82 32 68 44 16 38)
41: (40 58) (3 55 70) (64 23) (86 26 30) 17 6 82 10 (48 68 32 33) (50 73) 31 (39 72 81) (56 53) (43 85 37) (16 90) (77 1) (44 7 5) (67 29 4 2) 51 (69 38) (24 14) 19 45 (11 12)
42: (82 12) 56 (74 45 55 22 58 87) 86 44 (36 46 67 10) (68 70) (54 14) 81 (48 79 80 73) (47 19 2 32) 50 23 51 (60 16 85 40) (62 49 39 5 3 28 57) 72 (29 17) (1 77) (83 4 37 26)
43: (72 68) 22 (54 47 13) 81 (63 7 56) (9 17) 50 75 (84 1 5 69) (90 82) (85 38) (19 49 12 73 36) (26 23 58) 51 79 24 67 (2 86) (42 77 48 43 88) 14 37 (40 53)
44: (22 19 42 35) 65 (82 68 83 43) (36 53) (33 16 32 2 26) (37 14 4 9) (39 72) 44 (48 86 87 75 17 67) 49 59 (73 12) (34 60 50) (77 5) 81 45 (62 54 46) (76 7)
45: (82 2 76 81 16 43 1 3) 5 44 83 17 85 (58 69 72 90 35) 22 (45 50 10 67 20 38 40 87) 75 57 26 (77 11) 71 14 74 (23 56 68 53 19 48) 65 86 49 (73 55 12) (28 64 4 54) 32
46: 29 (16 36 39) (72 64) (7 26) 65 (46 17) (57 73) 38 (77 10) (48 3 81 82 78 80 23) (58 68) 14 (53 19) 1 54 (2 71) (32 69 11) (42 63 41 18 50) (37 76 5 74) (24 55) 85 (70 67) 86
47: (37 26) (48 42 19 5 65 2 22 86 40) (29 85) 4 16 (11 72 83 74 69) (24 13 80) (60 23 17) (55 50 45 87 81) (31 58) 10 77 (49 47) 32 (36 39) 73 46 (43 82)
48: 50 71 (23 5 81 10 39 77) (36 26 68) 67 (48 73 14 56 17) (32 45 82) (58 18 49) 16 (11 1) 47 (86 22 38 20 72 41 42 85) 65 46 (57 51) (40 37 54 3 13) (19 29) 28 2 (74 4)
49: (26 41 5 1) 3 (35 29 88) (67 47 17 19 73) 7 (39 37 79 83) (24 2 38 78 85 74 8 54 30) 69 (86 40) (72 82) 4 46 61 (50 43 16 68 56) (81 32) (10 13) (36 12) 44 42 (11 48)
50: (32 29 18) (46 72) 86 (79 87 73) (38 13) 17 83 (55 54) (80 2 68 77) (5 50 82 20) (44 26 1 74 30) (45 39 90 16) (49 75) 8 (23 81) (36 3) 67 (12 60) 4 (42 48 19) 85 (37 28 76 69)
51: (2 86) 9 (81 3) (50 40 4 85 48 67 60 84 68 19) (28 39 44 29 43 17 49 76 83) (12 37 10 77) (38 53 80 72) (73 14 32 5 58 11 1) 82 26 (25 16 7 61 13)
52: 17 (57 50 58 68 81 7 67 4 3 54 12) 5 (37 1 75 23 79 82) (88 40) (49 48) 43 (72 77) (60 42) (45 85) 13 (26 46 39 86) 11 19 (29 30 74) (2 36 80) (10 56 65 28 24) (16 47 18)
53: (87 10) (40 68 47 35) (18 57 32 19) 42 (39 61) 73 (81 17 54) (1 85 7 56 49) 77 9 (16 4) (14 28 74) 53 (37 76) (5 66 72 48 50 67 11 29) (58 2 82 45) (22 78 12 3)
54: 47 29 (50 41 2 30) (67 82 54) (42 36 10) 72 (84 45 24) (19 3) (38 81) (77 39) 49 46 (26 1 90 17 43) 13 (12 51) 23 (86 73) (85 28) (55 48 32 71) (68 14 16 58 5)
55: (38 58 80 68 47 72 22 12 54) (11 2 51 13 79 39) (31 55 42 27) (73 88) 48 (28 5 14 67 32) (44 57 4) 37 49 (82 50 81 23) 26 (43 45 65) (71 1) 36 90 3 (16 17 85)
56: (73 7 77 83 4) (81 30) (1 26 16 54) 50 (72 74) (67 48) (39 46 22) (86 2 37 5 14) 76 (47 41 32 55) (82 90 49) 12 (18 40 36) (38 45 80 17 58) (10 3)
57: 39 (17 81) 32 (42 83 22 86 82 88 7) (87 67 77 60) (1 53 12 58 14 38 26 79 68 20 33 16) (65 49 11 5 2) (45 44) (13 23 37 85) (3 25) (73 19) (40 56 43 50 4 48) 51 (46 10 72 57)
58: 37 75 (32 87) 45 28 10 (81 24 17 1 16 51) 27 (42 26 69) (68 76) (48 39) 44 55 (31 23 65 54 50 86 2) 85 (20 73 82 49) 19 (7 5 72 38 12 3) 41 14 (56 77 22 58 4) 74
59: 40 50 (86 88 46 7) (42 44 85 12 36 77) (24 4 64 80) (67 16 54 37 19 82 60 45 74) (56 76) 5 73 (81 14) (83 49 32) (11 48) 39 (51 26 72 23) (57 90) (2 58) (68 13) 65
60: (10 74) (57 38) (67 47) 37 80 (42 17 14) 48 (24 68) (49 19 36 41 75 58) 22 50 (16 83) (39 32 87) 55 7 (76 46 81) 77 31 (21 3) 12 (85 26 2 73 1) 86 (60 82 88 72 71 40)
61: 20 (86 90) (68 50) (77 22 71) 56 (29 16 3 26 78 37) (84 48 42 10 39) (79 49 58) (74 82) 13 45 11 (83 46 64 19) 44 2 (12 5 67 32) (7 9 81 38 85) 72
62: 68 (58 82 39) (78 86) (73 49 32 2) (26 14 64 29) 27 (23 7 83 72) (48 13 3) 53 12 (50 80 69 46 81) (47 61) 5 74 36 (67 54 45) 16 (85 44 57 4) 37 (11 70) (51 19 38 33)
63: (48 88 28 73 26 47 7 55 16) (82 6 42) 52 (77 12 1 36) (23 38 54) (18 67 45 70) 22 (49 87) 64 (11 3) 5 (72 4) (79 2 81 35) 40 (50 44) 10 (19 39 32 17) (68 90) 58 24 (41 43) 75
64: (85 26 28 10 16 72) 81 (5 32) (7 54 2 1) (68 86 23 13) (12 48) (21 71 78) (50 20 38 19 65 57) (76 8) (67 11 43) 42 39 (36 40 83 74 17 58) (4 45 14 47 44) 3 37
65: 79 (13 49) (68 17 86) 2 (50 5 70 45 38 42) 85 26 14 (16 64 32) (72 81 12) (39 58) (82 67 11 1 51 55 4 22) (88 73 75 48 3 54) (28 36 57 44 76 74) 19 47
66: 54 (12 51 5 3) 87 (2 49 73 26) (4 65 37) 64 (39 14) 85 86 (74 45 38) 75 68 (42 16 76) 18 81 (36 10 67) 52 (17 29) 7 (50 40 57 19 58 24 72 46) (41 80 48)
67: (39 54 14 81 43 19 68 32 85) 2 (51 65) (16 55 36) (4 26) (45 7) (58 37) (46 20) (76 12) (48 5 73 6 50) (42 75) (1 18 72) (80 83 44 67 56 38) 17 23 (79 77) 29 11 82 (22 13)
68: (5 68 49 3) 32 (7 6 61 75 26 46) 81 10 51 44 50 48 (64 73) (14 40) 4 (12 47) (56 17 72 65 83 23 38 85 11 36 2 45) (16 19 58 82) (39 18 13) 86
69: 50 (82 58) (7 39 65 1 17 72 16) (24 86) (80 11) 81 (45 13) (57 68) (73 85) (53 5 22) 54 (6 49 19 3 4 67 88 48 23) (56 10 28) (12 38 26 2 69)
70: (23 52) 1 32 (67 12) 27 (37 18 48) (9 73) (76 42) (50 6) (68 79 74 49 16) 59 26 24 (39 58 8 14 10) (82 86 46) 31 (2 53 38 45 11 25) (72 80 90 47 36 5) (17 69) (54 81)
71: (34 4 50) (53 37 58) (75 19 16 65) (85 48 28) (78 70) 72 40 77 (11 10 2 54) (74 79) (5 3 76) 39 (1 38) (82 81) 12 71 32 67 (45 21 24) 55 86 26 29 (47 31 68) (49 17)
72: (72 76 68 87 23) 69 (2 32 86 51 80 37) (1 29) 71 (5 38 17) 44 (81 45 40) (11 26) 48 36 39 6 (60 31) (22 54) (16 49) 67 19 (53 50 74) 73 61 3 7 (65 4 46) 82 58 (83 85)
73: (33 43) 81 (76 38 56) 45 (1 66 58) (32 19 12 11) (17 85 70 16 55) 18 (2 30 26) (90 8 7 50 39 37) (48 71) 40 (54 77) (80 44 82 73) 74 (86 72) 14 (68 6 75) 4 49 23 (5 53) (51 3) (13 41)
74: (81 22 19 41 85) (11 73) 48 (24 56 79) (28 17 3 53 86 5 26) (32 2 40) 8 (54 58 50) (47 16 37 39) (78 82 12 71) 72 (10 1 76 42) (60 55 14) (13 84 38 43 83 45) 23 44 (68 64)
75: 69 (12 24 46 64) 89 (81 5 10) 29 31 35 (62 40) (53 15) (50 39 38) (83 52) (58 3) 22 (56 2) (77 86 20) (44 82) (32 49) (47 16 7 14 36 72) (80 57 45) 60 (85 43 19) 48 (76 67 17 11 55) 33
76: 82 79 (37 16) (33 22) 7 75 (42 26 21 69) 74 40 13 (83 43) 51 (50 11 57 18) (32 1) 6 (77 38) 80 (56 67 58) 45 (5 12 19 65) 85 (55 10 4) (49 39 17) 72 (14 3 2 61) 54 (70 48 23)
77: (3 1) 43 (24 5) (39 54 82 33) 70 44 (77 65 25 10 49) 78 (48 80 32) (73 4 19) (75 57 67) (72 7 85) (68 56) (26 50 45 38 81 22 2 42 36) (86 9) (16 14 37 27) 23 (18 40 13 34)
78: (40 17 86 22) 76 (53 73 5 14) (49 16) 47 (71 68 25 60 78) 43 (23 54 12 72) 19 (69 11) (81 85 32 1 64 65 79 67 90) (48 45 46) (58 30) (2 29) 51 (42 37 82 26 87) (4 38) (83 10) 50
79: 23 17 (61 69 83 12) (79 18) 55 (68 90 14 16 32 38) (39 49 40) (81 50 1) 42 (77 51) (37 58) 82 (22 56 67) (85 75 5 4 48 65) (35 13) (71 72) (30 2)
80: (56 37 65 28 58 50 75 22 14 5 48 2 45) (55 12) 88 19 (42 57 26 62 54 32 44 39) (1 20) (24 82 72) (81 76 38 53) 85 17 (31 70 67 80 23 49 30 78 61 86) 69 40 16
81: 41 (12 51 10 19 85) (87 9) (75 67 16) (20 38) 72 (58 71 73 4 42 57 17) (32 2 86) (56 48) (49 39) 68 (1 37 29 82 40) 7 (24 13 50) 81 (26 53 5) (90 35 3) (45 74 36 54 23)
82: 53 88 12 (83 23 16 32 11 37) (68 42) 7 (26 69) 2 (29 78 60) 76 (86 13) (81 85 82 61) (14 54) (48 50 72 49 5 18 44) 4 (6 57) 75 38 (77 39 17 36) (10 40 67) 19 (22 74 87)
83: (64 29 86) 57 (10 47 82) (49 44) (39 36 11) (83 3) 35 (48 50) 4 (73 9) 26 (30 5) (17 58 51 76) (68 22) (42 80 81 72) (24 90) (14 38 16) 55 (19 2) (12 37) 56 67
84: (61 37) (80 76 46 27 49 42 50 29 26 3 58) (83 38) (72 23 45) (4 17 53 43) 7 22 5 (67 73 32 36 2 48 82 1) (6 75) (85 28 54 74 11 16) (10 81 40) (55 14 39 86) 19 (30 65)
85: 44 (43 75 47 60) (85 51) (14 83 76 50 4 58 42 3) (48 16 2 38) (64 86) (72 69) (49 32 65 40 12 81) (74 5 24 29) (82 46 39 71) 1 67 54 (80 37 68 17) 77 10 (11 78 19 6)
86: 55 11 17 (50 58) 56 7 (14 74 64 59 23 88) 72 (82 49) 78 (48 44) 16 (13 73 12) 69 (54 19 52) 67 (77 5) (39 32 42 2 81 36 38) (53 4) (86 47) (80 28) (8 26)
87: (22 28) 41 16 (82 7 73) (57 11 44) 70 (71 4 12) (26 38 86) 1 (69 60) (32 81) (46 58 17 45 78) (50 67) (61 29) 52 47 68 49 36 (40 72) (39 76 42) 31 13 2 48 85 (6 5 23)
88: (81 82) 80 70 (36 43 39 67) 72 (86 7) 42 14 45 57 54 68 (11 5) (6 16) 23 22 17 24 3 (85 12) (51 2 53) (20 49) (79 73 28 26 37 32) 58 (48 87) 38 65 (50 78 9)
89: (58 82) (7 67 12) (38 90) (2 68 28 37 47) (79 24) (81 26 19 75) 80 48 40 13 6 8 (61 64 51 44) (14 3 42 16 73) (77 45 72 36) (4 50 86) 43 (54 39 32 5) (85 30) 11 46 60 (1 23)
90: 36 (86 54 45 12 52) (29 77) 78 (2 38) 41 (62 39) (31 72 57 11 56 47) 75 4 74 33 5 (30 82 14 16) (65 49) 46 69 (79 50 7 81 18 68) (48 23) (26 34 85 32 67 55 24) (25 60) 3 40 (6 17) (58 44 51)
