90 90
1: (23 55) 41 42 (68 79 61 58 82) 19 (57 51 50) (34 8 3 47 46) 83 53 (22 38) 90 (35 25 88 73 27 62) (4 17) (24 12)
2: 37 (36 46) 62 12 69 29 (83 61) (67 35 18 44) 55 (60 50) 19 30 (41 8) (48 26) (63 79) (22 51 14) (73 4 72 27 21) (54 45 15) 11 43 82 (81 5 84 58 74 16 31) (23 65 9 66 70 76 42) 80 (40 68) 39 6 (2 32 88) (34 90 86) (47 59) (7 52 1) (24 56) 87 28 (64 10 13 25 33 38 85 49 78)
3: 9 (74 86) (62 54 17 58 77 19 72) 82 81 (43 63) 1 (88 48) (33 27) 42 70 (67 20 41) (13 55) 73 87 80 5 (32 7 15 36 60 53) 45 (57 12 28 18 25)
4: 36 (32 49 10 39) 78 (76 58) (29 22 19 33) (72 82 43 35) 30 51 (28 6 18 37 83) (66 42) (80 40 88 24) (54 55 90) (20 12 21 8 13 46 44 7) 34 (14 2 16) 38 79 (47 5 45 60 17) 77 (1 65) (11 86 61) (69 48) 56 (68 74) (59 4) (71 85) 15 (57 41 73)
5: (5 59 82 54) 58 (78 35 27) 64 (3 47 56 30 62 39)
6: 39 27 14 (72 60) (45 86) (44 50 20) (68 8 78 51 40 38) 58 26 (87 65) (12 28) (70 1 53 57 67) (43 9 66 3) 61 (75 34 47) 24 (10 64 5 31) (85 54 4) (21 41) 55 36 (17 19) (13 32)
7: (87 69 4) 12 (41 66) (23 6) (78 46 50) 31 75 (58 57) (62 1) (29 54) (48 34 42) (63 19 73 80) 8 (64 15 51 24) (86 59 82) 74 28 3 (20 14 32) 53 (10 30 83 60 72 55) (36 68) (43 2) 39 21 (45 18 17 61 38) (11 52) 7 (26 81 35 56 88) 67 65 16 (40 71 79 70 77 47 76 25) (22 44) 13
8: 11 (88 44 7 83) (71 45 9 60 34) (22 24 78) 74 (48 85) (21 86 14) (69 72) (62 40) 87
9: (31 72) (81 63 4) 21 1 89 (12 9 43 48 20 39 68) 54 (37 78) 28 (88 85) (57 34 40 44 82 14) 19 7 (16 75) 67 69 18 (61 80) (45 71 29) 64 62 5 11 46 32 50 (53 66) (15 8) (2 90 47 6 65 56 84 10) 42 25 (70 41 83)
10: (38 61 81 17 62 13 14 55 37) (59 82) (28 30 56 41 69 88) (51 85 12 6) (68 65 45 84) (75 29) (74 5) 1 (89 27 54) (70 71) (33 52 73 39) (87 26 19) (40 10 72 21) (47 3 64 32) 9
11: 45 (56 74 50) (44 70) (57 41 6) 83 11 39 (66 18 90 35) (31 53) 2 4 (49 27 43 62 32 54) (46 78 21 52 5) (37 76) 77 17 79 (24 69 30) 55 (64 7 12 34 8 80) (51 28 65 9) (10 87) (86 3) (67 1 73 60 19 42 23 68) 88 59 15 75 (13 36) (29 38) (47 85 81 16 14 63 82) (33 48 20) 40
12: 81 (2 24 76) (65 51 71 40 41 33) (29 22 73) (75 70 17)
13: 66 (38 69) 11 (28 45) (49 47) (37 88 60 17) (25 12 19 53) (59 39 15 16 40 13 55) 76 (85 21 42 34) 32 61 10 (8 74 83 1 63 31 75 65 80) 9 87 33 (5 4 64 44 72 23 22) (6 68) (81 41) 14
14: (85 31) (16 43 56 32) (80 86) (25 48) 6 52 (77 9 82 83 89 90) 33 3 78 (55 65) (20 71) (22 45 30 64 66) 50 13 49 (24 44 88) 73 72 (81 11 63 87) (35 5 26) (8 39 38)
15: 70 89 (81 51) (30 62 79) (41 78) (39 64) (77 87) 50 (71 10)
16: 88 55 (58 26 8) (51 66 40 87 86 5) (71 46) (39 32 64) (50 45 36 24) 16 35
17: (37 6)
18: (38 20) 33
19: 28 (89 38 70 36 22) (79 90 5 58) 71 60 (75 18 53) (86 19 32 15)
20: 34 (86 61) 68 (36 77) 63 (50 39 42 62 45 54 24 65) (2 81) 30 (18 11 28 59) 52 (76 64 83 51) (79 33 26) 88 (85 90 48) (12 72 17) (43 31 10 87 55 69 84 19 38) (27 70 41 89 35 60 3 57 58) (56 78) 53 (9 1) (82 23) (14 7 16) 67 (5 20 46) (73 80 15) (8 21) 74 (49 4 6)
21: (90 69) (14 30) (33 10) 48 52 (42 51) (74 2) (23 78) 89 16 85 62
22: (76 87) (73 50 39 86) 19 (54 51 60 74) 38 80 26 29 17 (61 7) (62 88 3 32 49) 57 (9 37) (12 52 13) (48 78) 6 (33 1 23 20) (27 72) 81 85 (43 40 10 45 8 90 70)
23: (17 8) (88 27 58) (78 40 15 28) 43 (13 69 10) 72 (34 32) (24 39) (14 70 36 66 11) (79 75 25 60 84 6 59 21 30) (65 44 46) (35 33 83 68) (56 49 77 89 20) 22 (29 67) 2 (73 38) (55 61) 85 (74 76 64 12 5 45 48) (81 26) (7 19)
24: (72 88 30) 9 36 (31 35 87 44 11)
25: (80 29) (66 49 60) 61 (51 47 28 9) (82 39 72) 1 (89 71 8) (45 42 67 68 12) (52 56 83) (70 40) (5 6 33 86 3 10 59 19 85 23) (75 78 54) 69 15 (35 74) (37 27 13) 53 21 73 38 (65 22 84 77 46) 18 (79 36 58 90 17 14 63 55) 20 (81 76 41 34) (44 26 50 16) (48 11 62)
26: (42 10 63 33) (87 36) 85 (58 9 34) (30 8 81) (46 18) 68 32 (71 26 84) (50 72 44 6 23 35 31) 13 59 (65 53 56) 82 (79 5 40) (89 67)
27: (76 36 25 57 21) 85 4 (41 48 83) 52 (31 61 28 46) 1
28: (35 50 60 4) (39 65 9) 41 17 (13 58) (18 55 72) 76 56 (66 85) 80 11 (69 74 54) (20 82 53)
29: (45 90) (25 81 70) (10 85) (84 79) (50 88) (46 4 12 61 76) (38 43) (87 1 6 53 15 86) (19 16 32) 20 (40 27)
30: 23 60 (19 63)
31: 75 (77 16) 20 10 (28 8 78 66) 58 (40 71 82 73 47 34) (25 1 38) 12 76 2 (87 26) (67 62) 6 46 59 (18 19 69 72) 81 (27 84 83) (42 60 51 31 5) 32 86 (35 15 90) (68 17) (64 30) (49 11 57) (23 7) 44 (50 33 48) (53 3) 61 (9 63 45 80 43)
32: (56 7 80) 75 (40 23 2) 42 22 19 (76 15 32) (65 61 79 59 16) 30 1 (68 33 78) (85 60 29 8) (37 77 82) 45 70
33: (58 77) 33 (67 54 84) (32 44 4) 42 (48 2 74) 60 (88 82) 14 (21 36 63 61) (20 75 11 12 41) (78 59 15 64) (76 56 81 85) 6 (28 57 87) 13 (16 49 46) 37 (50 17 38) 23 (89 18 30 80) (52 8 45) (43 53) (1 29 55 34) 90 (71 51 86 62 69 39 25 47) (10 70 24) (7 66 35 65) (26 31 83) (3 40)
34: (32 10) (46 17 47 6) (50 48 74) (16 57 76 49) 75 (29 30 18) (43 23) (41 44 13 62) (11 37 14 9 58) 19 (67 89 12 36 39 85) (63 53 88) 51 82 (66 84) (25 5 56) (8 78 81 42) (72 2) (22 40) (31 68 77) 64 (54 60 69 45 28) (79 65 33) (55 80 34) (90 26) (83 21 24 73) 3 (59 27) 4 (52 20 15) (35 38 61) (87 86 7) 1 70 71
35: (31 7 12) (70 87 88) 64 66 45 (53 68 41) (10 3 8 52 54) 63 28 (61 84 29 6 40) (21 4 23 55) (2 26 56) 81 (67 89) 86 69 (76 25) (48 71 18) 37 (43 38) (49 9)
36: (81 54) 52 64 22 90 (14 29) 89 (38 68) 10 (86 71 37) (74 2 40 59 15 36 75 34) 88
37: (27 21) (30 52 8 56) (11 47 87 36)
38: (26 67 55 10) (54 42 59 18 35 20) (43 9) 50 (69 44 25) (23 14) (56 8 24) (52 81) (36 68 70 83) (40 1) (49 79 78 31) (66 72 88) (21 64) 11 (27 38) (87 15) 90 (75 41 30) (51 47) (61 53 3 39) (17 32) (13 4) 63 (46 62 89 80 29 33 77 5 19 74 73) (82 76 7) 65
39: 1 (4 39 74) (14 34 70 25 61) 76 (59 60) 5 19 (83 85) (77 88 81 44 51) (78 37 33) 11 49 80 43 10
40: (75 42 19 21 65 22 24 1) 30 (16 51 3 87 33) 63 (39 62 48 83) 18 (11 10) 50
41: 62 (47 56) 35 4 5 (11 13 61) (67 45 18) (50 65 42 74 52 36) (86 38 89) (80 30 70) 34 (29 51 33 46 39 20 72 49 37) (24 7 69 88 3 63 2) (79 53 31) (85 23) 9 (6 16 1) (58 76) 81 (22 32 83 84 15) (41 66 54 90 27 71 17)
42: 70 (86 16 26 1) 74 (67 13) 2 (39 78 72 6 37 29 83 31) (87 58 62 19 36 68 14 17) (45 34 76 46) (18 40) (43 66) (33 51 63 52) (57 80 47 38) 48 (23 60 30) 11 (21 10) 32 (69 5 15 73) (49 41 81 8 54 84 4) (75 28 12) 71 (35 9 27 79 55 50 3) 85 25 44 53 (59 56 88 7 22 90) (24 65 82 64)
43: (58 5 55 77) (52 69 90) (36 73) (16 12 20 34) 54 (50 82 18 80 43) 25 (79 75 38) (10 19) (71 88) (23 84) (61 51) (42 7 86 44 6 46 83 33 59) 49 85 (24 41 45 2 81 14) (8 26) (56 48) (57 37 87 78 89 9 17) 35 66 (29 40 15 70 31 65)
44: 48 (73 53) (87 85 18 4 82 8) (27 35 88 34) 14 (81 62) 60 3 (15 12) (66 39 59) (77 36) (58 65 16 19 17 61) (52 40 79) 9 (83 31) (89 1) (43 29 86 72) (21 42 50 51 38 76 74) 80 (57 11) 13
45: 9 8 45 (35 43) (21 81 55 88 69) (78 57) (84 29) (11 36) (38 4 6 3) 14
46: (87 68 45) 26
47: (44 47 76 86 61 80 88) 41 (11 5 8) (84 60 46 58 20 10 87) 13 (19 26 82 43 16 75) 17 (37 51)
48: (77 55) (44 60) 79 (87 54) (1 83 22)
49: (84 42 2) (90 19) 44 (25 68) 85 (14 56 89 39 54 49)
50: (27 39 17 77) (90 33 49) 52 (38 48 54 73) (43 80 75 71 58) (23 72 41) 4 1 70 (26 64 6 11 57 47 53) (86 18 65 45 19) (60 61 37 84)
51: (18 64) (74 23 72 76 17 50 62 87) (22 51 19) 25 (67 59 65) (32 57 8) (89 26) 31 (33 24) 86 (78 43) 9 16 58
52: 31 (39 48 9 54 49 71) (53 82 23 2) (41 51) (59 30 66 60 7) (76 79) 8 (68 47) 22
53: 60 10 53 47 35 46 (67 61) (57 21) 56 58 14 (80 26) (16 12 70 18) (41 37) (5 74 43 48) (54 87) 83 15 (24 81) (29 77 42) (39 40 51) (49 86 27) (38 32 36) (75 2 90 25 84) 45 (88 1) (64 8)
54: 17 20 (60 89) 7 (49 52 45 71) (69 2 41) 81 (76 6 44) 79 (58 4 51) (73 42 78) 75
55: 62 (49 57) (43 42 72) (77 73 64 35) (2 20 75 48 56 3 12 9) (88 83 78 11 22 40 8) 29 (45 82) 6 65 55 50 37 (87 36 24 58 26 18 21 59) 80
56: (24 77 12) 6 (59 3 90 64 17) (67 34 36 78 87 81) (28 69) (18 72 35 58 56) 32 39 8 42 80 (43 55) (51 88 62 5 37 53 60) (65 52 26 83 11)
57: (32 63) (46 2 41) (84 79 13 43) (78 85 25 77 38) (39 1 7 68) 29 (24 3) 42 (86 18 21 83) (82 30 75 70) 44
58: (80 6) 38
59: 21 (50 67 55 65 64 56 28) (20 58 10 32 5 39 60 84 66 89) 7 (62 51 47) 25 77 34 8 (9 22) (3 44) (42 37 13) 31 (59 57 11 2 54 48) 16 (90 88) (73 72 81 74 23 46 4 76 86) 85 (49 61) (52 70) 45 38 (82 33) 79 29 (1 15 80 36) 35 (30 6) (12 75)
60: 72 (40 31 49) (81 25 4) 26 73 (65 12) (66 6) (64 22 84 75 74 37 24) (20 29) (51 14 33 21 18) 46 57 (44 50 70 59 60 43) (11 77 69 89) 53 (23 55)
61: 39
62: (65 67) 11 (4 89 61 81 72) (66 23 5 21) (78 25 22 35 12) (6 62 55) (9 57 73 40) 32 (28 85 3) (43 80) 36 (60 29) (53 50 74) (82 16) (8 87 71 42 2 41 58 86) (14 68 46) (30 13) (51 31 10 24 1 63 64 56 26 27) 59 (18 88) (15 20 48) 54 (17 76) (19 47 83) (49 52) 39 33 (84 77)
63: 66 20 (28 5 79 37) 18 (1 77 64 57 51 40) (55 10) (36 16 61 38 69 67 25 34) 29 (82 74) (86 41 54) 26 63 32 24 9 (45 46 84 3 73 50 68 83 6) 62 75 80 (11 81 22) (44 27) (71 85) 21
64: (6 81 47) 22 (25 19) (64 37 74) (3 38) (36 55) (14 48 16) 89 69 (45 63 4) (65 17 31 82 71 54 28) (34 76 87 9) (57 13) (41 5 85 88 20 66 72 29) 2 79 42 27 44 (52 33 51)
65: (34 8 44 18 56 64 6 66 67 87) 70 (84 23 19) 75 (32 45 61) (40 55 31 27 24) (3 65) (22 86) 39 89 59
66: (23 14) (30 66) (42 87) 73 (40 39) (45 90) 41 (11 88 51 49 2) (59 44 26 79) 57 (28 10 47 48) (68 5) (81 80 32 58 21 16 78 74) (63 84 3) 67 24 36 6 (4 77 75 15 13 17) (20 1 29) (71 70 62) (8 56) 31 52 43 (72 61 9 37 7 34 55 33 60) 50 38 (27 69) (82 53) (65 18 54 25 83) (64 19 86 22 85 35) (89 46 76)
67: 32 (54 60 90) 48 51 (36 7) 43 34 (80 13 38 74 29) 21 (24 16) (25 62 28 84 67) (47 68) (69 58 79 5 78) 1
68: (65 66 25) 85 80 15 (33 14) (28 51 1 44 82) 67 77 60 42 62 (5 37 19 69 64) (47 48) (41 23 21 38) (26 84) 52 (35 16 79 27) 10 (45 4 18 53 78) 7 (86 87 81 55 68) (59 74) 6 54 (31 49 73) (90 20) (71 56) (22 39)
69: (64 57 23 15) (37 86) (84 24) 2 (79 54 5) 41 13 (12 33 73 48) (1 65 14) 10 71 43 (76 38) (34 17 46) (58 4) 40 (56 51) (35 44 31 85 60) (74 78) 19 45 70 11 25 (3 18) (8 80) (66 72 28 21) (77 36 52 9 20 55) (42 50) (53 82) (69 30) 27 (87 88 90) (61 29 26) 7 49 81
70: (22 32) (33 12 75) 86 (24 57 50 9 34 90 64 80) (16 56 51) (79 41 31) (76 38 21 69) 54 27 (17 87) 20 (77 85 39 10) 59 (74 25 55 81 67 78 2) 23 89 61 11 (66 63 42 36) 48 (4 43 26 71 84) 68 45
71: 9 (51 27 13 80) 82 (89 64 34 14) (52 53 76 25) (4 47) 61 (69 26 54) 15 45 (81 3) 86 20 90
72: (90 77) (56 85 68) (42 13 37) (11 48) (78 23 34 17) (21 83) (67 40 60 54) (43 16 1 70) 53 66 (38 41) 71 87 39 28 (62 88) 73 (74 26) (36 57 14 5) (59 84) (4 82 27) (19 65) (18 10 80) 75 (8 47) (30 51 12) 24 (3 44) (86 50) (29 72 45 89) (6 22 55) (49 58 79) 61 (31 63 33) (7 32 76 46) 35 20 25
73: (47 55) (25 37) (21 88) 76 80 84 (53 23 41 43 89 66 72) 85 (49 56 71 52 69 57) (44 81 67 74 79 33) 27 10 29 (28 14) (19 12) (26 2)
74: (65 8 7 56 90 44 40 84) 20 (79 47 58 70) 18 (6 32) 11 (87 62 48 83) (30 77 31 63) 28 59 74 82 (14 13) (53 76) (27 2 67 33 43 71) (36 21) (78 52 29) 17 (72 80) (19 42 22 4) (75 49 88 34 15) (9 89 45 23 69 41 81 3) 73 51 (64 26 55 12 46 86) (38 54) (10 5) 68 (50 60) 66 24 35 1 37
75: (74 79 13 80) 63 52 73 (55 60 76 64 84) (90 88 18) (36 50 83) (87 11 16) (62 89 51) 54
76: (18 42) 54 (88 90) 15 (4 5 6) (35 3 65 69) 67 30 41 66 (25 31) 89 (17 61) (72 73 71 38 45 68) (40 62 47 22) 49 (51 81) 23 (39 26 87 33 8 70 60 75 16) 2 (76 86 78) (32 63 21 84) 85 (46 19 27) (9 57 11 28 58 79 20 74 53 12 14) (29 10 7 83 37 24) (48 44) (82 1) (13 64 59 43 56 52 55 36 80 50)
77: 3 (28 35) 65 (69 68) 79 (76 45) (17 30 15) 32 (90 13 41 34 21 51 4 42) (87 63 39 74) 27 (86 64) (23 46 88) 8 (25 78 72 40 29 1) (33 62 11 71) 36 57 58 (19 10) (61 43) 24 (31 83 26 7) 59 16 80 (81 73) 20 22 (50 67 37 56) (5 75 2) 89 18 (60 77 82) 48 47 70 (9 44) 14
78: (38 89) 28 20 (10 39 18 52 82 86 35) (40 29 79) (70 16 57) 36 (44 15) 88 (87 69) 1 (59 3) 76 (45 41 17 34 90) (60 61 66 7 22) (26 77) (75 2) 47 68 24 (78 53 48)
79: (46 5 15 45) 74 28 (58 52 66 8 24) (54 83 31 34 56) 41 (82 62 11) 51 10 (19 26) 39 (73 81) (87 36 16 27 75) (35 38 60) (20 79 13 22) (29 7) (76 18) (4 80 90)
80: 64 (83 86 55 1 63 66 48 34) 80 (72 44 31) (13 84 7 11 5) 32 (42 60) 47 14 (40 3) (67 30) 36 (37 28 74 70 19 62 59 79 76 21 35 45) (85 69) 52 (53 88 89 81 54 75 90)
81: (22 42 39 47 25 5) (64 12) 7 (17 8) (45 13) 38
82: 63 (73 65)
83: 82 36 (16 25) (54 34) 81
84: 7 (61 85) 81 (30 68 51 15 40 3 18 67 41 87 21) (47 84 90) (64 2 16) 1 (46 82 79) 4 (29 39 74) 52 (86 5 31) 33
85: 34 (80 38 2) (62 33) (6 20 57 71) (30 16) 24 15 (48 55) (31 11 40 84 72) (22 8 1) (9 56) (61 90 86 65) (83 78 26 81) 63 (77 69)
86: (24 88 71) 17 (8 85 55) (73 84) (35 61) 7 25 (76 65) (21 83) 32 9 (66 89) (63 28 10) 53 64 (6 86 26 18 3) 16 (12 38 23 15) (5 2) (43 47 75 22 27 46) 62 4 72 79 90 (29 11 51) (74 60 48 56) (52 33 14) 49 41 (50 70 30 45 37) (19 1 42) (80 58) (44 20) 68 (40 57 69) 78 54 82 (67 36 81 77 13 87 59 39 31)
87: (50 73 36 30) (5 6 46 40 41) (65 79) 54
88: 78
89: (14 5) (43 71 85 80 61 79) (35 6 65 7) (13 41) 2 (86 81 63 11) 26 (76 70) 42 73 22 60 (53 75 89) 23 (31 88) (10 20 3 64 74 1) (25 47) 12
90: 47 (77 7 35 38) 31 (61 72) (64 87 75 40) (63 11) (10 52) (6 8) (2 14 82) (18 54) (1 60 51 48 13 22 5 79) 50 (71 4 28 56) (70 43 66 46 15 20 27) 76 (39 24) 29 (62 32 44) 78 (59 69 81) 19 (34 55 74) 65 17 (53 68 58 85) (49 73 25 80) (86 33 3) (30 88 36 21 12 42 9 90 45)
1: 27 (74 40) (90 59) 2 34 33 (20 3) (48 76) 80 (41 69) 25 (4 50) (44 89 85 29) 38 86 (39 10 32 84 68) (67 9) (22 7 11 78 72 6) (63 31 62) (53 57) 77 (66 42 13)
2: (2 35 77) 9 73 (32 36) 84 (70 57 62 34) 43 33 (85 11) 21 (69 12 55) (90 76) (66 74) (64 4 59 78 31) (49 53) (89 42 41 7) (20 54) 86 23 52
3: 1 (90 44 20 84 62) 7 (33 64) 74 (45 25) 78 71 59 (76 35) 55 41 (65 11 10) (5 42) (38 6 89 14) (57 40) (34 69 66 77 86) (31 80 56 63 22 72)
4: (35 42) 86 29 (69 6 54 90 64 9 72 39 34 20 11) 74 (2 68 27 77) (28 60) (79 33 84 7 50 71) 66 (62 45 41) (44 38) (70 59) (76 1 13 4)
5: (81 90 68 56 59) (64 2 69) (47 4) (5 74 66) (41 25 43 89) (79 42) (14 87 20 76) (67 77) 80 (3 34 72) (26 38) (13 53) (62 86 23) 9 (19 63 6) 10 (84 31 39 11) 16
6: 42 (4 14 65) 31 33 (23 17 87 26) (9 41 35) (20 90 58) (89 29 10) (43 50 60 86 85) (68 74 11 66) (34 59) (2 22) (62 45) 54 55 (63 76) (72 25 13 56) 7 64
7: (72 86) 81 66 (69 8 32) (2 77 41 20 23 52) (34 84 90) 74 (54 4) 68 (76 59) 89 (35 57 31) (42 79 67 9) (78 33 7 43) (38 3 80 11 22)
8: (11 72 20) (74 6) 13 34 (32 25) 33 (76 90 42 23 22) (62 51 81) 77 43 26 (38 56 86 45 16 14 69 9) 35 47 (31 1) 4 (7 65 85) 66 (52 37 44 55) (53 79) 2 59
9: (13 28 41) (90 59 8) (55 71 69 31 3 11 66) (52 63 22) (34 74) 62 (44 20 77) (6 38 26 51) (45 2 86) (14 24) (64 85) (43 35) (76 25) (9 42 10 70)
10: (90 63 9) 66 26 68 2 (15 31 62 70) (77 74) (33 73 10) 29 (86 47 25) (35 6 11 22 43 21) (79 72 4 76 38) 34 (40 89 39) 13 20 (59 7) 42 (53 23 36) (69 78)
11: 55 (44 50) (56 11) (31 86 69) 14 (80 77) (8 70 90) (74 34 85 76) 39 25 (89 28 47) 72 (42 66 4 24) (38 62 59 2) 23 (79 45) (20 37 60 13 7 63 33) (9 41) (40 75)
12: 42 (86 90 25 11) (89 73) (6 2 62 34 33 31 22) 1 81 (55 76 23) 4 20 13 (56 35 53) 43 59 (69 3) 29 7 70 (9 74 72 60) 10 44
13: (28 75 80 59 77 44 76 79 3 72 6 64) 41 (74 34) (47 10 26 66 81) (57 42) (86 69 4 62 2 13 38 25 14 71 22) 11 (89 90 23 33 67 7)
14: (74 62 20 25 9) (77 36) (34 68 66) 42 (4 33) 11 (89 64 49) 90 13 (38 86 45) 2 (71 60 53) 44 (80 69) 76 23 (10 21 43) 6 73 (72 7 39 8)
15: (78 77 62 34 66 13) (20 86 85) (90 84 3) (36 42) 74 (43 23 31) 44 (41 32) (76 4) (33 2 25 53) 79 7 (9 68) (71 29 38 19) 59 (11 69)
16: (66 83) 47 (11 53 72) 33 (63 43 29) (16 78 79) (13 2 70 4 68 9) (62 44) (42 51 67 76) 7 86 (34 21 77) (59 84 31 14 41 85 75 64) (40 25 32) 20
17: (74 56) 28 20 (69 43 54) (22 47 90 25 70 1 23) 34 12 78 10 (77 41) (31 76 42 66) (86 33) 72 4 64 38 (13 50) (44 62) (81 3 11) (7 6 51)
18: (79 76 28 57 63 33) 75 (3 62 55 90 42) (34 53 38 20) (9 40 31 19 74 11) (51 86 78 56) (41 84 43 50 4) (35 60 25) (65 77 44) (72 26) 69 2 66 68 7
19: (9 13 6 10 77) (31 43) 50 20 (69 64 3 90) (62 22) (25 2) (66 19) (4 1) 68 (73 29) 49 80 30 79 38 44 40 (32 76 11 74 23 47 39) 72 51 86 7 (42 34 65)
20: (43 66) (89 28 47) (59 23) 62 (86 78 70 41) (18 72 68 63 55) 29 (11 34 14 38 90) (25 69 79 22 77 60 85 74 71 76 64) (9 33 31 54) (20 3 7) (6 4)
21: (74 53 67) 63 (40 44) 57 73 (70 66 84 7 37 35) (60 10 8 72 38 9 25 55 45 34 2) 80 13 90 (76 86 77 20) (27 69 68 62 11 4 23) 42 33 59 6
22: 90 (72 52) (4 48 77) 81 (14 8) (63 64 13 7) (62 40 2 68 86) (59 66 12 1 60 89) (70 42 65 76) 19 79 (23 85 74) 25 (78 34) 36 (55 51) (32 41)
23: 34 (72 70 66) (11 62 77) (59 35) (76 42 33 22 43) 74 32 20 (41 30 2 51 65 25) (21 50) (26 86) 1 69 38 73 31 (68 60) (52 13 89 7)
24: (43 20 6) (12 11 76 8) (41 78 69 23 55) 63 (77 53 2) (38 4) (34 51) (79 74 86) (33 1 62) (72 40 16) (60 57 7) (66 85) (67 65 70) (14 90) (56 42)
25: 43 (71 67) (38 73 77 68 60 31 7 29 90 62 42) (3 13) (86 63 59) 2 (57 64 39 1) 69 14 (35 81 70) (66 9) (27 49 76 23) (72 51) (34 33) (53 83) 89
26: 73 (50 51) 33 20 (86 23 63 69 6) (74 10) (2 71 46 68 79) 31 53 76 77 85 (70 42) 78 89 (16 22) (26 60) 25 38 (66 56 35) 72 (34 14 43 7) 55 (47 62)
27: (50 64) 41 (2 73 5 77) (34 25 62 1 74) 10 3 (69 65 70) 23 6 (90 86) 53 (72 29 79) 22 (71 42 11 66 68) 63 (76 20 38 31 37 44)
28: (4 62) (19 25) 6 (66 3 72) (34 86 7 78) 20 (56 23 2) (10 80 59 27 74) (31 67 77) 35 (69 79 11) 9 (73 13) 68 (33 76 90 64 63 42)
29: (41 38 7) (11 76 53) (23 55) (33 36 45 84) (78 79 62) (4 90 12) 66 (59 64 72 9) (2 74 32 69) 57 43 (63 42) (34 44 35 73) (25 60 67) 86 22 (77 10)
30: 14 (15 40 57) 26 59 74 76 2 (21 85) 4 33 (37 80 42) (34 90 24 84 11 52 77) (10 87 20 7 38 41 23 86 5 32 69 31 72) (62 66)
31: (6 60 33) (7 35) (69 20 51) (89 34) (84 9 90 59) (26 85 2 86) 80 (74 44 65) 24 (79 64 72 13) (31 42 43 11) 27 62 (38 52 14 41) (76 70 66) 77 68
32: (63 77 53) (33 10) (31 51) (34 29) (4 6 42 65 13 19) (59 22 57 62 23) (2 74 32 80) (41 14) 86 70 (26 56) 16 (11 90) (67 7 66 76 9 38) 3 72
33: (21 22 64 73) (68 13) (62 10 76) 59 42 34 50 14 (60 18 41 90) 2 (86 3 70 38 69 25) 31 (39 72 26) 84 (33 4) 23 (32 85 43) 66 12 51 (20 11) (77 40) 74
34: (23 13) 34 (20 44 79) (69 39 11 67 33) 74 41 80 (26 8) (63 36 7 70) (71 90 43) 9 59 (65 31) 78 (6 56 25 1 72 66 85) (64 2) 77 83 4 42
35: (45 74 90 24 53 72) (41 16 78 77 20 5) (68 34) (33 42 28 44) (69 55 86) (4 80) (56 7 2 14 25 43 89 1) (26 38) 66 23 (11 59) (62 31 76 79)
36: 72 (24 37 45 59 42) (23 79) (26 4) (33 83 44 87) (63 90 27 53) 77 (78 20 86) 56 2 (55 41) 80 69 (25 36 64 74) (11 3 67 43 70 62 76 75 66) (16 19 34 7 6 38)
37: (77 47) 43 (63 36 17) 86 2 (39 33) 11 50 (9 4) (13 56 59) (10 60) (22 53) 34 (35 64 25 32) (74 80 76 68 42 69 66) 72 (55 41 73)
38: (64 13) (35 45) 68 (53 76) 7 43 90 (66 25 81) 6 (19 38) 58 36 (69 18 44) (20 11) 63 (78 41 86 2 85 31 1) (29 59 74) (57 79) (42 67) 72 (4 14) 23 (10 70) (34 50 22 33)
39: 14 (86 6) (2 84 66 53 52) (20 44 39 79) (72 78 76 50) 56 16 (81 13) 77 62 (5 61 25) 40 (41 23 49) (68 57 11 90 42) (10 34) 4 65 (28 33 38 59 22 9) 70 (7 15)
40: (87 10 26 77 32) (13 11 9) (23 55 36) (74 63 22) 86 72 43 (69 84) (78 7) (12 31) 33 76 2 (34 42 65) (35 62) (53 6 60 25) (44 4 85 80) 8 90 (29 16) (38 66)
41: (66 6 63 35) (28 11) (2 76) (64 62 7 34 73) 77 15 (50 86 54) (78 42) (47 74 52) 53 33 87 (12 4 25 72 69 84 79) (3 70 10) (68 89 57) 27 41 (13 38) 1 9 (20 43)
42: (11 9 25 13 7) (55 31 86 34 43 32 64) (62 54 59 74 49 90 72 81 66) (56 69 70 1 44 77 89) (21 33 80) (26 57) 38 2 41 (4 40) 68 (20 3) (53 76)
43: 39 (7 31 47 38 6 72 89) (34 43 11) 74 57 (67 51) 69 (77 55 44 60 4) 90 76 (9 66) (70 53 45 35 14) (33 2) (20 42) (73 62) (22 3 23 50) (56 86 29)
44: (7 6) (48 23) 66 13 (42 80 77 49) (9 24) (34 65 26) (63 72) 64 11 14 25 (38 60 76) (2 43 86) (59 33 4) 39 74 (57 90) (78 68) (47 54) (8 73 69 31)
45: 77 (53 79 7 55 81 2) (10 64 43 31 46) (23 3) 72 (29 34 68 54) 16 6 59 66 45 (4 74 11) (86 78 76 8 35 42 14 20 9 25) (13 71 50 90) (65 41) (63 33 69) (32 22 80 70)
46: (86 31) 41 33 (74 23 47) (9 16 53 62 34) (84 77) (87 42 2 26 63 79 1 66 11 7 69 72 59 38 20 76) (27 25 57) (43 90) 60 29 4
47: (73 80) (1 77 89 81 67) (78 13 72 31 71) 90 64 (84 4 74) 2 11 25 (37 41 68) 6 (33 5) 42 (47 38 76 34 66 9 86 62 53) 52 (59 50) (7 10)
48: (68 21 70) 72 (27 44) 64 (23 86 90) (62 42) (4 31) (80 20 8) 43 (40 74) (9 22 55 3) 67 (77 11 78) 25 14 (76 34 7 69 53 59 66 33) (85 35 52 50) 2
49: 13 (72 54 59 43 2 14) (33 31) (25 49 39 90 4 74) 41 (22 76) (23 53) (42 55) (50 73) (86 69 35 52 38 68 20) (11 66) (62 34 60)
50: 44 (33 2 70 42 63) 9 62 (15 86 14 60 43 28) 25 1 (11 31 66 72) (22 74) 38 (77 34) (87 16) (40 7) 26 (29 76 51 69 75) 55 (6 59) (90 41 20)
51: (22 69 40 68 12) 6 72 (1 2 53 76 60) 20 (43 31 77 56 86 16 41) (21 39 84) (79 15 42 7 59 10 51 34) (54 64) (75 38 66 33 62 63 4 90) (71 70) (67 25) (52 44 11 47) 74
52: (37 66) (71 14 76) 21 (44 59 35) 36 (20 7 56 27 50 86) (43 68) (64 79 90 33) (2 54) (22 80 42 74 84) (38 41) (11 78 34 69 75) 25 73 (10 62)
53: (26 33 19 71) (80 42) (68 56 38 72 20) 69 (90 7 28 89 1) 44 13 9 41 (53 78 35) (29 74 76) (6 60 86 3) 66 34 (25 11) 31 52 (62 50 73)
54: 74 (41 5 33 34 72 10 66) 25 (79 49 20 69 7) 67 75 (43 80 86 59 4) (50 87 11) (68 28) 62 53 90 (2 48 35) 3 (36 52 42 22) 83 (70 63 38 76 6 64 71 9)
55: (34 68) (75 62 7 2 60) (66 56) (45 64) 74 (69 55 70) (20 72 14) (1 63) 13 65 23 (90 28 76 86 73) 25 43 59 (4 48) (80 6 42 85) 3 (35 33) (11 10 38) 16
56: 65 (56 85) (74 79) 5 (14 73 70 38 41 68 32 23) (62 33) 11 72 (42 2) (20 26) (35 25 37 66) 76 9 (34 10) (43 4 28 86 7 77 59) (49 53 69 90 55)
57: (77 60) 64 86 (7 69 70) (4 20 22 72) 78 (44 45 62) (34 27 55 63) (1 42) 85 73 (59 51 43) (66 76 9 31 6 50 3 11) 53 33
58: (31 72) (3 23 2 41 19) 53 66 7 33 (74 47 79 25) (90 51) (59 54 62) 56 (1 55 50) (86 77) (16 69) (4 44) (5 43 28 20) 76 (67 42 26 6) 34
59: (86 56 70 74 68) 60 (90 7 32) (23 20) (77 2) (51 55) (10 66) (33 43 11 80) 42 52 26 (59 34) (13 76) 36 (62 78 65 44) (5 4 31 25 72) (38 39)
60: (30 22 33 62) 13 (53 32 76 39) (86 25) (20 60 54 67) 72 (69 78 66 34 80 28 50 52 89) 42 11 (2 77) (23 8 79) 74 (68 6 59 3 48 90 47) 19 56 (44 4 75 31 7)
61: (69 41) (35 10) 31 43 (89 59) 70 (39 27 1 76) (6 65) 84 29 (90 72 32 66) (2 71) 23 (44 86 34) (22 85 20 53) 78 9 63 7 38 (25 13 62) (47 4 77 33 50)
62: 41 75 (8 20 72 56 11 74 62) (51 66 10) (38 59) 76 34 9 80 (31 90) (15 42 33) 44 21 25 77 (1 3 2 40 5 86 67 22) 85 (63 7 79 55 68)
63: (11 9 64) 2 42 (30 85 75) 38 (25 77) (33 82) 62 (31 72 20) (26 34 76) 14 (40 90 13) (86 89 57 3) (74 70 80 63) 35 (7 66 41)
64: 60 (86 90 84 71 34 13 33) (59 74 38 31 23 20) (50 77 68 10 75) 35 (15 9 2) 66 55 (53 64) (5 42 62) 69 (14 81 65 7 51) (80 16 89) (11 76) (70 63) (36 6 56)
65: 9 (28 44 26 10 2) (20 11) 64 (51 62) 4 90 (23 6) (72 7 89 65) (66 87 40 32) (34 25) 42 (12 43) (86 77 38 50 68 59) 41 13 56 (82 33) (74 85 69) 14 (60 55 76)
66: (42 65 68 35 33 70) (60 31 52 13 62 74 41 7 28 90) (2 44 16 11 23 78 76 34 6) (73 59) 9 63 (86 43 72 4) 66 69 (14 38) 80 (79 64 25)
67: (20 6 26 41 72 62) 56 2 73 38 (25 31 23 7) 80 (66 67 86) 34 (53 51 65) (76 84 3 68) (42 70) 59 (63 9 33) (35 74 77 11)
68: 20 25 38 (4 6 52 76 35 67 62 86) 34 77 72 (32 23 26) (36 42 9 84) (68 49 2) (74 1) (46 63) 78 (7 70) (11 10) (31 90 66) 57 13
69: (78 45 4) (76 21 54) (80 10 31) 73 9 (43 7) 25 (11 13) 64 (56 34) (20 28 67) (86 23) 42 90 66 38 41 70 2 (74 33) 8 68 60 (35 63) 85 (69 71 77)
70: 15 (42 22 19 74) (89 29 7 90) (3 43) 66 (77 59) (76 86 80) 65 38 (53 12) (25 11 57) 60 20 2 (69 50 6) (10 34 32) (9 78) (41 72 39 23 33) 35
71: (43 14 63) (34 10) (54 9 72) (8 68 42 77 85) (62 15 41 50) (70 36 19) 66 4 33 (64 86 7 16 31 90) 89 69 74 (35 26) (76 12) (25 73) 52
72: 90 (72 51 14) 41 38 (22 74 31 2 7 8) (13 25 42 4) (6 85 80) (44 23 77) 66 59 (20 62 64 3) 28 86 (50 24) 60 (55 56) 10 (76 34 69) 26 9 73
73: (77 44 4) 79 (89 20 1) 2 (63 31 3 59) 7 (38 34) (72 90 42) 43 (22 14 11 60) (50 82 86 12 87 74 25) (54 68) (69 55 23 66) 75 (76 10) 62
74: 62 (68 10 80) (69 77) (21 66 59 11 3) (67 8 90) 60 (51 7 4 44 53 34 70 41) (42 23 63 22) 13 (2 89 39) 28 38 (84 36) (73 20 33 74 25 72) (75 64 76 79 86)
75: (47 11 25) (59 38) 55 (54 33) 42 (66 74 76 63 65) (89 23 7) 70 (50 86 40 6 19 12 80 32 72 36 13 9 90) 79 (78 10) (34 43) (31 57 53 77 60)
76: (34 64 35 47 20 39 11 70 32 62 41 86 54 23) 79 (27 31 2 7) 80 29 74 75 13 (89 22) 90 38 28 (25 59 4 33) 44 (51 72 73 76 78) 52 71 (69 12) 66 42 77
77: (32 74 15 62 39) 66 86 31 43 (57 38 72 3 78 11) (25 56 20) (53 14) (7 68 23 59) 70 44 48 (4 33 60 69 50 34 77) (63 85 90 55)
78: (42 38 56) 33 (57 8 70 21) 67 (39 31 45 77) 34 (62 32 68) (85 54 88 86) (74 72) 22 (14 9) 20 (5 66) 69 6 (7 51 23 15 76) 55 (90 25 11 78) 2 (43 4)
79: 64 (57 78 1) 2 (25 26 23 59) (86 7 42) (74 48 77 43) (52 75 66 67 63 29 15 79 84 54 68 90 34 70 73 20) (4 41) (89 80 11) (72 19) (87 44 69 38 76) 32
80: (50 7 11) 58 25 33 (20 86) (77 34 42) 47 4 (66 70 67 41 75 71 53 28 44 68 85 89 62 2) (39 14 43 55) 32 76 9 (31 63) (13 69 3) (80 79) 56 (90 74 38) 22 (72 73) 59
81: 29 80 14 (7 38) (9 70) (56 54) (68 66 86) 59 (63 36 83 39 64 25 3 73 89 74 45 34) 43 (42 13 31) (23 26) (33 60) 44 12 79 (77 11) 2 62 35 (71 15) 84 (85 90) 53 76 (41 22 20) (10 69)
82: (26 7) (3 9) 2 68 34 (77 62 4) (74 55 76 66) (43 52 20 57 83 38 32 47 28) (44 71 79) 42 (64 1 84) (86 59 78) (31 69 10) (5 25 90) (11 33 72 63) 14
83: (57 23) (34 75 55) (13 72) (40 62) (41 79 25 2 42 53 7) (33 20 77 4 8) (39 27) (9 86) 74 56 (38 43) (48 1 85) (80 63 31 44 66) (14 11 76)
84: 67 (70 53) (73 59 68 65) (62 35) (66 42 34 76) (72 10 63) (60 9) 23 41 (49 26 75 31) (74 25) 2 (50 86) (84 85 47 80) (20 57 69) 43 29 33 45
85: 39 (14 11 13 70) (32 72 44) (68 6 64) (42 34 49 90) 86 20 (66 25) 4 (59 23 26) (28 9 33 22 69 2 29) 84 (21 8 41 76) 43 (27 63 10) (73 89 62 57 80)
86: (41 63) (31 84 22) (59 33 34 51 2 6 25 68 85) 7 14 (16 71) 90 70 (42 29 20 74) (80 62) 11 (89 78 4 65) (57 43 47) (53 35 69) 72 (50 76 36) 86 (8 19 3 44) 66 77
87: (22 31 16) 29 (55 84 48) 40 (8 64 68) (15 44 62 26 11) 77 (74 34 42 35 3 72) 90 (14 65) (2 7 13 33) (24 53 66) 47 86 70 (75 76) 37 10 (46 6 78 20 38) (69 51) 43 56 79
88: 76 3 (53 74 35 42) 73 (20 11) (44 90) (86 10) (8 80 66) (29 14) (78 64 75) (23 36) (72 56) (47 59) (13 89) (38 34) (62 55) (7 16) (45 77) (43 41) 33 22 1 (39 69) 2 4 (24 9)
89: (66 25 60 15 38) (65 76 77) 78 43 35 (21 71 41) (80 19 72 51 89 10 36 70 74) (14 33 75 23 44) (20 64 9) 86 (26 73 59) 62 34 (54 49)
90: 29 90 53 1 (41 74 75) (86 72) 43 (71 20) 84 50 (76 22 33 85 2) (14 9 31 67 36) (79 19 68 21 42) 78 (25 49) 34 (59 11 69) 38 (56 70 77) (66 4) 80
