90 90
1: (89 36) 77 46 74 65 (25 27 40) (29 82 26 34) (11 19 18 85 56 58) (90 84 68 13 50 78 48) 3 (55 2) (10 4 1) (15 7) (33 37) (73 32 60) (21 42) (80 17 57) (22 75) 52 72 (44 54 63) (79 51 83 71) 87 (12 70 62) (41 8 5) 64 69 (14 6) 20 (86 30) 16 43
2: 6 (40 79 35) 76 (17 58 20) 57 (2 84) 38 14 18 (41 1 56) (69 28 89 9) (45 30 16 19) (11 88 54 39) 68 (59 77 81 22 27 62) (33 80 34 15) 74 71 (64 53) (63 83 87) 24 (8 70 75 82) (7 61 4)
3: 44 (36 23) (34 38) (35 51 19 30 11) 50 63 (89 9 1 40) (28 81 61 55) (32 72) (5 82) (76 7) (86 21 33 3 84) (17 18 20 43 29 52 59 37) (85 41 48) (57 74) (26 65 49) (78 62) (73 10) (56 79) (12 42) 58 (24 75) (39 27 14 60) (54 77 6 15 68 71) (83 4 8 2 88 80 22)
4: 6 19
5: (84 4 70) (59 53 42 22 8 89 51 86 6) (76 2) (32 39 54 79) 81 20 48 66 (38 34) (35 88 60 21 63 5) (80 40 90 57 64 28 18 83) 44 46 (31 55 1) 49 69 (87 75 10 26 15 3) 25 (14 13 36 16 56 65) (30 41 33 47 71)
6: 41 (10 8) (50 5 76 56) (3 46 71) (61 55)
7: 62 (19 39) 9 88 66 (51 29 10 3) (69 4) (54 55 80) (64 60 85) 45 84 (43 50) (24 35) (87 52)
8: (12 9 67 63 2 51) (30 53 33 75 16 13) (61 26 74) (47 44 90) (25 34 15 69 62 46) (3 73) 41 (68 83) 8 54
9: (74 14 78 73) 62 67 (76 1 44) (3 19 58) (24 59) (11 33 61 22) 21 84 12 53 (9 2 55)
10: (48 29 14 28) (71 11 68) (65 64) (56 66 30) (78 34 70) (61 67) (35 83 77) (36 39 43 75) (21 89) 62 38 46 19 (12 16 9) 24
11: (35 32) 5 31 (77 46) (84 55 28) 83 (41 72) 78 61 (80 44) 65 (27 59 33 19 26 86) (25 69) (14 13) 48 90 56 (15 20) 11 75 (85 66) 42 (63 88 6 89) (79 62) 36 (40 30) (7 22 58 52 82) 34 (47 39 51) (10 64) 3 (68 57) 2 (43 4 9)
12: 78 (38 51) (88 47) (24 23) (67 10 83 39) (82 11) 66 55 56 (32 53 70 42 13) 63 69 87 (90 35) 76 64 (8 36 17 57 20) 50 (5 33) (1 68 59 84 16 77) (18 7 26 49) (71 44 43 72 12 58) (54 2 19) 46 (75 4) 25 61 (89 45 14) (21 15 3 81 48 65 22) 9 74 41
13: 64 81 (50 20) 10 (26 25)
14: (30 55 9) (44 77 80 51) (73 33 47 42) (36 59)
15: 1 58 43 17 5 (49 22 81 16 62 19) 37 50 (9 70 20) (14 88 51 13 89) (90 79) (8 10 48) (41 72 38 77 60 63 82 76) (31 74) 52 (42 68 7 28 71) (32 73 86 35 46) (29 55) (23 44 21) (39 75 47 67)
16: (4 33) 80 54 (58 41) 78 (12 86 14 79) (32 5 63 8 47) (49 27) (21 64) 51 (6 39) 10 (68 73 82 23) (3 17 88 60) 46 (42 62 24 71) (26 65 56 77 53) 89 13 (2 11) (90 57 37 70 18 45) (15 36 44) (7 75 22 85 84) (48 59) (19 67)
17: (1 44) 13 (30 75) 47 (17 65 48 33 88) (77 52 50 83 21) 20 29 45 (61 35 73) (4 59 62) (3 85) (63 24 6) (39 46)
18: 65 (72 87 17) (70 8) (1 60) 85 (84 30 71) 54 (76 48 88 52 73 21 75 81) 67 64 82 (28 6 35)
19: (71 35) (50 6 4 45) (89 33 39 81 8) (27 88 26 14 22) 53 86 (13 9 56) 51 59 (3 5 67 80 44) 10 77 2 (38 70) (16 11 12 20) (31 54 21 69) (19 72) (40 32 17) (36 48 23) (85 34) 47 (65 63) (87 43 73 75 37) (84 46 60) (82 64 1) (41 62 25 66) (74 76) 61 (83 30 57) (90 18)
20: 66 7 (37 69 39 57) (15 76 83) 47 (24 26 48) (14 67 58) (12 61 52) (9 71 77 17 28) (23 40 55) (35 21 33) 81 (60 79 78) (46 20 41 29 27 90 51) (68 72) (6 4) 62 (18 11)
21: 15 (53 69 84 8 32) (88 16 6 44 12) (89 9 42) 3 (67 10 21 29) (43 59 11) (75 58 31 76) (50 51 1) (2 57) (46 36) (48 52 79 80) 72 (82 39) (45 40 22) (13 38 81) (37 5 54) (85 33) (23 56) 17 (66 25 28) (86 20 68 24 63 35 55) (62 14 61 19 90) (77 73) (83 64 70) (87 4) 78 (7 30 26 49 71) 65 (60 34)
22: (71 18) 72 48 51 (53 12 5 66 21) 34 (89 40 13) 14 57 60 (84 26 85 67 80) 58 (15 55) (27 44) (82 33) 28 (9 86) 74
23: 60 (51 89) (49 86 48) 73 (33 52 83 81 30) 54 (39 23) (76 79) 17 31 (68 78) (19 75 71 57 70 2) (25 85 9 87 80) 40 (74 56 63) (11 38 41) (35 34) (84 45 55 10 3) (1 26 43 4 67) (88 36 29 37 58 69 7) (53 50)
24: (11 14) (15 3 35) (74 77 39 26 64) (31 41 23 44 88 46) (34 53) (1 61 76) (82 29) 52 (9 27) (51 4) (45 12) (18 84) (42 38 33) (48 43) (25 80) (22 7) (65 10 5) (28 49 21 6) 24 50 90 (36 85) 81 (17 20 75 8 13 78 66 67 87 32 40) 58 30 55 54 (37 60 86) (83 69 89 16 79) (71 72) 59 (2 63)
25: 35 (50 52 53 57 46 47) (85 43) (37 45) (32 1 71) 5 (24 14) 78 (55 83 28 49 34 25) 40 (11 90 18) (31 6 73) (54 41 15) (74 13) (60 62 65 66 26) 39 (29 23) 30 (82 56 8 70 20 64) 12 (38 44) (17 76)
26: (52 4 66) (24 63) 26 74 27 81 (33 41) (83 37 15 22) (18 79 67 57 73) (46 7 84)
27: 67 (9 83) (45 76 71 61) (10 28 39) (78 36 48 64) (1 35 53) (77 86) (26 29 66 32) (81 79 75 2) (85 37 8 90) 24 (34 52 15) (59 54) 40 (74 43) 14 70 33 41 (51 13 49) (22 17 21) 88
28: (33 53 74) (44 49 13 2 66) 36 58 (62 76 31 77) (25 48) (75 59 70 43) (60 8) 15 (28 38 11) 30 (71 55) (72 39 84) (89 46) 29 20 (37 67 35 51 50) 45 (14 24 19 26 32 3 1 83 47)
29: (35 80 83) (74 53 61 42 33) 32 12 (16 64 54 17) (56 28) 14 26 (1 10) (69 59 5 72 87) 3 (25 11 84) (41 24) 82 (13 21) (44 86 65 60) (9 20 50 8) (48 46 22 6 89 62)
30: (37 52 5 79 15) 36 (43 62) (65 77 39 83) (53 46 16 44 68 40 13 20 50 45) (33 48 49 8) 32 60 (35 73) (10 86 90 72 63) (54 25 71 30)
31: (55 54 47 7 21 12 34 87) 43 (74 68) 16 70 (19 25) (72 71 57 69) (51 11) 60 (6 48 15 14) (85 33 89 83 17 53) (41 59) (9 58)
32: (52 86 44 1 22 67) (4 25 83 70) 56 17 82 (27 40) (20 35)
33: (49 39) (47 74 44 34 14 45 81) (12 28 27) 5 (17 63 80) (15 26) (38 31) 78 (8 79 48) 19 (25 66) 1
34: 78 (90 39) (42 88) (66 13) (2 63 54) 34 20 (12 30 25 16 62) 74 (33 55 61) (37 45 19 69 8) (85 44 59 27)
35: (41 44 90) (2 9 23) (57 26) (45 6) (8 22) 65 (35 56) (61 16 73) 83 (32 55 76 20) (34 62 24 25 87 72 11 46 5 13 14 40 52 58) (66 64 51 38) (10 47 60 59) 28 7 21 15 (50 80) 29 (1 85) 74 36 (69 89 75 84 31 27)
36: 29 (60 38) 18 (51 76 26 57) 73 54 (61 53 78) (63 34 20) (80 31) (71 64 70 33 75 23) 21 3 (45 8 72) 55 (6 7 59 22) (15 81) 74 82 13 (69 16 19 11) 12 87 2 (1 4) (66 85) (86 46) 37 (90 17 25) 24 56 (41 32 77 43 58 42 40 49 28 27 36 47 39 5 65) (9 30 88 84) (79 50 68) (52 35 44 67)
37: 89 75 (87 7 39 36) (80 18) 90 (3 67 52 81 9 30) 13 (2 35 50 54 12 65 66) 38 34 (44 26 14) 61 58 (15 45) 56 (85 62 27) 59 (20 42) 10 (71 21 5)
38: (37 29 90) 86 (28 9) 60 (78 41 73) (75 50 1) (11 74 51) (67 39) (68 25 18 49 61 2) (47 40) 85 (54 69) (36 45) 19
39: (68 32 16 75 37 31 40) (17 83 62) 26 22 76 (69 21) 74 (6 66 27 30 55) (18 53 20) (61 63) (36 88 45 84 70 10 23) (79 54 38 14 50) 7 58 (11 4) (25 80 28) 87 (51 13) 15 34 (81 29) (5 59) 86 (52 49 46 9 67 78) (72 19) (48 89) (47 64 35) (71 39 3) (60 82) 57 41 (73 56 65) (8 33 44 24) 77 43 (2 42 1 90)
40: (77 8) (61 67) (51 7 68 2 74) 6 (9 22) (46 26) 53 (32 64) (21 11 15) 41 25 (35 37 39 3 24 75 28) (1 19) (59 5) 44 88 29 (84 73 62 79 66 55) 70 (57 48 42) 80 47 (4 81 63 54 86 72 23) (27 71) 52 (49 18 82) (31 14 13 33 89 85) 45 65
41: (36 39 79) (9 32) 3 (83 49 26 68 65 54 69 44) (15 78) (80 23) (38 43) (58 63) 88 90 (42 75) 34 67 (14 1) (4 45) 56 89 8 74 (31 2) (20 19) 6 (30 70) 61 40 48 (87 52 59) (17 24 37 53 7) (28 29) (76 77) (46 11 72 47) (35 22 25 21 60 5) 85 57 (55 10) (12 41 13 62) (71 16) (27 51 50 64) (33 66) (18 84) (73 86) (81 82)
42: (64 5 18 23 80 14) 72 58 (35 40 68 21 90) 79 (3 85 16) (8 50 77 19 54) 41 60 (45 87 28 43 38 9) (49 78 88 70) (47 29 53) (86 27 17 25 65 22 13) 59 74
43: (23 85) (68 75) 87 (57 53 19 41 59) (37 90) (88 21) (54 40 70 56 14 58 36 32) (20 12 63) (1 35) 80
44: 77 59 (40 32 57 75 42 22 64) 43 (9 17 86 72) (7 58 3 48) (90 8) (11 30) 6 (13 74 33) (55 49 18 36 31 76 89 69) 12 51 5 73 88 65 61 (1 70) 14 41 66 (21 78 47 84 82 87 26 79 23 56 63 62 20 71 67 25 10 35) (34 54) (83 38 27 39)
45: 42 62 (43 81 45) 44 (79 71 59 63) (10 39 54 17 66 8) (60 40 35) 36 2 (4 7 75) (51 31 69 80) (12 6) (55 74) (72 76) (77 3 37) 50 64 (41 1) 32 (46 28 16 56 83 88) (53 85 58 25) 11 (30 33) (19 89)
46: 61
47: 75 68 62 63 (59 27 78) (74 28) (50 40 43 33 30) 57 (66 11 65 82) 64 (69 4) 44 89 83 49 (73 10) 77 (79 52) (56 13 31 21 1 25 2) 87 (46 53 18 14 39 24 71) (6 17 42) (12 37 48 45 8) (22 80) (19 70 61) (55 7) (85 47 36 51 54 32 86 20 15) (26 72) (3 35) 76 (9 60 58) (16 84) 81 (23 90)
48: 51 (68 55 3) (27 38) (46 37 48 11) (43 73) (45 12 65) 76 62 (54 63) (15 88 59 42) (41 19 32) (10 61 49) 16
49: (36 74) (29 14 9) (11 2) (58 44) 21 (37 40 20 73 16 64) (49 17 69 65 15 34) 45 47 61 (43 41) (90 59 39 24) (76 79 81) (33 51) (85 32) 30 (72 86 4 83 55) (67 84 27) 70 (57 5) 63 (60 82) (88 89) (38 87 12 3 56) (13 1) (7 28 50 35) 66 (62 53) 75 (25 22 46) 26 (54 52 42)
50: 43 (85 60) 20 (69 38 75 61 67) 15 74 (47 65 26) 44 (54 10) 29 51 (13 63 23) (5 32) (24 89) 90 56 77 (16 4 53 73 18) (30 62 50 82 8 58)
51: (16 80 37 31) (88 35 52 36 11) (45 85) (6 32 41 54) (68 48 34 72) (26 49 15) (33 75 74 83 53) (12 79 23 1 46 21 17 86) 19 (18 66 24 57 27 2 29 73) (3 44 77 71) (9 5 82 55) 81 (89 51) (76 38) 90 (7 30 78 84 47 65) (20 61 56 13 69) 63 (50 59 64) 28 (39 10 4) 40
52: 71 2 (51 87 79) 12 22 (18 10 84 19 3 14 4) (64 70) (54 62 60) 68
53: (39 77 68 34 13) (24 83) (4 9 46) (52 47 30 63 53 23)
54: (31 10) (67 27) (15 60 61) (65 39 44) (8 73 42) (70 89) 63 1 78
55: 46 70 (89 14 25 62 61) (37 47) 12 23 30 24 78 (66 20 54 68 43) (17 77 65 73) (31 41 1 83 80 29 4) (6 42 18) (27 11) 79 (49 55) 21 28 (81 56 3) (48 2 8) (87 85 7 52 90 59 58) 45 32 (82 9) 71 26 (19 39) (76 74) (10 84) (63 38 60 44 69 36) (86 51)
56: (81 61 80 21) 39 75 (41 30 14 36 18) 74 22 27 53 13 (45 40 33) 71 (6 11 68 84 20) (47 2 17) (42 67 88 62) (50 70 32 54 19) 46 (4 83 90 23 49 86 44 37) (79 66 51 7 58) 52 (82 77) 78 24 (73 65) (59 25 85) (29 87) (72 63) 15 1
57: (29 43 41 5 11 30) 4 16 68 (70 59 44 79 23) (75 36 21 46 58 24 31 1 25 38 60) (40 65 64 37) (10 52) 2 (90 83 17) 22 (67 51 62 57 9) (6 45) (47 88) (87 80) (20 71) (76 7 53) (55 61) 78 (69 34 18 82 49 50) (14 84 19 15) (56 39 89) (12 28 13) 63 (26 3 74 73 85) 86 (66 77) (81 42 54 32) 8 (72 35 33)
58: 79 31 40
59: (64 86 33 82) (23 26 70 80 77 40) (63 13) (53 32 62) 66 (69 36) 25 34 74 (84 90) 30 (4 41 76 61 59 83 58) (29 67) (89 14) (39 50 46 87) (35 56)
60: 84 (82 5 90) 10 40 (23 67 42) (35 58) (3 80 14) 69 (7 66 81 4) (15 79 43) (60 57 74) (47 70 49 87 27 89 61) (12 33 53 18) (54 13) 85 83 (56 11) 45 19 (6 9 63 71) (29 28 31)
61: 48 19 37 38 (50 10) 14 (21 3 78 61) 71 66 81 (28 87 39 54) 12 (31 9 15 13 42 89) (84 86 58 80 79) (82 69 47) 41 68 (46 18) (73 29 32) (83 70 49) 67 (2 26) (4 17 56 43) (64 59) 25 24 (27 16 65 6) 52 (57 7 20 8 5 85 75) (88 30)
62: (23 25) 86 (13 69 68 36 9 40) (79 1) 28 (65 34 62 77) 49 (20 11) (57 31 35) (19 3) (70 42) (45 83 82 30 81 24 88 80) (59 41 37) (22 18 71) (32 63 8 89 75) 87 (66 12) (14 73 51 78 16 44) (6 10 26) (38 54) 7 (56 72) (90 50) (17 43) (84 21) 58 55 (48 33 15) 53 (5 85) (64 27 4 52) (76 60 47)
63: 71 (54 5) (70 35) (78 52 90) (77 64 36 28) (40 48 25) (69 59) 84 (73 50 74 87 9 86 34 76) (83 89 20 46 7 68) 16 (39 8) (12 11 58 67) (75 1) (38 17) 44 81 42 (47 22) (4 3)
64: 25 15 6 1 22 (90 72) (47 40 78 70 54 10 44) 11 (63 24) 89 53 (62 56 52 19 13 83 46) 75 82 36 (66 76 27 60) (86 77 29) (3 12 61) (4 50 33) (14 16 51 58 9 73) (26 69) 67
65: (12 79 53 32 25) (78 36) (35 50) (80 28) (48 61) (26 88 69) 86 (82 13) (54 19) 46 81 (89 42 62 65) 60 9 (30 7) (59 51) (20 23 57 71 43) 18 41
66: 44 35 (43 39 16 26 71) (58 50 51 25) 31 (17 20 74) 7 (73 32) (34 46 41) 12 83 72 (82 37 67 86 88 89 69) (56 19 18) (65 38 21 36 22 5) (23 3) 9 48 79 66 (15 78) 90 60
67: (5 1) (45 83 58) (38 59) (76 20) (75 16) (64 39 24 14 31) (71 47) 78 56 (70 40) (9 18 46 60) (13 6 53 11 19 3) 51 (25 23) 2 35 (36 82) (55 66) (30 32 34) (79 8 42 86) 69 (22 89) 28 (84 49) (27 26) 77 72 21 61 (41 12 43 90) (63 54) (7 81) 52 (33 65) (4 48 44 10)
68: (63 23) 82 (84 61 89 28) 56 (60 30 4 55 40) (24 35)
69: (80 20 15 52 83) 63 (88 76) (50 47 82 41 4 25) (54 78) 72 (58 31 60 61 12 46 28) 81 (23 40 59 51) (30 5 48) 27 49 44 (34 73 35) (77 66) (38 19) (85 9) (7 86 37 64)
70: (19 57 47) (24 61) 82 40 48 (68 17 76 36 12 6 32) 49 (52 75) (15 60 78) (20 56) (28 23 67 84) (46 13) (50 2 21) 7 4 72 (25 29 55) (79 22 58 10 73 87 43 41 5 90 89 64) 14
71: (65 56) (81 15 49 33 40 38 36 2) (13 20) (62 69 64) 82 37 (19 88 86 67 8 76 44) 27 59 (48 84 3 39 89 23) 16 (87 24) 66 80 (11 34) 79 (18 55 72 53) (32 90) (25 78 50 47 6 22 9) (57 71 31 41 17 30 12 75) (51 77) 26 (7 68 5 54) 74 (73 45) 58 (61 4 21 43 10 85 29) 1
72: 22 76 57 (68 49 79 74 5 9) (45 65) (2 3) 80 62 (38 31) (67 59) (46 73) (82 58 54) 52 24 (43 39 70 15) (90 16) (33 36 53 12 55 56 17 63 27) (21 72 69 40 86) (7 48) 23 85 64 (87 1 66) (42 78 89) (28 4 10 29)
73: (82 7) (45 1) (25 49) 58 (11 8 24) (33 41) 28 (76 42 21 90) 39 6
74: 19 55 (23 75) (15 1 28 11 84 49 73 18) (61 85) 25 2 (3 89) (56 10 69) (31 40 83 79 43) 24 (50 90 12)
75: 59 47 (70 77 9) (12 76) 48
76: (71 14 70) (36 40 21 28 63) 43 (19 89 29 60 81) (39 45 66 4 56) 69 64 (26 44) 12 47 (57 73 85 7 2 37) (17 65 25) (51 20 74 90) (9 41 22 31) (78 3) (72 82) (32 88) (53 6 30) (49 10 61 84 34 86 42 77) (68 48 79) (83 27 50 24 35 38 54 62) 76 67 (16 23) (13 46) 8 59 33 (80 55 15)
77: 59 37 (31 60 48) 75 (70 53 7) 1 (18 71 15) 65 (68 77 63 74 20) 54 (87 10) (84 45) (19 40) 47 (25 55 12) (88 58 11) (29 23 83 86 80 9)
78: 77 27 (86 50 83 20) (10 31) (22 46) (14 35 61) (65 59) 81 (29 74 18 51 17) (2 5 40 3 75) (33 89 71) (7 57 42 82) (16 76) 44 66 (43 38 73) (25 4 48 60 23 8) 62
79: (67 20) (87 33 2 70 16 65 42 82 9 80 59 76) (30 10) (83 15 55) (43 63 62 38) 17 (77 34 61) (4 35 64 11 88) (22 45) 53 (79 31 37 57) 66 (49 23) (71 3 5) (36 75 28) (90 12) 81 46 50 (52 60 7 84 14 29 26 48 85 47 41 8 44 74 13) (27 73 89) (86 6 69 19) 21 18 (1 58) 68 40 (24 72) 56 (25 51)
80: (64 70) (83 27) (62 25) (52 30 86 35 1) 79 (76 23 73) (61 5 90) 26 (65 40 12) (22 81) (57 11 4) (28 17 55 56 74 43) (29 59 49 16) (36 82 7 47 9) (78 69 44) 53 (3 68) (15 54 2 85)
81: (13 7) (9 47 69 21 12) 49 (71 86 51) 90 (85 61 39) (19 42) (54 68 44 23 29 11 70 56 10 50) 35 (66 3) 36 (48 41 5 45 77 78 60) (73 43) (62 75) (22 1 65 16) 80 (46 59) 72 (32 28 79 27 87) (37 14 81 15 58) (52 24) 2 (74 76 38 89) (83 67 6 18) 17 (53 63) 26
82: (10 20 7 24) 5 (49 58) 81 70
83: 7 (11 25 45 61) 21 (31 29) 1 85 (62 77 48 18 53) (63 10) 27 (51 82 8 83) (42 54 74 52) 20 (49 67) (35 73 60) (9 68 34 43) (22 28 64) 55 (14 81 6 4) 12 38 75 (16 90 37) 19 (58 13 88 76)
84: (80 5) (20 37 69 34 49 72 31) 40 86 89 19 79 (70 21 52 67 30 15 25) (3 81 28 53) (88 10 64 26 73 11) (61 32 87) (9 78) 46 22 71 36 (16 77)
85: (5 11) (75 22 69) (9 42 56) (12 50 89 52 28) 13 (49 26 61 60 78) (1 63) (48 34 79 51 44) (55 31 25) (21 66 30) (29 38 82 7) 58 (80 71) (2 39) 40 54 35 (87 90 47) 3 57 32 (86 59) 46 (17 81 14 36 65) (8 27)
86: (28 74) (67 43) (62 47) (31 1 72 59) (68 9 33 75) 54 46 (84 85 38 7 81 64) (15 58 25) (82 36) (86 78) 90 (23 57) (63 34 45 71 22 80 56 69) 61 (51 83)
87: 33 81 75 69 (46 87 28 43 23) (64 77 32) (65 25) (13 31) 35 (7 89) 24 59 18 34 72 20 (56 14) 76 60 (26 49 27 55 82) 67
88: (10 31) 73 (8 39 50) (14 32 3 45 79 83 89) 24 (54 34 60 26) (38 49 9 40 47 71) (35 66) 88 28 (6 64 72 13 15 70 78) (90 29) (20 37 33) 80 36 (18 23) 76 22 (51 67 42 19 2 63) (1 56) 69 (27 21 82) 77 (25 74 43 7 75 59 86) (48 65 58 46) 17 61 (11 4) (12 87) 85 (84 55) (57 44 41 16) (62 53)
89: 24 40 20 54 (34 61) 87 (60 9 90) (36 30) 88 (52 47 26) (89 45)
90: 42 (18 46) (41 51) (67 66 55) (80 81) (47 44 7 85 60 11 88 59 4 77 69 75 26 53 27 9) 89 31 (63 57 10) 43 13 35 14 (68 30) 64 20 54 56 (78 52) (33 17 58 82)
1: 56 (17 79 67 71) (64 23) 45 (15 39 86 21 77 51 85 63) (81 41 73 43) (83 74 32) (18 25 36) 49 (40 2 57 1 38 72 80 88) 62 28 (24 5 9 12 27) (55 33 54) (3 29 44 35 19) 47
2: 76 74 (21 80) (16 39) (88 71) 41 (85 79 1) (37 34) 72 (40 51 49) (38 78) (57 5 61) 11 (70 12) (23 27 47) (36 81) 24 45 19 (9 8) (3 28) (67 35) 56 2 (55 52)
3: 1 24 (76 40 3 28 11 78) (60 39) 8 (47 51 5 29 9 66 21 45) 41 (52 16 67 49 61 71 6 64 62 81) (84 23) (12 88 7) (19 37 63 42) (80 79 48) (74 72) 57 (17 55 85 44) 36
4: 76 (3 70 45) (64 83) 23 (49 60) 5 57 (56 26 55 90) 78 7 (53 19) (2 17 68) 79 (71 21) (11 24 41 62) (50 39) (88 40) (16 36 69 59 51 1 72 20) (67 80) 12 52 63 (32 61) 47
5: (16 35) (69 62 42 85 66 15 1 51) 78 24 (21 61 5) (41 63) 3 40 (82 72 80 81) 19 (39 84 36) 33 (67 12 50) (44 6 60 79) (70 25) 71 49 22 (29 37) (11 57) 30
6: 44 (79 71 81 2 24 11 61 47) (4 16 18 60) 21 (45 35 17 36) (67 55 29 19) 25 (51 20 73) (39 1 40 64) 70 56 (41 83) 31 (5 76) 3 57 88 62
7: (82 70) (45 40 88) 2 65 (63 51 35 72) (76 86 49) 16 (73 24 23) (81 12 3) (44 15 69 47 11 67 55 1) 62 71 90 60 (39 79 77 26 57) 31 (85 80 66 83 36) (56 21) (78 61 87) (41 20 37)
8: (24 62) 34 (12 73) 29 (71 41 6 27) 88 (79 50) 3 33 67 54 (45 55 19) (40 1 5 83) (8 16) (18 85) 63 (35 78 2) (57 39) 61 28 (47 36) (21 15) 76 44 (25 30 42)
9: 37 55 24 (85 19) (69 53) (61 83 75 38 15 3) 84 67 81 (23 62 2 77) (72 31 60 86) (9 39 47) (8 66 44 11 29) (64 20 80) (51 71 63 42) (57 40) 90 10 (76 21 7 89) (22 12 88 41 79) 49 (65 36) (14 35 27)
10: (13 57) (60 83) (29 39 11 44) (77 90 48 19) 16 37 24 5 7 35 50 (3 27 81 6 45 21 82 47) 88 79 (1 30) (70 67 52) (12 74 76 23 41) (54 71) (84 72 51) 64 (62 15) 61 (55 78)
11: 19 21 16 (11 44 56 63 20 9 62 47 36 10 90 23 1) 38 (48 2 29) (24 28) (80 25) (31 39 67) (3 35 74 12) (73 64 57) 40 (55 41 77 45 71) (88 83 49 60 79 51) (85 81 84)
12: (43 81 1) 67 62 (72 12 88 19) 37 (66 20 16) (60 47) (77 57 10) 52 44 85 (83 55) (80 75 25) (33 22 36 34) 48 (74 76 3) 71 (24 51 65) 63 (9 79) 49 31 45 (41 21 61 69 8) (29 70 64)
13: (29 85 49) (24 30 28) 42 (15 5 71 35 64 27 40 11) 51 16 (47 36) 39 87 (12 67) 70 65 (90 83 19) 53 21 (17 50 41 79 44) (57 22 56 25 61) (88 1) (81 60 76) (34 8) (62 37 59)
14: (49 52 16) (5 76 60 90) 79 22 (24 27) 62 (81 35 9) (19 43 29 28) (57 59 40 20 2 21 1 37 47) 10 (11 61) (41 78 87 25 64) (83 15 88) (31 67) 56 (55 39 85 44 33 42) (3 12 70)
15: 2 (70 40 72) (79 61 36 54 24) (48 33) (16 74) (47 41 81 66 37 71) (84 26) 1 (12 30) (62 60) 25 (5 3 22) (28 51 35 49 39 11 57 86 76 64) (21 77) (27 88) 20 69 (8 50 56 31 80)
16: 64 19 61 (72 45 67) (39 66) (15 50 57 24 10) (8 5 29) (12 30) (47 84) 81 (36 63) (79 1 80) 62 31 88 (51 49) 78 (76 83 41 34) (35 48 42 71 2 21)
17: (71 47 44 81) (63 21 33) 80 (76 72 85 41) (15 18 29 88 51 23) (66 12 39) (19 1) 55 25 (31 78) 57 (17 42) (90 49) 2 24 (27 79 56) (62 20) (45 16) 70 (3 61 36 32)
18: (55 87 5) (51 57 67 24) 44 (62 77) (19 2) (61 25) (47 71) 3 (40 83 65 60 79) 12 (16 56) 88 (26 38) (74 20 1) 81 (50 78 22) (52 39) 37 (41 36) (42 90 66)
19: (71 81 48) 55 (11 36 23 43) 60 (67 16) (69 51 76) (41 15 52 33) 70 (88 40) 62 66 61 (31 9 12) (77 19 1 64 34 65) (83 10 2) 57 (47 45) (39 79) (3 21 74 7 42 28) (84 4) (56 38)
20: 25 78 87 (5 83 55) (11 30) (49 44) 65 37 21 (62 15 17) (39 79 20) (34 43 66 69) (77 13) (70 19) (51 28) 56 24 82 32 47 (67 3) 1 (61 50) (76 90 89 36) 71 (29 12) (88 57) (84 63) (41 2 35)
21: (24 29 70 31 17 9 10 55) 5 (67 62 15) (76 3 51) (61 40) (73 83) (57 37) (21 22 16 18 84) 72 (42 35) 43 (49 44) (20 71) 1 (66 47) (85 88 12 27) 41 (56 19 36 39 79 81)
22: 67 29 (15 71 52) 63 (1 27 81) 80 83 (42 2 32 64) 57 84 26 (9 5) 85 (19 47) 16 36 (12 35 76) 79 (66 40) (62 78 11 70 41 86 72) (21 44) (3 88) (39 49 24) 56
23: (88 16 40) (21 50 25) 87 (67 43 44 3) (59 19 36 47) (56 41) (12 74 35 77) 66 39 81 70 (86 42) (79 20 69 53) 60 68 (62 55) 72 80 15 (57 24) (78 65 71 23) 76 51
24: 62 (25 67) (41 39) (27 10 56 51 9 26 61) (36 70 73 7) 57 28 (88 87 82) (29 21) 55 71 17 (24 40 81) (68 74 64) (53 2) (35 79) (3 72) (49 47 89 16) 76 50 20 12
25: 79 73 (67 49) (33 29) 78 (32 74 11 66) 55 24 (76 40 59) 35 (83 13) 63 (62 12 56 34 44 5) (86 21) 69 (80 87 84 19) (85 23) (36 45 64 70 77 71) 30 42 (39 61 31 1) (57 25 65) 41 38 (88 8 28) 47
26: (80 37 67 88 87 85) 19 13 (61 41 20 1 66) 5 (79 71) (76 36 28) 21 (89 59) (55 84 8) 23 40 (44 33 25 26 50) (22 39 24 16) (12 29) 81 (64 49 62) 65 (90 35 11 3) (51 57 47 27)
27: 44 (26 40 81) 83 (80 85 42 39 78 62 71) (35 61 1 16 69) 67 (24 51 90) (22 72) (33 79 37 19 60 11 20 47) (2 88 34) (56 54 41 64 3 55 76) (49 87 36 48 32)
28: (29 65 88) (20 38 22 80 25) (40 74) (69 70 42) (10 49) (79 84 61 41) (83 57) (3 76) 81 21 86 (15 39 36 47) 5 2 (73 45 60) (27 72 62) (33 35) 87 51 (11 28 18) (24 68 55 63 85) 67
29: 77 (15 51) (28 78 23 88 71) 70 (81 39 60 85 41 7 42) 35 (24 10) 72 (20 57 1 38) 3 (79 56) (17 25) 64 (61 50 83) (80 59 55) (36 40) (27 21) 49 76
30: (50 37 57 59 90) 47 (45 34) (67 18 84 5 41) 19 (44 80 61 14 28) (68 8 30) (23 2) 39 53 11 (71 85 17) (56 65) (51 55 1) (49 36) (69 25 10 79 89 62 3 76 21 24)
31: (40 5) (54 77 55) 41 72 58 (19 60) (85 57 79 69 28) (90 35) (87 23) (66 76) 44 62 (11 39) (61 88 33 21) (24 25 36 83) 15 86 47 67 (74 71) (51 84 78 45)
32: 41 (66 85) (71 29) (65 40 21 56) (55 67 48 51) 11 (61 27) (76 19 88) 45 (81 43) (36 62) (1 87 3 5 28) 16 (59 35 44) (12 57 70) (39 49 50 15 47) (24 84 25) 30
33: 14 (21 79) (59 28) 29 (67 47 57) 45 88 (87 51 30) (24 23) (78 16 41 76) (3 1) 22 56 86 (73 44 27 34 17 39) 19 72 (9 11 12 60 31 49) 36 26 (40 5 2 8 64 20 71 90 62)
34: (49 8 2) 53 31 (1 3 79 51 44 63 57 24 66 34 33 59 11 23 10 62) (41 76 89) 22 86 83 (35 36 88) (5 25 39 85 87 27 37 69 19) (71 67) (84 21)
35: 21 (59 41) 51 (65 29) (15 44) (17 80 83 27) 19 (57 36 35) (62 79 76) 78 (40 63 88) (3 66) 42 (60 47) (7 85 23) 68 (81 25) 39 (5 32) 28 37 20 (49 2 43) (45 12 67 69) 18 30 (90 10) 11 (87 24)
36: 64 (1 45 43 51 85 65) (24 72 57) 21 (37 19 84) 86 (5 67 89) (11 55 66 49 36) 47 (30 35 10) (62 70 41 44) (80 59) 79 (88 12 38 56) (14 39) 81 (23 28) (63 76 16 3) 71 27
37: (19 69 83 27 15) (30 38 56) (36 40) 77 (48 20 25) (49 79 34) (45 1 76 28 57) 39 (41 26) 51 (3 88 66) (47 81 71 61) (16 21 24 55) (23 43) 62 84
38: 63 (5 21 78 66 50 48 28 42 41) (24 3 51 10) 55 (88 85 86 72 71 67) (23 62 25 36) 81 (35 2) (33 76 69) (44 79 49 19) (12 83) 61 (15 39) 57 37
39: (11 45 16 25 19 72) (7 57 33 2 17 34 28) (5 10 85 3 76 59) (66 37 40) (36 71) 49 44 27 67 88 30 (24 55) (20 21 38 41) 73 23 15 56 61 54 39 (53 47) (51 81 12) 63
40: 78 (21 68 58 72 1) 44 74 41 71 (56 32 35) 38 (2 84) (59 30 63 47) (20 43 36 89) (45 57 62 3 88) 23 (70 69) (11 49 25 22 39 24) (79 80) (85 51 42 5) (77 64 60 19) (67 27 76)
41: (55 42 71) 12 (90 8 67 45) (16 24 35) (15 29) 26 19 (41 1) 2 (40 11 31) (36 81) (56 23 73 6 38) (43 44 48) (88 27) 3 79 25 (65 51) (66 5 39 61) (69 76) 62 (20 57 59 70 49)
42: (48 1 65 44 81) (49 63 61) 5 (78 60 62) (79 55) 34 (72 21 24) (16 57) (90 40) (54 15) (88 14) (67 39 47 37 11 45) (12 3 85 73) 29 83 76 56 41 36
43: (28 50 41 3) 45 (15 60 90 23) (31 67 44 65) (36 57) (7 79) (66 21 71 48) (10 11 49) (61 27) 78 12 (55 74) (76 24) (80 42) (86 70 81 25) (87 30 83) (19 62) (88 72 47 1) 39
44: 39 (29 33) 85 17 (40 22 49) (21 28 32 19) 25 8 (11 88 24 30) (3 62 16 57 1 15) (12 36 78 35) (56 67) (54 79) 50 (55 51 41 63 66 5 37 76 45 64 80) 9 (81 14 34 71 69 90) 47
45: 76 (30 17 36 81 72 67) (47 57) 56 60 (34 49 27 21 25 86) 19 40 (73 48 41) 28 (7 62 89 83 2) (88 39) 23 (33 24 55 42) (38 77 37 16) 35 71 (45 51) 79 12
46: 1 8 (85 61 78 79 12 69 35) (63 28 15) (10 70 56 59 49 40 86) 67 (53 45 88 41 11 39) (48 65 90) (64 36) (72 87) (76 84) 47 17 (66 25 19) (24 57) (20 51) 5 (81 6 30) 26 (55 21) 16 29
47: (25 80) (60 75) 47 (55 67 41 35 85) (57 81) (20 31) (38 11) (77 42 56 53 63 39 44 50 28 40 88 86) 8 64 (15 76 79 16 61) 36 (90 5 62 33 89) 12 (19 49) 69 17 14 (51 70) 71
48: (70 76 77 67 30 15 10) 39 (55 11) (51 27 23) (33 16 69 17 3 65 47 40) 71 (88 72) 48 29 (78 66) 20 (31 79) 41 (5 44) (62 85) 83 19 (61 12) (75 63 81 18) 24 28 21 (22 1)
49: (79 57 62 60 5 48 23 61 25) 73 49 (74 24) 87 (47 81 42 39 28 71 56 80 12 83) (33 44) (76 40) 3 21 (67 38) 16 72 (41 30) (36 70) (15 27) (84 85) 69 (55 51 88 82)
50: (1 62 61 24) 21 (17 28 81) (50 39 69 13 88 64 23 79 38 85 65 66 15 19 37) (3 49 76 42 29 59) (6 71) (35 36) (51 57 70 78 25 47) 41 45 30 (12 74) 7 (56 63)
51: 5 (55 27 81 69 23 19 57) (64 85 11 12 65 67 44) (31 24) 56 7 (48 36 16) (21 38 71 86) (49 45 35 66) 22 78 79 (62 40 15) 88 28 20 (76 3 1 51 41 52) 8 14 39 (50 47 83) 90
52: (70 63 72) (18 67 85) (83 40 84) (39 89 20 47) 21 64 (51 81 24 57) (53 61 32) 35 (27 79 37) (1 15) (17 41) (30 62 80) (3 25) (90 56) 55 (11 23) (69 49 26 36 7)
53: 64 (41 39) 31 (29 49 43 9 51) 79 72 62 (90 59 2 28) 57 (40 27 12 83) (65 77 76) 22 88 (56 21) (24 80) 8 (53 84) 30 67 50 (36 23) (19 45) 47 (16 5 60) (71 25 42 81)
54: 83 (24 37) 71 (61 55 27 81 29 38) (69 89) (44 25 1) 34 57 42 62 90 (65 80 72 43 16) 41 88 (49 5 3) 47 (63 18 31 19 2 64 23) 86 (21 77) 12 (36 50 39 85) (7 67 48 40 76) (60 52) (56 51 45 8) 30
55: (76 39 5) (23 51 47 24) (79 6 12 68) (34 9) 80 83 (88 15 25 11 55 67 3 35 45) 21 (22 71 90 57 14 72 1) (85 28 31 7 41) (77 44 62 74) (40 49) (87 70 48 36) 20
56: 5 (67 12) 50 (43 70 57 29) (90 2 19 76 47 60 1 79 87 44) 61 62 (51 71 45) (72 74 81 64) (59 23 32 66 88) (10 86) 37 (3 68) (25 85) 36 49 (11 80 21) (39 35 55 16 41 6)
57: 65 (60 19 26 2) 90 20 (49 23) (47 5) 36 (12 31) 21 (86 57 22 70 62 85) 76 11 (88 72 71) (16 3 51 35) 79 (61 43 25 80 40) 41 (44 39 1) 78
58: (20 50 86) 85 45 66 47 62 64 79 59 (22 70 82 71) 44 (21 60) 39 (12 63) (24 11 73) (28 77 23 57 56) 88 (1 69) (90 15 35 41) (67 83) 2 (49 43) (16 42 3) (61 55 31 36) (72 9) (37 81)
59: 80 42 17 81 (49 37) 69 (14 88 79 61 34 3) (31 19 51 43 41) 63 (5 75 56) 67 39 (57 47) 62 (48 65 12) 11 27 (24 35) (21 2 85 9 59 55 36) 78 (28 16) (90 45 87 76 40 71 77 29) 44 72 86
60: (21 55) (36 66 78 38 16 1 90) (70 39) (60 87 67 88 20 18) (25 54) (50 47) 45 15 (22 31) 41 85 (49 57 7 5) (19 64 62 89) (35 42) (30 69) (52 79 68) (23 3) (77 65) (24 76) (28 81 83) 29
61: 8 (3 69 78 24 50) (60 21 65) (54 64) (20 86) 11 (85 17) (71 49) (84 59) (47 74) 83 (6 40 48 88) (36 27) (37 2) 81 (79 70 44) (55 12) (41 57) (39 34) (56 76 68 89) (29 51 67) (35 61) (9 46 38) 10 (80 19)
62: 9 (88 7 21 64) (48 76) (81 79 49 52 83 1 35) (39 57) (11 34 8) 16 40 55 62 30 28 86 (71 15) (47 10) (45 44 80 19 17 37) (65 50 78 41 20) 3 (56 25 59) (2 29) 72
63: (24 41) (81 51 72 79) 5 3 (11 23 12) (45 30 39 55) 17 21 (56 15 34 49 69 44 33) 36 (26 54 83 90 86) (76 1) (19 40 68 8 59 48) (43 67) (85 53) 47 77 (60 57 62 2 16 64) (50 88)
64: (16 71 7) (2 79) 47 (29 41 87) 18 (13 1) 12 (42 51 88 52) (63 59) 84 (40 45 70 80) 86 (25 67 10 5) (35 69) 76 (36 44) 24 (62 39 61 49 11 83) 27 (90 72) 57 (19 21)
65: 35 (29 79 88 1 48 47) (21 85 67) (76 54 62 51 57) 77 (44 39 56 25) (50 81) 87 66 (49 11) (41 71) (80 55 17 61) (10 42 72) (37 16 78) 5 (65 40 24 36 3 19 12) 18 30
66: 45 55 19 11 (36 61 72 26 22 57 41 28) 62 (24 35 27) 7 64 (21 51) (49 37) (60 12) (59 34 5 56 69) (85 88 90) 10 25 (66 40 81 20 79 47) (44 78) 71 67 (39 76) 33
67: (71 83 59 40 8 18 21 86) (15 57 44) 66 (23 32 39 19 26 76 16 56 27 9) (38 64 63 87 60 28 72 20 88) (84 22) 90 61 36 (81 49) (54 12 41 10) 70 50 (79 37 24)
68: (63 39 62 86 80 2 81 70 36) (8 43 47 10 41 42 76 61 72 53 20 31 11 12) (56 79 90) 23 (38 52) (16 83 77 71) 48 15 (21 3) (1 40) 51 (30 55) 57
69: (21 88 62 47 61 87 8 60) (50 57 24 12 41 59) (2 55 66 64 80 1 65 44 90 79 23 38 76) 63 (39 74) (45 20) (51 67 5 85 49) (31 11 72) (19 7) (29 86 36) 81 (35 34 84 71)
70: 42 (64 57 54 15 79 32 47) (81 39 44 88 49) (12 56) 16 43 (84 72 28 19 23 76) 5 27 (36 67) 41 (77 82) 25 (62 59) 52 (1 31 18) (63 10 61) 55 75 (21 80 60 2 40)
71: 25 (30 12) (79 88 15) (31 60 45) 66 (10 24 39 63 37 65) 16 (61 76 52 56) (71 28) 22 (1 77) (78 47 19 36) (67 84) 62 (2 41 55) 3 (57 5) (27 20 85 81 6 23 40 86) (51 18 21 44)
72: 24 88 72 31 (19 69) (40 21 76) 22 18 (3 44) 45 70 (84 79 11) 35 29 64 (39 36) 41 15 12 87 67 47 (1 86 42) (51 28) (56 30 57 49 81 20 71) 62 66
73: (49 21 78) 56 (26 38 19 70 15) (3 64) 57 72 (47 76 55) (66 80 25 51 88 14) 83 (74 30) (40 63 39 61 23 1 50 84 16 62) (48 69 54 41) (36 18 71 35) (79 8 9 81) 44 17
74: 51 (12 29 77 59 40 55) (83 39) (19 66 63 2 76) (44 31 56 9 27) (28 45) 86 (38 81) (3 79) (88 36 60 50 34) 49 (8 33) (78 23 41 71) (57 35 80 24) (22 42) (15 72 1 25 47 26)
75: 87 (44 50 23) 41 (40 88 51 61 35) 3 86 (57 38 43 5 16 67) 11 (39 21 18) (79 37 49 45 78 28 36 47 63 19 85 90 62) 10 (17 24 27) (71 15 83 56) (2 70) (1 81 12) (64 77 74 8)
76: 45 62 15 (24 5) 9 69 (27 78 44) (73 48) 49 28 (21 79 36 75 23 55 67 47 83 76 64 59 35 20 18) 51 (3 71 41 12) (2 39) (72 63) (6 88) (19 81 70 57 80) 25 87
77: (15 75 14 42 2 76 59) 27 (39 19) (83 41 45 78) 21 87 55 90 (71 69 44 40 51 36) (10 20 62 64 24) 1 (56 63) 17 (57 81 3) (77 79 47 84 11) (67 28) 53 (16 50 12) (30 88)
78: (56 34 41) 70 3 (86 42 54 62 10 64) 61 (69 57) 84 65 (67 55) (12 39 20 11 21) (36 27 80 47 81) (71 9) (90 33 76 23) (66 38 72 51 16) 1 (88 25 44 85 63 24)
79: (81 62 23) (74 60) (61 2 36 5) (71 57 41 21 76) 88 3 (24 45) 42 (65 84 51 85 55 52 39 56) 79 (1 70 30) (47 49 16 72) (20 40 80 67) (15 58) 66 27 26 (11 44 33)
80: (90 42 57 77 59) (19 81 5 16) (1 69) (79 55 47 72) (2 60) (45 61 29) 43 (7 41) 86 (88 24 36 33) 65 (35 14) 22 (51 21 71) (37 39 40 23) (76 56 62 11 3) (85 84)
81: (49 45 83 41 37 27) (39 90 5) (55 40) 3 (67 63) (69 76) (24 60) (81 20) (2 23 36 12 15) 18 (87 21 65) (82 62 79) 86 (85 57 71) 51 13 (47 26 33 19 78 61 80 56 84)
82: (41 24 21) (68 56 50) 80 (19 3 59 15 60) (79 86) 47 36 11 (61 12 49) (62 57) (29 78 71 25 1 64 65) (76 40) 16 67 (88 2 87 69 39) (72 66) (22 18) (90 51 32 85 44 55) (83 70 73)
83: (47 8) (27 25 69) 26 32 21 (24 81 66) (3 61 55) (45 11 63 10 12) (60 76) (35 29) (86 78 5 41 80) (23 88 62 2 51 77) (44 20 67 28 83 1 19 74 56 64 17) 49 (30 79 57 53 31) 39 59
84: (11 16 61) 74 79 (71 28) 57 (56 24 21 60 7 52 35) 19 18 (39 51) (88 70) 49 (3 9 86 44 77 47 22 55) (2 5) (26 59 29) 67 (41 62 76) 68 23 (12 40) 36 63 1
85: (42 22 24 16 11 62 17 81 40) (74 31) (38 47) 79 (86 34) (25 80 36) (41 51 50) 56 (18 61 55 71 49) (3 43 76 60) 37 (72 69) (57 88) 23 (1 90 19 27) 83 (45 7) (21 35)
86: (23 42) (47 11 62) 40 (67 64 36 21) (61 81 41 88 3 65) (63 79 84) (77 78 22) (44 5) 27 (39 57 76) 1 (30 51) 32 (59 38) (15 55) (66 71 56) (72 19 85 86 80) 24 49 (29 69 16)
87: (31 7 89 39 43 37 85 5) 35 21 (70 18) (12 24 47 63 23 84) (2 77) (87 36 59 72 55) (88 52 56 60 42) 62 (41 81 61 19) 29 49 44 57 71 (79 1)
88: (43 77) 76 (5 56) (3 88) (57 34) 84 83 (62 48 42) (51 61 23 66 12 41 16) 17 (7 27 65 11) (79 89 90) (18 40) 69 (19 49 45 36 21 71) (24 39 2 44 15)
89: 70 (68 87 2 88 65 85 78 61 64 60) 50 74 5 (45 19 1) (63 44) 3 (12 84) 29 21 (28 11 15 47 24 90) 62 89 (16 37) (59 22) (54 67 79 71 57 66) 40 (49 51 31) 76 (35 10 39 23 55 72 81 41)
90: 59 (74 47 60 71 89 56) (72 49) (42 76 43) (41 12 50 20 34 70) (30 35) 64 8 (57 21 73 62 86 16 44 36 19 51 38 81) (25 67) (15 39 83 24 85) (88 11 80 37 1) 79 63 (55 27 5 66)
