90 90
1: 12 (1 57 47 60 55 41 18 36 16 20 71) (11 84 28 31 65) (50 43) (86 29) 63 (5 81) 9 (38 32 74 82 23) (88 72) (78 87 89) 45 85 (8 80 37) (69 10 49) 13 (58 62) (19 7 15) (59 35) (34 61 2 4 90) 24 (54 21 79 73 67 83 42) 25 (53 51 3 64 48) 77 (66 56)
2: 83 (67 16 81 44 87 15 33 5 62 37 79) (57 9 30) 3 (20 4) 63 13 (7 49) (11 24 38 45) 59 (19 26) 56 40 75 (41 48) 69 (50 22)
3: 64 28 (40 78 47) (22 70 34 18) 51 89 (24 74 80 60) 85 (19 21) 14 87 (7 1 58 43) (88 76 75 23) 20 53 5 (33 52 90) (8 41 13) (81 10 63) 56 39 (49 32) (79 61 83 48) 55 (3 2) 38 84 9 73 72 45 (57 6 31 15 12 42 44 54 36 16) 71 26 65 67 11
4: 43 15 26 (41 67 76) (89 25 17) 86 7 (24 54 73 58 42 28 32) (62 13) (16 14 75) 64 (10 4) (36 19 34 8 47) (78 27 77) 70 (11 38) (88 53) (40 79) 57 52 69 21 (55 56) 68 22 65 (39 44)
5: (90 31 57) (76 3 59 58) 22 (55 27 23 33 28) 56 54 4 (64 36) 74
6: (54 85) (84 25 82) (12 41 61 66 36 8 53 27) (78 34) (19 76) 23 (26 13) (52 24) (39 89 1) 57 79 38 3 (16 73 32 14 18) (44 42 68 70) (75 63 69) (48 2 72 59 29 22)
7: (25 48) (42 8 67 14 29) (18 30 54 13 58) 10 65 (75 90) (66 16 27) (59 72 33) 34 4 23 (69 15) (43 78) (60 55 12 19) 84 87 (20 82 50 35 2) 83 40 (21 7 37 52 61) (9 76 68 1) (77 5 38) (74 81) (49 80) (44 64 28 32) (26 6 22 88 71) (70 51 46) (17 89) (62 3 39 86 79 45) (63 31 36)
8: (61 84) (20 79 67 50 66 7) 25 (72 6 31 57 8 14 16 1) (3 40 45) 65 (78 51) (90 55 81) 56 (42 73 30) (86 85) 15 (74 4) 63
9: 17 (54 76 67 72 15) (5 65) (32 59 28) (53 47) 66 27 (68 20 24 50 13 89 58) (4 44) (46 87 42 78) 82 (29 62) 9 (49 74 73)
10: 87 (4 10 15) (49 79) (71 46) 85 (25 41) (5 17 26) (56 14) (86 78 9 67) (48 60 47) 18 (72 8 35 69) (1 27 31) (12 53 22 84) (33 54 36) 43 (42 66 34) 44 (7 68) 88 (77 16) (28 90 74) (24 32 89) (29 57) (64 19) (51 63)
11: (39 35 61) 64 7 23 56 (6 20 3) 84 (29 58 17 65)
12: (15 17) (45 37 33) (62 84) (18 59 8) 23 (68 1) (65 69)
13: 19 71 (13 90) 23 (25 30 31 65 63) (64 34) (18 72 52 38 17 6) (87 58 29 69 4 8 44 83) (53 22) (84 39 11 21 78 66 5) 62 (79 27) 80 89 (12 54) (75 73) (68 7 26 37) (59 1) 74 82 55 (49 33 50 28) (9 2 70 16) 48 (60 3) 56 40 (77 20 24) (14 32 35) (51 81 88) (85 76 46 57)
14: 43 7 (27 40) 29 36 (25 48 41 38) (46 68) 15 72 (33 16 11) 71 (90 5 67 89) (86 76) (59 42) 37 26 (79 83 12 85) (22 45 54 57 44) (18 39) 32 (87 47 78 69 10) 24 (49 64 17) 3 (14 84 23) 4 (31 21) 35 (30 55 58 6 88) 52 (60 1 13 62) 2 70 (20 9 28)
15: (31 1) 89 (9 32 49 5) 82 (12 58 42) 36 (55 56 57)
16: 10 (21 80 57) 82 (13 58 65 7 47) (15 72 64 33) (37 52) (60 87) (69 22) (51 42) (76 11) (79 44) (12 62 20) (46 38) 66 (23 2 39 9) 32 (85 74 16) 90 (70 25) 59 (34 86) (68 63 78 75) 45 55 (77 5) 6 54 89
17: (4 53 52 45) (37 18 77) (83 82 15) (32 64 43 41 70 13) (78 21 84 17) 48 (24 31 20 90 42) (35 65 50 38) 81 (7 40 9 86) (72 85 2 51 3 29) 12 60 (88 47) 68 (76 33) (44 39 62 1 23 30) (34 22 59) (5 61 14) 8 (46 63 26 66) (69 58 11 19)
18: (10 59 79) 74 42 (47 86) 46 88 (53 80 45) (2 11)
19: 71 13 68 (78 74) (66 31 11 48) 16 (43 81 33 23 77 7) 57 88 6
20: (21 70 79) (62 15 25) 37 67 19 (47 35) (71 76 33 75 46 68) 50 (87 42 51 43) (1 39 10 6 74) (86 61 44) (29 9 60) 59 31 (32 26) 82 (12 17) 54 (38 30) 40 (73 5 2) 78 41 (81 24 52 66) (45 53) 3 63 (36 88 7 69) 55 (23 16 28 8 90 89) 57 18
21: 75 (76 37 78 45 58 17 63) (77 26 67 59 87)
22: (6 67) (20 17 28) 14 73 88 (10 71) (18 40) (79 9) 39 (30 78 83) 13 89 (23 1) (33 74 77) (66 16 46 62) (76 65 49 12 22 27) (68 19 11 90)
23: (69 80 47) (39 90 3 67 32) (59 74 63 4) 11 (68 71 5 73 66 33) 27 (60 46) 79 (6 8) (26 12 75) (31 89) 45 1 (78 19) 35 (30 28 23 51) (57 87 61) 20 (77 72 42 48 15 56 18 17 76 49 54 43) (22 7 2 62) (13 34) (50 25) (53 37) 81 (16 86) 70 (83 64) (29 10) (58 14) (82 55 85 9)
24: 77 (61 83 12) 13 (43 26 41) (73 25 69 35 57) (30 67 22) 58 (62 63 16 66 90) (71 81 8 32) 85 47 36 37 (80 84 19 38) (18 65) (87 29 53 39) (14 72) (24 86 76 31) 89 1 (82 28 7 6 78) (33 21 23 3) 52 (4 74 55 5 46) (88 9 56) (48 34) 59 17 54 (64 51 49 75 2) (68 42) (60 15 70 79 44 40 11 20) (45 10) 50
25: 40 (28 64 16 10) 41 (65 51) 77 (19 66 27) 2 (18 22) (63 8 5) (45 44 31) (21 82) (60 26 67 55 35 71 59) (32 23) (54 13 58 47 49 72 69) 79 (53 33) 42 (68 80 4) (83 38 46 50 61 30) (74 89 14 70) 78 (1 43) (57 9) (39 37 34 11 86 17 7 25) (87 85 20) (15 29) 73 (36 62 52) 81 6
26: (83 32 29 70) (82 49 57 55 51) (62 35) 10
27: (32 9 50 62 38 10 24 69 81 49 35) (89 15 6 4 58 31 41 19 73 42 82 36 11 20 88 64 37 77 67 68) (79 44) (33 40 63 7 23 78) 21 (61 86 25 3 59 34 55) 87 (8 16) (51 45 1) (90 30 29 76 39) 65 (17 5) (70 53 56 74 28) (57 54 22) 2 46 71 84
28: (3 83 54) (76 73) (1 57) (43 55) (20 50) (39 10) 42 35 70 (38 26 49) 80 21 6 (8 4 90 52 63) (11 22 16) (5 46 41) (19 81 7 17 32) (68 88 40) (74 33) (13 37) 31 51 (78 47 61 44 56 14 15 67 27) 85 (60 9 24) 62 (87 82 65) (53 29 86 66 75 58 69 45) 23 30 (2 79 28 34 59 36) (64 12 71 48 72 25) (84 18 89 77)
29: 25 (67 65 73 46) (38 75) 69 24 62 (88 20 74) (8 84) (2 78 16) 39 34 (79 57) (81 27) (17 6) (41 66 1) (13 44 26) 80 87 (71 55) 35 (68 60) 9 (3 48) (70 4) 14 51 (40 23 43 61) 76 (54 15) (5 63 22 83 7) 85 (52 21 77 82) (53 56 29) (72 64 10 37) 45 (19 12 36) (32 18 86) (50 42) 31
30: 27 80 86 (45 77 15) (90 11) (53 66) (69 89) (56 34 61) 43 63 (33 22) (55 78 73 58) (49 54) (48 51 67 20) 29 26 (3 17 7 28) 42 36 12 (81 6 30 32) 79 (13 9 10 1) 59 47 (21 4 87) 38 (19 16 52 83 23 60 44 75) (37 35) 70 (31 24) (68 14 46 50 39 8 76 57 65 2 5 18 62 72 64) (25 74) 71 85
31: (13 63 33 84 70 54 60 47) (36 78 65 12) (43 35) (37 24 74) (52 31 56 81) 38 46 (41 3) 1 (90 5) (57 17 32) (42 87) (4 48 15) 40 27 62 (77 25) (50 69) (2 9) 66 (76 20 51 30 10 80 75) 18 (73 64 85) (14 68) (23 79) (49 67 44 6) (72 86) 19 89 (39 59) (29 58)
32: (9 65) 82 (32 18) 34 (83 86) (56 66 87 58 51) (22 11) (21 74 3) (78 53 27 73) 13 15 (12 45) (57 62 36 23 6) (20 79 39 52 19 5 7 50) (31 59) (26 67 41 2) (76 43) (90 17 1) (46 40 84 75) (29 72) (37 77 44 89 28 68 54) (49 69) 33 (8 71 60) (24 70 35 85 4 14) 63 (42 80) (30 88 47 38 64 10)
33: (86 8) 4 (53 24 65) (66 27 25 69) 61 50 (47 26 17) (10 30 81) 73 48 54
34: 48 38 (84 7 63) (39 75) 10 34
35: 51 (33 14 3) 15 (61 85) (6 81) 69 (22 56 11 52 30 89 34 77)
36: (1 59 82 67 18) (53 28 64 13 21 31 72 40) (45 88 12) 85 (34 51 46) (62 55 41) 69 57 56 2 87 (50 3) (66 86) (58 24 54 5 70) (37 14 63 44 19) 65 4 (79 35) 6 (83 17 75 7 89) (29 73 61 36) (38 49) 43 (15 26) (84 32 33 11)
37: 35 (2 45) (19 5 53 66) (78 61 11) 57 (27 25 55) (38 7 36 68 44 17) (88 54) (84 58 23 20 49 22 62 87) (79 71)
38: 30 13 (55 54 58 47) (39 36 87 68 31 23 78) (90 63 61 65 51) 88 (76 24 84 45 79 10 66 43 26 17) 35 (42 14) (71 64) 25 (15 70) (56 60 33 89 41 6 69) 27
39: 50 (47 38 67 25 40 15 16 54 57) (58 7) 90 (83 80) (63 82 86) (12 73 62) (53 88) 79 (31 5) (9 27 78) (49 34) (64 84 8 13 43) (37 81 17 10) (71 68 6 60 18 89 46 3 74 44) 65 (45 69) 77 (23 26 21 4 66) 36 22 (32 2 28 52 30) 76 (11 85) (14 41 61 39) 48 (35 72 56 51 20 70 55 1) (19 24 29) (42 59) 33 75
40: (43 30 65 79 1) 5 (72 40 21) (75 67 73 66) (82 47 22) (39 59) (86 20) 7 (90 89) 44 (13 34 49 9 61) 85 6 (45 64)
41: 52 74 (63 83 19 50 30 34 53 2 33 27) (78 84 42 3) 59 49 (58 23 47 80) 9 12 (36 66) (62 69) 22 (11 39 25) (76 81 17 68) 40 (8 28 1) 70 (37 29 46 48) (86 10 26 73 16 18 65 54) 89
42: (59 25 78 90) (48 27 30 6) 81 (56 39) 28 60 (62 7) (77 51 75 10) 3 86 (67 16) 18 52 (46 45) (54 22 5) (53 76 31) (4 35) 20 19 (58 63 12) 89 (32 33) (73 26 74 13 66 15 61 17) (44 80) 41 (64 82) (8 50 72) (2 83 36) 69 (43 24 57) (1 38) 87 (65 42 71) 85 (23 14 68 34 49)
43: (82 48) (16 38 71 29 86) (51 35) 31 (50 25 36 3) 85 (40 46) (33 20) (67 59 49 60) 22 89 (79 9 42) (84 74) (65 24 87 10 90) (13 15 44) (28 55 23 62) (18 81) 72 (76 52 78 37 14 64 56) 75 27 30 (54 5 21)
44: (67 26) 1 (75 9) 14 (46 45 6 13 61 4 25) (17 12 20 86) (19 11 41 31 48) 70 (62 77 30 78 42 76 7) (43 35 3 39 58 47) (64 83 40 21 81) (84 49) (85 44) 16 (63 60 34 37) 38 (8 5 57) 29 74 (28 24 33 71) 68 27 (89 65 82) (36 72) (53 56) 32 (59 73) (52 50 80) 2
45: (67 72) (51 79 42 8 28 25) (77 31 66 44) 54 33 (10 39 38 32) 48 83 86 (76 46) (24 63 17 14) (22 59) 27 53 21 (80 52 62) (34 81 26) 30 (5 2 41) (9 4) (74 56)
46: (13 73) 83 (35 14) 63 36 (1 24)
47: (64 52 82 71 79 30 33) 7 (67 43 46) (16 31 18) (74 51) 38 (34 37) (44 66) (53 21 28) (45 56 63 23) (25 15) 39 (58 27 85 68 54)
48: 56 79 57 (78 88) 74 (58 24 75) (87 83) (67 8 25 90 47 44 69) 19 (20 39) 48 (4 68 72 27 3 54 81) (73 5 30 46 52 34 45 55 26) (51 1) (9 42 76 21 32)
49: (41 51 20 50 74 62) (56 52) (4 17 86) (66 8 81 64 57) (24 77 30 26 38 31 65) (14 49 63 33 59 82) 54 29 68 (61 90) (22 53 34) 27 (87 15 23 79) 80 (28 83 89 32 76) (75 72) 70 12 69 1 (2 25 42 3 46 48 9) 88 (71 85) 67 44 6 (18 21) 16 (47 19 58) 5 (36 35)
50: (53 26 21) 88 (22 46 16 13) 37 77 (85 41) (7 84 28 90 61 25) 4 65 (60 49) 35 68 (10 38) (74 57) 83 8 (86 40 56) (58 89) 63 (6 70 2 36) (52 23 62 72 43 87 45) 76
51: (13 51 7 48 73) (19 3 9) 6 (82 88) (21 52 40 60 57 56) (36 44) (29 84) 34 (8 62 30 42) (15 67) (83 31 47) (46 90) 89 (16 22) (27 81 53) (45 2 4) 87 (23 85 70 74) (43 68 86 28) 69 (49 5 26 79 35)
52: 62 31 61 63 (15 59) 88 54 (14 30 79) 74 84 (67 17) 42 (24 40) 18 9 76
53: 66 (58 37 9 17 63 82)
54: (84 21 85 52) (12 39) (37 18 8 88) (41 74 51) (46 68 24) (76 43) 77 6 (61 17 32 26 30) (67 33) (82 35 15) (23 65 45 87 22) (47 50) 44 (59 19 55 86) 25 79 58 29 (10 11)
55: (90 34) (58 68 59) (31 78 25) 52 24 (2 27 3 63) 38 35 69 83 14 (62 22 64 67 43) (21 26) 87 (1 74) (57 66 54) (72 45 77 89 39) (29 86 49) (85 56 55) (60 48 76 82 50 51) 40 (84 81 23) 42 (6 53 7) (12 80 47 30) (65 17 18 5 46) (19 70) (32 10 8 61 36 37 11 41) 88
56: 58 (11 17) (70 66) 45 (40 22) (39 50) (56 43 16) 57 42 (10 89) (18 79 38) (61 51) 25 67 (30 2) 14 (8 77 60 12 53 35) 68 49 55 (34 31) (81 5 23 32) (47 76 87 83 44 54 64 46) (15 78 28 13 41 6) 29
57: (4 69) 10 (58 68) (3 76) (63 34)
58: 89 24 82 19 (80 68 50) (33 6 11 15) 66 (55 34 64) 47 (1 45 29) (38 86) (54 85) (9 2) (35 32 17 65) 40 (10 31) 18 (3 42 63 57 46) (90 84 67 72 28) (41 43 39) 58 77 (59 12) (26 61 36) (37 75 51 73) 60 (5 52 7 53) (56 27) (49 79 14 74 30) (48 69 71) 13 (4 20 70 62 8 78) (25 88)
59: 37 (81 21 40) (46 38) 32 (18 2) (74 4) (44 52 82 33) (8 3) 58 11 77 (51 83 69 41) (75 53) (1 48 16 30) 63 (36 22) (90 31 59) (25 86) (12 80 54) 35 (61 43) (7 29 67 84 47)
60: (80 24 35) (18 26 32) 41 85 82 16 (25 53 13 76) (61 49) 6 (89 1 17 60 56) 44 (88 9) 77 (39 67 90 12 23) (22 34 3) 45 (7 73 15) (66 51 11) 86 (72 19 84) (75 30 87 43 28 71) 83 (2 14 47 46 50 42)
61: (83 67) 76 (18 30 44) (60 5) (45 53 90 23 42 55 15) (25 31) 16 (70 54 74) (40 39 56 13 10 28 78) (81 61) 84 (62 35) 87 (58 41) 19 (48 89 1) (80 75)
62: (43 60 79 30) (88 38) (65 82 12) 25 (35 69) (54 59 81) (31 89 70 78 47) 83 1 (71 11 80 63) 51 (34 10 6 55 77 57 75) (56 41) (4 48 46 9) 62 (84 16) 22 68 (58 24) 28 (52 2) (17 49) 3 (27 76) 18 23 61 (85 32 50 66 29 13) 14 (19 42 67 15) 74 39 73 37 21 (45 40 7 36 5) (33 86)
63: (37 48 53) (23 16) (7 6 44) (51 31) (30 80 8) 34 (19 70 64 50 9 88 14) 22 (2 36) (54 12) 35 76 (27 3 38 68 58 75 60) 82 (85 66 5) (1 62 15) (86 21 55 71 18) 4
64: 72 (13 63) (81 19) 64
65: 72 87 (50 32 83 46 9 82 31 43) (28 15) (76 70) (7 14 60) (67 71 41) 21 (39 22) (45 81) (23 30 8 56) (38 89 58) 11 2
66: (38 68) (52 49 90 39 11 22) 34 (75 28) (71 35 14 33 9 21 79) (18 74 73) 26 86 (27 62 42)
67: (31 20) 35 (71 5 59 45 15 54) 37 (29 88 36 10)
68: 85 74 (19 12 34) (56 14) 78 (40 17 36 77 37 6) 86 (5 46) 1 (10 70) (18 38) (9 60 61) (83 51 76) (64 89 2 84 55 7 54 67 44) 29 87 (88 48 82 49) (31 24) (72 25 20 3 90 35 13) (81 43) 68 63 66 (15 73 42) 52 (33 8 32 58) (59 16 30) (79 41)
69: 26 20 (60 8 16 57) 36 (29 44) (68 78) 22 (89 86) 80 52 40 (45 61) 65 67 10 55 (4 56) (43 6 3) 71 74 (24 49) (13 1 15) (73 66 27 9 77 41 18 25 35 59 21 88) (12 81 69) (11 28) 17 (46 64 33 84 39 76) (63 85)
70: (87 52 54) (64 86 14 74 34) (80 47) 40 (78 10) (6 82 89 60) (24 65 73) 35 20 (8 75) (72 50) (36 90 76) 69 21 (19 45 4 43 32) (38 29) 13 (25 44) 70
71: (32 36 76) (33 40) (3 55) 59 17 81 (42 43 69 53 83 62 51) 9 (87 50) (6 15 8 77) (89 29 63 84 82) (13 65 78) (34 47) 21 (10 66) (88 75 57 86)
72: (28 82 23 45)
73: (6 66 85 14 71 87) (68 31) 28 83 53 56 13 5 44 89 25 (9 7 59 18) (75 30) (38 46 8) (61 40 54 16 90) 65 10 (84 33) 35 (76 3 29 81 24) (88 26 67) (41 21) (36 70 17) (60 64 73 80 34 49) 86 (50 57) (19 4 52) (74 32 77 47 43) (79 55 42) (45 2) (20 11)
74: 19 40 76 (21 72) 20 (62 35 36 61) 81 (75 59) 85 (70 37) 27 (2 78) (51 53 39 82 48) (56 54 29 44) (38 74 3 69 5) (26 46) (47 60) (9 8 52 84 25 14) 32 50 90
75: (84 81) 34 (60 67) 26 (15 83) (16 32) 42 (59 90 71 65 13 41) (87 78 37 12 5) (74 1) (45 36) 77 10 14 43 85 (66 62 79) 33
76: (55 47 67 63) (70 3 42 24) 32 (38 79 22 14 65 85 78) 28 81 (80 46) 61 4 (17 34) 84 30 72 39 6 (60 23 88 40) (69 73 16 89) (10 18 53 56) (12 7 57 90 5) (82 59 11 68) (41 49) (50 87 64)
77: (62 46) (23 90 84) 40 (3 6 11 49 34 70) (71 58 51) 89 10 (54 52) 13 60 (73 57 31 69) 87 (33 66 77 8 76 61) 22 (43 35 20) 55 88 (39 56 27) 5 (14 32 29 19 37 7 2 4) (18 74) (45 85 12 28 16 41 72) (80 68) 50 (59 47) 63 65 (1 30 24 81) 38 36 64 (83 44 86 75 17 53) 9 (67 42) 48
78: (85 47) (23 75 88 13) (17 59) (12 65 18 52 54 28 74 67 19) (71 70) (81 20 64 8 57 24 66) 61 35 68 (36 7 46 39) 14 (37 31 50 78) 62 3 (11 10) 25
79: 89
80: (18 44 81) (17 38 84) 37 (8 31 55 9 12 4 22 87) 54 42 24 (89 67) (80 7 50)
81: 24 81 (29 4 39 55 86 70) (30 25) (9 75 67) (58 57 85 32) (47 42 22) (34 48) (78 26 17) 23 (10 63 44) (11 19) (83 59) 3 (40 80 73) 79 (38 15 13 56 37)
82: (2 41) 31 7 (3 6) 89 (64 34) 17 (14 66 40) 59 29 61 (36 20) (86 68) (56 51 58 46 16 79 75 4) 83 54 88 (74 50 30 48 65 27 67) 24 19
83: (73 17 52) (90 44 58 47 65 28) (82 33 61 14) 19 (20 53 13 63) (60 22) (88 10 30) 36 (62 5) 32 (80 76 64) 70 (39 1) 3 16 40 (74 85) (21 9 29 34 6 35 86 67 59 24 11 2) 71 (23 89) 37 (26 25 38 15)
84: 88 (32 44 87 45 37 47) (77 31 11) (56 3) 50 (80 85 12 52) (79 41) (2 84 21 24 14 22 10 61 89 35) 65 (73 70) (58 62 39 17) 57 (46 29 9 82 63) (13 5 27) 60 68 66 (19 75 72) (64 36) 25 83 23 86
85: (82 56 23 33 72) (85 73) (63 64) 88 (34 86 30 16 59 29) 9 (6 70) 43 (80 15) 4 44 18 65 (41 81 17 71 84 47 32 52 11 61 1 78 67) (26 25 69 89) (75 46 37 62) (14 10 24 45 27 31 42) 79 (40 55) 7 74 (19 51) (48 20) 58
86: 68 (87 17) (83 82) (32 11) (81 29 4 90) 42 38 (77 16) 12 (13 22) (49 27) 64 (65 10) 45 57 28 (71 62) 33 (80 52) (43 19) 56 30 (75 25 7) 14 76 (79 8 24 69) (72 46) 47 (6 51) (60 85) (5 44 9 41) (59 40 73 21 54 53 36 63)
87: 75 55 16 (84 73) (66 30) (81 28 40 10 23 34 61) (65 82 87) (47 77 62) 54 (85 26) (74 46 1 32 6 20) 76 50 (59 41 63 80) (39 56) 24 90 (51 27 52 72 5) 83 (86 53 42 4 69 48 64 43) 31 13 88 (18 67) (33 15) (22 29 89 45 37 7 11) 71 70 38 79 (3 44) 60 36 8 14 (49 9 17 12 35) 2 21
88: 29 (46 67) (60 80 68) (14 53 66 19) (28 55 84 11 32) (59 9) 16 24 64 (87 35) (76 54) (61 50 43 20 49 23) 81 (51 36 83) 77 (86 27 12 44 70) 90 63 (40 13 75) 17 26 (82 72) 22 18 (85 79 15) (74 62) (69 37)
89: (6 60 73) (10 41 77 70 56 48 63 83) (21 53 49 28) 54 (15 33 22) 46 71 (1 89 37 68) (38 43) (9 13) 20 (51 16 44 45 47) (58 36 72) (11 76 8) (34 86 81)
90: (52 79 7 14) (38 76 46 74 83 41 25) 15 13 47 (10 71) (75 20) (45 28 23) 29 (27 55 54 50 57 85 53) (69 67 64) (12 24 36) (68 6)
1: 1 (62 17 22) (31 13 87) 20 (68 6) 75 8 (23 83) (63 10 36 46) (49 24) (77 32 14 7 30) (39 85 59) 58 44 25 41 29 42 (61 89) 12 27 (60 48 40) 28 (55 69) 3 15
2: 41 (62 65 44 28) (87 13) (23 68 50 59 77) (29 39 36) (37 16) (32 24 58) (42 60 82 51 55) (6 84 7 83 45 3) (27 56) (25 18 1 73 17 31) (63 20 14 49 74) 30
3: 57 (73 13 27 71 44 8 69 63 59 82 60 68 42 74) (78 24 36 17 35 5 84) (23 87) (76 48 81 1 11 30 41) (77 7) 29 (31 3 83) (32 14 20 58) 2 51 (28 62 55) (39 49 43) 6
4: 24 27 87 36 30 62 59 5 (32 51) 4 (7 77 76 69 73 50 49 85) 82 (33 45 17 2) (80 29 28) (57 39 8 25) (58 23 81) (13 31 42) 63 1 14 (86 44 10) 48 (9 70)
5: 27 (62 37) 17 (76 49 83) (86 40 31) (84 20 68 42) (55 1 39) (58 9) (36 25 23) (13 10 30 16) 32 7 (15 24) 43 (87 29 75 73 56) (67 3 14 63) (28 74 45) 2 (51 44) (48 77) 61
6: (28 38 56) (89 24 31) 19 63 58 7 (49 73 36) (42 8) 20 60 3 (82 55 70) (14 23 25 87 76) 77 (62 27 68) 30 (83 54 51 16 11 50) 40 (29 71) (13 69 22 85 86) (44 90 35 32 39)
7: 30 (28 13) (8 24) 47 (80 65 17) (77 58) 34 14 (20 1 3) 63 (23 76 78) (85 40) (82 68 11 44) 55 51 16 87 73 (50 36) (7 62) 2 (59 4) (32 60 25 29 86) (27 39 90) 19 37 (42 10)
8: 39 (71 54 68 74) 77 (59 13) (27 6) 17 (89 25) 4 (42 41) 49 (45 33) (55 58) (63 65 78 3 73) 69 (56 44 87 10) 20 (12 29 70 50) (1 23) 24 (7 28) 8 (30 48) 32 (51 86 80)
9: 31 (28 29) (77 48 17 81 45 32 68 40) 25 (30 58 22 20) 60 (10 44 53 83 51) (23 39 16 73 66 49 43) (14 2 27 3 15) (13 84 80) 63 (1 52 87 85) 74 9 89 24 (88 71 41) 69 (7 86 65 62)
10: (39 56) (31 38) (85 62) 69 81 (55 20 26) (4 3) (75 24) (7 67) (83 22) 34 54 18 (30 50) 33 (78 23 1) (73 86 76) (16 87 10 25) 32 71 14 (42 84 41) (77 43) 90 28 (57 61 89) (29 45 68 27 58 70)
11: (4 88 25 1 28 24 44) 87 22 (37 85 84 77 3 54) 27 19 (66 2 81 73 41 56) 35 (69 17 30 32 39) 89 (55 36 78 86) (58 16 18 62 83 60 76 23 13) 14 65 59
12: 17 59 28 (55 58 22 88 16) 60 78 86 54 (41 23 3 14) (87 63) (42 36 6 62) (76 80 1 15 84 13 7 29) 24 (39 20 30 68 90 10 44 75 31 32 77) (49 69 56)
13: 19 (28 68) (40 1) (3 13) (50 42 22) (23 31) 81 70 (36 56) (75 32 71 6 38 83 64 25) (30 86) 87 24 (60 61) (44 78) (89 51 69) (17 2 29) (4 7 84) (39 43 77 88) (9 46 58 62) (14 90) 16 73
14: (29 63) (60 46) (8 44 24 74 39) 31 25 75 (3 13 36 78) 84 32 (83 58 38) (86 56) 10 (49 14) (4 55 70) (17 85) 30 (90 35) 68 73 62 (87 88 42) (28 77) (23 52 76) 65 (6 45) (66 22 43) (82 7)
15: (68 32) 89 (38 24) (28 7 51) 16 (90 36) (31 69) (27 25 30 29 87 12 14) (52 83 62) 43 20 67 (65 1 2) 60 63 (49 3 71) (81 47) (75 54) (17 39) (58 9 61 4) 23 (85 8 42) (10 35 56 88)
16: 30 (43 76 47) 27 13 (1 24 89) (6 83) (85 77 39) (88 82 8 22) (75 62 44 16) (3 73 2) (51 19 4 10) 60 (59 7 23) 49 (42 61 20 28) 41 63 (87 29) (14 69 50) 68 (56 86 25)
17: (78 38 62 42 33) (37 81 17 83) (60 22) (55 32) (12 39) 20 (88 4 84) 30 21 29 68 (25 27 82 49) (23 76 9 36 45) 13 56 (44 73 86 54) (11 53) (85 14 10 31) (77 80 58) 69 52 87 24 (41 28 71 7)
18: 66 (55 77) (54 30) (49 23) 13 (32 28 88 58) 76 (56 39 25) (68 31 62 20 3 12 60) (6 87 80 17 63 36 69) (10 61 1) 7 59 85 24 (78 73 29) (41 22 47 52) (42 43) 14
19: 22 85 (83 63) (55 2 70 31 13 60 54) (49 81 61) (64 77 29 42) (27 25) (32 23 84 7 37 6) (3 86) 68 (39 78) 4 36 28 44 (17 30 1 41 82 10 62 48) 20 (73 51) (74 24) (58 88)
20: 74 68 (2 88 44) (22 14) 16 49 (40 77 43) 31 8 (67 9 13) 48 3 (24 70) (90 82) (1 28 7 29 23) 30 32 (39 25) (11 37) (85 89 87 73) (83 27 58 69 78 42 17)
21: (13 45 14) 71 70 (30 62 20 54) (43 51) 69 (39 27 66) (89 16 48) (84 3 86 36 49 1) (4 24) 28 (29 47) (83 73) (87 50 40) (17 55) (65 74 7 59 44 63 32) 25
22: (49 84 29 2 65 60 43 83) (7 25 32) (17 22 50 62 81 10 55) (88 54 6 66) 76 (87 41) 35 (63 39 5 69) 13 (27 45 86 16) 59 (23 51 89 4 24 56 80 37 3 42 77) 30 (28 40) 14
23: 41 (51 12) 16 (31 47 22) 65 (38 90) 39 (29 20) 84 55 (77 78) 17 (61 28 49) (72 54) (37 50 43 63) 32 30 (13 60 25) (1 56) 83 (62 87 27 11 42 3 24 14 5) (7 76) (23 88 19 81 85) 6
24: 43 80 1 (49 54 36 32) (14 3) (28 84 2 90 78) (60 4 86 42 30 82 33) 6 (44 13 70 83 52 62) (29 77 88) (81 58 46 76) 24 (9 48 87 20 17 73) (38 55) (10 31 39 27 45 68 85 69)
25: 28 (1 58) 29 37 (13 43) (86 42 90 78) (16 47 25 50 38) (55 27) (10 68 59 39) (54 8) (45 23 84 41 14 6 73 7) (20 74 4 81 60 62 30) 69 (49 48 56) 61 (33 85) (31 70 83) (24 44)
26: (7 17 49) (4 21) (69 25) (74 60 51 28) (42 45 32 20) (6 24 23) (85 66) 81 13 (55 50 83 30 10 73 39) (44 88 38 33 29 87 58 48) (14 2 54 75) 41 3 36
27: (5 85 43 74 32 41 28 55 48 39) (33 14 44 58) (51 10 45 86 49) (84 37 31 13 4) (47 69) (22 6) (23 62) 66 (87 90) (42 29) (38 7 77 9) 88 63 25 (30 82)
28: (49 30 90 7 45 39 43) 10 (58 69 36 89 78) 66 50 (41 83 88 87 9 23 42) (32 3 4) (25 1) 28 72 24 (62 47 56 20) 22 13 (14 77 86) 76 (65 44) 60 51 (73 5 61 27)
29: 6 (70 41 88) 49 (69 87) (44 36 26 58 20) 9 86 (82 68) 1 (84 67 59 39) 81 (51 83) 14 (27 28) (54 77 25 56) (11 43) 62 (10 23 55 32) (13 30) 17 (73 85) (7 71 24) (90 31 74) 29
30: 48 (35 14) (73 25) 55 (76 60) (32 45) 28 7 (30 56 54) 86 (68 44 22 39) 20 (38 87) 2 (58 13 82) (24 42 8 81 77 31) (52 17 41 47 33) (62 40) (59 85 43) 65 63 61 (49 27 23) (83 51)
31: (52 82 62 38) (55 56 17 61) (78 32 10) (68 23 42) (58 36) (20 67) (30 31 5 27 59 39 19 49 45 43) (28 84) (87 47 77 13 14 85 65 1 29 63 7) (24 25) (8 80 44) (3 51 73) 15
32: (86 84 26 24 15 75 23) (1 6) 55 16 68 81 (56 29) (42 58 39 74 30) (48 59 54 7) (77 14) (65 70) 36 3 (87 83 10 62) (31 25 71 44) (88 13 45) 32 (60 4 49 20 27) 28 76 (9 85 73 17)
33: 24 (2 3 36 38) (39 20 41) 66 42 (71 83) 13 (35 89 59 85 31 17) 62 30 (47 32) 75 69 (16 14) 28 (87 43) (49 19 45) (22 27) 68 10 (86 77) (54 58) (7 5 44 73) 23 (12 25)
34: 82 40 (7 51 68 60 13) 85 (48 36 10) 55 (42 81 73) (70 56 66 87) (24 76) 83 (29 3 4 17) (89 28) 25 (30 71) 45 (41 39) 58 (1 23 27) (75 16 47 77 34) 32 (6 63 57) (62 49 44) 35
35: 78 31 (87 73) (67 77) (27 69) 62 (54 49 56) (46 60 63) (38 68) 42 (61 32 58 14 44 66) 83 88 (13 26) (74 24 7 28 39 17) (55 25) (50 1 11) 37 (29 70 20) (84 10 51 30) 59 (23 36) 43
36: (89 39) 31 (87 44 82) (84 28) (75 90 25 24 7) (73 32 5 49) 51 88 (30 71 63) (58 55) 6 42 78 (10 46) 62 (41 70 36 69 59 37 67 43) (3 74 14 1 77 38) (15 20 50) 29 27 (83 86 68) 4
37: (7 67 85 36 13 50) (30 83) (87 25 81) (44 31) 17 (14 77 41 28 16 21) (27 89) 75 (55 23 68) (58 59) (39 29 63) 84 24 1 43 88 (53 54) (12 74 47) 80 62 (32 78 20 2)
38: (7 39 58) 86 (81 4 65) (20 3 27) (87 59 43 25) 83 55 62 (89 6 76 49) (32 70 45) (2 34 13 28) 80 73 36 29 (74 16) (42 44) 24 (31 77 63) 30 (1 17 50) 47 (37 14 66) (56 68 90)
39: (81 77 6 65) (22 14 16 17 4) 3 (34 87 41) (28 42 62) 60 38 (55 69) 25 (54 66 32 11) 45 20 (44 29) 40 (23 31) (24 74) 47 (39 13) (78 27) (61 30) (7 56) (84 83) 76 48 58
40: (17 69 61 82 77 58 7 27) (51 14) (20 32) 87 (3 31 22) 70 74 (40 28) (44 8) (4 88) 50 (36 41 2 43) (59 62 73 81 29 56) (55 39) (83 76 86 24) (52 13) (71 85 68 25)
41: (60 10 82) (85 65 36 77) 25 (44 42 27) 73 (1 38 2) 75 32 (89 58 59) (68 28 14 20 6) 24 (84 76 17) (87 62 55) 56 86 90 (31 45 4 49 61 50 54 39 3 29 69)
42: (66 73 39) (42 44) (48 31) (45 1 51 68) 56 (7 17 15) (81 18 4) 76 (75 80) 41 10 (27 49) (55 71) 6 (58 16) (30 25) (86 3) (77 52 14 61 20) (43 9 23 8) 87 32 (62 24) 28 29 (85 60 38)
43: (20 69 38 25 85 88 73) (50 51 3 65 87 1 70) (42 89 28) (19 59) (4 47 44) (77 62 58 55) 86 60 32 (40 56 14 36) (71 75) 54 (31 7 17) 30 (23 10) (24 29 39) 68
44: 51 (60 40 25 37) (42 28 73) (31 54 85 86 84) 68 14 (59 61 87 24 45 44) 16 70 43 (48 47) (77 13 29) (69 30 49 27 17) (3 74) 9 56 6 (4 88) 89 36 (2 39 10) (20 80 7 63) (83 81 32)
45: (20 72 77 90 29 42 62) 37 (36 21) 17 (25 58 39 65) (87 61 38) 75 50 (84 40) (44 85) 23 24 (73 48 47) 70 (30 3 28) (54 86) 16 (51 69 14 12 8 56 27 7 60 18) (89 32 1 67 2 55)
46: (28 88 51 13 20) (90 22) (68 86) (47 74 87 82) 10 (69 25 65) (84 16) (45 49) (36 14) 44 (58 41 56) 62 (7 54 29 27 89 31 55) (73 77 42 30 18 39 85 78 32 17) (9 50 76 48 23 24 59 43 60)
47: (4 17) (56 20) 78 (25 41) (60 51 58) 89 70 (39 81) (14 86 32 3) (28 1) (77 55) 24 73 (18 33) 74 (44 31 38) (87 85 83 16) (10 71 90 62) (76 23 40) (84 59) (49 54) (9 48) 30
48: (55 68) 58 (6 34 61 48) (77 42) (59 41 45) (17 24) (19 10) (39 23) (81 1 49) (2 28 82 3) 43 89 (31 62 13) (33 44 87) (74 7) (85 30 29) (14 51 63)
49: (39 88 89 36 87 30) 32 (60 77) (2 50) (49 13 3 44 28) (43 25) 14 27 (55 62 31) (23 41 42 69 86 15) 10 (68 26) 40 1 (73 51) 66 (56 22 76 37 7) 9 (24 58)
50: (77 84) 17 (7 78 30) (1 31) (74 28 36) 58 (54 87) 13 (49 2 56 9) (88 39 29 42 60) 65 80 24 76 (33 62) 73 (70 44) 27 (8 25) 32 (55 23 82 63) (71 41) (90 20 43)
51: (35 77 82) (47 48 29 51) (8 89) 38 56 (74 86 49 20) 63 (32 13) 87 (68 30 60) (45 17 31 55) (26 59 16 3 27 36 1) (24 88 7) (10 58) 85 62 (23 42 39 71) 43 (28 54) 25
52: (55 51 45 59 70 24) 44 (85 4) (13 66) (87 16) 78 73 (42 49) (30 47) (20 25) (3 39) 58 (84 7 28 86) (69 35 90) (29 62 14 54 41 74 32 43 17) 48 50 68 31 (6 77 83)
53: (39 9) (24 42 45 33 61 63) (13 86 88) (28 74) 59 (50 44) 20 17 47 56 (36 49) (90 89 41 1 18 60) 10 (37 4 77) 6 3 (55 73) 23 (51 83 30 32) (71 87 76 25 29) (27 58)
54: 3 87 88 (10 42 31 70) (43 52) (45 77 25) 23 (90 13) (80 14) (28 49) 33 (89 27) (86 82) (55 61 4 29) 39 (30 58 68) 1 6 (63 56 7) (20 9) (38 24 41 59 5) (67 74 37 16 47 73) 32 48 78 36 62
55: 58 87 15 4 68 8 63 14 27 16 85 (37 76) (62 3) 13 (61 56 88) 39 (30 54) (69 90 28 43) (48 24 36 38 77 26 25) 71 7 (81 23 80) (73 29 55 1 20 5)
56: 84 (69 73) 10 50 35 (4 58 13 86 31) (32 76 36 45 15 48 68) 47 (82 87 38) 29 81 60 (3 89 85 2 8 44) 5 (65 51) (61 77 43 1) (24 56 23) 49 (55 74 39 62 42) (30 27 28 11)
57: 81 14 (25 73) (8 36 19) 51 58 (15 1) 62 28 (76 44) 16 (24 77 39 13) (78 5 71 6 10 69 49) (86 32) (84 3 50 30) (55 90) 26 (56 42 37) 27 20 48 2 (31 4) 29 23
58: 30 (36 85 42) (1 39) (68 41 11) (4 58) (17 3) 25 21 (55 32 38 31) 47 (54 63 81) (56 9) 82 (37 14 61) 48 16 7 44 50 (89 15 62 27) (24 5 13) 53 (77 28) 65 23 (59 84) (49 57) 83
59: (18 76) (71 32) 7 (20 87 73 75 41) (86 52) (43 82 28 68 5) (67 69 55 88 16 44 42 14 45) (27 39 85 62) 23 (9 74 25 12 59 1 81 58 83) (31 78) (40 13) 2 (6 54 21 36 17 49 30 24) 77
60: 73 39 (43 84 25) 77 (83 30 44) (58 10 1) (7 70 60 69 14 62) (31 88 28 63 51) (3 86 38) (16 20) (61 76 87) 68 (75 32) 29 55 23 65 17 (89 42 50 74 56 24) 13
61: 55 (69 74 17) (56 52 40) (38 23) (62 30 61 82) 20 (76 83) 36 3 (84 42) 73 (68 28) 49 (24 58) (60 88 44 87 37 11 8 85) (59 50) 33 25 (39 7 27) (78 35 29) 77 (1 6) 54
62: 75 30 (26 44) 61 (39 14) (87 42 66) (4 36 84) (12 20 27 17 62) (88 37 78 2 63 43) 24 83 (74 55 9 51 77 7 71 31 50 52 58 1) (28 85 86) (22 45 23 49 29 25 16 32 41 13)
63: (77 23 30) 8 64 71 (6 31 21) 39 58 (87 20) (49 28 53) (62 32 3) (50 76 42 52) (36 45 17 24) (2 16) 29 68 (88 38 34) (84 47 27) (10 57 83 86 13) (89 55 81 85) 46 (25 1 59 69) (7 44 41)
64: 49 17 (23 87 7 55) 29 (76 56 14) (90 58 82 88) (86 70) (77 27 44 40) 39 13 (24 28 10) 25 (63 83 5 32) (68 85) (31 78 3 43 36 73 64 11) 1 38 (16 4 84) (47 42 30) 69
65: 85 (84 69 33 28 42 31) 25 (9 32) (82 62 41 24 22 86 75) (39 70 40) 36 16 (50 73) (17 8) (4 11 77 12) 30 3 (38 55) 7 (78 87) 83 (13 54) (43 29) 58 27 (76 49 1 71) 44
66: (1 9) 20 (33 82 24) 25 71 (32 23 42) (40 63 88 31 47) 55 (37 69) (53 7 78 77 60) 10 (36 41 29) (17 56) 28 (16 73) 45 (87 84 75 68) (62 49 38 6 30 58 39 8) (22 13) 19
67: (75 87) (88 31 7) 56 54 69 (2 9 22 36 81) (76 3 58 14 44) 29 (77 23) (61 1 82) (65 52 49) (10 27) (32 78 51) 40 48 39 28 21 (59 83) (62 85) 42 60 (80 30) (8 68 45) (20 25 47 73) 24 (90 4 55) 43
68: (14 22 78 4) 7 (19 69) (49 76) (63 12 56 88 10 20) (55 41) 90 (39 25) (77 17) 66 68 (57 32) (86 23) 82 (48 62 51 31 58 6 28) (38 30 16) (73 42) (29 24 27 13 54 50 9) (89 44 47 84 37)
69: (71 20 42 88 24) (39 6 36 13) (16 28 4) (49 38) (69 85) (57 70) 51 (17 32 41) 2 10 62 (58 12 30 31) (1 87 90) (29 14 27 59) (33 74) (76 35) 23 86 77 (25 7 48 55)
70: 77 7 (25 74 68 38 28 27 63) 32 (49 29 88 17 84) (44 61 3 13 83 41) 26 (56 4 58) (81 24) (85 16 36 76 30) 20 50 31 39 89 (70 55 65) (87 62 14) (78 73 6 23 51)
71: 30 39 (43 62 13) (63 7 77 60 78 73) (19 85 25 86 67) (27 87 75 47 22 14) (29 42 65 10) (32 58 20) 89 49 (90 24 23) 66 (44 3 37) (69 83) (28 1 38)
72: (24 58 3 89 55) (9 25 17) 84 (31 13) (77 32) (65 28 42 76) (14 86) 88 70 6 (16 29 39 10 68) 45 (74 60 50 43) 30 (44 40 7 1 64) (87 48 49) 8 23 85 36
73: 58 (89 30 41 85 77) (84 73 86 36 8 27 39) 13 (83 70 48 60 1 69) (31 23 6) 44 (9 87 22) 29 (42 62 51 33) (76 4 24) (81 46 40 32) (3 66 20) (68 25 28)
74: (9 85) 27 87 59 (54 83) 90 41 (39 31) 66 (1 10 73) (16 48 68 82 77) (13 24 55 20) (45 25 74) (7 43) (62 8) (47 61) (88 50 44 58 18) 23 (70 29 42) 3 (19 28 5 51) (30 78 49 22 32 69 75 52)
75: (44 59) (58 28) 62 (36 21 13 23 86) 73 (7 84 60) 43 20 (32 42 6 87 31 82 29) 90 34 (85 16) (63 74 4) 81 (24 70 39 48) (88 78) 77 (2 61) 30 3 40 (49 71 66)
76: 49 (13 88) (4 39 23) (16 60) 45 (17 31 69 63) (77 90) 3 87 (54 14) 48 55 (68 61) 70 (86 38 29) (74 9) 57 (73 62 71) (56 83) 24 5 (52 30 32) 20 (65 7 50 22) 41 89 (43 27 44 21 6 28 42)
77: (89 23 44 27) (24 75) (25 16 7) 49 1 73 (21 55 87 50 84 71 29) (28 32) (69 19 59 4 31 17) (62 68) (30 10 22 77 56 58 13 39) (54 45 42 60) (35 86) 88
78: 20 (58 6) 48 (9 25) (3 38) 31 (21 1 37 4 13) 10 14 (22 69 71 61 19 43 76 27 70) 81 (8 16) (75 44) (32 74 41) (17 29 85 62 68) 78 (55 56) (28 42) (23 30) (24 7 39)
79: 66 81 4 20 40 6 (29 90) (54 75 58) (27 85 36 68 43 16 39 84 76 87 8) (37 7 18 38 24 88 52 14 86 31) 47 25 (82 49) (62 2) (10 28 32) (23 56 30 45) (73 51 3) 1 (13 48 22)
80: 58 (70 80 45 84 49 25) 88 77 (69 61) 23 (63 28 32 18) (86 60) 13 (24 83 44) (1 81) 73 (62 87 41) (3 42 85 7) 59 39 (31 55) 76 (16 30) 29
81: (24 20) 39 (56 80 65) (59 78) (75 89 23) 48 29 (51 42 68 81 55 13 61) (71 88) (25 19) (45 7 27 1) (44 87 41 31) 49 (3 33 43) (69 86) (62 64 73 17 76 30 77 8) 74 28 (35 85) 2
82: 74 (86 23 58 15 55 16 63) (9 25 7) (85 84 27) (59 60 17 26) (1 54 62 70 20 76 6 43 39) 51 (13 40 72 83) 47 32 87 (53 68 49) (42 36 88) (29 65 71 44) 28 24
83: 73 (71 42) (82 75 44 61 26) 13 25 86 (62 29 90 48) (1 68 55 60 88 49 30) (87 89 28) (51 2 77 50 45 22 3) (56 14) (84 39 23 17 59 36 32) 41 7 24 (46 81) 65
84: (61 13) 7 87 (8 12 80) (41 51) 10 (58 36) (54 52 75 88) (6 55 28) (1 68 17 11 59 24) (76 73 27) 62 74 32 (29 50 38 37) (14 84 77) 34 39 (31 60) 71 85 (44 69 43 3)
85: (62 74) (14 17) 85 (47 31 49) (63 13 83) (44 58) (84 39) 10 (30 3 36) 87 (88 77) 68 78 6 (1 73) 25 (55 76) (69 86 24) (16 50 40 90 75) (43 28 81 51 35 8 60) (32 54 23 29) 42
86: (7 87 69 28 24 31) (1 16 8) 14 (30 60) (43 20 39 77 82) (81 41) 32 (54 27 66 51 68 50) 44 (25 36 33) (29 45 23) (83 85) (55 71 88) 4 (49 18) (58 62 63 42) (59 84) (70 17) 40 89 10 73
87: (84 70) (71 60 23) (56 43 87 3) (9 38) (68 29) (51 13) (28 21 54 48) (75 73 27 88 24) (50 49 61 42 1) 10 (30 86) (36 2) 7 (55 80) (65 77 32) 25 (20 76 16 37 14) 31
88: 77 (67 85) 14 29 69 63 73 19 62 (3 17) (50 51) (48 84 20 78 38) 55 (52 10 54 83 68 37) (71 13 49) 7 (76 22) (82 4) (27 1) (87 18 60) 28 24 39 32 (58 36)
89: (80 44 83 50) (82 85) 68 (71 55) 87 (32 30 77 24 56 58 36) (3 62 25 7 65 22 15 42) (49 23 61 20) (69 38) 70 13 (89 60 79) (31 35) 84 (40 28) 51 14 (41 76 9) (10 43) (4 73) (1 6 27 39) 16
90: 20 (87 76 3 43) (10 58) (75 74) 24 70 22 (7 17 23 42 61 51) 30 8 5 (38 88 13 68 50 73 39 48) (28 32 86 77 49 55 59) 27 (40 66) 83 (16 1) 14 31 60
