90 90
1: (86 52 64 57 83) 21 (79 22 32 16 10) (27 36 75) (85 90 60) 23 (8 70) 12 19 (65 18) (40 4) (24 34 84 2 88) (49 5) (63 87) 77 20 (78 62) 61 (82 71 67 68) 13 (6 46) (55 66) (47 14 72) 50 (1 74) (3 17) (56 45 58 39) (41 81) 31 (9 43) (29 73) 76 11 (7 51 30) (38 53)
2: 36 75 (64 29) 46 32 (60 52 3) (13 8 70) (81 14) 43 28 6 (68 73 55 61 24 58 71 44 21 22 67 59 63 77) 19 (1 4 38 74 82) (30 50 57) 31 41 62 (27 49 39 45 69) (34 2 33 20) (76 7 40 37 35) (23 86 85 80 12 72) (47 9) (11 83 90) (88 16 78) (65 66 25 18) 48 84 87
3: 46 (33 7 42) 71 75 9 (52 76 81 60 43 70 64 50 44 80) 56 66 (58 51 82) 84 (39 16) (15 22 55) (59 2 23 47) 14 (62 26) (53 65 8 4) (73 30) (28 24) 88 57 69 (87 31) (34 35 17) (12 27 1) 78 (68 3 41 74) 38 (48 18 79 25) 21 40 (90 83 36 10 19 5) 67 (37 77) (32 63) 89 20 (49 13) 54 (85 6) 72 45 (29 61) 11 86
4: 56 (33 39) 8 (80 79) 49 29 (26 75 50 57) (36 6 9 25) 12 7 (60 19 14) (15 2 88) (73 21 54 68 1) (51 11) (89 72 82 44 61 3 10) 76 59 (24 30 40 34 66 17) 52 (62 13) 42 (28 90) (53 20) (47 4) (43 71 87) (78 67 85) 38 (27 41 35) (37 64) 22 5 (45 46) (63 32 31 86) (48 58 65 55 70) (77 16 18 23) 84 81
5: (57 61 83 69 15 31) (90 80) (26 85 17) 51 (8 74 38) 42 62 (27 19) (4 41 78) 76 (79 45 14) (7 64 11 21 56) (30 54 55) 32 (87 89 72 81 20 13 68 65) (1 29 40 53) (46 2 37) 28 (3 60 12 6 75 84) (66 16) (48 36 77) (44 63 23 58) (5 50 49) 18 73 67 (39 33) (24 88)
6: 9 (87 50) 1 (85 11 90 53 81 58 74 7) (38 40) 21 (63 59) 60 (83 42) (33 49 24) 5 75 61 (4 25) (41 22) 68 (23 84) (44 26 45 17) (78 52) 67 (55 29) 13
7: (55 75) (64 28) (79 8 37 71 52 46 23 83 18 72 27) (60 26) 40 70 (73 17) 12 (22 63 87 2) (20 3) 58 (10 89) 24 (44 1 16 21) 90 7 (41 35) (30 62 57) (19 84 34 9 85) 32 68 (86 45) 50 (5 25 53) (31 33 48 56 82) (67 54) (80 65) (59 47) 38 36 (66 43 4) (81 77 49) (88 11 13)
8: 42 24 19 (33 81 72) 4 (26 47 86 36 41) 2 (11 21) (76 35 16 44) 77 (45 59 50 13) (10 87) (46 67 9 89 37)
9: 24 (4 33) 84 (17 32) (20 86) 46 13 (43 27 67 59) (85 50 72) 56 (89 83) (14 58 45 64) (1 37 18 9 78 76) (10 88 21 2) 3 (51 23 81 40 39 77) 62 12
10: (63 82 35) (5 58 45) (90 75 62) (87 38) (12 86 59 53) 78 81 44 13 (67 10) (77 33 17 42) 31 (80 50 89 56) (37 29) (84 54) 36 25 (19 55) (46 32 20) (74 23 79 39) (47 69) 43 49 (61 11 1 71 24 76) 28 (2 30) (7 73 68 9) (48 34) (52 4) 26 (66 65 70) (64 72) 15 (51 21 41 40) (88 14 85 6 57 27) (16 60) (8 22 18) (83 3)
11: (78 17 87) (56 29 18) 81 79 (49 31 1) 66 (41 90) 65 (27 82) (74 64 43) (6 13) (70 35) (51 42) 85 55 (86 69 16) (58 44) 4 (10 80 77) 39 47 (52 54 19) 53 (60 21) (8 59) 38 (30 15) 68 (36 89 9) (11 25) 22 (61 24 76 45 57) 62 33 (14 28 37 88 83 2)
12: (64 29) 18 39 (11 58 52) (14 28 16 76 27 5) 70 (57 59 72) 46 55 (47 22) 1 (31 65) (25 51 68 12) 66 (26 67 2 13) 49 (38 33) 56 (63 23 61 50)
13: (81 31 10) (80 36 71) 34 72 (66 83 5) 44 (43 30) (76 23 73 40 58 11 32 8 12) 68 33 (77 19 55) (14 85) 15 (79 53 82 64 9 67 42 47 27 88 35 69) (16 1)
14: (65 48) 53 43 (70 30) 73 (29 64) (26 67 82) (35 3) 42 55 (41 80) (28 85 59 18 15) (54 38) (75 74 27) 72 52
15: 65 70 (84 43 3) (19 41 74 71) (11 56 86 60 2 36) 77 30 (14 42) (17 59 13 49 58) (6 62) (29 31 23) (20 22) (76 26 8) 24 1 (90 68 16 21) (4 37 75 87) (27 54 53 88 61 85 34) (35 50 15) 32 (57 72 78) 25 (28 5 12) 64 (47 9 40 33) 73 (44 55 48 39) 38 (51 81 67 45 18) (46 82) (10 80 63)
16: 84 (2 68 14 11 53 44) (3 79 48) (28 30) (24 43 45 87 61) (8 22 76) 32 (86 13 34 39 73 16) 42 63
17: (81 77 44) (39 72 55 21 73) (88 36 61 3 46 62) 56
18: (75 47) (45 61) 22 (83 67 42) 9 10 46 (51 15 7 66) (71 89 2 35) (13 70 77) (3 72) 82 52 (56 32 25) 62 27 (33 57 86) (20 16) (54 84 23) (48 81 79) 65 (78 73 37) (21 55 14 6 4 64 30) (24 31 63 49 36 53) 1 (76 17 19 40 38) 8
19: (25 52 74 70 48) (80 66 69) (89 1 81 30 19 2) (12 79 35 7 9) 84 36 (4 90) 47 39 (41 58 64) 85 61 15 (55 24) 59 71 (88 45 20 13 11 14 57) (87 34 18 8) 60 (65 46 44 32) 33 42 49 54 (82 72) 62 63 (76 73 29 75)
20: (82 17 36 69 47) 9 (21 19)
21: 40 83 (44 74) (1 12 34 17) 59 (4 24 53 14 90) (68 66) 69
22: 28 90 74 40 23 (26 5) (51 4 84 86 2 19) 61 44 (49 54 41) (9 37) (42 50 15 60) (25 78 71) (80 34 29) (39 10 27 7 64 20 67) (68 32 46) 52 69 31 (57 45) (43 24) (83 12) (58 79 53 6 66 81 18) (89 72) 35 (11 16 76 13 48) 14 (36 70 33 59) (65 87 56)
23: (27 40 52) 38 (1 23 80 32) (31 81 44) 69 (10 18 79 19) (13 58) (3 55)
24: 45 (87 60 37 12 33) (80 13 40 26) 70 (44 54 68) (3 72 15 7) 66
25: 3 87 (47 4) (32 72 16) 82 (10 48 21) (23 11) (85 22 52 70) 15 (42 80 54) (61 9) (40 45 30 51) (27 90) (56 31)
26: (16 90) 50 9 (22 19 30 18) (10 1 28 54 71 17 5 80 74) (87 31) (47 38) 42 53 (32 3) 77 (68 72)
27: (50 81 20 23) (13 22 82) 66 (48 6) (85 16 38) 61 56 (46 28) 72 64 (12 49 83 15 88) (52 86) (9 24) (54 42 39 35)
28: (70 82 59 76 40 3 81)
29: (54 74 50 11 90) 40 (26 37 88 29 5) (19 62 17) (72 34) 47 (82 27 7) (1 71) 64 56 48 (3 32) 46 75 30 41
30: 84 (19 66 67) (13 51 72 9) (15 71 86) (63 70) 73 (61 69 16 81) (65 40) 54 31 (55 78 76 48 46) (60 14)
31: (53 40 4) (15 11) (84 39) 31 (69 32 41) 13 (51 18) (66 9) (42 10 52 82 46 85 60 67 77) (74 78) 72 (89 12 65 90 70 19) 7 (28 64 48 61) 25 62 79 (6 30 49 17) 21 (20 55 73 71)
32: (5 57 7 33) (47 6 86 38) (20 43) (50 39 53) (48 83 25 60) (1 23 34) (31 19) 32 37 (8 85 79) 44 63 29 82 71 4 (62 35) 17 (11 81 90 3 13 77) 2 (78 36 16 30) 51 (9 14 74 40 58) (28 61 89 49 56) 46 (10 22 26 75) (59 65) 70 (27 84 12 21 76 69) 41 (52 55 64 67) 80 (54 45 88 24 73)
33: (6 21) (55 39) (34 13) (47 52) 41 87 (57 46) (80 1) 65 (40 82 51) 37 (2 26 48 14 64) (81 59) (9 24) (77 5) (86 33 17) (43 44) 90 (61 71) (78 38 50) (62 68 66 54) 84 67 (18 69 58 30 63 4) 32
34: (40 80 13) 11 (31 87 39 43 75 82 28) (25 16 5) (49 3 88 41 69) 10 (38 48 45) (36 89 65 85) 37 1 (67 34) (68 23 8) (20 4) (9 30 71 35 78 14) (86 57 18 62 70 74 56 32) (59 55) (81 76 90 46 53 12 60 7) (64 22) 51 (54 19 17) 83 (6 33) (52 79) 47
35: 33 (1 73) (74 46) (83 18) (29 65 5 80 30) (10 38) 82 79 (68 13) (28 77 27 51 40) (9 11 63 54 66 16) (25 47) (14 37 85 43 89 57)
36: 48 69 (2 78 20 36) 9 64 (1 26 41) (12 13) (60 34 10) 30 (8 38 70) 72 52 58 21 (19 4) (86 71) (49 23 87 50) 84
37: 39 (37 41) (65 46 66 16 88 84) (6 90 26 80) (85 75) 45 15 48
38: (27 29 34 83) (13 47 17) (44 89 19 35) 57 51 (76 4 45 59 84 53 85 10 25 49 7 67) (60 42 38) (61 15 79 70 63 31 90) 18 (20 77 24 2 1 23 65 46 56 22) (55 6 88) (64 33 9) (12 58 80) (37 86 72) (41 21) 32 (62 30) (36 26) 8 (52 82) (73 28 87) 78
39: 40 (32 49 75) (62 13) (26 19 41 69) (76 35 33) (81 8 12 28) (47 30) 70 (45 85) (34 64 23 44) (66 15 3 16) (43 25 29) (48 20 2) (7 39 10 50 17 46) 55 88 79 83 (9 84) (57 42) (14 27 1) (24 67) (58 82) (18 4 37)
40: 42 76 (54 2 35 80 68 57 24) (1 59 48) (3 46 73) (6 77 27) (40 33) (62 18 12) (44 23 55) (38 79 50 36 47 70) (86 26 69) 49 (87 21) 89 (43 81 28 78 63) (34 9 5) 88 (15 84 58 74 32) (65 30 90) (51 7 66) 29 (60 14 8 75 10) 25 53 20 67 (11 85 72) (19 61 31 83) (22 52) (41 71 13 16) 56 17 (82 64 39) 45
41: 57 (21 27 48 85) (20 81) 26 67 (15 89 19) (71 55 34 37 6 60) 40 (69 14 11 5)
42: (67 16 8 28 50) 24
43: (58 49 5 65) 84 (25 88 22 33) 61 11
44: 34 (84 83) (79 68 42) (44 71 77) 61 66 33 (37 10) (47 27 65) (78 2 11 69)
45: (28 59 37 72 10) 53 (34 14) (20 31 38 80) (16 60) (56 65) 74 (62 81 44 43 11 4 49 48 8) 47 (7 3) (27 9 17) (77 25 87 35) (18 12 75 63 76 88 33 79) (55 32) (69 52) (68 50 89) (61 45) 64 (57 58 71) (67 42 40 15 41 13 5 6 30) (24 54 66 2 83 78 85 22) (51 86 26 36) (23 46) (73 84) 70 (29 19) 82 (39 21 90 1)
46: 37 43 81 79 1 86 (12 77) 16 31 (3 75) (47 30 84 59 85 48) (55 4 49) (44 61 27) 10 (53 19 56) (18 72) 73 (87 39 62) 58 (11 14) 28
47: 83 (88 17) (16 15 23 39) 57 (27 79 41) (40 87 71 50) 82 (4 89 35 6 80) 25 (11 10) (51 46 86 48) (14 74 66 28 43) (52 31 30 20 56 18) (45 58) 84 (54 53) (90 2 60 72) (21 67) 63
48: (38 28 27) (11 62 70 19 63) (54 52) 80 (37 10)
49: (60 80) 33 48 (90 20 75) (12 70) (66 50) (49 79 40) (85 4) 27 (17 10 30 39 16) 52 (37 57 36) 43 (63 73 67) (8 77) (84 53 38 64) (21 3) (19 1) 13 86 14 (87 42) 88
50: 63 (39 87 66 24 19) (72 9) 71 (32 74 68) 67 (20 23 10) (29 55 69) (17 2 58 89) (14 47 73) (60 38 83 77 46) (34 53) (49 11 13 28) 59 70 (57 35) (79 26 84 8 75 80)
51: 18 13 24 20 29 (81 90) 80 45 12 36 (15 59 42 69 71 46 43 4) (48 30 83 82 17) 51 (66 3 37) (77 47 73) (38 25) (55 41) (54 26 63) (31 60 44 61) 62 57 53 (21 56 79) 88 72 (64 8) (5 9 16 68 85 22)
52: 49 (46 56) (83 68 76 57 27 18 13 34 80) 12 38 31 35 (7 55) 29 (71 65 14 58) 61 37 (6 5 48) (28 30) (39 11 24 40 9 32 10) (81 20) (73 69 16 4) 43 74 (52 78) 89
53: (77 14) (75 78 36) (69 26) 67 (70 40 80) 32 (12 51) 19 (38 31 33) 65 (55 45 6 34 89 53) (18 74 37 10 86 88) (22 39) (27 64 90) (42 50 21 72) 83 (43 3) 71 (20 41 46 59) 61 82 8 (11 62 9) (76 49) 52 35 56 85 24 54 73 63 (5 1)
54: (13 14 43 4 71) 20 (85 16 40) (68 19 42) 41 (83 23 24 77) (74 88 48) (7 73 79) (55 35) (22 70 31) (18 15 32 64 45) 59
55: 38 (41 64 76) (37 24) (88 75) 52 (19 61) 40 (15 16 66 50 49) 30 62 71 7 21 10 (69 74) (53 73 35) (34 43 85 47)
56: 2 (68 87) 1 (81 7 44 60 12 84 51) 75 6 (26 33 48 24 74) 5 (21 53 34 9 71) (67 37 52 38 25) (73 82) (41 30) 49 22 8 (57 18)
57: 8 (4 55) (11 90) (30 74 77 51) 86 (57 20 59 63 47) (71 87) 76 (54 36 65 27 53 25) (72 1) (16 9) 69 64 68 49 34 (18 85 13 31 50 84) (23 40) 10
58: 27 90 33 75 (17 69 43)
59: (73 1) (27 12 75) 28 65 (8 5 81 51 29) (17 68 49) (69 22 55) 76 57 (61 66) 9 20 44 (15 11 6 86 67 30 85 31 37) (10 62 47) (53 7 60) (50 89) 88 59 (87 13 54 2 23) (80 36 40 79) 41 (78 26 74 18) (46 84 90 45 34 63 4 16 77 70 71 52 19 35 58) 64 (14 43) 39
60: (41 89 34 9) (28 58 83 51 40 44 42) (38 11) 47 (22 43 35) (84 3) 68 (27 61) (26 78) (69 66 56 16 18) 8 29 (39 77 12 81 52 54 67 37) 7 (23 36 46 65) (1 6 10)
61: (65 80 34) 84 (52 59 10 14) 60 (54 6 46 38 36 33) 53 (28 26 51 18 42 3) (57 76 35 66 9 24 21) 4 (43 56 15) 83 (25 40 86) 61 (90 29) 13 (30 7 45 2 1 78 27 8) 48 82 (19 85) (67 64) (79 74 44) 63 (55 62 41) (77 22 73) (17 49) (39 31)
62: (13 79) 60 (50 26) 29 (12 66) (17 1 8 21 82) (61 49 23) 9 87 (6 2 20 80 35 76) (43 78) (22 19 33) 77 (73 28) 37 14 (67 56) (71 62 54 74) (68 10 4 89) 18
63: (83 82 38) (41 55 39 57 85) (70 73) (47 6 53) (15 23) 52 (22 68 66 74 76 21) 24 72 (88 1) 61 (27 79 81)
64: (62 24 40) 86 80 (43 74) (13 54) (67 55) (71 12 39 47) (17 38 4) 11 (63 68 49 75) (69 82) (35 64 23 51) (90 44) 50 45 (57 76) 16 (53 65) (2 59) 26 (85 5 34 73) (60 58) (20 33) (42 19) 28 (52 7 15) (22 72 56 18) (89 30 29) 1 (83 9 48 79) (81 66) (88 77)
65: (39 77 18 85 19) (51 57) 5 89 36 (29 72) 84 (46 20 90 9)
66: 64 (4 29 59) (10 53 22) (78 50) 43 (49 7 9 36 73 86) (13 16) (39 52 25) (23 63 32) (35 87) 34 60 (1 82) (62 24 19 57 40) (6 3) (75 77 28 65 37 66 8) (33 21 38) (46 30) 79 (45 72) 18 31 83 (76 58) 70 (27 2) (12 89) (47 48) 42 (11 88 55)
67: 4 87 (51 35 61)
68: 8 19 86 (13 16) (40 21 72) (59 35 81 33 79 41 32 55 52) (39 49 26 44 85 30 78) (2 28 5) (23 77) 69 (25 71 7) (76 67 57 90) (87 20 15) 24 54 (65 61) 34 (22 45) (43 12 42 82 64 18) (80 50) (56 62 4 48) 83 (73 3 29 63 17) (68 74 36 31 51) (88 47 60 10) (9 75 53) (38 58 27 37 84) 11 (6 14 46 66) 89 (70 1)
69: 15 83 54 55 70 (68 5) (4 76 53) 78 (21 38 25) 89 47 (65 58) (61 12) (63 19) (90 32 27) 36
70: (15 50) 8 (5 41 66 31 42 44) (64 20) (53 13) (29 34 75) (78 35 22 69 6) (86 38) (3 2 51 57) 56
71: (63 40 32 78) (6 8 1) 64 (42 46 77) 72 (56 85 90 12) (10 59 84 45 82) (79 20) (43 48) (26 69) 25 (44 67 58 50) 62 (68 3) (35 38 47 73) 66 65 41 (22 33)
72: 83 65 11 60 (76 26 58 14 55 72 28 21 50 84 90) (3 61 45) (53 46 52) (57 17 38 69 18) 37 85 (27 66 78 36) 49 (86 32 19 30 13 43) (7 33 4) 80 (9 79) 62 (87 54 56) (39 59 48) 1 (41 23 25 73) (67 44 31 70 8 6) 88
73: (39 79 87) (7 48 47 70 33) (50 19 37) (64 23) (29 38 77 80 49 61) 82 (58 84) (81 90 8 24 20 42 56 85 32) 68 (51 12 40) 65 55
74: (69 32 14) 59
75: 13 (14 57 22 41 53 76) (36 49 47) 59 88 66 50 (90 8) (5 26 64 81) 3 (9 11 35 23 65 43 61 39 4 71) (37 62) (6 29) 34 17 (78 48 2) 85 52 (54 10 31 75) (28 79 1 12) 55 (40 27 83 77 24) (44 38) 15 (21 80 20 82) (84 86 42 32) 30 (19 16 69) 56 (74 7 72 87) 58 45
76: 28 (51 7) 17 (35 64 48) (39 87 11 70 18) 80 38 (79 54)
77: 29 (84 20 10 65 51 11 62 43) (77 59 48 56)
78: 44 (73 72 74 61) (24 36) (3 21 70 11 66) (86 58) 27 (52 83 87 19 32) (12 14 79 90 29 75 85 68 46) 69 (17 23 62) (39 64 89 40) (48 54 16 57) (80 8 65 25) 63 41 (47 78 34 28 5) 45 (33 26 7) (6 38) 30 (76 77 82 71 22) 31 81 (84 1 88 51) (15 60) 56
79: (80 82) (74 20 66) (56 51 39) (40 49 6 9 37 54 50) (83 28) 73 52 24 (10 34 42 35)
80: 15 33 (62 69 16 23 46) 12 (17 7) (81 74) (83 51) 76
81: (84 46 22 33 71 53) (32 34) (36 86) (13 1) 11 (51 43 81) (41 48 47 59) (28 79) (2 68 50 61) 15 (31 74 78) 8 21 82 (30 62 85) 7 57 24 (5 69) (45 77) (65 49 58 56) (39 55) 20 63 (10 18 54) 16 (83 90 6) 66 72
82: 60 (40 67 56) 76 (19 41 1 20 42) (63 46) (2 38) (50 84 68) 16 (61 66) (47 83) (52 34) (12 4) 39 48 7 (31 29) (80 82 27) (74 28) (44 30 25 17) (55 87) 43 90 (53 64 32) (54 33) 81 21 3 (69 14) 78 (23 22) 36 (71 5)
83: (70 21 84 85) (36 81) (76 67) (48 79 61 57 27 39 83 75 71) 25 (8 73 90 5 6) (40 23) (2 4 78) (26 7) 62 31 (10 32) 51
84: (25 81 72 74 1 36 50) (76 71 90) (31 47) (79 5 9) (66 82) 83 14 43 (85 87) (2 3 54 41 58 17) (18 6 45 11) (30 56 21)
85: (63 67 58) (42 86 72 20 14 12) (7 84 69 73 8 16 30 77 2) 4 64 62 53 55 (35 59 41 70 45 88 25 66 81 44) 80 68 36 31 3 (9 10 18 6) 79 (46 39 28 26) 57
86: (78 34) (6 64) (73 44) (8 12) (56 80) 40 (17 21 85) 41 (31 49) 86 53 (24 66 62) 33 (69 81 25 20 74) 43 13 88 52 72 (68 45) (39 58 16) (79 50) (67 60 9 26) 3 27 46 70 (82 90) (75 84)
87: (65 48 90 39) 16 (26 80) 56 (34 57 22 21) (53 6 69) (15 59) 7 (2 54 86 10 84 88) 4 (81 78 3) (58 82 75)
88: (86 18) (57 14) (54 56) (48 20 33) 59 (61 22) (53 50 40) (11 2 15 26 25) (44 36) (81 12 7) (21 31 83 24 70) (72 79 8) 19 (46 75 66 64 29) 63 89 74 (17 3 5 13) 58 62 80 (49 51 84 42)
89: 53 (74 41 86 59) (48 57 27) 62 (30 38) 23 33 (58 34 14 85) 75 73 61 (42 64) 49 46 (1 7 25) 88 (89 9) 20 (69 44 37) (28 35 54 68) (67 47 79) 18 26 (87 17) 12 (40 65)
90: (2 15 9 8 31 90) (79 81 84 41) (86 62 78 82 75) (87 59 36) (83 69) (65 44 19) (13 26 71 21 55 10 67 73 52 63) (58 37) 20 3 23
1: 81 (4 66 10 6 11 64) 1 (53 68) 5 (32 84 75) (45 19 13 49) (21 36 26) 82 (7 59 46) (78 34) (61 12 29) (40 23) 72 (89 56 38) (63 71 9 60) (35 15 39 62) (33 18 2 3 57)
2: 62 56 82 (3 40 8 36 7) 84 (5 2 81 85 59 45 66) (9 16) 33 (70 64) 32 75 83 10 11 (12 39) (18 1) (90 4) (68 44 61) 38 (50 88) (19 22 87 15) 47
3: (29 18 3 28 14 88 4) 17 (72 86 49) (78 7 61 66) 15 (1 9) 46 84 (24 75 5 23) 70 (53 2 68 82) (25 85) (51 10 71 40 39) (87 16) (32 26) (60 45 90) 34
4: 72 10 (38 68 25 45 59) (3 15) 11 (61 33) (8 19) (1 6 34 49 18 7 87 47) (2 75 36) (66 64) 32 21 (85 46 69) 82 (22 39) 67 31 52 54 (9 62 5) 51 (83 4 57)
5: (81 10) (40 4 6 32 35 41 1) 43 84 59 (5 29) 13 (7 45) 70 (69 26) (65 75 82) 51 (22 78 88) (52 53 56) 83 34 12 (64 3) 68 15 33
6: (66 31) 53 68 (75 15 87 2 84) (18 85 59) (41 5 83) 1 (4 78) 33 63 56 (79 60 38) (40 45 52 34) (61 71 3 86) (37 11 81) (32 10) (47 70 22 27) (72 62)
7: (40 85 4) (56 76) 5 82 (78 54) (22 32 24) 29 68 75 (89 7 2) 18 (45 88 80) 59 (66 87 73) 52 (81 3) (31 1 60 38) (34 55) (72 61 10) (6 64) 19 (83 39)
8: 38 49 51 (39 36 19) (85 88 86) 53 90 (68 59 13) (2 61) (73 70) 81 (16 5 4) 18 1 (42 11 57 83 56) (32 45 62) 7 (72 66) 15 (10 78 40 3) (75 60) (50 34 71)
9: (53 64) 45 (26 59 25 11 18) (6 1 40 57 75) 85 4 8 (7 65) (10 36 15 90) (32 72 66) (2 31 86) (22 68 50 27 52) (30 19 79 39 62) (34 51) (13 3 33) (61 84) (35 60 89) 20 9 (38 56)
10: (15 4) (35 36 13 81 9 8 45 90) (32 83) 62 71 87 (3 25) (52 75 7) 57 47 (53 61 49 11 1 48) 34 79 (68 23) (60 22) (38 46 26 18 59 50 66) 10 77 (39 31) 40 (85 55 44)
11: 2 (57 34) (47 19) 22 (84 43) 59 (40 16 11 32) (75 31) (35 41 8) (72 81 52 46) (25 1) 76 68 (64 53 44) (77 60 12 5) 3 15 (48 10 50 6) (29 45) 66 7 78 13 88 4
12: 89 (88 19 32 78 85 40) 3 (62 9) 52 (4 53 66 46 71 15 31) (7 73 64 2) 49 45 80 13 1 51 (86 27 5 12 60 56 34) (10 39) (36 59 82 24) (22 38) 21 68 (75 69)
13: 31 (86 18) 70 (68 27 66 45 32 54) (5 57 4 39) (36 72) (6 50 7 9 35 2) 62 51 11 (64 10) (22 75 49 3 33 61) 16 34 40 88 (1 23 12 81) 19 (30 15 38 90 24 8) (59 52)
14: 22 (49 5 35 75 40) (4 9 15 2) (74 45 46 19) (39 62 61 3) (12 72 41) 54 (59 68 89) (32 84) 88 13 82 (78 52 10) (85 50) (11 1) (47 21) 33 (18 16) (30 53) 34
15: (40 13) (10 4) 75 (31 19 54) 55 (90 37) (64 18 70) (45 87) 59 (47 5 14 80) (68 69) 61 (88 27) (3 11 38 24 30 25 78) 51 22 39 15 63 (41 81)
16: (4 59 7) (25 12 51) 16 (39 64) (86 87 22) 27 (47 82 37 75) (3 42) (45 1 46 57 10 13 55) (18 49 80 85) 54 (5 26 15) 8 (32 60 66 68 40 78 52 35 30 11) 34 (2 81)
17: (32 82 89) (76 64) (45 26 11) 1 (75 58 86 7 38 62 72) (47 61) (80 68 33 3) (49 4 31 78 34 18 40 29 88 15 39 59 5 50 20 10 21 6) 51 (9 84)
18: 72 5 (54 59 33 64) 52 (89 7 19 40) (35 38 88 51) (1 76 34 65 22) (14 46 23) 56 2 (45 11) (15 68 85 81 84 60 26) 12 (53 31 66 3) 9 (10 61 62) 39 (47 4 57)
19: (65 55) 90 73 (1 23 59 66 88 3 15 32 31 69) (54 34 40) (22 41 8 39 7 4 13 18) (53 5 36 49 50 78 62) (29 26 82) (2 64) 46 38 20 (30 10 11) 19 (61 48 68 72 75 45)
20: (32 45 75) 71 (54 15) (90 53 68) (31 51 2 18 39) (81 49 50 86 34) (79 22 88 10 70 3 1 85) (9 59) (4 62) 64 (57 5) (65 89) (41 27 82 52 47 40 77 7 73) (19 38 36)
21: (10 87 17 72 11) (32 47 8 69) 55 (41 45 31 75) 15 81 53 (18 36) (88 86 20 51 33 7) 49 (61 84) 1 (90 40) 38 (9 78) (2 82 6 66 25 4) (68 5 63 56 83 3) 62
22: (88 87 78) 18 15 (64 27) (63 10 3 34) (7 6 43 25 2) 60 (1 70 62 75) 26 61 59 (32 82 38 51) 66 12 40 (16 54 45) (53 71 4 11) 68 (56 81)
23: (4 60 22 64 32) (73 82 15 72 3 6 23 36) (50 66 40 83) 80 63 90 (39 62) 78 2 (57 38) (75 45) (27 89 47 10) 1 34 (59 7) 18 (5 12) 25 54 (9 68 13)
24: (45 66 56 7) (79 15 21 18 32 1 33 61 63) 39 4 (68 55) (40 64 86 11 27) (51 6) (19 16 53 10) (5 42) (8 75 3) 73 (54 22) 52 (78 9) 50 (38 2 88 81)
25: (18 72 88 40) 68 (47 84) (2 45 71) (57 69) (38 51) (66 86 15 22) (83 4 39) 19 (43 78) (56 34 7 11) 85 (10 35 6 32) 3 89 (82 61) 12 31
26: 89 86 (15 85) (3 38) (88 83) (7 39 71) 61 (40 4) (50 32) 12 (24 41) (62 33) 29 (64 8 45 36 14 51) (60 78 22 68 59) (10 6) (75 72) 37 (56 53) 90 5 87
27: (32 46) 35 78 69 23 (58 61 10) (57 3 12 7 13) 47 (75 22 82 38 60) (9 63) (11 25) (44 68 66) (45 18) 1 49 (39 15 86 4) 2 (59 5 83) (29 41) 14 40 (89 48) 72 (53 52)
28: (79 12 7) 10 48 (46 35) 32 (22 34 40) 27 (11 45) 39 15 (38 26) 89 (59 60 3 31) (16 61 78 81 42) 76 68 82 (5 64 2 4 75 14) 72 (47 62) 50 85 (66 52)
29: (39 12 15 32 82) 73 (19 68) (40 59) 65 3 (70 14 11 35) (62 60 61) (5 2) (4 66 52) (64 1 38 10 75 6 29) (50 45 77) 88 78 51 22
30: 84 (81 32 49) (5 45) (16 1) 2 52 (51 72 10 33 61) (59 26 29 25) 47 78 (19 35) (13 15) (40 14) 11 7 (64 68) 31 39 4 (82 89 56 57 38 36 55) 18 46 (85 66) (34 75) 3
31: 59 (30 75 46) 57 10 (40 1 15) (22 45 88) 23 47 34 (53 25 86 12 4 5) (78 90 70) (52 32 72 26 66) (68 13) (11 54 81 51) 3 82 (2 18 61 7) 31 (83 38 85 84)
32: (3 22 2 78 4 18 9 19 83 25 69 66) (81 38 52 33) 74 (26 13 31) (68 45 75 73) (1 34) (32 29) 53 82 10 (54 39 71) (5 40 72) (50 7 23 16 15)
33: (89 81 13 35 12) (82 5 8) (78 34 49 62 68) (86 66) (39 22 32 15 6 71 3 4 9 53) 72 (43 73) (10 64 61) 24 2 (45 33 19 88) (56 40 18 80 11) 38 (58 7) 44
34: (15 57) 78 (70 36) (1 39) 19 55 (10 40 50 4 56) (75 34 7 32) (64 66) (53 29 60 3 13) (45 87 41 89 33 22 68) 82 (86 2 79) (61 52) (21 81) (44 59 16 38)
35: (85 11) (4 76 10) (13 61) (59 47) (3 62) (89 19 71 8) 75 (15 52 39 60) (45 7 2) 18 (34 55 14 54) 64 50 (79 66) 67 (68 38 27 32) (53 40 70 22)
36: (45 19 59 90 20 49 32) 53 3 (4 57 40 38 88) (11 36) (60 78 68 84) (1 72) (7 2 13 66) (22 15 83) 51 (69 17) 85 (5 8 81) (10 75 65) (18 34 82) 61
37: 9 44 (51 2) 10 (37 72) (45 66 4 53 52 38 56 18) 35 (90 7) (3 73) 15 (55 33) 68 (39 59) 29 89 5 62 46 79 (11 32) 48 (49 60 22 75) 34 8 (24 41)
38: 3 (10 73 71 78 33) (68 7 82 64 55) 35 (56 40 51 11 2) (49 27 45) (75 72 32) (34 14 36) 48 53 89 (70 15) (5 76) (23 63) 61 (52 26 6 50) 4 69 (1 12) 60 (18 38) 66
39: 49 (12 3 87 63 33 45) 76 (46 81 27) 83 (86 85) 66 (17 15 60) (82 73 78 11 59) 40 (64 75 72) 32 (34 53) 47 (50 19 9 39) 52 (31 5) (79 61 1 65 68 10 4) 22 (37 16 2)
40: (33 60 54) 57 (6 18 28 53 66 23) (82 2) (22 39) 83 30 (10 45 64 31) (78 59) 3 13 (25 21) (89 15 73) (86 47) (71 4) 61 (88 35 5 41 68 49 9) 1 (29 52 24) (7 55) (75 40) (79 34) 32
41: (51 3 2) (60 47 45 82 72) 53 (81 8) (11 61 7 36 90 85 54 6 84) (10 89) (31 78 15) 29 (22 14) (39 63) (38 70) 68 (19 55 5) (4 40 71 33) (1 56) (32 34) (75 59) 37 86
42: (14 31) (82 22 45 19 88 25 27) 53 (40 15 10) 44 (49 85) 79 3 (26 71 70 8 38 11 68) (51 13 16) 61 75 64 (18 66) 5 4 (73 54 6 89 60) 39
43: (61 2) (52 81) (53 7 40) (66 45 14 34) (60 15) 47 16 (54 64 71) (86 33 82 51 13) 49 (72 35 3 46) (39 58 22 10 59) 68 (1 62) 32 (75 4 9 11 84 77 55)
44: (39 44 38) (7 5) 46 (88 22 60 19) (3 86) (13 32) (61 8 10) 40 (17 75) (56 85) 68 72 (45 33 6 11 24) 23 71 (51 15) (70 59) 21 4 (2 16 89 78) 90 (64 82)
45: 5 64 (6 1 59 47 38 45) 54 (25 9) 8 34 (75 3 24 40 85 4 86) (37 22 19) (10 11) 61 16 (84 72) (15 51 71 66) 32 81 2 (78 53) 7 (68 39 18)
46: 17 61 (32 45) (80 5) 10 (37 8 4) (29 2) (38 88 89 65 30) (40 50 3) 52 31 (66 78) 82 (71 12) (86 34 59 7) (33 85 19) (68 51 39) (15 22) (18 47) (53 81 35 27 72 9) 1 60
47: (29 75 33 12) (34 69 35 82) (10 84) (18 55 78) (68 44 63) (8 25 50) (26 60 19 11) 46 (2 66) (32 71 7 81 38 89) (15 3) (59 73) (45 51 64 40) (4 57 20) (1 13 39)
48: 4 15 (45 30 37 31 10 19) 25 88 41 (32 76) 56 68 (75 71) 46 (7 16 87 47) 49 (89 14) 5 (52 36 18) 72 33 (73 83) 61 39 (64 29 22) (51 2) 78 77 27 (34 54 66 81 40 3 82)
49: 32 (6 4) (5 31 43) (57 18) 1 86 (66 89 40) (64 75 79 61) 81 (39 68 27 12 46 7 19) (59 45 72 36 38 49 56 34 50) (3 55 22 53) (62 52 15 73 88 10 11) 2
50: 26 (32 73) (59 29 33 81) 42 3 (62 82 55 9) (40 4 47 75 70 1 12 64) (27 7 15 86 2) (10 45 66 88) 68 (71 6) (53 49 72) 39 (79 84 8) (36 22) (5 57)
51: (32 51) (47 67 77) 22 (79 40) 56 (34 38 4 1 12 80) 15 (9 81) (53 70) (60 31 3) 11 (78 68 30) (76 64 59 45 88 25 33 5) (35 10 57) 61 83 (73 18) 65
52: 61 82 (52 34 75 33) 64 (12 38 1 47 11) 23 (3 90 78 49) 79 25 (10 68) 55 (48 7 31) (59 66 6 60) (27 56 53 32 14) 19 (4 72 40 36) (86 45 18 2 63 22)
53: (50 57 40 55 85 4) (59 18) (11 16 61 82 3) 53 26 (31 51 6 63) (38 21) 32 (66 81 34 22 86) (46 70 49 89 7) 88 (14 47 75 87) 15 (56 5 45) 64 72 (1 10 68 69 13)
54: (53 33 64 19) (57 30 32) (45 51 18) (3 22 89) (24 61) (35 60 7 79 40 34) (48 11) 72 (5 59 75 78) (62 82) 76 47 10 (26 69) (81 84) (25 88 27 68 29 15) 87 (4 14)
55: (59 13 45 66 18 31 11 81 32 46) 6 75 (7 4) 23 61 12 3 40 85 41 (63 10 39 15) 69 72 51 (54 38 50 52) (73 30 19 2) (5 17 82 64) (1 34 57 33) 90 53 (68 14)
56: (61 73 53) (17 62) (60 10 18) (38 51) (11 77) 46 (15 40 12) 32 78 (70 25) (22 34 47 64) (3 84) (4 75 82 72) (79 81 68) 27 (9 52) (45 86 88) (5 87) (1 7 29) 71
57: (22 15) 32 11 (33 56 41 34 68 85 12 18 40 78 89 51) 59 (63 35 70) (72 47) 1 (83 10 81 66) 49 (39 57 3 4) 52 (7 19) 65 38 2 75 (5 88) (61 87) (50 64) 45
58: 9 (38 89 64) (5 73) (59 10) (23 22) (2 19 84 40 43 15 85) (46 86) (81 90) (75 87 39 78) 4 (50 1 12) 13 (3 60) (71 36 52) (45 47) (66 69 68 11 88 6) 33 (32 7 72)
59: 50 (22 4 61) (14 2 40 87 9) (75 51 68) (71 66 38) (21 8) (33 45) 10 90 (85 15) (53 77 11) (32 3) 28 (7 72 59 74 12) (19 64 54) (89 81 46) (34 57 88 6)
60: (38 15 40 3 56 22) 61 (64 36 2 78 24) (51 86) 4 30 47 50 19 (49 34 6 10) 45 1 (62 82 41 59 31 72 66) 5 (7 68 32 11)
61: 67 (59 22) (88 11 78 89 82 60 5 83) 10 (43 46 81 40 52) 4 (25 27) 12 (16 44 38) (62 19 73 15 32 18 17 45 2 1 51) (3 72) 30 69 33 (55 75 63 6 53) (68 61) 31
62: (85 53) (64 62 2) 38 (11 5 55 51 31) (86 7 77) (33 48 71 29) (78 39 17 90) 81 (19 68) 18 (88 59) (3 66) (46 61 45) (15 80 9 32) 10 (4 34) (72 89) (75 40 83) 1
63: (69 32 53) (61 35) (15 50 66) 40 49 71 82 78 4 2 57 (5 90) (38 3) (33 68 1 12) 47 45 59 19 (85 10) 6 (7 88) (16 64) 30 51 (48 81) 18
64: (86 88) 22 (76 75 19) (39 73) (31 29) (11 49 45 5) 14 (33 51 2 27 9 85 3) (71 15) 64 (54 36 32) (53 89 38 61 66) (7 18) (4 57 34 82) 10 12 (40 78 68) (55 59) 70 1 13
65: (40 7) (3 69) (81 15 4) 78 10 (61 60 5 75 43) (33 77) (37 31 44) (72 45 11) (71 12 34 90 1) 68 (18 59) (22 87) (57 35) (73 2 32 64) (66 52) (53 14 89 38 19) 30
66: 63 22 (18 1) (39 33) (49 44) 50 60 (47 24 78 19 86) 30 (51 2) (35 12) (70 71 72 79) (64 62) 75 (88 68 84 27 10) (7 4 55 31 82) (13 85 40 21) (3 66) (45 37) 5 (59 61 11) 81
67: (59 2 30 7 4 34) (31 38) 72 (83 45) (22 9) 86 3 (10 33 50) 14 39 32 71 82 60 8 (6 40 90 5 15 47) (62 68) 85 89 (53 12) (13 42 61 49) 41 (18 56 1) 64
68: (62 13) 57 51 (3 59 2 24) (40 5) 52 7 (4 10 22 1 73 60) 12 (78 16) 68 (50 69 15) (71 82) 89 56 (86 26) 35 11 6 (85 54) (64 63 45 34) (44 81) (21 33)
69: (5 32 80) 22 53 (78 64) 21 (59 34) 60 68 (13 10) (20 86) (57 87 85 40) 72 (51 82 52 45) (30 39) (89 41 44 55 58) 33 2 81 (71 11) (50 75 36 31 23 19 3 90 70 74)
70: 3 53 (1 28) (72 22) (39 69 50 45 78 4 30) 38 73 (83 48) (34 54 19) 88 (86 59 32) (11 12 31 40) 7 2 (76 85 63 36 25 24) 14 (18 15 49 68 10 66)
71: (18 82 64 19) 81 59 (1 15 22) (36 41) 26 7 (78 3 30) (4 84 33 57 55) (40 45 50 2 83) 52 51 62 (44 54) (31 13) 29 32 56 (75 53) (90 68 10 47 34)
72: (30 85 57) 45 13 (47 86) 68 63 (2 27 25) 1 66 50 (12 71) (9 88) 18 (15 46) (64 84 36) (65 24 40) 3 53 81 (26 75 72) (19 31 7 29 51 10 14 5) (22 8) 38 4 (78 17)
73: (89 19 15 7 79 2) (50 10 53 49 64 40) (86 46 56) (63 4) (16 51) (55 45 17 18) 71 1 13 (83 59 66 30) (3 35 62 5) 52 (54 31 72 14) 38 (32 68) 78 (61 85 90)
74: (47 14) (35 29 11) 86 (84 1 2 5 89) (53 10 32) (52 80) (55 54 62) 31 15 (26 19 45 61 88) 22 50 (75 59) 79 34 57 (64 21 63 78 82 68 81 6 56) 40 3
75: (7 1) 29 (86 70) (39 5) (19 18 34) (75 89 15 53) (58 45 78) 3 (32 50 83 64 55 59 2 49 6 56) (10 46) (88 90) (37 87) (66 68 4 40 14)
76: (52 69 59) (55 22 38) (84 32) (34 16) (66 62 2 80 45) (39 83) 68 (72 18 1 13 12 4) (8 40) (11 64 57 30) (19 78 3 15) 10 (53 82 75) (28 9 61 5 63)
77: 75 (7 50 45 62 8 3 35 4) 2 (61 32 54 44) 13 38 (71 5 65 26 81 17 64 60 40) 10 46 (51 53 66 57 78 59 11 85) (73 33 18) 15 49 (9 31) 1 77 68
78: 32 6 (70 72 18 90 86 60 62) (83 30 53 68) 11 (81 2 4) 15 (45 10) 34 3 (38 9 87 44 59) (40 1 31) 5 (52 36 71) (66 61 33 22 69) 82 75 78
79: (31 90) 66 (78 71 62 44 47) (72 88) (83 86) (35 84) (45 73) (23 10 16 61) 38 (19 3 50) 68 (64 59 11 22) (76 49 54 1 18) (89 34 13) 81 (4 51) 75 (46 39) (7 40) (63 85 32) 5
80: 19 (26 40 32 3 2 4) (51 37) (14 5 22 79) (75 45) (35 15) (82 25) 86 (76 34) 50 59 (62 38 47) 78 (33 24 7) 48 (87 10 23) (53 88 52 72) 11 61 73 49 85 64 (68 13)
81: (59 63 60 11 46 88 10 1 85 7) 75 (84 32) 41 4 (30 40 15 6 2 34) 17 (73 8 82) 13 33 (3 5) (68 80 18 64 51) (87 86) (39 22 45) (78 56) (28 52 83) (9 23 19 27 81 90)
82: 78 (40 29) (15 39) 18 64 (90 82 84) 19 14 (38 1) (47 35) (68 56) 13 71 81 (10 86 61 2 34) (7 20 75 73 28) 4 (11 31) 66 (45 63 53 27 79 25 32) (33 62) 3 (51 87)
83: (32 6) (68 38 13 52) 69 (2 21 84 75) 45 (66 27) 50 (35 64 10 63) 90 (18 81 83) 39 (9 7 72 88 22 79 51 53) (47 60 34 3) (44 78) (11 1) (80 54 5 40) (82 61)
84: (68 88) (77 49 40 2 45 6) (4 22 38) (75 86 65 7 73 15 9) (44 56 57) (46 59) (10 47 72 37) 18 5 (85 31 50) (81 60 71 1 83 43) 33 (87 16 78 61) (90 3) 39 (19 30 32 36 82)
85: (84 31) (45 72 86) (73 89 71 7) (81 38 65 61) 78 49 (59 40 46) 37 (51 27 25 35 6 9 75 68) (34 32) 55 (83 19 57 54 5) (63 3 41 13 64 10 1 2 39) 53 14 15 11 4
86: 7 27 (40 78 2) (87 61 46) (34 11) (66 89 8) 88 49 90 (4 22 64 38) (16 81 1 68) 59 (75 85 47 18 15) 10 (57 72 53) 45 (86 36 3) (32 33 70 9) 30
87: (49 16) 7 (62 40 57 67 33) (26 15 59 50 25 5) (8 46) 24 (11 56) 66 75 (82 89 2 19 10 73 72 90) (38 36 78 6) (76 22) (3 68) (47 45 4) (34 84) 1
88: (11 29 54 9 64 38 13 86) (17 72) (40 66 2 10 68) (1 37 47 53 87 34) 4 (55 51 85) (89 5) (78 27 15) (39 43 3 59 63) (45 7) 75 (49 19 32)
89: 22 (10 9) (65 7 64 4) (88 5 69) (11 31 3 41) (59 18 66 32 68 62) (60 40 50 34) (78 38 53 52 35 89 47 8) 45 19
90: (45 25) (34 59 32 87) 69 78 58 (40 61) (15 65 19) (5 11 47 84) 4 (49 2 1 72 90) (22 21 51) 64 (81 68 7) 82 (57 26 3) (29 53 10 86 73) 31 (75 37 38 71) (6 33) 83
