90 90
1: 56 (22 76) (12 27 34 32 75 45) (59 4) 77 (15 54)
2: (6 64) 53 (54 74 70) 83 (67 55 2) (1 11 37) 29 (51 33) 43 8 (52 35) (84 49 5 90 58 3 60) (19 76 13 85 44 27) (40 80 4) 7 (82 45) (18 65 34) 28
3: 76 (3 16) (66 1 18 20 41) 36 (26 56) 70 (51 87) (47 52 44 2 25 13 34) (75 81 72) (50 74 83 57 33 7 39 78 53 10 42 88) 45 (14 86) (58 69 30) (35 73) (17 68) 31 (23 9) 24 8 46 (62 65 19 15 64 38 32 61 48 67) (12 21 29 6) (22 11 82 27) 60 (28 59 5 71) (80 85 77 89 4 37)
4: 67 (64 42 81) 40
5: (73 52 41 6)
6: (37 57 45 70) (48 60 38 24) (13 34 5) (19 51 6 85 82) 90 (74 76) (39 43) (29 3 30 69) 23 7 56 (14 63 42) 46 36 (40 25)
7: 23 56 85 (73 49 83) (88 44 40) (5 10 24) 29 (36 77 16) 60 57
8: 62 23 (79 90 33) (72 82 60) 59 (88 8) 36 81 (3 69 80 73 47 75 30)
9: 38 (19 52 3 35 88) (47 1) (74 66 18) (44 22 73) (83 53) (81 13) 28 11 62 65 33 (29 50) 31 68 71 (2 9 87) (39 40) 72 (49 23 59 37) (14 27) (76 32 15 20 7) 45 (34 67 24 70 25 60 41 63 85)
10: (88 46) 21 17 58 (40 80) (79 59) (56 68) 57 72 (36 64 53 67) 28 (12 70 14 5 85 33) 42 (60 2 65 55) 10 61 (13 49) (3 90 84 82) 9 (34 50) (75 39 78) (8 30 37 63 27 48 7 38 81) (89 6) (32 69 73 15) 1 76 (25 19) (66 22) (23 83) (35 16)
11: 19 (35 81 46 14 49 38) 40 (57 71 47) (59 58) 65 22 (2 13 85 8 90 61) (80 86) (5 52 21) (42 7 84 44) 31 18 (20 66) 24 (87 34 56) (16 68 45) (54 33 30 36) (27 23 25 10) (29 53 28 43) (74 17 51 4 50 48 76) (73 72 77 60) 82
12: (30 70 47 6 74) 73 (37 1) (8 29 65 21) (23 35 77) 60 (75 11) (13 44 16) 36 (54 28 82 41) 80 (81 52) (72 87) (85 68 15 55 50 39) (31 76) (69 84 90 26) 10 (62 88 79) 22 12 (9 27 48 25 71) (46 42 83 63 18) (67 58 34)
13: (56 3) 79 (14 39 80) (73 13 90) (84 71 47) (45 30 42) (46 57 25) (75 66) (16 70 28) (87 54) (29 12) 76 (38 26 78 65 20 69) 58 (23 83) 89 (40 51) (43 31) 85 74 (67 10) 63 (41 5) 8 50
14: (36 16 9) (84 43 19 62) (32 70 15 45) (27 61 12) 73 (77 59 46 87) (76 41) 2 (83 81 79 13) 90 31 (66 29) 47 (17 74) (4 50) 26 (38 63) 55 35 (68 78) 44 (60 64 14) 6 22 (18 51) 49 58 (89 48 30) 52 (5 25 72) 53 (40 3 10 82 7) (88 1)
15: (33 54 52) 90 (24 82 50 81 79 3) (38 14) (19 43 63 75 1 68 53) (55 49) 64 (37 35 17 86 84 40 83) (80 71 76 74 26 10 89 30) (32 9 6 36 41) (58 78 2)
16: (63 32) (67 48 89 28) 78 (4 41 64) (51 90 43 24) 21 86 (80 62 11 29 39) 46 (54 88 85 72) (18 82 36 50) 71 13 (27 22) (31 60) (6 57) 49 5 45 (26 23 56 75 70 87) (66 73 84 68 1) 35 (34 76 58 59) 61 42 (17 2 40) (52 83 77 3 69) (25 8 10) (53 79) (44 33 81 30 74) (55 65) 14 12 19 7 (47 38 15)
17: (38 81) 68 (21 30 65 82) (11 3) (26 79) 42 (67 49 89) (83 39 70 24) (32 78) 6
18: (38 50 23) (72 36 34) (42 12) 79 (31 33) (89 6 5 48) (9 82 1) 47 (63 10) 18
19: (33 48 10) 82 67 (52 41) (84 22) (46 11 50 70) 86 (19 55) (3 89) 72 15 16 (27 1 63 58) (7 85 49 76 36 81) (88 30 71) (28 35)
20: (84 50 31) 86 (78 65) (6 73) (10 9 67 26) (33 68) 11 (80 35 51) 37 32 (17 61 34 4 2) (87 23 24) (47 21) 3 57 (29 85 52 77) (75 16 79 72) 18 (46 27 40 39 1 44 63 53) (42 30)
21: 6 20 15 (16 41 4 65) 52 23 79 (37 8) 19
22: 83 45 (50 37 72) (36 69) 68 27 (52 34 43 46) 61 87 (49 53 7) (38 1) 40 17 (81 79 56 8) (67 82 35 2) 48 (78 44) (55 22) (47 30) (10 76) 70 (25 59) 31 (71 32) 29 (77 9 73 90 75 3 80 4 65) (23 88 28) (74 13) 54 (42 41) (51 66 84) (24 58)
23: 12 (26 77 33) (73 88) (19 81) (50 10 27) (48 45 49) 21 (87 38) 67 (2 23 7) 46 90 8 (76 5 68 30) (15 43 17 74) 25 (51 1 80 84) (28 4 79 69) 31 (18 60 54 59 63 75) 78 (55 86)
24: (82 83) (59 22 90) (36 19 72) 20 10 39
25: 68 (16 42 24 85 13) 47 45 (72 20 70) (71 23) (17 88) 3 (81 79 76) 66 39 (2 44 37 82 9) (22 61 58 57 8) 36 80 (50 14 25 56 21) (38 90 54) (7 31) (11 53 84 12 26) (62 33 59 18) (10 4 27) (64 73 15 1 35 60 67 41) (48 49) (43 19) 77 (55 75 46)
26: 69 46 15
27: 39 3 59 44 38 (27 18 11) (89 21) (71 7)
28: (39 44 10 32 48 18 4) 59 (53 90)
29: 77 (18 8 79 24 38 23 44) (72 46) 86 (31 54) (25 3 82) 52 22 (71 21) (69 51) 34 4 (39 19 53) 5 55 (70 75) 78 (1 48 6) (17 35 88 85) (90 10) (26 81)
30: (30 21 89) (16 69 26) (29 44) 9 (6 56 59 73 84 85) (37 5) 77 (28 3 24) 11 (48 39) (81 8 31 33 80 12 27 66 65 76 34) (7 51 36) (50 55 58) 10 64 (19 52 75 46) 74 53 82 2 (25 72 60 23) (86 1 70 88) (49 15 54) 87 18 (68 43 57 4 35) (62 40 13 67 90 63 22 42 78 83 45 20) (14 41 79) 32
31: (11 27 51 22 57) 66 46 (76 62 70) (47 54) 64 12 (4 34 71 65) 21 85 (68 60) 81 (19 16) (18 50 6) (73 14) (80 44 7 9) 74 (2 86) 49 (10 82 77 45 31 87 30) (39 75 29 23 35 67) 41 (69 72 36) (40 79) 1
32: 29 (49 89) 26 (28 53) (17 34) 63 (72 75 56) (82 61 14 86) (81 65 76 37 45) (20 70) 23 88 68 (54 57 35)
33: 4 (67 70) (9 2 34) (88 68) (87 61) (79 39 86 44) 28 (25 82 90) (84 76 63 89) 19 69 6 12 (3 36) (37 31) (40 85) (62 15 27 7) (11 49) 38 (80 30) (59 53 8 24) (20 5 50 29) (42 41 72) (71 51) (60 21 81 23 65) (18 45 22 75) (83 78) (26 54) (16 64)
34: (83 34) (7 71) (66 4) 86 (62 30 37) (76 80) 70 (13 32) (59 23 47 63) (26 9 24) 3 (19 65) (48 1 64)
35: 4 (5 1) 48 8 (56 16 31 58 50 35 87 24) 3 (47 76) (63 13 40 83 19) (27 88 21 34 10 28 49 80 33) 89 (70 85) 6 59 79 (20 7 82 77) 52 11 (45 42 46 68) (78 81) (32 60) 73 (30 71 38) 15 75 (72 55 51 86 90 64 26 57) 41 66 (39 12 29 14 61) (9 18) 44 (36 22) 84 67 (17 53 43 23) (65 2 54) (37 25 69 74) 62
36: 63 (42 17 14 40) (31 4) 61 71 (44 89) (79 32) (56 13 22 46 54)
37: 30 1 (13 5 40 69) (70 32 43 50 46 44 51 86 54) (3 75 57 11 56 60)
38: 65
39: (62 20 87) (59 51 56 35 28) (40 69) (6 76 61) (71 5) 54 73 (2 17 32) (68 23 64 85 9) (18 58 84) 52 (80 47) 79 (48 36) (60 19 50 89 45) 34 (75 8) 39 25 88 33
40: (65 90) (12 22) 49 (68 47) (37 13 55) 89 (3 61) (33 54) 4 (40 62 27) (78 86 44) 83 (11 82 41 29 2 28) 6 (57 38) 80 (53 84 19 5 69) 56
41: (33 25) 22 (70 63) 88 (67 83) 27 (90 8) 52 (35 51) (81 48) 21 (50 61) (15 40)
42: (30 24 19 88 70 26 25 58 51) 16 35 (45 39) (42 33 85 53) 22 80 (47 31) (32 12) (2 49 57) (63 8 59 6 81 28) 27 62 (64 72 56 11 40) (29 13 68) (4 89) (79 86 5 87 82) (74 71 34) 73 (61 75 84) (50 83 41 55) 44 36 38 (21 10 69 37 76 66) (9 54 7) (3 52) (48 18) (46 14) 1 (60 77) 90
43: 2 73 86 (36 67) 3 6 44 79 85 (56 43 27 62 90 68) 76 (59 38 63 82 69) 84 (37 24) (49 74 53 65 39 18) (23 22 41 61) 4 (54 17 64 52 28)
44: (70 16 6) 30 73 (50 15 4) (43 2) (66 68) (38 13 78 74) 64 46 (54 18 22 59) 32 29 37 (56 53 1 76) 72 31 (61 35) 75 7 (67 65 34) 83 (69 10 8 88) 55 (44 57) (9 36 51 58 62) 84 19 (28 21) (45 23 80 63 42) (33 71 49 17) 85 (48 52) 40 (86 27) 39 (12 77 24) (60 79) (90 20 25 5 14 89)
45: 50 (85 13) 74 78 (58 82) (57 49 8 68 87 48 2) 24 88 (9 41 77 37 39 32 62 3 51 47 29 21 15 36 27) (30 10 17) (45 56 25 69 67 65) (79 40) (23 73 28 80 4 83) 11 34 (1 61 20) (86 12) (81 66 89) (26 19) (63 84) (90 38 44 59 33 72 35) 53 14 (76 55) 18 42 31 (7 70 75 46) (71 52) 54 6
46: 90 19 32 (68 54 5)
47: 77 (32 6) 16 (71 90) (7 54) (57 14 17) (23 9 21 56) (13 55 80 41 2) (89 34) (86 26) (66 43 22) 69 11 46 20 (4 68 70 29 5 30 74) (3 73 1 27 50 47 85) 49 40 (48 88 37 78 64 75) 12 (60 39) (52 76) 83
48: (68 17) (56 22) (29 21 69) 77 65 (3 73 23 59) (90 35 84) 37 12 (27 54) (6 51) 1 (58 86) 80 46 (40 19) (28 55) (32 5 89) (34 49 70) (62 30) 67 8 (47 20 63 24 4) 71 31 (60 43 42 82 7 33) (75 85 41 78 50 74) (76 16 64) (88 2 45 87 83 13) (72 14) (81 79) 66 26 9 (52 44) (53 18)
49: 14 (66 87 71 39 27 18 22 81 30) 69 (79 82 85) 45 34 80 (86 78 51) (44 32)
50: (36 65 13 86 44 29) (15 90 51 17)
51: 39 5 (56 45 42) 11 14 72 (12 44 3 4) 79 (6 63) (81 31 41 10) 48 49 (16 62) 32 (74 1) (51 27 36) (38 40 22 34 9 35 2) 26 (87 23 68) (50 60) (33 8) 20 (29 52 17 67 57) 47 (70 66 59 80 55 7 83 78 58 21) 64 (89 46 86) 13 (88 19 43 76 30) 82 (77 24) 90 61 (25 18 71) 54 (84 75) 65 53
52: (34 21) (85 7) (59 81 36) 26 52 (87 56 84) 76 (89 66) 47 79 42 72 (40 8 33) (37 41 78) (88 63) (13 80) 71 44 (60 51 23 2 64) 1 (83 55) 39 (68 30) (45 50 82 69 31 86) 24 22 (15 49 53) (28 3) 54
53: (84 32 87) (39 41 54 70 23) 16 60 (11 75) 31 51 77 (65 67 68 47) (62 28 12 85 76 29) 49 40 45 (57 80 86 30 89) 66 (7 37 9) (50 35) (20 2 71 44 17 14 34) (79 5 81 24) 46 52
54: 3 67 64 (68 22) (27 17) (79 70 87 62 37 69) 54 (1 42) 61 80 82 7 33 (55 76) (88 44 46 58 57 34 11 71 53) (14 40) (84 60 9 38) (2 89 29 30) (5 12 19 65)
55: 48 (30 59) (32 83 4) (23 56 12 15 45) (67 76 2) 85 (42 79 88 49) (13 1 10 52 75 81 70 66 39) 53 (65 55 46) 24 51 (21 31) 58 (47 17) (3 69 89) (57 43 62 82) (71 54 14 86) (18 63 44) (40 26 5 19 41 60 74) (16 61 27 11 64 68 25 77 22) (72 84 6 38 7 80 37) 9 (35 90 29 33) 34 (50 20 87 78) 36 8 (73 28)
56: 69 (3 63 8 71 66) (5 46 88) (13 12) 19 (83 73 17 35 9 36 70 68 41 84 39 54 72 34 60 37) 23 (55 26) 33 77 22
57: (37 80) 47 65 (28 14) (5 26 87) 40 (15 19 67)
58: (18 40) (72 68 6) 52 (63 28 10 66 11 13) 89 36 20 (57 84 61) (48 21 79) (60 55 50 4) (76 33 43) 69 71 (22 16) 35 51 (14 56 54 24) (62 15) (65 78) (25 74) 37 12 (1 86 27) (70 34) 26 (81 53) 77 39 (38 87 46 59 64 45 90) (73 75) 80
59: 25 22 89 81 (46 64) (37 71 83 75 42) 13 (72 78 40 69) (90 44) 27 (54 86 88 41 4 9 35 85 33 38 32) 16 63 (45 52 6 67) (34 15 61) 18 (82 77 73) (70 11) (51 66) (58 3 50 23 26) 12 56 (5 53 19) (1 30 2 7) 20 (74 48 14) (47 36) 57 68 (28 79) (10 31 84 39) 21 17 29 (8 55 24) (76 49)
60: (7 46 35 78 88) (68 74 17 59 66) (37 34 25 13 22 30) (3 42 65 33 31 79)
61: (48 72 15) (54 66 74) (59 45) (88 5) (68 33 24 13 36 49 10 65) (71 25 76) 42
62: (82 6 20 56) (83 46) 84 (31 21 19) 76 (89 7) 77 87 79 (50 11 2 72 4) (63 51) 37 17 (75 9 41 40 66) (43 61) (44 48 39 34) (42 29 47)
63: 64 6 40
64: (41 23 88 87 67 65) 63 31 3 13 (1 24) 73 37 (45 72) (74 59) 61 5 (85 60) (35 19 15 21 86) 11 (7 38) (44 56 26) 6
65: 88 (61 34 2) (42 90) (44 67) 30 (43 27)
66: 45 54 (53 82 22 74) 37 (48 16 30 9) (83 67 65) (90 86) (63 88 55 18 29) (72 20 41 4) (80 59) 24 12 6 34 (39 58 89 47 51 28 26) (5 75) 69 42 57 50 23 (44 8) 14 (21 27 73) 49 (19 62 33) (78 76 85 38) (64 56 10) 36 (25 46) (15 81 87) 32 (7 84)
67: (37 35) (19 68 46 20) (17 85) 59 70 (77 56 52 4) (43 80) 72 9 53
68: 42 (34 88) (1 52 39) (29 56)
69: (47 49)
70: (31 17 82) (36 39 46) 48 (34 25 43) 13 (19 8) 37 21 (52 12 71 27 18) (58 14 75) 41 66 78 42 3 (68 47) (20 79 10) (88 2 74 40 15 73 32) (76 61 28 72 38) (83 30 64) (9 84) 59 (49 81) 63 (69 62 86) (60 4) (16 80) 35 (50 55) 29
71: (18 40) (79 83) (26 38 53 34) (33 50) (5 67 44) (20 23 86 74 15) 60 24 (2 76 62) (46 37) 57 36 4 (22 56) (72 66) (32 12) 1 (21 10 31 90 87 35 28) (71 48 85) 80 3 (14 30 77 13) 82 52 (51 43) 89 (42 27) 65
72: (13 42 58) 81 (14 71 25 19) 33 (70 3 40) (73 82) (28 51 2 37 62 56 79) (26 50 21 4 84 89) 30 57 1 (17 85 15 45) (48 80) (16 69 27 5) (77 68) 78 (72 65) 46 39 (43 38) 67 29 53
73: (69 15) (84 85 61) 76 (12 66 87 86) (20 30 58) (44 5 2 24 49 63) 78 (59 11 23 40 47 74) 71 (82 17) 65 (41 62) (21 4 9 25) (53 80 3 1 56 72 35 26) 31 19 29 43 46 (42 16 10 90) 37 52 (13 32 89) 75 (48 14 55 81 34 68) (79 88 33 50 77 64 73) (22 39 51 28) 54 (57 60) (8 45 18 38)
74: 7 (65 27 24 9 88 62) (68 29) (82 37 67 8 59 13 5 32)
75: 67 37 (4 29 34) (24 80) 14 (68 44) 41 (61 76) (22 48 54 88 47 1 9 17 31 86) (72 38) 11 (89 75) (83 40) 84 32 (49 19 73) (3 12 63 53 10) (6 90) (46 65 78 64) 77 (42 18) 66 (60 7 33 13 50 56 15)
76: (33 45) 76 80 89 (58 59 9 11) (90 5 7) (62 52) (53 12) 10 1 (35 50) (79 67 36 57 44) (49 74 84 39 72) (2 73 87) 28
77: 17 (26 30) (34 25 6 86 13 56 15) (55 9) 85 48 (45 50 88 29) (12 36) 1 (40 19) (53 54) (51 84 32 46 82 27 44 67) (87 63 35) (22 47) (33 20 42 71 78) (58 28 75 65 81 49) (39 60) 10 (38 5) (37 11) (57 66) (24 3 43 14 72 52) (61 18) (7 79) (4 64 21 74) (59 41 16 77)
78: (9 60 55 53 18) (52 7 59) 26 (38 54) 43 81 (1 85 12) 35 (36 70 40 57) (77 61 80 66 49) (30 84 50 20 39) (65 88 51) 68 15 90 (44 41 79) 64 (75 27 13 25) (89 82 48) 46 (37 42) (10 73 62 33 71 8) 45
79: (38 80 45 41) 19 (39 78 34 35 90 24 12) (14 46 2 61) (86 13) (59 52) (25 42 7) (75 49 8) (30 51 1 88) (68 27 16 5) (29 77) (23 54 55 22 15) (32 83) 40 (26 17 66) 87 (73 74 10 3 36 82) (21 85 69 47 72) 65 (81 33) 64
80: 5 (46 10) (62 4) 52 (37 15 7) 19 (28 40 48 31) (78 67 35 50) 54 (57 71 18 55) 70 21 (84 13) (56 77 25) 88 81 85 (86 20 59 27 14 17 9) (90 44) (8 69) 65 (1 24 38 61) 68 (66 63 49) (72 79 80 12 11 74) (26 53 16 64 58) (3 32) 6 (39 42) (47 33 2) 43 (83 23 87 82 36 89 60) (51 34) 29 (22 76) 75 (30 73)
81: (9 25 28 51) (27 31 26) (72 14) (52 33) (53 21) (62 57) (50 88 19 55 43 68) (6 77 59 65 18) (64 42 45 4 38) (90 46) (44 2 58) (36 34 17 39 12) (63 47 89 7) 70 20 (67 1) (86 32 81) (84 54) 80 (61 8) 82 (75 48) (3 83 29) (30 87 16 5 10 24)
82: (64 72 9 71) (19 59 50 53) 43 (60 39) (88 90 31) (41 34 66)
83: 80 53 38 35
84: (13 27 28 31 44) (67 69 6) 62 (45 59 15) (82 14 85) (22 61 36) (72 66) 30 29 10 23 79 (83 49) (81 20 24) (11 50) 40 (87 78 16) (42 84 71 88 63 80 68) (75 34 35) (41 64 39 8 48) (18 25) (53 17 76 1) 9 12 (4 19) (47 46) (33 3 7) (90 26 32 55 43)
85: (1 46 80 16 57 73 70) (11 71) 15 (53 60) (7 77) 58 (42 86 8 50) (18 69 63 24 79 22) (85 40) (9 55 33 62) 4 (23 56) 89
86: (23 65 38) (88 35) (80 68) (61 2) 53 (42 47 10 39) (32 78) (57 72 33 55) 52 (66 77 43 18 17 4) (41 15 24 25) (59 62) 8 48 56 5 34 (64 31) (54 12 45 49 28) (44 79 11) (26 29 81 82) 71 37 (74 1 40 20 30 22 58 36 6) 50 (73 7 76) 90 (85 14) (51 46) (27 69 60) (21 3) (84 67) (75 19 63)
87: (52 19) 53 (4 5) 60 (42 66 47 78 81 76) (3 13 32 18 40 8 83 29) (54 89) (84 82 2 9 35) (50 16 49 64 11 23 85 17) (80 7 79 65) (37 59) (61 38) 70 (88 28 56 1 57 21 27 72 12) 22 77 (48 45 58) (71 73) (20 31 90 15) (51 24 67) (63 33) 6
88: 23 (24 39 67 27) (63 14) 75 62 9 (47 55 6 45 72 38 30 89) 16 (25 80 49 60) (78 36) (43 10) (46 66 74) (42 33 41 52) 44 (21 71) (82 15) 40 37 54 88 58 (69 22) (31 86) 83 73
89: 54 41 (73 64) (75 62) 1
90: (64 75 60 69 55 31) (57 8) 29 (12 44 85) 80 (17 53 30) (48 58 81 73) (41 59 14 7 39 61) (79 68 16 13) (87 83) 26 89 45 54 27 50 90 (74 9 78 63 38) (72 86 84) (18 28) 1 (15 52 35 65 10 71 33 24 67) (82 32 62) 56 21
1: (15 45) (14 47 23 89) (19 73) 87 76 (2 31 29 85 59) 71 77 54 (80 48 72) (81 10) 37 (78 64) (58 52 68 16 55 90) 12 84 (34 42) (22 79) (20 51 30) 35 75 (86 44) (25 18) (3 9)
2: 87 40 47 30 65 (9 76 62 16) (42 48 81) 14 54 39 70 (35 80 10 23 86 55 71 3) 43 72 52 (79 2) (31 59 25 22 53 20) 44 (73 11 15) (45 51) 33
3: (43 51 48 33) 47 (77 70 17 80 64) (71 59 15 2 30 75) (55 14 25 60) 81 (42 29 72) 10 45 (9 20 19) 79 (13 6 22) 3 8 86 (84 37 34) 52 (56 87 73) (40 54 16) (35 27)
4: 42 (22 29) (40 87) (33 2) (43 3) 47 (59 58) (25 28 62 73 51 81) (23 45 1 48 11 14 36) 86 (84 21 44) (16 34) 80 (31 77 66 67) (71 72 35 20 70 55 30) (85 75)
5: 74 (72 66) 71 (37 6) (2 14 44 3 51 33) (81 39 46 40 10) (64 13) 47 80 (61 7) (59 53 48 16 18) (42 29 11 87 77 76) (79 57 55) 35 (54 23) 86 30 56 73
6: (45 33) 59 (18 47) (62 81) 80 (42 20 31) 87 43 (5 40 30 12 6) (55 66 51 3) (10 35) 39 (84 2) (16 77) (14 75 44) (21 48 17) 88 (64 58 86) (29 15 63)
7: 34 (52 47 22 66) (81 35) (31 86 33 6) (10 85 45 23 44 48 74 11 78) (14 25 76 87 77 55 79 84) 27 59 (19 42) (62 54) (9 2 3 90 60) (30 51) 16 (53 80) 64 75
8: 86 (44 87 13) (59 73 39 41 45) 90 30 (10 42) (56 79 16) 85 (12 2 55 21) 81 70 48 (84 22 78) (66 35 8 51 23 3 25) 80 11 33 (29 52 74)
9: (22 31 80 44) 81 (59 48) 39 (82 78) 3 (42 70) (67 56 47) (12 30 66 45 53 73) (51 76 74) 9 77 25 (18 35) (84 62 55) (90 88) (75 85 33 54 87 20 34 10 15 14)
10: 71 (88 61 59 81) (80 55) 45 (28 24) 75 35 (19 73 14 18 77 22) 79 13 (90 23) (29 10) (51 3 11) (7 44) (86 12 78 15) (76 20) (66 30 42) 84 (16 25 70) 31 58
11: (33 87) (58 62) 2 16 17 12 (75 84) (54 25 27) (35 85 45 42) 51 (64 19) (20 9) 77 (30 37 59) (40 3 31 76 86 80 47) 73 (53 55)
12: (30 42) (48 76 66) 55 (73 79 84 14) 45 (12 90) 87 (75 44) (40 33) (18 81) (56 58 16 77 1) (86 31 3 54 10 51) (53 23 78 35) (70 25) (47 80) 59 (13 71)
13: 84 (40 36) 37 (22 61 51) (25 90 34 64) (12 6) (77 87) (52 30) 80 (2 58) (47 50 71 16) 59 10 (74 42) 45 (70 60 75 9 73) (48 78 3) (35 72) (13 56 11 44 14) (79 55)
14: (44 51 25) (90 49) (42 47 9) (48 57 16 79 77 58) 53 (6 32 72) (13 88 36) 86 80 (10 81) (54 11 66) (3 55) (45 75 30 14 71 31 15 35) 59 (84 73 70)
15: 64 (45 9 71 80) 58 (84 30 59) 16 10 (26 1) (87 70) (35 57 61 85) (44 12 86 14 77) 52 23 (88 66) (72 3 33) (75 25 73 21) 55 (19 50) (79 90) (78 41)
16: (31 35) 19 25 (66 44 80) (11 88) (72 3 14 47) 21 (42 90 55 58) (12 79 13) 48 53 59 7 33 51 (70 73 20 81 84 87) 77 (30 10) 85
17: (3 32) 80 (56 48 90) 25 77 (54 29 75 45 14 87 53) (62 72 70) (11 15) (44 50 73 16) 79 (22 81 20 60 55 59) (23 86 39) 67 (10 84) (36 51 43 35 47)
18: 81 (30 86 49 85 9 43 75 29 39 44 25 87 20 42 35 55 18) (12 14) (2 16 78) (71 51 23) 33 (59 77 66 31) (48 90 58) (80 45 28 3) (70 27) 11 84 73
19: 56 (15 19) (57 62 33 6) (51 11 48 44 35 40 39) (14 66) (34 79) (73 70 21) 81 (80 3 87 82 75) (55 72) (23 64 29 42 86) 77 9 (16 31) (45 84) 67 24 (54 59 2 30 10) 46 25
20: 78 (55 73) (30 3 81 62 87 59 47 39 13) 58 33 (44 70) (24 45 77 11) 71 (51 84) 86 (25 32) (35 21) 67 66 (48 80 9) 53
21: (52 71 48 59) (3 87 81) (29 88 47) (45 10 42) 55 (11 25 58 35) 62 66 (41 77 33) (73 70 51 27 80 17) (30 23 16 64) (90 31 72 20) (12 44 86 79)
22: 43 52 (10 30 85 41) 88 48 12 (56 31 9) 80 40 42 (24 86 44 22) 29 55 19 (58 87) (49 16) 73 71 1 (54 35 33 77 75) (66 79) 60 (14 36 47 25 11 59 51 3 84)
23: (7 43) (34 21 9) 84 32 53 (35 79) (45 48 39 8 52) (88 18) 12 (44 85 86 11 16 23) 71 (29 55 25 64 13) (20 51) 6 10 56 (3 59 33 80) 73 (87 66 22 30) (31 47)
24: (87 9 73 3) 55 74 29 90 (84 64) (25 15 44 66 53) (43 88 75 48 71 52 35 61 7) (22 86 34 17) (20 6) (58 30 33 85 81) 16 42 11 (51 45 77 80 79) 59
25: (73 66) (70 72) 14 29 (86 77 61 44 6) (25 39 80 88 84 41) 55 23 (30 60) (35 9) (42 58) 3 (13 10 33 11 59) (12 78) (51 45 16) (81 79) 22
26: 3 (34 23) (47 16 29) 64 (33 35 58) 80 (56 15) (48 45) 14 (78 79 72 20 17 30 12 32 86 51 71 42) (13 57 73 66 77) 90 (81 52 59 55) (84 25)
27: 45 71 (88 12) (11 74 86 66) (59 49 54 51) (90 79 27) (33 14 40 23) (3 42 84 31) 47 (78 25) (72 9 22) 20 44 (16 35 58 30) 1 10 (77 48) 81 (2 43 55 70 65) (87 41) 80 19
28: 11 (9 3) (33 76 42 45 57 35) (73 66) (55 52) 80 10 (84 30 12 23 86 77 40) (44 70) (2 43) (58 16) 59 90 53 71 (72 39 32 19) 87 48 (81 22 13)
29: 86 (74 9) (62 33 11) 81 30 (2 80) (20 42) 6 12 72 (35 32 47 77 68 79 54 44 31 3) 16 48 50 40 70 14 (53 13) (45 66) (51 59) 75 87 (7 55) (90 84) (73 22)
30: (20 51) (84 34) (30 80) (90 37 16) 52 (13 86 60 48 49 11 71 78 8 14 44) 10 35 (59 54 77) (45 88) (15 3 72) (70 81 65 53 73) (19 55 17) (23 47 79 31 12) 42 22 (6 66 33)
31: (25 18 14 42 9 55 73 52 84 35 30) (22 87 70) 16 (33 80 3) (20 64 90 23) 29 75 60 45 (71 44) (51 53 82 86 59 36 11) (13 62 12) (31 48 88) 81
32: (71 70 20) 42 (66 48) (51 86 80) (1 55 59) 28 (35 39 16 37) 22 (81 15 90 45) 34 53 (17 79) (84 77) (14 9) 75 (3 46 10 47) (44 30) 87 (36 74 73) 49
33: (51 60) 58 (59 15 78) (25 35 87 8 41 16) (72 2 48) (61 79 84 77 11) 55 30 (20 86 76 44 73 18) 42 80 (90 19) (54 52) (39 3 23) (10 56 81 75) (88 85 71 9) 45 (40 66)
34: 49 59 (16 54) (71 65) (10 79) (34 84) (2 33) 62 (35 30 6 68 82 55) 3 45 (60 31) (75 1) (29 39 51 9) 80 (86 11 73) (47 44 20 77 81 58) 66 (56 42) (52 48 12 32 70 22 53) 18
35: (41 44) (39 83) (55 2) 60 16 (12 14) 30 (22 58 31 51 42 78 15) 32 (19 48) 64 56 (86 90 3 79 80 45) 9 53 (87 70 84) (20 77 25 29) (35 11 59 76 67 10 73 71)
36: (15 14 6 71) 8 (33 81) (80 55) (35 18) (42 76) 22 (78 88 31 86 10 16) 58 50 (52 3) 61 (39 43 84 7) 59 (51 11) (77 44 30 45 12) (19 79 24) (70 56 66 25)
37: 34 3 (40 71 72 30 45) (66 53 25 52 48 35 20) (22 44 2 57) 56 (73 12 77 80 88 33 6) 55 (32 70) 21 9 (74 75 43 62) (67 58 54 78 87 64 42) (60 86 59 10) 47 15
38: (88 77 10 40 80 81) (11 90) (43 9 83) 3 23 (71 75) 55 (73 72 70 29 54 33 86 17) (44 22 79 45 87) (51 58 35) 14 (59 66) 6 64 78 (25 16 15 27 13 42) 18
39: (76 77) (27 47 9) 78 49 (82 20) (79 13 90 55) 6 (88 62 39 70) (66 16 3) 30 (45 24 12) (35 81 53) 43 (25 56) (17 73) (59 58 10 86) 51 (42 29 33 44) (84 28) 80 52 (31 68 72)
40: (57 53 9) (54 75) (36 79 70 58) 31 (77 87) 62 (88 55 42 48) (80 86 7 6 51 39) (15 45 37 63 84 52 85) (20 22 13) (72 40) (44 41 16) 33 (30 4) (59 2 47 35) 14 (71 11 78 10) 73
41: (5 86 13 52) 56 51 45 73 (30 21 14) (90 33 89) (40 64 16 31 19 12) (78 88 3 62 79) 47 (70 55 35 15) (66 43) (75 82 77 59 42 22) (84 48) 53 (25 9)
42: (85 79 52 81 84 61 55) 22 (4 10) (42 36) 30 45 (73 35 33 72) (87 20 65 25 77 44 75 3 86 68 13 48 70 11 71) (18 6) 78 (60 80 59 54 88) (51 66 17) 16 62 12
43: (48 23 35 55 16) (80 88) (51 44) 77 (6 2) (25 72 43) (70 84) 11 15 67 (22 58) 73 65 86 (30 13 82) 47 (81 14) 62 37 78 71
44: (84 37 7 64 73) (22 90 35) (78 42 33 43 2 62) (86 9 14) (28 48) (71 88) (65 52) 54 (66 81 45) (3 51 77 55 75 20) (12 59) 11 (44 49) 31 36 (25 76) 40 53 (30 29 16) (50 27 80)
45: (11 88) (32 73 76 6) (44 33 86) 39 (61 16) (64 14 55) (87 13 3 90 1 49) (2 48) (35 42) (23 59 77) (78 25) (58 81 31 53) 84 (52 79 22) (45 72 30 51 66 9)
46: (53 77) 86 (3 67) (54 70) 25 (22 36 78) (37 73) (72 11 75 29) (85 13 59 71 58 12) (44 51 42 14 79 56 84) 66 (45 62 30 6 55 31 48 88 10 20) 35 80 (60 26 16 47) 23 (19 81)
47: (42 45 87 13) (25 51) (75 52) (86 18 59) (20 55) (8 14 81) (53 11) 73 88 47 (31 84 34) 39 (35 66) (3 62) (40 12 57 69 16 9) 70 (80 77) (79 22) 48
48: 12 73 51 (22 44 71 19) (59 80 61 35 11 87 6) 90 (70 28 39 41 84 30 47) 58 77 (3 72 75 16) 45 (23 86 25) 55 (10 78 66 29) (18 14) (62 34 81 42)
49: (40 75 66) 53 (43 79 73) 61 (15 16) 86 80 19 48 (55 45 14 22 51) (47 31 76 77) (78 52) 32 (25 87 88 23 9) (44 30 59 35 70 7 33) 84 (11 42) (2 10 17 69)
50: (80 20) 13 51 47 22 12 (45 76 70) 25 (62 75 81) (39 72 71 23 66) (31 87 73) (58 86) (82 33 15 44) (37 18 35) (84 16) (11 78) (53 19 9) 42 (10 52 90) 3 48 (55 77) 59 (30 85 41) 14
51: 3 (6 11) (79 50) 35 72 (44 16 77) (2 23) (58 86 78) (45 73 22 81 29) 87 20 66 (52 51 37 41 80) (71 31 42 33) 14 39 (48 30 49) (55 59) (13 53 62)
52: 71 9 20 44 (11 30 42 80) 53 70 47 3 48 (87 16 67 14) (76 2) (55 58 51) (19 29 5 86 43 90) 81 88 73 78 (45 79 35) 59 (77 12) (15 21 22) 39 (68 41 52)
53: 45 73 (83 44) 11 (59 82 43) (33 9 25 58 20) 40 (77 16 90) 86 (80 30 87 75) 54 52 (22 32) (55 28) (14 48 76) 35 29 (78 42) 72 85 (10 15) (66 2) (81 51) (71 84) 67 3
54: 46 (43 61 23 89 44 39) (1 73) (13 78 51) 45 (77 15 80) (2 48) (90 86 40) (75 56 66 81 37) (88 30) (47 79 32 54 53) (16 58 87 59) 52 31 (36 42 33 11 35 55 29) 22 (12 25)
55: 29 19 30 (85 47 78 48) (2 16 42 12 90 70) (23 35 56 73) (59 14 80 45 66 44 25 22) (51 15) 54 (77 79 10) (55 52) 40 (81 58 84 86 88)
56: 90 (7 66 87 6 47 52) (37 39) (51 59) 55 (67 71 48) 11 (35 13 42) (44 85) (1 16) 68 (64 25 45 36) (86 10 58 72 80 73) (30 3 75 40) 62 (77 22 32 43)
57: (31 42 77) (16 10 44) 54 (90 76 53 86 37 66) (45 78 72) 32 73 85 58 (13 20 6) (7 11) (30 35 80 59 55 40 87) (47 25) 51 (3 71 81)
58: (86 14) (54 10 16 35 76) (48 12 45) 72 (25 19 81 2 87) 88 (30 66 13) (80 3) 70 22 (90 11 77 51) (39 59 85) (44 55 42) 15 73
59: (9 30 22) (73 64) 24 (76 87) 86 (39 34 84) 66 78 (48 43) 8 (82 11 1 74 42 14 58) 27 (10 81 51 45 61 90 35 79 80 44) 55 (23 25) 52 (60 77) (16 67 28) 70 (33 3)
60: (82 7) 44 (88 2 10 56) (31 9 37 52 71 85 25) 33 (8 78 90 58 73) (53 12 80 35 11) 70 (77 30 64) (54 47 48 16 55 3 42 6 75) 51 (23 86) (87 14 39)
61: 14 90 (51 59 80 32 41) 84 (20 65 55) (22 77 64 36) 35 (54 3) 45 87 (25 79) 62 39 42 (70 43) (16 44 81) (78 73) (86 40 11) (58 10 75 33)
62: (40 16 81) 42 72 (43 48 25) (86 3 78) 31 90 53 (66 88 85) 30 33 (76 39 45 54 44) (74 14 71) (34 89) (12 51) (84 35) (73 80) (70 8 55 58 9)
63: (32 35) (77 43) (14 62) (51 15) 75 33 (36 45 42) 19 59 87 (44 90) (52 48 13) (58 64) (6 84) 88 (10 81 66 41 18) 12 (55 73 23 80) (70 56 9 16 30 86 20 34 85)
64: 59 (3 79) (81 66) (42 80) (77 15 34 84) (54 47 48 44) (82 63 16 73 2 86) 89 (14 55 43 51 25 78 31) 4 (75 70 52 10 30) 39 (90 35 58 87 33)
65: (54 32) 80 71 (10 81) 90 (3 16 61) (64 33 2) (53 22) (9 35 38 34 72 78 86 55) 57 (79 66) (13 51 48) 11 (40 74 30 17) (43 20 31 12 58 60 45) (87 44) (50 77 73 75 21)
66: (70 55 45 9) (49 78) (25 35) 22 (77 60 42 10) (48 62) 88 75 (52 16 14 56 31) (73 82 59 44 47) 80 58 (30 53) 79 71 86 (84 34 13 3) (11 61) (51 87)
67: (81 10) 4 (41 65) (30 43) (86 20 84 55 87 2 74) (25 76) (90 48) (64 53) (51 44 75) (54 45 31 59 77) (88 57) (12 23) (22 3 9) (71 66 80 33 35) (16 17 13) (19 72)
68: 54 10 (3 58) 75 (22 79) (67 39 53 84) (55 9) 70 (43 61) 90 (15 80 72) (35 40 20) (30 47) 11 (48 56) 74 (52 59) 32 44 31 (86 73 78) (81 60 17 45) 51 (46 23) (25 14 16 33) (42 12)
69: (55 49) (6 84) 47 (13 40 31 79 30 37) 8 29 22 (43 70 35) 16 42 (54 72 66 80) 23 (39 56) 3 26 (10 48) (86 73 45) (33 88 85) (59 90) (52 12 58) 44
70: (45 59) (12 34) 41 (37 47) (35 56 13) (87 29 10 14 44) 81 (31 22 32 17 19 33) (9 16 54 2 85) (48 25 80 67 53) 3 (55 30 6) (78 42 72 51 58)
71: (54 49 58 84) (59 73 90) (77 87 27) 70 (13 33 19) (82 71 61 16) (3 47) (34 48 56 72 51) (88 31) (36 53 29) (35 42 25) (22 44) (52 86 11 39 9 80 85) (15 12) 78 55 45
72: (67 75) (33 61 80) (30 56) (24 9) (29 90 86 70) 11 (22 82 31) 20 (3 32) 42 (59 58) (79 72) (62 73 35 77 25) 66 10 (52 76 8 64 84 19 55 48) 87 18 45 (12 88) 44 (71 16 51 81) 14
73: 79 (56 86) (80 39 90 25) 43 (23 78 31) 55 58 (14 42 10 30) 76 (66 44 22) (89 47 13) 85 (35 8) (3 70 7) (12 5 64) 48 (75 59 45 9) (16 72) (20 11 87 88 73)
74: (12 16) (51 3 35 2 70) 30 77 55 (64 45) 14 88 (47 86 80 22 76 48 79) (90 23 61 15) (59 58 73 71 44) 6 (9 31 42) 60 (43 11 13 66)
75: (90 10 75) 29 (47 33) (66 55) (44 13 84 45 35) 31 79 78 48 (30 88 39 62) 89 (58 53 42 16 51) 22 70 73 15 (8 32 1) 23 3 (81 37) (20 86) 12 77 (80 59) 25
76: 15 (87 61 71) 52 (34 30 73 47 80) (10 62 33 51 2) 23 3 (31 14 9 45) 1 (86 75 55 25) 43 42 6 53 (84 66 13 32) (35 11) (22 58 59) 48 (76 54 19 39) (16 70 12 44)
77: (25 3) (14 1 75) (29 72 22) (44 71) (35 16 77 58 47) (86 45 78 20 7 56 87) (48 23) 42 11 80 30 (59 51) 73 85 (53 31 55 67 12) 81 (79 62)
78: 45 (59 44 29) (15 77 90 84 17) 13 (10 23) 66 80 (75 72 87 55 70 33 60) (52 88 73) 58 (3 86 47 14 40 51 35) (16 30 79 49) (22 20) 48
79: 31 (13 62 54 59) (42 51 86 10 52 48 14 8 53 23) 36 29 80 58 (70 84 55) 49 16 (76 77 25 44 87 20 45 33 73) 85 (12 15 21 22) (71 43) 78 30 18 (35 17 72) (90 39 60)
80: (81 79 73 47 48) 85 (2 20 66 11 3 55 23) (75 34 88 71) (78 25) (15 53) (51 67 72 84 83 90) 52 33 80 (57 35) (76 58 30 87 10 49) (8 70) (31 12) 54 44 (39 42) (13 86) (22 40 45) 16
81: (55 12) (86 72 3 9) (29 23 51 49 11 66 31 78) (59 45 4 19 81) (10 48 15 77) 80 90 (32 52 53 33) (16 42) (22 73 70 79 8 17) (41 35 30) (58 87) (84 14) 25
82: 49 (48 90 74 22) (45 18 79) (31 73) 54 (43 17) 87 (84 10 33) (86 42) 16 (88 35) (19 24) (29 66) (78 40 80) (32 72 55) 77 (71 8 52) (12 70 51) 2 (15 11) 3 (30 25) (81 62 14 6) 59
83: 80 87 (12 75 52 40 42) (48 44) (9 81) (62 88 56 16 51 17) 33 (47 34) (22 35) (3 7 24 66) 14 (2 13 84) 90 79 (15 70 45 41 71) 30 (59 55) 10
84: 10 25 (22 23 54 52 11) (43 84 76) 78 (14 70) (81 51 80) (12 13 15 42 40 66 75 90) (53 62 55 48 45 59 44) 39 (73 30) (56 2) (86 33) 20 (58 72 19 35) 77 (16 87)
85: (78 47 44 19 39) (64 72) 30 67 12 (20 2) (33 55) (25 31 35 85 3 13 11 80 45) 42 (29 66 53 84 59 48) (52 43 86 87 16 9) 49 (6 71) (79 77 73) (7 10) 90
86: (32 35) 75 (52 71 51) 23 43 (48 30 47 59 90 66 55 34 80) 58 (73 15 20) 53 49 (19 85 44 88 81 11 79 50 70 31) (3 16 37 33 40 42) (77 64) 45 29
87: (76 23 45) (73 55 22) (16 80 3) 53 (71 42 11 57 33 9 49) (13 54 12) (31 84 51) 14 90 (20 48 79) (35 81) 39 66 (58 62 52 77) 64 30
88: (79 64 73 48 44 84) 78 (60 9) (82 75 22 70 45 47) 77 (55 7 54 29) 86 68 14 (81 52 39) 87 (3 51 25) 33 (66 56 80) (41 16 42 32 19 8 59 30 74) (65 61 88 12 23 10 35)
89: (80 52) (53 59 10) (85 51) (19 33 54 39) (72 27 18) (55 42) (35 44 66 87 58) 62 (81 15 71 78) (16 88 32 48) 76 90 40 (75 30 13 36 47 17 45 3) 14 73
90: (12 55) 66 (79 71) 81 87 8 (11 15 48) (58 22) 30 59 (82 44) 65 (78 84) 76 13 46 47 (42 51 23) 41 (2 86) 73 14 6 28 (40 24 16 90) 50 (45 43 29) (80 10 75 35 33) 25
