90 90
1: (73 19 85 7 69 71) 29 (52 65 5) (80 63) (14 15 60 2 64 61 62 90 48) (8 51 41 59) 87 78 10 (82 3 13 81) (22 18 6 89) 67 (74 21) (50 20 4 40 70)
2: (4 79 30 3 1) (48 43 55 23 78) (21 33 38 53) (9 46) 83 59 50 (12 11 16 39) 63 (81 40 25 54) 31 (44 52 82 14 89) (73 29 75 32 19) (37 8) 51 34 (42 85) (84 77 80) 36 (45 65) (68 87)
3: 68 (30 34 27 76) (23 49) 3 (52 54) (11 24 4 37) 75 (61 84 82) (29 36 22 53 14) (45 87) (51 32 39) (42 80 40 26) (1 10) (35 6) 85 17 58 55 (12 69) 72 (13 79 18 25 43 16) 41 90 (66 78) 63 9 73 (56 88) 46
4: (55 32 66 86 49 2) 26 (22 85 31) 65 (57 41 10) (81 5 82 64 28 70 72) 62 18 (14 69 61) (90 34 75) 42 (59 60) (36 56 3) (80 13 83 48) (88 17 54) (51 46 7 47 67) (53 27 44 52) 25 9 (29 74 24 20)
5: (37 21 71 77 52) 85 (6 78) 66 79 (76 2 7 15) 11 (17 13 4 56) 83 (35 47 9) 81 (10 26) (40 65) 58 (48 88 90) 53 (18 61 51 39 60 32 74 33 46 12 14) (43 42 8 68 44 59) (57 16) (31 87 49 23) (55 73 1 82 64) 89 69 22 72 38 (19 50 28 41) (27 63 80) (24 3)
6: 13 (19 33 12) (37 41) (66 38 61 2)
7: (77 68 6 83 26 60 12 56 39) 79 2 40 (78 8) (25 55 24 89 33) (61 64) 87 9 (18 44 62 85)
8: 10 (77 85) (45 9 7 4) (23 46 24 29) 84
9: 82 (13 33) (19 58 89 72 47 48 45 39) 9 (59 79) (25 16 78 52 31 61 28 14 55) (27 67 46 53 80 85 56 26) (10 32 88 15) (74 44 38 68 41 20) (57 17 66) 35 90 70 (4 75 43 6) 87 77 5 (65 54) 84 (86 36 3 11 83) (7 64) (1 60) 42 21 (24 18 23) 29 40 (73 30) (34 12) (51 22 37) (71 69 2) 50
10: 69 10 76 (65 28 60) 25 (34 43) (2 14) (5 22)
11: (30 87) (32 11) 54 (90 14 61) 18 (46 52) (5 17) 3 39 41 (73 60) 48 25 62 (78 20 12) 88 35 (40 84) (36 27 33 7 71) 70 (8 67) (19 49) (51 38) (59 29 64) 26 (21 68 28) (43 23 77) 45 (42 63 74 10 79 80 75 66 1) (37 89 82) (44 81 4 57 50 86) 53 (15 6 58 83) (72 24 69 55 13)
12: (66 84 63) (41 65 1) (47 17 10) (62 21) 16 (72 4) (90 35) 67 (40 37 39 19) (52 42) 87 (36 74) (26 31 55 78 85 61) (69 6 79 71 49 80 89) (2 60 13 33) (9 70 29) (88 76) (32 82 8 22)
13: (23 15) (44 63 19)
14: (64 79 44) (66 40) 89 53 (3 35 59) 1 (55 81) (86 42 49) (33 56 18) (5 88 43) 72 16 (20 21 26 85 58) (25 87 90 24 19) (48 76 30 67) (62 13 75 4) (15 23) 11 (47 6 70) (68 14) 50 (2 61 41) (34 8 36) (83 51) (27 45 80 74 31 78 71 32) 12 (84 69 77 28 65) 52
15: 29 (59 45) 57 (22 87) 68 67 31 (40 73 74 30) 47 (75 32) (56 63 35 34 89 18 50) (90 48 6) 28 (4 84) (76 3 12 1 81 86 36) 8 (39 20 37 69) 43 17 (60 24 25 80)
16: (17 32) 69 (76 80) 36 (12 44) 31 (83 66 85) 39 2 (30 42 82) 46 55 (50 81 48) 75 (54 37 89) (59 73) (6 25) 26 79
17: (72 74) 65 35 (25 89) (8 60 41 28) (20 68) 1 (47 26 23 29) 77 71 (6 2 67 43) (52 57 9) (21 48) 69 (3 7 62 56 40 13 4 51 30 45) (86 27 58) 59 83 64 50 46 34 (18 38 36) 66 (24 90) (87 16) (76 79) (19 81) 44 55 54 (17 70) (61 5) (82 11 53) 15 (73 63) (12 10 37 42 85) 80 (75 32 31 88 49)
18: 82 47 (6 81 86) (54 10 80) 7 (18 38) (49 28 25 76)
19: 1 (16 83 3) (28 34 65 38) (76 5 88 47 90 77 44) (22 87) 68 (67 71) (82 23 70 48) 51 (21 29) (80 36) (4 2) 60 66 42 (78 46 15 69 64) 86 (12 24) 14 41 62 57 53 31 (56 40) 25 (79 59 52 43 45 27 10) 37
20: 25 (63 78 40 49) 20 (3 89 82) (85 86) (9 73 24 16) (34 12 11) (18 36 15) 59 42 77 (17 83 4) 79 (75 30) (57 10 29 74) (46 70 67 71 58) (41 45) (23 21 84 19) (61 31) (55 48 65) 33 (32 6 90) (5 52 81 50 28 44 47 13) (7 54 88 68 80 43 64 53 35 66 26 60 76 1 62 27 56) (37 72) 38 (69 22) 39 (51 2 87 8)
21: (21 79 16) (54 8 40 11 68 28 62 61 65) 18 (23 78 42 81) (24 2 64) (1 66) 3 (50 29 53) (13 39 86)
22: 84 21 (6 48) 68 54 (74 34) 33 87 (23 37 56) 1 (29 77)
23: (52 28 88 35 78) (56 33 75 45 49) (29 27 83) 77 (20 63) (14 42) 40 90 (1 38) (32 15) (17 62 5 18 4) 57 61 (10 72) (2 79) 51 24 (54 30) 39 (46 34 31 58 6) 74 55 (68 70 26 25 21 43 60) (84 73 13) (80 23 86) 3 37 7 (9 19 50 22 8 76 81) (82 44 59) 53
24: (79 50 59) (86 35 82 32) (12 19) 3 18 4 (47 13) 53 75 (66 69) 16 (39 84 72 5) (80 90 55) (21 33) 70 17 83 (15 24) (60 8) (29 51 6) (46 48) 34
25: (61 7 87 13) 80 90 62 74 75 (88 77 57) 26 (89 55) 41 (56 35) (10 39) (45 2 48) (82 15 46 29 36) 85 (27 44 68 53) 60 84 17 9 1 (37 22) (16 33 24) 4 (76 51 32) (31 30 3 52 73 5) (38 8 6) (19 42 34) (18 69 49 11) (86 67 65) 72
26: (15 27) (69 83) 73 39 (26 49 64) 68 (19 78) 87 29 (50 7) 90 25 (56 40)
27: (38 56) 63 60 85 (61 55) (70 74 43) (22 67) 19 76 (52 32) (42 51) (47 17 73) 26 (40 4 46 90) 75
28: (84 6) (3 26 14 50 56) 19 85 (83 89 20 60) 77 (76 59 86 62) 54 30 88 5 66 (55 28 75 65) (27 57 4) 41 67 35 23 8 (52 43 12) (69 72 9 33 78 61 45) (70 25) 51 17 (47 53 80 81 39 34) (58 29 22) 31 18 11 21 90 73 (68 82) 79 (2 16 37 10 87 40 15 49) 44 (1 32 46 42)
29: (35 16) (50 1) (9 31 38 63 18 30 76 66) (81 85 70 88 60) (22 78 69 23) 67 (57 46 29 26) (59 47) 3 19 (71 41) (17 64) (84 4 56) (25 6 2 89 90 54 68)
30: (52 45 79 51 74 49) (86 6 67) (31 18) 87 40 (56 70 42) (12 24) 64 (38 62 66 68) (16 65 43) 25 (35 85) 63 (75 20) (39 73 76 7 54) 34 (29 84) (48 83) 32 60 47 59 (89 15) 71 (17 26) (21 58) (19 81) 22 (46 28 23 14 41 88 69 82 10) 37 77 (61 2 50 90 57 78 30) (13 27 55 3) (1 11 33)
31: 77 (9 42 78) (80 65 22) 33 12 89 (30 32 88 59 50 51) 70 (56 24 2) (66 8 31 38 34 61 41) 90 18 (67 3 5 1) 37 6 (28 64 19) (53 21)
32: (30 33) (27 43 88) 18 66 65 (41 80) 42 (11 64) 36 14 52 (26 6 10 46 16) 39 50 59
33: 52 (50 21 45 83 41) (82 9) (43 26 5 70) 37 (65 24 27 74) (44 56 66 19) (17 16 68) (15 87 4 81) (77 60 40 6) (78 29)
34: 49
35: 56
36: (87 51 15)
37: 63 (45 49) (66 3) 72
38: 51 32 (79 48) (50 74) 47 40 16 7 (15 33 46)
39: (63 42 14 38) 86 41 (40 55 12) 87 88 22 75 (31 30 56 23) (51 2) (33 45 69 70 57 83 13) 64 32 (21 7) (24 11 49 15) (82 3 71 44 9) 66 18 (81 8) (65 17 61 73 47) 77 (36 62 80 5) (50 60) (35 37) 74 39 25 (78 79 43) (90 6) (53 52 19 10 59 76) 1 72
40: (80 45) (69 70 16 29 58 11 36) 76 (13 54) (4 50 75 19) 24 (78 72) (17 71 84 5) (47 86) 10 (6 22) (21 30) 60
41: (46 15 54) 63 26 (88 61) (76 43 16 14 18) 52 (58 13 9) (49 3) (82 31 8 60 30 2) 81 (44 84) (71 33 51) (42 10 24) (80 34) 67 86 21 (68 47) (41 55 29) (32 27 23) (56 4) (74 37) (38 45) (72 5 90) (53 69) 28
42: (26 54) 76 (68 41 32 80) (62 85) 86 (35 48) (3 12) (69 56) (33 30 74 49 79 27 40 46 77) (25 45 75) (6 15 87) 11 17 (65 4) (7 34 63 44 71) 60 (1 70) (90 55) 61 (36 31 38) 66 20 16 (23 84) 10 13 (2 29 43 8 18 78 67) (58 22 82) (88 9) (53 81 42) (73 14 5 24) (28 50 89 37) (47 64)
43: (24 52 84 19 49 63 26 82) 68 (20 43 46 69) 2 59 (3 78 5 13) 66
44: (85 71 79 11) 69 5 80 (45 32) 28 (14 26) 53 (35 88) (23 74 62 17) (10 44) 43 65 (55 77 36) 38 8 20 41 (83 76 25 52 18 39 3 86) 75 (90 57 27 29) 7 (31 16) (70 40 1) 64 56 60 (12 33 21) (19 51 61) 84 58 59 78 (82 6 42 46 22) 13 (87 68)
45: 10 (59 44) (64 16 24 81) 14 (75 54 67) 88 (26 29 25 80 17 19) (39 72) (90 11 71) 49 (31 43) (76 32) (21 6) (35 15) 4 (45 38) (18 73 86) (58 28 56 3 69) (82 2 78 42) 1 33 (84 5) (65 85 52 63) 27
46: 40 (52 30) (33 44) (53 80) (86 58 48 39 6 8 82) (32 81)
47: (61 74) 87 (23 4 19 11) (85 28) (65 32) (49 86) 60 37
48: 14 (42 2 72 44 49 75) 29 (89 83 9 22) (5 19 39 45 70 10) (58 53) 12 (7 47) (36 87 63 88) (17 26 16) (27 34) 82 40 (18 90) (1 59) 21 (69 48 80 37 20) (15 4) 74 (65 61) (52 60 77) 56 (43 54) 35 (50 13) (28 41) (71 73) (67 11 30) (24 85) 6 68 (66 86) (81 62 57) (32 78) 55 (8 38 25) 84 (79 33) 23 (76 51 31)
49: 24 (79 57) 1 (71 7) 2 (87 83 32) 30 (38 77 27 17 26) (4 39 42 52) 73 12 (16 78 75) 56 (34 44) 40 (25 67 82) 43 66 85 (37 84) 14 68 (28 31) (22 41 90 29) (62 3) (64 45) 8 (89 48) 11 (54 88 80) 59
50: (22 37 23 16 70) 28 (51 42) (80 90 10) 87 (81 84) (75 68) 9 38 64 (30 32 4 27 74) (35 89 43 3 76 21 5 46) (31 59) 6 (62 2) 44 58 (25 41) 15 (77 67 12) 14 52 (78 69 48) (83 26) 34 82 (60 63 61 65) (45 49) (1 36) 55 39 (13 66 88) 33 (71 29) 53 50 (11 8 7 85) 18 72 (40 54 57 73) (24 17 86 47) 79
51: (11 48 21 80) 10 70 (89 76 46 19 75 58) (5 3) 85 (55 22 43) (63 7) (2 1 59 24) (6 47) 20 (23 38) 29 52 (57 73)
52: (36 70 76) 74
53: 29 35 (70 44 68) (9 12 24 17 61 52 28 7) (34 45 4 49 42)
54: (49 17 59) (66 84 35) 64 40 (45 26 60 80) (46 9 24 54 33)
55: (88 74 84 44) 82 43 85 (61 75 70) (46 14) 29 35 87 66 (28 67 89) 69 (45 63 40 15) (34 59 80) 26 (42 20) 77 (23 58) (17 12 18 9) (37 36 2 47) (30 6 56 10 19) (1 71) (60 21 76 51 25) 78 (86 8) (68 53 79 55) 22 7 33 (48 11) 73 (54 41 27 4) (5 32) 49 (65 38) (90 39 81) 52 31
56: 15 39 81 (67 57) (7 42) (79 41 83 63 25 45) (24 2) (31 50 44) (54 72 76 21) (87 34 27 78) (19 58 32 26 73) (12 40) (90 56) (55 89) (10 51) 17 (70 75 86 61 30) 69 (62 35 14) (28 65 1 64)
57: 49 (38 45 37) (42 1 5 78 60 24 89) (41 53) (44 58 65) 50 (61 2 19) 70 30 (13 48 4)
58: (68 81 62) (34 22) (26 59 15) 39
59: (9 11 6 58) 43 (89 53 83) 42 (44 17 35)
60: 44 (45 23 11 73 37) (4 20 78) (79 76 40 55 24 46 38 63 80) (70 31 36 16) (35 86 42) (22 65) 32 (33 81) (2 61) (43 84)
61: (51 75) 84 (78 25 68 41 76 39) (43 79) (19 35 88 73) (65 10) (27 89 60 47) (74 3 85) 42 59 (63 87 66) 67 44 (12 45 8) 69 (4 80 33) 1 (82 52) (48 61) 31 9 (30 55 40 16) 64 (28 86 29 6 58) 7 (71 21) (56 37) (15 49 5) (24 36) (46 81 62) (70 26)
62: (48 83 12 30) (29 42 76 17) (51 6) (19 39) 47 75 (45 25 60 20) 27 (71 9 40 85) (18 66 78 74) 44 23 43 (22 16) (7 62 53 79 31 8) (57 73 26) 89 77 28 (52 61 64 88 33 90) (41 59 46) 38 (80 55 54) 24 86 (50 35 63) (69 82) 37 36 65 (13 34) 1 5 15 (56 58)
63: (22 43 35) (65 85 11) 78 (46 52 20 39) (75 68) 4 (19 15 3) (30 9) (24 37) (27 71 49) (73 29) 8 (64 26 2) (69 55 84 36 6 56) 58 (44 61 89 81 57 45) 87 (31 17) (47 70) (13 32 67 51) (63 10 62 42) (25 34) 38 (48 60 86) (23 33 40 5) (83 14) 90 18 79 (66 54 53)
64: 28 22 (21 81 79 80 49 26) (18 34 8 90) 57 (83 43) 10 68 (45 24 66) 39 74 (58 84) (82 56) 40 (30 3) 48 (20 60) (15 50) 46 (44 9 53 23 86 14) (87 31 54 42 62 73) (33 16 13) 1 (67 59 88 25) (75 5) (85 4 17) 37
65: 59 25 13 (87 68) (52 80 49 41 89 69) 37 (66 84) (43 30 17 26) (6 18 2) 58 (38 16) 86 (61 36) (79 33 9 48) 5 (44 31 53 35 7 73 78) (46 88 14 22 42) 47 (60 40 28) 72 (11 1 19 71) 15 (8 32 74 39 62 12 83 4 85 63) (45 76 34 20 57 10 3) 23 (67 54 65 81 90 24 29 55 21 75) (27 50) (51 82 77 56) 70 64
66: 62 86 42 8
67: 5 (16 89 32) 76 (21 24) (64 60 82 45) (56 33 63 65 4 27 22) 62 (85 35 15 80 8) 17 77 (90 14 53 68) 66 (58 6) 12 (38 25) (40 48 34 2) 84 1 (13 29) 3 46 (47 11 26)
68: (75 28 36 30 84) 3 (20 55 76) (59 27) (25 48) 26 9 (6 69 85) (15 82 71 56 58 11 13 54 89) (43 44 7 35) 41 4 (90 39 23 24) (10 77 62 2) 42 (74 57) (8 31 88 83) 66 (40 16 61) 53 78 (79 46) 34 1 32
69: (14 50) (12 90 64) (48 55 79 25) 84 (73 9 54) 81 (30 66 45) (26 36) (80 38 29 67 68) 78 46 (18 3 40) 33 (87 51) (69 34 49 86 70 53 6) (82 60 76) (20 5 27) 62 (65 10)
70: (21 69 75)
71: (18 60) (75 53 23 47) (31 30) (15 28) (9 70 40) 74 17 (80 37) 78 12 (24 72 58) 81 (65 2)
72: 22 (85 17) (50 8 61) 43 86 55 (41 78 34 13 56) (27 11 36 20) (46 87) (37 53 30) 2 16 (10 18 24 76) (1 65 23) 69 (21 25) 79 68 75 70 5 (88 66) (54 81 51) (6 74) (62 71 15) (40 7) (4 77 90 29) (67 80 84 38 64) (45 9 47 72 31) (82 89)
73: (8 62 54) (51 27 1 23) (10 4) 14 (17 21 38 80) 86 72 (47 44 22) 85 53
74: 27 (43 8) 54 (80 88) (62 7 47 40 60 53 61 84 55 83 77 13 36 6) 41 (25 64 16 1 30 32) (50 56 72 29 89) (66 37 65 2 78) (87 74) (38 10) 22 (85 5) (63 39 9) (21 81) 12 (3 75) (34 35 46 42) (17 68) 57
75: 84 (37 40) (78 7) 70 30 58 69 (65 28) 14 11 (77 34 76 60) 73 44 (88 74 18) 85 17 (81 59 25 45 19 15 51) 4 5 (47 56 72 83 55) 87 (21 43) 82 (80 20 27 46) (49 2 26 1 29 22 38 8) 71 (6 67 33 75 53)
76: (18 16 90 77 71 54) (27 89) 11 (12 65) 17 (47 83 39) (64 30) (49 1) 80
77: 42 20 16 71 (60 3 37 75 79 40 51) 14 (13 85 61 9 65)
78: (62 48 58 81)
79: (17 29 61 10 4) 21 69 (43 74 11) (64 51) 31 (34 22 81 77) (85 9 79) 84 (6 56) 82 25 89 70 78 18 (37 90) 80 2 (42 26 15) 38 (41 44 75 20 35 55 7 83 73 66) (1 45 23 19 39 72 33) 59 (49 52 88 53 62) (40 57) 63 (86 14 67 12 58 36 48 13 24) (3 46 54 30) (8 65) (47 28 76 16 68 60 5) (32 71 27)
80: (8 41) (1 20 28 42) 80 (63 83 85) (64 70 82 32 27 30) 54 (26 33 88) 18 34 (58 86) 44 23 (14 21 51) 47 (89 73 68 17 11) (69 90 56) (22 40 9 5) 72 (77 15 60) 2 (76 49 12 43) (13 45) 79 (35 52) 29 (66 16 46 61 84) 7 (78 55 87) 53 (75 39 4 10 38 19 71 57 50) (24 37) (6 67) 59 36 48 (81 3 62 74) 31
81: 67 (7 36 9) (86 55 68 62) (42 8 54 80)
82: (31 15 43) 68 (51 24) (26 38) 62 16 70 21 (90 13 60 59) 25 (80 29) (8 47) 36 (77 86) 46 64 (34 22) (32 72 71 2 30 11) 50 28 23 35 (61 65 49 78 54 33) 55 (27 17 74 5) 45 42
83: (54 70 86) (55 20 24) (37 12 42 28 72 73 7 35 56 34 51 9 50) (78 58) (63 82) (4 49 83) (67 89 5) (48 66 19) (18 47 85) (79 81 8 27 16) 87
84: (58 82 23) 6 38 (12 64) 32
85: (66 28 36) (8 79) 54 29 (18 10 11) 71 (70 87 44 50 67 52 60 37 2) (74 43 6 63 9) 42 (4 39 25 19 68 1 26 15 20) (34 51 13) (55 59) 22 (89 77) 7 (5 35 56 65 78 24 31 48 21 62 73) 69 3 41 47 (64 45) 14
86: 11 (66 37 27 56) 55 (80 65 69 57) (81 39) (8 49 9) 64 (20 23) (33 14) 30 75 (19 3 59) (84 7 24) 60 86 45 70 (28 47 43 73 38 40 87 13 4 32 18) 46 10
87: (34 32 90 66 24 83) 54 (46 70 50) 81 (3 1 5) 53 (33 52)
88: 9 (38 5) (59 66 18) (40 49 22 35 12 34 73 78 15 8 75 71 51) (25 36) 13 (45 50 76) (31 4) (44 48) (53 32 56) 41 (1 47) 70 79 (68 55 54) 3 (33 89) (63 14) (23 80) 19 (46 57) (83 84 85) (17 39 67 81) (72 7 64) 82 (61 24)
89: (70 3 24 44 22) 87 (66 63 42) 29 73 62 (82 30) (19 35 68) 55 (58 12 38 57 84) 79 (45 46) 2 26 9 4 (13 59 36 75 8) (53 85) (10 77 31 52 76) (1 56 78 83) (5 43) (20 89 72 11 81) (67 39 47 14 25 28) 88 49 (69 54) 17 37 (16 50 40 64) 86 (18 15 27) 33 6 (34 74 48 41 60 32) (61 80 90 23 7 71 51)
90: 80 74 (25 66 34 68 57 56) (87 49 9 69 18 51 29 41) 5 (31 21) (71 64 46 44 33) 86 (30 55) (84 39) (13 58 81 59 28 22) 16 (17 48 3 85 89) (43 76) (42 32 79 90 62 45) (70 67 47 6) (60 38) 75 14 (61 73 82 12) (40 24 37 4) (65 26) (72 1) (63 20) 54 (77 36 19) (11 23 52 8)
1: 5 62 48 (64 72 28 80) (3 65 67 15 45 55 25 23) 29 (42 17) 20 (68 51) (11 12 75 56 44) (57 49) (21 89 74 73 14 61 22 87 30) (39 31) (2 9 85 19 50 79 88) (90 76)
2: (67 79) (5 29 39) 25 51 (85 89) 56 (72 55 23 68 65) (6 20 14) (7 43 63) 48 49 (50 28 12) (1 60 71 4 75 74 17) 10 (21 30 31 16 45 41 82 42 80 9 57) 19
3: (68 42) (90 37 74) 51 (30 28 24) (20 86 67 15) 69 3 (63 5) (31 64) (25 89) 79 11 4 49 (88 21) 41 9 80 (1 29 50 65 44) (23 2) (85 17) (77 61) (39 19 87 45 14 43)
4: 24 5 49 61 (86 14 8 9 83) (28 85 25) (57 12 53) (65 48) (2 19 75 79 89 72) (3 55 27 15 60 23 20 1 29 33) (50 63) 68 (17 41 45 80) (67 64 42 40 47 73) (88 90 11)
5: (79 23 33 42 82) 24 (43 40 17 1) 55 44 (63 62 57) 61 48 (90 89) 88 (75 45 67 25 50 51 87 83 4) (11 20 39) (31 65 10) (69 41 74 19 9 14) 64 80 (72 28 85)
6: (80 24 48 18 9) 62 (32 69 1 14) 20 3 (31 46 33) (74 65) 29 12 (89 39 50) (68 84) (85 22) (42 15 44) (23 63 5 75 11 90) (16 40) 79 67 (51 25 7) (72 45 61 59) (28 17 55 30)
7: (65 5 86 8 1) 56 11 (89 79) 88 (75 18 20 49 85 38) (9 44 62) (68 50) 39 (23 4) 55 (72 81 74) 83 (30 48 80 25 53) (26 42 61 51) 17
8: 39 (11 66) (65 20 85) (81 89 5 46) (82 86 64) 14 63 (21 15 1 50 2 17) (49 90 79) 41 24 74 (72 80 75) 61 (31 67 23) 88 42 55 (68 44 48 12) (73 7 25) (28 83 62)
9: (9 8) 81 (12 25 48 85 4) (80 69 53 86 88 3 55 31) (89 71 79 20 83 61) (90 42 7) (41 64 29) 50 (39 5 63) (54 33 74 59 77 62) (23 2) 72 68 65 (17 28)
10: 17 (23 41 89 32) (9 45) (44 86) 4 28 (5 48 68 55 42) (61 12) (10 39 72) 64 56 (1 51 11 80 18) (8 30) 69 50 (85 73 74 79) (65 20 25 3 40) (19 63)
11: 80 2 59 65 (20 67 44) 55 (32 90 68) 14 (5 76 82 21 30) (50 42) (63 11) 25 47 (85 49) 9 (3 89) (75 79) (45 86) (72 39 60 40) (48 51 28 17)
12: 15 28 44 (61 5) (19 3 11 30) (24 65 16) 80 74 20 (50 7 88) (55 79) (71 90 84 9 39 6 83 48 62 76 69 14 42 2 31 89 53 67) (17 49) 56
13: (63 30 11) (62 48 40) (85 44 65 14) 21 (24 90) (74 79 41) (50 68 82) (1 42 9 25 89) (6 88) 5 (4 17) (80 57) (77 12) (39 20 3) (23 67 72 64) (86 43)
14: 90 65 (77 32) (50 64) (4 67 19 44 75 41 14 55 48) (3 69 56) (2 45) 85 (63 9) 39 (10 23) (86 11 42 49) (79 5 88) (89 28) (30 1 80 73)
15: 89 20 68 (75 1) (58 30) (50 42 13) (14 63) (38 19) (33 36) 9 (5 26) 80 (24 82 17 23 79 56) 64 65 (67 61) 88 (71 55 72) 25 (41 48 62 85 28) (45 11 39)
16: (9 62 83) (17 45) (19 14) 21 (20 50 89 30) (79 42) 67 65 24 (3 41 29) 74 32 2 33 (40 68) 44 82 64 (5 48 80 76 72) 12 60 (38 77 25 90 49) (61 28)
17: (75 48) (53 54) (82 15 89 59 62) (49 67 29 17) (42 24) 30 (45 72 16) (79 56) 55 (44 23 11 40) (76 71) 64 (39 50) (9 3) (28 20) 33 5 25 (74 73 63) (65 88 90 27 80 12) 4
18: (24 15) (14 20 7 5) (69 75 83 85) (41 30 11) (21 3 88) (48 25 31 72) (45 64 23) 71 1 9 (62 89) (50 42) (32 44 55) (79 39 18 76 17) (28 65 80 86 90 63 4) 29
19: (80 51 55) (63 62 44 6) (24 86 48 56) (47 11 43 75 89) 30 (85 1) (25 83) (61 33 13 65 40) (23 45 27 9 57 26) (12 17) (5 2 31) (88 29 20 28 90 39 14 79)
20: 15 (44 68) (64 72 51) (4 55 86 28 11) (62 9 20) (69 83 79 48 1 85) 43 (60 80 23 77 17) 89 (30 90 63 75 14 42 65)
21: (21 85 19) (51 31) (41 12) (80 82 23) 5 (70 61 72) 90 (74 44) (14 11) (67 33 30 28) (48 45) 17 20 9 (24 75) (65 2 73 64 50) 39 (1 40 56) 22 (79 55)
22: 39 80 (89 30 48 58 23 19) 3 (12 64) (82 40 29) (15 31 42 25) (88 28 10 90) 73 (72 63 65) (5 4 85) 44 (20 9) 74 51 (75 27) 60 62 (49 50 79) (1 55 67)
23: 73 (22 23 42) 29 71 (89 9) 90 11 (62 68 44) 63 (82 84) (17 39 72 13) (86 3 60 65 80 28) (20 64 88 14) 48 (50 19 47 8) 2 (5 55 79 21 51 30) 41
24: (39 53) 86 30 67 (89 72) (25 51) (7 41 17 40 60 83 24 50 88 61) 14 (85 56) (43 48 8) 57 45 (63 21 33 3) 31 (87 4 71 23 49 19) (42 54 11 5) (90 65 9 20) 80 64 (68 62 79 15 82)
25: 61 (89 16 62) (26 85 4) (48 68) 56 (10 74) 15 (67 72) 65 (79 82 30 3) (45 23) 63 19 42 (20 55) (9 44) (39 17 49) (14 28 75) (2 18 7) (11 29 88 64 69 50 90)
26: 14 (67 44 16) (25 80) (27 7 23 12) (26 9 48 65) 55 (50 5 82) (28 3) (58 30) 29 (64 54 63 42) (69 17) 56 (32 43 85 11 90) (89 49) 20 (75 4 41 45 33) 62 61 (68 79)
27: 4 (86 67) (5 69 72) (82 68) 17 75 (26 28) (19 32 73 79 45 55 30 56) (80 14 33 61) 25 (42 20 74 11) (65 49) (41 23 9) (83 62 3 48 76) 63 (89 44 50)
28: (62 61 47 65) (28 42 44) (41 21 79 9) (15 18 10 50 80) (5 75) (90 19 86) (85 89) 48 11 (31 68 55 56 23) (45 82 4) 17 71 14 83 (20 49 53) 64 30
29: (29 11) (63 45) 23 80 9 (24 30) 1 (15 75) (21 65 90) 2 69 (8 20) 19 (62 25 12 74) (22 4 85) (40 48 26 61) 49 55 (89 53 82 51 72) (79 50 42 17 33 28 44 67 3) 41
30: (68 20 41 61 17 32 90 71) (9 30) 11 (40 28 42) (74 69) 82 (76 63 31) (86 80 23 62 72) 89 50 46 (29 2 79 55) (48 57 39 65 16) (64 14) 75 25 (3 49) 56 15
31: (71 15) (90 29 16 85 68 19 39) 61 55 (89 41 25 62 65 42 4 82) (79 20 56) (44 17) 72 (14 50) (28 45 49 12) (63 23 9 5) (30 64) (80 88 2) (31 48 60)
32: 84 (38 3) (82 27 46 44) (24 45 14) (56 47 11) (79 65) (80 31 49) 28 30 86 (15 63 25 50 12 87) 16 2 (4 67 60) (9 17) (20 90) 68 88 (74 5) 55 42 (89 23 39 48) 41
33: (9 46 6 25 54 2 60) (87 55) (90 41 65 31 89 61) (67 30) (42 64) 22 (44 62 80) (50 11) 5 (23 38) 88 45 (24 14) (86 48) (39 32) (69 63 82 20 7 75 28) 12 79
34: (28 20 75) (79 56) (85 82 15 53) 22 (3 64) 2 (10 9 25 48) (68 62) (4 50 31 23 80 55) (89 88 63) (72 58) (87 65) 49 24 90 74 (14 17 42 67) (30 19) 83 (41 69)
35: (14 17) 89 50 (42 23 24 62) 9 (11 60) (68 54) 25 48 (28 59) 20 12 (88 44 82 83 74 65) (39 85 55 63) (56 15 79) (53 30 80 5) (61 45) (3 29) 67
36: (15 74) (72 50) (19 14 55 3 89) (12 90) 32 60 (48 68 17 39 63 42) (11 82 52 4) 81 65 (80 85 25 2) 9 88 (44 20) 69 (62 16 40) 79 61
37: (55 47) 11 77 25 41 (80 83) 49 33 85 (39 16 71 86 61 65 23) (19 63 64) (6 30 74 2 89 48) (60 72 62) 12 20 (31 9) 17 3 15 90 (5 57 50) (79 22 28 75 42)
38: (65 41) 17 5 (2 18) (74 73) (30 63) 23 9 (72 55 50 44 79 60 6 27 90 31 42 51 45 49) (80 39) 84 89 86 11 (62 82 20 25 69 57 88 29 48 19) (75 67)
39: 74 (12 7) (62 30 89) (21 24) (85 5 23 76 2 28) 68 (49 88) (61 56 45 20 15 48 25 32) (26 11 44 64 86) (3 58) (9 90 63 46) (80 65) 79 (50 39 55 16)
40: (63 26) 69 (71 17) (67 80 1 28 42) 55 (56 50) 75 7 60 (48 11 77 9 68) (62 44) (21 86 14) (89 46) 61 (38 27) 2 (72 39 30) 65 79 (12 19 54) (74 15 64) 33 (23 3 5) (49 20) (88 90)
41: (32 56 14) (61 28) (39 79 41) (33 88 3 9 6) (1 5) 17 (12 72) (25 30 89) (68 48 11) 74 (31 29 62) 4 (19 44) (57 80 49) 55 (90 20) (42 50 85 65)
42: (56 81 23 17 80 27) 65 (41 59 90 28 61 25 83 60 74) (2 19 62 11) 16 (55 63 49 64 39 57 50 14 53 44 31) (12 77) (42 79 30 82 45 48 20 5) (85 4 66 21 3 89) (68 32) 9
43: (80 85) 11 (41 3) 32 (49 86 44 72 64) 65 15 (75 39 27 2 89 61 50) (19 33 55 9 48 68 90 10) (74 63) (30 60 51 62) (59 17 79) (82 23 43 5) (28 45 42) 20 14
44: (14 73) (46 19 44) (9 33 50) (25 57) (89 39) (17 75 5 16) 56 (13 48 61 42 11 41 7 80 90) (65 63 2) 45 (62 20) (64 59) (68 60) 55 85 79 88 4 (23 28 49 53)
45: (8 65 11 9 57) 48 79 (61 72 63 62 85 75 2) (56 42 30 88 3 44 55 17 40 49 53 23) 82 (60 25 67 50) 54 (14 28 86 20 15 90 37 89 41) (33 69) (64 80) 39 45 19
46: 43 (9 82 19 51) (60 72) (54 23) (29 28) (20 5) (86 42) 11 (2 89 32) (30 16 80 62 69) (90 67) 3 (4 61) (24 79 65) 41 (63 25 68) (44 55 64 88 74 87 27 38) 8 17 50 75
47: 27 75 (71 24) (15 18 55) (4 82 17 39) 19 (65 88) (89 85) (86 20) (63 90 28) 38 67 29 30 (72 79 12) 41 (61 76) 48 51 80 (73 14 50) (5 74 9) (83 42) 40 62
48: 65 (48 57 25 79 15 89 5 67) (78 30) (9 17 24) (11 49 51 83 88 42 80 1 69) (61 55 64) (22 38) 90 (68 50 4 2) 16 19 (85 20 14) (63 62 46)
49: 30 (65 54 17 64 57 41) (37 82) (26 61 63) 45 (48 14) 5 34 (89 79 83) (75 4) (42 80) 88 (20 18) (69 47 12) (55 90 43) (53 28) 39 (50 3) (25 86 23) (11 76)
50: (80 65) (72 15) 21 (2 56 50) 85 (40 1) (74 5 69) 87 (89 42) (17 16) (64 30) (29 48 31 88) (28 39 9 57 23) 20 (38 33 11 83 26 14) (62 32 82 24)
51: 4 9 (62 69 1 82 65) (89 73 25 63) (27 23 24 48) 41 (17 5 55 31) (20 79) (72 61 77 3) 14 44 90 88 30 (38 83 56) (2 75 11) (85 36 50) (19 80 39) 28
52: 11 (28 3 51 12) (61 14 39 25) 63 (4 87) (9 43) (32 65 49 17 30 19 79) (23 33) (80 50 27 53) 5 (1 48 46) 41 (55 85 89) (90 45 44 62 2) 20
53: (46 50 28 65 20 80) (11 48 17) (31 24) (63 21) 72 67 (25 71 73 74 59 64 69 62 5) (55 23 88 19 2 9) 75 68 (57 42) 79 (14 87 44 3 4 89 39 41)
54: 22 (64 69) 72 4 (87 21) 50 (73 80) (62 68) (29 30 81 18) 28 (49 74) 76 79 (56 55) (41 3 9 54) 63 (89 16 85 2) 17 (83 11 65) (48 45) (88 90) (23 20 42) (40 82)
55: 69 50 (81 27) (42 2 7 60) 23 (12 9 14) 16 4 89 82 (63 85 65) 5 56 (75 17 30) (62 55 41 86 25) 24 11 (3 68 51 28 72 48 83 44 74 61) 90 (20 80 79 39 88)
56: 29 (19 74) (23 17 28 55 25 89 3 31 22 85) (5 9 65 44) (72 63 67) 27 35 79 (61 80 86 56 68) (45 62 49 83 4 7 39 15) (41 14 42 33 90) (26 30 48 88 64 20 75)
57: (20 89) 56 (64 63) (48 74 68 29) (19 90 86) (15 28) (17 5 9 49 4 80) (39 11) (51 88 62 79 65) (30 44 50 23) 25
58: (79 14 63 51) 68 (83 28 62 84 57) (71 41) 50 (80 55) (23 11 17 64 5 20 89) (56 9 90) (75 59 45 42) (46 67 44 48 30) (78 3) (61 40 65)
59: (68 19) (44 1 17 65 50 29 39 86 61 62 85) 11 43 (82 55 4 54 49) 48 (58 90) (2 79 51) 15 88 32 14 (16 89 5 23 64 9 75) 45 28 (30 20 80) (31 24)
60: (62 4) (40 29 5 71 23 44 82) 50 (90 12) (19 63 9 65 47 77) (57 54 7 27 10 48 20 39 33 42) (75 79 24 17 69 89) 30 (55 67 1) (64 25) (80 74 15 86 11 41 85 28) 61
61: 80 (72 23 77 89) (57 82 48) 5 (21 47 60) (61 6 27 44) (30 1 14 74 63) (53 9) (42 25 28) (41 17 20) (62 55 12 65 11) 4 (7 3 68 79) 90 (31 39 56 50 88)
62: 69 89 (44 61 81) 7 21 20 (19 80 67) 63 (62 1 50) 73 (66 74 48) (78 64 56) 42 (28 58 30) (25 23) (65 82) (49 11 85 17 12) (4 79 68) (72 90) (39 14)
63: (29 80 43 88 37 51) (39 1) (13 12 41) 48 5 83 (60 11 85 30) (2 90 63 65 67) 23 62 (17 55 45) (79 61 20) (50 27) (15 89) (56 3 74) 42
64: 42 39 29 (74 63) 19 7 (20 4 90) 1 (65 11) 62 (32 49 86 89) (26 5) (79 9 30 85 45) (61 80 72 21 31 54 82 67 69) (44 50 17) (56 14 84 76 88)
65: (48 39 55) 62 (63 71) 57 (61 67 17) 79 21 (50 25 75 42) 30 31 (86 65 19) 32 (5 90 74 1 28) 72 (69 85 2 77) 33 82 (45 10) 20 (14 76) 12 (4 56) (44 47) (60 9)
66: (32 30) (88 37 69 39 65 3 21) (54 61) (90 11 74) 24 29 (28 17 43 9) 6 (80 89 42 16 50) (49 85) (19 63) 4 5 (31 55) (86 68 72 20) (79 12 48) (64 14) 67 83 62 33 87
67: (79 64 69 83 63 85) 50 (72 15 19 65 42) 48 (56 90) (61 89 55 27 20 30) 4 (29 1) 88 11 (9 12 17 80 14) (81 28) (49 75) (41 45) (31 25)
68: (61 9) (85 44 82 14) (74 43) 80 (41 50) (11 25 17) 89 (64 49) 90 (29 30) (79 65) (81 88 48 55 42 2 20) (33 15 19 7 69) (28 72) 3 23 (22 26) (58 67 21 53 63) 5
69: (85 9 29) 56 (45 5) (19 1) 55 (68 72 70 3) (17 11) 12 (14 20 65 75) (69 80 24) (61 79 42) (10 63 48) (39 89 15) 62 (41 4 40 28 26) 86 (90 16 43) (50 25 30 44)
70: (52 42 28 61) (31 51 71 55) (23 19) (57 17 40 24) (12 29) 63 4 (88 48) (11 69) 83 (72 27 56) (50 80 1 75) (60 89) (39 53) (30 85) 82 (14 65 20 79 44) 33 9 87 (90 86)
71: (20 40 63 65 76 61) 68 (1 19 11 62 30 44 90 49 55) (48 50 29 72 80) 5 (79 9) (17 75 89) (88 14 39) 45 (12 85 42 77 41) 82
72: 89 50 (40 20) (39 12) 3 80 25 28 (72 88 73 83 17) (79 9 41 90 74 71 37 4 65) (11 5 75 56 48) 14 82 (23 45 24)
73: (30 90 85) (45 2 63) (60 80 56) (51 28 23 3 75) (17 55 69) (15 5 83 64 11 39 86) 65 (25 50) (27 1) (79 49 61) (62 20) (16 42) (88 89 48 26 9)
74: 55 (20 50) (41 11 75 44) (80 4 74 82 47) (23 12 39) 30 25 (17 33 79 52) (9 14 65) 90 72 5 (38 62 1) 22 15 (71 64) (89 85 48 27) 42 (61 68)
75: (70 90) (30 77 42) (49 55 56) 14 (20 88 28) 75 89 (2 45) (27 17 62) (40 9 79 80 4) 65 (72 51 24 15 48 39) (68 63 44) (61 74) (71 3 50 11 86 16 23) (25 64)
76: (19 62 28) (5 72 20 23 14 27 42) (3 10 30) 45 (88 68 67) 55 15 (69 61) 16 (44 25 41 90 51 80) (39 60) (18 17) (12 50 40) 52 (75 65 79 48) (56 29) 89
77: (82 62) 8 (68 79) (25 23 30) 55 (90 85) (48 89) (31 19) (17 65 49 22) 80 (75 72 33 42) (44 20) 28 (14 11) (76 39) 67 (9 7 2) 74 (50 5)
78: (62 82 19) (44 48) 12 (71 45 5) 14 (3 65 72) 2 88 9 (49 7 11) 43 (60 57 80 30) (75 39 21 79 61 23 63 55) (83 50) 69 74 (56 31 28 29) 42 33 (20 1 26 89 40 68) 85
79: 88 2 (65 9) 11 (24 3 5 85) (16 69 80 30 90) 77 (7 39 55) (79 44 23 21 49 61) (83 42 63 28) (38 72 50 64) 62 (12 68) 56 14 (17 19 20 89 60 48)
80: (15 4 54 23) (18 9 25) (61 39 65) 79 (12 88 14 80 71) (64 51 41) (90 86) (16 50 11 69 17) 60 (74 20) (5 67 75 72) (44 24 55) 3 (31 62) (49 45 40 46) 81 (73 1 76 28 42 89 2 82 32 19) 48
81: (30 60 21 17 90 41 71) (89 29 69 58) (20 56) (5 14 11) (4 83 72) 64 79 (75 80) (74 78 87 1) (46 45) (15 2) (86 33 65 48 28 61 55) (50 63 88 16 18 23) (42 39)
82: (4 23 24) 28 (19 41 65 46 16 90 75) (2 79) (20 84 44 18) 48 (49 5 72 39) (42 88 30 50 69 3 9) 61 (25 12) 1 (64 11 55 62 33 80) 68 (89 17 83 67 43 45)
83: (11 7) 65 63 2 68 (26 76 28) (19 79 56 48) (33 88 74) (64 44) 9 59 (4 87) (14 17) (62 83 23 80 5 24) 39 (49 30 75 89) 50 16 20
84: 2 (60 80) 64 (68 55 23 40 65 8) 24 69 (61 74 3) (9 86) 20 (15 54 90 11 88 89) 41 (29 49) (25 63 12) (79 50 42 45 43 67 72 44 22 48) (28 14 30) 75
85: 89 (17 8) (16 49 68 5) (44 55) 74 (88 62 63) 73 29 79 (9 47 27) (67 20 1 14) (45 80 72) (75 30 51 50 28 4) (90 25) (42 65 77) (61 2 83 48) 12 (7 64) 3
86: 60 (14 86) 89 82 (90 24) (80 62 81 61 19) (23 73 15) 66 44 4 (30 64) (39 48 72) 41 21 69 20 (65 18) 17 (50 42 46) 55 47 25 28 (83 11) 56 (40 63) (79 45 9)
87: 49 (89 42 36 19 3 69 11 9) (44 1 48 2) (74 47 86 26 50) 30 83 (28 64 72) 65 (17 55) (61 20 56 14 25 5 90) (39 63 12 33 85 80 15) (22 75 7)
88: (17 68 72 29 64 79 62) (9 25) (65 30) (28 89) (31 49 74) 19 12 (4 41) (14 80) (48 20 5 61) 42 (11 3 39) 32 (45 75 44) 50 55 23
89: 11 (65 85 16) (50 2) (55 83 61) (25 29 28 72 12 7 17 42 76 56) (31 59 20) (30 79 63) (48 1) 9 88 62 90 (57 67) (68 74 49 15) (51 80) (14 89) 5
90: 30 44 (55 12 56 27 42 14) 3 (17 82) (24 11) (49 87 28) 50 (68 4 39 89) (31 19 41 48) (63 23) 80 (25 72 9 65 69 5 26 15) (29 20 90 1 67) (76 64) 45 (79 62)
