100 100
1: 67 63 30 1 92 71 88 76 14 19 37 53 79 10 54 29 7 60 3 87 33 94 90 5 40 99 26 25 83 31
2: 10 27 77 11 54 14 35 52 67 55 39 90 17 75 85 73 50 44 5 42 31 68 22
3: 37 2 16 55 27 65 83 30 88 24 32 35 21 68 38 19 26 69 8 72 34 15 63 98 93 59 6 33 96 79 23 54 58 1 90 39 86 11 49 36 97 62 41 64 77 17 100 7 91 44 56 25 48 94
4: 15 22 54 19 63 37 40 17 35 10 94 1 69 3 39 80
5: 81 78 47 64 75 95 42 80 34 48 94 36 3 83 8 25 30 19 44 7 53 17 66 20 51 2 63 87 76 22 98 58 9 68 50 6 29 91 100 52 26 82 18 69 71 21 1 85 57 99 93 5 38 46 88 65 45 97 28 10 12 23 35 73 86 96 43 62 4 33 84 60 79 16 37 92 54 13 41 89 55 72 27 39 31 70 24 49 15 32 56 11 90 59 61 40 67 74
6: 28 37 84 51 5 50 93 83 69 34 47 91 75 43 12 73 39 4 61 19 63 90 17 99 59 57 31 6 67 87 62 27 18 60 88 25 22 45 10 72 33 11 15 9 40 21 16 8 82 76 54 55 68 41 1 2 78 44 52 48 36 29 70 53 89 66 20 24 14 74 85 94 100 42 71 80 32 38 3 26 98 65 64 58 96 56 13 49
7: 31 11 12 70 48 33 19 72 34 88 93 89 58 99 81 61 1 18 87 43 25 69 97 10 62 16 20 3 57 6 86 46 50 51 74 40 68 7 28 92 90 49 26 52 5 91 84
8: 95 44 97 94 50 98 10 57
9: 79 44 65
10: 60 44 17 76 69 23 78 2 77 62 47 57 14 13 7 18 25 30 31 32 21 81 59 15 96 63 36 1 4 16 45 67 93 50 90 34 10 49 41 65 22 97 27 70 75 24 73 88 38 85 35 9 72 92 5 29 64 95 43 6 66 58 19 53 61 82 37 28 89 46 84 100 51 40 71 56 52 33 11 79 3 8 12 86 74 39 91
11: 12 69 6 13 40 95 35 91 15 46 58 49 19 89 33 90 65 96 37 32 48 75 41 36 93 45 59 26 77 20 54
12: 42 47 100 14 8 12 80 54 29 64 9 39 16 74 99 88 69 19 23 4 56 78 46 49 95 17 20 58 7 83 26 94 61 51 21 55 41 28 96 18 31 67 72 53 32 63 2 40 33 85 90 35 52 60 24 3 66 70 15 30 5 10 68 13
13: 41 29 90 70 31 9 75 85 71 99 96 12 66 80 50 37 74 11 94 20 35 98 53 27 54 65 82 24 25 38 97 45 61 49 100 46 33 48 10 60 52 44 1 22 83 84 95 86 36 30 79 72 88 76 34 47 28 7 87 42 62 17 6 2 40
14: 58 75 87 83 61 45 20 56 62 54 65 57 32 42 6 66 72 52 90 89 5 81 29 10 92 11 93 53 51 98 16 85 8 43 97 68 28 27 44 69 24 40 79 41 91 39 15 1 22 30 13 99 71 95 35 77 55 70 59 88 31 47 26 64 3 86 12 38 73 48 34 50 7 37 76 23 19 36 21 33 18 25 17 96 82 80 84 67 2 4 49 63 78 60 94 9
15: 19 51 18 12 84 1 8 44 93 39 64 52 54 87 28 23 35 56 95 63
16: 68 63 36 60 13 39 20 8 19 84 78 42 67 54 80 34 96 27 49 48 77 33 35 82 83 14 4 71 94 1 73 89 16 55 28 70 59 18 52 72 9 41 76 88 32 86 29 62 90 85 99 47 15 75 53 81 93 5 10 2 45 26 40 30 37 64 69 23 46 51 11 50 22 3 25 100 58 97 66 87 24 56 7 98 91 31 17 61 6 79 43
17: 60 5 21 72 78 19 56 92 3 83 25 74 2 59 20 45 77 46 71 6 80 37 99 9 12 14 96 38 1 44 73 33 82 34 23 87 75 7 32 85 67 95 30 48 89 35 10 57 36 86 76 8 40 31 26 42 70 49 61 94 84 63 81 98 29 79 53 41 47 91 51 52 55 66 24 43 54 18 27 62 68 100 64 88 22 13 39 69
18: 41 43 86 36
19: 84 21 53 22 97 59 66 63 78 87 1 99 39 9 85 35 16 8 17 60 90 34 2 42 11 70 80 27 43 71 6 49 5 26 19 100 55 54 38 83 36 88 61 40 12 44 45 48 13 51 79 20 30 94 18 56 65 58 98 74 62 33 81
20: 80 81 88 76 20 97 15 95 70 21 13 62 66 9 100 82 24 35 61 32 14 87 77 89 83 63 99 46 37 67 68 74 91 98 29 72 57 11 36 47 78 54 49 55 65 10 44 71 2 86 17 85 4 22 90 34 6 41 38 8 26 45 52 51 75 30 25 12 84 60 3 58 96 16 94 1 92 39 59 23 40 56 69 28 48
21: 54 94 89 34 66 53 26 9 49 79 52 1 77 57 37
22: 75 58 21 57 38 37 53 46 67 62 2 82 96 43 16 29 3 76 77 47 34
23: 69 100 8 32 96 43 30 86 98 13 83 48 54 37 53 18 67 7 72 61 15 52
24: 46 8 53 33 77 40 59 10 70 45 19 31 97 95 75 5 41 78 74 87 27 32 20 58 24 25 18 36 88 1 15 82 13 54 35 47 86 42 49 80 64 34 89 50 37 22
25: 35 50 26 68 16 5 43 6 48 94 4 51 13 33 40 30 95 3 77 47 93 69 61 18 7 59 25 79 63 20 64 55 8 78 15 74 34 82 73 11 1 56 71 83 84 85 42 75 91 80 39 72 9 27 98 23 66 88 10 99 2 17 37 92 24 12 31 58 21 90 22 54 67 19 86 32 57 100 49 65 28 41 76 52 96 44 89 38 70 46 29 62 36 14 53 97 87 60 81 45
26: 100 23 65 99 34 55 51 32 76 12 49 10 61 80 92 2 22 86 67 97 30 45 71 28 15 40 46 89 81 77 93 70 33 11 50 43 20 38 69 48 1 25 85 47 95 35 3 36 87 42 39 44 64 9 96 19 73 59 82 84 94 21 53 5 79 57 78 41 37 31 7 62 29 63 74 26 60 13 14 83 88 18 91 98 27 90
27: 34 43 4 98 86 61 73 68 76 20 66 80 44 11 82 69 60 81 62 72 94 54 32 55 65 21 70 78 24 30 59 56 77 18 92 46 38 99 93 64 48 85 25 75 7 90 51 17 15 89 37 23 22 79 3 19 87 8 49 5 1 53
28: 19 61 66 91 3 96 95 60 17 81 45 56 11 27 89 39 1 48 70 8 24 82 64 40 85 83 33 7 94 10 14 73 12 41 47 62 44 6 26 21 5 22 86 58 55 65 18 31 15 98
29: 67 41 98 62 76 60 58 14 11 66 12 79 57 30 100 85 80 22 27 20 17 39 84 74 68 5 59 72 2 19 10
30: 62 90 16 4 30 64 29 54 65 60 43 18 83 10 12 98 9 20 69 63 14 72 97 85 38 41 56 70 82 68 25 74 13 48 42 27 52 3 11
31: 46 67 93 85 64 23 13 22 17 7 60 26 99 49 58 79 54 69 27 18 97 95 19 11 96 72 68 89 25 55 100 84 10 91 88 77 39 56 1 76 78 62 15
32: 82 47 27 74 31 62 21 19 48 92 29 100 7 98 8 86 69 84 28 12 54 57 42 17 67 41 70 97 14 38 77 40 43 9 1 22 71 45 94 81 66 51 18 20 4 23 87 80 24
33: 20 69 99 62 40 31 52 8 3 10 39 18 67 17 25 65 46 54 79 85 19 33 37 51 63 4 97 15 78 95 53 30 43 90 76 70 22 94 96 59 11 44 6 83 14 13 45 1 77 100 7 75 80 12 55 60 26 32 81 68 86
34: 19 13 24 15 47 60 7 39 90 91 9 18 29 52 43 11 1 32 22 73 57 89 59 61 25 6 99 17 96 67 27 69 35 70 56 4 87 14 36 44 82 62 37 84 28 95 76 71 93 54 63 53 55 85 75 48 12 64 81 3 50 41 2 51 42 26 83 49 94 86 10 100 74 8 46 21 40 98 31 65 66 45 34 58 78 97 68
35: 97 49 3 53 42 80 91 13 40 43 34 99 93 90 4 33 76 39 19 23 77 51 58 11 95 68 65 52 98 29 36 55 25 79 47 75 57 92 70 56 63 24
36: 100
37: 62 50 79 30 60 71 44 48 68 1 82 88 65 41 31 38 93 100 5 29 45 33 91 47 94 77 73 3 80 37 87 32 26 15 36 23 90 53 63 40 81 66 76 59 58 8 52 22 86 83 13 10 4 84 99 98 2 64 85 16 18 54 17 92 19 51 14 75 74 78 49 89 25 12 46 72 56 97 55 39 6 9 69 35 57 28 70 20 21 27 43 34 67 61 96 24 42 11 95
38: 10 97 34 33 89 2 13 44 1 35 93 52 85 40 6 63 45 75 60 81 100 59 20 3 41 25 62 19 98 50 82 27 5 77 80 24 17 39 69 49 38 70 4 30 92 57 42 22 36 99 87 86 11 43 15 74 53 61 9 66 12 72 21 37 23 46 48 58 26 18 95 32 76 51 29 71 84 14
39: 30 73 76 93 48 19 5 15 46 75 47 74 17 97 45 32 40 42 55 96 12 57 92 27 33 64 2 52 18 87 10 39 72 16 78 9 99 91 60 80 25 29 63 82 98 34 36 77 66 81 100 69 35 90 94 4 89 61 58 49 26 22 53 13 56 70 11 59 8 41 20 71 65 31 51 83 43 28
40: 72 29 32 28 14 99 19 2 61 58 48 30 67 1 41 89 86 80 50 31 70 38 88 7 9 92 81 96 77 21 36 34 91 56 39 66 98 93 16 49 45 4 100 51 15 68 64 83 37 60 11 17 97 44 74 62 20 82 24 3 42 10 78 71 73 52 65 18 33 13 75 8 25 27 47 54 23 5 95 59 63 94 76 35
41: 75 15 50 44 93 89 12 31 53 4 37 86 41 11 56 62 58 23 17 63 97 22 47 96 45 82 46 14 69 21 42 8 80 72 77 5 60 87 16 95 33 52 2 74 25 27 36 28 99 71 26 68 3 88 81 13 73 38 30 19 10 43 51 78 49 90 24 94 32 20 57 84 67 61 9 91 76 65 83 79 70 35 92 34 66
42: 4 18 30 59 89 92 90 67 22 49 66 12 27 40 33 61 1 94 9 80 97 86 37 50 55 77 72 31 44 28 42 21 57 6 29 16 41 15 95 74 3 56 60 24 71 93 73 96 65 32 36 38 70 47 64 25 13 20 83 39 58 52 2 19 69 35 68 85 8 10 78 54 34 81 79 45 84 87 48 99 14
43: 95 15 44 8 55 5 67 54 27 45 59 56 48 6 38 11 81 62 69 2 73 89 3 94 88 91 63 85 78 68 34 16 97 36 7 37 28 12 76 60 25 33 87 61 30 96
44: 58 3 24 48 87 31 34 25 62 80 45 32 93 85 17 28 96 11 44 94 54 55 8 99 5 70 39 51 81 1 7 67 41 35 57 79 59 40 47 46 2 66 23 68 75 20 98 69 86 97 90 100 91 43 49
45: 34 40 63 45 30 13 28 67 47
46: 40 82 78 11 64 93 41 37 97 9 8 94 15 54 14 28 42 73 90 83 100 67 60 36 34 10 47 70 57
47: 56 7 40 67 78 11 93 46 51 15 30 19 25 88 42 61 90 37 84 10 63 57 85 50 5 70 18 20 83 44 72 82 65
48: 37 95 90 88 84 61 57 12 70 50 2 56 1 67 7 81 9 17 4 29 33 89 85 83 47 32 75 40 71 87 66 8 64 51 78 13 34 65 99 76 38 86 72 3 63 31 92 35 44 21
49: 60 22 14 35 72 13 73 77 1 12 11 51 70 63 15 44 41 7 62 38 45 36 26 75 23 4 86 91 76 95 57 3 31 87 21 78 97 5 19 32 20 50 54 33 53 25 30 65 28 6 69 40 61 17 93 92 88 10 34 85 94 55 42 99 48 49 8 82 2 52 43 18 24
50: 9 36 26 14 89 78 71 5 61 43 15 86 13 79 97 85 99 88 24 46 6 8 55 11 98 100 76 35 45 53 21 17 92 96 38 47
51: 2 65 10 43 33 42 44 26 91 48 24 53 19 28 21 1 32 6 60 52 54 50 78 59 70 99 79 45 39 66 85 49 81 31 80 98 64 94 3 34 77 100 92 47 62 68 67 73 72 16 71 75 18 35 61 22 11 96 5 41 88 93 9 38 13 25 83 46 58 37 4 27 86 29 84 55 23 97 95 74 63 76 15 40 36 14 89 8 20 51 69
52: 11 88 79 17 73 19 63 93 51 12 31 100 34 60 42 40 89 55 21 82 91 24 18 48 35 97 72 81 85 52 77 78 3 62 30 53 6 5 43 22 29 76 86 75 16 9 41 71 65 26 94 32 39 83 69 8 44 99 23 1 56 37 49
53: 63 15 11 100 99
54: 66 26 10 68 48 83 30 72 78 56 14 64 67 52 81 88 15 77 87 47 49 6 59 40 50 60 71 41 89 35 51 33 22 90 74 62 69 98 2 44 86 31 91 8 42 58 7 45 28 54 82 32 16 1 70 38 97
55: 31 30 52 53 39 28 58 2 67 94 5 11 93 1 80 60 22 69 66 36 54 35 16 61 37 8 85 50 77 47 21
56: 25 55 17 53 62 92 47 34 96 35 94 2 15 1 85 97 4 40 78 48 33 77 67 68 27 61 6 19 29 87 31 65 13 36 82 99 60 59 57 10 70 58 50 84 28 86 38 12 63 11 3 49 54 20 74 73 51 46 69 64 89 32 81 72 24 5 56 18 7 90 93
57: 95 72 69 5 85 45 22 24 84 26 40 16 70 39 64 23 77 38 49 27 53 81 97 47 59 83 15 88 48 71 42 44 18 30 75 9 36 41 33 10 98 50 31 68 28 34 51 58 13 73 78 76 90 37 4 54 11 61 43 65 19 3 52
58: 91 36 73 53 35 90 94 82 80 24 99 98 39 19 15 84 97 83 60 21 40 14 33 81 45 93 37 67 72 86 22 2 29 56 58 4 7 41 44 66 75 23 64 32 62 25 68 11 63 42 76 30 54 51 79 57 96 8 59 65 50 3 52 16 6 46 74 55 78 1 88 34 89 43 27 47 26 70 18 38 48 9 5
59: 98 29 53 87 18 73 36 39 63 77 95 71 59 48 55 27 5 31 37 74 4 11 20 62 15 26 93 52 61 7 65 49 44 89 28 25 79 64 56 66 14 19 21 46 83 50 92 32 43 24 17 8 80 86 9 70 78 35 54 94 51 100 75 47 1 3 33 67 2 38 57 45
60: 58 25 74 71 100 81 20 83 2 30 68 67 12 7 27 16 42 23 86 56 40 9 57 50 82 48 26 15 46 89 6 22 47 84 21 76 65 72 32 11 73 91 66 97 37 18 24 51 61 62 45 31 3 38 49 33 70 41 92 35 95 34 60 29 43 80 75 78 77 52 90 69 28 53 55 54 64 36 93 88 5 94 1 19
61: 16 58 28 44 83 89 21 85 98 87 69 97 6 55 42 26 33 54 46 73 92 43 3 95 10 78 82 61 96 71 14 7 52 84 19 32 67 41 15 39 99 4 11 9 27 5 2 38 12 91 59 79 65 86 29 70 75 25 94 24 40 80 22 51 77 72 53 62 31 1 50 18 66 63 68 17 74 34 56 35 8 37 45 100 88 76 93 49 90 57 81 23 20 30 64 47
62: 86 58 3 5 99 95 28 13 55 84 31 72 51 25 37 71 46 91 29 26 35 34 38 85 93 40 100 52 42 41 83 1 11 98 24 33 14 50 66 4
63: 1 12 47 37 23 57 11 18 70 16 35 31 63 87 55 82 10 28 59 76 39 68 73 33
64: 71 98 61 95 58 76 78 42 26 79 74 90 75 51 84 70 57 59 56 54 27 23 15 93 39 14 29 99 7 16 22 81 35 46 37 19 3 96 17 73 63 52 48 67 6 18 44 87 80 100 88 49 38 91 28
65: 53 40 30 59 21 8 25 10 28 29 96 65 86 84 22 39 57 15 62 4 93 33 73 99 5 34
66: 18 13 17 98 46 34 38 75 26 41 23 74 39 53 52 30 82 96 45 37 69 10 73 11 15 89 95 28 36 25 55 21 2 33 59 94 8 61 49 3 65 22 43 81 40 12 68 72 57 67
67: 22 18 88 65 36 35 69 46 17 92 78 80 72 43 62 71 19 82 99 91 73 97 89 93 94 5 49 25 14 79 77 55 44 61 1 2 98 21 85 28 81 33 30 20 27 4 60 75 8 31 76 86 74 53 87 23 58 52 70 13 26 39 34 67 84 32 47 38 57 24 15 64 63 56 12 29 3 59 11 37 10 51 41 40 100 96
68: 43 14 13 59 54 68 96 65 1 75 51 70 83 23 85 32 86
69: 85
70: 59 81 78 90 29 9 83 55 39 41 25 34 20 61 14 91 32 30 35 33 27 23 82 51 11 1 71 12 44 40 69 100 72 80 47 21 18 24 94 26 46 92 16 6 37 68 56 86 5 7 52 73 17 19 8 96 58 36 64 70 15 93
71: 31 32 63 59 26 14 87 36 70 12 65 76 45 78 55 47 94 68 8 27 3 56 88 92 74 6 86 40 61 52 34 38 64 82 28 18 21 100 23 41 1 16 89 7 91 39 96 43 42 29 57 84 50 15 58 79 17 72 10 98 25
72: 22 30 40 90 55 16 59 54 10 35 66 71 64 5 70 6 25 96 94 46 76 72 42 15 4 74 50 61 23 58 56 33 36 53 83 77 9 63 13 75 67 28 73 95 57 41 91 48 69 52 44 86 93 79 62 20 21 29 45 39 27 99 65 100 7 31 24 78 3 18 12 68 85 19 89 88 26 34 87 8 2 47 38 98 17 1 11 32 80 81 49 84 97 60 37 92 82
73: 83 85 98 9 67 61 95 10 74 77 22 81 90 16 91 40 49 14 84 27 38 41 88 58 8 56 47 17 87 4 62 96 35 94 57 48 54 93 33 39 28 29 51 64 55 24 30 43 63 46 20 86 12 65 59 69 42 5 34 70
74: 17 39 99 71 81 47 83 44 1 21 7 78 36 9 68 54 40 34 19 80 52 86 82 13 30 15 18 66 45 93 43 87 91 100 98 3 42 76 56 59 69 6 62 57 72 53 88 37 70 8 92 75 41 4 49 23 90 33 25 2 20 55 12 31 77 73 24 67
75: 89 100 31 9 26 93 14 15 56 58 33 13 92 32 94 2 41 57 21 43 84 55 20 61 90 39 19 47 66 54 10 98 76 17 91 8 30 3 71 22 50 36 34 24 49 35 87 95 70 12 42 64 5 99 74 75 68 62 27 11 29 85 51 38 69 78 45 52 18 63 37 28 48 96 60 97 7 65 81 73 83 16 40 53 72
76: 69 7 78 64 52 16 6 56 98 15 31 1 43 93 14 65 5 89 47 44 91 8 62 82 32 42 87 11 99 27 3 94 100 20 37 83 24 29 45 46 49 80 61 36 70 4 88 84 51 86 19 60 26 97 73 76 74 67 39 54 57 75 95 17 25 40 85 23 38 10 50 33 68 34 77 63 18 12 41 22 53 55 66 9 92 30 79 48 21 59 90 96 71 58 28 35 81
77: 49 28 75 37 36 19 47 70 13 94 23 2 38 35 78 45 52 22 82 9 46 16 90 15 30 80 50 55 25 59 71 12 93 74 97 53 24 14 65 41 58 39 76 5 4 48 1 100 17 64 95 34 51 96 26 68 87 31 44 60 88 69 91 83 10 54 57 42 7 61 18 77 99 86 3 11 98 72 63 32 8 89 21 92 33 67 27 85 73 66 81 29 20 43
78: 48 83 37 23 34 72 87 96 14
79: 37 31 20 70 27 38 28 80 72 41 67 83 92 63 10 22 21 99 96 2 39 55 26 64 84 87 43 62 89 90 13 54 58 73 19 93 66 4 49 56 61 29 17 48 8 74 30 23
80: 75 61 51 25 56 72 76 81 48 52 63 93 58 92 96 16 94 55 2 23 87 28 83 62 7 39 10 46 77 1 13 33 74 36 34 15 50 43 47 95 79 9 29 68 71 12 14 35 30 19 80 37 66 97 78 11 17 69 54 24 90 8 73 42 84 88 85 98 22 64 89 41 31 70 5 44 27 38 3 20 32 6 100 53 45 86 49 67 57
81: 81 100 35 91 39 17 63 12 58 60 75 76 8 62 7 30 80 50
82: 96 83 52 18 73 23 27 61 93 74 22 88 25 17 5 77 9 59 54 97 51 49 32 95 60 82 72 94 92 79 76 15 57 14 33 3 43 90 1 20 38 100 55 68 31 70 37 47 16 69 87 34 53 86 12 56 36 46 29 6 89 11 7 48 45 84 65 66 81
83: 96 80 86 94 39 72 66 52 76 92 2 12 57 87 48 74 84 100
84: 74 82 5
85: 41 8 80 75 17 9 3 65 13 40 88 46 20 2 47 35 86 31 32 94 78 67 61 27 22 39 5 73 1 18 11 87 23 89 42 69 54 36 28 76 72 95 92 90 83 4 30 100 45 51 49 38 14 50 55 64 12 58 66 81 34 25 96 62 98 56 57 48 19 77 82 63 15 91 24 59 16 68 44 7 53 6 37 74 79 52 10 29 93 21 60
86: 71 98 30 20 1
87: 59 14 70 8 57 58 75 21 30 20 68 76 56 28 86 100 25 95 85 81 48 12 94 62 19 27 42 49 24 38 82 45 89 43 90 2 67 84 78 5 7 4 80 63 6 74 41 88 1 33 13 83 10 17 79 37 77 69 18 64 40 66 34 36 99 55
88: 5 67 96 18 44 14 64
89: 58 90 41 11 92 32 54 56 19 6 28 95 80 35 7 48 76 27 8 97 51 38 69 14 26 24 15 75 79 89 39 98 22 37 83 44 52
90: 52 14 61 95 20 73 74 93 1 26 48 29 40 8 28 81 45 97 75 96 2 78 91 57 11 23 21 88 76 71 92 36 87 50 89 47 16 18 64 86 30 65 32 94 53 42 62 79 63 70 72 84 25 100 56 67 77 37 38 12 82 27 9 5 51 46 66 7 49 55 39 10 22 24 34 43 35 58 13 44 15
91: 80 87 24
92: 50 20 3 38 96 79 25 15 16 17 97 27 89 52 30 23
93: 25 45 94 31 6 83 79 4 30 49 35 62 74 57 82 33 1 86 13 44 65 89 71 12 66 29 10 99 14 60 81 64 53 95 54 85 56 97 51 22 24 17 91 61 43 38 63 2 80 75 32
94: 36 28 45 69 63 29 64 99 95 80 54 6 19 76 35 96 100 55 86 77 72 27 25 79 81 74 2 73 1 65 46 23 8 84 47 30 14
95: 80 3 67 68 59 50 100 32 12 16 62 64 94 6 47 58 48 74 49 53 98 8 90 35 44 88 72 9 57 85 43 61 66 86 42 20 87 96 56 24 38 97 29 39 41 25 95 4 46 19 7 11 36 10 75 78 55 84 89 81 45 73 17 14 91 5 18 33 28 93 82 51 60 40 13 92 23 79 83 70
96: 79 81 37 36 93 88 97 61 64 83 15 9 91 7 52 12 62 87 19 49 86 63 29 22 45 5 14 90 100 58 80 73 32 23 54 10 20 66 78 56 59 30 43 26 68 4 94 65 57 46 13 38 3 35 51 33 34 92 82 74 21 95 39 75 48 53 8 71 6 50 41 99 1 76 31 98 47 70 42 77 16 27 11 84 85 60 25 96 18 2 89 40 24 17
97: 56 11 74 93 37 17 80 51 48 8 24 13 41 67 35 52 23 95 70 33 66 4 62 75 82 39 61 98 71 54 29 79
98: 54 34 49 90 77 42 64 50 24 80 51 38 41 12 33 99 74 35 69 73 7 59 2 11 1 88 52 28 20 4 5 44 95 57 6 97 68 9 91 22 87 72 66 75 32 26 13 3 55 98 39 36 17 19 45 62 76 70 53 79 21 8 96 58 83 29 67 89 18 100 10 93 84 65
99: 27 11 36 18 34 59 90 6 33 57 95 38 42 3 51 73 25 35 13 79 62 80 96 4 52 88 65 94 70 5 20 97 19 17 22 91 78 92 41 85 98 2 43 53 50 10 71 14 21 12 55 39 48 49 26 84 83 29 47 45
100: 2 38 45 33 94 62 59 11 98 12 32 7 19 76 54 58 95 77 83 96 78 60 28 92 8 97 9 86 34 91 49 18 63 6 73 52 70 46 56 71 17 4 74 22 24 82 20 31 84 81 68
1: (27 76) 1 (74 98 70) 13 (87 55 58 62 34) (68 94) (25 10 71 37) (6 26 24 61) 93 (77 42) 60 67 72 (5 96 15) (4 28 51 90 82 16 21 31) 59 56 (52 48 44 19 40 85 63 3 32) (49 33 80 38 86) 54 (17 7) (14 20)
2: 40 (83 56 66) (99 94) (93 61 10) 79 12 48 (72 75 54 51 14 34 29) (96 6 55 80 87) (42 58 19) 90 (38 49 25 59) (60 26) 39 (20 77 37) 100 (67 98 85 41 44 22) (74 5 43 17 13) 3 16
3: (10 61 22 49) (82 1 74 56) (59 37) 95 (99 75) (44 58) (25 34 62 26) 35 (72 57) (12 16) (76 52) 14 (60 7 17 38) (48 30) (67 96 98 64) (80 51 41 28 6 85) 20 (77 92 66) (33 43 42 5 27 71 4 40)
4: (58 14 56) (96 99 57) (62 33 27 65 74) (30 32 6 72 51) (10 12 41) 97 (67 25 16 5) (42 48 38 100) 34 (87 93 73 85) 49 98 (77 20) 35 (95 76 40 79) (37 59) (61 39)
5: 85 (17 84) 90 47 14 (96 5 28 50 73 88) (51 29) (52 44 24) (1 70 2 57) 27 67 (62 80 87 99) (55 25) (39 65 16 56 26 19) 10 60 6 (59 41 72 82 75 7) (40 61) 43 76 (12 58) 38 (49 37 98 77 95)
6: (95 49 3) (13 37) 42 16 70 (60 56 25 98) 87 (5 96 64) (34 71) 19 (10 85 74) (80 89) (14 43) (38 20 50 100 76) (54 17 82) 72 (58 52 7) 61 28 33 (94 51) (93 99 11 6)
7: 49 48 (7 100 96 54) 82 (1 58) 34 (77 60 81) (74 61 87 47) 12 10 (26 75 98 32 40) (64 13) (44 27 72) (33 56) 59 43 (23 28 14 31 95 17 71) (5 90) (89 70 80) (16 25) (85 3 76)
8: (65 24 96) (12 55 28 27) (77 6 70 95) (75 85) 59 (23 74) (16 5) (34 20 43) (61 39 94) 97 (71 40 48 44 32 37) (89 98 14 73 41 80) 79 (46 87) (66 58) 15 (42 10 51 49) (19 54 52 25) (100 81 17) (90 3 50 76 67) (33 72)
9: (5 25 95 98 16) (75 80 77 85) (96 12 34) (17 37) (42 60 100) (6 52) 73 (10 50 19 14 20) (74 26) (59 41) 82 (30 57 51) 46 (21 32) 40 (39 61 76 13) 38 (72 48) 90 (58 70)
10: (10 14) (72 61 98) 38 (54 67) (20 28) 4 90 (24 73 29 56 7) (79 41) 47 87 (17 42) (46 63) (16 30 85 96 95 51) (6 12 25 8) (71 80 93 49) (99 13) 26 (65 34 75 76) 57 2 (66 40) 1 77 (5 31) (39 33 37)
11: 100 (14 60) (38 33 96) (20 63 31 95) 50 58 (98 85) (57 47 6) (41 28 52 67 77 25) (49 70 46 34 10 59 90 19 39) 13 29 (27 16 89) (43 30) 40 62 (37 44 35 56 97) 26 (3 5 99) 2 (55 66 80) (76 61) (7 75 82 53 72 51)
12: (63 14) (19 34 15 70) 49 60 37 (61 75 12) (43 41 80 73 39) 42 (74 11) (96 32 29) (13 25 99) (98 26) 100 48 (33 81 87) (83 85 38) 76 17 (95 82 52) (77 71) 7 67 90 10 (30 6) (20 28) 56 (66 5 93 72)
13: (6 57 97 96) 37 (42 49) (68 19 45) (56 14 40 23 66) 87 41 93 (17 35) 5 (20 79 62 26 77 99 10 75 51 85 34) 48 (80 11) (67 16) (38 98) 50 (95 30) (12 74 25 39 24) (31 33) (90 72)
14: 2 (58 26 73 59) (41 80 40) 38 (16 96 78 46 85 51 71 25) 70 37 62 (1 49 89) 99 (95 10 93) 75 (50 54 76 68) 77 (12 6 67 29 64 61 90 87 34) 33 (30 17 20 88 42 82 28 32) 94
15: 56 (39 16 51 12 3) (10 96) 60 (85 54 26 42) (90 20 74) 53 (72 71 38 23 31 82) (58 65 59) (67 27) (5 14 41) (37 33 28 75) (89 70 43 4) (40 11 61) (47 66) 49 25 76 (77 50 64 92 46 80) 6 (57 24 34)
16: (64 96 10) 3 (6 7 72 92 77) (61 58 54 39 82 76 37 5 60 55) 57 (75 25 41) (40 14) (63 51 30) (71 73 43 80) (52 70 20 85 16) (95 22 42 90 19) 12
17: 67 (3 85 10 49) (39 38 77 29 2 25 31) (79 33 76) 40 (56 16 95 74 87 6) 100 34 50 (73 61) (4 41) (75 81 98) (64 92) 32 71 27 93 (48 13) (14 99 20 28) 19 44 96 (12 37) 80 (72 82) (66 97) (59 52 70) 5
18: (75 57 7) (6 15) (10 47 72 32) 27 (17 30) (33 90 64 39 49) 71 51 (34 31) 87 (52 40 70) (37 38 58) (98 60 19 74 99) (23 100 12) (96 61) (82 95) 85 (66 16) 28 (59 25) 76 (42 24) (88 56) (67 5 14) 26 (63 77)
19: (51 100 95 49 33 61 94) (99 4) (32 77 24 39 6 56 47 27) (1 59 5 37 25 10) (15 38) (29 35) 58 60 (79 28) (75 12) 70 26 (74 11) 80 (7 34 67) (87 42) (96 3) (64 76 52) (89 98 72 40 17 31 41) (57 19 85 14 16)
20: (42 99 85 11) (27 5) (16 77) (87 96 76) 7 (95 60) (67 56 51) 86 80 (33 92 19 13 100) 70 98 79 (25 72) 47 32 (82 75 59 12 29) 30 (90 37) (6 61 20 44 40 49 14 38 41) 73 (26 17) 74 24 39
21: (75 51) 40 (26 98 17 19) 58 61 50 60 20 (41 12 42) 5 (32 96 66) (38 77 3) 67 (14 52) (70 49 27 6) (59 65 55 25) (22 48) 79 71 (28 85 99 34) 72 (76 37) (87 10 74) 90
22: (72 17 60) (28 38 90 13 79) 33 (42 55 41 54 73 80 82) 6 66 (2 34 67) (89 14 31 51) (37 76) (19 4 85 32 58) (64 49) (27 52) (29 5 61 24 65 39 98 25 10) (20 77) (16 26) 57 93 (99 75) 96 100
23: (95 63 26) (80 58 16) (60 64) (70 37 74 40 3 41 57) (17 38 27 76) (72 32) (77 35 97) 85 (15 20) 94 (68 78) 90 82 (79 5 14) (67 96 12) (71 52 66 51 44 31 49 10 25) (92 61)
24: (60 56) (59 10) (58 57 40) (16 90 100 70 13) (61 27 80) 3 49 (67 32 17 98 77) 44 28 (89 74) (95 50) (6 75 52 12 42 41 24 20 25 37 87 96) (14 34 72 91) 97 (76 35 62 38) (5 73 93) (85 51)
25: (33 38 51) (25 10) 7 (26 82 67) 85 44 (31 43 41) 70 (60 24) (90 13 65 99 6 92 37 71 5 14 40 56 72) (58 95) (27 74) 42 30 (61 80) (96 93 20) 1 39 (94 3) (87 62) 47 (16 49 35 66 76) 59 (17 77) 34
26: (59 49 1) (21 89) (52 38 57) (60 54 14 37) (71 67 7 75 16 12 34) 17 39 (25 90 96) 5 50 (26 6) 58 (33 98) 41 76 (99 66 70) (28 31 64 72 19 11 3 51 20 77) 79 61 62
27: (85 16) (19 51 13 64) 99 (41 56 71 37 34) (28 73) 3 (67 77) (6 58 87 10 60 72 32 25) (70 43 26) 92 (24 29) 82 (89 31 75) (17 30) (40 79 5 94 2 57) (90 61 42) (59 38 80 39 14) 76 96
28: 54 56 43 77 (62 32) 89 (26 15 80 73) (65 85) (59 7) 37 (13 95) (16 45 98 10) (34 46) (49 90 94) 57 25 (14 39 44) (40 76 20 51 41 60 79 87) 66 71 55 100 (5 61) (42 64) 63 (75 67 6) (72 12)
29: (98 95 17) 22 (26 85) 32 (39 70 5) (13 90 64) (79 77) (65 72) (73 52) (30 59) (62 67 94 71) 20 (6 96 75 1 58) 35 (61 12) (51 82 25) 34 76 (40 93 42 60 10 97 16 37) (48 80) (56 38 14 99)
30: (3 75 57 55 96 79 81 13) (29 27 49) 38 (73 10) 43 (74 41) (42 20 72 94 77 16 66) (85 12 40) (60 17) 25 (45 87 5 1 86) (61 76) (33 93 47 37 58 65) 19 92 54 (23 80 30) (67 70 14) 90 26 39 52
31: (60 93) (7 82 40 61) (42 37) (96 25 1) (55 79 32) 52 80 54 16 (51 63 85 24 100) 33 (12 44 39 62) (57 28 34) (56 41) (49 67) 76 14 (13 59) 10 (2 26 72 48 74 5) (71 77) 75 6 17
32: 49 (90 58 76 40) (48 96 20) 12 (95 51 61 72 75 16 67 93 41) 80 (60 59 26) 25 23 39 (44 14) (37 82) (38 34 42) 10 98 17 (85 54 71 24) (100 68 5 3) (56 6) (70 77) 11 (33 27 89) 52
33: (28 67) (93 13 77) (80 10) (1 43 17 61) (74 5 3 40 41 62) (24 58) (42 66 37 99 19 6) (97 96 48 75 56 76) (54 38 26 25) (63 51 16) 82 98 11 (70 7 100) 12 (33 72) (60 35 65) (57 87 14 39) (49 73) (95 59)
34: 40 57 (35 74 60 27) (25 5) 42 (44 41) 62 (56 96 85 38 82 52) (16 65) (87 67 72) (43 80 48) (20 10 14 6) 98 (3 17 61 26 24 45) (49 76 70) (7 19) (21 37) (51 22 99) (58 90 77 73 13 34 66 78 39 75 71) 46 100
35: (55 96) (85 17 70 63) (40 94 39 93) 48 (50 89) 61 (59 67) (52 24) 62 (12 19 81) 98 58 64 (4 34 99) (2 5) (75 97 44) 11 (14 13) (54 73 20 37 16 41 10 38) 95 77 (76 90 3 25) 42 (80 56 15 72) 51 (26 60 49)
36: 72 (11 70) (25 87) (43 49 59 56 80) (77 10) 90 6 (17 13 58) 96 24 (19 75) 5 46 76 (51 14) (50 66 94) 85 (71 16 95 18 39 74 38 20 99 55 35 41 42) (37 57 60) (34 3 40 26 82 98) 67
37: (63 60 20 37 82 24) (90 10 67 80 61 41 6) 97 43 (40 34) 75 25 (13 79) (72 46 51) (33 74 14 89 16 58 4 52) (57 78 1) (64 42) (59 48) 27 22 47 (26 76 87) (5 11 77) 38 (21 3 55) (23 62) 17 85 70 (66 96)
38: (66 54 73 40 85) (49 27 60 100) 5 89 77 67 (57 19) (93 50 75 79 61) (95 25) 3 43 96 (87 71 32) (51 38 82 76) 26 (72 42) (98 80) 20 (41 17) (92 62 48) (56 64) 90 14 (10 22) (59 6 99) 58 30 (37 13)
39: 52 55 65 59 75 31 (70 20 96 83 35 58 63) 4 (15 81 3) (33 40 5) (64 90 37) (38 76 67 73) (39 74 19) (28 16) (44 26 61) (79 34) (66 12 80) 42 (6 97) (85 99 14 71 51) (77 98) (2 29 25) 57 (89 95) 17 72 10
40: (19 85) 5 (67 66 52 33 49) 70 44 72 (32 51) 65 62 (6 25 74 56 96) (13 39 28 37 57 26 87 17) (90 61 14 1) (47 16) (24 20 11) (4 73) (60 76 7) (75 71 95 12) (34 42 35) 10 (45 54 58 46 48 38)
41: (73 98) (37 17) 11 (75 54 72 14 28 40 29) (87 12 46 20 6 97) (58 62) (76 34 49 70) (16 13 32 80) 38 (96 42) (30 95) 18 60 77 (26 44 52 24 57) (79 5) 99 (85 71) 39 (25 67) (66 74) (3 41 61 89) (10 51)
42: (35 30 87 80 73) 62 75 (51 38 32) (26 2) (58 60) (74 95 40 61 72) (57 96 49) (41 46 98 99) (13 39 14) 19 37 5 (12 47 25 71 17 90 64 85 54) (24 42 6 52 34 76) (16 77)
43: (10 75 32) (44 79 49 16 57 18 58 19 87) (7 67) (96 80 59) (25 74) (99 26 23) (52 5) (95 35) (90 73) (71 14) 30 (66 6 39 61 41 33 68 82 51) 37 (60 34 38) 27 76 17 (93 77 50 22)
44: 13 85 27 (43 49 44 47 51 93 41) (67 70 72 20 17 74 10 33) (58 9 38 48) (80 59 2) (42 26 19) 14 (37 28) 15 (61 52 3) (57 40 25 34 90 8 98 77 64) 89 (76 6) (54 88) (95 5)
45: (25 26 77 61) 90 (10 93 42 96) 94 32 50 (59 43 66 44 75) 85 (74 60) (80 16 5) (19 40) 20 (72 13 14 57) (51 76 71 41 24) 11 (100 58) (39 49) 38 (37 98) (54 33 17 45) 28 6 (87 34) (99 95 82)
46: 5 (26 31 66 37 96 80 58 67) 73 (61 41) (82 85 33 11) 76 (95 70) (59 27) (100 44 62 25) 22 24 72 (10 60 64 20 39) 94 77 90 47 (50 34 13) (7 56 12) 38 (17 51 16)
47: (73 46 13) 14 5 90 (35 41 10 56 55 72 57) (61 40) (22 45 75) (58 25 59 20 94) (96 6) 17 (51 24 70 39) (34 63) 71 (42 67 76) 16 95 44 (28 85 26 37 54) 32 (74 12 48) (82 80) (77 50) (99 60)
48: 49 11 (16 57) 76 (20 28) 82 23 (78 90) 6 (42 19) (44 27 95 60 3 89 59 83 32 39 52 37 99 43 75) 77 (73 40 30 13 51 58 64 25) (79 26 87) (5 56 80) (38 72 14 34 97) (96 85) (54 17 7)
49: (11 49 52 12 25 96 60 21 67 37 51 17 85 93 7 16 40) (74 35 73 57) (64 10 6 27 5) 19 (14 42) (26 3 72 75 87 66 61 95 56) (76 24 100) 99 (38 13 90 82) (44 34) (41 31) (39 77) 79 (59 98 80 20) 54
50: 59 25 (16 77 71) (56 34) 58 (24 54) (60 48) (6 41 8 51 96) 61 49 (14 7 42 57 90 72) (40 81) 26 55 99 (75 47 95 92 10) 5 80 (13 98) (2 62) (38 76) (37 85)
51: (6 82) (16 80 89) (38 64 48 32) (19 35 59) (49 93) (33 25 73 95 27 5) (14 34) 51 (41 68) (62 98) 54 40 15 58 (39 70 26 52 10 76 60 67 77) (56 37 61 12 17 20 7 96 44 97) 57 (75 47 99) (85 90)
52: 37 96 7 (17 100 60 40) (13 85 98) (42 97 39) 21 12 (71 67 2) (35 5 82 90) (64 62) (59 76) (55 80 66 74 51 23) 72 10 (99 75 77 92) (34 61 38 83) 54 (15 41 6 52) (16 30) 89 (70 58 14 57 49 20 25 33)
53: 52 38 (74 61 72 67 82 85 98 23 35) (22 99 90 56 41 80 5 12 77 13 10 21 19 39 57 26) (16 65 75) 6 51 59 (24 27 95 37 34 76 58 93) (55 17 50 33 1 25 49 14 66) 96 60
54: (42 37 82) (5 16 19 73) (49 100) 25 (15 23) (55 64) (96 33 93 56 94 98) (43 1 44) (97 79) 11 (21 60 58 2 31) 32 20 (77 80 57 12 4 76) (61 30 24 13) 85 (3 89 74) (6 34 59 54 17) 72 (75 68 27 46) 40 14 51
55: 61 (51 17 37 52 75) 80 (3 43 27) 70 42 77 39 73 (35 60) 85 (14 44) 98 (19 67 2) 31 (90 26 72 66 74 82 16) (25 20 99 56 58) (71 87) (5 50 79 49) 95 62 (94 59) (76 63 33) (34 12 6 28)
56: 34 41 (59 3 52 14) 42 (39 73 82 100 19 64) (25 6) 15 97 75 (27 58) (87 56 67 17 74) (54 96 85) (16 12) (47 80) 37 30 (93 48 72 20 43 31 90) 76 (35 28) 10 (79 61 5 89 70) (95 71 40 60)
57: (96 82 42 85 71 7) 90 (37 29 32) (66 67) (74 26) 72 59 (6 75 44 60) (95 73) 20 (83 34 5 39 10) 48 (46 25) 8 (93 99) 56 49 (76 14) 58 (35 98 65 64 80) (22 77 41 63 61) 47 (17 87 38) 21
58: 35 76 61 (95 44) (19 39) (87 67 81 7 51 25) 75 62 11 (80 41 71) (56 34) 29 (60 89 96 37 58) 24 70 79 (64 38 42) (10 3 31 90) 20 (12 57 14 55 85) 73 72 28 40 (98 5) 77 54 (22 6 16 100)
59: (99 74 54 77 85 59 39) 37 (76 25 3) 29 58 (6 71 73 57 70 61 17 34 43) (51 14 33) 100 (20 5 56 96) (98 67 16 11 38) 42 (64 10) (44 63 87) (82 95) (27 65 66) (72 68 26) 19 (40 24)
60: (6 72 33 55 67 39) (82 40 28 46 38 5) (77 29 26) 41 43 (85 81 27) (96 31 1 19 56 93 75 58 12 60 76) 100 (30 17 34 13 37) (16 49 51 25) (14 54) (10 42 95) (20 52)
61: (59 10 55 26 12) (25 67 75) 39 (70 14 96 79) (19 40) 47 (48 85 97 95 7 80 82 72 73 64 50 71 37 57 90) (13 51 23) 93 27 60 (77 42) (16 17 49 38) (41 61 6 56) 20 43 76 (28 5) (34 66)
62: (93 61) (32 98 17 33) (75 10) (59 22 58 56) (52 41) 49 (90 95 79) (85 30) (96 7) (27 5) (80 6 38 81 28 73 43 3) (14 72) 65 100 (37 44 25 87 60) (31 74) (26 40) (13 29 76) 54 19 (99 20 97) 67 34 (51 16)
63: (59 43 73) (85 67 6) (48 81) (63 45) 100 53 (71 90 3 96 34) (17 87) (51 72) 39 41 30 (64 47 15 40 94 33 79 38) (49 25 19) 26 (14 16 93 77 35) 61 1 4 76 58 (37 75 12 56 5 10 20 80 52)
64: 3 (73 30) 27 (24 61) (58 85) (80 56) 39 (70 17) (15 25 37 42 90) 93 26 75 (87 76 77 31) (94 51) (46 60) 12 5 48 34 (54 72) (28 59) (95 6) (57 98) 10 (14 16 96) (40 67 71) 79 88
65: (73 47 42) (51 96) (94 61 66) 28 (68 39) (33 85) 48 (20 93 99 58 41) 72 49 (34 30 19 40) (27 82) (67 52 56) 98 (14 9) (6 59) 5 25 (65 60 10 75) 11 (37 77 13) (35 71) (3 90 57 76 26)
66: 19 (29 13 96) 6 (40 58) 87 38 90 61 62 48 76 (28 85 98) (75 74 93) 97 59 (27 14 95 77) (54 55) 21 (10 39) 5 42 72 (83 17 12 20 51 16 79 82 25) 60 37 (34 44 32 80 41)
67: 43 (98 73) (5 61 74) (40 31) (37 54 72 77 12 25) 55 (16 29) 95 60 10 (22 6) (41 34) (76 44) (66 67) (23 20) 79 (17 46 47) (58 14 51) (85 59 42 45 33 32 26) 80 (1 97) 56 (87 48) (88 2 90 64)
68: 27 96 (100 29) (44 37) 3 (98 20) 40 57 (5 70 95 71 33 58) 75 (68 31 14 60 82) (51 63 7) (30 16 41 6) 34 (85 35 77 61) 66 (76 25 43) 2 87 80 (56 42 54 17 72 74) 12
69: (30 41) (70 23 54) (16 4 75) 5 38 85 73 11 33 (39 51 3 55 10) 72 (98 87 60 61) (89 6 12) (82 43) 25 37 44 (66 7 32 52 77) (42 17 80 49 74 14) (20 76 67 31) 94 (34 57 26 56) 27
70: (58 39) (61 44 71 46) 73 (17 48 54 10 82) (77 80 67 19 30 95 41) 6 33 (68 20 34 59 56) (42 98) (74 64) (47 76) 14 (40 35 72 100) 90 32 (87 25) (97 99) (70 63 16) (38 51) (7 75) (26 49 79 57 27 37 24) 12 (28 60 96 5 13)
71: 16 (32 93 80 72 42) (77 34) 97 (60 76) (48 50 41 51 99 17 74 37 61) 6 (54 5 14 67 62 59) 100 86 (10 96 19) (70 57 1 20 64 25 13 39 40) (75 26 90 38 52)
72: 52 37 (78 14 5) 54 85 62 (7 10 58) 13 39 (79 16) 42 47 75 (90 77) 30 41 (27 98 61) (95 80) (29 71 82) (6 60 12) (67 31) (57 56) 3 (83 38 48 25 70 66) (74 23 40 20) (72 51 49 94) 17
73: 39 (64 57) (61 100 14 56 70) 37 (65 72 98) (67 2 75) (94 26 79 49 80 82) 5 99 42 (51 96) 17 (25 16 59) (77 43 90 58 85 74 34 60) 52 40 (46 28) 76 (6 63) 66 (41 10) 95 27
74: (10 24) 42 (40 29) 37 56 (100 58) (25 73) 94 (95 77) (83 34) (85 61) 80 (38 82) (39 6 79) (87 26 60) 13 7 (90 75 97) 96 (76 72) (12 32) (20 51 30) (66 67 93) 19 5 (54 98 71) 17 64 41 (59 84)
75: (76 10 34 57 5 72 58 60 6 95) (98 51 16 39) (20 22 77) (59 33 48) (44 24) 27 96 (37 64) (2 89 52) (68 40) 49 61 (80 17 67) (81 74 93 85 35 66 97) (11 25 41 90 75 38) (13 14) 87
76: 13 20 (87 40) (61 50 38) (49 48) 52 71 16 1 (33 77 85) (43 39 17) 96 (51 82) (27 22 63) (6 41 58 75 80) 76 14 94 (57 89) (25 34 29 83 90 98 31) (100 72 64) (10 67 74) (60 81) (35 5 26 37)
77: (20 17 80) (77 38 56 100 14) 72 22 76 (51 73 52) (32 41 40 26) (59 25) (21 27 37 3 67 16) 2 (87 39 94 61 60 11 57) 33 (96 54) (10 55 24 74 90 49) (42 35 82 85 98 31)
78: 85 (41 51 33) (39 14 61) 31 (95 72 58 43 71 64 52 67 77 60) 48 (80 99) (87 34) 49 (47 25) (42 26) (59 74) 20 (46 75) 19 (90 76) (100 5 50 10 56 57 17 27 24 96) (16 6 40 54) (37 12 70)
79: (35 29 33 25) (96 85) (27 1 13 5 72) (64 41 94) (51 76) (97 89) (10 14 44) 67 (21 80) 71 98 95 (50 3 61 99 9 90 19 58 42) (16 59 92 31) 17 (26 37) 93 82 (52 87)
80: 38 (17 44) 40 85 (99 87) (32 35 24 93 6 79) (67 27 94) (51 95) 33 (29 20 74) (41 72 12 80 14 5) (4 19) (97 37) (89 59) (91 77) (60 55 58 96 13) 39 (16 61 42 81) (70 64 76 25 26) (83 98)
81: (27 43) 76 19 14 57 (32 52 95 28 41 56 34 58 73 38 48 26) 20 (60 37 100 66 39) (67 40 7) (81 93 82) (51 70 96 25) 94 (5 74 33 64 42 75 90) (54 87) 80 (72 16) (10 44) (77 85 61 17)
82: (95 26) (87 25 32) 30 (27 46) 85 60 34 61 (54 37 6) (72 74) (20 41 39 71 84) 17 (67 14) (40 16) 38 (63 82) (24 66 77 28 13) (58 49 96 56 10) (52 22) 5 47 97 (70 90) (93 76 100)
83: (16 87 3) 96 (1 80 19 74 34 20) 61 60 (42 52 5) 51 (99 68 6) (100 23 73 62 47 82) (95 17 46 14 79 54) (75 98) 77 41 (89 59 12 33 37) 57 (70 30 26 48) 85 28 (40 13 58) (93 78 39 72) (76 25)
84: 47 58 (34 51) (94 17 26) 6 (98 61 48 90 16 79 19 15) (62 5 56 14) (65 72) 80 (96 10 41 7 73 38 95 67) (32 83 71 60 64 100 75 25 82 20 57) 99 87 (31 29) (42 37 76 13)
85: 61 (56 31) 96 (73 19 99 10 76) 77 38 (67 44 26 47 49) (37 33 13) (51 17 93 72) (28 80) (12 29) 20 (55 95) 75 87 50 42 (48 30) 57 25 52 (34 68 14) 6 (69 43) 5 (16 62 2 27)
86: (58 70 50) 100 82 (28 23 96 65 90 67 73) (49 25) 40 95 52 13 94 44 41 37 (14 76 68 24 42 80) 62 (85 3) (59 27 56 5) (61 54 7 10 87 74) (16 93 18) (51 71) 17 (38 33 77 83 20 72 26) 48 32 60 34
87: 19 (27 77) (41 48 42) 63 (5 20) 76 91 (71 24 98) 44 (90 34) (72 25) 73 6 (17 39 67 80) 7 (82 85) 64 (83 16 32 59 78) 79 13 1 38 96 43 (74 26 14) (75 56 37 95 54 61 15) 49
88: (74 24) 48 67 (43 5 40) 61 77 (76 47) (41 64 26) (60 85 3 71 96 72 87 49 1) (95 50 13) (98 10) (99 52 51 16 25 20 17 12) 6 (90 82) (73 37 80 31 7 14 57) (19 54 58)
89: 31 52 (37 61 58) 93 90 56 (26 5 51) 17 87 76 (89 66) (21 95 42 98 60) 25 16 28 (77 43 82) (40 92) 50 (38 80) (7 59) 41 85 20 (75 96 79) (71 48 11) 39 10 27 (54 6 72 67 24 14) 34
90: 26 (70 74 46) 1 13 (2 96) (25 58) (56 39 80 44 48) (64 27 85) 47 (76 37 34) 33 60 (99 14) (16 42) (95 6 54 35 3) (87 10 7 75 73 11 41) 57 12 (30 79 19 72) 89 (5 82 61) (20 77) 98
91: 31 77 99 (5 44 72) 90 (71 95 37 28 100 76) (26 49 61 96) (17 10) 85 (74 93 70 73) 6 (14 25 52 39 98 20 35 16 60 64 67 58 41 81 7) 11 (51 75) (40 43 62 54 34) 3
92: (35 72 39 40) 82 1 (99 38) 76 (7 17 10 90) (96 70) 27 (85 100) 67 (20 60 61 14 59 89 79) 74 (75 49 48 50 26 83) 37 (77 71 5 25 42 80 95) 51 (56 41) 32
93: 7 10 (67 5 73 61 16) (98 65 42) (31 75 26 52 47 95 11 97 35) (76 55 27) (39 70 25 14 77 64 46 72 40) 90 62 49 41 (74 15 58) (60 44) (96 56 51) (85 38 82 80) (6 79) (3 59) (37 34)
94: (12 49) (13 82) 72 (70 27 6 85 71 8) 76 39 61 (90 34) 3 (16 44 33) 87 (20 40 83) (14 56) (17 80 5) 77 (26 66 52) (42 100) (43 73 28 1 55) (46 41 4) (67 95) (93 37) 51 58 (21 75 60 32 19) (96 59) (99 25)
95: (8 90 96 57) 77 40 76 12 38 99 (98 25) (34 13 51) (85 37 62) (43 94 80) 11 (89 48) (31 59) 100 (75 60) 24 (42 61) 72 26 (5 49) (93 17 73) 28 (15 14) 33 20 (95 82 97 64 35 41) (10 66) 87
96: (82 72) (78 39) (79 90) 83 76 40 (96 44 75) (28 51 70) 42 (85 13 65) 71 77 (56 50) (41 43 92) (20 23 14 25) 34 (100 5 6 17 95 11 80 73 10 98) (3 64 99 16 61) 67 (33 88 37) (12 66) 22 (94 26 31 68 58)
97: 49 (98 89 8) 31 (99 7) (50 77) 95 (56 67 44 34) (43 90 57 61 60 32 26 96 72 52) (33 14) 35 (80 40) (82 25) 3 10 (58 76 16 46 41 30 24 42 100 13) 51 (92 19 54) (5 20) (39 38 75 37) 93
98: (62 86) 5 (6 13) (59 29 27) (66 19 76 25 23 26 73 100) (32 38 96 37 71) 51 39 (74 85 58 14 8 97 61) (40 16 20 17) 30 (64 44) (95 77) (57 50) (89 98 54 3) 72 (28 80 67) 99 (75 35) 34
99: 56 (76 62 51 72) (35 25 75 49) (44 17) (26 27 48 94 5 41) (74 13) (14 6 53 37) 87 (98 58 64) (34 65) (93 42 7) 39 (96 19 40 50) 38 33 79 1 (67 31 61 20) (16 52 77) 12
100: (87 13 90 34) 36 (80 51 72 70 25) (96 53 44 98 64 67 59) 61 (81 74 20) (10 94 50) 29 12 (16 77 71) (37 3 62 83 82 31 39) (76 19 26) (75 33) 17 (32 95) (6 5 46 38 23) 40 (60 85) 52
