100 100
1: 80 77 67 28 59 10 20 87 1 75 42 100 63 9 90 31 25 38 48 19 50 66 30 93 83 96 84 27 17 76 40 43 60 37 82 8 70 49 16 68 32 45 52 99 89 36 23 81 88 64 55 2 41 33 86 35 21 85 26 13 34 94 5 69 11 6 92 47 46 7 74 53 12
2: 70 39 97 33 84 4 6 35 88 50 10 93 85 51 100 3 53 36 73 23 75 26 71 63 1 90 38 30 46 13 31 8 52 58 41 69 78 27 45 60 86 99 55 79 2 57 82 47 49 43 72 16 76 81 98 65 44 14 94 25 15 20 5 91 89 54 42 11 19 24 66 56 17 95 34 80 92 64 22 61 96 9 21 87 12 67 83 48 40 74 59 32 7 68 28 77 18 29
3: 97 69 81 55 78 38 80 44 82 62 19 8 41 12 34 61 1 21 64 92 57 76 83 48 56 11 14 23 68 39 99 27 77 6 89 93 3 43 16 50 52 66 29 70 86 84 75 74 40 5 31 30 49 24 15 37 10 13 72 90 7 58 51 17 28 60 73 18 9 54 100 96 25 91 33 95 32 65
4: 31 93 48 32 87 99 81 6 54 10 67 36 57
5: 66 15 18 16 55 28 95 65 69 36 54 52 80 2 14 49 94 72 23 73 39 74 78 21 13 25 59 43 26 5 10 30 9 47 48 57 100 97 35 8 17 7 58 44 53 45 98 91 89 68 19 29 64 93 50 34 11 42 63 37 24 67 61 3 83 96 81 76 62 33 70 40 87 4 84 90 41 77 82 51 56 99 6 32 12 20 85 86 75 1
6: 85 72 43
7: 17 100 21 57 5 29 39 58 80 95 88 67 43 37 15 86 64 92 19 77 51 10 32 6 81 40 97 53 52 69 12 18 23 89 55 11 70 25 42 72 46 45 27 4
8: 76 62 86 82 28 63 37 32 92 96 84 18 59 13 93 22 51 5 9
9: 12 24
10: 76 33 38 16 36 84 12 5 81 57 58 62 1 80 41 66 95 29 98
11: 41 28 91 76 57 89 78 24 16 26 90 70 20 25 62 54 1 93 95 96 22 37 60 21 30 34 75 43
12: 9 77 69 38 13 28 97 40 65 64 81 71 44 95 82 36 45 12 39 59 23 3 15 19 53 35 57 52 79 22 7 90 4 92 6 62 98 61 21 16 11 72 49 33 32 8 29 73 84 75 70 1 91 27 50 58 63 99 5 100 86 68 43 48
13: 24 84 68 16 51 62 73 88 60 83 77 9 93 12 19 28 17 27 63 53 55 43 87 91 34 8 42 49 76 7 81 89 22 36 10 20 58 97 2 44 26 46 70 66 59 1 33
14: 66 95 25 6 13 51 8 75 72 16 41 87 31 89 26 78 74 94 76 81 91 32 73 30 29 43 4 1 56 100 83 9 88 12 96 17 20 57 18 39 53 79 49 65 2 3 93 5 48 52 62 69 50 86 85 84 27 15 45 90 7 80 21 23 46 61 77 14 64 71
15: 3 93 19 88 16 10 98 85 46 52 43 94 27 22 17 49 96 45 86 87 78 13 32 35 68 34 56 1 47 39 59 67 83 40 15 58 72 91 38 80 4 61 54 9 100 8 5 50 51 11 77 99 26 81 97 7 70 20 64 75 18 79 82 55 95 23
16: 52 63 19 72 5 6 53 31 75 91 20 45 54 71 35 47 76 82 80 90 74 81 69 57 59 89 99 17 23 30 7 93 41 85 37 49 18 3 33 38 27 98 61 9 16 22 87 66 60
17: 17 6 77 46 18 51 72 29 98 67 28 58 87 91 20 61 68 16 62 39 22 27 21 41 55 93 66 89 53 44 33 84 43 26 42 7 36 25 1 86 45 76 88 57 64 74 19 47 73 100 9 97 3 14 24 8 13 80 23 50 83 31 54 38
18: 7 82 71 12 99 74 46 38 28 14 19 15 31 2 33 91 85 67 73 30 3 83 93 1 89 20 47 41 27 86 9 5 16 42 68 54 44 87 43 77 58 97 80 63 69 98 64 50 76 4 92 95 23 56 94 26 55 10 53 88 8 40 34 25 24 84 75 52 17 79 51 48 90 13 11 21 59 36 49 57 45 60 66 70 61 29 81 65 35 62
19: 68 12 10 84 60 16 2 94 100 44 89 43 81 57 98 67 1 33 27 95 70 22 80 82 73 42 20 87 4 96 3 97 66 6 13 9 37 53 65 76 11 61 92 45 86 54 19 88 35 48 85 29
20: 80 55 30 53 67 96 87 69 90 86 83 82 19 43 13 40 11 73 49 14 81 35 39 34 88 75 84 22 54 89 77 41 99 7 68 79 52 37 45 65 100 3 97 50 24 98 57 32 71 23 25 27 66 60 8 95 38 59 85
21: 17 8 48 93 79 76 80 91 98 84 42 40 3 77 71 54 55 30 15 32 5 38 36 35 99 60 9 82 90 68 23 39 18 96 25 94 58 97 14 28 81 78 26 69 6 20 62 33 24 41 4 87 89 67 2 1 21 88 29 72 27 53 73 11 92 66 45 100 7 95 22 63
22: 24 51 3 75 49 39 29 46 91 22 54 63 4 74 18 84 33 52 76 20 48 10 68 62 78 99 27 100 44 53 15 89 35 79 86 1 72 34 81 82 97 70 94 65 42 41 25 7 36 5 31 38 69 26 28 9 56 92 60 88 67 95 64 90 58 13 93 6 59 40 61 43 45 77 87 55 14 30 80 73 21 96 37 17 50 19
23: 42 93 6 56 21 81 48 46 59 100 43 92 89 80 66 82 35 23 69 5 62 36 24 94 97 37 85 9 74 52 39 50 84 38 33 12 10 91 30 78 15 8 47 17 72
24: 17 67 100 39 32 30 76 31 77 42 64 1 66 44 90 15 11 96 36 2 53 60 8 50 95 22 62 94 19 16 12 97 83 10 3 18 40 29 35 41 74 80 13 58 28 51
25: 98 45 67 85 75 37 73 26 9 92 20 61 64 99 8 100 1 43 62 57 40 24 12 29 81 84 17 42 36 31 71 82 70 23 34 96 44 49 19 77 69 38 80 88 60 74 50 93 13 27 65 94 14 51 95 90 87 48 39 6 76 28 22 59 33 11 78 46 53 30 41 18 63 21 54 7 79 47 68 89 97 66 15 58 25 10 56 86 16 83 4 35 3 72 55 52 5 32 91 2
26: 40 16 60 84 43 37 70 53 94 39 36 23 6 51 11 33 32 95 24 100 29 96 90 76 97 17 85 15 69 28 44 59 30 71 7 86 14 93 5 82 47 2 64 21 65 52 46 19 49 1 25 35 74 81 31 58 79 42 89 54 38 98 68 3 73 83 88 22 66 20
27: 24 75 57 7 46 99 16 8 89 70 85 33 10 26 69 94 74 66 18 78 1 95 40
28: 95 54 90 80 86 25 46 91 71 63 74 59 64 52 16 62 47 79 26 19 24 40 82 73 66 83 48 84 58 76 14 1 60 88 9 6 33 11 77 87 72 98 15 7 85 65 55 61 34 57 31 13 69 36 92 81 97 22 43 68 10 30 38 99 39 12 93 32 18 49 78 96 35 8 100 28 37 50 5 51 70 56 2 17 44 45 23 75 4 67 94 53 27
29: 6 39 41 95 60 86 17 8 11 14 24 16 31
30: 20 52 42 32 90
31: 48 16 10 32 89 98 50 36 54 5 29 43 61 65 33 94 52 99 56 30 42 79 63 25 2 45 100 1 53 97 76 39 66 95 49 60 62 47 14 64 28 41 72 12 6 59 15 19 8 67 69 13 87 37 86 4 55 81 77 96 57 44 92 22 91 71 9 83 23 88 3
32: 33 77 31 4 52 85 30 62
33: 95 9 44 69 21 98 60 56 52 82 78 13 68 65 99 36 88 62 26 16 80 47 18 28 6 54 75 87 2 51 23 12 73 40 33 58 5 45 97 27 67 63 19 4 96 8 35 89 85 14 90 32 59 53 17 1 91 70
34: 53 67 88 34 40 82 59 27 21 75 7 13 12 15 81 6 11 66 35 90 46 1 95 26 39 92 52 32 83 58 36 5 38 50 97 76 98
35: 72 22 76 25 3 58 69 20 32 79 4 84 42
36: 72 18 79
37: 26 42 95 20 99 94 60 4 25 80 24 63 61 15 79 58 40 46 13 49 55 53 19 73 84 93 12 67 78 96 1 82 10 38 97 3 66 57 45 6 54 18 36 48 65 69 28 56 32 43 74 50 92 11 88 86 37 47 72 44 14 9 90 34 39 35 2 51 77 5 16 83 31 70 17 89 76 23 59 71 91 52 62 21 27 98
38: 94 95 84 99 80 66 11 5 53 76 96 82 79 87 89 74 33 8 88 83 36 100 73 72 26 54 70 1 45 27 48 93 78 17 91 41 24 47 22 68 64 6 40 69 49 32 18 92 39 98 21 62 19 10 4 34 31 42 28
39: 2 6 11 33 76 83 25 8 66 54 9 90 34 23 27 100 31 81 79 46 67 95 89 61 7 5 41 48 80 26 10 39 14 17 69 21 18 87 94 75 57 50 72 42 13 62 52 55 12 78 45 98 91 70 49 4 99 73
40: 99 2 68 83 26 94 3 65 61 85 84 34 97 76 19 66 53 31 27 72 67 96 82 32 38 89 42 75 92 9 16 12 54 15 93 48 80 81 95 56 59 21 23 74 30 69 87
41: 82 30 24 62 100 46 47 28 53 4 44 3 39 43 84 71 64 50 83 69 54 41 27 89 7 49 67 61 51 66 93 9 20 31 75 22 81 38 11 90 14 91 6 55 80 85 29 87
42: 56 31 88 77 95 94 57 42 60 33 91 61 26 100 65 24 16 53 2 9 97 32 18 10 79 27 41 54 93 28 12 11 46 51 68 74 87 19 75 47 22 67 85 34 58 96 55 50 6
43: 6 86 38 93 54 87 37 76 15 66 41 24 44 3 26 81 98 83 92 85 79 42 80 39 53 69 33 71 63 31 52 2 89 43 29 16 48 22 28 64 19 82 9 21 91 60
44: 10 90 34 67 48 24 82 95 69 55 76 57 5 81 51 27 45 78 4 60 47 58 46 62 7 59 26 13 12 84 30 99 3 16 35 43 31 23 88 19 100 91 87 44 86 61 63 66 1 80 38 83 21 49 98 18 14 8 94 33 6 93 73 25 79 29 54 37 96 70 72 20 11 65 36 68 53 74 75 97 17 22 28 41 85 32 39 71 89 92
45: 65 75 45 92 31 89 78 47 35 32 39 5 52 37 26 79 33 91 40 57 73 68 64 58 56 21 17 96
46: 17 6 71 42 9 24 83 54 30 21 59 82 76 64 3 51 4 47 14 39 84 81 100 91 5 23 85 27 95 36 62 87 57 53 35 74 46 60 43 66 97 73 48 69 78 20 19 75 40 41 49 22 29 86 61 55 16 63 65 2 67 96 98 45 33 1 10 88 32 18 38 79 50 25 99 8 52 44 90 56
47: 59 57 30 90 29 18 51 36 49 26 27 50 75 60 88 67 42 61 63 86 58 21 40 44 12 92 20 82 32 85 23 89 77 62 64 55 11 5 96 70 14 56 39 53 28 72 4 1 84 68 43 41 45
48: 47 38 25 30 74 5 28 53 81 72 76 49 73 89 43 54 50 56
49: 94 82 56 33 93 35 80 71 49 10 65 23 46 5 62 48 92 47 67 100 76 66 68 87 74 72 97 18 6 51 52 2 34 8 19 37 27 75 45 83 30 7 24 99 28 88 53 86 42 57 21 90 55 40 77 12 44 78 61 36 64 70 38 50 16 58 60 73
50: 31 83 10 69 90 27 46 59 58 13 94 49 21 76 47 95 8 41 86 5 73 40 70 42 48 78 96 28 61 81 3 20 74 23 6 43 85 36 84 2 38 12 97 35 91 51 64 71 54 17 45 55 80 16 79 92 56 53 99 77 26 30 33 89 24 7 57 75 39 67 1 62 11 34 63 14 93 22 4 87 98 52 65 37 18 25 68 32 66 19 44 82 29 72
51: 38 58 63 25 71 78 35 17 94 75 11 9 100 37 1 42 87 33 95 34 19 70 29 72 49 32 23 69 91 80 31 74 12 40 77 44 52 26 4 88 6 53
52: 51 25 41 100 49 45 36 13 48 12 66 40 34 33 32 20 99 67 24 38 35 69 8 19 15 90 94 7 10 95 46 18 98 31 23 85 16 84 61 97 63 54 88 28 58
53: 80 27 86 48 42 60 41 95
54: 50 21 97 89 86 73 12 58 65 60 84 28 9 14 54 20 66 98 68 87 30 22 90 59 6 96 45 71 17 56 88 70 23 52 2 42 13 16 55 40 67 15 19 37 78 75 49 93 91 76 31 4 1 41 83 43 62 57 44 53 92 18 85 64 95 10 38 3 27 82 36 61 35 8 46 33 100 94 24 5 51
55: 20 72 31 28 66 88 96 98 56 25 47 68 29 12 52 32 19 54 8 64 45 67 15 5 80 71 7 30 37 51 63 90 17 36 58 3 86 34 62 35 57 97 73 41 10 77 93 61 11 83 91 87 42 23 46 39 22 43 92 33 70 59 27 16 14 4 1 79 40 9 82 69
56: 40 20 50 71 17 8 34 81 60 23 57 46 63 56 97 95 38 99 15 7 90 49 32 11 19 100 80 12 14 1 6 24 88 45 54 94 75 29 65 59 98 26 61 21 58 4 70 96 64 35 69 36 74 28 2 52 89 72 25 47
57: 59 3 40 4 7 49 8 50 87 62 53 35 21 85 20 82 58 84
58: 70 41 49 90 26 4 33 93 51 17 16 1 82 100 66 62 60 50 65 92 79 5 29 31 19 73 40 45 63 54 80 2 61 78 86 32 30 55 64 94 15 39 36 96 22 18 34 48 74 20 87 72 83 47 9 81 13 71 43 10 85 11
59: 12 31 11 45 32 20 14 67 82 79 64 74 71 89 48 91 80 26 19 50 52 84 37 23 36 62 93 24 83 55 49 92 59 76 41 18 73 1 68 7 2 78 94 98 56 70 61 85 29 28 33
60: 88 86 32 53 60 5 89 77 45 4 20 35 49 2 29 3 18 51 90 10 75 65 43 17 11 27 59 21 97 6 57 61 84 48 8 24 39 56 83 7 36 79 58 16 9 70 63 26 74 12 62 78 38 64 52 55 73 33 85 81 50 42 23 25 31 99 40 100 66 91 96 34 1 82 68 93 19
61: 25 26 93 41 37 43 68 28 58 8 66 81 39 24 46 12 1 30 15 90 6 42 72 53 62 9 27 52 100 83 34 51 74 89 64 2 50 38 92 91 71 77 54 96 56
62: 26 28 43 37 73 75 16 50 21 92 45 39 61 19 58 53 49 96 69 82 6 71 54 4 29 51 38 14
63: 10 64 4 86 60 2 9 75 52 57 31 67 68 56 69 3 46 80 96 24 38 39 18 89 55 19 79 81 51 17 21 91 37 12 97 40 98 32 43 49 28 63 16 15 73 65 13 25 50 62 66 44 78 94 47 84 53 23 71 61 87 74 41 58 5 77 90 45 35 27 11 82 34 48 92 33 70 14 100 85 22 29 83 30 26 42 6 95 20 36 72 76 7 54 88 93 8 59
64: 29 92 31 7 12 64 98 14 54 75 38 37 53 39 36 94 66 85 79 20 57 48 59 84
65: 96 54 23 24 83 81 3 93 2 19 15 36 43 26 74 7 94 95 47 58 42 50 65 79 29 56 32 73 4
66: 45 70 9 16 6 99 80 18 78 77 7 73
67: 39 79 21 51 32 28 20 14 24 97 91
68: 67 23 50 97 85 88 10 35 75 55 38 65 58 62 41 37 46 4 33 59 31 28 56 48 51 76 40 32 71 25 19 61 98 96 89 49 26 69 63 57 6 78 68 60 93 13 18 7 94 80 36 87 24 14 3 43 53 72 12 54 84 81 1 34 74 44 45 83 77 99 92 90 22 8 5 15 47 100 21 82 91 30 52 79 29 2 64 16 73 86 27 95 66 42 70
69: 62 42 99 38 25 47 83 27 90 18 5 96
70: 11 72 94 4 51 62 26 32 58 30 59 66 2 44 71 69
71: 6 26 79 35 38 59 69 99 28 94 56 4 95 30 100 82 8 50 77 63 32 20 25 88 93 15 14 70 86 65 98 1 9 67 22 42 17 81 58 36 39 43 23 96 62 80 37 46 97 16 61 74 48 53 44 64 83 60 89 47 71 2 41 75 45 55 21 13 34 29 66 84 10 85 19 18 51 72 31 90 54 33 52 49 92 91 57 40 78 11
72: 85 99 79 82 20 12 52 89 64 69 100 2 92 71 83 72 43 13 77 56 31 97 61 33 65 40 26 70 62 74 23 29 1 42 14 57 59 84 7 32 21 45 88 10 76 94 27 47 17 93 67 24 19 36 9 39 58 98 60 35 6 51 18 63 3 81 25 86 37 11 55 53 38 91 4 41 5 30 49 54 90 96 66 44 15 46 68 28 48 87 80 95 78 16 22 8 34
73: 40 8 57 38 95 64 4 72 25 18 26 28 12 15 30 54 59 14 1 21
74: 40 83 54 59 68 98 100 12 17 58 57 64 33 95 26 37 53 27 44 78 66 9 77 3 52 24 28 51 84 70
75: 98 17 61 66 91 40 25 60 47 14 49 56 11
76: 72 17 38 86 12 55 62 48 24 100 5 16 21 34 31 33 96 76 83 36 40 45 95 60 52 9 80 32 10 51 89 6 3 75 8 29 41 99 27 64 14 93 56 35 63 94 11 53 85 66 67 30 22 82 65 79 20 39 43 88 91 2 18 1 71 97 57 23 46 49 59 69 84 87 19 77
77: 22 59 24
78: 93 4 5 77 24 30 49 100 25 91 44 75 37 33 51 98 64 7 32 14 3 13 41 34 53 43 84 18 69 46 60 50 16 71 81 88 72 45 99 92 19 76 42 78 47 35 94 21 90 48 68 82 23 22 59 11 9 57
79: 41 93 23 12 24 90 27 31 15 9 17 50 54 85 60 42 48 70 59 14 46 26 39 18 66 56 47 1 19 62 4 34 32 51 80 74 94 79 44 40 8 3 53 6 5 73 88 61 20 7 36 25
80: 28 68 81 39 53 56 92 62 86 79 8 29 44 19 32 6 24 33 7 98 38 22 85 3 50 90 82 75 23 99 78 13 12 2 9 71 31 84 96 21 73 60 52 10 48 20 65 58 63 64 18 74 94 54 69 93 72 59 97 89 15 27 77 88 43 37 4 91 42 34 67 100 87 46 16 55 14 66 51 35 61 83 45 26 57 70
81: 46 100 76 72 43 80 15 27 25 49 73 60 68 82 41 71 67 74 96 58 36 11 52 55 32 93 62 1 8 54 33 48 98 16 9 35 18 12 63 89 28 30 99 81 14 17 78 34 94 3 59 29 21 70 38 90 85 19 53 40 22 84 92 42 24 7 69 97 6 10 2 61 57 86 20 56 31 4 47 26 45 51 23 88 50 39 79 75 37 13
82: 15 20 40 28 37 25 27 88 69 93 46 36 68 84 64 23 89 63 62 79 16 78 58 7 100 31 94 13 41 49 9 70 19 33 75 42 18 66 86 26 3 99 34 55 61 39 5 11 74 87 8 47 81 95 4 96 53 92 59 38 44 6 52 85 45 14 2 71 65 24 12 35 54 43 1 22 29 91 30
83: 24
84: 62 85 70 51 1 10 98 20 69 68 11 28 72 32 89 84 9 40 100 60 14 34 57 17 36 7
85: 44 18 94 29 75 37 7 84 71 68 30 86 69 67 53 24 36 66 23 90 70 48 92 4 25 19 42 43 96 17 91 13 50 21 49 87
86: 33 49 76 25 24 68 26 82 36 22 97 27 63 50 89 74 54 42 86 64 44 55 3 1 31 53 62 37 71 10 8 9 15 72 28 66 77 59 96 11 69 12 47 95 58 80 6 81 85 52 100 30 21 56 4 41 84 38 92 75 98 23 99 61 43 14 17 93 91 90 67 65 78 83 57 29 19 40 34 20 60 87
87: 45 13 94 92 15 86 100 30 4 6 18 31 93 79 84 82 1 43 98 42 55 80 34 87 32 96 54 12 97 91 75 44 52 51 11 66 7 40 2 24 63 16 50 95 35 77 62 28 33 83 64 81 8 78 61 9 89 56 69 14 10 65 41 46 49 38 85 37 59 57 53 39 90 70 68 58 27 36 76 72 47 5 19 74 20
88: 33 73 50 10 15 47 39 65 96 23 6 36 97 7 78 43 16 2 19 48 1 61 76 67 87 42 93 69 80 81 62 13 21 45 4 89 60 51 40 52 99 55 84 64 8 14 88 95 32 9 46 72 3 63 74 29 54 70 28 37 17 25 86 18 30 26 49 83 31 27 11 34 77 85 71 57 53 92 22 35 91 58 41 100 12 66 59 98 56 38 82 20 24 94 75 79
89: 53 93 17 41 26 91 66 80 7 95 6 75 27 32 85 24 83 4 65 1 52 23 84 39 57 99 5 55 3 97 30 25 94 98 89 63 49 54 67 79 22 56 69 9 60 10 34 73 100 71 20 59 8 78 50 33 86 90 40 19 28 44 82 88 11 45 29 58 35 74 48 47 14 21 43
90: 1 81 30 100 11 12 91
91: 30 75 16 6 90 3 19 40 91 69 80 43 46 70 82 23 64 4 72 53 78 52 73 58 11 17 94 35 13
92: 87 78 59 57 60 96 27 43 40 29 17 94 50 63 25 31 48 93 71 2 86 69 72 45 100 8 41 90 23 35 65 55 6 68 46 10 62 66 97 89 54 19 24 34 95 84 76 37 7 75 3 1 36 4 73 56 26 99 38 49 64 21 79 67 18 74 92 53 91 44 82 15 14 98 32 12 11 20 39 85 58 47 42 9 28 22 77 33 16 52 30 81
93: 18 27 41 65 6 94 16 36 34 53 13 70 96 23 74 93 52 30 47 40 25 38 73 60 98 35 83 68 61 10 9 100 82 50 3 59 39 43 7 1 84 66 81 31 8 89 20 12 49 87 42 5 33 63 14 80 91 2 51 54 97 44 90 55 48 88 32 17 46 92 95 64 45 76 67 11 71 19 86 22 62
94: 14 4 35 97 100 11 78 82 28 37 49 90 6 12 62 80 19 10 22 69 44 26 79 47 23 60 29 2 55 89 15 81 1 57 63 48 75 34 16 66 36 68 42 86 52 85 27 50 13 54 83 41 91 73 56 24 87 31 77 53 45 95 88 21 33 99 67 58 92 93 20 96 43 30 7 39 40 51 61 98 9 25
95: 3 28 42
96: 26 66 88 70 51 58 49 18 78 98 50 37 99 4 71 55 1 2 41 6 74 32 35 93 94 9 11 64 23 38 56 25 12 44 65 69 87 60 73 82 17 52 8 7 90 86 84 79 21 80 75 53 47 31 67 61 59 45 14 13 16 39 72 46 83 24 81 15 68 43 42 28 34 40 63 48 27 96 36 95 77 29 22 76 62 85 92 89 57 3
97: 74 91 95 62 49 22 82 63 78 77 81 67 41 97 32 23 88 68 30 99 96 1 84 61 75 100 58 85 36 44 21 39 86 10 93 28 52 73 8 45 64 57 50 46 33 5 90 51 54 4 76 37 2 3 31 25 12 15 71 69 47 11 20 65 40 29 94 6 42 24 17 48 27 72 7 56 87 98 83 43 38 34 66
98: 8 40 64 93 98 14 94 48 70 24 66 69 88 17 35 34 7 85 55 47 43 67 86 39 33 79 44 2 16 71 90
99: 44 5 55 36 72 92 99 23 95 13 65 94 3 75 98 33 18 14 31
100: 57 14 68 36 24 42 31 2 79 66 4 6 33 21 13 26 49 50 12 15 81 61 55 7 83 54 91 85 84 76 72 5 8 70 56 44 65 88 10 30 34 23
1: (56 1) 54 (86 90 94) (21 61 31 89 25) (28 81) 59 38 (84 73 22 50) 15 (71 93) (68 55) 33 (88 13) 47 27 60 44 96 (14 26) (76 92 12) (10 82) (58 5) (72 37 2) 17 46 (19 18 3 34 79) 87 (51 11) (97 24)
2: (70 60) (61 58 13 2) 39 93 (97 14 31) 18 (88 100) (92 19 98) 82 (72 42 65) (56 1) (40 26 49 80) (68 25) (33 37) (50 21) 5 28 (87 76 43) 63 94 46 96 (24 81) 71 59 54
3: (82 86 25) 3 (68 18 63) (43 96 74 91 50 5 24) (76 20 54 60) 15 (2 44 81 92) (19 46 31 16) (14 21 72 12 41 89) (22 97) 26 95 55 (99 40 78 35) (17 37) (93 65) (80 88 79) 57
4: 39 (81 44 72) 60 (58 71 46 68) (19 31) 18 (78 21 80 54 7 88 47) (37 96 32) 82 (51 73) (38 79 92) 28 (55 12 33 85 91) 57 (94 100 15) 87 (41 63) (89 97) (5 62 25 35 70) (86 65) (22 2) (56 14) 50
5: 79 (26 99 44) 5 (45 93) 2 (100 76) 72 (38 39 7 68 22) 18 10 (87 23) (8 31 33) (82 47 49) (78 60 55 54 50) 63 46 89 (12 69) (48 16 3) 21 28 37 (97 25 34) 14 (58 15 1)
6: 66 (91 60 31) (100 17) 41 (46 5 33) (71 94 63 93) 51 (96 54 1) 81 (12 56 34 97 92 16) (37 80) (88 19) 43 87 (3 50 22) 26 (89 44) 23 76 (2 79 28 25 62) (7 61) (39 49) (14 29) 38 (82 21) 72 (68 42 4 86)
7: 78 (26 50 25) (79 2) (56 64) (12 94) 39 (22 3 82 92) 84 (14 44 96 34 60 66) 89 13 1 16 (49 98) 68 88 (17 27 15 28 72) (41 59 63 57 18) (87 55 97) 65 (80 100) 21 5 (93 52) (85 81 20)
8: 21 (76 56) 88 (25 57) 82 (29 14 60 73 52 31 1) (49 87 44 15 72) (17 50) (80 93 54 38) (92 46) (81 68 20 63) (97 27 3 33) (39 61 89) (13 100 5 96 2) (24 79 71 86 18 55 98 23 12) 28
9: 55 (60 23 79 72 46) 92 (81 1 13) 19 (40 86) (25 58) (41 28 61) (14 51) (16 93 43 22) (63 82) 74 (37 15) (87 76 80 39 2) (3 8 71) (21 17) 88 (89 5 96 42 33 94 12 66 54) 31 18 (84 78)
10: 13 (72 49 97 80 38 37 27 100) (94 50) (88 31) (44 71 92 42 23 52) (55 93 68 7 46) 76 (25 28) 39 (2 81 4) (87 58 89 19 84) 22 (60 54 24 86 5) 3 1 (18 15 63)
11: (94 42) (26 97) (63 20 39 3 2) (19 70 78) (87 24 47) 72 91 (7 18 92 86) (15 81 76 93 25 5) 55 (29 88) 21 (90 96) 89 (34 71 50) 44 (37 28 59) (41 1 82 84 12 58) (51 75 56) (60 38)
12: 55 (60 28 44 33) (31 1 88) 100 74 (72 87 49 96) 54 7 (40 39) 2 (92 73) 90 (10 93 59 37) 64 (68 56 94 19 51) (12 52 81) 23 (76 61) 9 18 (24 3) (47 82 50 5 79) (13 63) (97 86) (42 25) 34 14 80
13: 81 (58 39) 15 24 (87 3) (63 96 91) 18 (1 31 8 33) (28 78 54 80 82 94 52 85) (5 68 50 71) 100 (44 2) 20 (14 25 88 22 37 12) (99 19 17 34) 72 93
14: (54 100) 96 20 62 (67 75 5 29 33) (14 92 81) (44 72) 28 (68 86 64 55 73) 21 (71 26 17 47) (2 82 98) (50 76 3 25 59) (88 84) (37 18 87) 94 (63 39) (80 41 78 56) (46 22) 93 (31 99) 89 79
15: (88 56 2) (58 55 40 80 28 82 81 18 72) 73 (43 52 14) 61 (97 71 54 3) (15 5 96 7 34 79) (94 65) (92 12 23 31 68) 100 24 (26 25 63 86 87) (37 22 21)
16: (94 46 2) 37 33 78 (18 92 3 87) (14 55 68) 81 (66 76) (17 72 52) 50 44 82 (25 71 40 5 10 58) (49 80 62 11 27 31 91 1 12) 98 15 (26 63) (28 16) (24 42) 60 (54 19) (43 93 96 13 29) 88
17: (45 76 33 22 1) (92 75 28 91) (60 51 37 72 89) (16 74 86 13) 63 (7 44) (55 29) (54 84 18 2) 21 (79 96) (23 98 88 46 97 26) 50 85 3 5 (81 14) (25 93) 15 39 (38 71) (17 58) (56 24)
18: (68 17) 2 (63 73 50 69 37 79 58 44) (36 92 42 88 38) (78 93) 71 (99 21 5) (33 8 60) 85 (52 15 82 96 66 59) 14 (72 54 47 3 22) 80 (24 7) (87 39 46) (16 49 25 81 28 76 27)
19: 22 (54 1 80 82 94 78) (19 17 16) (56 68) 46 55 (87 76 13 24 91 40 49 51 26) (2 92 89 88 37 72 44 42 85 18 15 33) 5 7 (31 59) (79 58 43 3) 38 (28 65 93 12) (52 20 62 71 25 81 60 50) (63 86)
20: (46 63) 21 (57 11 60 64 94) (17 87 15) 93 (13 16 44) 72 54 (82 67 81) 25 50 (41 89 56 79 84) (47 1 58 59) 71 (86 55 2 37 80) (22 14 26 97 30) (92 18) (35 5 76) (19 88 52)
21: (46 49) 47 (44 63 43) (88 80 67 85) 96 (57 2 39) 50 (23 21 78) 18 (68 100 17) (22 25) (86 33 97 38) (45 3 40 5) 73 (1 76 60 89) (7 26 14 62 94) 71 12 (81 92 11 37) 54 (34 56 72)
22: 28 (2 96 12 50 71 63) 58 77 55 (25 20) (43 78) (81 15 22 8) 16 76 (80 11 42) 92 (72 24 46) 41 (38 82 21) 44 94 13 (17 54 35 26 19 68) 89 (86 93 97 31 88)
23: 94 (85 14 56 7) (51 52 23 37) 79 (47 17 28 80) (54 16) (26 91) 89 39 78 (18 55 59 97 81) (100 72 71) 60 31 (15 12) (76 1 93 25) (99 20 86 2 65 44) (88 96 5 40) (63 82 49) (68 92 50 46 3 33) 21
24: (50 18 56) (72 92) 82 (23 76) (80 78 67) (20 74) (97 37) (52 46) 13 61 (83 89 5) (87 26) (17 65 28 9) (54 22) 98 77 (86 38) (60 43 41) (42 85) 79 (96 88) (29 3 11) 27 44 49 (94 81 59 2) 25 (63 21 68) 100
25: (44 94) 31 (68 79) 21 (5 3 48 22 89 2) (88 72) 46 (69 11 25) (71 20 60) (18 14) (86 97) 82 (1 51) (63 75 93 73) (56 37) (52 28) 92 (7 61) 78 96 (35 26) (39 85 17 81 50 55)
26: 18 (27 73) (51 94 45 21 2 61) (44 1 47) 33 (88 72) (38 70) 39 96 (80 25) (92 74) (28 17 60) (50 65) (89 34 58 68) 56 63 (86 13 43 42 59) (15 14 11) (71 79 100 81) (40 37) (82 22 5 62)
27: (68 61 21) 39 80 (55 22) (79 54) (63 93 47 74) 15 (87 1 92 33) (19 88) (97 28 76) 42 (16 49) 81 (44 37 86 89) 7 (50 2 12 38 25) (34 53 40 41 69 14) 82 94 46 (3 20 18 96 13) 72 (60 17)
28: 11 (96 12) (43 97) (61 63 1 88) (31 24 3 26) (47 37) (18 59 41 55) 44 74 (48 52 72) (67 84) 89 (13 86) 8 (22 49) 2 95 (21 54 25 42) 71 (50 94 80) (68 33) (5 82 92 81) (38 28 56 17 87 62 73)
29: 65 18 (58 86 56) (72 71 47) (14 94) (5 31 46 76) (62 2) 17 96 88 60 (80 43 51 63 44) (92 82 97) 21 (64 12 26 41 25) (7 85 59) (50 19 81 68) (22 55) (89 24) 3 10
30: (20 14 28 91) 72 (31 68) 76 94 (1 92) (89 41) (61 46) (63 47 40 86) 58 (18 93 23 48) 25 (3 55 16) (85 44 49) 100 78 5 71 (22 21) 73 (26 11 97) 24 (70 81 2) (54 88) 87 (32 82) (90 50)
31: 80 (86 29) (14 38) (96 4 39) (97 16 2 92 64 24 44 45) 28 (63 68 41 50 18 43 71 94 25 72) (58 59 87 100) (17 54 51) (79 42 82 81 3) (52 60 88 22) 26 (40 32 99) 93 37 (1 76) 55
32: 4 58 88 60 (59 87 76) (72 37) 92 (24 93 44 38) 12 14 79 (89 8) 55 (50 70 40 42 63) (96 31) 35 78 71 20 (52 81 2) (46 56 3 84) 15 (7 1) 68 67 (25 21) 5 80 26 (45 65) (30 34 97) (28 33) 51 47
33: (27 44 80 55 74) 58 97 (68 5) 43 38 3 (86 81 31) 16 (25 93 19 63 51) (18 21 32 82) (13 92 89) (45 1) (60 76 39) (49 2) (94 42 71 10 59) (99 72 26 46 88) (54 17) 23 (22 87 28) (52 12 50) 33 (78 100) 98
34: (92 44) 80 (58 52) (34 71 42 68) 100 86 (98 84 55) 79 (5 76 50 63 82 93) (87 22 97 39) (11 15 96) 89 (81 20 38 49) (78 72 51) (3 56 37) (28 40 25) (61 2) (88 94) 13 (18 60 1)
35: 45 46 (88 60 80 18) (94 20 23 51) 52 33 (68 87 78) 37 (19 44 54 56 21 92 28) 49 (2 15) (22 91 82) (1 50 34) (55 25 93) (24 72 16 12 5) (96 81 57 89 98) (71 26) (63 76)
36: 97 31 (94 63) 65 25 (18 5 92 23 10) 64 22 (2 100) (76 71 47) 26 (58 93 87) 82 (13 84 81 46) (33 44) (21 28 99 72) (68 88 86 60 50) 79 (37 1 56 24 52) 54 (49 34 85 17 55 59 96 4 38) 12
37: (7 86) (55 25) (44 63) 1 (20 49 61 74 26 54 5 23 37 87 8 22) (92 62) 59 (72 94) (71 45 64 3 96) (43 80 88) (31 19) (85 78 28 50) 11 (81 51) 68 16 (97 82)
38: (17 40 48 16) 73 76 (93 26 22) 87 (96 69 3 18 82 81 72) 64 1 97 43 (20 62 10 23 50 71 41 60) 92 (68 61 12 21) (63 46 2) (54 34) (37 15) 52 (88 80 51 49) 56 (28 44) (86 25)
39: (7 63 37 92 14 89) (67 5 43 62) 72 82 28 31 45 (55 98 3) (44 25) (41 22 87 50 76) (12 93 38) (97 34 46 96 60) (94 81) 26 (79 58) 80 (47 71 88 23) 39 (61 21 64 2 29 20 24 17 15)
40: (54 82) 7 (22 47) (38 3 57 28) 76 (74 20 5) 93 (75 50) 51 92 (12 56 79 18 33) 24 (98 63) (49 46) 55 (25 89 34) 15 (94 52 21 81 87) (96 91 97) 2 86 (73 26 58) (60 37 72 45 71) (27 88) (1 84 68)
41: (55 53 10) (2 78 41) (93 47 43 81 42 61 79) (76 22 29 97 5) 46 20 (86 3) 59 82 31 (68 1 25) 38 18 (58 14 71 72 92 89) 17 (21 16 88 44 24) (50 63) 11 94 (54 96) (87 52 39)
42: (55 97) (82 61 92 96) (88 54 17) 39 21 37 (78 46 53 95 69 7) (72 35) (71 63 30 81) 94 49 65 (13 51) (85 47) (38 24) 19 (31 40 50) (42 93) (2 100) (25 22) (86 80 60 1) (87 23) 26 (18 68 5 43 79)
43: (3 60 13 5) (91 92) 82 55 (28 1 96 22) 14 (88 93 61 11 62 46) (89 80) (2 58 87) 65 31 86 (18 41) (6 26 20 23 12) (71 78 76) (17 81 94 19 97) 85 (7 25 54 63) (98 48) (50 72 47 68 37) (43 44) 15
44: (50 100 3 47 74 96) 43 (5 93 19) 87 89 (41 85 2) 28 (33 24) (72 63 86 68 31) 99 13 (78 22) (97 70 37 25) 26 (92 98) (82 12 17 54) 18 71 44 (51 94 79 46) 49 80
45: 15 (37 19) (47 46 38 76) (25 71 17) (20 52 97) 93 39 (33 59) 31 (72 22 50) (16 78 94 82 81) 5 (28 87 56 44) 18 (1 54 7) 49 (2 55 88) (96 58 63) (60 89 45 92) 62 (68 21 80 66 12 14)
46: (7 63 93 28 25) (22 78) (54 17) 72 76 (79 87 27) (23 52 49 50) (34 71 41) 68 (1 92 80 55) 42 18 (61 15 81 26 88 14) (82 91) (2 97 37) (44 39 13 56 46 96)
47: 58 18 (46 15) (41 65 25) (31 86) (81 69) (89 94) 56 (28 33) (48 87) (5 63 45 16) (75 82) 78 (50 96 42) 26 (98 17 44) 88 (2 72 55 92 68 79 38 97 71) (23 49 1) (93 37)
48: (88 71) (81 50 63) (25 14) (64 43) 4 (58 98) (44 46) (97 96) 60 (22 1 21) (18 38 37 68 79 92 89 76 12) 93 (3 78 49) 80 (19 94 85 2) 40 72 (5 52 28 53 59 39 31) 23
49: (51 12) 39 (59 1 3 13 2 97 60 44 75) 52 (88 16 86) 26 (50 49 92) (20 57) (41 87 15 48 100 14) 56 25 (93 81 46) (47 62 58 96 94) (63 82 71 31) 38 (76 22 85 89 54 72) 28 (68 37) (18 78) 5
50: 39 (1 85 93 46) 100 (28 17) (31 14 87) 56 (63 42) (25 81 68 49 54 65) (41 57 20 15 59) (80 37 22 34) 3 5 (88 97 96 62) (92 71 23) (18 78) (24 47 86 89 60 79) (2 48 58) 61 (12 94)
51: (78 80) (79 96) (41 68 81 18) 60 24 (62 94) 47 (87 22 70) (52 58) 55 67 (14 93 44) 54 (15 42) 50 (63 3 26 49 17) (33 46 25 61 74 13) (37 8 97 7) (5 28 71) 2 (88 76 72 84)
52: 74 (20 91) (18 82 45 14 50 32 71 23 97 3) (89 63) (72 28 54) (93 1 56 39) 5 25 (61 81 2) (22 12 80 49 59 92 94) (16 37 51) 60 86 34 (88 15 55 33 26 31 76 68 7 46 30 96) 43 87
53: (71 43 62 18) 91 (96 48 51) 72 78 64 (2 28 16) 68 (94 50) 42 82 (20 41 63 12 33) 85 (22 31) 89 (13 86 47) (34 14 37 40 5 88 57) (1 87 93) 38 (80 54 21 24) 7 76 (25 49 81 61) (60 26 92) (74 17) (44 46 79 19)
54: (55 100) 52 (64 56) 93 62 61 86 (38 72) (65 4) (2 21 92) 71 (81 88 82) (3 42 74) (18 87) 63 5 41 (48 25) (50 31 39 22 58 80) (68 26 11 46) (40 73) 33 (16 89) 54 (79 97) (43 17) 94 (15 37 28) (20 44 19)
55: 13 50 88 (80 17 59) 3 (81 49) (94 71) 100 44 (42 60 68) (46 86 5) (28 39 1 93 82 20 47 37) (58 72 22 98 76 21) (54 92) 41 (63 2) 96 87 (18 89) (15 7) (99 25 31)
56: (86 89 22 3) (33 2 94 48 65) 75 (71 42 5 40) (87 49) (45 31 59) (81 63 79 88) (23 61) (72 47 25 46 97 37) 55 (28 50) (96 92 15 56 76 60 18) (80 68 100) 54 14
57: (28 46) 80 (68 11) 71 47 12 37 (16 17 92 19) (54 5 64 49 63) 45 (20 94 88 2 97 60 50) 89 84 (81 55 31) (44 7 10) (76 78 3) (39 4 25 14) (72 87) (42 73 96) 56 (18 74 86 100 27)
58: (33 68 49 10 89 26 72) (52 3 37 94 35 80 34 92 28 96 54 51) (88 60 63 87 18) (17 15) (50 70 13 91) 97 25 (82 57) 12 (56 47 45 5) 44 (55 22 7) 24 71 (74 62) (21 61 86 65 81) (2 42)
59: 74 (76 16 82 55) 37 (86 70) 88 25 92 12 (18 68 54 31) (2 20 8 22 89) (80 1 57 56 73) 34 (40 46 81) (77 96 33) (50 5 87) 13 (60 59 44) 71 28 (47 93 64) 15 (26 72 79) 63 (23 78)
60: 47 (80 84 2 20 60) (86 72 75 79 96 56 1 16 28 37) (53 19 88 78) 44 71 54 58 (33 22) 26 94 (93 21 24 25) (76 42 81 29 11 46 68 13 31) (43 89) (18 92) (3 49) 63
61: (49 5 94 14 47 12) 79 41 (55 63 96) (50 71 80 56) 31 16 (62 72 28 81) (42 58) (54 87) (68 82 44) 39 (100 46) (22 40 2 3 19) 93 (25 15) 17 18 59 (97 52) (88 37) 75 (60 86)
62: (39 72 25) 97 88 (10 70) 21 (69 86 24) (37 94 38 22) 49 55 (61 96) (76 41 13) 14 (50 68) (92 59) (58 47 60 17) (54 5) (57 81 84 12 93) (82 31) 33 46 71 (23 32 8 63) 80 (44 3 28 79) (18 87 11)
63: 86 (93 97) (28 2) (56 71 76) (13 37) (22 94 80 8 72 33) (82 5 1 58 63) (43 18) 52 (21 46) 60 (89 51 96 47) (87 12 55) 92 (16 44) (81 50 68 25) (88 31)
64: (25 49 47) 56 (92 3 7 12) (24 17) 74 31 (26 18) (22 46 45) (63 91 54) (82 55 41) 80 43 1 15 59 (97 14) 60 (58 72 86 87 71 68 61) (64 96) 50 (28 5) (2 76) 78 (88 93) 38 73 98
65: (60 45) 25 (50 96 22 93 28 56 12 20 3) 72 44 33 (31 87 88 18 63) (100 92 40) (86 37 80 97 68 14 89 26 2 46 54) 71 49 65 (42 76 82) 99 58 (19 5)
66: (38 1) (63 23 18) (50 92 49 44 10) 58 (46 25) 14 (27 61) (75 19 41) (3 60) (21 97 64) (28 55 24) (40 26 79 70 2 39 17 13 20) 100 (87 85 52) 37 5 (96 54 72 71) 16 98 74 (34 68 86 76) (31 82) (94 80) (88 89 43 93)
67: (52 42 4 5) 24 (89 17 88 68 21 44 34) 19 33 (50 15 2) 18 41 (55 85 93) (92 31 97 49 40 47 86 25) (1 94 63 98) (59 39 20) (76 28) 54 (80 46) 72 (96 37) (7 81 71) 22
68: 28 (5 78) (92 93) 68 (74 12 61 100 17) (63 20 72 97 25) (55 15) (81 49 87) (96 85 40 82) (42 13) 1 60 26 59 19 (3 44) 50 (84 54) 86 38 21 (2 22) 47 33 80 45 18 94
69: (25 18) (96 51) (89 87 21) 97 62 (22 33) 23 (63 37 26) (35 88) 94 52 (85 39 5) (2 71 43) (55 40) (56 81 80) (3 72 98 31 70 76) (14 27 44) (20 1) 84 (91 92 28) (68 41 46 16 82) (7 86 50 38 78 12)
70: (27 63) (59 96) (50 19 5 28) (51 3) 100 (82 85 26 98 81 15 2 68) (39 80) (54 93 1) 87 (91 47 72 56) (88 18) 37 13 (84 33 71 44) (25 79) (12 66 38) (74 55) (49 7 58) (22 60 11)
71: 25 (62 51) (72 68 14) 93 97 (46 26) (43 41 81) (86 71 80) 78 54 (28 88 20 50) 18 85 (59 56) (61 55 2 37) 89 (21 96 49 16 63 12 58) (31 98 82) (44 76) (70 92)
72: 63 73 25 14 (91 84 47 39 22 68) (78 92) (5 23 72 86 71 97 44 87 21 17) (88 37 55 81 58) (80 61) 7 (16 49 50) (36 6) (40 3 100) (96 12) 76 (2 99 56) (48 28 15) 31 (38 70 51 35)
73: 91 (18 92 97 17 50 12) 26 79 (68 21 55) 3 (59 80) (5 2) (58 28 39 44) (66 45) (63 88 65 60) 48 (96 19) (20 93 13) 33 89 81 (62 49 37) (38 14) (25 54 94 46) 22
74: (1 49) 59 80 (14 22 3 71 40 25) 56 (63 24 2 68) 79 97 (37 23 5) (87 50) (60 93 18 16 86 88 61 42 26) (17 27 38) 89 (81 51 46) (96 44 28) 48 (82 92) 65 58 72
75: (22 3 49 33) 34 (80 16 28 15) (46 89 86) (18 92 97 42) (56 78 99 50 94) 44 (64 63) (68 88 2 76 40 45) (39 20 27 41 81) 96 87 (51 60 62 5 1 11 14) 85 (25 12) (71 82 47) 91 54
76: 1 (24 63 3 59 49 93 17 22 76) 40 38 (86 44) (26 97 68 8 21 31) 14 34 35 (96 37) (46 92 54) 10 (81 88 48 13) (18 43) 87 39 (25 100 72 78) 2 (50 5) 19 16 (11 28)
77: 42 (63 88 61) (55 97) 17 (72 51) (18 74 20 1 94 68 49 7) 2 (96 31) (60 80 50) (87 3) (92 14 66 12 28 25 21 86 78) 5 22 71 24 (76 32) 47 (37 15) 13
78: (22 27 28) (86 68 92) (14 23) (25 63) 88 (96 91 37 51 38 74) (97 21) 39 (71 82 45) 33 46 50 (5 44) 2 80 (72 87) 81 (15 60 54 66 49) (3 58) (11 94 59 89 78)
79: (67 65 37) (80 2) 46 (12 22 76 58) (87 71 26 35) (63 100 18) (94 28 59) 21 (72 89 43 55 15 42) (14 82) 50 92 (31 25 60 45) (44 39 38) 81 68 (79 98 96 20 88) (64 36)
80: 96 94 56 (55 91) 15 (76 44 53) (51 68 19) 22 (43 5) (37 25 50 20 16 23 18) (72 14 21) 7 (28 17 87) 2 (79 1) (88 59) (38 89) (41 81) 33 (66 71 40 49 86) (3 39) 58 (24 10) 63 93
81: 23 40 68 72 93 (14 22 78 7 81 71 97 13 21) (56 25 48) (87 4 41 88) (60 2 39 20 61) (31 96 3 80 18) 44 (92 86 16 10 82) (63 5) (34 50 15 19 12) 26 1 (100 46 43 94 58 28) 90 65
82: (87 78 38) (3 97 60) (44 49) 86 (71 62 20 5 91 16) (1 96 54 37) (28 23) (22 33) (2 25) (88 12 8 57) (41 80 50 34 26 81 46 93 89 47 76) 40 (92 19 15) 43 72 58 (63 55 59 94) (68 21 18)
83: (5 49) 61 (18 63 93 43 41 20) (28 38 25 97 80 86 46 58) 68 (100 74) (69 26 50) 54 (59 76) (65 88 3 55 17 15) (89 1 87 71) 34 13 (2 44 94 72) (96 39 37 14 24) (40 60) 31
84: 23 60 (21 40 18 72) (80 1 17 37) 96 (64 59) 85 (100 12 50) (10 25) 84 (74 3 82) (38 63) 35 (86 76 89 71 46 78 92) (22 20 2) 57 (52 87) 81 13 (47 93 54 97) 5 (88 44) (14 26 68) 28 (19 8 41)
85: (15 20) (76 2 32 33) 42 (28 44 87 94 26) (46 63 50 14 1) 84 97 (68 60) 52 (72 5) 47 (79 16) (54 81 92) (80 71) (6 43) (18 98 27 40 89 96) (86 82 23) 25 19 (59 58 100 64 88 41 57)
86: (96 93) 94 (14 55 92) (5 29 1 19 17 43 68 58 85 87 89 46 44 2 82 31 80) (50 8) (37 60 88 18) (53 54 71 72) (3 81 86 49 15 63) (25 97) 26 (76 47 12 20 22) 98 (7 28)
87: 28 (49 33 82) 46 76 (86 31) (44 17 21 93 40 16) 1 (14 15 97) (58 19 42 22) 4 20 (39 87) (5 63 54) 92 (72 2) 18 94 (85 13 80) (38 50 43 51 55) 57 96 25 41 68 88
88: (38 76 97) (56 25 88 51 47) (7 80 52) (68 100 22 15) (28 1 71 17) 42 (19 46) 26 (63 98) (44 60 21) (14 79) (33 2) 72 (34 81 31) (78 18 54) 96 82 (94 13 89 55) (93 49 37 20)
89: 21 5 (48 86 39 94 25) 27 (88 11) (44 7) 13 (92 89) (20 72 96 3) 38 47 (19 63 23) (45 50 93) (26 33) 61 (43 68) 40 (56 84 60 14 31 87 81 17) (59 18 82 80 22 37) (71 76 16 1 54 41 2)
90: (1 18) (81 69 92) (85 37) (44 14 86 24 22) (89 34 26) 41 (97 2 63 96) (93 55) (80 72 5) (54 61 50) (11 46) (39 30) (3 87) (21 98) (20 94 58) 71 (56 68) (49 79) 47 (33 12) (60 28 91 25) 52 (78 16)
91: (100 72) (41 11) (78 3 82 93 94 67 44 12) (86 33) 91 (5 42) (76 21) (23 90) (15 45 37) (46 85) 61 (89 31 87 51 13 14) 88 50 16 (2 75) (18 60) (59 63) (68 28) (22 17 80) 55 25 97 (71 38) 54 (92 39 43)
92: (37 3) (28 87) (49 19 78 1) 47 62 (92 99 85 38 7 22) 31 (23 86) 55 (93 59 25) (2 34) 68 21 (94 71 88) 64 18 44 12 8 (82 63 96) (50 45) 80 72 (81 61 40 43 58 54)
93: (42 72 98) (94 59) (25 18) (37 41 68) (87 96 79) 13 (23 1 5) (89 81 63) (3 82 88 65 17) 38 8 (15 28 43 93) (58 21) (22 44 40) (78 86) (11 16) (14 55 60 92) (49 4 2 61 97) (80 71) (76 50) (54 26)
94: 18 (63 58 64) (38 92) 5 52 (28 56 81) (98 72 68 44 27 99 96) (54 71 79) (14 59 97 24) 39 (88 50) 1 49 82 (76 40) (51 26) 31 70 (15 37) 91 (85 22) (65 78 93 89) 21 25 (87 19) (23 80 2) 42
95: 38 (63 86 76 22) 12 44 (27 42 96) 97 88 18 (93 19 89 53 25) 46 5 (50 7 73 94 33 29 11 14 37 10 71) (39 87 92) 2 (28 72 54) (51 74 31 99) 24 20 (82 52) 15 (56 3) 40 (26 65) 68 21 34
96: (26 3 24) 1 (28 19 92 25) 88 (21 86 31 55) 97 69 (81 40 80) 2 (37 20) (45 46 68 38 76 71 82 11 61 42 15 44) 94 58 56 (63 93) 5 54 65 14 (47 62) (33 60) 72 50 (8 85) (96 87) 22
97: (34 80) (28 3 21) 87 (22 88) (72 56) (93 19) 49 (37 94 23) (92 25) (7 54) (20 2) (50 31 18) (13 42 24) (40 52 15 67) (55 44) (71 26 5) 97 33 60 86 (81 89 68) 17 63 (76 12 46)
98: 18 97 (89 80 63 54) (43 38 71) (59 94 31 39 81 25) (55 92) (46 50 26 78 5) 88 93 99 (33 52 72) (75 68 21 2 56 98 34 19) 10 (37 20 86) (17 28) 74 15 (12 87) (84 64 44) (96 16)
99: (16 15 2) 81 (76 97) (78 12) (5 99 40 88 49 18 71 69) 50 (27 38 56 82) (33 72 94 37 66 39 28 22) 3 25 20 (31 96) 4 (92 44 60) 68 89 80 (46 86) (1 52 21)
100: (2 80 31 14 72 12 42) 51 (20 61 87 49 41) 3 (7 23 78) (22 97) 94 84 (92 15 21 19 25 39) (93 46) (90 68) 17 1 (63 28 24 76 86 60) (82 38) (58 71 5 52 54 56) (74 26) (89 44 88 81)
