100 100
1: 70 32 51 15 28 91 53 13 10 82 95 38 61 62 66 40 65 87 29 26 2 34 14 56 50 83 77 42 16 74 25 39 47 45 27 46 33 7 86 84 97 63 12 6 55 52 3 20 8 58 89
2: 92 2 17 74 49 35 96 41 95 54 81 87 9 40 33 27 65 64 44 58 42 61 11 19 86 83 93 100 98 32 85 53 67 39 30 76 88 84 1 21 28 80 70 10 36 24 68 50 78 57 43 20 97 6 71 13 46 55 56 5 37 99 29 77 72 25 15 59 45 38 63 23 18 82 4 7 34 79 62 22 47 73 14 89 16 12 90 66 75 69 8
3: 60 27 5 9 29 98 31 78 2 46 61 70 30 81 99 1 47 26 69 41 8 58 84 93 89 17 66 16 43 28 39 48 19 85 11 73 67 40 72 15 44 53 32 94 80 76 21 45 68 36 63 79 35 23 96 55
4: 84 67 34 74 37 16 8 56 87 57 12 38 33 70 83 82 97 3 35 94 32 58 21 60 10 90 80 27 91 96 25 15 39 9 5 47 85 45 22 18 52 64 75 42 6 66 88 23 54 30 72 63 51 89 2 55 7
5: 96 97 29
6: 69 82 65 81 89 85 14 13 47 84 70 44 52 23 19 54 26 87 94 93 38 60 96 8 2 18 75 80 35 1 39 29 4 86 55 66 45 67 46 43 9 20 61
7: 56 33 2 90 49 4 67 84 55 39 11 99 12 21 36 14 63 44 23 10 94 30 89 88 13 15 59 29 26 43 27 17 3 18 25 100 92 24 73
8: 85
9: 86 34 15 19 54 30 46 89 98 3 28 62 75 38 68 31 17 6 95 18 50 39 35 40 79 42 36 80 71 23 14 92 10 44 5 65 91 73 97 49 85 26 7 67 96 56 37 84 27 45 83 61 64 21 9 51 55 78 72 100 53 52 66 60 69 57 90 81 43 22 29 88 63 20
10: 55 96 15 49 34 58 25 82 84 5 17 38 6 88 1 33 14 74 40 86 46 51 89 21 41 98 69 42 61 79 65 92 43 73 94 18
11: 63 9 67 52
12: 47 71 89 16 15 7 23 72 69 39 25 17 43 13 38 92 8 21 99 65 68 20 48 30 18 62 45 94 44 34 78 100 95 66 24 27 5 28 74 83 42 9 40 12 31 61 86 90 91 53 49 87 93 6 33 55 35 19 85 2 26 4 52 97 3 32 67 73 58 79 80
13: 68 9 52 82 24 16 64 15 48 1 5 44 30 65 32 12 83 93 73 42 58 91 80 81 46 4 60 10 7 99 75 33 36 94 19 56 29 87 47 89 49 77 55 84 11 57 69 21 63 50 70 8 66 51 71 61 39 90 3 85 26 86 20 95 54 28 97 53 67 100 23 62 18 45 25 76 43 72 34 92 78 59 31 27 17 35 22 96
14: 73 47 65 16 10 40 30 60 97 99 51 93 24 74 62 95 3 12 13 86 68 4 48 22 5 28 18 20 89 88 92 6 19 57 33 71 54 80 50 8 43 75 67 23 52 98 35 53 87 44 17 38
15: 56 42 17 39 45 48 76 81 23 75 20 6 69 60 84 83 91 18 71 100 26 95 63 37 14 93 62 86 89 30 44 11 29 47 72 87 12 16 96 73 3 77 51 7 58 66 54 46 38 61 33 53 1 55 80 67 9 50 10 27 85 34 74 82 22 94 4 31 98 24 65 64 49 28 43 21 41 97 92 19 68 36 25 15 59 13 5 40
16: 89 84 54 40 60 88 5 12 67 86 81 28 82 52 46 35 6 98 32 75 92 61 96 25 15 10 50 16 39 11 24 14 100 69 77 91 97 62 21 19
17: 46 72 74 39 38 9 81 45 35 2 75 31 53 94 88 66 42 79 28
18: 15 47 32 54 7 92 14 18 5 39 77 11 40 67 41 43 85 20 2 62 49 75 4 60 27 25 70 96 88 56 100 52 9 95 53 65 61 57 33 63 93 69 13
19: 81 52 8 43 86 6 32 25 67 94 50 71 4 17 40 74 41 10 72 51 23 96 87 16 29 60 100 45 14 20 62 80 73 2 58 66 5 19 69 93 83 37 38 85 98 48 63 26 18 68 24 77 9 56 34 61 70 55 78 47 89 53 35 27 36 39 21 88 76 92 3 46 33 57 91 12 15 75 30 22 49 84 31 7 79
20: 3 28 36 4 19 95 50 30 63 9 86 15 74 58 96 37 18 72 81 64 33 87 8 40 2 47 49 59 7 61 51 53 79 55 83 93 60 98 92 48 52 71 12 32 67 26
21: 37 18 93 65 20 68 81 2 17 64 91 32 59 21 52 11 22 13 45 58 40 90 92 80 24 4 26 12 9 57 63 62 56 46 14 49 87 27 31 44 38 51 5 84 66 1 79 98 77 75 60 61 99 42 55 88 35 76 89 70 73 16 94 97 28 74 54 34 78 72 48 85 36 41 8 23 15 7 100 96 67 29 30 3 82 47 33 83 19
22: 42 74 99 58 14 59 26 90 83 31 97 43 44 49 5 12 50 92 19 46 60 8 47 69 11 52 70 17 67 65 80 82 18 35
23: 59 67 28 68 44 98 51 9 29 1 45 81 92 12 48 32 70 100 4 8 42 10 88 36 83 91 58 82 72 73 63 3 61 52 30 80 47 38 55 66 60 16 11 23 96 15 54 13 35 64 31 87 53 18 14 39 33 90 77 21 26 46 40 62 95 56 75 85 86 25 89 50 78 57 20 5 24 97 22 2 49 94 71
24: 60 76
25: 92 70 91 2 60 34 47 64 4 24 51 95 76 81 21 93 46 45 39 55 63 37 18 57 7 87 9 99 96 27 79 36 78 48 80 33 94 74 59 73 5 86 13 88 52 98 66 58 30 67 23 1 35 15 6 31 71 84 69 72 43 19 90 42 82 22 97 11 41 29 56 77 83 100 28 85 16 50 65 26 25 40 44 89 49 62 53 14 12 3 10
26: 97 88 59 4 3 76 34 82 99 94 69 7 8 98 90 19 46 70 2 60 43 71 86 11 33
27: 35 6 42 87 68 20 81 22 2 37 97 64 94 3 26 58 36 55 46 59 90 63 57 99 38 100 60 1 61 31 71 16 85 79 41 33 76 28 83 50 18 5 23 66 48 84 24 91 96 32 77 21 43 7 56 8 10 25 51 78 15 70 49
28: 74 67 15 83 84 59 89 76 33 21 50 25 20 39 12 26 6 90 81 56 88 69 54 80 28 23 35 41 100 16 13 24 11 95 42 82 58 92 53 70 40 68 18 65 36 2 78 19 29 55 3 62 44 77 85 1 45 93 5 52 61 73 91 38 66 75 60 96 63 22 4
29: 64 85 21 52 54 29 78 65 49 75 28 27 48 53 96 4 67 90 71 47 35 69 16 45 97 31 82 80 43 10 72 66 93
30: 20 85 30 94 52 79 28 73 50 99 40 54 66 69 5 93 80 43 2 51 63 68 77 38 95 44 21 49 1 3 56 35 27 78 4 12 29 89 8 100 58 59 45 82 61 48 57 64 97 46 25 7 62 16 36 18 86 83 67 42 11 9 22 17
31: 11 56 17 8 3 39 79 89 90 83 15 9 10 74 7
32: 89 100 11 98 78 54 23 15 2 68 77 41 40 72 33
33: 42 27 60 97 75 68 66 79 6 20 48 23 56 40 19 58 15 81 16 57 59 49 88 54 14 69 37 98 21 2 34 36 33 70 10 95 30 77 65 85 50 64 11 44 4 41 71 91 99 3 74 18 52 63 47 61 82 43 86 55 1 67 73 84 80 29 28 35
34: 79 12 33 20 76 73 60 56 44 82 14 30 47 18 23 98 75 74 26 17 70 86 90 43 21 36 85 22 61 99 13 68 97 88 77
35: 65 85 15 33 83 91 77 94 100 36 87 78 72 90 54 92 39 2 88 86 1 50 75 73 19 70 49 96 24 58 93 16 99 76 35 4 8 44 12 57 79 46 67 64 81 48 53 10 56 95 17 98 43 60 31 32 30 71 9 27 26 6 80 21 40 37 68 45 47 62 82 23 20 41 84 25 51 63 52 97 59 7 55 28 18 13 34 5
36: 45 60 38 73 95 35 81 66 62 9 49 86 69 8 56 40 11 48 44 88 15 30 43 28 84 55 90 75 64 21 54 12 93 4 18 34 10 80 22 7 58 70 46 6 2 29 92 33 50 99 16 26 59 97 68 23 82 71 37 24 1 41 19 67 53 61 76 25 5 96 51 17 79 32 39 57 100 3 91 65 83 31 87 52
37: 89 33 65 86 55 9 61 21 60 62 10 71 51 58 78 88 54 57 69 13 19 79 83 84 73 92 44 94 28 6 40 81 8 38 49 47 7 59 98 48 15 80 74 75 37 35 27 34 5 68 45 90 82 70 31 77 17 46 85 56 96 93 12 39 4 95 25 52 42 100 2 3
38: 67 97
39: 12 83 52 32 99 4 43 98 1 100 91 50 93 27 85 74 39 20 81 35 66 62 51 36 78 21 6 41 86 47 54 11 34 92 15 94 29 59 60 49 69 82 19 58 95 31
40: 73 44
41: 80 63 5 90 84 19 46 8 97 27 55 14 95 60 32 70 20 75 31 26 6 25 83 93 79 71 53 9 12 85 49 73 21 16 22 66 54 76 61 2 41 10 17 18 33 77 51 42 91 36 50 4 89 72 78 87 11 62 35 86 7 74 94
42: 51 44 5 68 47 53 62 76
43: 15 11 87 39 86 93 67 37 13 49 96 52 94 2 3 81 1 92 75 99 71 30 60 84 12 17 31 43 14 76 97 78 69 56 33 36 9 38 88 77 27 47 25 22 42 66 34 44 54 24 62 68 7 8 26 21 64 40 57 65 73 61 98 53
44: 45 19 39 44 3 36 6 90 77 24 25 8 59 57 86 13 7 35 80 76 32 97 43 48 54 28 63 27 51 74 42 22 14 29 55 1 81 30 94 20 100 41 78 69 82 37 15 11 18 62 68 84
45: 73 52 41 99 43 71 55 32 24 69 74 93 50 84 19 29 22 58 77 90 15 80 94 60 11 9 42 7
46: 12 46 68 6 2 61 92 14 32 64 5 56 72 13 74 22 86 25 44 24 78 70 96 52 69 62 71 79 90 73 60
47: 24 84 2 95 18 32 67 80 71 41 62 42 92 61 14 88 22 65 83 94 91 77 47 53 7 35 87 100 20 36 52 63 56 49 44 76 64 81 11 23 39 38 66 6 17 73 48 51 55 28 70 96 25 79 13 98 82 19 59 89 37 50 1 9
48: 73 96 52 6 61 21 86 24 92 44 57 56 72 45 32 63 80 85 94 4 46 74 18 100 64 99 93 89 40 65 66 87 78 58 83 5 7 19 51 3 38 55 88 26 98 29 70 43 95 42 47 2 9 10 20 33
49: 7 64 14 30 28 70 29 93 9 90 72 11 3 95 6 66 15 89 1 43 5 55 37 99 60 38
50: 26 37 76 16 9 66 21 15 22 19 68 6 33 11 60 59 39 13 69 97 74 44 82 28 31 89 4 18 32 41 86 58 42 27 90 53 29 95 93 46 62 2 30 65 8 81 35 14 48 64 36 47 80 38 85 63 7 10 96 88 72 75 52 45 73 98 83 57 84 43 25 77 34 20 100 56 24 23 54 17 71 79 12 55 94 70 92 78 61 1 91 67 99 51 87 5 40
51: 4 89 64 10 83 100 30 46 24 25 74 85 42 80 98 69 76 15 91 94 19 7 93 79 3 68 49 97 41 26 73 6 75 99 40 34 52 2 88 70 39 17 21 58 1 32 36 33 13 31 11 44 71 12 81 66 9 50 48 84 18 5 43 65 90 60 37 47 45 38 51 28 35 20 55 82 8 62 67 23 72 14 63 86 95
52: 42 13 20 60 22 86 31 40 33 97 8 35 48 17 12 24 74 99 36 25 54 68 15 92 64 38 96 26 39 21 53 72 41 44 75 84 57 98 93 34 4 80 76 7 52 43 100 37 5 56 89 2 65 9 94 55 90 29 71 1 79 59 85 73 63 10 50 51 16 66 81 28 3 91 11
53: 75 11 1 68 4 34 47 100 23 42 33 84 72
54: 63 66 29 20 71 27 13 59 33 23 47 14 89 86 99 7 55 10 43 51 4 17 40 44 96 69 68 77 12 76 54 61 34 98 97 84 67 19 75 95 72 22 53 48 73 2 41 6 91 28 78 94 9 45 1 65 87 92 80 56 88 57 60 46 31 5 85 42 52 90 35 79 8 70 62 32 93 58 11 16
55: 14 5 62 98 22 61 80 32 88 45 25 15 95 72 96 66 87 8 13 9 78 48 49 69 60 37 52 68 36 77 23 12 34 92 35 63 86 43 50 2 84 91 7 67 94 100 21 31 47 24 56 76 18 17 89 74 27 38 46 10 44 42 19 30
56: 31 64 44 100 19 40 92 46 24 2 7 28 65 20 79 37 69 76 42 94 35 74 75 36 78 51 9 10 59 27 82 61 41 11 14 97 17 15 71 52 66 1 99 55 90 57 5 6 98 32 23 30 50 85 3 56 81 21 67 93 39 70 47 12 80 84 48 26 18 87
57: 45 59 7 98 51 21 34 19 99 4 35 53 20 71 23 15 60 62 70 75 67 27 50 36
58: 51 31 4 62 2 91 83 84 68 6 63 14 70 92 88 58 36 26 21 15 86 95 13 97 72 82 42 3 1 76 33 10 55 45 56 59 47 12 19 44 8 25 53 5 66 24 16 60 28 80 27 61 20 37 46 50 57 87
59: 91 39 75 37 81 7 4 66 40 84 20 32 87 27 77 99 72 23 45 88 73 95 83 69 71 35 76 48 21 17 24 15 14 98 50 10 74 2 86 92 44 78 79 12 64 96 53 19 18 93 51 80 1 82 33 58 55 41 29 47 11 59 65 26 5 46 62 97 9 94 16 36 38 25 67 49 89 70 3 30 100 57 43 60 28 63 6 31 34 54 13 52 68 42 8 90 22 61 85 56
60: 82 1 33 53 88 20 31 57 54 52 48 83 60 67 90 11 50 76 42 3 47 98 15 85 10 25 59 73 41 12 84 24 23 2 14 71 7 89 46 36 75 22 32 95 81 68 9 78 16 70 38 56 43 29 77 93 5 58 26 35 4 86 39 80 17 72 69 55 8 74 96 28 61 13 65 21 66 19
61: 45 85 35 92 70 37 46 44 30 32 48 7 12 14 84 47 90 28 40 98 52 19 9 41 49 54 1 43 18 69 61 23 71 82 21 42 89 78 24 27 100 6 53 93 26 56 55 99 59 83 81 5 95 4 97 66 86 72 31 74 39 34 16 10 51 80 79 64 25 88 73 87 62 91 13 60 36 65 38 3 94 20 68 63 17 96 33 77 15 58 29 75 57 67
62: 64 75 81 57 46 60 29 67 55 95 44 71 59 69 15 72 6 79 8 51 76 42 89 24 13 83 25 98 48 34 37 31 87 94 27 11 30 77 63 92 56 53 58 3 7 68 52 80 65 19 26 99 4 9 35 62 88 70 43 5 39 20 2 78 47 86 12 90 28 45 32 91 49
63: 47 44 37 56 48 51 15 50 16 93 3 65 88 42 21 34 17 58 76 29 94 81 13 6 78 82 28 72 66 40 97 9 73 2 49 84 70 90
64: 69 42 48 37 39 61 20 22 65 26
65: 57 24 44 11 74 21 1 76 93 66 2 87 36 51 89 78 43 39 61 91 38 80 86 41 6 55 8 62 30 5 99 64 9 68 83 71 79 10 63 34 58 73 32 75 70 60 52 29 82 42 84 14 17 88 33 81 54 98 47 49 7 77 65 15 72 45 53 67 25 95 100 12 69 97 18 90 22 35 37 20 59 96 16 23 56 31 94 50 28 85 13 40 48 4
66: 92 64 58 67 69 98 32 15
67: 6 65 77 75 90 25 86 72 17 14 64 91 26 29 67 49 66 69 54 43 92 30 13 12 71 45 99 41 73 32 50 87 31 96 84 74 40 93 51 44 33 34 63 81 60 89 5 16 78 4 62 95 18 35 15 42 20 47 24 10 55 22 8 38 61 48 58 94 11 7 79 83 57
68: 50 94 59 35 46 43 99 47 64 55 16 68 63 38 71 76 28 25 48 37 10 73 45 96 8 11 87 26 65 90 78 82 21 66 97 40 93 13 89 31 57 33 39 7 81 42 60 80 85 53 24 74 32 17 14 91 23 67 84 29 49 100 6 98 58 9 51 95 56 30 86 36 79 4 61 1 44 62 52 5 54 12 69 22 15 72 77 75 41 19 92 83 20
69: 6 20 68 97 30 26 61 25 3 41 58 81
70: 16 17 39 62 76
71: 82 49 25 10 72 86 81 68 12 1 42 56 80 77 29 5 41 31 98 52 15 22 21 35 63 11 19 78 73 95 43 76 47 99 27 69 18 93 48 4 90 88 26 23 7 58 87 66 79 96 13 32 38 36 54 84 61 17 46 60 39 59 89 6 55 83 51 40 9 34 94 16 71 53 91 92 75 37 33 3 8 67 97 44 65 2 45 14 20 50 74
72: 6 20 91 72 31 41 3 68 99 80 37 39 71 12 92 33 78 74 35 29 42 30 2 60 10 18 58 88 43 85 86 87 64 65 49 77 26 76 57 46 47 8 94 23 75 83 82 56 54 89
73: 15 10 52 34 54 90 74 20 77 84 100 5 32 79 4 59 21 86 23 68 37 48 30 47 29 76 80 58 91 43 82
74: 82 71 20 91 48 4 49 1 52 59 32 61 24 98 41 16 77 84 74 28 2 33 25 87 9 80 88 44 89 72 63 55 79 21 60 36 65 8 11 35 5 69 47 56 29 7 10 78 19 27 53 70 6 93 40 62 18 81 64
75: 78 44 20 61 74 26 48 34 45 40 98 63 68 57 30 90 14 53 67 64 16 10 71 43 87 60 93 6 94 8 39 100 9 37 95 41 36 83 47 2 80 99 15 86 66 69 18 1 7 62 77 49 65 82 81 72 29 84 91 96 59 5 13 75 19 70 97 24 23 89 27 58 17 73 85 50 42 55 4 21 38 12 11 52 51 22 76 31 92 33 54 56
76: 88 65 61 89 15 99 49 29 55 86 22 18 79 14 98 34 38 4 84 13 76 44 47 23 95 11 8 97 42 45 16 1 5 83 63 69 30 80 2 54 31 28 36 72 56 82 33 39 10 40 77 43 59 26 68 62 58 19 6 81 46 37 3 67 35 27 48 25 50 20 78 91 73 64 7 24 87 60
77: 38 54 37 21 60 59 33 86 100 42 34 55 23 67 85 41 47 93 14 16 82 75 2 17 43 73 84 9 46 50 24 88 94 95 53 68 74 25 91 36 63 30 70 40 6 10 90 57 18 7 35 98 32 61 71 31 56 4 62 89 96 8 48 52 69 3 26 65 77 20 58 13 28 97 39 79 27 29 5 78 49 72 80 92 19 15 64
78: 23 12 89 91 68 9 86 64 27 99 6 67 26 50 18 15 63 11 90 10 78 48 22 29 59 94 83 7 80 85 54 62 34 74 100 38 28 17 98 16 92 65 79 69 33 25 42 32 45 82 84 87 75 2 43 47 57 21 35 49 13 20 40 56 93 60 53 8 58 95 76 5 36 51 1 44 37 31 96 61 73 72 39 88 55 70 46 4
79: 39 13 58 19 60 4 45 29 32 31 10 92 42 65 44 12 75 77 71 62 64 96 73 61 100 5 47 52 34 67 55 22 79 99 3 91 37 6 41 86 50 36 17 9 20 81 59 14 94 26 16 80 2 27 33 84 95 87 51 83 66 30 46 35 72 57 88 74 18 97 7 69 15 98 21 43 38 40 24 68 82 49 54 93 90 23 85 11 8 89 78 76
80: 3 68 55 86 84 64 47 30 71 34 19 75 40 62 10 78 98 28 90 70 53 83 12 89 52 73 39 21 35 11 42 87 63 4 18 65 95 72 31 99 81 8 56 26 96 82 6 93 74 1 48 54 49 92 43 79 57 67 97 27 41 77 14 58 9 94 50 45 29 22 32 7 88 51 23 100 76 33 44 66 38 15
81: 4 84 7 66 46 59 96 90 83 51 61 64 19 56 14 95 50 44 71 93 20 85 52 5 48 40
82: 9 88 54 78 22 40 29 2 46 8 65 48 13 23 25 5 63 60 36 93 80 86 75 64 37 84 30 53 79 43 90 55 33 3 24 47 74 59 99 58 6 11 92 100 97 1 38 31 44 39 70 4 18 71 62 83 68 32 35 61 12 85 96 95 73 52 42 16 77 27 20 94 49 81 56 45 87 19 15 82 10 69 72 91 17 7 14 21 26 76 67 89
83: 24 44 47 57 14 10 32 53 79 4 82 17 83 87 52
84: 75 31 92 42 51 65 26 18 2 60 46 7 44 36 64 49 99 58 86
85: 76 3 78 83 84 71 11 5
86: 94 41 64 26 46 22 8 88 92 84 100 50 80 77 42 35 76 85 74 81 12 9 4 29 44 16 45 56
87: 4 12 64 74 40 24 85 55 44 15 66 38 3 2
88: 81 44 67 91 13 20 3 48 24 43 4 45 47 53 28 34 68 78 98 18 36 92 12 8 84 7 95 27 21 80 87 16 96 25 42 63 73 74 58 50 31 66 38 33 70 23 29 52 83 15 57 77 100 93 88 30 40 89 32 76 94 22 75 10 51 14 11 60 86 79 6 39 71 97 46 26 59 49
89: 67 56 22 46 84 66 51 93 25 38 55 77 10 100 88 42 34 98 89 5 60 86 31 21 37 85 50 71 9 95 83 76 15 30 70 63 87 26 41 14 53 91 80 39 65 68 48 96 17 58 8 81 52 35 28 47 40 74 44 43 57 73 69 72 61 49 19 75 29 79 24 59 64 32 78 99
90: 91 86 7 57 36 77 35 87 9 5 20 65 43 26 58 72 44 82 16 41 38 76 66 85 27 47 99 93 50 3 59 83 40 2 33 23 75 53 11 32 100 68 78 52 69 17 80 81 73 96 90 95
91: 50 12 88 46 28 33 25 20 71 48 85 18 79 2 41 38 40 96 82 68 60 100 54 37 24 77 16 90 93 3 56 36 66 47 29 62 74 80 5 76 34 84 9 1 87 55 81 65 91 83 21 94 59 86 42 73 14 31 10 27 53 52 70 35 63 4 78 39 95 89 11 30 61 49 97 57 17 69 8 15 6 58 26 19 98 99 72 23
92: 95 35 3 79 30 88 52 55 65 25 51 49 59 16 67 84 60 37 61 89 12 10 99 39 76 83 27 22 8 41 68 31 86 63 66 14 36 18 34 82 29 78 93 85 47 40 80 9 75 64 21 32 58 71 92 5 13 28 94 38 11 91 70 74 81 48 6 20 46 45 17 77 53 100
93: 36 27 4 17 74 62 61 50 55 30 43 87 92 20 8 75 3 28 97 94 51 83 23 96 42 81 99 24 60 46 77 76 93 56 22 58 78 14 16 52 98 48 18 71 6 91 84 9 10 88 63 73 49 67 82 26 66 31 41 11 70 12 38 33 2 35 53 7 25 5 69 68 19 37 65 21 34 32 54 15 80 40 59 90 13 95 86
94: 10 27 68 58 66 19 11 98 22 13 44 29 5 84 62 3 70 17 15 89 91 75 45 34 38 93 47 43 88 8 35 80 36 64 42 69 77 37 72 83 52 40 46 23 28 73 85 33 63 97 4 1 2 48 39 92 51 30 32 31 95 87 65 49 82 94 99 14 16 21 26 78 57 41 7 6 55 9 24 79 60 90 50 96 76 67 12 100 54 74 86
95: 53 25 47 24 43 42 38 4 97 74 98 45 48 95 72 94 39 49 6 7 70 76 90 26 59 40 82 91 13 80 71 1 29 93 100 58 32 5 81 68 88
96: 24 90 33 89 25 76 80 9 19 56 35 82 17 59 45 53 39 94 34 68 23 12 57 54 63 43 30 100 95 85 83 67 31 44 5 74 15 58 21 64 99 10 42 14
97: 26 68 33 43 65 12 38 41 74 91 95 28 79 5 45 76 61 55 80 97 56 78 82 94 36 6 35 89 60 42 98 37 40 100 83 73 59 15 47 32 23 52 93 72 11 54 9 86 66 85 31 87 62 8 69 58 21 63 70 48 14 46 18 2 19 49 27 24 88 22 17 81 90 10 64 30 25 1 20 4 99 50 34 7 84
98: 76 66
99: 14 42 26 61 20 5 46 54 90 78 1 79 43 100 40 48 77 32 35 4 70 81 93 36 98 18 74 8 7 28 72 80 86 17 65 45 88 94 24 99 66 87 60 82 83 96 6 25 15 97 22 19 37 58 63 31 12 21 55 3 68 89 30 56 53 67 92 9 52 23 41 2 51 50 16 49 57 33 38 13 34 85 44 29 59 47 84 64 91
100: 13 78 38 88 82 42 74 70 76 29 50 91 49 52 15 96 17 23 39 2 1 31 48 33 95 19 9 100 44 40 27 85 37 12 53 75 43 5 62 55 11 92 14 64 69 10 36 60 81 83 34 93 26 66 65 46 28 61 98 47 18 94 59 30 63 6 79 7 56 84 90 54 77 80 86 99 22 20 57 8 24 21 67 16 71 41 45 87
1: (27 50) (23 43 68 51) 10 (33 61 100) (39 6) (3 94) (99 15) (82 49) (80 21) 95 58 76 (25 30 54) 36 65 (35 91 71 53 59) 44 (78 28 52 13 47 2 74 75) 56 60 97
2: (27 19) 50 (97 33 46) 20 (12 58 87 37 60) (90 100) 62 (28 6 4 65 3 82) (79 75 2 59 18 32 47 72 51 7 1 74 48 78) (30 55) (36 52 26 93) (84 41 63 99) (77 54 23) (91 76 17 25) (43 71 21) 35 (56 94)
3: 69 (99 94 85 52 27) (28 14) 7 (4 19 48 30 37 36) 80 (93 23 62 51) 1 72 56 (88 25 13 92 58 61) (21 77) (44 43) (60 49 20) (87 76) 31 (26 15) (33 9) (91 12) 82 (79 59 63) (90 71)
4: 57 (88 48) 54 (75 62 99) 41 (29 94) (68 19) (21 78 65) (58 67) (2 35 82 23) (79 73) 59 (30 86 18 12 95 39) 60 71 51 (50 7) (37 76) (61 25 28) 80 13 (20 36) 77 93 (81 53) (91 6 83 74 14 87 52 97 33 15 26)
5: 73 (37 91) (54 2 46) (41 19) (96 100 74 62 93 42 52) (59 4) 77 (30 28) (27 22 61) 60 (81 82 79 35) 97 (65 10 14 9 55) (16 85 51 3) (71 12) (13 89) 18 (67 95) (68 48) 36 92 (15 94) (49 90 78) 21 (25 58) 99 23 76 (75 56) 50
6: (28 68) 39 (95 63) (41 37 49 14) (92 62) (47 44 72) (36 97 46) 15 (93 99 88) 74 (4 76 48 19 51 77) (50 82 75 59 25 2) (54 33) (91 27 12 61 71 56 65 1 67 100) 10 (58 9 35 16 94) 69 (80 79 78)
7: (57 100 94 50 67 82 36) (79 25 68 76 95) (78 9 51) (2 74) 62 (4 90 99 81) 21 (45 97 1 49 55 19 37) (52 18) 61 54 12 (93 47) (71 88 77) 56 41 (59 65) (30 20 75 26) 27 (15 44) (13 48 60) (31 84 35 43 80)
8: 35 (94 88 93) (43 44 67) (59 74 1 86) (62 72) 80 (37 19) (13 23 2 30 58 78) (26 92) (36 65 82) (68 51 31 52 22) (54 14) (60 100) (50 76 89) (79 75 71) (20 97 91) 27 (12 4 21 41 55 3) (77 6) 99
9: 2 (86 47 23 48) 90 99 (61 20 12 65 60 19 89 36) (79 50) (97 21 52 9 55 37) (49 54 41 96 56 93 59) 25 (80 75) (45 3 35 78 74) 68 (31 30 94) 71 (100 51) 43 (82 6 15 18) 13 (92 63) 77 (4 17 91 62 11)
10: 2 (36 9 33 67) (80 48 100 83 51) 23 (72 61) (59 27 77 25) (54 37 14) (55 4 16) (41 58 15 35 1) 76 (91 78 29 60) (68 31 52) (50 73) (93 75 94) (19 79) (89 65) 82 (88 7 97 74) (71 56 13) (96 92)
11: 2 (49 44 39 67) 79 (15 100) (80 25) (36 21) (76 30) 23 (3 26) 28 92 (53 33 41 62 32 78 74) 68 88 94 (54 82) 7 56 (71 75) 22 (51 13 45 16 18 47 85) (52 31) 50 97 43 91 93 (60 90 65 59)
12: (60 62) 97 (100 28 50 92) (79 43) (15 51) 68 94 (78 88 91) 16 46 (72 23) 13 (75 14) (39 56) 37 (61 20 52) (82 65 2 35 80 71 86 59 58) (55 67 93) (99 4) (34 22) (30 25 7) 41 (19 1) 54 (36 12 21 96 87)
13: 37 88 (2 77) (79 46 44 71) (34 6 55 65 14 35) (25 62 60 63) 67 43 68 93 (12 52 51 47 59) (82 54) (58 21 92) (15 76) (75 7 95 61) 28 (1 78 23 18) 50 94 99 100
14: (15 23 33 82) 22 (46 47 49 2) (43 58) 9 (51 88) (59 99) 96 7 (19 25) (75 44 6 68) 76 83 89 (21 92 81) 60 10 97 (100 79 67 94 50 41) 77 (91 55 71 61) (1 34 93) (18 16) (65 54 56) 80
15: (27 23 13 71) (9 10 60) (49 91 39 67 52 1 51 50 93) (76 37 82) 18 (36 62) 80 (56 77 94 25) (78 100) 15 (87 19 63) (99 32) 21 (31 73 66 3) 68 96 (7 58) 61 (35 33 20) (88 65 43 89) (2 44 45) (57 79) (4 28) (16 12 75) 55 59 97
16: 74 19 36 58 4 (75 88 2 12 50) 91 92 (90 59 67 86 70) (41 82 33 21) 99 (27 54 93 76) 63 (52 100) 77 1 78 (30 35 60 16) (23 25 79 28) 61 14 (15 13 94 3 65 29 71) 68
17: (37 43) (21 22 55 94 15 35 89) (61 91) (10 13 96 97) (75 52) (100 19 2 93 12 83) (92 63 41 67) 47 (68 70 59) 30 77 14 71 56 (78 7 79) (51 36) (82 34 54) (31 3 90 60 65) (9 99) 50
18: (80 9 22) (4 78 10) 14 35 50 55 88 (13 36 12) (20 23 56 15) (72 75) (71 41 7 33) 59 92 (21 79 61) (91 76 82) (25 47) 93 (77 100) (48 34) (18 84 67 51) 2 44 (30 99 6) (27 65) 74 19 (97 28)
19: 62 (39 50 60) 99 (44 75) 37 61 (16 35 81) 89 (9 96 26 80) (6 93 55 14 82) (41 3) (20 12 77) 15 22 56 (33 71) 91 76 (25 47 100 28 45 48) (74 36 58) (59 13 54 68 97 51 21 79) (94 2 57 19)
20: (77 65 92 73 28 12 79) 44 (82 97 9 33 59) 50 15 100 (39 52) 69 (64 62 58 56 72 60 61 21 47 81) (54 74 57 78 1 35 27 75) 91 99 (48 93 18 23 14) 90 76 (2 13 51 30 71) (41 88 67 19 34) (6 68)
21: 78 (73 28 92 19) (63 16) 74 30 (99 9 51) (52 33 43 15) (91 77) 55 (80 57 23 3) (29 68 93) (61 25 94 71 59) 27 75 7 (21 60) (10 4 82) (56 13 34 39 35 79 97 89 100 41) (36 96 48 58) (50 37) 65 (12 2) 88
22: 55 (92 67) (59 9) (71 13 19 4 79 82) 78 (75 94 27) (76 65) (54 23) 28 41 (46 2 64 45) (14 36 30 97 47 60 100) 80 (15 52) (86 88) (43 89) (93 34) (44 68 21) 99 25 50
23: (12 88) 47 61 (56 4) 7 (71 80 34) (13 2 28 65 68) 60 (35 14 6) (82 77 19 96 36 53) 21 (15 59) 91 (3 94 78) 76 (73 97) (25 50) (51 99 72) (90 100 27) (23 55 9 33) (32 79 57 75 93) 54
24: 52 (47 15 79 91) 28 (56 74) (93 61) (45 19) 65 (83 12 43 25) 23 62 (68 100 50 14 87 67 2) (51 27 36 95) (13 58 16) (59 55 75 76) (7 96) (60 89) 94 (99 88) (48 21) 77 (44 46 82 35) 97
25: (67 91 12) 27 (18 36 13) (99 82) (88 15 96) (61 65 89) 28 93 (58 2 52 43) (62 7) (16 23 19 76) (1 95 10) 44 (47 30) 77 (97 41) (51 92) 55 (78 37 35) (71 60) 74 (59 46 69) 4 50 (68 25)
26: (21 22 71 88 97) (15 1 76) 61 (36 9 50 79 94 52) (82 58 3) 7 (80 77) (93 25) (90 51 41) (60 19) 69 (20 34 67 48) (28 72) (12 62 78) 6 (59 23) 43 (56 84 68 99 91 89 100) (27 13 75 64 95) 86 35
27: (75 2 39 1 90) 50 (55 88) (21 82) 13 (94 41 77 92) (91 29 7 25 12 4) (74 35 97) (19 80 3 37 61) (54 62 57) (78 43) (44 30 33) (58 56 76 100) (71 59 15 9) 79 (93 18)
28: (94 50 25 99) (17 91) (93 14 80 33 88 59 12 77) (30 63 65 92) 44 51 (61 29) 89 28 76 (74 54) (20 100 16) 21 13 (36 3 56) 49 (97 78 68 2 1) (23 37) (27 58 9 52) (35 60) (47 62) 15
29: (5 100) 21 49 3 (72 63) (36 52) (54 30 7 79) 71 (78 74 61 1 75 44) (89 2 33) 67 (15 95 94) 59 (65 48 60 68 92 45 62 86) 9 (25 80 77) (88 19 6 91 29 39 50 28) (73 23) (99 13) 76 82
30: (14 20 72 92 97 91 99 77) (96 3) 55 (80 100) (13 62 59 82 21 44) (75 7) 34 73 (9 65 76 2 36 33 35) 68 (23 69 43) (25 12) (93 50) (49 94 89) (67 15 51) (61 4 19 56 88 30) 79
31: (19 35) (88 94) (36 54 60) (78 97 23 89 92 82) (37 80 50 77) 99 (56 43) 93 27 (91 29 3 62 84 68 55) (100 65 58 79) (52 59) (12 61) (96 71 21 75) 67 (25 15) (13 72 17 22) 76 (51 9 39 41)
32: (55 12 16 23) (95 3) 18 35 (88 94 50) 45 (36 59) (74 99 68 97 73 71 51) (1 21 47) (46 13 89) 60 61 62 (19 80) (65 66) 54 90 20 (67 44) (56 39) (27 41 48 82 77) (92 79) 83 (93 4 78 2)
33: (59 88 93 23 78) 50 (91 34 43) 14 (48 71) 28 (75 65) (27 21 100 54 74 18 72) 51 (79 32) 96 (4 80 20 36 41) (77 76 90) 33 (61 15 82 7) 60 (13 67 35 58 37 99) (12 1) 53 (19 94) (68 2 26 97 52 25 10)
34: 25 (9 53 50 76 94 55 92 63 43) (57 96) 12 (62 65) 78 13 26 (75 15 54) (19 10 33) (80 4) 71 (67 77 51 89) 39 (61 91 2 59 1 73 52) (37 99) (88 79) 35 36 (21 93 97) 100
35: 76 30 44 86 55 (28 61) 12 39 90 (22 82 9) (3 4) 92 (99 60 96 6) (79 17 16 21 59) (80 47) (93 33) (71 68 25) (41 51 62 13 36) (35 72) (54 74) (57 89) (56 65 23) (97 94) 27 2 91 52 (14 50) 67 (78 37) (29 19 77)
36: 61 21 (50 47) (71 44 34) (27 82) (20 76) (91 9) 2 (59 60 51 68 35) (23 7 88) (90 93) (33 74 65 92 77 56 84) 15 55 (25 19) 13 97 99 43 (75 78 39 52 100 58) 3 (28 30 79 57) 94 41
37: (76 58) (77 2 44) (25 78 20 35) (79 94 59) 33 55 (9 97) (36 75 51 91 92 4 71) 65 (37 72) (93 27 21) 63 49 43 (47 73) (68 99) (61 82 15) 52 62 (50 64) 100 (56 19 89)
38: 27 (61 76) 14 (15 17) (82 9) (87 89 60) 91 (28 30 6 65 36) (43 71) (67 68 2) 51 55 (4 99) (37 80 48 88 21 52 23) (93 47) 12 (95 1 49) (77 19 50) (94 90) (59 100 97 79 10 92 75 78)
39: (61 37) (79 60 47) 1 (6 76 19 4 23) (9 71) (72 89 56 13 78) (28 88) 100 59 43 (64 52) (3 39) (51 25) (2 80) (50 15) 68 (18 44) (36 82) (91 16 12) 31 35 (96 77 7 92) (75 62) (65 70 94 17 95)
40: (76 90 30) 89 80 (67 92 78) (19 71) 81 3 (16 10 14) 54 (79 23) (37 9 32) (21 33 28) (56 51) 94 (74 35) 59 (2 1 52) 95 61 100 (12 43 82) (50 87 68 88 91) (25 36) 77 (97 93) (63 75 15 20 48 99) (65 18)
41: (97 15 89 80) 28 (32 86 3 68) (79 93 90) (44 19) (2 47) (52 27) 61 65 (39 50 54) (92 51 71 59 91 25 18 21) 35 (77 41) 45 (36 10 56) 75 (74 94) 67 (100 99 72 60 33 69)
42: (68 30 95) 86 (51 54) (75 22) (13 50 60) 33 88 (71 82 55 45) (1 64 79 97 23) 93 (48 28 67) 58 9 47 (72 15) 2 91 (77 59 43) 4 56 41 37 (53 17 76 65) (94 89 84 78 96) (100 62) 61 (99 63 12 80) 27 44 (21 25 52) 10
43: 50 65 (94 33) 18 78 14 82 80 (13 52 96 26 95) (72 34) (88 89 27 39 49 12 6 10 79) 45 (43 75 100 19 44) (36 77 71 73) (62 68) 55 (9 22) (59 29 67 51) 48 (99 3) 93 2 54 25 (7 97 30 76) (61 35) 15 (60 90)
44: (90 13 42) 81 (75 80) (3 12) 83 (30 82) (9 55) (100 56 68) (2 67) 34 (33 96) (84 46 87) 88 (37 52 94 61) 89 (25 21 40) 54 47 23 (44 86 78 99 28 43 62 51 65) 79 (71 14) (36 7 48) 74 6 (58 50) (59 35 63 22) (76 15)
45: 95 28 29 57 (1 44) 13 4 2 68 (59 99) (36 48 82) (76 54 65 92 3 19 97 30 67 37 6 12) (62 17 9) 78 (50 88 25 55 100 75) (71 94 21 23 79 96) (61 15 35) 80 58 (51 86)
46: 68 27 23 (79 13) (46 3) (15 61) 26 (72 36) 10 30 89 (77 37 88) 55 22 51 97 (1 78) 54 82 100 2 (25 9 16 71) (92 81 62 86) (56 94 17) 76 (50 21 99 6 59) (41 19 84 35 60 91 93) 58 48
47: (18 34) (23 33) (78 51) (22 60 42 21 48 29) (95 73 74 37) 58 (14 13) (77 99 76) (3 12) 100 (1 91) (82 4) 75 (65 90) 54 68 (80 55 83) (20 56 50 89) 94 63 (92 67) (15 19) 62 88 (79 97 35) (39 47 25) 2 (43 71) 53 72 (59 6 61)
48: (74 77 68 89 67 36 47 33) (63 21) (61 78 15 88) 93 (56 62 30 94 25 27 23 35) 3 (76 73 100) 12 (65 37) 99 (60 52 29) 71 (54 97) (95 19 14 82) (20 92 50 91) (44 75 80 55 81 59 51) (13 64)
49: (97 55) 76 (94 82 10 78) (2 84 13 37 88 79) (41 99 35) 63 62 89 (12 7) (18 77) (47 91) 30 (20 51 15) 21 (36 95 23) 71 (43 19) 68 (93 22 67 75 29) 74 (33 59 61 9 27 25) 65 (100 80 72 92) 39
50: (14 91 2 23 56) 13 94 (45 25 30 1) 90 88 (36 27) (22 9) 100 (71 57 59 58 75 68) 20 86 (97 93 81 80) (99 67 60) 16 63 78 (55 15) 65 (41 39 51) (52 35) 89 33 (79 28) (47 76 77 19)
51: 81 (47 4) 71 (79 84) (54 99) 56 (52 78) (30 75) (10 63) (93 51 9 42 19 25) (80 67) 23 65 59 (21 35) 92 (57 48) (13 41) 37 20 (36 89 94) (58 39 44) (62 88 27 14 1 50 15 68 61)
52: (9 6 22) (4 59 23 25) (36 1) (93 37) (14 99 35 71 54) (47 65 20 61 51) (16 46 77) 12 13 (55 80 91 92) 88 (74 43 82) (19 100 79) (29 73 81 39) 90 (50 11 30) (94 48 68 56 60 33 83 62) (28 21 89) 97 (52 75) (45 18)
53: (99 41 65 82 52 50) (23 74) (68 47) (78 12 95) (43 42 91) (2 83) 18 (20 92 28 71 60) 57 14 (35 88 100) (75 77 54 13) (61 29 15) (59 80 93 9) 1 (89 36) 25 (96 58 17 19) 90 3 62
54: (100 13) (77 50) 44 33 (96 6 54 16 15 21) (18 79 39) 30 (52 61 73) (75 35 94 72) 67 37 9 (80 60) (82 23 4) (71 68 43) (93 14 99) (65 78 29 28 2 76 32 91 36 41 97) 59
55: (97 36 49) 58 (27 41 79) (61 99 65 78) (2 82 59 1) (21 92 25 44) 50 (28 93) (15 71 94 7) 76 (67 13) 51 (9 56) 33 (80 75) 54 19 (4 23) (52 60) (100 45 62) (77 87 20 37 35) (68 12 3) (6 48) (89 74 47 91 10)
56: 18 (52 71 2 60) (37 59) (33 9 91) (27 82) (4 61) (81 96 54 55 65 46 75) 43 (72 21 1 86 76) (89 7 77 68 93) (74 36) (13 100) (63 19 28) 97 (48 25) (34 30) 31 15 (23 56 99) (47 58) (78 80 35 62 50)
57: 91 (23 83 75) 72 (37 89 25) (58 77 48 59 96) (99 43 13) (65 44) (56 90) (54 50) (52 36 19) (100 68) 14 94 27 (21 35 30) (80 78) (79 18) (67 4 2 60) 62 9 (88 33 61)
58: (84 21 23 92 60 35 69 91 25) 59 97 62 75 (90 99) (37 73) (12 4 3) (88 80) (20 78 65 15) (95 66 36) (1 13) (67 39) (61 28) 94 (79 58) (93 33 48 10 54 51) (63 82 76 22 30) (96 72) (19 68) (50 89) 45 (2 71 27) 77
59: (76 35 52 7) (23 71) 54 (47 36 15) (73 99) (82 62 37 81 59 25 50 89) 100 (68 79) 39 (92 22) (26 60 44 95) (97 28) 13 21 (90 78 57 27 20 56 33) (58 30) (65 61 2 74) (75 93 96 88) (77 91)
60: (60 46) 23 (3 52 72) (75 6 55) (54 94 21 91) (78 26 74 97) 25 (24 57 45) (35 50) (51 84 9) (67 49) 59 (43 76) 58 (77 16) 61 (71 19) 15 13 (82 62) 27 20 92 36 (89 39 41) 33 (14 79 37) 22 (4 65 100) 93 68 34 28 88 (99 18)
61: (28 3 56) 33 (97 15) 1 (19 36 37 50 18) 10 60 (12 100 77 59) (61 71 55 21 89 99 41) 20 13 65 54 79 58 (27 34 76) 82 74 (93 75) 78 (23 48 16 43 91 47) 69 (2 6 68) (30 9 64 92 67 81) 46
62: (15 23 93) (91 94 82) 30 (80 50) (13 68 77 79) 35 21 (51 43) 9 (19 59) (47 65 62) (39 54 18 36) 57 (46 1) 41 55 (74 16 76) (97 2) (61 70) (44 12 28) (42 37) 58 (25 14 78) (100 67 75)
63: 67 18 (7 88 4) (28 78) (52 59) 50 (23 96) (91 27 62) 30 (15 35 82 1 58 55) (47 41 94 33 65 51 100 76 48) 68 (92 19) 99 75 13 54 (3 2) 20 89 (9 11) 97 (93 71 61 80) (25 44) (77 21) 74
64: (2 74 35) (49 21) (23 80 50 86 52) (97 99) 30 (43 76 82 4 89 20) (48 65 79 77 81 72 47) (94 92 78 59) 96 100 (66 36) 51 46 (9 27) (29 84 61 13 87 25 15) 56 (62 67 75) 68 33
65: (22 72 97 52) (29 35 71 62 36) 74 (79 1) (99 76 78) 90 54 (33 67 100 89) (37 82) (80 77 28 64 18) 92 (43 21 63 84 6 59) 10 (25 14) (47 2 68) 9 (93 91 94 75 15 61) (12 51) 48 (56 60 65) 50 13
66: (56 47 60 55 75 81 54 97 6 50) 98 67 (89 80 68 59 3) (52 90 93) (88 41 94 30 100) (15 71) (1 58) (92 21 48 12 25) (27 29) (99 79) (36 43 87 33 61) (23 9 91 63) 17 (65 19 51 13 49 2 39 28 4)
67: (7 28 18) 57 (15 71) (62 96) (13 19 51 20) 79 11 9 68 (29 16 94 35 47 56 66 6 2 65) 4 38 (82 50) (14 61 54 43) (89 59 92) 88 60 (55 33) 25 (67 77 76) 3 (23 12) (80 30) (21 75 99 100) (22 36 78 93)
68: 90 (23 2 78) 99 72 75 (71 46) (19 65 27 21 14) 93 (53 73 54 61) (89 96) (58 69 12 13) (42 34) (97 59) 43 (88 68) 80 77 (94 35 79 15 62) (92 82 30 44 32 3) 37 (36 52 95 33 76) (51 28 55 9 50) (60 91)
69: (97 71 13 78 100 22) 79 (64 82) 56 91 (67 74 93) (55 90 50) 68 (3 89 10 77) 33 26 44 60 (54 12) (51 37) (76 62) (46 43 28) (6 19) 65 9 (25 61) (39 29 15 16 18 94 30) 75 (66 45 59) 36 2
70: 48 (46 23 95 27 63) (28 93 36 77 56 41 65) (74 91) 59 (62 82) (25 35) 99 (61 80) 19 75 (33 13 2 94) 49 (21 100 54) (47 18 58) 3 (88 6 4 60 1 34 26) 92 51 89 (78 97 57 22 50 37)
71: (26 67 61) (77 41) (25 81) 75 89 (56 62 71 60 80) (65 36 46) (51 50) (74 15) 12 (85 82 14) 72 93 (95 79 33 29 54) (35 92 88 100 9) (20 23 19) (37 27) 2 (59 68 13) (45 43 47 52) 91 57
72: 94 (19 21 59 99) (95 29 72 75) (35 79 17) (71 54 48 65 49 53 91 55) 60 (25 20) (76 74) (2 32 15 41) (50 12 3 78) (89 90 51 80 9 23) 68 4 77 13 (58 62) 63 (61 46 97) (67 82 52)
73: 2 (10 43 3 71 63) (48 60 76 79 93 47 46 90) (50 19) (7 89 15) (65 94 51 67 52 82) (68 40 54 34 97 88) (80 9 75) (30 91 77) (37 45) (13 36 25) 14 (12 33) (21 41) 61 59 (35 78) (23 28)
74: 93 72 (10 56 96) 15 28 (60 52) (89 97 59) 68 39 67 94 (17 71) (19 25 1 79 22) 41 (80 33 45 44) 20 (88 12) (48 37 73) (91 4 99 61 86) (75 87 2 55) (100 74) (50 21) (78 92) 31 (95 46) (65 51 34 82) 77 14
75: (53 13 62) 89 (88 35 16) 19 (61 71) (50 17) 34 14 (9 54 77) (52 18 67 36) (78 59) (93 75 28 6 41 37 43 65 4 82 57 79 68) (33 84 60 72 23 29) (51 2) (90 80) 15 21 (56 92 100 94)
76: 41 52 79 25 (50 51 96 13 2) 91 (28 26 71 73 56 58 42) (98 15 54) (27 72 86 65) (68 62) 85 (60 95 47) (97 89 35) 24 92 43 (63 82 78) 36 44 75 (21 88) (76 3) 90 (100 19 94) 93 (80 34 70) 59 55
77: 19 (18 59 89 55 2) 37 60 16 90 30 35 (25 75) 62 (27 50 99 91 92) 86 (32 44 1 45) (77 72 21 28) 93 (41 34) (65 100) (79 76 68) 71 (94 13 15) 67 47 23 (82 54) 61 80 74 88 (33 43 73)
78: 3 (9 82) 63 90 99 44 (76 55 48) (35 60 56) 28 (97 92) 68 25 78 (93 29) (65 41 23 37 94 67 46 43 19 13 71) (89 91) 12 (100 54) (75 59 50 2) (30 21 39 85 32 80) (72 79 77 74 61 27 62 88)
79: (34 3) (61 25 2 9 30 37 67) (59 83 91 27) (73 52 33 51 62 17) (89 12) (79 94 71 41) 77 (21 100) (20 68 82 92 10) (74 54) (36 88) (35 99 56) 31 (80 46 78 47 65) (50 19) 97 76
80: (95 37) (28 60) (51 77) (54 91) 36 (74 65 4) 19 6 59 (61 99 3 92 55) (89 93) (15 2 47) 73 (22 41 62 96) (30 58 9 14) (97 50) 76 (79 82 25) (33 88) (48 71) 56 (90 100 94 23) (52 68 29 21 12) 86 75 (78 45) 44 (35 13 72)
81: 99 (91 25) (36 43 59 17 44) 100 93 (75 27 63 19) 37 (97 50) 52 6 16 (35 76 90 21) 65 71 68 33 (3 23) 56 (28 61 79 15) (47 95 62) (82 69) (2 51 86) (67 13 80 92) 74 (89 20 88 60 9) 39
82: (63 25 29 22) (10 92 51) (76 73) (39 35 1 58) (2 72) 95 (97 47 36) 6 37 (61 16) (80 100 93 56) (74 26) (50 82 44 68 13 77) 83 59 99 96 (60 4 78 34 15) (91 71 65) 21 (75 23) 33 94 (79 30 90) 28
83: (88 12 22 96 67) 28 97 58 19 (50 99 59) (27 85 71 9 36) (21 83) (75 25) (62 39 79 48 35 13 72 51 82 76) 93 (1 30 94) 60 65 (89 4) (90 31 37 41 78 20) (91 100 2 61) (68 80) (92 81) (23 15) 47
84: (19 28 55) 60 43 (89 15 7) (52 1 77 33) 58 (71 91) (59 44 97) 80 9 (61 13 54) 4 (16 25 51) (76 36 92) 86 (85 99 68 81 50) (82 27 65) (100 41 93) 67 (56 2) (6 74) (35 75) (3 37) (45 21 88 53 63) (73 78 10 47) (79 94)
85: (41 2 65 59) 29 (4 77) 96 (23 39) 75 (33 54 37 60) 82 91 28 92 (30 99 94 35 86 12) (52 90 68) (89 18 100 19 25) (9 6 78 21 51) (3 8 48) (61 56 79) (87 97) (13 81) (34 50 72 27) 15
86: (35 72 94) (13 50 51 97) (80 16 78) (67 30 92 14) (33 100) (76 6) (2 99 54) (90 68 60) (71 91) (10 19) (20 23) (15 39 25) (55 65) (37 59) (62 79) 26 (84 82 88) 73 58 (48 43) 52 (12 89) (61 44 36 46) 41 (34 93 9 1 75) 77
87: 41 15 (54 19 4 67) (6 12) 72 (88 76 94 71) 2 20 (21 27 80 56) (58 74 1 48 89) (93 47 75 36 91 97 25) (79 83 50 65 13 78 90) 43 62 (99 55 23 61) (68 59 82 100) (35 14)
88: (7 9) (72 37 50 97 4 28 18 95 55 2) 78 34 19 (82 59 14) 76 (88 100 36) (80 74 47) (54 61 71) (23 35 10 77 89 79 17) 63 (43 62) 58 (51 91) (21 92 94 93 99 65) (25 16 26 60) 33 48 86
89: (19 28) 72 (96 31) (50 21 49) 25 91 (12 2) (62 88 89) 59 (15 80) (10 92 65 47) (3 37 94 99 32 76 55) (30 23 41 48) (51 61 78 52 16 54 75 14) 67 71 (6 1 60 7) (82 97) 79 (68 4 74 13) (77 9)
90: 65 (41 75 36 26 7) 12 (100 67 71 80) 61 27 (2 51) 13 (29 45 52) 44 (96 82 28 62 60 63) (22 79) (59 99 78 35 37) (90 73 4 50) 77 (25 31) (91 49 23 34) 56 (94 95) 68 (54 46) (93 97 81) 21 9
91: 73 (35 97 72 15) 82 (67 21 68) (12 13) (58 41 39 16 77) (27 79 23) 95 (9 62 92) 36 47 (78 75) 59 54 88 (61 33) (19 25 55 100 93) (91 76 28) (94 50) (52 90 65) 89 (74 4 99 71 51) 1
92: (50 94 10 99) (43 58 21) (88 61) 80 37 54 (56 62 16 59 23) 72 35 (46 68) (93 15) (66 20 9) 86 52 (36 71 14) (77 79 47 55 67) (28 82) (2 13 78 84) 48 7 (18 22 19 25) 12 39 (75 100 92)
93: 60 (41 80 50) (54 94) 29 (30 95 71) (82 21) (15 14) 67 3 59 (6 91 2 12 81 36 92 75) (79 93) 35 (48 74 49 51 78 63 90) 45 28 37 (19 68) (97 61 88 20 77 65) (25 52 56) (18 43) (100 39 99 13 89)
94: 37 (75 62 72 48 99 96 61) (88 13 82) (92 30) (55 65 94) 80 (93 91 77 44) 79 63 (100 47 54 15 71) (45 6 21 59 39) (56 3 67 78 12) (19 52 26 17 4 10) (27 50 43) (7 23 51 41) (25 68 95 86) 97 35
95: 36 (76 37 61) 1 (97 78) (14 60) 59 25 96 23 (48 39) (30 20) (81 62 47 90 93 100 89 28 94 75) (50 13) 55 (33 41) (67 35) 51 12 15 (77 65 82) (95 18) 68 (88 80) (91 49) (79 71) (9 92 58 54 2)
96: 37 20 (47 28) (71 36 80 52 61 68) (16 19 94 5) (90 81 55) (99 91 88 75 100 46 21 54) (27 59 78 3) (79 25 6) (13 60) 4 23 (89 35 43) 67 18 48 29 10 (93 15 77 9 65 2) 50 82
97: (23 75 43) (68 25) 79 14 71 (99 22) (44 56) (50 2 61 33) (16 91) 5 59 51 (94 13) (93 41) (76 35) 97 (52 4) (38 82) 36 (34 21 29 63) (15 80 65 54) 95 (88 1 26 58) 77 (27 69 9) (12 30)
98: 25 (54 57 97) (9 32 26 21 62 79 15) 91 (89 48 78 61 71) (75 16) 68 (65 80) (35 20 93 2 60) (23 37 51) 55 (66 88 34 39) 95 (33 100 76 52) (50 56 43 3) 47 (10 59 99 74 14) (94 77) 19
99: (33 99) 45 (3 39 13 57) (51 97 100) 80 27 2 (50 75 78 96) (26 25 54) 92 (48 7 90 59) 35 76 (84 56) (22 65) 89 (49 94 67) (79 34) (43 61) (71 93 36) (14 68 62 21 12 52) 72 (82 30) 91
100: 68 23 27 (25 92 77) (61 65) (44 36) 91 80 (86 15) 52 (50 37 99 95 9 12 19) (59 53 90) 7 96 89 47 75 78 (48 32 100 79) (88 28) (39 16) 18 (51 55) (35 2 73) 97 30 (21 13) 56 94 82
