100 100
1: 12 94 68 9 83 29 13 43 53 2 6 84 79 60 81 34 28
2: 76 94 32
3: 1 100 22 49 16 4 58 89 41 14 90 78 12 64 10 99 13 77 31 30 85 71 79 46 47 88 33 94 2 65 29 53 93 42 25 74 62 61 57 44 66 54 20 48 7 72 18 98 82 55 35 97 92 45 67 6 83 39 3 15 81 52 36
4: 88 49 53 16 10 20 38 34 28 41 69 82 6 32 37 62
5: 71 38 27 74 40 92 3 85 37 6 81 48
6: 19 27 86 67 38 89 50 58 13 34 15 23 8 46 76 100 25 71 78 98 94 33 5 48 83 79 88 9 69 6 87 18 36 47 30 26 59 57 77 80 39 97 44 31 61 90 4 45 66 40 75 93 64 16 52 28 60 32 91 96 24 92 43 42 10 54
7: 71 3 16 20 98 35 60 50 49 76 31 13 78 66 40 1 47 59 83 57
8: 28 60 8 51 74 27 46 54 55 73 2 66 24 32 98 15 37 57 70 78 18 47 19 79 23 86 72 68 43 63 99 64 7 100 13 93 80 59 40 82 71 88 38 81 31 94 44 83 75 52 56 11
9: 74 48
10: 14 17 34 46 4 87 91 94 99 53 7 86 42 22 66 96 15 33 88 73 78 29 59 83 76 56 24 19 18 16 72 27 30 79 44 65 74 57 47 43 40 84 3 1 95 39 2 55 75 48 62 60 26 98 37 92 63 89 41 20 23 25 81 38 12 70 68 49 10 9 11 93 32 82 5 52 85 61 6 35 97 8 100 71 69 45
11: 86 99 29 27 63 5 6 96 67 66 9 56 61 31 10 1 89 70 74 79 100 55 94 65 72 69 11 58 64 42 38 92 22 95 15 20 80 44 82 32 4 14 50 88 21 37 45 54 17 98 81 39 3 23 28 91 83
12: 81 8 21 34 22 67 23 99 82 15 17 1 70 18 48 7 36 77 42 96 37 91 98 16 47 73 24 39 92 27 29 93 43 63 38 35 4 32 64 89 68 100 46 62 71 74 95 25 50 45 84 20 90 79 41 56 9 51 78 75 59 13 86 3 94
13: 96 90 39 86 44 66 72 31 76 83 43 48 6 37 51 62 91 42 33 94 52 30 87 36 13 11 79 15 41 56 38 40 67 64 69 65 82 2 8 75 47 49 59 100 84 12 21 29 34 92 85 71 88 97 46 57 24 20 10 28 45 58 99 78 98 54 77 95 23 27 25 73 9 14 81 89 93 7 60 3 22 19 17 61 55
14: 47 45 67 73 31 88 20 77 12 60 84 97 95 63 7 3 98 82 85 91 76 13 9 28 1 96 11 58 38 92 65 17 90 87 23 50 64 14 30 55 54 34 49 51 36 44 78 32 59 5 70 39 99 43 6 26 61 19 16 72 86 68 83 56 94 22 4 89 10 80 57 27 24 29 74 37 2 8 21
15: 91 19 54 8 57 97 75 76 41 15 60 12 90 46 47 51 93 34 22 48 43 14 74 63 18 50 61 56 33 68 55 6 71 9 70 32 92 83 84 69 82 99 53 25 30 89 38 42 37 40 7 86
16: 75 92 39 54 66 95 51 31 77 28 43 9 73 20 10 30 15 47 72 57 29 86 14 11 38 37 97 58 46 49 41 89 12 60 17 26 78 64 56 32 13 96 53 87 24 71 68 90 80 70 6 98 42 5 94 1 62 67 65 85 3 59 27 44 50 100 35 34 16 81 61 83
17: 74 67 43 31 46 28 7 66 94 17 18 72 61 98 27 62 21 33 40 23 65 60 80 97 37 90 81 11 24 79 41
18: 31 82 99 2 51 89 9 22 42
19: 33 69 15 7 31 18 32 77 75 26 58 94 27 45 68 56 34 16 60 78 97 82 93 11 2 14 88 90 63 35 21 6 8 72 10 99 73 67 36 3 1 89 37 12 49 43 74 47 17 38 70 50 29 44 85 86 91 23 64 39
20: 26 56 38 49 77 70 21 23 5 74 78 59 64 84 16 54 3 61 89 33 35 37 47 66 81 29 30 44 12 63 60 93 57 83 10 85 41 75 87 15 86 88 34 17 55 76 9 31 69 98 25 43 51
21: 7 82 71 60 38 22 78 86 28 72 62 100 33 98 2 13 99 56 89 81 93 31 92 76 87 23 58 80 85 55 68 67 21 57 46 70 4 15 53 74 97 5 47 25 1 34 35 77 30 83 69 18
22: 38 10 83 53 32 6 28 47 46 60 91 42 35 20 7 85 14 39 87 36 3 22 33 15 4 62 88 29 54 98 1 2 51 25 71 45 86 74 37 11 100 73 77 58 48 24 56 34 75 95 55 64 13 21 76 44 99 92 26 90 70 72 93 63 30 43 17 31 82 18 78 57 69 84 52 66 19
23: 23 2 20 81 56 27 88 12 98 52 36 93 22 19 42 53 100 58 95 86 97 51 5 77 69 64 66 57 4 44 10 32 73 83 63 67 11 91 48 21 33 79 54 92 40 45 28 34 25 80 62 60 13 24 74 70 47 65 18 17 89 41 75 26 46 7 43 85 99 3 35 96 59 39 78 9 82 14 94 76 16 50 37 55 87 71 38
24: 1 38 53 92 11 85 54 91 90 67 62 19 68 74 70 55 65 46 17 22 20 5 34 86 28 100 93 10 39 96 80 60 12 2 15 57 18 6 63 66 45 41 13 47 7 25 36 76 58 21 30 79 89 78 31 51 72 29 40 56 81 94 87 84 83 71 75 44 14 50 98 73 77 88 32 8 99 16 33 4 48 95 43 82 97 59
25: 78 21 80 27 79 92 64 58 22 95 2 24 91 63 82 13 94 87 56 68 20 77 7 34 10 99 70 76 38 71 72 29 8 28 52 35 9 88 47 81 49 96 59 42 39 83 61 19 33 1 90 11 25 98 53 6 51 67 15 74 85 54 60 89 12 55 4 48 43 31 65 26 5 36 45 30 73 97 46 41 93 84 100 14 57 17 32 50 40
26: 86 98 25 10 75 70 87 66 88 41 30 76 21 24 95 35 13 51 6 43 36 47 38 20 80 44 50 58 69 22 73 40 61 97 52 11 34 14 90 68 96 8 82 89
27: 45 91 27 79 14 85 94 26 1 70 3 36 84 40 99 11
28: 73 71 22 23 54 28 24 55 86 76 83 34 9 90 96 33 87 70 4 99 75 21 79 8 1 14 52 26 38 74 64 66 19 6 82 44 37 7 100 97 81 39 65 68 3 25 62 88 80 69 56 93 27 10 35 98 5 72
29: 66 92 50 42 99 48 9 94 80 83 49 79 35 27 41 89 88 90 61 93 72 46
30: 44 29 89 9 33 86 26 38 54 25 30 96 43 7 22 100 81 75 83 82 63 6 49 67 78 69 4 79 20 74 16 95 90 1 34 87 66 93 72 68 60 62 18 8 42 71 32 5 77 91 48 10 53 65 15 17 40 70 92 41 36 21 57 85 23 84 19 59 35 31 11 47 73 46 58 12 39 52 76 88 55 51 56 3 99 24
31: 68 40 27 2 64 9 19 86 53 38 29 1 70 71 3 6 99 61
32: 75 37 86 98 85 19 13 42 83 58 17 73 16 99 18 54 84 33 55 81 20 26 43 12 8 95 77 24 67 1 39 21 7 22 28 9 71 4 76 92 38 69 5 74 2 56 64 15 23 44 47 65 3 41 61 63 79 6 29 94 68 78 93 89 35 27 53 14 50 88 34 10 97 57 40 48 25 30 51 45 52 80 36 49 11 32
33: 33 36 20 64 53 91 70 4 27 52 30 47 51 58 96 42 12 99 57 77 7 3 10 100 72 71 75 39 88 38 74 69 50 60 46 55 67 81 78 48 95 35 56 11 41 1 28 82 13 92 34 97 65 16 37 86 79 19 15 26 85 8 23 14 49 17 43
34: 61 70 78 88 53 68 31 9 23 36 24 25 48 80 79 66 35 51 76 19 84 87 64 95 4 10 90 91 37 8 72 41 32 43 17 97 60 6 71 20 22 1
35: 88 24 90 42 57 17 78 85 10 84 99 35 16 93 60 74 37 72 59 4 12 41 52 67 70 80 47 50 43 63 36 98 55 56 21 49 15 82 46 89 20 9 94 30 58 27 29 8 34 87 66 39 69 75 45 61 6 19 83 79 65 51 38 44 28 32 1 2 68 91
36: 89 31 90 41 19 56 46 84 68 29 47 62 35 61 50 40 43 30 10 85 97 53 22 6 36 12 51 18 100 98 21 54 32 1 9 99 11 3 26 88 67 38 2 95 49 16 77 73 64 91 69 75 34 23 78 96 17 72 59
37: 13 53 41 65 27 23 34 5 76 38 15 66
38: 75 92 89 81 49 30 27 40 16 28 82 18 1 12 94 4 64 42 51 17 44 7 93 71 68 46 99 41 14 25 55 39 33 86 97 34 52 63
39: 24 89 95 49 30 68
40: 9 86 50 25 99 29 64 10 19 46 88 76 74 56 71 53 38 75 96 52 45 2 79 14 27 93 51 8 21 42 30 15 49 6 69 23 91 16 31
41: 71 41 16 69 17 8 28 38 26 66 52 3 89 95 67 79 27 90 94 87 34 51 44 15 53 47 91 37 98 39 22 20
42: 1 4 9 34 80 94 62 46 13 77 86
43: 96 33 58 63 2 68 31 95 100 8 55 72 30 13 35 99 74 61 10 53 41 67 89 66 1 56 9 90 94 20 70 27 79 62 26 5 24 75 38 28 86 85 17 37 83 15 57 36 22 12 64 6 3 73 93 25 19 78 54 45 40 50 49 81 88 92 60 98 87 80 34 69 11 4 7 29 42 32 46 51 48 23 76 82 21 97 16 77 59 44 84 65 71 14 39 18 91 52 47
44: 8 50 40 75 6 83 7 56 27 98 22 65 82 41 33 80 60 3 20 64 28 55 45 30 35 43 85 36 19 48 84 81 51 47 29 100 93 12 70 62 95 14 25 91 71
45: 9 64 27 79 71 70 46 13 5 63 96 56 86 60 97 82 90 41 39 18 50 95 3 32 89 4 57 68 52 66 83 51 12 47 58 73 42 21 94 100 38 20 25 67 55 44 92 28 76 6 61 84 30 75 54 11 34 19 15 33 87 43 26 23 24 14 77 37 29 62 80 35 1 45 10 72 2 53 40 91 85 98 49 36 59 81 88 65 93 17 48
46: 81 31 59 1 68 32 80 42 63 97 46 39 10 73 99 40 65 26 20 87 43 83 56 51 13 48 77 9 72 21 12 37 33 60 11 36 15 90 45 95 75 14 94 100 71 67 92 86 98 70 78 8 79 49 66 27 93 24 7 4 25 28 6 29 2 30 96 23 76 82 62 35 22 3 58 84 5 89 57 53 52 74 44 69 88 64 55 47 50 91 85 41 17 54 16 61 38
47: 4 45 3 12 18 10 27 93 81 52 46 33 64 63 61 19 48 84 68 76 21 35 16 66 99 13 30 86 8 34 82 54 47 89 29 5 53 79 11 67 31 58 85
48: 92 64 38 43 97 9 89 27 68 75 59 60 85 28 100 42 95 18 90 81 49 76 54 31 73 15 52 82 30 62 23
49: 28 77 91 55 43 66 39 32 29 87 46 86 31 61 4 47 89 62 27 95 51 3 41 82 83 73 60 20 11 99 16 5 85 40 49 33 34 38 59 81 44 69 75 1 30 23 35 50 96 80 22 19 45 58 17 9 13 48 8 93 78 42 56 2 10 100 18 92 74 76 65 97 54 84 36 72 90 64 68 24
50: 92 16 89 79 65 6 81 45 29 60 49 95 91 26 7 53 59 73 34 75 57 68 36 19 39 22 83 56 50 64 28 86 40 93 66 8 55 13 18 61 76 31 21 20 78 24 48 58 23 5 69 9 84 43 85 74 17 71 51 44 54 99 2 90 70 96 72 41 98 3 32 33 47 52 97 100 10 80 38 42 1 25 4
51: 78 98 8 6 59 74 90 50 54 29 32 33 69 36 71 56 18 100 85 13 23 43 27 62 77 20 17 66 57 28 82 92 37 52 89 19 79 24 42 76 64 99 44 70 35 25 96 31 2 46 65 10 11 87 4 9 22 3 30 47 73 45 84 80 58 68 41 34 40 95 86 38 26 91 55 5 12 48 97 14 75 81
52: 90 62 53 93 4 50 61 15 12 7 13 79 55 27 17 37 65 83 74 45 34 60 28 43 58 73 22 23 31 95 25 84 14 20 67 26 21 36 49
53: 15 94 66 75 97 80 87 19 31 68 2 38 65 18 74 73 27 26 83 28 91 100 96 30 37 85 90 6 49 69 25 54 43 24 36 3 81 16 70 86 53 78 58 71 10 57 76 59 41 72 79 5 32 17 98 56 45 89 67 61 42 11 55 35 22 23 33 44
54: 64 57 92 8 87 9 93 47 76 78 2 48 15 98 39 29 38 16 67 95 53 68 71 77 7 42 28 88 97 63 41 74 51 85 94 82 30 86 59 5 6 10 60 12 32 52 40 91 66 11 50 58 36 62 90 20 33 49 72 34 69 17 31
55: 95 82 12 85 38 2 27 11 91 22 78 17 93 56 75 50 26 87 62 23 42 7 80 54 16 43 48 76 30 58 97 24 55 83
56: 77 8 3 29 68 22 35 51 81 7 38 31 16 71 98 53 15 23 67 21 11 13 92
57: 22 9 80 44 76 81 75 82 45 85 51 57 30 99 73 96 40 62 69 3 52 65 24 6 33 60 55 42
58: 50 36 95 51 54 2 16 79 53 93 13
59: 73 27 19 71 96 2 4 64 92 75 55 82 78 25 66 5 59 58 33 24
60: 62 8 51 56 67 88 5 64 61 49 41 16 85 23 7 75 10 78 36 18 12 37 3 100 99 11 76 71 91 31 4 81 24 97 79 87 83 66 22 72 93 17 20 30 95 27 60 54 21 50 32 70 46 68 14 57 58 48 38 44 63 6 86 94 19 69 80 2 98 13 52 29 42 39 28 74 9 73 82 15 35 47 43 92 1 77 25 96 40 90 34 33 65 26
61: 40 44 60 23 52 96 58 61 38 8 74 51 85 18 88 70 4 12 77 50 91 29 28 54 57 59 19 24 15 56 10 53 32 20 72 93 99 39 67 47 26 64 17 43 6 31 78 16 92 98 1 97 71 42 11 5 62 45 66 21 68 33 65 41 48 90 14 80 83
62: 41 62 58 79 75 43 100 26 97
63: 71 3 95 13 10 11 39 23 88 79 82 48 67 73 45 19 63 16 70 55 5 74 77 57 6 49 24 94 29 8 38 97 28 9 42 7 51 81 68 54 37 17 92 58 44 31 76 12 83 46 25
64: 36 28 93 35 21 38 53 65 98 63 90 11 25 66 67 95 14 39 13 57 40 59 10 50 41 80 16 96 12 15 33 69 78 81 62 17 73 52 74 100 1 84 56 85 94 31 91 71 77 60 92 43 23 79 32 4 82 49 19 76 46 30 8
65: 30 37 94 63 8 24 16 19 76 73 28 10 47 69 43 21 90 48 25 61 4 65 85 99 91 96 45 72 78 93 38 66 27 89 74 35 32 2 1 87 86 41 80 68 57 52 92 23 56 14 55 59 53 88 5 29 64 17 22 79 6 36 49 70 50 18 71 9 82 15 11 98 60 58 44 100 26 34 46 7
66: 64 44 74 3 52 23 25 15 71 34 61 85 69 29 27 37 48 57 82 5 1 46 55 70 65 36 42 95 19 97 79 86 22 51 91 90 31 93 99 40 83 60 41
67: 70 55 93 40 30 75 51 87 35 82 25 26 63 71 42 13 3 97 6 85 84 92 12 48 53 27 64 22 96 45 39 80 46 79 37 44 73 41 18 50 1 54 28 21 31 43 88 81 36 56 78 91 15 29 16 10 59 9 68 14 7 60 57 89 17 62 58 32 23 74 67
68: 73 60 75 35 40 8 57 92 58 11 88 76 6 28 43 55 79 96 25 18 2 97 13 31 63 7 99 86 20 3 46 9 90 16 85 39 27 51 10 66 98 12 50 65 48 61 33 93 72 95 41 68 94 36 74 49 80 34 5 70 21 4 52 89 69 87 29 64 44 78 1 30 22 54 24 59 53 56 84 14 42 100 67 26 19 82 71 47 62 32 83 77 17 37 91 23 15
69: 42 47 22 89 23 1 61 91 43 20
70: 75 89 63 86 94 1 11 16 51 100 18 38 98
71: 74 15 77 33 54 63 35 11 100 58 80 69 4 93 20 30 41 29 6 18 28 61 89 37 67 22 76 42 45 94 62 5 60 34 14 78 68 36 92 7 19 85 71 23 95 57 12 21 96 79 25 40 65 49 46 16 2 50 88 26 83 81 3 90 56 66 13 10 86 64 31 55 53 59 48 17 82 27 38 51 91 44 47
72: 4 18 38 84 25 14 49 45 41 46 34 2 3 40 87 42 71 60 53 12 15 62 48 44 80 39 5 95 32 30 55 27
73: 77 81 8 23 20 6 28 31 71 87 18 73 95 46 97 86 59 82 99 21 98 90 85 80 49 70 37 92 51 65 38 76 27 72 55 96 9 43 48 53 69
74: 1 93 18 15 90 4 77 50 14 34 100 38 31 6 24 28 96 81 39 74 88 5 51 46 8 52 84 66 29 12 42 45 72 57 22 70 71 95 19 37 58 36 40 11 67 32 62 55 25 76 89 86 35 65 30 44 56 7 82 63 94 92 48 16 10 20 78 98 33 79 2 60 64 73 99 21 59 68 47 97 85 80 9 23 13 83 3 69 43 75 41 87 27
75: 25 43 15 44 36 77 42 14 51 69 22 34 67 54 47 29 2 73 100 83 71 57 39 65 53 80 94 27 58 52 96 13 49 37 70 30 1 95 59 38 55
76: 72 86 53 93 89 17 37 41 43 65 57 27 73 95 9 16 40 61 14 82 52 94 58 8 84 35 49 38 78 59 97 88 44 60 39 33 87 2 36 46 69 32 96 20 70 47 74 51 54 23 6 18 7 83 92 76 98 68 12 79 81 75 31 64 10 25 1 5 28 22 29 91 24 85 67 56 63 80 26 30 13 21 100 77 4 3 99 11 45 34
77: 54 69 50 48 95 65 20 84 47 78 74 91 45 76 30 97 81 27 17 77 35 71 6 90 25 72 68 40 82 36 93 51 64 5 52 75 12 34 7 38 87
78: 67 93 49 92 79 55 71 24 52 84 89 75 38 77 9 35 100 74 45 43 99 6 56 66 7 54 48 18 63 51 46 22 78 98 60 37 31 95 5 23 58 94 59 61 25 15 81 27 80 40 14 68 72 26 16
79: 73 8 11 53 59 49 35 57 87 88 14 63 50 19 91 36 78 99 52 54 37 76 96 27 46 100
80: 8 88 95 32 27 28 85 1 9 71 31 98 64
81: 58 29 68 23 89 66 51 2 44 41 61 97 34 25 15 57 43 27 53 20 48 16 84 49 37 65 93 73 63 56 11 74 60 5 80 12 91 8 18 40 70 59 31 76 42 99 55 78 30 4 54 92 36 77 83 62 50 6 87
82: 83 11 28 40 24 16 81
83: 59 30 76 62 95 100 11 64 56 48 75 29 41 24 90 67 79 72 91 61 49 44 7 23 20 54 78 50 10 43 36 3 47 35 82 85 39 68 13 6 38 9 70 58 88 92 69 18 57 74 98 94 66 55 52 12 32 2 77 93 53 87 84 37 99 96 80 5 31 73 81 16 14 28 33 60 86 8 89 97 42 34 83 51 26 45 19 65 22 15 71 25 17 63 46 1 21 27
84: 50 49 17
85: 81 39 62 47 83 31 68 49 25 44 90 59 26 41 74 15 12 46 36 65 35 33 98 32 6 22 7 52 91 27 93 18 66 95 13 57 56 64
86: 54 60 61 1 55 76 22 24 19 23 97 43 34 27 62 100 44 35 4 88 2 52 79 41 69 9 73 30 38 15 16 71 67 21 78 56 26 59 8 94 75 45 7 10 32 31 85 95 29 25 74 12 13 81 48 64 82 70 77 98 80 90 83 99 86 17
87: 18 34 52 63 96 40 1 86 28 51 23 21 68 12 27 73 22 26 10 17 11 64 94 84 6 39 4 65 45 72 70 82 48 91 13 79 95 15 42 36 31 89 30 47 44 80 98 29 71 78 92 54 38 20 67
88: 88 26 12 87 21 90 71 54 15 64 63 40 48 33 91 35 45 13 25 44 27 2 51 42 77 62 49 50 70 60 100 78 89 68 98 61 85 69 36 17 31 39 80 53 37 59 23 11 20 56
89: 83 97 38 72 36 58 42 11 47 80 91 41
90: 70 96 61 63 45 44 12 87 27 66 88 62 58 83 6 13 26 65 54 3 34 76 29 60 10 77 51 7 55 47 23 15 46 93 43 32 8 94 18 42 57 5 16 71 84 92 72 39 36 19 25 75 90 95 100 59 73 99 85 38 40 50 20 33 53 21 4 81 52 79 74 49 22 91 69 56 64 82 14 86 48 9 37 35 78 30 31 28 2 97 67
91: 50 21 90 1 39 7 66 70 31 30 84 51 89 35 26 78 74 3 43 82 87
92: 17 11 47 71 38 94 91 78 34 73 41 40 39 77 86 13 58 59 21 26 36 16
93: 26 4 40 8 43 14 23 7 9 49 5 42 31 18 78 46 91 13 75 82 61 48 38 30 35 83 77 51 90 55 56 53 2 87 19 24 21 76 54 92 80 60 11 68 1 17 59 73 28 79 12 22 3 20 66 88 47 67 34 93 99 64 15 98 74 81 65 50 45 97 95 16 58 52 100
94: 44 3 32 26 28 12 88 46 42 90 40 85 57 81 51 17 99 56 97 87 78 74 69 4 14 41 60 20 16 95 72 92 1 27 96 43 79 66 65 58 75 67 2 13 47 48 71 24 64 23 61 38 8 62 73 91 76 36 29 30 98 55 59 52 83 82 45 49 15 37 80
95: 93 15 56 44 71 65 8 64 9 97 60 34 76 73 81 25 86 16 49 55 72
96: 93 90 48 22 82 46 33 72 98 26 97 53 31 67 56 77 47 60 37 89 40 34 21 50 27 55 20 2 75 14 57 76 3 96 83 49 94 23 64 12 58 100 87 45 88 10 74 80 71 95 35 29 63 81 59 51 19 42 4 65 32 79 99 18 85 78 43
97: 61 2
98: 59 55 54 31 15 76 29 85 94 34 18 83 10 35 61 62 28 71
99: 21 34 51 19 70 1 5 89 4 77 41 84 97 50 38 93 88 100 47 82 6 32 7 83 52
100: 37 88 53 77 98 32 43 33 1 76 75 23 72 18 66 86 100 97 87 47 91 60 81 48 95 22 27 34 59 13 3 20 7 90 89 11 58 65 41 21 78 54 6 80 45 96 61 46 9 17 84 42 36 83 67 55 39 25 5 94 14 62 19 26 35 16 73 68 28 2 63 99 70 51 29 38 52
1: (66 38 27) (12 93 32) (43 45 61 86) (19 64 7 35) (46 68 22) (69 24) (33 31 75 14 28 83) (99 21 36 3) 100 (49 94 60) (34 42 10) (25 74) (91 70) (11 65) (67 30) 76 (80 16 87) 50
2: (19 97 10) (88 75) (58 60 49) (65 14) 45 (74 90) 31 (21 59 1) (13 86) 43 (94 100 71 32) 51 (72 68 50 18) 35 (40 24 76 23) (53 81) (46 36 96) (54 55 22 3 25 93 83 8)
3: 41 (5 91) 14 (56 23 74 22 32) (53 7) (71 3) 90 (31 46) (43 93) 67 (28 47 27) 100 (72 12) (36 49) 76 (94 68 44) (30 11) (10 19 45 60 63) 16 (50 57 96) (13 33 83) 20 51 66
4: (34 49 14 32) 10 99 22 (51 87) (60 90 59 74 94 6) (64 81) (30 11 25 38) (96 71 21 76 72 3 46 28 43 50 24 35) (65 47 86 33) 23 68 (12 93) (45 61) (42 52)
5: 43 45 78 51 (6 14 10 93 65) 11 (77 63) (23 66) (24 60 32 76 68 49 50) (25 72 59) 20 (46 74 28 37 83) 30 21 (47 90 71) (99 53 61 81 100 54 16)
6: 32 16 (51 40) (87 31) (67 68 76 25 78) (44 6 4) 73 83 (65 24 45 46 57) 63 (11 85) 53 (77 14 60 90 54) 13 22 (50 34) (71 26) 36 (3 74) (10 28 81) (30 100 35 43 1) (15 19 61) 5 99
7: (38 65 50 21 93) (14 33) 15 68 25 (30 52) (24 83 8 78 71 17 55 76 44) (90 19) (46 100) (56 85 67 13) (74 60 54) 86 28 (3 43) (10 22 32 99) (77 63 91 12 23)
8: (94 56 25 12) (33 60 93 49 74 41 34) (8 40 26 35 54 65 90 81 47) (19 64 63 68 73 43) (10 79) (30 86) 83 (6 50 24 46) 44 (28 14) 61 (13 51 32) (76 95) 15 80
9: (48 36 65 86) (73 67) (68 95 45 29) (46 13) (35 42 76 12 30) (60 16) (34 31 51 1 14) 90 80 (63 57 32 25) 6 (23 83 100) 20 (40 50 11 28) 49 (43 15 10) 78 (18 54 74 93)
10: 51 (71 10) (76 90 20 53 74 47 67 36) (6 26) (45 14 63) (33 35 96 61 46 22 3) (43 34) 87 19 (49 13) (68 86 98 32 64 28 65 23) (16 25 11 54) 4 (24 50) (30 83) (40 60)
11: 64 (16 56 100) (45 92 88) 19 (23 93 51 65 13 89 11 17 76 68 27) (33 26) (14 8) 61 71 (10 32 81 60 83 82 24) (63 79) (70 53 54 43) (46 25) 47 (87 74 36) (49 22 30 55)
12: 33 (94 88 45 25 47 24 38 36 67 43) 85 13 (60 54 81 1 71) (23 10) (61 86) 44 (77 76 3) (90 51) (14 30) 63 (83 19 72) 68 (55 93 64 87 15 46 20 96 52) 16 (35 74) 32
13: (58 71 46) (68 21 50) (37 23 14) (49 86 74 90) (45 16 52 22 94 56 51 26 47 25 92 88 24 42 75 67 64) 76 (33 87) 6 (1 32 83 43) (63 13 93) (85 8 3 7 100) 12 60
14: (43 52 3 76 94) (25 28 79 83) 78 (19 14 13) (24 100) 75 (93 60) 46 (15 72 65 22 96 40 68) (33 44 64) (26 71 23 32 61 10) 27 (67 90 11 74) (16 51 38 45)
15: (8 90 10 13 15 46) 74 (22 41 72 35 68) (32 53) (66 19 54 83) 16 60 (56 75 81 12 64) (20 21) 33 95 (98 40 67 87 11) (88 61) (52 25 85 43 45 93) (30 65) 37 6 (3 24) 71 86 (48 78) 94
16: 70 53 (68 83) (12 61) (3 4) 93 23 90 7 (40 67) (33 10 14) (50 16 76) 82 (20 54 46) (86 32) (35 78 38) 56 (36 60) 24 92 (55 30 100) 64 6 (47 63 81) (43 58 41 74) (95 49) (65 71 94) 19
17: (60 43 17 76 14 54 71) 46 25 (68 55 65 52 50 51 88 84) 92 (87 86 10) 64 (36 22 32 41 100) (53 93 63) (19 35) 83 (11 49 94) 13 45 (20 77 67) (34 23 30 12 38 33 61 16) 24
18: (6 50 17 78 65 74 87 100 73 76 21 68 72) 81 (38 47 19) 70 83 10 (90 85) 61 3 (23 36) (67 45) 15 32 71 (12 98 8) 43 (49 60 53) (51 48 96 24 93 30) 22
19: (23 66 74 13) (63 31 61 83) 68 (40 15) 35 71 (44 47) (32 59) (79 49 100) (45 64 90) (96 36 60) (30 6) 22 86 (50 51 14 43) 28 24 (65 10 33 93) (53 99) 25 34 8
20: 88 24 12 (100 30 23) (3 25 93 74 14 26 7 13 11 96) (81 77) 60 (43 35) 22 69 94 (16 87) (49 61 45) 54 (10 44) (68 33 73 32) 76 (50 52) (90 51) (34 4 41 46 83 71)
21: 35 (24 14) (71 28 36 52) (21 88 65 17) (76 64 13) 47 83 (22 99) (100 73) (20 12 90 11 74) (19 68) (25 56) (67 92 86 91 96 40) (87 93) (26 32) (30 45 61 60 46) (50 43 23)
22: 15 23 68 22 (28 51) 25 (21 60) (13 71 12 69 74 65 24 52 34) (90 76 46) (85 83 93) (3 78 41 87) (36 14) (26 53 100) (18 11 75) (66 10) (96 86 32) (44 67) (43 49 30 50 55) (57 56)
23: 64 (86 90) 76 (28 53) 71 (46 21 20) 36 32 6 (63 61) (40 49 83 65) 96 45 (66 69 50 48) 14 68 81 (11 37) (87 88) (8 12) 51 (19 74 67) 78 93 (34 33 17 60) (23 56 10) (100 55) (13 73 30 94 43) 52
24: 94 13 (6 74 32 45 28) 25 23 (86 49 43) (68 57 12 30) (93 60) (83 46) (22 76 17 51 16 26) (8 78) (50 63 34 82) (61 59 55 53) (14 65) (10 35) 39
25: 74 64 (46 40 12) 78 (43 51 71) 53 15 (59 77 90 100) (50 23) (3 95 88 21) (76 38 52 22 20) (67 25 86) 66 28 26 (83 44 10) (30 65) (75 60 34 32 13 68 6 45 24 81) (72 85 63)
26: 61 (32 30) (53 86 43 87 36 51 52 23 65 14) 76 100 46 (28 20 83) (92 78) 85 (91 22 41) (90 68 96) (16 67) (93 71 25 50 62 94 55 45) 6 33 (88 19 10 60 27)
27: (47 37 73 12 100 94) 40 (16 67 49 29 10 87 86) (33 51 32 14) 45 (19 75) (48 13) 52 (55 43 76) 79 78 (85 8) (38 66 35 88) (71 60 6) 59 (65 80 5) (53 25 90 41) 44 (31 27) 23 (83 72) 74 96 (81 11 68) 77 (46 28 17)
28: (98 25 41 48 67 60) (94 68) 90 (83 1 8) 100 49 52 (24 61 32) (87 6 43 4) (16 44) 38 (22 65) (17 64) (51 11 21 35) (46 54) (63 28) (71 74) 82 (53 76) (73 50) (14 93 45 23 13) 33 80
29: 67 (56 19 83) (94 46 47 35 90) 20 (31 16 44) 60 54 (22 74 30 87) 24 (10 1) 100 (76 12) 3 (51 81) (96 43 14) (13 63 11) (36 50) 71 (49 65 25 86) (98 75 61) (66 40) (32 45) 68
30: 65 67 60 (75 81 45 39) (14 24 32 30) 83 40 43 33 (55 74 76 51 13 6) 90 20 (35 68) (91 26) 38 (86 15 77 44 10 87 93 54 72 57 22 36 64) 48 21 16 94 46 3 49 (71 53) 25 47
31: (19 88 98) 48 52 63 (21 81) (53 20 49) (50 83 6) 73 (46 51 80 11 67 17 22) 14 18 (60 64 93 71 8) 96 (40 74) 34 54 3 (24 90 13) 86 (36 66 76 30) 68 (7 87) (78 56) (47 43 91 25 85) (16 61)
32: 83 94 53 (8 68 67 65 24 51 32 6) (12 30) (16 49 74 36) (60 100 45 90 22) (61 2) 34 54 14 10 25 85 15 (50 86 64) 19 (76 80) (23 99 46) 43 (96 35 11) 4 72
33: (83 30) 22 100 (88 85 96) (53 90 47) 23 38 51 13 (19 60 10 54) 25 (33 15) (49 3) (44 71 74) 46 (57 68 21 20 50) 45 (17 64 32) 59 (24 43 76 28) (61 6)
34: (20 16 99) 1 (49 37) 60 (36 38 24 10) (30 72) 14 71 (33 50 90 43) (68 76) (41 100 75 4 35 66 42 92 32 87) (47 15 28 45) (21 26 96) 95 19 25 (93 54 52) (83 77) (22 74 65 98 51) (86 81 23 13 6) 12
35: (77 47 46) 25 (26 22) (10 35) (74 19 21) 12 (76 29) 64 (79 34 93 98) 86 32 (67 53 83 33 43 44 51) (100 20 71) (65 60) 36 (16 3) 91 (78 49 30 23) (56 7) 88 (90 28 85 96 68 45)
36: 53 (45 32 85 90 52 54) 74 26 13 (64 22) (3 27) 75 (58 66) 43 (30 65) 36 (76 23) 46 (14 67 24 49 35) 50 (77 83 71) 79 34 68 (100 33 19 25 87 81 94) 51 (92 89) (6 12) 44 88 60
37: (35 53) (71 16 78) (90 46) (14 66) (10 22) (79 63) 13 41 11 (15 28) (12 76 68 43 52) 60 67 (19 5) 45 (100 8) (75 23 51) (4 65 83) 96 33 (17 20) (81 94) (74 88) (34 73) 32
38: (6 86) (23 70 78) (65 28) (72 16 45 46 56) 50 (83 4 87) (13 36) (43 89) 10 (63 71 33 51 77) 54 (5 14 49 93 41) 90 100 (20 99) (94 74 35 11) 30 (92 8 21 76 25 12 55 60 48 31 26) (37 53) (32 19) 40 24 (64 15 22 75 73 61)
39: (24 41 33 30) (38 12) 88 (61 54 100) 32 (68 75 16) (60 43 49) (11 50 46) (91 6 90) (13 22 85 25 19 83) (67 87 10 28) (92 72) (64 63 3 45 23) (76 14) 35 74
40: (92 32 6 17 87) (60 38) (51 36 96) (94 77) (81 5) (31 13 93) (30 90) (68 88 24 50) (57 78) (46 66) 27 (7 54) (82 49 71 23) (76 15 45) 64 (61 74 26 8 10 67) (43 44 25) 72
41: (76 13) (20 60 37 72) (44 43) (4 68 35) (81 36 17 54) (49 30 74) 38 (41 23) (83 66) (61 100) (46 25 45 92 94 64 12) (3 99 67) 10 (62 26 85) (71 33) 86 (89 34) (32 29 15 53) 24 16 65 51 50
42: 18 (10 87 23 57) (72 40 50 81) 96 71 (6 90) (55 48 68 61 54 66) 13 (29 94 75 45 25 35) 88 (83 67 38) 49 32 (74 11 22 53 33 69 15) (16 30) (3 46 12 89 93 60) (43 100) (63 51)
43: 26 (51 35) 65 (32 45 24) (14 93 67 53 83 1) 74 (60 8) (36 91) (90 81) (19 50) (48 76) (30 25) 69 20 73 (49 96 33 44 34 94) (52 15) 16 (86 6 75 62 12 17 61) (55 23) (10 100) 78 68 (22 13 64 46)
44: (60 65 66) 86 (35 83) 90 11 (45 50 22) (71 61 74 23 67 94) 19 24 (43 53 63 81 3) (87 85 14) (51 32 8) (28 76) (26 6 57 46 41 30 68 72 16 95 75 38 13 20 88) 10 49
45: 40 47 22 (49 76 44) (32 12) 94 (90 13 96 24) 100 3 (86 71) (77 10 53 52) (27 11 57 87 45) 43 51 78 25 (83 74 63 72) (65 67 61 50) 46 (14 88 23) 19 6 (93 35)
46: (76 74 64) (83 85 49 60 90) 21 (66 35 29 79) (100 46) 71 (73 65 36 8) 33 30 (23 40 68) (13 15 96) (16 6 42 51 38 47 72 78 94 43 63 25 93 45 17) 22 3 (67 10) (12 24)
47: 77 (43 3) (24 68 71 33) (25 96 45) 44 (12 13 7 93 36) (94 69 30) (26 6 92 8 75) (87 99 83 46 65) 60 (22 90 76 35 100 41 23) 51 (74 85 14 20) (32 10 16) (21 15 47) 89 (19 54) 61 (50 49)
48: (100 88 15 29) (12 50 51 55) 93 (44 86 96) (72 65 13 63 9) 68 (47 33 45) 83 23 (6 34 43 66 32) 10 94 67 71 90 (78 30 73) (3 74 81 60 5) 22 24 (25 54 77) (87 46) (49 61)
49: (40 94 78) (79 64) (68 63 71) (10 81 93) (96 45 53) 13 (30 72 4) 49 29 (60 83) 32 (48 33 39 20) 38 75 (16 84 7 35) (52 85) 90 (88 14) 46 (95 36) (50 25) 3 (43 54 19 76) (65 73)
50: 67 33 58 (16 49 83 43) 68 61 (90 45 99 65) (44 14 55) 64 (11 6) 32 12 77 (79 36) (15 25) (24 60) 84 40 (81 93 23 91 29 96 52) 7 50 (26 35 88 74 54 71 51 19) 46
51: (73 83 91 50 12 44 34 56) 76 (16 63 41) (67 66) (60 15) (100 30 78) (58 88 22) 71 (81 68 8 35) 87 96 40 (93 13) 75 (14 74 90) (20 33) (57 38) (36 99) 54 (23 94) 61 (26 77) 18 (45 25 32) 43 46 49 (24 70)
52: 79 3 (100 13) (22 51) 57 47 (50 25 35) (68 90) (77 65) 46 78 (30 32 61 8 83 85 43 23) (87 38 28) 6 75 (64 45) 41 33 (10 93) (74 86 48) 99 60 (66 76 40 26 94 54)
53: (65 10) (40 3 22) (21 93) (50 43 64 72 73) (23 30) 90 (24 52 4 100 25) (32 56 37 33 76) 15 (46 16 31 58 1) (71 88 96 41 45) (79 34 36 83 67 61) 81 47 (75 54 68 53)
54: 86 (68 55 100 11) 3 (49 8 46 43 79 16 32) 30 (81 88 60) (50 63) 71 53 (22 98) 36 20 14 (58 45 93) 25 (77 76 28) (15 83 24 23 90 78 6 47) (75 87) (48 13) (51 67 61)
55: 65 (50 57 90 20 21) 28 (51 22) 30 (53 94) (23 15 71) (96 98 67) 25 (95 24 68) 46 (52 43 10 8) 33 (13 32) 11 (44 63) 3 (86 72 45 38 59) 100 66 (55 14 35 74 81) (49 93) (83 75) 73 78
56: (19 21 96 16 35) (15 51 90 60) 30 86 (88 93 71) 83 (85 44 14 49) 76 (95 74 10 94 55) (23 32 12) (45 50) (81 28 22 64 8) 36 53 68 11 (46 43) 61 65 20 (78 40) (33 24 67) (25 13)
57: 68 50 (85 83 43 66 35) (79 33 94 32 61 53) (7 60 30 71) 96 (54 76) 13 (75 57 63) (64 14 22) (20 81) 25 8 90 (3 45) 21 (10 6) (23 74 15 67 51 24 16 46) 65
58: 43 (26 55 11 24 76) (16 61 74 93 32 60 33 94 46) (23 14) 67 (47 21 35 52) 13 (51 30) 96 (68 19) (63 78 65) 50 59 100 22 (49 75 71) (25 45 90 89 62) 83 54 (6 53 81 3 92)
59: (53 51) 67 92 96 94 (79 76) (85 20 14 23 71 48) 88 (43 10) 100 (7 49 86) 64 (6 50 65) 73 (45 98 75 90) 46 (59 16 8 24) 13 74 30 68 (61 25) (81 12) (78 35) (36 93) (83 54)
60: 6 23 (94 61 15 67 96 100) (16 14) (21 45) (78 71 35) (49 72 68 74 43 20 30 86) (1 46 33) (34 13 50) (24 44) (57 66 19) (54 93 64) (90 76) 17 83 22 (48 60 81 95 65 10 8 52 88 7 25)
61: 36 68 (78 46 11) 50 76 (20 65 31) 93 34 10 (35 26 6) (25 66) (90 16) 83 (49 60) (52 29 14 47) (97 17 100 3 86) (53 88) 32 61 (94 71 45 81 15 43) (98 13) 69
62: (28 3) (42 4 71 48 72) (12 60) 16 54 (10 67 30 83 44) (94 68) (62 98 90 86) (21 45) (22 81) (49 52 74) (46 85) (36 51) 57 (17 24) 88 13 (43 100) (23 61) (55 64)
63: 78 100 54 10 87 (43 64) (14 23) 46 (47 32 19) 24 (45 12 20 88 30 22 8) (35 96) (11 83) 38 (90 67 63 65 74 60 68 70 79 76) (15 25 81) 71
64: 86 14 (48 83) 43 (3 65 66 25 11 38 36 96) 68 (20 45 77 8 74) 88 (19 16 54 46) 76 (87 49) (34 51 61 33) (50 47) 60 67 94 (12 44 13 23 32) 59 (31 85) 95 6 (40 93 22) 71 (90 28 80)
65: 57 35 53 (51 60) 76 23 96 (83 93) 68 28 (37 3 90) 85 (30 25 33) (16 43 75) (66 95) (74 61 87 49 10 24 50 64 65 13 71) 52 (32 77) (45 11 73) (44 81) (46 100 94 14 17)
66: 90 35 (61 54 71) 94 68 (22 8) (83 10 20) (29 49) 11 41 85 78 16 37 28 (93 26 64) (81 74) 59 (13 53) (7 6 17) (30 60) 24 (3 91 51 23) (65 50) (100 47) 34 (45 43) 46
67: (96 83 90) (86 68) 12 (71 64 67 60 3 46 25 100) 19 54 (47 17 32 23) (61 41) 56 (33 24 94) (53 36) 75 (78 11) (45 52) 87 (21 13 14 74 93) (63 43) 6 35 (76 16 30)
68: (16 26) 60 (46 54 25) (68 15) (28 36) (10 53 30 76 93 50 71 63 85) (78 14 34) (74 65 21) (38 51 19) (83 1 8 32) (43 47) (87 100) (67 39) 81 49 (45 77 88 12 35 31 24 48) 56 61
69: 76 32 49 65 94 (20 43 54) (66 46 4) 53 (41 30 88 75) (36 74 35 19 40) 21 64 86 (22 26 51 6 77) (83 90 57) 11 60 73 (50 33 23 15) 71 (68 10 13 28)
70: 83 (27 81 24) (28 8 91) (15 99 14 61 35 67) (87 60 21 33) 19 63 (73 86) 65 46 (23 88) (45 10 26 31 30 51 11) (53 76) 75 (22 12 74 90) 50 (43 34 44) (20 16 100 68) (25 66)
71: (66 71 96 10 46) 25 (50 7) (5 44 15) (83 95 13) (21 75 8) 30 (63 77 6 38 51 12 22) (86 73) (67 16 74 33) (92 53 98 94 68) (40 90) (59 60 65 80) 78 64 (23 45) 72 41 88 (43 34 24) 56 (3 61 87) 32 (54 28) 31
72: (16 45 34 77) 14 (24 95 10 19) (46 74) 25 33 (87 53 35 76 60 54) (96 3) 8 (17 22 65 90 11 43 100 49) (13 78 29 30) (73 50 94 89) (28 61 68 83 36) 21
73: (26 32 52) (46 95 86 68 64 60) (90 12 28 83 67 48 30) (57 13 8 100 74 92 25 49 76 65) 43 75 24 (45 87) (59 93) (10 51 23 94) 22 (19 14 63) 53 (81 79 16) 73 (36 50)
74: (61 63 77 68 22 60) 10 (83 96) 52 (33 50) (49 81) (85 43 64) (3 23) (86 54 94 30) (9 46) (28 71) 15 5 (17 90 51 25 20 19) (53 21) (91 65) (76 74) (11 93) (12 8 66 40) 32 (78 35 67 24) 14
75: 10 (6 76 20 13) 49 96 (28 77 59 19 67) 50 (51 70) (94 90 83) (62 35 30 36 68 60) (38 24) (48 44 55) (16 33 23 78) 46 (43 40 26 57) 93 (45 32 8 74) 15 (12 86) (22 100 53)
76: (2 83) 51 81 46 95 7 71 63 23 (14 54) 64 15 47 79 (28 32 65) (68 49 43) 26 37 (30 55) 94 (100 22 24 76) (20 77 93) 25 (57 86 45 60) (48 21 10) 6 (90 74 34 13 96 98 73 50 53 40)
77: (13 60 71 92) (54 3 43 33) (73 75) (56 61 21) 83 (24 68 96 19) 46 (6 12 100) (25 81 63) 64 (90 22) (14 78) (30 32 76) (86 49) (42 23) (99 74 77) (16 93 51) (36 45) 20 88
78: (83 78 43 10) 6 88 23 (36 71 74) 55 (90 20 76) (34 100 49 94 14 25 30) (77 50) (65 8) (81 3 61) (68 93) 64 (12 13) 92 79 86 19 (91 7) (21 16) 33 24 46 (51 96) (54 59 67) (87 35 53 60 32) 22
79: 47 (67 12 34 65) 76 (10 32) (86 58 64 60) (45 13 68) (71 93) (87 41) 43 (33 46 25 24 53 28 78 52 74 3) 90 30 62 (51 1 63 35 40) 8 (66 27 17) (29 94 50) (6 96) 23 (11 83)
80: 53 (45 14 75) (57 67) (83 6) (42 28 65) 68 96 (32 73) (78 49 87 8) (35 100 76 25 44) (16 21 23 72 64 93 86 74 34 55 26 60) (43 17 46) (71 81) (11 89 61 51 24) (88 29 94) 50
81: (76 24) 11 5 (67 73 12) 13 (33 95 93) 1 (100 46 94) 28 (32 49) (96 47) (64 30 77) (78 8 83 43 50) 3 (10 38 71 53 56 20 44 16 17 63) (85 74 45) (82 48 23) 86 (21 51 90 60 25 57)
82: (22 54 71) 59 (21 12 19 57 44) 67 25 47 64 46 48 28 13 (43 4) (55 14) (3 66) (99 74 15 10 60 91 86) (83 24 49 38 77 73 11) (23 76 35 26 90) 45 (30 94 8) 68 65 (93 51 63 33 87) (18 96)
83: 76 (29 8) (98 10 52 94) 71 1 (83 6) (49 20) 89 50 (74 25 22) (3 63 11 61 68 13 14) 75 (16 43) (85 93) 45 82 96 (81 32 35) (99 60 55) 24 (15 90 7 30 86) (53 66) (100 28) 23 (44 46 21)
84: 87 (49 20 68 72 45 83 100 36 34 12 52) (90 77 76) (74 81) (14 67 47) 15 (27 24 50 44 35) 64 (13 10) (30 99 32 1) (46 25 43 78) (91 22) 51
85: 13 71 94 (24 65 83 27) 43 (33 76) (68 66 32 57) (54 14) 80 30 (47 5 3) 22 67 61 10 51 64 (45 35) 86 (60 53) (46 25 96) (19 98) (55 23 21 49 88 44 90 20 50 73 74 36) (48 16)
86: (21 38) 43 24 (32 30) (53 6 11 14) (54 70) 42 (86 46 74 15 51 31) (92 100) (47 95 65 50 90 10 60 16 73 19) (33 87 76 68 71 23) 66 12 (28 45 49) (22 20 8) (26 83 40 13)
87: (43 60 30) (10 51) (24 35 14 26 76 72 94 34 46 22) 6 25 (55 73 13 100 81 77 68 88) 79 53 (93 91 16 21 45) 65 49 (83 74) (28 67 20) (90 23) 41 (96 54)
88: 79 46 99 (4 96) (28 88 36 8 74 80 43) 68 (94 93) 67 63 (40 32 23 61) 86 (60 19 100) (83 20 29 90 33) (11 25) (24 34) (71 13) (65 6 26 45 3) (54 76 35) (30 14 10 22)
89: (19 39) (45 91) (100 14 20 11 21) (38 3 41 96 49 76) (99 36 68 24 69 87 78) (51 53 10) 83 (16 25) (23 46 48) (47 65 43 15 6) 13 50 (29 35 12) (26 30 71) (18 70) (74 88 81 67 32)
90: (53 64) 65 (24 34 29) 15 (83 50) (48 28 13 22 73) (60 41) 43 14 (6 16 52 35) (91 3 90 12 30 74 19) 96 (25 85) 49 (77 100 93 17 94 45) 54 (88 68) (46 61) (26 86 66 51 36 71)
91: (68 46 61) 14 (45 24 40 54) (10 50 87) (71 66 43 92) (27 90) 12 (79 51 77) (53 55 100) (64 22) (60 6 69) (13 81) 49 (34 89) 93 65 (25 67) (15 94 33 88) (85 23 44) (11 35 30 36) 83 41 (19 76)
92: (90 14) 25 (65 5 76) (51 63 43 81) (48 93) (32 78 94 45 12 13 33 49 56 6 60 21 16 46 61 30 23 54 29 24 15 73 74) (10 59 38 22 71 67 64 11) 87 (83 3) 68 50
93: (23 46) (13 19 74 54) (58 24) (77 95 29) (66 44 43) (35 21 81 90 22) (68 10 99 45 85) (93 55) 52 (8 76) (25 64) (6 49) (78 71 83 60) 67 30 (12 3) 20 (47 40 61 28 65 32 38) (96 15 50)
94: 64 60 43 (10 65 24 45 53 71) 16 (76 1) 29 11 (2 6) (38 98) 27 (68 83) (8 17 35 41) 25 63 (75 90 86 92 23 32) 42 (54 70) (100 87 14 46 19 96) 74 (13 78 3 12)
95: 76 (45 68) (93 22 39 83 55 13 87 49 25 23 85) (24 94 60) 86 (48 33) (34 90 75 11 73 30) (16 66 12 41) (26 32 58) 80 14 (36 10 46) (51 96 74 44 50 100 43) 52 (64 78 54 77) 63 (72 71)
96: (83 13) 33 (59 61) (6 45 57) 73 (75 24) 87 (50 53 94) (67 68 60 100) (16 25) 30 (36 79 51) 12 (65 90) 11 (23 76 49 10 71 14) (46 96 40) 74 64 26 43 28
97: (95 99) (68 81 53 94 28 61) 10 (76 38) 14 (23 96 33 36 3 6 24 60 34) (32 74 83) 46 (66 25) (26 89) 16 86 (45 62) 73 (67 21) 48 54 (50 100) (90 43 17 13) (49 15 63 55) 77 (51 19 93)
98: (26 11 35 12 70 28 61 44) (24 86) (32 73 3 93 54 20) 78 (68 53) 21 (94 14 10) (8 56 43 51 13 80) (36 85) 100 23 65 83 (6 76) (25 96) 41 7 45 16 50 46 (60 87 22) (88 17) (64 74)
99: (93 30 86 15 19 10) (49 74 33) 29 3 (47 22 66) 32 65 (90 13 28 96) (25 61) (73 76) 36 (79 38 68) 24 50 (94 21) (100 46 27) 43 60 (35 81 51 12 83 14 40) 78 18 11 57 8 (23 31)
100: 13 21 33 (3 93 68 64 75) 44 100 (62 30) (49 96) (10 8 12) (16 65 79 70) 71 24 (83 45 23) 86 48 (51 36 76 99) (43 25) (88 60 6) (11 22 74) (53 46 50) 78 90 28
