100 100
1: 2 98 89 43 94 22 47 1 31 68 93 30 56 50 67 36 70 91 55 24 58 75 61 35 21 14 96 45 51 20 76 5 87 42 3 16 23
2: 12 92 13 75 2 62 33 83 38 32 84 86 25 65 28 96 52 61 15 73 100 58 76 36 22 98 37 40 90 39 24 55 9 59 43 77 5 29 34 1 87 93 41 14 63 66 47 85 51 79 44 3 11 89 68 21 88 30 95 42 6 53 60 18 20 82 71 48 50 45 54 80 78 4 74 8 97 64 70 57 26 19 10 31 27 35 99 91 67 23 46 94 17 69
3: 8 50 63 74 35 71 30 34 78 55 57 53 20 12 96 19 17 15 21 56 18 23 68 32 82 9 52 49 90 73 4 36 7 27 44 66 72 41 29 16 28 2 79 31 86 100 91 51 95 70 80 11 25 85 76 33 48 97 77 65 98
4: 73 27 58 49 91 54 96 94 7 83 76 46 38 85 62 23 52 53 30 69 60 81 19 78 61 35 34 42 68 97 44 9 21 36 32 84 13 77 43 59 99 8 57 26 56 31 5 11 74 82 4 22 1 100 48 63 25 15 64 28 45 90 12 40 39 14 41 98 89 16 72 24
5: 45 66 46 67 21
6: 19 73 18 65 93 22 55 54 69 44 74 47 37 42 31 86 66 40 67 16 96 39 89 82 13 8 97 27 28 57 45 36 91 52 59 80 70 58 4 23 38 25 2 15 32 72 77 14 24 49 41 85 98 17 100 46 20 71 29 61 30
7: 64 7 36 46 86 69 28 11 77 59 80 76 73 20 19 18 91 60 94 3 72 5 70 30 63 17 34 90 24 10 89 13 26 48 55
8: 64 8 72 51 78 20 57 45 17 24 60 67 35 62 12 75 49 77 70 82 63 91 43 14 94 21 29 42 52 61 54 56 40 18 80 25 46 73 3 87 31 66 41 89 16 55 6 22 15 88 2 26 27 1 100 7 83 65 30 36 98 97 76 74 23 13 58 69 86 85 4 59 50 93 38 33 28 90 47 71 81 99 92 44 34 53 32 96 19 79 10 68 5 9 39 48 11
9: 35 12 90 74 71 44 23 34 13 65 81 8 88 66 96 70 2 100
10: 88 19 16 8 52 70 99 72 36 69 1 66 58 79 23 97 100 56 31 12 86 44 60 85 40 82 13 11 42 77 30 2 41 90 65 54 61 64 27 94 96 81 98 18 67 46 33 63 10 32 95 51 26 43 50 6 87 39 59 68 49 34 83 75 4 35 9 93 62 3 55 21 28 47 20 91 38 74 71 25
11: 54 42 6 61 94 10 83 29 55 4 76 89 90 91 75 84 3 73 41 18 13 23 44 69 85 21 9 51 5 2 7 17 28 50 46 62 79 100 86 53 87 81 96 67 45 39 1 20 65 78 99 60 47 12 40 43 26 63 92 48 97 24 32 74 98 58 19 56 11 8 35 36 25 64 37 72 52 82 77 15 16 57
12: 5 85 27 14 67 17 23 73 18 25 4 2 26 55 66 12 88 81 54 60 52 43 77 35 72 69 59 53 24 61 90 46 97 83 42 92 20 28 99 3 32 68 38 50 49 45 58 84 16 96 100 19 89 76 30 91
13: 12 54 96 63 13 4 48 21 58 29 44 46 60 88 87 31 89 51 80 39 55 90 18 100 42 67 76 91 25 75 27 36 77 57 92 28 86 15 43 5 38 30 32 83 94 7 49 69 16 62 35 85 47 19 20 23 52 56 34 17 73 40
14: 60 24 74 42 4 15 58 73 47 52 31 67 51 40 54 66 81 48 77 98 79 91 70 26 10 16 90 55 53 1 36 87 96 86 71 2 69 41 37 43 27 61 18 3 29 65 45 25 99 20 62 89 35 9 7 34 76 6 84
15: 61 93 83 5 97 69 1 21 54 62 94 28 33 58 24 32
16: 91 19 95 31 25 63 61 9 70 53 42 28 26 52 75 11 81 3 21 79 8 76 89 69 14 34 84 15 50 7 62 92 67 96 66 94 54 90 98 24 30 82 80 85 48 83 65 38 6 18 29 17 77 32 4 59 64 46 68 40 13 49 60 73 74 44 1 55
17: 87 38 26 82 83 94 92 59 60 42 65 76 85 35 88 3 4 5 20 86 78 73 32 95 46 2 33 12 57 69 98 68 91 74 97 53 75 19 50 40 8 63 22 18 7 28 72 41 15 10 47 45 90 56 31 49 51 100 37 16 80 54 52 62 30 99 77 43
18: 31 98 2 66 6 16 28 89 79 32 49 69 27 50 85 30 80 78 88 70 8 29 36 17 84 77 10 41 47 39 34 91 56 35 19
19: 45 85 49 36 46 79 18 3 89 81 96 32 66 19 4 24 33 75 40 90 67 74 84 73 9 21 15 14 2 31 69 97 30 56 57 5 62 91 82 100 44 37 22 42 39 26 50 52 70 7 6 13 23 99 59 27 87 47 64 25 43 78 28 77 35 54 20 76 71 17 95 53 16 92 61 55 93 98 8 51 12 88 11 10 65 1 94 63 72 38 60 80 34 83 41 29 68
20: 10 44 67 13 27 23 45 100 26 50 24 28 33 5 43 57 48 42 36 68 86 56 22 32 93 2 87 4 21 96 11 89 7 37 39 85 51
21: 99 81 98 38 18 73 72 89 27 56 75 42 61 76 71 16 47 43 74 41 17 93 70 28 22 13 62 11 67 52
22: 27 13 25 20 21 14 77 72 2 96 84 90 81 42 34 8 47 4 82 79 39 35 94 63 18 26 59 16 67 19 3 36 1 52 12 61 99 97 29 57 23 7 17 45 70 56 31 93 33 54 53 11 91 85 78 71 44 87 28 98 51
23: 66 4 44 8 99 37 72 84 75 6 2 85 81 73 67 34 71 39 36 3 42 77 94 92 82 93 88 12 20 95 10 23 28 14 48 19 33 40 68 87 17 16 41 74 24 31 13 54 90 69 65 1 86 57 52 35 59 29 43 62 80 64 89 53 98 58 56 45 9 96 38 18 83 61 70 91 15 47 60 97 32 100 11 79 25 46 22 21 27 55 7 76
24: 10 41 51 65 91 6 9 31 94 96 34 73 40 46 77 62 20 48 67 93 53 24 30 76 58 14 33 78 11 44 74 98 89 3 75 36 5 26
25: 28 91 63 97 31 42 48 13 62 77 53 87 38 46 34 3 5 73 75 70 17 8 4 80 61 37 78 79 95 90 43 69 12 54 55 47 39 1 64 14 23 81 67 86 56 16 11 18 66 41 89 33 10 98 83 65 9 36 50 51 24 15 92 32 68 74 35 20 96 82 59 26 44 27 25 30 57 85 72 52 88 99 45
26: 31 90 72 79 61 88 11 20 17 43 60 27 58 75 51 40 22 55 34 56 49 89 73 54 81 35 8 2 3 29 9 13 85 15 96 45 50 10 82 65 78 41 87 18 74 97 53 5 21 28 77 30 93 99 76 47 26 59 6 39 95 42
27: 26 20 13 11 45 60 31 68 22 63 42 28 12 54 93
28: 44 2 43 53 73 18 88 22 96 37 40 16 85 60 36 64 6 79 19 62 89 52 65 93 56 90 77 21 3 94 35 20 17 24 54 7 33 39 48 42 5 9 59 82 34 72 92 98 91 28 61 14 87 97 100 13 57 71 63 76
29: 41 27 39 99 35 20 15 46 10 66 5 48 84 80 89 58 2 63 17 91 56 100 55 78 88 31 18 54 97 36 90 82 96 68 61 87 11 40 24 28 19 37 16 60 94 51 8 57 6 86 92 13 3 38 59 44 49 34 9 95 50 22 23 47 83 75 62 25 52 85 67 74 12 45 76 70 32 42 71
30: 8 68 92 89 19 4 6 27 18 42 87 96 20 26 81 53 60 33 63 11 46 10 57 85 44 25 22
31: 60 1 19 97 52 7 55 81 56 93 48 12 4 8 34 41 92 39 53 26 18 65 11 44 6 63 15 68 16 33 84 100 38 54 32 95 71 78 74 49 75 88 67 23 73 87 70 80 86 10 64 9 27 45 98 24 58 17 61 96 99 89 40 85 62 36 91 31 29 72 30 94 90 82 77 37 79 28 50 51 47 43 35 83 20 42 13 59 2 46 66 57 5 76
32: 37 24 13 40 83 3 100 5 66 28 11 57 22 92 90 75 60 12 62 7 4 36 34 82 2 72 63 32 1 67 39 50 20 18 96 9 74 99 85 61 97 68 21 41 25 8 52 81 27 10 77 42 91 55 6 78 69 33 95 30 46 15 26 44 71 73 88 19 45 31 89 93 70 49 79 87 29 56 98 58 65 84 64 86 59 38
33: 66 62 71 45 85 27 3 73 50 68 5 49 92 57 74 40 1 61 43 22 9 84 16 19 36 6 76 47 31 14 30 38 58 56 96 32 69 4
34: 20 57 75
35: 87 29 15 93 11 3 74 6 36 77 58 59 13 43 65 71 48 85 66 61 28 75 31 41 45 90 35 5 69 39 2 19 82 42 78 60 95 18 72 98 83 84 94 1 50 67 99 73 57 7 20 56 40 25 88 89 96 9 24 86 4 46 34 12 55 21 16 79 37 62 26
36: 95 85 68 66 92 97 60 62 28 4 86 43 12 79 38 77 91 69 26 65 78 56 54 18 40 59 64 71 35 13 8 41 6 19 39 61 22 70 32 7 2 21 98 73 81 80 48 84 27 93 34 33 89 75 23 30 3 51 36 44 25 11 20 100 5 88 37 47 96 72 42 52 99 49 87 58 14 10 76 94 46 50 74 31 82 55 67 83 29 90 63 17 53 1 24 57 16 45 15 9
37: 39 95 80 90 32 62 58 83 38 66 92 23 91 84 48 98 2 10 13 44 79 86 9 68 29 81 46 7 40 3 59 28 1 88 85 42 14
38: 77 60 76 55 91 25 67 64 21 43 70 47 92 73 95 93 80 30 61 33 54 44 69 6 87 1 35 86 98 27 9 71 5 74 96 39 8 3 38 62 56 84 41 65 51 94 85 12 79 88
39: 60 75 88 65 55 25 79 98 61 35 23 43 90 70 89 87 41 71 51 50 78 45 29 18 44 73 84 4 21
40: 83 35 19 88 36 87 85 39 2 24 47 27 100 37 17 49 32 18 48 6 68 57 72 55 67 11 93 3 25 76 22 63 12 58 16 86 81 77 84 33 66 74 98 4 5 73 10 23 52 43 64 65 75 44 31 95 20 80 34 29 21 70 51 26 42 38 82 54 50 15 46 7 56 69 96 91
41: 51 37 64 90 72 98 71 23 1 73 78 25 84 33 44 86 2 75 52 20 69 41 30 55 57 15 17 7 81 54 12 5 83 59 34 70 39
42: 31 41 99 24 49 21 54 27 67 60 39 78 73 50 62 97 84 40 81 87 100 22 19 9 66 48 29 61 16 23 1 92 63 43 12 37 55 47 72 25 44 95 20 53 8
43: 55 78 27 34 93 88 21 72 94 3 5 53 45 43 28 10 41 52 12 6 86 26 44 46 9 31 65 15 97 54 64 19 96 16 98 58 57 59 83 63 90 50 24 25 81 35 39 8 18 13 80 61 100 7 1 56 89 38 49 66 47 95 23 17 73 92 11 30 85 48 2 37 36 69 71 29 60 68 22 75 77 33 91 76 84 40 74 67 62 70 99 20 87 32 14 4
44: 78 42 77 25 64 68 41 26 85 52 90 59 82 96 50 33 24 92 44 65 5 40 80 4 71 14 91 7 66 79 12 72 37 89 23 86 32 97 43 93 99 51 31 30 53 83 94 95 45 34 16 6 84 28 63 1 98 47 58 76 36 10 70 60 19 67 35 20 21 8 29 22 38 73 87 49 55 88 57 3 61 39 69 56 74 62 9 75 100 11 48 81 13 46 27 15 17 2
45: 12 26 77 30 33 55 100 20 89 88 86 7 56 75 85 36 34 60 93 47 42 25 1 48 97 5 69 23 35 46 82 95 66 57 81 96 18 68 41 99 63 19 94 14 17 70 24 45 13 29 92 98 83 39 65 64 9 49 62 10 38 78 91 76 84 43 52 27 71 6 3 8 87 11
46: 28 56 2
47: 97 36 30 99 65 81 56 95 25 85 86 78 35 89 62 23 8 94 19 6 83 32 4 68 92 76 38 58 55 63 91 43 3 67 40 33 28 98 42 5 77 37 90 96 11 49 20 22 48 18 34 100 9 50 41 88 21 93 10 17 80 2 12 73 24 69 57 79 52 71 61 51 74 15 87 27 82 64 29 39 60 70 7 26 75 13 31
48: 30 41 35 61 89 3 93 14 97 55 4 26 69 60 81 63 75 51 64 80 73 28 19 48 79 77 39 45 57 32 99 34 10 62 88 50 33 47 84 15 7 40 49 9 5 20 1 100 85 65 95 22 82 66 36 74 90 16 71 18 67 31 12 54 23 2 42 43 70 91 92 98 86 72 6 25 96 44 52 11 17 87 37 56 78 59 29 83 38 27 46 94 58 76 13
49: 25 64 61 4 10 98 76 13 89 14 23
50: 27 84 99 83 2 72 66 38 98 97 90 60 21 85 48 24 45 79 74 9 53 68 88 70 31 5 34 37 25 82 14 86 94 89 15 17 19 8 1 63 43 49 80 4 65 69 56 32 7 78 64 3 20 39 95 54 71 59 13 47
51: 67 21 26 22 35 64 29 72 71 1 24 37 42 47 63 11 83 84 76 95 27 68 40 100 53 45 31 51 99 32 73 94 30 89 62 79 88 8 96 98 20 60
52: 63 54 52 98 70 79 1 91 80 20 34 5 73 38 72 2 37 61 21 10 76 15 33 60 35 46 56 47 42 50 12 82 26
53: 38 96 13 6 2 64 3 27 28 34 20 33 4 97 54 53 60 36 12 31 59 46 44 55 23 95 63 18 11 67 69 48 87 8 22 25 62 86 39 16 98 43 35 30 74 80 85 17 50 79 41 77 9 49 99 19 90 32 91 78 26 75 37 81 15 47 1 92 76 89 93 24 100 7 29 83 68 56 94 5 71 21 57 61 45 73 66 52 40 58 84 10 65 14 42 51 70 72
54: 34 75 69 94 39 64 38 37 13 89 42 31 85 33 79 92 54 27 87 15 44 56 1 90 93 3 24 50 4 67 30 22 59 23 49 98 2 74 55 72 68 96 18 62 7 46 57 78 6 16 19 83 88 41 86 81 25 65 12 66 36 10 53 48 84 52 35 47
55: 61
56: 36 66 83 38 41 23 30 16 89 91 73 65 92 95 51 20 12 70 8 97
57: 58 77 3 63 45 28 80 62 82 76 83 40 90 69 15 46 81 59
58: 13 6 94 99 54 25 83 30 26 71 70 82 73 37 45 98 80 15 88 85 91 64 43 32 19 10 52 7 90 44 49 55 35 97
59: 16 76 35 11 28 56 57 33 29 95 97 30 27 77 83 23 41 74 100 42 55 67 31 47 37 99 73 62 91 75 1 20 79 94 38 53 54 93 52 84 39 60 8 50
60: 77 4 62 53 34 69 97 17 35 98 32 85 89 3 36 13 68 80 88 9 41 84 70 87 51 56
61: 52 72 41 97 100 99 8 88 1 26 38 94 36 48 98
62: 6 45 73 23 10 21 57 18 49 3 56 95 68 85 50 22 64 91 40 7 31 28 66 92 25 94 30 14 72 86 42 17 84 81 13 2 98 24 67 53 63 99 15 1 90 38 100 54 55 79 97 34 83 16 41 82 76 75 39 74 96 12 44 36 59 8 27 87 62 58 88 19 65 35 9 29 61 69 26 46 71 5 89 11 51 70 32 43 52 33 77 20 47 60 37 93 78 4
63: 67 24 45 92 62 15 30 73 21 53 70 46 2 57 44 88 40 20 16 69 91 98 39 85 60 7 95 19 90 50 31 97 56 5 25 28 87 79 33 49 4 59 23 66 12
64: 78 18 69 31 27 19 87 42 54 15 33 7 96 21 45 32 40 30 65 83 81 63 85 93 43 14 3 89 8 70 48 37 25 77 57 49 71 51 29 46 20 94 24 5 22 84 99 75 9 72 36 16 10 26 92 67 68 4 23 60 55 41
65: 93 63 68 34 40 88 96 84 66 32 86 11 47 3 56 36 37 97 42 78 98 19 61 17 45 7 10 24 30 67 39 15 27 91 70 35 59 58 6 76 52 53 77 26 94 28 95 72 100 29 71 81 25 49 62 4 83 9 73 44 57 31 33 50 60 75 90 2 82 23 20 22 48 18 89 5 8 54 46 65
66: 41 11 28 27 40 65 31 36 45 51 23 2 32 66 25 39 49 92 47 71 8 57 90 86 21 100 15 33 14 12 56 69 72
67: 72 5 64 15 80 13 11 76 42 91 7 100 36 33 83 35 44 60 9 58 10 12 50 71 84 94 6 55 77 40 98 14 59 63 70 62 73 29 1 61 17 34 57 97 81 37 85 69 93 19 16 96 68 66 95 54 56 3 23 30 46 8 41 82 39 48 43 52 79 20 74 86 24 31 99 38 21 78 22 88 18 53 26 45 65 67 75 90 32 92 49 51 25 87 89
68: 14 60 72 47 65 85 56 58 96 81 28 15 84 76 94 11 20 7 4 34 91 66 23 83 67 63 82 73 71 38 3 52 78 39 69 53 59 64 77 86 100 31 18 51 44 57 29 5 32 33 2 37 27 41 45 25 89 6 61 17 16 55 93 68
69: 7 96 86 64 85 34 77 62 50 91 66 52 87 22 9 26 15 61 1 28 71 37 41 72 83 97 12 25 98 2 94 68 84 32 99 51 80 57 20 54 48 55 47 4 3 8 67 43 10 39 65 13
70: 42 13 87 100 98 29 11 73 7 19 91 46 54 57 78 69 26 21 92 3 89 15 18 74
71: 31 20 76 21 95 83 42 11 1 75 19 73 16 68 56 24 3 52 47 61 84 15 97 33 100 78 85 91 50 80 82 6 69 37 25 63 89 88 43 71 55 45 34 41 17 58 12 22 67 29 53 5 7 27 57 36 59 94 93 60 79 87 98 54 48 96 62 51 74
72: 82 21 12 65 19 31 36 79 15 75 76 51 23 30 34 67 95 66 45 33 24 14 53 73 52 6
73: 80 16 94 83 41 7 42 34 35 52 92 15 53 55 78 62 77 89 43 58 54 8 40 37 84 39 63 23 86 44 4 70 14 21 81 65 90 87 3 79 95 38 74 12 28 61 27 76 56 25 67 13 1 26 32 85 68 30 10 22 29 50 91 49 73 18 59 71 11 20 82 93 33 6 48 66 96 75 17 98 51 45 97 69 72 19 100 88 60 9 47 99 64 24 46
74: 22 65 17 58 43 97 34 18 41 63 29 74 9 25 73 64 86 47 30 96 84 70 69 80 45 38 76 93 48 94 82 5 39 98 13 55 75 60
75: 69 30 21 14 77 38 63 84 34 64 49 53 73 47 72 82 96 16 100 13 44 22 50 26 74 56 23 36 2 42 65 79
76: 61 1 98 58 73 12 60 91 38 100 41 74 36 33 14 64 27 2 78 93 75 51 70 30 95 86 55 57 16 52 85 13 53 56 32 90 44 43 5 42 89 10 6 63 83 9 67 4 47 35 65 72 23 82 49 11 15 20 59 39 40 97 66 88 50 87 18 34 25 77 94
77: 54 62 13 4 61 7 91 25 75 41 98 3 70 19 44 56 69 95 63 68 29 46 42 84 80 36 81 26 93 6 37 12 82 43 55 38 15 87 53 90 97 33 78 47 24 99 74 40 10 79 86 49 28 92 48 30 21
78: 88 60 51 92 66 100 55 52 72 29 62 9 73 53 13 78 10 3 57 28 98 26 19 70
79: 81 55 51 57 12 73 70 22 89 11 26 79 47 54 28 35 43 13 36 34 100 69 1 21 24 90 8 6 83 42 99 9 82 38 56 46 49 88 85
80: 53 61 99 8 38 40 56 27 29 10 17 95 91 76 50 100 96 30 62 32 13 1 83 98 78 7 18 80 43 87 44 31 60 23 41
81: 35 45 10 13 14 83 25 60 1 56 64 49 70 18 54 42 41 69 19 26 98 21 72 24 29 33 80 2 94 48 34 36 15 43 77 30 84 57 81 59 20 97 50 63 76 39 61 12 27 40 31 89 51 85 100 6 71 99 11 86 74 46 73 23 22 17 87 55 58 52 8 66 53 67 78 96 62 91 32 9 90 82 28 65 92 93 16 95 47 7 38 68
82: 35 49 95
83: 99 19 67 94 62 27 81 89 90 4 69 64 88 44 32 1 68 20 52 71 70 36 33 39 78 24 65 56 93 30 53 50 84 41 98 92 63 26 6 77 61 85 58 11 29 100 96 97 51 80
84: 38 2 52 79 89 57 80 74 71 64 94 3 10 18 86 40 45 33 44 25 81 20 59 85 12 16 55 65 96 90 63 11 19 82 53 91 88 48 70 4 97 9 69 42 49 46 67 75 60 36 23 29 47 66 50 41 43 17 13 83 5 54 100 77 87 68 22 61
85: 28 1 11 72 46 74 39 29 22 82 13 88 17 81 21 55 77 3 92 37 42 61 41 34 43 83 62 60 48 10 98 31 45 80 44 99 66 59 19 30 18 70
86: 52 73 66 57 76 15 99 9 4 13 83 37
87: 10 19 46 6 9 76 56 60 63 59 32 91 100 52 1 24 44 12 30 2 86 77 40 38 25 96 70 33
88: 48 97 3 17 24 14 89 13 54 26 56 94 84 2 90 16 85 8 28 83 52 60 40 39 53 23 18 45 33 87 30 12 15 34 95 68 35 1 70 9 64 71 63 62 69 38 36 51 81 75 73 99 42 31 76 5 61 79 82 59 93 98 25 80 47 46 41 78 77 37 44 58
89: 87 93 46 31 76 48 17 39 33 75 58 64 60 77 27 99 81 37 49 69 83 86 57 54 23 9 7 44 16 51 89 90 5 91 29 47 13 10 1 38 20 73
90: 32 97 59 35 73 60 18 2 72 85 56 80 28 49 61 34 23 38
91: 19 21 10 24 6 56 52 99 23 77 26 93 5 64 9 20 74 36 30 48 28 87 57 92 38 1 66 81 14 13 88 54 27 16 44 39 100 72 60 4 47 37 35 78 97 40 17 3 55 91 8 41 63 34 12 96 2 33 86 42 32 45 69 70 85 25 61 84 80 49 53 90 31 83 29 82 73 67 94 79
92: 25 3 92 68 31 67 77 72 46 76 37 21 18 15 45 85 95 10 60 12 29 98 100 27 81 38 7 2 36 73 84 34 14 53 94 78 71 20 97 30 13 43 42 79 33 99 40 86 65 64 50 93 57 83
93: 73 38 29 32 50 59 42 6 36 5 57 17 22 92 98 72 21 70 87 63 19 67
94: 50 98 9 75 13 6 46 31 92 12 97 5 20 14 83 23 89 63 91 4 96 41 39 76 74 94 61 36 35 57 45 55 79 53 27 90 49 11 42 66 68 40 43 56 38 100 69 71 18 21 25 17 58 78 44 34 2 26 87 37 3 30 77 24 88 15 54 33 72 64 7 70 99 1 29
95: 97 81 2 78 52 41 24 31 17 38 89 20 23 46 44 39 14 50 98 75 99 13 54 15 25 58 76 87 66 5 79 71 22 8 49 48 53 45 16 4 21 1 3 91 62 37 9 60 33 64 80 43 90 42 86 57 26 47 85 96 28 88 72 56 82 73 29 59
96: 33 54 31 86 76 44 57 40 80 84 73 88 30 1 16 55 64 9 37 72 15 99 36 91 6 27 23 24 46 69 74 96 65 38 14 78 63 43 90 83 71 68 4 3 29 77 39 18 34 56 100 32 94 92 85 82
97: 32 94 33 2 23 84 58 63 97 46 51 20 24 98 91 64 72 29 96 66 61 76 79 5 47 13 62 12 25 6 67 1 85 17 8 90 53 26 50 54
98: 68 1 34 66 89 91 65 43 2 46 97 75 70 81 78 9 90 93 26 77 57 16 39 63 13 25 20 5 73 87 71 60 52 55 36 45 11 30 3 27 80 29 22 14 15 62 12 7 8 61 94 100 4 53 82 74 48 72 18 86 95 76 98 31 35 51 69 10 24 40 19 83 38 33 88 37 23 54 49 44 56 96 85 58 67 21
99: 27 79 74 82 12 44 33 13 34 46 16 85 37 70 71 83 50
100: 1 67 64 87 23 89 50 27 33 80 31 8 55 76 99 78 81 56 51 39 71 95 82 72 58
1: 62 (53 54 15 4 1 44 14) (85 31) 91 (94 11 69 16 71 79 52 83 59) 41 8 (95 32) 25 98 (61 36) (76 73 19 43 89) (22 10) (42 100 96 97 88 48 87 35 2) (23 51 67) 38 37 (80 50 81 45 33)
2: 76 (84 18) 95 53 90 (92 11 29 17 19 43 63 3 2 98 37 8 9 31 54) 1 (88 12 91 48 10 94 44 35 32 46) 69 52 (20 68) (97 6) 47 (81 40) 87 (14 23) 26 (66 62) 75 50 (41 36 28) (65 22)
3: (29 38 92 60 1) 19 17 (33 62 73) (7 78) 22 (94 44 16) (35 85 25 54 26 77) 91 (28 95 24) 53 (96 88) (40 36) 65 98 32 23 (43 69) 64 57 37 12 45 (71 2 84 10 14) 70 48 67 (11 68 8 47) 50
4: (83 19) (23 12) 86 11 (63 48) 98 (39 22 76) (13 77 43 40) 36 10 (3 64 8 84) 44 95 (35 73 6) 25 (68 62 60 2) (17 96) 14 (69 33) (49 65 94 91 31 30 50) 4 32 20 (54 53 16 47)
5: (11 2) 94 76 (31 36 88 32 28 29) (20 97) (93 17 26 52) (45 24) 44 53 (1 64 19 33 95) (13 47) 74 43 38 98 (4 50) 40 (8 63 48 7) (91 15) (35 65 67 71 84) 68 62 (41 89 25 12)
6: 77 (38 97 28) 14 18 (24 87) (94 65 79) 71 72 (54 47 19 44) (76 31) 36 (53 35 45 62 96) (10 58) (29 93) (33 83 23 32) 2 (68 48) (40 26 43 16 30 11 91) (73 81) (67 8)
7: (50 71 13 36) 98 (67 92 32 70 81) (37 53 4) (19 14 62 63 11 80) 45 58 94 (47 64 28) 68 (65 35 16) (41 54) (44 89 17 20 31 7 22 69 40 3 8 23 77) 73 (43 48)
8: 6 (95 25 65 2) 51 67 (62 91) (29 80) (8 53) 45 (31 100) (97 61) (88 69 26) 3 (19 56) 59 16 98 (79 81 50 43) (30 42 44 36 73 17 18) (9 38 11) (64 66) (47 4 10 23) 22 32
9: (53 69 16 10 84) (78 50) (8 91 86 35 11 94 14 74) (36 4) 37 29 23 (89 62 19) 81 (25 2 3 48 96 45 65) 64 31 (24 33) (98 60 76 28 32) 67 88 (87 42 43) (44 79) (47 26 95 73) 38
10: 98 (65 62 11) (67 52) 7 (84 24 10) 43 (81 37 77 8 14 19) 73 (18 64 76 26) (54 53) (89 29 44 58 36) (47 48) 23 (2 80 45 20) (85 91 78) (69 49 30 87) (40 17 31 25) 92 32
11: 10 (23 11 66) (4 36 65) (59 7) 47 (29 2 76 68 30) 85 53 62 (51 32) 20 16 8 (94 40 98 22 79 67) (24 73 81) (84 26 70 27) 19 (43 35 48 31 3 25 45) 83 (71 44 21)
12: 13 4 (72 67 38 17 3 42) (73 45 77 9 98 52) 66 (54 29) (48 81 94 23 71 10 43) 8 (92 69) (2 62 35) 40 (19 76 99) (47 44) (84 27 12 22 31) (36 56 91) 25 11 (87 63 53) (32 41 97 88 79)
13: (27 98) (25 50 13 26) 23 97 36 (32 60 2) 62 (29 95 8 70 92 49 10) 53 (86 79) (20 19 28 11 16 21 67 43 76) 69 (9 77 37 84 91 58) 22 (80 44) (45 6 94) 35 (74 48 99) (89 88 81 31 85 78 75 47 54 73) 4 7
14: 48 25 36 68 (67 94 12 16) (6 43 2) 22 (64 49) (72 1) (76 8 45) (75 73) 19 (4 62 50) (88 66 92) (44 91) (33 81) (53 95) (96 24) 28 (37 98 23)
15: 32 14 2 (31 29) (43 63 52 8) 19 (3 69) (53 88) (36 98) (11 35) (64 48 86) (23 95 13 16 92) (25 26 77 40 44) 57 (94 6 62 72 68 54) 65 81 (71 58) (47 73 70) (4 96) (76 66) 50 (41 67) 17
16: 53 36 (3 40 18) 88 91 42 (54 96 59 89 81 33) (56 48 73 29 11 1 95 67 23) (17 21) 71 44 4 (75 12 63 62 6 10) (84 19) (43 13 14 25 76) 22 8 (28 35 64 31) (99 98 68)
17: (53 71 43 21 22) (94 41) 68 (31 29) (45 12 2 19) (93 48 85) 7 (95 62) 81 13 (47 60 25) 89 74 65 91 18 (16 50 88 40 84 6 3 67) 26 (28 80) 8 23 44 73 (97 36 11)
18: 12 23 54 (67 94) (26 68) (81 6) 3 (29 62) 28 90 (80 53) 45 30 21 (32 98 64 40 8 11 84) 2 (92 74 36) (13 31 35 70 25 65) (96 73) 39 47 (85 10 16) (88 43 7) (22 76) 14 17 (19 48)
19: (6 47 3 71 93) (62 64) (36 31) 72 12 (22 10 58) (91 77 48 50) (4 8) (65 81 73 43 85 63) 19 (23 2 53) (87 11 35) (84 30 32 44 40) (17 16 54 78) (7 83 28 70) 18 (67 98 13) (29 33 45) 42
20: (95 62) (30 76 13 6 36 34 48) 40 (43 91 89 65 51) 50 (64 73) (26 68 44) 41 (98 31) (1 56) (53 23) (69 27 8) (29 14 97 17) (11 92 59) 67 22 71 (19 25 42) 10 2 (81 52 84 7 94) (28 63) (12 35 45) 83 (32 3 24 47)
21: (70 5 72 10 32 64) (15 44 92) 95 (85 16) 40 (19 94 79) 73 35 77 (91 38 71) (11 81) 62 26 (39 4 22) (98 66) 13 (47 52 51 20 1) 36 (23 93 75 43) 50 (67 8) (3 42) (28 53) (63 2)
22: 95 (21 67 73) 79 (43 8 93 4 6 1 64 71) (98 36) (40 23 20 2 44 74) 81 29 (47 62 84 28 30) (42 51) (85 33) (26 75) 32 48 (27 65 69) 53 (17 54) 19
23: (4 49) (98 19 25) 44 65 (45 76) (63 20 36 48) (75 64 37) 3 (13 22) 89 94 (10 56 40 84) (72 1 59 12) 81 (31 41 62) 29 (42 91 67 66 73) (47 80) 100 (43 95 9 68 11) (97 6) (54 23) (2 39) (96 8) (90 53 88)
24: (71 44) (54 19 51 83 42 29) 11 77 (16 63 20) (72 88 97) 7 (67 36 31 45 4 87) (28 25 96 15) 23 (65 47 50 35 98 43 73 24 2 94 8) (81 6) (12 62 40 79 32 14) (95 64) 1 (53 91)
25: (49 67) (76 73 71) (84 94 32) 68 (2 41) 47 (58 95 54 6) (39 98 25 14 4) (12 92 63 44) (8 91) (36 65) (88 66) (30 19 77 40 23) (13 81 10 87) (42 64 50 97 29) (22 69 43) (11 74 62 48 35 45 53) (38 3) 16
26: (10 73) 79 (32 27 67) (94 7 8 48) 98 (40 45 16) (83 19) (70 81) (88 78) (91 20) (47 24) (52 4 36) (65 51) 44 (43 95 12 97) 25 (30 77 11) 75 (35 14 62) 64 69 (31 61 22 58 2 26) (17 53)
27: (91 50 71) (96 13) (73 8 38) 12 44 83 (22 36 14 31) 25 (33 6) 42 2 (32 54) (65 47) (26 59 92 66 68 19) 23 (3 43 53 4) (64 89 10) (29 94 21) (76 20 18 45 48 51) 99 (40 62) (100 30 98 80 81)
28: 10 47 18 (29 68 95 15) (35 7) (25 32) (85 91 17 16) 78 (53 44 11 81 73) (28 4) (65 26 20 2 69 90) 21 (19 48) (37 66 36 6 88 31) (3 59 22) (12 23) (13 77) (8 27) 79 (57 46 62 63 43)
29: (8 19 36) (78 40 96 89 44 65 74 22 35 84 71) (68 80) (70 64) (23 48 97) 59 95 (67 98) (53 31 2 16) (92 3 62 32 85) (77 51) (26 6 37) (13 18) 81 (43 83 39) 94 47 (91 45) 93 14 (73 42 11)
30: (85 26 38 59 48 94 80) (33 62 44 96) (16 73 10 47) 32 8 83 43 36 64 19 (54 87) 91 (63 45 2 56 4 18 24) (77 88 67 17) (13 31 81 7) (41 72 6) 74 76 (75 25 92) 65 1 (12 58 51 53) 98 3
31: (50 48 33) (24 29) (62 16) (13 96 36 42) 53 26 (17 51) (22 64 32) (8 23) (71 14 44 35 66 95) 98 31 (94 1 63 89) 80 72 (2 67) (4 88 91 68) 18 (47 25 3 40 43 10 59 81) (6 85) (54 27 92 65 19) 100
32: (13 58) (20 67) 10 (43 76 66 37 93 6 48 23 68) (40 90 17) (81 65 3 96 60) 47 25 (16 83 2) 73 62 (29 4 31 12) (15 11 33 64 8) 53 87 (80 19) (44 18) (69 97) (91 32) (50 51 36)
33: 3 53 (2 30 71) (76 84 81) (91 62 63 24 98 73 47 17) 92 (36 32 94 45 66) 20 (97 41 59) 8 (72 83) 48 (77 31) (19 89 40 88) (67 54 95) 43 (10 44 96) (22 15 52) 25 (23 64) (100 87 68 28) (99 38 65)
34: 92 (7 74 22 4 54) (10 68 98) (16 26 67 65 79) 88 (45 50) (85 94) 73 25 36 41 52 (40 72) (71 47 28 91 8 76) (81 75) (18 60 31) 90 35 19 13 (48 69 24 43) (23 29 44 32) (53 99) 62 (3 9) 96 (14 2)
35: (94 54) (40 10 53) (39 65) (47 43 36 12 98 38 18) (91 13 52 3) (29 23) 22 8 (90 9 14) 88 (81 48) (59 11 58) 19 62 (35 2 67 73 45) 1 44 (28 26 17 51 31 25) 76 (82 79 4 60)
36: 56 48 18 (6 94) 81 (60 2) (98 44) (61 71 72 32 11) (33 76 29) (40 53) (31 67 91) 64 (92 7 66 45) (28 24 65 62) (96 35) (54 47 20) (8 43 13 23) (19 84 88 83 75) (3 1) 14 (93 77) (25 36) (79 10 4 22)
37: (96 20) (89 77) 48 (73 62 31 92 59 2 32) 71 98 65 (53 54) 35 40 50 14 23 (36 11 52 64) (44 85 91 99 28 6) 67 (17 69 19 94) (51 88) (58 47 29 42 25) (41 68 43) (86 95)
38: (53 92) 12 74 44 (19 87 62 94) 29 54 (43 95 47 84) (67 88 16 6 91 98 79 77 59 32) 23 (31 81 21) 68 52 17 (73 2) (13 10 4 50 89 61 25) (38 75 48) (56 37) (45 40) (80 76 8) (33 90 96) 36 93
39: (47 83) 91 (81 69 48) (26 13 88) 2 (19 68) (18 53 59) 50 (25 23 74 42 67) (65 63) (54 73 32) (8 44 38) 36 45 (43 4) (89 85 94) 98 62 (40 95 41 66) (31 28 96 20 10 6 37 22 76) 35 29 11 100
40: (96 80 19 8 76 44 42) 98 (17 43 63) 88 32 67 62 81 (37 91 92) (29 10 4 33 66 87 94) (77 36 53) 73 (51 65 47 13 24 35) (48 28 26 2) 11 84 (16 57) 31 (6 64) 14 23
41: (35 85) (3 54 6 61 45 39) (77 91 32 59 64 47 21 2) 41 (43 44 67 73) 29 (81 11) (23 83) (10 14 94) 95 (69 25) 80 24 84 (8 62) (19 36 4 66 31 76 38 60 71) (53 48 74) (42 18 17) (68 88 56) 26
42: 14 44 (79 71 8) (64 52 12 25 62 93) (77 53 36) (84 37) (76 4) (26 45) (19 91) (32 67) 20 (16 35) 30 (40 65) 13 51 (10 75) (28 85 23) (94 81 6) (92 48) 17 21 73 (95 59 22 70) (27 88) (2 54) 31 (29 47) (11 1)
43: 40 (77 85 11 20 39 31) (62 98 25) (43 71) 4 (42 80) (73 92) 53 (47 19 45 14) (36 81) 23 (13 2 64) 69 12 (28 94) 96 (10 8) 17 48 21 (33 79) (38 1 44) (76 84 58 95 67) (35 50) (26 74)
44: 11 (8 88 16 95) (30 29 89 54 77 53 42) (9 40) 83 10 85 (28 3) 36 (62 73) (37 39 44 94 19 99) 25 75 (22 23 96) 2 84 (38 13 91 41 98 24) (68 32 31 43) (20 65) 58 80 (63 87 6 76 48 4 67)
45: (45 35 57) (74 73) 58 (36 11 64) (98 29) 33 68 (14 2 91 81) 39 66 62 (53 1 95 31) (63 67) (25 5) 43 (8 92 6 71) 72 (22 19) (32 50 44 88 26 65 23 4) (94 20 84 51) (85 48) (17 12 27)
46: 54 (6 97 62) 13 (84 92 64) (36 11) (95 77) (53 17 43 30) 44 40 (16 57 65 8 70 29 98 88 79 19 52 94 85) (67 45 87) (2 96) (23 63 31 7 25 24 99 89 37 5 81 12 48) (73 10 32 4 35)
47: (65 44 62 71 91) (29 10) 18 (38 51 13 76 53 48 77 50) (74 40 21 22 68 89 25) (79 59 23 52 17 69 84) (26 33) 75 (54 14 2 19 81 95) 88 (45 11) (66 73 42) (36 31 43 8) (6 97 1)
48: (98 4 24 61) (91 53 8) 37 43 81 20 (14 44 29) (71 84 3 7) (89 31 54 13 50) (42 40 88) 16 (2 25 65 11 73 47 45) (28 48) (74 67 35) (64 77 85) 23 (69 36 95)
49: (84 36) 79 3 43 (73 16 8 45 65 17) 44 (54 6 13) (95 26) 76 18 (50 47 81) (31 62 42) (77 40 89 19 67 64 82) 29 (63 4 48) 66 53 10 (33 32) 75 (58 12 98) 91 (90 94)
50: 10 19 (16 18) (69 8) (40 43 100 17) 62 63 (32 81) (76 73 44 11 1 29) (99 48 35 83 92 26 84 36 42) (25 52 53 75) (59 20 54 95 97) (3 12 65 67) 80 2 (33 47) (71 39 31) (94 93)
51: 71 (26 72) (62 19) 64 (88 29 60) (39 38 81) (13 83 2) (68 10 48) (3 41 44 36 47 66) 31 (11 24) (14 1) 78 (53 67 25 79 76) 8 (22 89) 51 (17 56 98) (40 97) (100 73) (69 20)
52: (28 95 45) 8 (76 3) (81 98 54) (32 43) 47 21 61 (13 41) (52 25 22) (65 73) (14 11 16 59 71 87 48 88 72 69 17) (36 29 2 19) 40 (86 68 44 83 62) 91 (10 84 12 78) (23 67 31 4) (53 58 6)
53: 63 28 (44 81) (43 4) 76 (84 53 88) (31 2 22 3 51) (72 62) 95 (25 83) (94 97) (12 77) (80 42 71) (59 11 60 19 16 36 8 14 65) 75 (54 68) (23 17 26 24) (73 91) 30 98 (92 50) (67 78)
54: (73 97) (95 4) (70 19 48 23 67) (12 27 71) 28 (25 79 65 6) (89 26 91 58) 2 (8 69 84) (54 50) 43 31 11 (77 15 22 88) (64 81 53) 36 (13 10) 94 (59 42 52 16) 41 (98 14) (38 29) 40 96 17 62
55: (19 96 23) 47 (85 64 79) 45 (81 38 8 32) (7 14 40 12 1 13 73) (62 16) (54 41 43 42) 58 (36 67 26 11 98 69) 74 35 (29 3 53) 78 (84 76 10) 59 68 (71 2 48 39) (91 94 77 31) (44 100) (6 25)
56: 63 (52 33 45) 20 (53 76 21 35 95 48 62) 17 (32 10 26 67) (68 46) (11 59) (71 100 19) (66 88) 22 (65 83 50 13 25) (28 96 75 81) (91 60 1 31 77) (43 87) 44 29 (80 36 79 3) (4 94 47) (40 73) (98 90) 8 (23 38) (18 54)
57: 11 70 (84 8 93 65 13) 89 53 (34 92 4) (25 63) 62 (96 20 59) (94 91) (41 36) (69 45 2) (30 68 28) (54 43) (40 81 48 32) (67 98 64 71 35 86) 44 22 23 (6 95 76 19 3) 66 (79 47 31) (29 78 33) 17
58: 47 (10 24 71 12) (100 33) (53 15) (4 57 36 11 23 32 94 62 81 65) (48 37 44 74 14) (73 13 43 31 1) 67 (88 89 8 2 97) (35 68) 76 (29 83) (98 95) (26 40) 6
59: 16 (87 53) 8 (37 95) (12 41 4 84 65 44 26 57 90 93 7 73 32 19 62 36 29 76 48) 35 28 (67 43) (10 85) (25 23 63 81 6) (17 50 54 22 88) 2 (68 31 71)
60: (30 78 8 63) (84 42) (80 90) 13 48 53 26 (2 81 91 35 31 44 28) (62 71 12 10 64 51) (92 43 89 23) (47 27 50) 76 38 67 52 (87 85) 4 (74 88) (17 68) 65 (95 29 73 36 59) (16 11 98 19 45 14) 7 (39 32)
61: (23 12 84) 71 (42 69 8 65 6) 32 (15 73 38 94) (2 22 91) (88 52) 49 81 76 10 (44 35) (48 14 85 97 28 43 55 39 4 53) 31 (36 21 68) 83 (26 77) (67 90 29 33) 25 16 (11 98) (47 62 19 1 80)
62: 67 (35 51) (2 31) (63 65 69) (47 28) (11 14 43) (36 25 73) (57 33 13) (71 8 62 17) (78 60 10) 15 (44 83) 21 54 (88 19 37 77) (4 81) 53 48 (59 45 95 85) (29 42 23) (16 98 80 24) (32 38 97)
63: (84 25 81) 91 (83 57 77) (98 42) (22 62) (47 51 52 68 64) (88 40) 65 (43 7 71 8) 75 (10 4) 30 (48 94) 96 2 (29 53 45 28 3 19) 27 (17 13 74) 32 (93 50 97 73) (11 16 67) (76 87 44) (31 36)
64: (8 67 23 4 41 19 95) (44 10 69 75) (84 51 2 40 53 48 43 96) (11 54) (36 94 100) 88 (81 83) (73 32 28) 49 (68 92) (97 91 45 47 89) (62 58 74 16 50 7) 76 (31 25 38)
65: (62 83) (72 28) 14 25 54 (48 16 32) 19 (47 17) (24 56 66) (76 69 75 50) (11 36 84 43) 26 (9 23) 6 (2 40 10) (53 31 64 96 67 92) (35 3 44) (38 65) 81 39 74 73 (98 45 8 68)
66: (97 63 25) 85 (33 72 45 54) (86 29) (5 2 12) (9 35 56 69 10 76) (95 78 62 31) (6 14 67) 65 94 73 42 44 (32 81) (91 37 50 84 16) (36 53 8 18) (98 68 43) (19 66 3 23 48 40)
67: 91 64 (51 43) (93 81) (42 73 40 23 98) (62 68) 47 (67 2 48 5) 35 24 (76 53 72 63) 44 19 (71 36) (97 83 69) 11 32 59 (100 12 29) 8 22 25 31 84 (14 20 16 6 54) (92 21) (13 1 65 10) 38
68: 4 19 12 1 54 (43 25 32) 65 (92 20 37) (96 2) (83 44) (64 17) (84 30) (88 73) 69 (29 3) (98 94 68) (81 50 53 45 23) (60 27 16 36) (33 62) (31 71 10 8) (40 67) (47 51) 77
69: (66 8) 25 (14 11 81 10) (2 48) (47 67 18) (88 98) (19 89 50 38 44 70 73 68) 62 13 (63 35 71) 23 (94 12 6 74 36 53) 45 (96 83) 43 (33 16 91 79 75 77) 32 (40 84) 41 7 (15 60 4) 64 17 54 57
70: 6 40 (64 45 76 91 32 1 60 3 85 65 78) (18 25) (62 56 88) (38 29 22 99 81) 58 (41 63 19 23 14 50) (31 83 98) (84 44) 52 (8 10 87 47) 36 (21 74) 93 16 (67 9 79 94) (2 7 43 77) 48 (39 73) 53
71: (3 69) (96 35 88 51 32) 28 (62 98) (50 36 81) 53 (45 83) 19 (73 65 9 100 99 84) (48 68 31) (47 33 58 23) 64 22 (71 94 41) 66 44 (92 2) 6 10 14 39 95 43 (21 67) (8 38) 29
72: (93 54 64 69) (11 78) 73 90 26 36 100 (3 92) (43 51 25 98) 97 (28 81) 65 (12 6) (42 67 4 75) (85 91 94 66 10 22 23) 96 7 (44 95 17 32 62 41 61 50 8) (21 35 53 19 40 68 52 31 76 48)
73: (92 19 65) 90 7 56 (71 35 32 78) 48 (38 73 44 2 41 11 31 59) 67 (17 3) (24 28 8) 72 70 (23 53) 43 (36 93) (52 79 12 13) 51 (75 96) 14 (42 76 39) (74 33 4) 88 16 (58 40 62) 21 47 (63 6 95 68 25 89) (91 26 98 86) 81
74: 73 (31 47 62 9) 71 54 (38 77 33 2) (53 25 21 81) 75 (14 98) (10 84 85 19 94 96 67) (48 76 50 16 40) (4 6 24) (91 43 70 3 29) 99 11 (36 59 8 26 74 32) 35 (44 17 23)
75: 32 (62 73 48) (29 94 98) 10 (53 64 17) 84 89 (59 43 35 24) (34 40) (54 39 67 26 74 36 45 72 41 8 23 16 13 95 31) (65 88) (1 2) 71 (77 21 11 44 19 47 25 76)
76: (1 23 73) (17 53) (26 98 94) 13 28 (33 86 62 68) 49 (65 74) (21 81) (72 36) (8 38 43 57 40) (4 7) (45 12 19) (11 96) 14 (88 100) 31 47 48 16 (92 97 29 59 24 71) (89 3 2 67 44 87) 95 52 (51 80)
77: 40 (26 13 69) (75 7) (68 87) (14 98) (44 22 8 4 89 96 24 53) (36 11) (23 57 16) 45 91 (25 88 32 59 19) (2 47 38 65) 76 83 60 92 (18 28 62 6 94 67) 48 43 (81 31 64 10 84) (17 35 73 85 3) 12
78: 43 (91 48 41) 31 17 25 (50 92 2 32) (11 80) 76 (96 73) (81 88 100 19 95 29) (8 47 98 83 39 42 71 94 3) (68 35) (62 45 77) (26 4 65) (18 24 22) (67 64 53 44 36 54 70 78)
79: 63 (73 62) (25 48 95) 18 11 26 (99 39) (54 94) 91 (79 32 75 47 36) (16 53) (51 72 35) 84 50 59 37 (71 14) 23 (10 67) (31 2 19 97) 77 88 (3 92) 22 (8 52) (38 44 28)
80: 8 52 95 88 (100 90) (47 38) 13 (91 23 17) 16 43 18 (74 53 69 2 50) (37 77) (57 25) 96 31 (7 81 48 80 84 3 58 98 83) (60 36) (6 67) (40 71 85) 19 (44 29 73)
81: 8 (19 21 16 81) 83 88 (26 47 79) 37 (12 9 73) (98 30 45 85) (92 31 68) (91 44) 57 64 (22 62 32 48 100) 95 54 (23 67 41 10 65 42 84 14 36) 25 (53 43 77 11 40 4) 89
82: 17 2 98 (62 50) (35 57) 45 71 (100 10 72 76 40) 65 6 (84 36 58) (68 75) 32 (44 48 81 29) 88 (85 99 67 74 23) (47 8) 73 (19 31) (52 28 16 11) (26 91) (79 25) (95 4 77) 3 22 96
83: (43 58 91 92) 56 85 (68 54) (96 65) (53 11 44) (71 76) (32 69) 80 64 (16 13 62 79) (81 73 10 94 31 48 57) (35 88) (36 59 19) (12 50) (4 8 98) (84 25 45) (99 29 37 41 89) (17 67) (51 47 86) (15 40 23 2)
84: 2 (53 29 44 12 67) (83 69 16) (18 88 68) 62 40 (39 42) (59 54) 51 (4 41) 19 14 (37 65) 33 (36 32) 92 91 23 (50 11) 64 (73 35 71 77 45) (74 22 60 43 75 31 48) 81 (38 97 96)
85: 6 64 67 (47 25 60) (91 31) 44 (18 35) 23 40 (92 81 73 76 32 90) (11 69 99) 83 (45 13 58) 29 17 (3 53 12 79 54) (28 88 16 19 8 84) 71 (4 20 26 37 97) 22 (95 68) (96 63) 33 (50 10) (36 62 98 30) 2 48 43 38
86: (43 8 20 25) 11 14 (48 62 53 84 98) (47 65) (66 40) (23 67 91 37) 29 (76 13 73 89) 69 (6 41) (2 10) 95 (81 50 44 68 31 38) (87 45 35) (36 77) (92 96 7) (17 3) (32 54 74)
87: (42 60 20 71 69) (28 32) (93 91 95 19 100 13 80 88) 26 (30 98) (48 10) (81 84) (35 8 44 14 2 45 94 1 76 39) (17 73 36 38 29 31 53 47 40 54 89) (43 23 67) 22 70 (64 25 63) (11 77 62)
88: 28 9 (85 31 8 38) 48 (91 10 25) (44 39) (43 40 95 79 13) (60 54 36 35 37 78 32 83) (47 71 65) 76 (45 58 29 73 2 19 18 94 62) (17 98 12 61) (63 50 51) 23 (96 84 67 26)
89: (12 6) 43 29 (79 4) (71 19) (70 62 64) 14 68 20 (81 84) (100 13 45 26 49) (73 76 95) (54 94) (7 36 47 39 50) 21 31 83 (65 89 30 56 1 23) (24 32 88 51 53) 98 11 35 (8 28 44 25 16 2 18 60) (67 48)
90: 13 (73 43) (54 62) (66 79) (84 4) (28 39 17 48 41) (58 2 44 83) 57 3 7 19 22 (89 14 23 47 25 94 26 29 96 16 98 36) 11 (10 97) 8 63 (37 91) (12 88) (95 31) 67 (81 50) (77 32 9 35 76) 53 65
91: (62 23 3) 53 36 (24 37 19 25 71 76) 96 (58 48) (4 44 80 29) 1 (97 18 43 63 8 91) 59 (17 98) (14 52 94 16) 73 (31 22 38 11 47 69 81 70 67 2 6 7 32 10 68 77) (65 84) (95 56 13 28 89 40 87 12 45)
92: (45 29 30 47) 23 8 38 (16 36 62) 17 13 67 92 (54 85 19) (63 73) 64 (2 94 66 48 11 37 91 77) 31 43 (25 33) 78 (96 42) (56 12) 44 70 83 (81 53 93) (28 32)
93: 35 91 89 (24 76 27 71) (48 73) (92 43 15) 68 (19 38 28 81) (23 26) (67 40 53) (98 62 45) (47 32) 88 (44 54) (59 6 21) 1 22 (20 8 64) (36 2 31 74 65 83) (10 77)
94: 92 84 (17 83 59 22) 54 (2 19 1) (68 58) 61 38 88 81 31 (51 35) (96 29) (16 67) 28 (36 94) (91 53) 73 7 97 13 24 (64 43 47 8 4 44) 98 (11 65 23) (62 48 71 76 50) 10 (45 15) (69 74)
95: 72 (65 35) (32 73 31) (3 10 81 98) (62 82 36) (76 45 80 71 16 48 44 56) 42 (37 29) 47 59 (40 17 19 92) (53 67 100) 50 25 (23 38) (51 88 43 77 26 63 2)
96: (23 48) (87 54 12) (8 64) 73 (83 6) (97 25 22 47 53 24 51 71) 2 14 33 (20 81 36 43 11 91) 10 (95 30 44 74 98 38) (40 4 45 94 19) (32 75 29 96 3 26 69 35 84) (1 16) 80 67 (65 13 62 9) 68 (31 28)
97: (61 32) 50 36 6 (25 53 63 90) (95 56 23 48) 43 (2 97) (44 29 11) (73 65 8 77 98) (94 62 91 83 4) 31 (74 45 84 60) (17 59) (12 42) 81 (92 22 88) 76 (67 58 26 10 3 47) (71 15 69) 28 19
98: 4 (10 3) 37 (31 81) (39 22 8) (32 93 16) (38 43 76 85 40 52) 67 60 (71 48) (74 61) (35 54 18 92) 97 (25 69) (11 23) 24 98 (14 36 21) (65 19 80 1) (73 28 51 78 49 70) (2 44) (50 45 77 53) (63 47 17 83 41) 62 58 (88 95 6 94)
99: (94 43 48 92 12) 10 89 62 (45 42 81) 14 (17 73) (23 29) 26 64 (2 51 100 36 25 96) 35 88 11 (61 86) 80 (44 32 58 4) 91 31 (67 79 21 8 95 53) (47 77 22 59 50 19 69) (83 85)
100: 11 (17 73 13 9) (66 2 71) 29 (75 98) (83 62 61 31 28 4) 87 (84 19 70) (79 6) (12 8) (94 10 76 44 36 42 43 65 48) (91 78) (45 32) 40 (47 80 81 92 68 51) (96 23 20 67 59 53) 3
