100 100
1: 77 5
2: 85 80 1 23 52 26 93 64 62 11 41 56 45 81 69 91 17 4 61 65 43 48 75 35 55 66 57 13 22 70 100 99 33 94 30 68 7 6 87 50 31 73 12 21 90 98 60 25 96 36 40 38 18 5 67 19 79 2
3: 98 37 14 70 46 71 2 40 41 92 7 27 61 74 60 88 29 49 17 90 3 72 30 11 80 21 79 13 67 25 16 22 23 75 15 99 43 57 35 10 52 24 78 42 69 31 20 5 100 63 66 48 33 77 19 9 18 85 45 62 93 94 44 96 59 50 32
4: 83 67 22 46 39 76 12 81 61 70 9 48 87 63 29 6 13 34 64 45 35 4 18 55 78 2 80 98 43 91 16 3 30 79 92 85 24 54 1 19 86 97 25 37 17 50 32 41 47 10 49 51 5 7 77 20 95 90
5: 26 2 88 9 4 77 34 11 97 92 61 100 63 73 50 86 66 52 25 84 69 24 53 85 79 96 38 75 16 28 58 13 32 47 20 55 46 72 68 42 6 45 65 60 83 48 3 89 8 30 98 22 40 64 78 95 31 59 93 87 10 15 70 29 74 23 35 90 51 14 41 80 33 94 44 99 19 54 17 43 18 56
6: 34 3 21 17 18 50 47 61 71 15 2 30 16 4 38 54 33 56 79 35 19 31 12 27 88 91 28 49 26 100 59 78 90 5 42 52 39 92 29 57 41 77 93 44 82 83 25 95 94 62 8 60 51 70 9 99 13 74 43 6 69 87 67 81 22 20 40 65 24 48 45 46 97 89 96 85 10 66 63 53 72 86 75 37 84 76 7 80 64 73 1 23 68 11 14 98 55 36 58 32
7: 68 10 39 43 64 66 100 84 33 91 80 86 99 14 94 52 7 76 97 88 26 24 63 90 16 95 57 29 62 48 42 58 40 69 81 19 55 77 56 67 37 61 75 2 73 28 53 87 12 51 25 96 92 45 32 20 83 15 13 23 34 93 38 41 36
8: 71 69 79 25 70 10 9 61 37 72 7 54 68 48 6 45 57 86 47 12 56 100 20 8 90 76 82 50 53 22 80 93 3 87 95
9: 91 73 10 100 31 54 33 38 41 55 51 69 5 86 28 74 84 89 56 75 23 50 20 85 40 43 7 97 17 81 1 64 80 27 44 60 66 79 93 88 26 3 34 29 77 25 99 82 46 18 76 72 21
10: 75 40 5 61 13 17 79 21 48 49 50 84 69 94 62 90 38 81 12 16 28 95 78 83 32 99 20 33 56 80 71 85 24 18 47 70 68 45 97 86 51 100 6 88 54 91 26 77 73 3 34 30 64 35 44 7 42 41 57 60 36 59 23 87 10 15 92 29 67 74 98 55 4 14 72 25 37 89 93 43 11 2 82 19 22 58 39 66 96 27 52 76 53 9 8
11: 4 42 62 27 7 84 9 1 83 37 35 31 18 24 19 64 23 66 69
12: 69 45 39 27 29 25 58 23 93 31 5 91 87 38 72 71 28 53 22 57 80 3 98 70 30 97 84 20 94 6 81 90 54 47 55 10 7 2 100 4 76 46 51 95 65 19 82 13 14 60 37 1 48 35 92 49 66 63 64 41 83 33 26 43 68 74 18 34 15 50 61 42 89 56 73
13: 97 84 87 91 65 68 59 77 7 41 20 63 76 16 75 82 5 86 4 80 36 9 54 28 49
14: 71 67 68 64 37 75 29 28 59 57 100 46 83 21 98 58 63 2 18 11 55 38 20 96 6 99 91 32 88 17 73 74
15: 21 87 75 94 91 5 34 38 50 53 78 69 24 2 44 3 19 58 35 60 80 28 33 64 67 32 10 25 11 49 27 42 83 6 7 61 62 76 70 31 99 86 89 48
16: 56 82 38 5 64 96 40 29 57 32 66 97 10 75 55 50 12 51 21 93 16 59 11 61 2 1 26 79 70 13 37 86 73 80 28 90 25 94 43 54 17 78 87 95 67 22 49 84 98 48 85 3 60
17: 21 66 81 52 5 96 80 13 55 62 56 83 2 42 94 100 37 11 71 16 20 33 9 90 72 86 49 23 30 44 59 75 15 41 68 69 88 92 97 34
18: 5 8 14 64 16 59 35 30 17 66 70 2 98 10 4 1 95 87
19: 10 71 77 6 80 54 92 44 79 18 94 85 100 16 56 88 48 36 67 3 78 31 84 64 96 66 11 69 19 68 91 99 74 83 97 20 70 9 52 90 38 12 47 55 4 5 53 43 65 39 87 27 61 46 22 7 93 13 28 49 30 73 34 82 76 60 59 25 21 98 58 45 32 41 24 33 50 89 57 86
20: 77 41 7 65 66 33 8 86 69 20 88 23 5 22 51 85 13 81 99 39 38 15 10 53 83 9 27 55 35 61 1 34 17 89 63 30 31 43 16 56 29 97 37 75 76 57 96 62 4 18 47 95
21: 15 56 53 42 29 44 97 36 74 46 96 87 39 52 1 14 99 32 12 68 2 45 66 20 59 16 8 95 25 58 21 4 100 73 57 78 82 24 92 55 51 85 80 41 64 19 17 38 7 18 13 93 70 9 65 10 89 47
22: 4 13 96 75 93 32 48 23 69 41 86 15 55 76 61 73 1 9 72 64 97 60 3 33 56 6 100 37 18 50 45 11 85 81 83 94 78 26 44 31 20 22 49 67 99 35 51 87 27 77 19 57 53 47 12 14 79 30 10 84 2 66 65 17 89 21 5 28 43 98 70 39 46 42 24 63 58 68 54 80 7 25 82 92
23: 25 36 35 23 16 82 72 70 46 38 6 100 9 53 12 18 45 10 7 91 62 21 30 15 76 24 52 93 51 1 71 66 96 80 22 47 78 61 39 86 74 90 84 43 81 99 49 26 58 97 94 42 89 40 83 95 32 48 75 92 85 28 57 65 19 29 2 8 54 31 50 3 68 56 64 67 34 33 87 77 41 20 14 44
24: 7 8 59 28 81 67 19 53 93 17
25: 93 17 25 45 46 43 66 38 36 4 90 9 14 2 95 82 98 56 47 29 57 30 62 100 70 53 41 63
26: 15 90 39 86
27: 54 98 45 84 92 86 53 23 7 96 51 22 64 80 36 79 58 93 87 72 85 89 31 60 91 94 55 42 16 10 30 63 9 35 56 52 14 17 44 81 28 73 11 49 97 40 29 88 66 26 20 5 33 74 32 39 13 25 71 21 27 95 3 61 4 62 15 82 41 19 43 77 78 68 99 59 6
28: 81 93 47 21 2 100 48 24 90 37 26 87 41 32 1 15 84 56 94 68 62 57 17 23 49 45 89 18 20 19 91 88 35 92 6 34
29: 88 7 55 20 34 65 77 95 1 71 27 33 75 70 12 10 82 56 28 14 6 94 74 64 73 98 66 24 4 13 86 37 59 54 3 60 51 84 61 11 38 16 42 39 26 68 48 46 29 79 45 91 31
30: 2 53 24 34 33 40 89 71 82 57 76 44 27 88 58 23 30 54 37 66 26 67 81 14 35 61 9 73 10 75 19 28 98 93 50 36 84 96 25
31: 23 99 33 35 50 81 61 65 78 42 90 14 58 32 66 45 39 38 80 6 96 16 56 7 21 88 5 31 67 97 20 44 2 48 27 54 12 84 52 25 26 100 11 29 15 71 98 64 18 70 8 91 72 86 51 94 41 9 10 34 62 68 82 4 28 24 53 85 47 76 92 1 46 30 69 57 37 19
32: 98 37 39 19 21 44 26 55 12 7 13 66 27 38 93 24 87 35 40 25 45 16
33: 35 5 57 19 95 3 78 45 10 22 40 42 8 28 15 43 38 72 33 79 54 99 2 20 94 48 34 44 29 67 47 71 56 53 70 92 21 62 7 30 18 50 13 68 82 17 77 52 100 60 14 1 55 83 6 49 27 65 90 36 84 41 85 25 59 58 97 9 74 87 80 96 16 86 63 39 46 75 88 69 37 64 51 98 73 91 93 66
34: 49 13 80 7 15 39 16 75 90 28 60 52 72 22 33 57 100 14 71 45 94 3 77 79 40 1 9 50 46 41 55 47 37 24 32 56 29 65 74 30 95 73 86 12 2
35: 76 23 99 27 38 90 50 63 70 42 31 69 15 71 26 73 55 88 54 79 51 65 12 4 80 45 85 77 16 47 60 83 74 34 25 98 9 91 10 81 40 52 87 28 5 8 67 14 66 58 18 30 35 86 64 22 94 37 7 84 61 49 78 68 100 43 92 48 17 2 57 96 21
36: 40 58 20 36 73 21 88 66 2 90 57 29 71 31 93 43 79 63 48 67 82 99 16 26 47
37: 14 77 74 37 35 97 59 95 31 23 46 71 96 92 52 78 19 85 79 10 13 6 33 11 90 2 27 89
38: 80 56 54 82 65 79 55 36 94 26 61 89 5 45 27 19 42 62 29 6 68 78 48 17 92 50 12 100 83 99 34 67 7 1 81 76 72 9 35 74 8 31 88 32 85 39 38 52 53 21 15 64 18 95 28
39: 28 22 52 53 57 56 99 26 1 10 90 2 3 19 13 43 40 31 21 7 46 12 44 86 5
40: 87 83 99 93 24 75
41: 99 42 63 39 51 1 12 16 33 70 73 100 71 4 90 91 97 77 84 45 38 64 44 72 56 30 26 83 24 52 48 10 81 14 28 88 8 49 15 68 74 17 62 86 11 95 66 19 22 41 98 2
42: 3 64 42 86 80 6 76 38
43: 5 93 20 98 36 13 33 29 95 82 42 91 90 73 39 10 71 4 16 60 8 46 94 35 92 74 24 86 89 2 44 32 40 96 70 65 54 3 99 63 14 50 30 83 78 59 26 75 1 76 47 100 49 64 87 55 28 77 56 58 97 88 19 11 68 23 21 41 67 52 66 37 62 27 45 17
44: 38 17 14 87 99 57 46 62 22 35 83 94 11 77 53 44 39 32 13 28 9 65 42 68 91 50 69 18 97 23 41 93 66 70 60 5 48 24 40 16 8 67 15 82 51 4 45 64 31 100 58 75 63 34 84 95 88 85 72 89 26 12 21 20 56 79 43 29 33
45: 47 76 93 39 24 17 72 88 96 94 54 20 61 32 81 7 98 1 35 2 43 33 53 60 84 46 63 22 42 69 3 100 30 64 85 57 89 23 86 6 34 75 58 31 28 97 52 38 51 8 4 78 82 29 40 15 74 19 26 18 41 49 95 13 50 55 80 11 5 68 83 36 37 87 56 48 44 10 70 92
46: 60 34 96 69 6 61 53 58 42 64 30 37 21 98 39 38 18 52 16 95 56 43 66 36 70 91 71 68 47 11 40 25 20 88 80
47: 3 35 30 39 9 8 60 95 56 86 93 45 1 13 14 83 89 38 97 32 69 90 88 81 64 41 100 84 96 23 61 36 59 52 43 21 7 22 26 42 6 20 50 24 47 46 5 98 73 51 72 34 74 63 68 19 48 77 55 18 4 40 16 66 10 49 62 28 53 85 67 15 94 92 54 76 31 79 27 2 29 11 58 71 65 70 91 57 12 78 25 75 80
48: 21 32 26 51 94 5 27 23 78 41 80 72 2 71 38 65 53 97 61 91 6 70 9 44 83 55 69 67 95 1 89 33 3 57 13 46 77 100 50 18 96 86 14 87 79 85 58 34 59 45 42 8 92 35 99 47 90 36 93 19 76 43 63 29 22 20 28
49: 76 7 49 90 34 46 53 69 54 88 84 100 28 62 27 80 22 8 41 63 71 37 66
50: 22 91 12 72 27 16 42 66 46 45 17 48 98 35 1 58 4 37 38 43 96 80
51: 26 36 54 43 49 66 65 12 41 61 31 64 14 69 63 97 93 55 99 2 3 1 90 50 47 71 53 9 35 74 76 86 45 33 40 88 7 13 72 89 75 59 44 98 17 78 16 27 94 20 32 92 57 77 23 19 39 21 100 22 73 25 30 8 24 52 85 38 84 96 6 68 81 4 28 5 46
52: 89 70 38 64 22 90 94 52 41 74 56 44 9 29
53: 95 43 63 40 6 64 22 82 55 33 36 94 74 100 47 73 9 28 88 99 59 67 27 30 7 72 23 87 8 56 18 34 3 77 38 90 39 17 83 89 60 10 13 44 85 76 29 2 15 92 1 24 4 50 93 65 68 51 20 54 32 75 42 49 41 53 62 26 84 61 25 97 69 5 78 48 12 80 37
54: 94
55: 10 72 96 41 67 81 46 51 48 74 45
56: 94 58 99
57: 90 37 63 62 80 41 53 27 14 31 3 66 92 96 20 26 42 99 91 29 8 93 49 84 18
58: 4 15 8 36 90 31 2 89 58 52 85 61 21 17 16 53 30 42 59 87 74 45 47 20 95 91 44 50 56 55 88 22 77 35 5 6 97 80 65 33 14 83 11 25 86 32 46 38 7 12 66 72 93 54 70 68 79 81 19 71 34 9 62 23 63 78 99 75 82 43
59: 47 18 40 65 35 60 10 22 99 71 1 19 8 52 24 5 54 11 68 43 83 74 44 3 42 32 31 59 66 87 98 82 38 29 48 75 23 72 12 30 96 62 57 45 70 94 2 36 92 34 26
60: 85 100 19 57 28 17 90 48 38 99 33 62 12 43 79 88 84 61 42 21 68 71 25 15 74 5 9 37 60 51 97 27 94 50 64 30 47 36 91 83 7 40 1 16 59 14 31 45 6 87 67 23 49 13 35 81 66 76 46 55 80 54 73 77 93 89 32 69 4 78 39 56 98 53 72 63 22 11 44 8 96 24 20 34 92 95 58 3 29
61: 94 75 5 80 78 64 71 70 36 17 8 62 15 95 31 37 56 28 86 2 54 6 66 27 4 32 51 10 92 55 46 19 3 50 21 76 82 22 33 35 26 20 53 25 11 65 93 14 85 83 58 63 98 52 39 13 48 29 44
62: 70 99 49 98 16 61 48 63 1 95 84 90 50 82 34 7 85 23 89 73 81 66 86 43 30 74 83 62 75 72 42 79 39 33 52 69 24 14 51 44
63: 41 91 21 77 85 53 89 100 62 75 45 13 5 81 63 88 73 16 19 60 79 98 67 94 35 76 95 26 14 27 78 47 49 15 70 90 57 6 87 61 31 66 59 52 25 99 4 10 72 42 39 22 83 20 82 32
64: 23 75 56 5 10 73 93 32 7 28 47 1 34 67 4 58 68 80 30 52 13 31 76 38 12 83 37 8 43 55 51 26 9 50 46 25 53 96 14 24 74 11 15 99 21 87 91 48 61 95 79 94 85 54 45
65: 52 20 5 80 64 34 40 92 85 66 32 44 50 41 17 83 33 84 35 8 90 82 62 96 72 45 70 93 3 76 24 94 23 99 22 97 56 98 43 68 60 55 25 46 29 16 36 15 63 69 57 6 12 37 28 38 71 73 79 11 39 78 54 2 30 58 77 21 27 75 26 100 13
66: 7 6 67 18 48 13 29 1 59 33 74 14 58 42 39 24 46 84 73 98 75 86 22 43 26 83 36 10 20 90 57 56 63 92 78 49 27 19 3 52 64 28 85 47 55 89
67: 77 100 8 89 3 12 35 67 91 66 16 29 71 51 97 2 37 82 61 95 69 43 75 64 48 39 7 70 52 41 90 17 23 36 63 27 79 15 19 47 76 26 85 53 80 33 45 59 93 72 55 58 99 34 14 25 44 88 32 28 30 73 65 74 20 31 50 38 1 4 24 92 6 86 13 84 56 40 5 83 22 57 18 87 98 9 94 54 96 11 78 21 81 42 60 10
68: 43 62 17 49 7 84 19 26 27 5 40 29 87 96 65 53 80
69: 61 100 83 76 46 38 56 51 27 78 32 25 71 55 90 16 60 93 33 72 28 1 47 31 3 97 50 5 15 2 86 9 13 26 57 89 24 34 41 58 80 52 11 53 77 39 74 91
70: 97 8 18 61 2 7
71: 44 35 87 60 3 57 75 55 51 67 86 100 91 64 39 16 36 47 90 4 61 26 28
72: 93 34 50 74 69 59 24 77 99 65 97 27 43
73: 97 42 34 96 66 64 52 49 58 85 60 88 86 33 43 39 7 29 2 63 82 32 89 94 100 55 11 68 74 62 47 77 38 22 14 61 10 1 70 84 90 41 26 24 30 12 50 9 76 54 23 75
74: 35 56 86 58 15 51 36 72 88 5 70 54 18 59 93 43 73 47 90 69 50 48 23 31 1 74 29 14 26 66 28 20 3 44 22 94 34 33 4 77 79 12 30 83 25 61 21 98 89 68
75: 57 1 27 13 82 28 16 40 14 42 30 31 24 50 71 22 79 89 51 75 93 90 2 97 54 9 87 36 32 3 76 91 41 60 44 34 94 55
76: 30 9 89 65 63 83 19
77: 39 2 49 78 21 61 1 42 60 52 45 35 72 29 70 5 95 6 16 89 13 94 100 34 48 92 31 88 40 24 76 77 80 87 19 93 20 11 14 27 33 90 79 4 83 56 58 38 63 86 7 46 28 54
78: 24 84 20 40 32 50 17 51 6 49 9 53 25 39 13 60 62 31 96 61 92 99 76 79 74 21 10 88 95 19 72 44 52 12 58 45 42 90 65 2 47 75 35 77 15 69 41 67 82 29 18 4 34 78 27 80 87 54 7 86 23 43 30 89 26
79: 29 66 50 73 65 97 28 38 18 5 4 57 21 98 94 95 51 10 90 33 67 64 14 19 74 23 81 91 35 76 75 2 86 62 41 1 77 96 82 54 52 40 48 24 47 7 93 44 79 37 58 25 22 84 87
80: 2 28 91 71 35 90 11 31 59 95 74 57 53 3 98 69 39 8 55 22 81 38 42 65 43 48 56 44 29 85 5 76 15 30 97 82 88 49 19 78 89 99 45 1 86 66 61 36 63 94 7 6 62 73 54 60 37 75 93 100 64 12 58 17 26 16 40 41 79 68 21 70 87 84 23 77 52 27 67 92 32 80 83 25
81: 44 90
82: 97 84 74 70 58 45 99 85 92 95 40
83: 83 72 32 5 67 68 35 89 55 43 47 90 28 73 74 60 94 49 87 76 40 98 20 9 95 53 14 59 82 25 78 79 12 21 16 75 69 24 62 64 99 85 84 8 29 70 44 88 48 39 26 19 81 97 58 93 46 54 41 57 37 92 51 15 77 38 10 50 27 66 33 61 2 11 86 65 7 31 6 80 4 45 3 42 91 63 36 34 56 22 23 71 17 13
84: 12 81 93
85: 18 37 56 90 47 65 76 62 12 36 55 20 23 27 97 52 85 17 26 94 74 75 98 38 6 63 8 61 11 58 30 2 59 66 91
86: 39 57 58 94 91 65 1 69 77 9 3 95 44 74 17 12 48 4 38 73 75 15 76 87 54 43 25 66 40 56 96 84 6 11 85 60 8 35 33 59 36 64 26 13 97 10 81 86 53 47 5 78 83 29 19 16 34 61 82 23 90 93 21 89 49 41 98 14 67 99 45 68 88 46 62 92 7 22 20 70 27 30 100 2 28 37 18 80 42 51 52 31 55 24
87: 32 10 63 9 96 43 94 95 40 48 30 67 54 58 3 71 41 76 39 99 98 1 97 70 85 47 66 62 56 31 14 89 83 36 80 61 19 91 20
88: 86 99 23 97 1 83 40 98 35 39 100 8 78 20 33 25 27 53 26 93 15 38 17 24 94 58 37 31 3 54 85 64 72 36 47
89: 22 52 91 44 30 79 6 32 76 66 28 47 84 25 94 11 42 80 57 3 74 8 38 21 98 17 65 24 35 81 89 56 18 12 64 85 71 13 96 41 46 55 2 67 37 48 75 51 87 50 68 20 86 61 43 40 59 34 31 100 58 1 27 53 69 78 54 83 16 93 15 77 95 5 92 45 9 19 26 7 4 99 39 23 90
90: 84 94 26 32 64 4 70 80 14 72 57 63 31 99 47 54 67 21 1 58 76 37 50 69 79 78 93 65 6 81 82 49 11 41 7 56 95 10 44 71 75 90 24 33 42 60 68 85 36 52 100 28 16 39 73 15 27 25 34 40 66 96 53 83 46 2 45 91 5 51 19 87 8 98 61 17 22 30 12 86 18 88 3 23 43
91: 90 63 38 77 94 21 23 2 99 41 11 26 7 37 51 79 12 52 50 1 81 43 70 22 78 24 31 3 72 71 56 47 16 98 9 96 25 44 20 48 15 66 55 19 80 91 13 10 69 92 82 29 57 65 4 59 32 58 40 14 88 17 93 6 35 62 46 89 100 5 86 67 8 33 53 36 64 18 60 28 87 84 95 76 75 49 68 45 97 74 61 30 34 85 39
92: 48 67
93: 89 80 12 13 94 61 98 3 60 45 68 39 63 42 77 2 7 92 51 23 84 79 37 16 11 91 24 71 4 31 65 56 75 57 73 17 38 1 52 74 15 78 33 100 30 43 55 8 66 18 27 81 35 21 83 62 10 36 87 49 85 41 5 25 96 70 97 20 69 76 14 72 95 82 67 6 9 59 54 53 22 47 48 50
94: 35 62 56 5 80 65 97 75 87 81 93 6 66 84 85 12 10 21 51 17 92 50 2 68 34 24 16 89 14 58 73 44 20 59 38 30 11 54 28 19 26 15 63 31 95 39 57 82 45 70 83 94 77 76 1 40 91 86 88 55 53 47 52 99 25 61 27 100 22 98 60 67 4 36 42 48 96 29 71 46 72 74 78 37 33 64 69 9 32 41 23 43 79 8 3 49 13
95: 19 90 55 98 69 23 14 91 56 76 73 63 57 24 68 51 77 20 7 61 97 29 1 53 39 8 18 26 16 50 75 54 12 83 81 11 27 46 65 47 21 13 2 59 74 49 10 85 44 41 87 79 86 5 48 72 22 82 34 92 100 38 67 31 70 66 6 64 78 30 28 96 94 84 58 35 71 45 17 36 99 93 4 60 3 25 9
96: 50
97: 33 67
98: 56 61 74 39 20 75 18 85 72 22 35 44 89 86 52 65 9 50 92 58 64 19 5 16 96 95
99: 50 10 6 45 39 42 73 90 84 63 1 13 78 16 68 7 72 92 97 100 65 52 20 53 15 37 48 2 75 76 24 40 89 12 99 14 23 87 29 95 35 25 27 85 77 62 61 49 47 81 79 43 58 34 74 54 91 11 82 21 9 88 22 98 18 69 56 46 94 67 57 28 36 17 70 60 33 83 44 4 30 3 38 86 59 64 80 96 51 26 32 93 8 66 41 71 19 55
100: 16 1 78 99 33 72 24 85 19 69 6 81 79 23 42 61 22 87 39 38 20 15 86 14 36 40 92 21 97 53 11 67 27 13 32 18 45 64 10 70 75 100 28 74 63 43 90 48 56 46 8 7 25 77 95 30 60 76 62 58 5 91 71 17 31 44 89 4 34 68 3
1: (75 66 38 95) (29 53 93 91) 23 (9 67 99 18) 100 (77 31) (39 73) (16 41) 88 21 86 89 60 (51 47 64) (34 22 33 50 11 62) 94 (87 2) 4 (69 43 20 79 28) (48 80 59) 45 12 6 90 74
2: 39 78 73 14 (41 79 86 91 65) 69 (95 53) 25 (47 75 94) (77 80) (33 15 90 2 35 28 48 21 93) (51 3) (16 10) 30 58 5 83 85 7 (89 70 45 37) (22 99 6 61) (17 23 67) (18 4) (59 43) (31 36 12) 34
3: (80 57 45 48 99) (42 34) 47 (59 15 67 8) 100 (93 53 22 95 66) (74 5) (43 19 61 51) (65 16 33 69 71) (91 88) (89 23 86) (3 29 94) 12 83 (90 39 75 87 60 4 10 9) (27 6)
4: (79 58) (94 4 99 91 31 71 20) 18 78 (61 77 21) 10 67 (89 25) (60 22 44 86 51 53) (35 45 11) (74 95 100 6 43 13 63 90) (5 29 19 2 50 93) (83 64) (47 41 12 27)
5: (19 91 45) (38 9) (94 95 16 31) 59 (79 83 53) 4 63 (89 69) 12 (61 65) 44 (51 27 48) 100 (6 93 67 86) (18 47 22) (10 68) 98 77 90 17 (35 2) 64 20 15 (74 43 33 60) 80 3 (58 13 39 1)
6: (83 29 22 91 38 58) (86 65 47 48 42 99) (89 33 95 14 100 5) (85 94 93 28) 4 (37 31 51) (45 10 2 61 66 23 6 8 67 60) (15 53 90 77) (63 80 12) (46 27 78 19)
7: (24 77 51) (45 68 89) 34 (6 9) (93 58 32 3 19 60 31 67) 4 29 66 (95 86 11 99 62 20 23 47) 91 53 73 (2 35 38) 64 (21 12 27) (49 22) (83 78) (90 80 8) 15 79 13 10 (39 33 100 7 70)
8: 59 (31 89) (90 18 6) (20 33 51 94) (85 23) (67 49 48 47) (93 58 43) 35 (10 44 80 5 91) (60 57) (64 70 41) (45 61) (24 83 95 8 53 88) (99 38 86 21 65) 100
9: (8 30) (75 86 44 67 3) (76 5 52 34 47 51 4) 64 (22 95 17) (11 78 58 94) (27 10) (21 19) (69 13 23 20 25 87 91) (93 33 6) (83 73 31 48) 60 (89 99 35 53) 98 38
10: 78 (35 93 79) 83 29 86 (41 18 6 59 91) (10 4 37 8 27) 45 (5 20 55 47 87 9 100 73 66 30) (43 21) (15 31 7 61 23 95 19 12) (64 22 90 63 53) (3 99) 33 (67 39 16 94)
11: (31 16) (83 10 95) (93 19 77 80 37) (64 44 29 94 100 22) (90 27 85 91) (2 65) (15 67) (14 6) (45 89) (43 59) 3 61 17 46 99 86 (60 47 73) (41 5) (69 58)
12: (32 22) 23 86 (85 38 2 95) 10 60 39 (53 35 16) (89 58) 50 99 (78 64 4 83 91 59 21 90 19 80 73) (65 34 44 74 47 93) 8 (29 84) (31 7 67) (94 6 51 41)
13: 44 (61 86 93 47) 39 (63 75 22) 29 (48 20 21) 45 (67 27 12 65 4 60) (99 32 3) (17 78) 51 (2 89) (10 6 53) 66 (64 34 5) (16 100 69 7 77 19) (91 95) (37 43) (33 94 83)
14: (37 6) (63 61) (57 100) 41 (94 5) (87 51 33) (73 77 44) 47 25 86 (67 23) 31 34 (30 7) (43 91) 10 12 (64 27) 35 (95 58) (3 62) 29 (75 79) (60 21 18 66 99) 22 (74 48) 90 83 93
15: (91 86 31) 35 34 (90 58 93 83 63 99 80 27 33) 20 (22 65) (12 38 78) (44 41 6 17 88 3 26) 23 (100 5) 28 (7 89 74) (53 21 47 60 45 61) (64 10) (94 69 67)
16: (7 100 13) (18 62) 99 (20 3 58 31) (5 98 36 51 23 67 44 90) (86 29 16 32) (4 27 34 71) (65 83) (35 17 19 69 95 33 41) 46 (91 75 47) (77 10 6) (60 89) (50 93 63 43 80 94) 21
17: (14 22 51) (93 94 21 38 85 20) (6 78 65 4 25 43) (90 99) 35 (44 83 89 80) 86 (3 27) 100 (91 67 53 68 60 41 24 28 95 2 58 18) 9 (45 88 5) (33 50 61 16 10)
18: 100 (6 99) (10 53) 47 (86 79 19 2 31) (44 22) 89 33 (21 5 91 46 12 85 66) 9 67 20 (70 45 35) (14 48 38 4) (23 78) 98 57 (74 59 28) (11 90) 3 (93 95)
19: 10 (91 76 94) (79 39) (47 12) (98 2 87) (30 27) (19 99 24 60 7) (66 11 68 63) (31 48 95 43 6) 5 100 (83 32 38 22 90 51 3) (89 23) (33 4 80 78 28 41 45) (37 58) (61 67) (15 21) 59 (86 77)
20: (88 8 47) (3 14 65) 28 48 (83 5) (19 6) 91 (51 43 93) 23 94 98 (4 85) (44 58 36) 22 (29 9 27 45) (33 87) (66 57 77 17) (63 13 46) 95 61 74 7 (89 53 60 99 86) (21 78) (10 20) 67 (12 100) 31
21: (47 48) 77 (99 67 31 94) 83 95 (15 79) (35 3) (44 78) 14 60 51 (58 27 89) (80 63 39) 90 93 (6 9 2 22 32 91 28) (33 86 23 64 38 65 19) (46 61 10) 74 (16 36 21) (43 17) 100
22: 2 (34 12 52 4) 60 (45 48 51) (20 22 10) 86 95 61 (41 49) 65 93 (33 74 16 94) (39 89 83 66) (73 44) 99 (47 91 3) (19 67) (75 79 27 23 80 8) 50 (63 6 35 58) 100 (90 59) (98 53 5)
23: (37 58) (30 64) (79 99 89) 2 51 88 80 43 (53 31) (6 90 22) (47 5) (23 86 60) 74 93 (11 28) 20 (9 17 3 35 83 10) (91 100 73) (44 78 85) 27 (45 62 95 65 12 48) (94 7) 67 59
24: 83 95 (31 66 91 29 75) 100 94 (7 44 60) 19 (53 45) (69 51) (43 93) (62 59 30 4 10) 99 (64 40) (73 67) (89 34) 65 (47 88 5 28 6 90 3 78) 72 (79 32 41) (22 11 23 15 77) (21 86)
25: (27 100 6) 91 58 93 (46 19 89 99 61 2) 31 67 64 (7 69 32 88 35 79) 86 (3 12 30) (95 83) (65 78 21 5) (90 15 33) 80 (9 23 63 74) (22 51) (10 4 47 25 8 16) 94 (53 60)
26: 16 (78 6) (64 32) 51 (28 85) (69 57 88 86 39 89 90 23) (67 41 2) (65 22) 27 (74 38 80 71 99) (35 47 44 43 61) 63 (45 48 10) (7 36) 31 83 (9 66 91) (30 53) 68 (95 59 5 29 73 94) 12
27: (29 67 48) (93 43 35) (80 78) (3 95) (100 50 69 77 20 68 30) 57 (12 51 6 22 11) (38 99 94 61) (10 15 9 63 37 32 31) 53 27 89 (66 72) 88 19 (75 65 60 47) (85 90) (49 83) (86 33)
28: 34 22 30 60 (91 95 65 64 86) (89 79) (16 77) (45 24 66 83 13 31 38) (74 19 48) (33 71 67 27 61 6 90) 53 (100 43) (47 75) 80 (51 14) 9 (44 10 5) (69 39 15 35) (7 49) (23 94 41 29) 99 12
29: (3 34) (73 7 79 48) (80 4) 16 (14 25 12) 60 6 (86 45 66 61 29 52) 44 20 (33 9 53) (74 47 27) (31 91 23 78) 94 95 (59 5 67 83 68 10) (43 38 77) 65 (36 99 21 57)
30: (94 87) 25 (2 31 58) 95 (34 6 23) (3 90 60) 99 (45 59 33) (5 86) (65 74 67 80 4 78 35 93 10 18 75 30 22 100 89 91) 76 (41 46 85 64 12) 62 (19 47 43 73 27 51 17 53) 20
31: (64 83 91 88) (94 75) (86 44 5 69) (37 31 95 6 39) (60 3 19 36 15 23 35 90 67 74) (87 38 12) 61 78 (2 9) 77 58 (29 51 20 27) (47 45) 89 59 80 (100 57 63 11) (22 93)
32: 67 (27 38) (89 80) (90 51) (64 58) (15 43) 91 59 (22 87 63) (100 10 78) 94 (73 69) (45 60 4 6 47) 21 31 (65 28 75 23) 3 (48 99 19 53 7) (16 61 83) (14 44) (5 34)
33: (41 69) (7 2) 51 (34 27) (93 74 53) (66 6 3 37 100 9) (86 73 12 43) (83 5) 30 (45 10) (88 77 15 91 99) (31 22 44) (97 94 61) (17 20) 62 (48 67 58 33) (90 23) 60 (65 19) (29 79)
34: (23 20) 31 (83 86 95) (53 69 75) (60 72) (65 67 45 28 30 35) (78 74) (6 49 100) (19 90) 44 91 (47 59) 4 (12 58 5) (73 94 38 46) 77 (64 33 89 29 7 62 9 17) (10 15 99 48)
35: (67 99 18 5) (88 22) (32 48) (37 15) 61 (44 47 93) (89 31 58) 35 65 (2 74 59) 91 27 (79 50 78 3 80 6 12 77 60) 38 (51 71) 86 (23 28 10 43) (83 63 11) (95 20) (30 94) (98 45) 33 4
36: 74 (19 95 48 25) (80 91) (85 30 10 67) (38 75 58 47) 94 13 (45 59 71 65 43 23 6 87) 7 (99 90) 46 (88 83 27) 100 93 (33 86 61) (51 53) (36 66) (21 2 60)
37: (20 89 7 17) 99 (10 49) 88 16 (65 30) (50 8) (64 32) (28 61) (80 12 14 90) (93 83) (37 22) 53 (91 67) (46 4 11 33 86 60 45 34) 35 31 29 (94 85 57 43) (79 6 3)
38: (60 32) (100 12 5) (23 42 58 29) 95 (91 94) 52 (41 77 83 16 31) 67 (2 21 9 25) 79 44 15 46 6 (50 45) 51 (64 33) 85 38 (10 99) 19 (88 69) 53 14 (47 59 86) 65 (80 89 35 7) 20 (73 48 93)
39: 19 94 10 (21 77 34 62 29 26 7) 60 47 (20 43) (45 51) 91 69 (95 4) (53 12 98 23) (100 78 86) (33 93) 90 (89 32) (88 63 83) 46 (6 80 22 61 87 67 65 44 31 71) (73 99 66) (41 38) 27
40: (60 32 78) 5 80 (34 6 35 86 33) 99 (90 44 82) (23 59 100 53 68 30 36 87 75 3) (2 67) (51 83 16 79) (9 94) (77 43 27 10 89 46) 47 (88 65 45 39 91 7)
41: (89 51) (34 87 75 3 78 80 25 23) (12 21 93 67 86 9 83) (41 31 47 55 4 69 22) 2 (45 19) (52 99 65 44 10) (20 94) (57 33 48 79) (63 27) 43 28 7 (90 17) (95 53 5 6 73) (49 91 13)
42: 38 (31 62) 5 7 45 10 (42 100 47) (90 83) (41 48 23) (53 50) 12 (22 67 66) (99 46 59) (89 33 57 63) 86 60 (58 73 35 29) (77 27 17 15 78 43) 21 75 93 (94 6) (80 3 44 11)
43: (66 67 62) 45 (60 51 27 3) 80 6 93 (86 59 25 48) (72 68) 23 (83 89 64 94) 50 53 (16 7) (58 2 87 9 10) (99 12 20 65) (47 36) (91 33 73 5) (100 90 22) 78 (44 74) (4 46 35) 39 19
44: (17 44 31) (5 9) (71 39) (51 48 21) 22 (83 30 98 19) (3 45 78 62 15 100 86 65) (32 80) (81 95) (94 61) (74 79 27) (6 91) (43 67 53) (10 23 90) (41 75 60 89 52 59 58 99) 33
45: 55 12 51 (63 41) (27 94) (34 91) (78 93 90 7 5 82) (50 99 21 95 6 47) 23 64 28 86 80 22 (8 3) (58 19) (100 38 59) (10 60 67 77 29) (32 44 31 35 4 25 33) 89 (65 43) (83 48) 2
46: (3 43 99 69 4 64 65) 58 (9 60 86 47 44) 37 6 48 (50 90) (45 12 51 49 83 34 91 55) (95 94 77) (33 66) (29 22) 39 (100 5 14 25 19) (61 31) 89 21 23
47: (10 33 89 12) 5 22 (99 34 87 8 78 66) (94 28 74 64) (21 67 19) (45 91 58 35 59 25 88 79) (95 4 46) (93 73) (90 47 20 71 51 83 86 53) 48 (85 6 60) (69 43 31) (23 36 63)
48: 36 83 33 (60 79) 19 (35 47 86) (5 55 67 44 77) (53 6 45 89) 31 (93 3) (61 74) (10 8) (92 4 66 62) 28 91 (87 94) (15 38) (29 80 41 12) 64 (2 7 100 23 99 59 16 95 22) 50
49: 63 (27 68) (53 6) (33 15) 19 10 (60 80) 22 (16 34) 66 90 (45 49 17 93 83 4 91) 35 (86 47 3 43) (95 94) (28 99 12) 41 78 73 (77 51 62 13 57 23)
50: 9 99 (31 8 43 83) (33 22) (19 89 93 10) (48 64) 72 (44 98 5) 4 (3 12 69 47) (51 91) 34 (65 2) 95 15 (67 6) 74 78 53 45 60 (73 30) (75 94 90) 62 79 (96 16 58 35 38 61 23)
51: (6 48) (74 16) 93 (95 55 53 79 31 75 71) (20 60) 91 47 (99 4) 62 (89 86 41 22 83) 45 94 90 (33 69 9 27 78) 12 21 10 (64 23 5 35 29) 61 67 7 44
52: (47 99 37 78 21 34 67) (98 35 7 62 31 46 3 80 38 73 86) 85 (77 65) 2 (52 27) (93 43 45) (61 90 66 89 94 41) 58 (5 6) (91 64) (23 17) 19 (39 33) 51 (69 10) (63 59) 79
53: 27 48 (6 100 22 88 89 80) (86 83 78 20 45) (23 25 15 53 69 51 5 91 49) 61 24 21 (10 19 93) (57 95) (30 47 31) (63 8 38) (90 12 58 46) (60 99) (44 94) (64 7) (68 33) (39 67)
54: (22 74) (19 51 61) (83 59 5 79) (16 23 10 47 89) (29 64) (27 60) (88 8 45) (80 9 43) (13 94) 35 (78 53) (33 90 4 65 95 75) (86 49) (30 87) (12 31) (38 77) (73 67 6 99 58) 93
55: (43 61 14 45) 86 69 (5 85 38) 73 (95 20 35) (99 7 22 65 27 29 16 32) (64 89) (75 67 12 48 33) (66 53 58 9 47) 80 94 83 34 (51 10 91 60) (4 71) (17 93 6 19 2) 21
56: 47 19 (91 9 98) (66 86 22) (93 87) 60 (38 99) 23 (17 2) 5 58 (52 94) (39 41) (45 43) (64 6 89 20 65 31) 69 (53 61) (100 67 21) (74 33 44 8) (29 80) (12 27) (25 90) (95 34 46 16 85 10) (28 7 83 77)
57: (30 60) (90 89) 94 3 6 39 59 7 (28 12 99) (86 44 14 71) (10 63) (8 48) 80 36 21 (31 34 66) (16 65 69) (51 95) (83 93 35) 2 20 (47 33) 91 (25 75 23) 22 (19 45) 67 79
58: (47 58) (89 31 80 35 10 95 90) 66 (14 50 79) 98 77 85 (69 83) (82 48 5) (78 99) 61 44 (30 33 88) 46 74 (65 6) (94 100 22) (43 23 64) (86 73 60 21 19 56 87) (27 36 91 7) 45 67 (12 15)
59: (86 95 67 51) (5 93 33) 85 19 16 14 47 3 24 (89 18) (13 99) (48 74 37 72) 63 (58 17 91 60) (53 83 10 21) (59 94 29 43) (27 66 6 80)
60: 5 (2 29) 100 (60 71 63) (6 47 46) (43 53) 45 (73 67 83) 16 12 (99 78) 35 (44 22) (15 27 91 65 94 77) (90 86 3 69) 9 (33 10 95) 59 (34 80) (19 93) 75
61: (20 85 35) (38 78) (48 80 87) (95 77) 64 (90 23) (47 74 60) 6 58 (67 94 86) 10 100 53 16 (31 22 30 71 93) (29 12) (98 91 70 3) 19 (83 99 69) (63 46 89 8 5 4 7 73) (62 45 2) (27 15 51)
62: (27 86) (93 58) 79 (63 31 20 78) (53 49) (94 100 15 87) (62 33 59 68) 28 (3 99 41) (91 7 85) 73 (65 47) 83 25 (80 43) (17 2 57 61) (44 6) 11 60 (10 38 23)
63: 93 36 66 44 (53 33 49) (43 41 13 4) 62 85 35 (99 67) (5 7 61 77 76 51 47 48 60) (91 94 14) (80 57) (95 58 22 63 3 25) (45 6 83 100 87 73) 20 (12 65 90) 27
64: (91 35 45) (6 99 65 52) (80 73) (98 46) (53 38) (94 18) 100 (14 66 33 41 42 4) (2 15) (43 7 89) 88 (79 19 12) 60 (95 61 27 44 11 29 47) 22 (51 23 10 67) (90 21 31) 16 (9 83 71 86 5)
65: (72 76 43) 79 (19 22) (21 58) 20 (34 89 99 35) (80 23) 85 44 (53 5 48 47 95 51 94 98 31) (12 61 6) 91 67 (59 93 38 33 90) (29 78) (13 68 2) (86 83)
66: 30 (31 5) (74 47 20 18 58 36 3 21 11) (73 19 43 6 93 27 16 12 60 85) 32 (25 87) 7 (29 79 9) (95 41 86 46 89) (57 94 2) (63 83) 67 91 (90 33) (50 80 17 65 10 62) (61 44 59) (22 51) (23 99 35) 49
67: 79 16 (53 67 87) 60 80 (31 3) 6 63 90 (66 64) 78 (22 24 93 7) (10 100 55) 30 (19 47) 14 (23 35 2) 44 (99 43 83 36 95 91 15 71 33) (48 38 86) (89 97) 92 94 4
68: (31 99) 45 (60 35) (91 5) 33 (94 7 2) (27 14) (28 21 6 93 59 22 13 8) 89 (23 73) (10 46 47) (43 53) (80 95 44) (12 90 74 58 38 17) 86 29 41 (64 83) (19 100 65) 51
69: (2 8 44 51 83 62) (80 94 67 17 46 74 47 72 20) (10 89) (99 45) (5 12 53 65) 31 48 9 (33 60) 86 (11 19 95) 15 91 (90 35 7 3) (93 22) 100 (78 6) 49
70: (52 2) 62 (95 4 19 83 77) (93 16) (73 5) (46 8 63 47) 61 21 (90 91) (6 80 74) (15 33) (10 59 94) 48 86 100 18 (82 12) (29 67 65 58) (35 44) 25 3 (41 22 31 87 23 43) (45 99)
71: (75 8 3 94 69) (100 47 49 60 35) (12 36 46 10) (41 30 83) 95 (91 37 33 80 48) 43 61 (31 23 87) (34 29) (90 14) 59 (65 67 17) (27 51 58 19 89 93) 99 6
72: (10 53 63 83 17 34 98) 50 (88 51) (62 94 90) (31 44 45) (78 99) (59 47) (100 48 6) (60 33 22) 93 (74 12) (67 65) (3 23 95) (77 58 5 27 91 38) (9 55 41 8 69)
73: (5 29) 63 19 74 (99 36) 80 10 (65 64 66 94 30) (6 9) 7 (14 35 2 62) 41 (34 22) 16 (33 95) (90 53) 67 27 (51 43 83) 60 47 86 (21 93) (79 12)
74: (23 12) 47 (99 19) (79 60) (100 5 27 59) (91 35) (14 3) 85 (9 93 73 89) (64 21) (67 78 6) (69 29 52) 37 (95 41) 82 (83 80 33) (34 51 94) (53 10 43 55) (98 72) (45 86) (62 38 74) (58 66)
75: 40 (67 7 51) 9 (59 23 22) 6 83 (30 10) (71 14 64 3) (100 65) (78 53) (95 75 44 94 61) (90 98) 45 (66 16) (33 29) (73 58 2) 99 15 (43 5 63 17 79) 93 (13 47 80) (20 89) (91 85 86 34) 62
76: 67 22 100 (42 83) 19 61 (30 86 45) (85 7) (35 95) 6 8 (69 20) (79 10) (60 94 23) 49 90 (80 9 12 65) (77 15) (31 43 99) (63 4) (78 91) (48 64) 73 75 51 89 53 93 13 87 (47 38)
77: 41 (79 4 65 89) (69 27 78 37 7) 43 (6 91 73 83) 60 (63 86 100 19 94) (72 33) (5 74 48) 93 (1 67 58) (22 34) 9 80 (95 10) (51 13 44) (77 47 20 23 99 29) (35 53 3)
78: (93 80) (33 69 19) 31 (67 5) (4 78 3 22 90 61 48 27 95) (60 47) (35 66) (43 100 88 58) 51 (38 83) (91 21 94) (77 53) (65 15 6) 10 (63 89 16) 86 37 (45 99 23)
79: 34 74 8 5 77 (37 44 22) 4 91 (9 10 16 89 90) (38 83 29 3) (36 62) (47 95 75 2) 64 67 (35 100 48 19 33) (78 80 63 65) (6 27 79) (99 58) 94 (60 93)
80: 47 (27 49) (45 57) 69 (86 94 77 17 50) (13 31 21 90 7) (67 22 19 60) 35 (42 3 93 2) 38 (10 12 91) (65 15) (33 23) 5 (9 80 68 8 16 34) 53 87 (83 48) 46 64 58 4 89 99 (78 6) 61
81: 62 (93 31 80 83 41 24) (79 6 99 58 89 12) (9 17 35 63) 95 (100 20 86) 60 55 2 (28 94) 22 10 (45 67) 84 90 91 (4 38) (51 30) 47 (27 23 7)
82: (91 6 75 62) (29 45 31 90) 79 83 (67 33) 86 73 95 (65 22) 99 (61 30) 12 (10 44) 63 (23 8 59 38) 53 (16 80 43) 21 94 78 (13 58) 25 36 9 (93 27) 19
83: (63 86) (89 41) (23 61 83 14) (40 43) 15 5 (7 95) (66 76 80) (64 65 11 6 22 59 93 69 88) (67 53 38) (12 10) (44 99) (94 4 20 47) (58 35 90 33) (48 77) 62 (74 45 60) (17 87 19)
84: (99 19 93 68 44) (31 53) (95 82 62 51 10 16 67 41) (22 83) (5 80) 6 (9 60 7 73 90) 30 (47 13) 49 28 (23 57) 94 (89 27 33 35) 11 12 (66 86 45 91 29) (78 65 79)
85: 87 (86 3) (10 91) (4 2) (93 16) 82 (64 94) 80 (61 38) 83 88 33 (9 47 58 98 65) 6 (27 45 35) (66 62 95 89 100 90) (22 19 53 60 31 21) (37 23 51 20 67) 5 48 (85 73 63 44) 99
86: 94 62 (31 17 33) (95 79 61) 4 90 (13 67 34) (41 10) (39 45 74 91 35) 42 (20 51 5) (100 98 16 48) 83 7 77 (58 9 69) (73 6) 86 88 22 27 80 (43 26 78 23) (89 99) (47 8) (66 71 29) (19 15)
87: (59 89 16 13 28 60 58 23) (63 21) 90 (8 75 5 83) 78 (48 40 22 86) (100 64) (12 45 15) (43 4 95 79) (10 67 32 94 71 27) 33 (2 7 68 19) 6 (53 91 80) (18 77) 44 (93 99) 35
88: 43 (86 6 77 73 33 90 78) 29 (30 99) (46 80) (27 91 74 35) (47 14) 9 (49 60 3 38) (41 5 19) (94 36 20) 28 (63 67) 58 (53 7 45 17) (31 83) 51 (10 44)
89: (48 30 63 37 60) 28 (27 89 19) 98 (78 87 43) (5 20 74) 53 22 45 (6 100 83 66) (52 94 47 67) 23 69 (93 21 62) (58 76 86 91) 80 (44 75 12 99 15) 51 9 (10 77 73) 38
90: 23 41 43 (63 91 60 52) (51 69 100 10) 35 71 (79 65) 8 (17 66) (57 95) 5 (53 74) (58 31 86 36) (67 12 34) (4 26 37 7) 77 (33 62 28 90 81 25 48) 3 99 (2 89) (47 75 39) 16 (6 80 85 19) (78 73) (49 83)
91: (15 67 83 12 28 23 57) 93 (58 85) (35 100 43) (86 99) (2 31 47) (4 60 46 48 14 94 19) 9 29 80 (64 33) (7 71 13) 44 (63 10 79 27 91) 87 (50 6) (75 95 89 69 90 41)
92: (45 65 83 17) (57 60) (94 48) (35 51) 10 95 (59 37 53) (80 98 99 28 61 67) (93 3 43 33 77 91 38 78 86) (23 82) (89 22 7) 100 5 (27 21) (66 31) 4 47 6 (19 12)
93: 95 77 (5 88 48 83 10) 21 74 (16 33 89) (30 12 86 44) 91 94 47 (75 8) (9 80) (25 6 69) (90 67 40 51 84) (7 60 61 36 32) (45 58 2 65 99 79) 53 (22 57 19) (72 24 28 23) (43 3) (64 27)
94: (64 48) (67 17 61) 29 (53 75 23 56 51 19 33) (44 65) 38 (94 5 10) (28 43 99 77 7 59) (83 35 47 74) (15 22) (79 2 34 31) 91 (73 88) (16 54) 6 (93 60 3 85 80 86) (45 90 52 12 63 89 95 27 87)
95: (33 7) (60 63) (89 82) 80 (20 23 4) (25 87 93 5 98 91 46) 37 (64 86) (10 38 34) (21 27 77) 8 (53 45 29 6) 67 94 (18 79 100) (41 44 48 12) (99 78) 58 (43 61 83) 16 62 (47 90)
96: (50 91) (47 31) 57 (48 65 43 6 55) 99 (16 51 27 73) (21 2 23) (5 19) (64 90 94 78) 98 (7 10 14) 60 (59 67 3) (89 20 79 68) (30 87) 22 33 (95 93) (37 86 46 17) 35 45
97: 79 (47 21) (99 51) (13 23 72 53 9) (20 37) (7 75 73) 93 (4 12 67 48 91 69 88 44) (10 19) 33 (100 45) (27 80 5) 83 (41 6 22 95) (16 82 43) (85 31 70 65) 86 (87 17) (58 60 94)
98: 62 (22 63 6 88) 25 (14 45) 94 35 (67 27) (89 86 50 12 29 30) 91 (31 61 2 3 79 87 93 5) (18 47 99) (95 90 16 59 74) 33 83 (10 51 4 41 46) (85 65 19) (66 80) 60 (43 32)
99: 21 (83 43 65) (58 80) (51 99 3 9 91) 2 31 (100 7) (62 22 44 53) (10 59) (60 87 36 63) (39 94) (48 57 19) (90 64 67) 56 35 20 72 41 78 86 (23 89 40 6 95) (38 88) (14 33) (5 82 15) 27
100: (38 53) (33 41 99) (86 60) 7 (19 9) (23 3) (67 95) 88 (63 89 100) (44 25 22 80 48 2 45) 28 14 (94 49 35 51 6) 31 (10 71 93) (5 69) 8 (34 91) 47 77 21 (90 17) 65 (12 43 73)
