100 100
1: 13 25 54 91 34 35 81 94 58 32 23 71 85 3 72 92 52 76 86 67 16 26 75 40 10 78 80 57 51 48
2: 25 44 65 31 18 28 87 61 22 50 11 72 5 49 84 21 59 19 36 89 69 38 14 27 100 48
3: 42 84 57 72 70 56 98 75 23 16 88 13 94 64 59 96 67 82 66 47 2 20 15 100 91 25 26 74 27 69 97 41 30 12 68 99 49 18
4: 13 77 53 85 98 24 38 21 55 51
5: 87 63
6: 40 10 42 59 87 99 67 58 20 100 26 96 80 6 11 68 15 30 35 98 27 53 81 97 66 76 5 86 25 65
7: 50 9 98 85 18 74 34 60 96 91 86 30 14 5 63 25 37 12 26 89 69 55 35 78 42 13 62 76 22 1 81 33 88 77 11 15 57 95 17 8 49 61 20 65 39 31 80 23 28 16 83 99 6 7 4 73 70 24 71 54 47 32 75 90 100 38 97 2 64 56 93 19 44 87 36 3 29 21 10 59 92 46 45 53 48
8: 92
9: 50 71 26 31 81 14 57 100 72 10 37 95 49 39 47 76 38 69 80 27 21 42 19 74 8 15 25 93 97 12 20 45 96 54 83 53 2 1 64 48 34 9 36 51 22 88 70 18 46 62 75 77 58 43 55 24 61 11 86 41 87 40 16 84 5 60 82 7 52 90 98 91 68 44 92 13 94
10: 66 62 82 20 9 35 30 5 47 2 63 74 81 91 77 51 79 56 48 60 71 26 23 24 37 88 4 39 49 75 92 90 6 10 96 55 73 31 65 89 87 15 28 67 70 69 97 98 36 38 17 50 85 95 93 100 43
11: 8 70 30 89 95 83 98 31 91 24 86 52 39 76 81 5 43 44 47 63 34 49 14 42 66 100 23 61 94 88 85 19 46 33 17 6 80 71 7 45 4 55 60 50 84 65 99 73
12: 59 38 48 50 1 81 75 79 12 2 72 90 55 9 57 64 46 33 51 24 10 67 37 44 11 94 32 5 18 43 8 63 95 34 98 100 71 74 78 80 91 19 20 69 84 66 70 62 89 30 85 25 53 92 99 13 29 52 82 97 77 31 27 83 68 7 4 65 16 47 6 21 36 73 49 54 42 39 88 93 28 15 22 35 60 17 14 76 96 45 58 41 56
13: 37 78 100 43 36 48 51 96 39 40 86 47 80 3
14: 72 84 79 21 86 70 78 89 69 68 13 40 99 94 74 66 56 82 58 32 52 31 23 41 77 97 54 37 91 63 48 10 75 57 29 35 60 45 73 25 95 8 83 3 18 36 76 4 30 43 1 28 47 67 85 20 26 38 22 42 2 6 100 62 39 46 87 15 51 11 5 16 71 9 33 53 34 88 55 96 44 81 98 17
15: 25 9 43 51 78 87 22 65 61 79 82 29 7 17 48 27 11 69 67 47 56 34 12 83 59 32 70 10 52 60 3 77 45 33 68 89 39 97 5 38 75 41 91 64 19 44 90 37 73 8 94 50 1 21 76 40 28 26 2 98 81 23 54 100 95 35 84 92 57 4 31 85 30 55 24 71 99 86 80 66
16: 36 51 38 53 88 18 60 2 20 89 73 25 52 98 54 69 91 43 100 29 7 56 22 74 79 96 64 90 44 59 9 39 15
17: 20 99 50 41 52 85 19 93 31 65 17 8 29 1 78 63 81 87 94 36 71 80 34 73 57 27 68 21 95 83 12 97 3 38 89 14 45 70 69 47 18 79 84 26 66 22 5 7 37 51 2 15 44 100 10 33 60 92 72 48 23 88 86 53 61 74 39 56 98 75 24 96 16 28 46 4 55 58 11 25 30 43 62 90 32 54 67 77 40 13 91 35 6 42 64 49 59 76 9
18: 19 66 33 75 47 54 15 78 100 96 51 99 88 48 31 52 39 27 95 7 71 73 13 63 83 34 98 50 85 56 59 24 9 80 37 64 67 61 18 14 97 55 69 40 82 49 60 10 87 22 2 57 36 11 86 89 65 25 43 77 90 6 45 35 41 68 23 91 79 93 81 94 76 30 32 17 1 21 26 8 62 12 72 20 58 44 70 74
19: 18 57 3 89 23 47 48 82 13 84 19 72 11 66 70 14 73 83 62 25 78 67 32 52 30 34 37 88 54 24 50 80 90 29 68 85 86 7 10 81 33 20 9 22 12 92 99 75 96 5 77 76 43 91 15 17 95 1 36 79 53 58 94 100 87 46 65 28 45 26 16 74 35 8 31 6 93 41 4 61 21
20: 40 97 89 46 43 79 81 77 71 100 36 45 42 59 54 20 93 12 39 31 61 25 1 56 49 13 21 94 5 86 35 68 83 27 29 73 72 8 87 95 19 24 16 64 33 58 55 90 4 48 50 37 82 91 57 30 41 51 15 78 47 53 17 26 28 14 67 63 84 23 66 9 75 65 10 88 76 32 34 38 22 6 96 2 52 11 70
21: 62 10 60 58 44 15 33 82 83 16 4 81 61 45 26 89 41 24 3 71 87 91 18 1 12 39 92 7 69 74 78 42 13 43 2 23 86 48 36 50 30 84 29 79 47 6 56 73 52 54 51 66 11 100 31 40 32 72 95
22: 76 78 42 88 48 89 45 34 20 47 30 63 65 18 69 87 15 32 82 58 85 53 10
23: 1 39 84 95 12 36 33 49 79 82 58 91 6 38 7 65 99 31 30 32 15 4 87 16 97 47 69 9 83 3 53 41 67 77 8 89 22 88 14 56 40 25 75 61 96 90 74 62 63 94 19 73 2 64 93 72 45 71 66 24 70 28 26 54 42 76 60 29 11 20 52 55 81 50 59 46 48 68 43 92 98 10 51
24: 23 39 65 24 98 15 44 41 90 17 37 80 73 79 54 22 27 48 56 81
25: 71 91 58 11 25 66 12 46 90 81 95 32 96 70 55 21 74 67 38 20 98 4 34 5 1 31 77 61 24 13 26 36 75 57 42 22 49 54 99 80 59 82 19 83 62 65 45 10 8 41 50 33 87 84 53 40
26: 27 44 90 10 14 52 83 58 54 51 22 20 43 35 78 56 2 11 89 60 6 96 99 81 1 75 77 23 39 68 31 42 33 72 64 85 86 41 37 82 98 65 30 87 47 21 15 74 69 7 76 9 80 59 16 79 70 40 97 18 50 94
27: 70 62 29 60 97 61 1 49 23 58 34 21 53 92 15 16 100 24
28: 24 33 96 34 28 97 5 30 98 57 73 14 63 70 92 88 64 19 51 61 82 32 43 53 27 25 47 79 26 31 46 65 87 13 67 36 52 54 95 29 42 58 71 9 21 35 45 1 50 68 10 22 59 80 18 6 11 100 20 37 8 74 84 89 85 55 16 60 99 3 66 49 4 69 56
29: 19 80 27 77 51 82 75 91 76 7 72 31 86 93 26 68 52 58 42 21 20 61 98 38 84 28 29 54 60 89 71 67 25 13 62 74 96 30 99 94 2 11
30: 3 1 78 76 23 13 89 8 96 83 47 87 54 66 52 90 60 68 49 20 32 17 33 79 95 38 69 6 16 74 30 4 11 61 91 50 81 22 92 94 82 65 31 14 36 43 24 75 63 27 88 56 42 67 7 55 45 39 37 62 84 100 29 70 58 41 2
31: 23 56 44 60 81 99 22 82 53 92 47 91 65 16 50 40 45 87 38 35 52 49 71 72 5 37 2 94 9 64 58 24 15 21 51 85 86 26 13 83 66 42 57 76 43 33 61 100 10 68 75 18 7 4 89 1 74 28 12 59 79 67 20 69 78 25 54 46 39 3 55 73 80 84 27 29 32 98 6 8
32: 52 58 64 25 92 57 13 80 29 23 70 5 90 31 12 15 19 96 37 4 93 46 16 84 22 10 69 1 11 68 40 44 28 30 74 81 97 43 45 85 51 78 6 49 100 83 2 71 56 87 26 17 66 62 67 88 76 50 24 73 3 75 89 42 82 94 21 41 99 27 60 59 72 34 18 77 7 86 55 53 47 54 14 63 48 98 9 20 79 95 65 61 39 36
33: 10 29 8 70 21 32 67 15 59 77 31 41 85 18 11 76 89 90 80 63 36 60 12 44 98 69 73 86 4 75 25 61 16 46 17 48 7 87 92 45
34: 97 46 23 47 79 12 68 84 73 70 38 82 29 4 64 72 89 66 36 20 55 25 22 52 58 45 62 34 9 63 50 31 71 92 85 35 11 91 13 3 8 69 88 21 54 90 78 86 99
35: 17 46 55 98 3 54 91 94 69 33 97 11 30 81 60 27 23 92 100 5 67 95 72 87 63 65 8 15 20 89 57 51 29 80 32 73 42 2 53 36 14 52 16 90 45 88 12 75 79 77 62 78 70 48 13 49 6 9 18 24 85 22 59 7 26 19 43 38 31 50 10 64 71 82 74 39 96 58 1 41 28 37 34 99 76 68
36: 79 70 48 78 39 5 51 62 6 61 12 30 72 83 26 27 63 89 18 53 19 85 4 60 13 65 84 100 7 34 92 31 88 3 24 57 37 9 52 93 1 95 33 43 80 44 8 20 73 16 28 81 90 94 23 58 17 29 59 76 40 75 64 98 55
37: 41 96 84 98 36 7 17 71 94 59 55 26 53 100 22 64 12 61 35 10 51 27 1 66 74 28 33 47 54 6 30 24 56 50 38 69 87 63 34 89 37 46 44 67 76 49 23 21 39 52 43 18 42 8 80 62 72 31 57 95 25 5 90 88 79 70 73 77 85
38: 5 75 8 90 16 39 54 55 40 50 51 45 60 81 68 12 30 1 3 59 100 42 65 20 43 37 13 33 57 73 31 26 95 44 53 32 97 93 94 70 99 63 61 87 4 48 67 27 34 56 74 47 29 15 88 92 46 35 19 84 64 69 86 21 2 23 78 62 14 28 58 76 52 36 80 9 96
39: 63 65 29 84 25 72 70 91 67 79 99 18 51 44 75 38 100 3 54 19 1 23 14 95 77 20 55 21 31 37 58 87 47 12 26 59 45 15 52 22 78 68 7 60 56 83 69 94 33 74 32 93 6 24 88 82 42 16 89 43 80 76 50 97 36 2 5 53 17 11 57 35 30 61 34 39 49 48 64 90 92 10 8 86 13 96
40: 23 75 78 96 99 81 57
41: 70 29 46 23 31 85 14 57 93 21 66 88 7 71 24 99 87 3 80 73 91 20 36 61 43 30 79 37 39 63 13 94 52 90 98 96 26 27 67 18 22 84 60 83 25 10 15 48 56 34 33 76 53 62 65 2 5 81 72 49 35 75 54
42: 98 94 15 55 73 62 59 12 61 74 36 56 22 80 60 8 72 19 82 86 67 46 42 26 87 53 75 50 24 96 28 79 52 11 5 77 40 76 48
43: 97 38 2 16 64 34 68 14 9 85 67 54 56 33 4 89 28 13 47 92 77 79 35 58 20 19 44 95 63 83 96 72 32 45 25 49 43 88 31 87 86 51 5 69 81 23 12 70 90 41 11 99 80 1 3 7 94 29 71 55 82 36 50 17 18 53 93 75 73 57 65 66 37 98 48 24 6 21 22
44: 51 10 32 75 35 79 80 81 25 47 27 43 67 61
45: 35 71 53 83 8 20 45 42 62 100 26 5 6 63 61 98 14 38 97 75 34 68 59 85 32 36 74 82 40 1 54
46: 58 73 18 26 87 70 67 3 75 49 35 62 28 36 100 10 51 66 13 99 79 53 6 19 48 45 80 65 20 50 90 81 23 92 83 22 88 86 85 46 14 61 2 96 76 43 56 44 94 63 82 71 7 34 12
47: 14 28 66 62 44 39 60 99 77 73 45 81 93 1 83 18 49 56 43 55 48 33 3 24 58 53 85 2 47 29 34 38 30 90 87 10 95 11 79 32 25 15 63 67 22 64 59 6 71 76 69 89 57 27 12 5 26 61 84 17 19 100 23 20 35 50 42 80 78 98 41 37
48: 13 26 29 32 34 21 14 94
49: 85 21 47 19 26 14 76 27 37 31 40 80 43 33 89 20 83 94 46 60 11 30 58 34 68 66 98 3 36 62 53 88 2 93 78 12 38 71 100 8 7 67 49 65 69 10 6 45 50 17 48
50: 53 18 29 4 74 19 83 96 33 94 88 63 41 36 82 55 14 40 8 26 48 31 46 65 60 89 25 30 86 92 47 95 81 2 13 43 39 59 12 22 97 85 27 98 16
51: 61 5 17 16 33 4 93
52: 71 28 6 96 98 89 12 25 1 27 47 100 43 72 49 67 87 94 97 40 38 8 35 46 34 66 32 82 74 64 61 69 29 11 86 76 5 36 80 14 58 93 95 21 78 77 57 62 13 3 59 50 90 48 41 70 85 23 16 19 22 20 84 42 51 60 73 53 68 54 39 30 81 91 65 17 33 75 52 79 55 10 88 63 15 83 7 31 9 37 44 18 92 2 4 45 56 24 26 99
53: 20 18 78 35 34 27 80 47 82 87 61 100 11 19 81 65 26 23 63 22 84 15 1 89 58 66 79 56 85 29 98 62 21 37 16 5 41 86 52 13 36 93 59 24 6 51 3 90 77 10 54 42 88 69 73 9 14 30 43 17
54: 96 28 71 88 30 44 38 51 39 6 35 53 12 47 42 68 9 22 7 20 25 74 21 63 1 17 10 87 15 75 66 16 86 70 13 62 100
55: 24 98 22 25 60 87 53 1 76 90 88 8 47 75 29 39 33 31 59 26 30 16 11 58 48 92 82 55 86 99 9 84 79 50 42 93 35 51 7 83 18 46 21 78 3 64 91 28 40 71 43 20 49 89 77 14 34 17 80 62 44
56: 17 66 53 70 88 1 99 37 45 4 7 32 93 24 43 81 71 73 2 27 13 23 29 55 49 41 91 30 87 36 72 82 31 3 50 86 35 54 28 25 89 12 19 61 18 14 6 94 48 38 40 74 69 34 63 79 15 26 16 100 9 97
57: 99 19 9 78 6 95 12 26 55 20 25 31 68 91 40 5 86 59 71 70 2 51 89 47 24 43 96 66 75 8 39 53 76 56 61 97 82 1 14 37 11 87 32 92 18 94 4 60 81 3 13 27 35 77 21 100 57 45 88 62 63 64 41 23
58: 9 86 79 85 70 71 53 43 24 97 50 56 62 32 34 14 75 46 40 41 51 74 96 36 47 28 7 42 19 67 20 59 77 15 78 25 89 84 30 98 80 21 48 76 39 87
59: 49 55 19 21 39 96 18 92 2 64 62 43 36 83 88 16 40 48 98 12 24 20 7 27 10 51 69 71 42 100 85 1
60: 97 93 90 2 9 87 69 79 45 47 3 91 54 52 21 50 49 60 100 83 14 18 7 19 66 20 1 5 94 29 59 39 22 74 67 89 13 76 31 61 44 37 64 33 58 23 57 65 71 72 51 16 42 35 27 68 30 77 43 86 70 78 48 84 26 55 12 41 15 63 4 62 96 6 80 99 11 82 85 75 38 8 17 24 73 28 88 25 32 40 95 81 34 98 92
61: 70 33 54 62 59 66 23 48 2 41 76 31 4 64 18 38 98 17 53 37 72 32 74 43 44 80 26 40 85 89 87 51 77 36 14 58 46 10 3 35 99
62: 12 87 5 36 52 13 29 84 37 35 49 85 22 24 32 97 7 54 62 3 75 67 63 77 38 47 19 74 43 86 14 59 34 44 92 55 57 21 10 65 18 25 41 33 1 4 83 70 99 26 81 48 16 39 31 94 79 68 51 23 88 17 71 46 98 45 40 15 78 8 89 93 64 53 76 42 61 56 60 27 72 69 80 6 9 58
63: 1 34 71 54 87 76 27 62 10 49 29 73 9 94 43 100 66 12 53 21 30 77 14 17 52 86 46 55 61 44 58 84 85 63 72 97 23 39 68 20 4 75 83 65 69 79 89 2 15 37 38 50 88 48 96 93 59 74 78 70 26 47 7 32 24 13 31 67
64: 58 57 16 91 71 35 81 90 60 54 95 59 76 40 68 17 94 52 51 33 62 97 80 41 27 25 75 14 69 84 82 61 63 46 85 55 50 47 26 73 56 65 22 3 67 43 49 89 64 23 53 19 83 11 29 45 28 34 66 8 38 99 92 1 98 87 93 20 77 6 7 32 2 36 10 15 96 70 42 30 78 12 9 100 39 72 31 79 24
65: 69 82 27 83 9 52 5 90 62 57 46 6 85 99 26 94 18 19 42 2 33 65 93 78 20 79 68 41 67 37 86 96 63 15 4 1 38 40 13 71 92 31 7 51 60 44 50 53 39 80 29 91 64 73 66 88 16 87 55 49 14 35 28 58 36 75 95 3 34 22 17 76 72 74 48 81 84 56 100 25 98 12 47
66: 21 74 56 90 71 45 15 69 77 62 95 52 40 78 36 73 31 64
67: 31 54 33 26 69 86 28 50 7 43 62 84 47 8 97 87 100 60 81 75 82 46 58 57 16 36 98 66 59 35 23 45 24 79 2 96 78 88 12 80 89 4 5 76 52 13 34 10 15 64 65 74 30 77 99 37 41 67 94 91 95 9 40 21 42 1 68 44 90 73 72 38 3 56 63 22 6 27 51 70 32 11 61 53 48 29 39 93 20 18 14 49
68: 36 44 14 95 43 22 86 28 78 2 81 31 24 4 69 77 56 11 13 93 26 68 35 15 58 32 25 42 20 99
69: 33 58 34 50 6 52 99 12 27 87 66 100 19 11 22 10 59 31 15 83 65 29 98 81 64 37 61 47 76 13 5 4 75 39 43 68 82 51 21 97 73 86 20 90 57 44 93 80 3 55
70: 55 90 54 22 49 40 100 30 11 61 93 86 25 66 33 39 96 43 48 2 13 87 57 62 77 24 45 71 81 41 36 21 64 76 28 80 27 94 12 10 58 4 23 51 19 68 59 8 65 79 73 52 98 3 17 31 35 26 95 70 32 92 7 16 85 38 50 83
71: 72 21 100 58 76 15 7 79 4 35 52 80 20 64 26 3 78 27 32 89 44 33 17 70 91 41 88 11 2 8 99 34 5 16 65 84 38 56 51 19 83 73 24 69 1 10 68 13 98 74 31 97
72: 89 42 61 20 38 48 86 36 22 72 6 45 90 32 30 52 80 2 29 71 8 1 83 55 15 56 26 96 51 40 58 43 47 12 17 75 59 41 33 49 100 31 81 62 88 79 68 35 13 98 3 87 91 60 82 54 73 76 53 14 46 70 16 27
73: 13 15 55 46 28 32 7 87 67 97 92 80 90 1 2 42 79 40 69 23 57 52 65 100 33 58 31 50 20 88 10 54 3 89 17 39 14 61 48 21 98 49 73 43 59 81 72 4 85 5 19 37 47 71 78 36 64 75 29 25 18 84 30 86 16 95 34
74: 75 84 24 44 31 26 11 56 20 63 86 52 89 12 41
75: 69 77 65 91 5 96 13 97 52 8 61 76 82 30 31 33 75 66 60 54 35 64 21 37 2 3 15 27 24 34 98 7 23 94 49 11 88 42 25 26 71 1 16 100 58 22 83
76: 90 10 47 86 60 88 31 72 70 44 85 20 48 36 42 50 9 13 1 91 97 98 7 27 26 59 15 54 38 32 23 68 34 96 37 49 66 4 76 95 100 29 18 78 65 17 3 61 58 87 5 84 6 99 43 62 40 33 35 21 16
77: 18 75 84 38 16 23 69 83 33 13 1 42 86 29 68 31 90 12 26 71 20 46 70 6 100 44 2 58 17 9 7 47 56 54 14 94 55 24 8 91 43 74 93 73 39 50 67 80 82 21 40 81 64 15 63 41 36 57 97 53 37 3 65 61 99 76 62 85 49 95 96 89 59 5 34 48 27 98 51 35 78 19 30 87 32 66 60 77 79 52 88 28 10 22
78: 71 89 39 5 47 99 50 60 34 42 13 10
79: 64 73 80 79 25 66 94 16 26 81 36 90 85 37 87 33 62 23 67 34 50 75 70 93 15 13 7 12 9 17 41 97 55 1 35 91 11 89 27 99 49 20 92 78 14 21 2 84 10 19 22 32
80: 36 60 62 49 66 5 23 93 32 18 30 64 7 100 6 50 78 48 45 63 21 88 31 38 72 42 51 2 8 14 13 4 98 74 92 95 40 37 59 16 81 76 75 41 80 43 87 20 65 22 25 90 82 19 67 70 89
81: 5 6 59 89 70 73 93 43 65 50 16 13 87 33 44 72 36
82: 23 73 89 56 33 75 45 84 50 70 90 67 15 11
83: 80 84 82 23 38 29 88 5 1 64 73 43 33 62 53 37 93 6 18 71 42 66 35 69 60 96 36 11 79 7 39 75
84: 21 43 33 46 69 80 47 34 20 1 96 73 88 65 75 5 78 74 40 39 71 67 59 70 8 18 77
85: 30 22 38 16 28 61 66 4 74 67 34 96 99 37 26 63 90 56 49 92 57 8 45 71 43 91 87 52 50 23 32 17 62 40 73 36 59 72 29 25 18 68
86: 3 5 74 70 16 31 95 2 79 85 100 69 51 40 83 18 24
87: 86 16 35 76 89 23 27 14 96 68 41 38 7 55 40 99 15 54 6 36 90 52 37 77 75 20 21 66 1 3 34 8 48 100 9 78 17 24 43 47 69 51 53 71 33
88: 60 37 18 66 69
89: 6 12 70 99 9 35 84 82 15 94 71 88 95 86 67 22 30 10 49 37 53 13 80 31 45 8
90: 4 67 96 97 44 56 79 73 89 98 51 83
91: 50 60 77 2 6 61 54 80 39 38 5 94 32 84 58 68 13 75 73 21 95 46 7 76 69 89 33 18 36 91 90 3 64 52 37 53 71 15 93 57 99 12 83 74 82 48 47 34 44 55 22 45 9 23 85 88 41 70 17 4 81 66 87 79 30 92 20 62 14 65 98
92: 74 56 1 62 27 3 72 39 67 29 80 35 9 46 30 5 26 75 79 64 97 22 17 6 53 52 84 8 19 73 18 87 88 85 14 7 91 20 83 51 61 43 58 49 45 40 28 99 81 16 15 25 4 96 44 71 36 37 41 54 89 60 78 69 34 70 12 57 55 24 23 11 98 66
93: 94 25 74 2 39 1 73 7 66 98 72 49 64 19 62 35 22 52 78 23 69 27 61 3 32 71 79 44 97 46 87 14 40 86 9 31 83 12 13 100 20 4
94: 10 37 41 62 38 59 71 56 81 35 65 76 14 90 49 89 84 18
95: 25 4 12 87 56 94 22 61 49 33 30 64 59 43 83 2 53
96: 1 12 97 17
97: 50 73 83 17 72 61 85 28 49 68 58 65 6 59 41 69 98 22 77 33 91 16 57 97 29 11 55 19 95 93 12 52 9 36 25 60 94 90 67 54 13 4 48 70 63 92 3 47 64 24 84 78 40 32 2 96 89 74 27 71 76 10 82 51 43 30 46 87 99 8 14 75 20 66 37 88 62 21 53 1 15 86 23 81 26
98: 63 90 95 24 30 42 97 100 55 46 85 78 39 12 92 65 57 67 66 76 53 88 80 27 43 11 22 59 52 33 68 21 23 87 32 50 72 26 45 1 44 8 19 62 73 10 94 86 5 17 93 54 41 49 7 75 31 71 25 9 77 61 37 47 98 38 58 2 29 13 6 4 40 70 69 18 56 64 60 34 14 28 20 79 74 15 36 96 3 84 48
99: 50 15 6 32 19 28 73 10 97 31 22 14 33 20 7 42 88
100: 80 74 29 75 78 76 48 41 59 54 15 32 2 18 24 57 81 94 1 88 13 56 62 60 83 71 68 85 35 7 38 70 96 95 4 84 25 99 12 49 97 5 40 19 17 36 42 28 61 86 89 53 90 98 82 43 47 10 34 79 45 33 87 23 64 65 6 26 31 30 69 22 46 72 44 9 14 100 51 27 67 37 11 20 91 50 92 63
1: (27 53) 55 (7 100 98 73 97 71) 75 (19 87) (25 37 21 83 15) (31 56) 32 (67 28 52 18 63) 60 (9 77 35 62 76) (79 39) 43 14 (64 92) 47 (17 57 84) (20 93) 65 (26 59) 96 (12 45 23 72 30) 54 (36 38)
2: (18 32 50) 73 (23 47 59 72) (79 15) (100 64 65 71 70 43 77 10 61 41 29 7 68 60) (14 86 26 12 52) 31 (49 3) 57 80 (9 30 95) (67 98) (35 63 75 93) (91 56 17) (97 16 21) 39 (38 20 46)
3: (41 15) (65 31 87 57 23 64 46 62) (93 53 55 28 35 13 30 86 7 36 1 70 76 14 47 69 56) 19 (43 32 71 91) 60 61 (38 77 52) (75 39 98 92 17 21) (67 97 34) (72 73 49)
4: (25 56) (97 67 61) (20 17) (90 36 15 57 51) (19 68) 14 11 69 (95 28 98 73) (60 38 12 80) (76 10 62) 43 (63 91) 70 23 (50 93 52 30 7 21) (31 32 85) (34 71 33) 100 (92 65)
5: (25 52 14 9) (51 39) (37 57 10 71) 80 (35 65 62 86 91) 11 (92 84 77) (45 100 38) 31 (43 60 7 69) (83 76) (17 42) 98 15 (28 20 78 53 67) 32 (47 75 19) (81 6) 2 (41 12 73 36)
6: 7 (76 52 67) 45 (97 87 26 80) (89 37 65 47) (91 36) (31 19 23 32 77 12 54 20) 81 35 69 57 60 (43 98) 18 (100 11 30) (21 14 46 49) (39 17 72) (62 28 10) (83 99) 6 (64 56) 92 53
7: (60 54 93 19 62 18 30) (67 49 63) (17 65) (70 9 64 87) (76 43 73) (92 31) 36 58 (83 37 12) 71 (55 80) 41 77 (46 16 33) 98 (75 11) (39 29 15 91) (32 23 100 79) 99 35 (52 7 21 56 59 26)
8: (30 50) (23 62 9) (34 15) (19 17 72 45) 42 14 (75 87) (49 77) 28 98 85 39 (67 33 64 12 55) (20 36 37) 89 (60 71) 18 (35 92 25 11 70) (84 80) (57 38 52) 31 7 97
9: 67 (57 14 32) (7 19) 91 (53 34) 12 43 (100 87) 9 (38 17 23) (62 63 54 97 60 35 98 56 10) 64 (65 52 92 36 55) 93 (77 20 58) 28 (15 89) 76 31 (26 18 16 79)
10: (26 67 18 23) 31 71 49 39 15 (63 89 77) (69 44 33) (79 78) (25 7 73 19) (32 59 22) (70 12 52) 9 (97 94 6) 14 (17 76) (53 64) (20 1 46 61 47) 54 (99 21 41) 35 (10 28 37 62 100 98)
11: (26 34 55 25 100) (32 17 12 39 14) (79 83 21) (67 70 2) (43 71 29 23 18 28 53) 97 (7 19 92) (49 75 35 82) 57 (47 20) 33 (68 60 69 30 98 42 9 52 6 15 74 64)
12: 25 (52 64 60) 100 56 37 (67 72 33) 92 43 (74 57 12 39 97 46 47) 96 59 63 (93 65 69) 19 31 42 38 (18 77) 54 (36 17 35) 50 (21 49) 89 79 (23 34) (32 62 9) (70 15 98) (91 20 95) (3 7)
13: 31 (67 93 14 28) 89 (68 98) (60 39 34 97 4 35) (43 20) (48 29 9 78 91) (54 12) (70 77) (25 80 1 71 50 69) 62 72 32 (76 53) 36 (7 21 3 56 38 30 57) (19 65 52 46) 41 (73 63) 100 (79 17 18 81 75)
14: (98 47) 35 (52 61) 45 (64 67) 56 (57 77) (53 28) (26 79) (65 100) (62 94) 11 (17 41) (50 93 92) 12 9 (20 80) 2 99 (7 73 32 23 49) 38 (18 30 68) (19 87 43 97 55) 63 46 (39 72 91) (60 58 48)
15: 22 (60 66 72) (91 92 62 82) 68 64 (32 54 14 67 52) (6 77 71 97 17) 16 7 (20 75 23 53 21) 99 (69 100 65) (89 42 38) 35 3 56 (10 39 24 63 26 18 9 31 47 19 98 27 33) (58 12 79) (87 76 41 73)
16: 75 62 (65 85 1 17) (52 60 26 59 73 33 53) 27 32 (67 35 39 64 86 50 71) (79 38 20 43 54) (3 55 9) 97 56 (76 30 72 80 14 12 87) (70 77 81) 28 (19 23 21) 92 (7 31 36 51)
17: 87 (55 92 85 97 60) (70 37) (64 71 79 53 73) (33 47) 96 (54 49 61 19 65) (11 39 18 56 98 24 35) (43 72) (100 15 20 91 77 36 62) (30 52 51 14) (63 12) (10 32 76) (7 17)
18: 80 (33 56 37) 52 (98 12) (60 91) (53 41) 57 83 (47 84) (100 61) 76 92 19 (43 88 59 86 65) (94 16 77 55) (28 73 32 50 31) 14 9 (17 2 22 21) (18 26) (36 62) (7 46) (85 39) (67 3) 35
19: (53 2 98) (35 99) 12 (11 69 52 43) (62 29) (20 38) (17 65 49 77) (32 36) (39 97 80 59 47) (7 79 25) 46 100 (93 56 58 50 71 60) 19 70 (42 92 73 57) 9 (15 23) 28 (64 18)
20: 87 71 (10 18) (45 55 77) (65 58 28 59) 41 (32 72 29) 64 (26 47) (9 97 31 52) (19 34 68 6 69 17 76 20 30) 74 (100 49) 43 (60 16 54) (22 36 67) (92 99 80 79) (93 98) (35 46 57) (63 38) 7 84 (3 25 53) (91 73 39 12) 14 23
21: 69 (9 41 38) (18 67 2 34) (15 4) (37 71) (77 60 12) (70 59) (33 49 53 48 84) (57 20) (87 63) 28 62 (58 26 75) 91 (97 73 19) (79 27) 76 43 14 80 (98 54) (17 32 39) (66 25 55 31) (52 29 7)
22: (52 23) 30 79 26 (24 95) (97 85) (92 68 60) (15 16) (89 35 69 67) (12 80 65) 99 75 (18 55 37 77) 28 (20 98 43 34 64 17 2) 41 (46 50) (14 70 100) 62 7 (42 53 47 32) (19 39 9) 72 (31 25 91) (93 54)
23: 76 85 83 (53 82 97 41 15) 93 (77 18) (75 62 100) (24 80) 7 35 73 40 87 56 (38 79 57 11) (27 10) (46 26) (17 20 30) 19 (61 1 43 60 37) 98 (14 70) (52 47 92) (34 32 39 31 21 67 91 3) 36 (64 63)
24: 18 (59 64 21 27) 9 31 87 20 (74 75) (12 4) 68 (55 32) (86 37) 70 30 (77 71) (41 52 17) (15 97 28) 92 (62 100 23) (98 35) (43 10 25 67 60) (24 39 47 58 56 63) 36 (7 11) 53 (57 19) 42
25: 62 (1 23) 85 (52 3 17 28 33 7 16) (73 60 58 56) (54 100 70 47) 92 25 (15 39) (50 93 34) 9 (64 31 41 14) 19 65 (68 57 6 75) 98 97 18 55 (20 12 29 44 43) 95 (32 79 80 37 2)
26: (1 14 47 71) (61 17) 21 (35 67) 100 (37 79 6 60) (23 19) 28 (85 75 70) (3 57) 55 49 46 92 (52 42 29) 98 (77 45) 48 (38 56) 72 (97 68 18 7 64) 39 (20 15 32) (9 25 62 10 74) 36 (76 63 31 41) 53 (50 65)
27: (38 79) (41 70 77) (67 59 17) (29 52) (63 92) (2 47 3 20 24 100 87 75 93 18 76 30) 6 (37 98) 62 65 (32 15 28 12) 31 (72 36) (26 49 69 44) (56 60 50 35) 64 (9 53 97) (71 57)
28: (58 64 97 19) (32 92) (28 99) 31 20 (56 54 55) 38 (12 60) (17 52 2 36 73 47) 65 (10 43 23) (46 42 37) 68 35 14 (15 98 70) (29 7 100 85 77) 67
29: (33 47 69) (83 20) (76 34) (28 27 55) 100 (77 19) 41 38 (63 52 56) (32 7 36 23 67 30 73) (14 62 50 39 85 60) 64 (48 21) 12 (31 97) 43 72 65 (29 53 98 16 35 17 92) 15
30: (36 92) 55 (67 10) (73 56) (20 52) (85 50) 72 (89 38 75 98 80 30 22 35 63) (39 7 19 47 49) 14 (17 97) 91 3 (6 54) (58 60) (29 21 37) (70 77 12) (15 41 28 53) (64 100 26 11 23) (32 18) 95
31: (26 57 32 34 69) (21 99 2) (7 65) (37 72) 70 (36 12 10) 77 (33 28) (39 20) (89 66) (68 43) (55 86 93 14 71) (29 11) 62 100 15 19 38 (56 18 60) (35 50 61 41 76) 25 (73 52 67) 30 98 (17 75 9 49 74 80) (63 64 23)
32: 21 (31 28 80 14 71 22) (91 56 19 85 35 100 58 62 39 17 12) (68 70) 47 (7 79 72 38) (99 67) (44 76 33) (25 20 63 30 15 43 93 18) 64 1 (45 98 48 73 61 23) 77 (60 52) 57 97
33: (62 76 73) 51 (83 28 67 84) (14 81 36 20 19) (98 49 35 41 43 61 64 21) 77 (91 71 50 7 72) (65 25) 70 31 12 (82 69 39) (47 97) 17 (11 60 79) (87 38 52 26 15) (99 23) 95 (55 37 18) (30 75 100)
34: 58 (1 69 20 98) (49 87) (55 76) 63 (14 41) (7 38 60 75 35) 15 (37 79 77 47) 11 9 56 92 48 65 (43 22 71) 17 (64 62) 32 (73 19 28 25) (34 52 84) (91 18) (39 85) 12 45 78 (100 27) 46 36 (53 67)
35: 28 (62 41) (1 7) (31 54 68 37 87 92) (39 6 70) (14 60 17) (34 93 64 55) (15 43 77) 89 (18 71) 45 10 53 (56 61) 57 38 (67 72 12 65) (20 46) (52 26) (79 94) (83 100) (47 44) (19 75) 76
36: 18 (58 72 70 20 19 77 37 41) (87 98 56 81 50 32 83) (80 91) (7 46) (9 66 45 21 34) 64 28 76 (68 35 92 17) 52 (67 14) (43 79 10) (38 30 97 61) (12 2 100 85) (73 59) 42 49 (53 23 13 39) 65 25 (16 33) 62
37: (17 10) (63 62) (98 9 7) (87 32) (53 52 35) (19 80 94 57) (43 61 41 12 67 79 39 89 14 20) (26 77 28 30 97 47 69) (75 92 13) (38 56 65) (76 49) (37 60 73 24 83 31 100 18) (85 36 15 88 91)
38: (29 83) (35 34 47) (31 2 76 10) (16 85 12 7) (80 63 30) (25 52) (23 17) (20 9 71 43 65 45) (15 87) (62 100 39) (72 77) 70 (56 60 4 67 64) (94 54 49) (37 91) 14 98 61
39: (36 84) 91 (55 50 20) 15 78 (9 10 12 41 47) (32 70 16) 17 (30 77) (54 26) (83 38 98) 37 35 92 (52 23) 60 73 (14 93 63 13) 18 65 (39 62) 57 (59 21 7 58) 11 (64 69 24) (31 67)
40: 52 (49 26 9 72) (56 31 80 76 50 38) (62 100) (60 32 58) 25 6 57 (36 23 15) 97 (85 1) (98 42) (13 87) (73 17 67 20 84 86) 55 (65 21 77) (61 70 92 14 66 64 59) (18 93) 45
41: (20 33) (61 92 19 12 35) (80 24 21 25) (37 3 62 58 64 79 91 9) (52 50 14 57 26 98 47 18 74 53) (60 30 23 100 77) (70 71 17) 97 (67 65 87 15 32 72) (56 94 43)
42: (98 38 99 3) 52 (64 14 67) 29 37 (58 53) 22 (28 73 55 31 60) (23 20) (30 42) 59 54 (65 80 39 83) (72 75 32 9 17) 11 (25 47) (68 77 100) 21 45 (26 76) 6 (35 7) (62 12 78)
43: 92 (62 87) (97 58 83 69) (100 32 80 37) (56 85) (59 76) 98 (53 12 30 68 28) (50 16) (77 18) 36 17 (20 41 19 55 31 9) (70 67 63 57) (60 26) (15 43 84 39 10 38) (47 14 23 72 11 21 49 35 73) (44 46) (61 13 64 95 81) 52
44: (91 93 31 92 100 69 17) (26 90 9) 37 24 52 39 (21 67 14 54) (47 7) (12 77 33 38) (11 32) (46 60 98 61 18) 43 81 55 (15 65) 16 (71 62 68 74 2 36) 76 63
45: (72 21 82) 46 (25 80) (23 11) (43 89 64 31) (85 45 30) (32 20 70 34 98 57 15) 67 (60 66 18 92 35 14 22) (28 100 19 9 38 62 7 52 91 33 47 12) 17 56 49 39
46: 65 (55 34) (23 33 20 25) 37 (84 63 98 7) 42 38 (28 100) 67 58 (17 64) 32 19 (62 46 72) (52 41 9) 50 (14 73 92 97) (61 77) (11 31 12) (91 93 49 35)
47: 52 (21 31) (65 49) (47 3) 43 (50 72 97) 55 (69 17) 18 (7 76) (15 20 91 30) (39 57 23 44 37) 13 (38 62 28 63) (58 53) 14 19 (12 10 54 67 60) (100 84 32 11 98 34 26 9 73 78) 87 (77 22 64)
48: (76 13) (1 87 73) (10 56 47) 41 52 (39 60 36) (23 14 100 42) (15 38 91 33 7) 12 97 (98 59) (46 17 32 49 67 77 63 72 65 18 19 61 21 55 58 20 2 70 22 80) (62 24) 35 (50 9 43)
49: 23 (85 100) 25 (37 7) 56 27 18 (17 60 97) (41 39 10) 12 49 75 52 (63 79 72 70 9) 28 (67 77 65) (30 3 64 20) 93 (89 55 11 43) (95 62 80) 35 (46 31 92 47 59 76 2 73 32 94 98)
50: (17 60) (15 26 77 31) (43 34 49 28 98) (56 7 73 64 81 32) 2 18 (46 21 25) (97 10) 69 39 (63 30 99) (9 65) 52 (42 70 55 91) 76 58 (38 82) (67 20 12) 47 23 19 (79 35) 100 85 (78 11) (80 37)
51: (12 60 100 71) (64 57 9) (69 58 53 32 14 54 72 80) (10 43 36 92 21) (29 4) 67 15 (23 55 28) (20 46 13) (77 18) 39 17 (37 65) (61 97 59) 26 (86 52 35 70) (38 1 16 31) 62 (44 90 87)
52: 85 1 (30 75) (21 72) 62 92 (35 98 97) 9 (73 42) (39 17 20) 67 87 (66 69 18 71) 74 (15 11) (41 53 28 38) (70 12) (60 26 19) (77 29) 37 (65 64 36 52) (23 63 14 34 16) 93 (32 91) 31
53: 92 (42 32) (95 58 56) (49 46) (52 36 37 28 19 91 83 41 65 77 43) 4 27 (64 9) (97 25) (62 55 45 100 61) 16 (72 87) (20 47) (14 57 35 12) (89 67 54) (7 23 6 50 98 39 31 17) (38 22 63)
54: (61 26) (100 63 23 62 39 18 45 70 16) 77 (92 87) (24 15 75) (25 60) (76 41) 7 (21 73 64 9) 72 (98 43 17 97 38) (1 67) (34 56) (14 31 19) 52 (28 20 35) 12 37 (29 32) 53 (91 30)
55: 69 (64 79 62) 17 (52 30 4 9) (72 87) (73 28 10) 91 57 (14 43 50 92) (65 55) (98 77 15 56 36) (7 38 23) (47 34) 18 (11 63 39) 37 59 (35 12 32) (70 60) (97 25 20 42 31)
56: (53 64) (41 26 18 74) 46 (62 98 15 14 32 39 85) (43 82 100) 30 (31 24 68) (23 10 67) (20 16 3 58 94 66) 95 (90 17 47 72) (71 38) 57 92 (28 77 7) 42 12 (37 65 52) 21
57: 32 (41 97) (25 15) (37 69 57 60 92) (62 85) 77 (36 73 91 40 3) 18 (39 9 12 35 19 17 52 47 67) (64 100) (43 98 31 38) 14 (1 65) 28 (7 70 20)
58: 38 (21 65 36 14 6 23) (43 91 61 46 64 53 55 28 30 98 72 31 9 63 71 70) 75 67 (32 27) (17 92) 68 (20 25 22 97 76) (35 77 49) 60 (18 1 73 39) (47 34) 29 (62 12) (69 19) 52 26
59: (35 69) 3 (6 95 97 25 94 45 2 58 37 84 70 32) 28 (81 100 18 52 63 67 39 47 55) (85 76) 77 16 (62 57 15) (7 33) (36 31 42 23) (53 20 17 60 80) (73 50 38 26) (72 12) (61 98 64)
60: (52 28 29) (41 64) (31 10 39 18 35) (32 30) (42 50 11) (76 26) (57 75 16 27 88) (23 15) (21 49 47) (91 7 97) (100 92 78) (62 14 38) (98 17 80 9) (60 67 77) (33 36) (55 83 65 12 72)
61: (64 36 38) (67 45 27 95) (47 75) 70 (76 91) (23 62) (46 51) (98 30) 60 100 (63 92) 72 17 (7 15) (28 21 42) (52 18) (32 19) (85 25 57 69 93) (37 44 31 39 53 41 2 56 73 29) (77 9 33 20) 11 97
62: (61 65 41 97 52) (62 55 53 98 7 9) (91 92 57 85 17) (54 64) (67 46 72) 94 58 80 (76 66 36) 83 (63 70) 27 59 (25 12 35 29) (93 34 18 60 45) (77 47 10 79 42 23) (21 38 19 37 14 100) 32 (30 49)
63: (50 41 10 57 30) (64 74) 12 100 (34 54 47) (11 28 53 43) 18 (60 45) 38 (36 80 7) (5 56) 37 (20 22 14) 97 (85 23) (46 17 63) (39 62) (98 32 33) (52 67 77) (65 35)
64: 3 64 (26 47 95) (12 35 75 69 77 55 66) (92 23) (93 67) 36 (91 73 70 9) (62 98) 15 60 (59 32 65 39 31 100 34) (79 37) (71 57 18) 20 (43 61 52 7) (97 80) 38 (17 83 16) 28
65: (10 23) 94 (7 80) (35 22) (2 30 52 43 39 20) (77 98) (24 76) (63 38) (41 19 11) (62 12) (81 69 97 31 36) 60 (64 65 15 70 32 18 49 17) (25 6) 28 46 (91 75 100) 53 (73 71 26 50 67 84)
66: (83 32) (60 61 64 43 79 88) (15 20) 75 (85 67 65) (77 52) 21 (63 41) (69 76) (91 37 97) 31 (87 11) (47 56 80 19) (49 10 6 3 93 70 92 34) (53 14) (54 12 30 98 18) (46 17 28) 23 57 25
67: 30 73 (52 28 41 31 32) (38 97 43) (84 37 90 49 46) (58 44 39 33) 18 1 (47 6 100 10 80 82) (19 67 77) (3 64) (65 25) (63 20 35) (17 23 12) (15 29) (42 98 60 89 92 62 85 14) 79
68: 43 26 (98 69) 23 (76 39) (91 85) 35 97 9 62 (63 28 3) (6 45 14) 32 77 54 (70 29 52 49 65) (12 57) (31 87) 60 34 (30 18 17 20 67) 68 15 (72 100 71 19) 38 64
69: 62 (53 64 91 7) (33 100 35) (49 18) (3 37 84 92 56 77 32 39 66 93 87) (16 52) 86 60 (12 73) 10 31 (30 67 9 68 22 83) 47 (26 17 23 75 15) (71 38) 2 (43 59) 34 65 (14 97 63) 21 (88 98 28)
70: 11 (54 14 70) (89 82 28) (26 60 15) 77 (12 34 39) (20 17 100 35 67 32) (81 3 72 84 46 76) (10 58) (79 92 64 23) 52 86 63 (27 37) 56 (36 61) 38 (97 98 25 19 41) (43 7) (91 62 33) (80 57 71) 9 30 18
71: (87 29) (59 55) (63 35 18 60) 94 (83 25) 58 (28 7 57 45) 11 (77 41 85) 23 (17 100 89 14 12) 91 (46 37 93) (21 54) (72 97 49 70) 66 (52 75) (78 98 92 65) 84 (64 34 20 56) 15 62 1 43 (73 31) (9 10 47 32)
72: (85 35) 92 (73 60 52) (29 42 18 37 76 93 34 23) (67 21 19) (2 1) (26 65 12 64 39 81 43 31 61 71 100 72 17) 20 (63 32 56) (14 80 62 36) (9 41) (3 98) 97
73: 38 (83 37 42) (31 15) 32 41 (90 7) (69 16) 60 (92 71 65) 91 (12 66 36) 18 (35 14 24) (84 17) (53 33) (52 70 67 10 46) 11 (19 77 73 72 99 34) 21 (82 20) 93 (47 23) (79 64 85 98 43 63) (97 56 81 28)
74: 31 (29 16 77 26 65 50 45 7) (3 67 39) (18 10 93) 63 98 71 (42 14 30) (91 37 52) 9 (61 100) 17 (35 60 23) 38 (12 32) 56 80 (28 86 97 66 92) 85 (84 58 25 54 62 19 21)
75: (18 63 20) (41 62 54) 74 (31 12 58 7 29 92 77) (3 64 87 9 100 10 83) 26 23 35 (17 69 57 55) 60 (84 82) 1 (79 65 43 42 75 38) (36 45 40 98 73 33 39 44 30) 72 91 80 67 (46 14 32 19 25) 52 (97 15)
76: (47 58 37) (46 30 94 26 63 14) (32 6 33 100 23 97 1 57 70) (67 72 71) (52 31 35 17) (7 64 61) 15 (29 39 12 42 76 62 41 65 22 36 75 38) (69 18) (49 55 77) 19 (11 9) 80 (87 91) (98 20) 60
77: 4 (53 26 91) (77 66 32 98) 47 61 (42 9 55 29 57) (19 33 68 14 7) (70 62 25) 15 17 (84 64 20) 87 (75 37) 97 (39 63) (18 67 58 35 43 12) 10 60 23 52
78: (97 66 77 57 73 39 30 1) (31 55 62 49) (22 80) (40 87 26 100 98) 32 (15 7 84 17 35 63 60 92 34 53 12 47 19 68) (13 52 67 14 38) (65 18) 64 (93 58) (20 71 76 21 36) 79
79: (67 100) (34 30 20 93 32 53 63) (36 83) (39 18 64) (17 31 24 55 62 10) (26 46 43 98 41 56 44 71 92 60 47 70 86 91 52 28) (58 77 65) (12 14) (79 16 35 72) (37 73) (15 19 90 42 21) 23
80: 100 83 9 (70 7) (38 19) 41 (67 39 12) (65 92 62 69) (84 18) 44 29 (11 28 24 46) 42 71 (6 52 13 49) 25 (15 35 53 32 80 91) (77 1 61 64 72 89) 33 (31 79 60 58) (98 73 55 43) (36 37) 47 (17 26)
81: (10 30 6 40 32 47 9) (80 31 97) (57 91) (44 26 79) (56 23) (35 68 52) 92 60 (38 15 20) (1 46) (11 77 41) (53 70 64 67 73 25 7 19 94) (100 21) 14 (12 17 69) 43 72 (24 65) (36 18) 50 62
82: (60 21 12) 23 (25 77) (32 31) 14 (52 67 34 91) 9 (43 56 45 57 89 69) (80 97) (29 19) (20 100 83) (28 15 35) 64 18 75 (39 53 3 55) 22 (10 46 65) 26 42 (50 72 30)
83: 39 (100 92) 52 (64 26 90 31 11 36 9) (75 45 12) (69 23 70 97) (19 14 41) 63 (86 7) 95 30 (20 49 17 18 25 93) (65 50 71 55 62) (32 72 47 59 77) (46 21 15 43 91 60)
84: (64 23 62) 97 (77 21 73 94 91 71) (36 74 82 47 2 14 37 32) (9 29 100 41 25) (20 53) (28 98 76 39) 60 17 (15 3) (34 67) 38 (11 52 31) 12 (92 55 83) 79 (65 63) (89 58 30) 19
85: (32 73) (45 52 58 1) (46 100) (19 28 76 41) (10 91 77 61 43 65 7 26 17 70 4 15 14 79 64) (47 31 34 60 36) (62 12) 22 (92 59) 63 (98 33 37) (35 86 11 49) 50 (97 53 18)
86: 19 32 65 (17 87 39 53 62 33 13) (55 97) (89 98) (43 15) 31 (77 57 21 52) 93 (69 73 72 11) (34 56 70) (7 14 54) (100 60) 63 20 (76 67 1 29 46 50 18 9 42) 38 (26 68 6) (74 58)
87: 2 (61 69 37 5 93) 15 (46 21) (43 47 62) (92 77 28 57 97) (80 100 9) (58 20 63 10 41 73 91 85 42) 6 (25 65 23 26 54 32 38) 64 (67 79 76 70) (22 17) (7 14 53) 35 (60 98 33 52 39) 31 (18 55 95) (19 56 81) (30 72)
88: 28 67 (17 65) 53 36 3 (57 12) 76 39 18 (89 37) (20 43 59) (7 16) (11 98 22 80 10) 73 38 63 (34 23 72 71 55 46) 99 (83 54 35) 62 (77 19) (32 84) 41 (52 60) (100 92 14 9 56 49 50 75 97 30) 91
89: 53 (100 29 61) 10 91 (43 11) 87 (26 30 15) (55 28 31 73 63) 72 (36 52) (19 94) (62 2) (20 34) 79 (56 47 35 17 60 49 92 71 7) 57 58 97 (12 64) 67 (21 18 22 14) 50 (77 82) 32 (23 90 39 37 81 74) 78 33 (16 80)
90: (80 98 76) (30 34) (85 17 47 12) 91 60 20 70 52 (10 43 15) (26 66 38) (73 94 33) (64 32 9) (69 39) 7 37 (25 87 24 79) (23 97) (41 46 19 65) (36 67 77) (100 35 53 16 18 82 55 72)
91: 52 (65 67) (12 57 60 41) (75 23 76 16 10 71) (35 64) 14 (77 56) 1 97 (11 79 15 25 92 31) (19 3) 55 (17 85 30) 9 72 (39 20 91) 7 (21 34 100 18 29)
92: (32 46 91 80 59) 55 (73 33 65) (17 1 85 62 98 70 35 12) (50 30) (7 31 52) 57 (39 79) (10 15) (19 38) 34 (28 21 8 36 23 60) 64 (27 97) (43 9) 100
93: (60 97 12 18 23 10) 7 63 47 68 9 80 (79 43 38 77 41) (69 32) (65 39) (55 52) (19 91 53 62) (83 36) (29 51 17 20) (56 70) (98 81 67 49 64)
94: 43 (26 60) (41 15 89 14 42 91 48 67) 35 11 (57 1) 36 (29 37) 38 (3 19) 100 79 (30 18 50 9) 70 (64 98 52) (20 93) (12 31) (17 46 23 75 62 39 77 49) (63 97 65) (56 32 95)
95: 47 (37 89 32) (80 9) (14 76 91 39 7) 28 100 (21 25 64) (60 18 20 36) (11 98 67 97) (38 50 17 65) (77 35) 23 66 52 (30 86 12 57 10 15 68 43 19) (70 73)
96: 100 50 (32 26) (25 35 13) (43 75 64 76 54 38 40 63 41 19) 57 18 90 (9 60 52 23) 42 (10 14 77 20 87 3 7) (84 83) (39 67 72) (70 98) (12 37) 6 46 28 29 (59 85 30) (92 17 58) 97 (16 65)
97: 92 17 (15 97 60 9) (43 45) (56 26 67 76) (39 52) 57 (6 34 73 50) (96 90 38) (75 69) (18 10 77 7 27 14) (63 28 58 32 3 64 98) 12 (23 35 79 71 93 99) (20 100 62)
98: 16 60 43 62 (58 18 97) (75 33) (70 77) 42 (73 11) (37 100) 12 (25 76 31) (53 9 29 52 35 4) (14 64) 32 (93 41) 28 (80 69 91 49 15 23) 24 7 98 (71 36 10) (72 26) (17 61) 47 (6 45) 59 (90 55) (50 65 3 67 92)
99: (77 62 28 41 65 89 15) (52 38 79) (92 68) (26 47 11 18) 29 (7 34) 78 (91 97 64) 19 (61 31) (3 60 87) (40 85 56) 6 (46 43) (76 57) 71 (23 39 69 100 14) (17 67 12) 32 (55 35 25)
100: (27 32 35 10 2 20 11) (59 98 18 57) 16 (12 67) 13 9 47 80 (36 30 52 3 19 71) (7 45 73 6) 39 (100 15 93) 60 (65 53 86 28) (14 75 70 31) (49 76 63 46 72) 64 (87 69) (17 54 37 21) (38 56) 77
