100 100
1: 33 65
2: 21 24 58 11 94 12 100 61 63 10 69 25 75 97 81 74 37 36 5 46 43 18 84 50 65 17 33 4 40 16 72 35 8 39 14 3 96 87 22 71 30 91 64 47 26 2 23 70 77 13 28 55 92 66 9 56 85 51 52 1 79 80 60 57 53 41 62 44 29 49 95 32 98 93 45 67 83 89 27 6 88 86 15 82 76 48 73 31 59 34 42 68 7
3: 6 66 90 52 41 64 78 99 82 36 79 24 19 18 39 86 44 5 25 51 31 94 83 37 75 22 48 45 80 2 92 60 8 21 15 62 27 26 23 74 59 81 42 35 17 57 29 88 20 77 11 7 10 12 13 34 47 93 85 95 70 43 98 55 87 97 49 30 100 71 4 9 76 46 89 69 50 63 33 56 53 72 61 96 28 73 40 3 65 68 91 54
4: 53 88 52 28 18 96 1 21 10 82 59 46 50 63 69 16 95 13 100 65 60 79 45 94 14 89 83 76 92 22 48 51 77 98 9 37 40 99 57 91 11 43 26 25 29 67 49 87 36 85 12 17 75 31 86 41 39 20 7 93 78 64 3 6
5: 14 39 1 26 47 100 8 95 93 65 33 18 86 97 89 43 29 96 94 69 44 3 21 87 36 37 4 20 88 42 56 32 73 59
6: 75 32 91 54 7 41 30 50 23 56 21 3 98 29 85 39 25 42 1 62 84 79 40 57 64 92 26 53 31 45 48 28 10 20 67 5 78 15 14 24 61 69 4 22 37 13 43 19 93 34 71 27 2 70 36 11 77 55 52 17 97 89 65 12 60 80 46 95 49 8 6 81 100 66 18 99 16 90 87 76 73 86 68 72 74 96 44 63 88 59 47 35 83
7: 21 48 90 74 55 68 13 42 78 47 98 83
8: 71 45 31 48 2 5 76 24 84 93 7 33 100 46 72 47 56 59 58 55 13 39 49 21 29 8 51
9: 19 31 27 41 97 72 84 77 58 26 78 44 76 10 66 13 8 95 65 48
10: 94 26
11: 86 40 33 76 2 63 23 47 12 83 10 1 26 29 45 61 92 17 98 87 48 27 11 6 85 93 68 31 70 99 55 89 3 53 7 67 78 16 44 100 58 39 38 43 56 82 4 80 60 35 54 91 97 94 90 14 28 42 36 66 69 34 77 46 88 41 24 73 75 74 72 15 19 22 71 37 52 30 84 65 79 13 95 64 8 50 20 57 18 9 51 62
12: 82 50 57 2 14 97 43 100 93 77 80 89 92 20 33 73 69 7 55 81 78 28 18 98 27 11 3 38 37 67 21 13 12 74 23 65 45 88 24 8 86 56 19 91 44 9 22 5 51 49 26 66 96 75 29 16 62 85 71 87 99 79 59 10 90 25 36 46 58 76 53 63 64 47 52 84 83 30 68 39 54 72 1 35 70 17 40 32 4 95 94 61 48 60
13: 44 82 37 39 24 5 99 41 93 33 29 17 62 4 63 14 69 1 86 46 25 59 34 89 90 58 73 85 94 72 8 27 3 96 40 9
14: 88 73 33 49 95 60 76 24 83 67 80 51 31 26 4 68 46 21 77 93 56 7 11 78 71 100 17 18 43 22 47 40 84 5 89 98 42 32 96 54 62 29 9 23 3 94 65 52 38 55 91 69 8 28 48 87 58 14 13 82 15 30 16 64 6 85 90 19 59 36 81 39 20 70 75 66 86 1 72 45 50 97 53 34 74 99 35 44 63 61 41 10 79
15: 2 93 56 3 46 55 31 91 87 40 58 74 25 19 9 27 66 26 97 28 98 75 22
16: 89 29 38 12 41 24 62 45 94 73 22 80 100 25 67 90 18 77 6 16 44 7 9 28 33 92 36 95 39 11 35 86 52 68 30 82 57 14 97 21 55 10
17: 55 39 44 95 96 72 32 54 45 64 46 26 33 57 41 76 8 84 10 34 70 17 69 42 29 65 9 78 88 37 62 77 27 61 20 13 63 68 50 97 80 98 5 15 67 23 75 30 7 52 86 40 24 31 47 2 83 38 28 4 16 60 85 93 71 91 1 74 82 49 19 73 36 66 11 21 90 99 59 3 53 22 94 58 14 56
18: 56 2 36 19 88
19: 90 80 99 85 49 17 86 87 89 62 20 9 27 32 3 61 69 26 37 79 76 92 35 63 53 64 14 38 46 71 55 81 41 29 84 72 8 52 94 15 67 36 34
20: 92 17 99 49 35 76 75 37 78 40 79 77 61 90 23 88 80 53 3 25 5 13 36 18 51 8 55 42 81 14 69 56 6 10 100 47 58 63 97 95 16 30 15 34 20 1 86 22 39 82 29 85 67 12 11 60 44 31 24 91 21 62 66 96 65 9 28 89 7 43 48 71 38
21: 65 91 21 79 69 36 85 62 15 7 49 9 3 59 38 30 72 74 63 99 44 20 11 23 8 67 13 40 22 78 98 18 34 4 27 57 75 47 70 50 53
22: 4 35 2 31 46 69 100 32 11 29 42 59 21 12 38 19 80 64 15 24 93 33 8 40 10 51 53 71 66 60 77 37 23 22 16 74 96 87 18 98 41 58 92 81 83 30 94 85 27 43 6 47 82
23: 13 18 99 49 63 53 54 27 48 41 56 73 94 57 51 35 50 85 66 100 8 29 87 46 90 96 1 65 40 19 81 64 6 2 69 7 42 74 21 77 86 71 80 70 47 58 95 16 97 23 28 72 25 4 9 84 55 88 31 15 22 39 20 78 60 68 79 33 26 36 67 17 38 75 3
24: 51 66 35 93 57 86 36 84 38 4 41 50
25: 56 11 19 39 28 18 92 87 55 26 17 60 44 31 99 12 83 2 61 94 14 73 84 50 41 97 71 5 22 88 48 86 69 16 32 68 57 4 82 38 90 1 46 15 34 13 89 9 66 93 79 59 21 7 40 91 95 29
26: 96 66 36 35 100 84 10 59 99 72 12 33 25 23 85 24 41 37 2 39 31 42 87 74 82 21 17 44 15 43 30 76 95 70 90 9 54 3 47 28 83 19 27 26 57 78 53 75 61 65 7 62 32 77 69 60 86 67 20 14 13 22 52 46 45 6 38 8 40 71 18 93 5
27: 96 51 27 80 64 28 46 74 21 4 48 90 41 76 16 57 5 77 14 58 47 42 86 17 8 3 50 12 2 15 19 11 72
28: 45 4 93 79 15 68 81 21 32 13 23 33 27 94 62 46 90 84 43 54 70 26 18 31 51 82 86 59 52 36 42 73 88 17 34 76 24 55 91 72 58 74 64 6 97 65 50 20 14 92 69 96 29 48 22 19 49 53 78 57 87 38 98 5 44 39 56 77 12 25 80 41 16 85 28 60 7 10 11 100 95 2 37 99 75 61 40 30 89 1 66 3 83 8 9
29: 47 54 49 22 62 72 74 41 97 59 68 45 37 40 19 92 98 87 81 35 65 73 51 56 69 100 10 76 31 25 52 63 33 55 23
30: 91 27 33 94 45 14 23 84 71 24 56 3 70 95 97 31 73 20 83 75 22 40 16 51 67 11 87 13 100 64 28 36 92 55 43 79 17 54 99 38 4 32 93 42 8 34 74 52 89 2 90 25 58 26 48 12 10
31: 72 75 2 64 87 78 38 45 80 19 5 96 70 41 50 63 84 11 12 23 69 57 76 28 43 32 46 49 86 27 85 66 59 31 83 90 39 67 98 9 16 51 14 97 89 18 17 53 13 3 68 24 4 55 99 58 36 88 25 62 91 22 52 56 73 34
32: 58 9 28 81 27 1 56 97 36 19 84 14 8 21 55 63 5 90 41 37 34 67 33 79 61 38 51 70 16 3 86 92 65 24 4 64 76 15 48 31 95 78 68 73 98 94 50 20 18 96 93 32 6 72 17 85 62 42 60 44 75 45 7 40 74 22 99 46 47 69
33: 30 84 15 62 11 63 33 43 93 91
34: 99 92 84 66 87 62 88 93 18 59 37 86 44 80 49 79 53 94 22 63 26 45 43 48 65 15 14 27 73 54 38 40 95 34 97 100 98
35: 21 74 37 72 13 42 90 84 22 29 66 88 63 3 45 78 69 47 43 99 68 65 92 27 77 30 48 51 73 100 76 10 31 39 96 15 59 53 20 1 41 52 34 35 5 40 6 8 23 62 14 16 32 11
36: 40 71 17 37 84 75 93 54 42 10 39 6 5 36 31 15 22 89 80 53 95 61 78 52 87 23 100 66 38 97 27 19 47 16 68 77
37: 81 41 16 65 57 21 31 10 58 93 90 55 67 94 11 69 2 9 49 84 74 3 51 30 72 73 52 45 22 1 85 34 92 13 8 12 91 46 42 20 24 83 5 23 47 33 19 70 48 99 25 18 56 15 77 39 35 80
38: 26 46 33 30 10 44 8 49 91 63 80 4 45 75 11 3 17 53 67 35 14 37 12 85 61 70 86 72 81 51 59 39 58 65 20 57 34 48 2 19 5
39: 38 3 88 41 91 28 18 4 60 32 25 68 47 23 7 48 99 15 79 59 44 6 12 26 20 87 55 61 85 64 75
40: 85 36 73 56 60 37 44 63 15 78 83 61 27 8 35 24 54 76 18 19 62 26 96 88 3
41: 62 67 59 6 38 31 93 43 64 50 32 1 78 57 39 85 9 51 60 49 44 75 90 80 40 98 81 52 16 36 77 12 56 58 13 11 71 83 63 41 5 17 42 79 10 18 53 7 2 97 96 61 70 86
42: 10 31 76 36 33 68 4 26 37 14 82 6 29 87 25 90 3 88 71 20 18 58 51 28 23 96 70 92 34 98 24 17 65 91 40 7 43 50 93 74 52 12
43: 97 82 62 31 95 96 13 38 22 50 11 42 5 63 7 98 70 12 6 41 49 2 66 24 28 1 4 78 99 76 20 68 65 67 8 100 15 47 44 25 60 9 58 26 77 10 40 64 69 56 45 85 14 91 83 57 21 93 90 88 51 92 94 72 17 52 55 27 19 16 37 33 89 87 29 71 61 39 30
44: 8 100 54 90 39 42 61 83 16 68 94 19 53 78 21 99 17 87 95 41 6 46 32 4 30 47 85 15 3 70 7 74 75 13 82 24 77 33 37 14 89 76 64 69 62 23 18 27 81 1 48 50 43 97 34
45: 26 90 62 57 68 24 40 58 37 84 49 23 19 48 17 74 60 7 82 77 18 13 34 56 91 89 27 10 1 39 75 41 31 5 9 2 72 3 70 81
46: 82 30 79 97 57 63 39 50 18 10 87 84 88 55 38 15 71 2 42 33 45 80 35 5 98 21 27 17 61 44 93 60 29 37 9 56 47 69 32 4 24 11 91 31 12 25 6 20 70 66 13 46 65 64 51 92 81 100 54 68 14 99 19 77 78 36 90 94 1 49 62 23 34 74 89 76 59 22
47: 51 68 31 91 28 61 21 19 89 78 10 62 92 56 58 65 83 34 5 46 69 80 41 59 36 70 53 88 73 14 82 96 29 85 55 79 32 86 48 66 13 12 97 37 64 49 3 100 63 33 22 99 45 16 43 95 93 11 67 35 52 24 20 71 39 8 90 47 2 94
48: 92 55 42 95 54 72 7 67 32 60 70 45 47 63 59 78 87 51 31 43 26 68 84 14 10 46 98 96 15 74 12 77 1 58 39 73 85 24 8 17 76 16 40 71 13 4 94 27 75 83 3 22 50 44 9 89 28 79 37 2 100
49: 25 62 56 71 82 69 73 10 78 42 20 17 19 99 41 76 92 4 74 22 31 45 47 39 36 1 29 16 59 12 63 100 37 46 2 40 8 64 67 15 14 11 44 98 89 55 77 38 91 49 26 57 65 7 23 54 97 32 79 13 53 24 96 68 5 61 83 6 80 50 88 72 75 58 34 95 66 21 60
50: 100 58
51: 12 92 81 57 48 95 70 47 84 14 30 13 2 99 82 37 21 44 41 31 55 59 86 98 56 58 71 40 34 74 89 97 19 10 32 51 7 11 67 93 91 90 5 35 78 69 16 54 100 23 43 1 88 83 49 62 4 66 85 76 38 72 45 94 27 24 33 39 64 42 3 25 17 50 60 96 68 28 75 52 9 29 8 36 18 22 80 87 15 73 77 20 6 46 26 79 65
52: 97 60 71 88 77 51 26 10 80 64 73 44 81 25 1 22 54 30 46 86 19 23 56 32 33 12 57 79 75 47 66 9 87 59 82 70 89 14 50 43 53 48 61 100 18 72 4 5 62 83 63 11 28 7 39 24 38 45 42 99 16 85 6 17 2 78 8 36 95 96 29 20 65 35 58 84 31 69 15 93 27 52 21 55 34 37 92 74 3 94 67 90
53: 48 67 15 11 61 13 89 52 99 21 20 24 31 87 8 73 80 68 1 6 5 64 97 84 46 66 34 16 79 90 55 92 81 44 77 32 53 94 56 28 36 91 86 22 27 98 63 50 10 9 76 47 74 72 45 88 17 40 43 69 82 75 7 29 51 2 30 39 60 58 78 14 41 85 42 25 49 23 65 62 33 18 93 4 37 54 57 71 59 35 38 83 26 100 70
54: 57 37 86 68 43 70 79 25 73 65 94 36 78 44 41 31 98 6 90 51 58 88 35 38 20 39 89 33 11 9 32 18 95 28 97 74 63 61 50 93 14 45 30 56 66 12 17 67 85 21 62 13 49 46 19 52 2 40 47 64 71
55: 39 55 52 27 59 35 83 37 29 3 34 82 15 78 5 65 47 86 31 64 22 32 60 51 74 62 42 87 58 95 71 63 40 23 36 33 72 20 57 80 10 94
56: 97 53 37 88 76 16 98 52 8 58 57 22 79 64 19 71 55 45 48 9 61 82 7 40 96 63 44 20 17 92 24 67
57: 74 23 29 8 9 12 43 54 35 97 37 70 25 20 63 99 27 72 1 68 60 76 62 50 30 10 2 87 48 32 3 45 44 58 78 84 4 95 46 55 5 19 80 89 92 86 31 88 13 94 67 22 16 91 73 85 77 83 34 82 64 59
58: 29 33 26 91 13 44 12 1 7 66 3 93 32 77 96 54 55 85 57 56 94 95 97 88 59 48 76 80 78 23 41 98 72 34 70 25 68 42 53 49 43 36 90 82 40 58 67 92 14 84 81 15 2 83 37 20 46 60
59: 69 94 87 93 89 47 48
60: 20 74 48 2 18 65 58 45 41 39 21 76 13 14 42 38 71 17 100 61 80 66 84 19 43 5 4 15 90 97 33 60 1 32 31 3 55 81 56 98 86 79 87 12 6 26 50 25 83 82 8 72 63 7 78 70 46 29 10 24 28 68 52 54 51 34 88 37 27
61: 66 88 51 90 24 2 69 28 96 71 16 86 31 10 50 97 11 20 6 34 59
62: 31 93 96 39 86 44 78 17 85 6 18 61 54 68 21 19 12 62 60 47 5 15 16 13 77 63 4 59 27 34 2 79 67 14 40
63: 10 15 1 53 83 87 85 41 52 57 55 18 23 4 24 79 75 56 80 72 81 46 100 68 27 14 50 71 90 47 93 95 62 13 16 38 58 19 67 96 92 94 82 89 6 25 12 34 3 76 29 35 26 98 49 21 84
64: 73 75 39 63 17 42 92 71 28 61 86 5 85 55 93 29 20 27
65: 82 34 20 49 73 61 76 72 74 6 38 28 18 89 52 56 4 13 43 66 45 22 40 100 5 99 53 86 17 44 65 7 90 47 29 37 26
66: 14 74 97 19 48 54 28 39 17 30 69 3 41 43 90 63 13 18 12 11 40 32 1 5 78 42 44 68 71 85 84 33 65 83 87 67 15 81 89
67: 69 17 18 96 99 90 71 94 10 35 70 66 53 33 73 30 19 11 16 87 57 75 51 3 39 100 4 91 98 6 49 23 24 2 43 93 59 45 80 95 8 26 92 50 55 34 25 84 74 41 36 56 32 77 29 22 61
68: 86 12 62 100 76 92 5 63 67 34 30 68 91 95 6 19 26 65 97 54 46 15 82 45 17 94 35 81 77 38 37 32 1 3 74 66 7 53 33 51 11 57 89 52 55 48 64 27 71 99 49 4 16 14 56 98 41 60 90 75 72 23 29 88 18 25 85 50 84 42 96 83 58 43 80 2 87 39 20 21
69: 35 41 70 67 6 79 57 85 48 51 98 32 30 40 91 63 22 83 26 72
70: 4 89 48 72 61 19 95 23 51 17 87 15 41 2 98 11 35 60 99 7 44 49 84 63 91 8 53 47 32 20 67 73 80 100 16 78 18 28 71 27 50 83 6 40 46 86 38 92 66 34 5 65 90 85 14
71: 67 31 8 66 49 2 18 60 36 34 58 73 52 32 40 55 97 90 5 92 1 54 23 37 41 11 7 70 99 14 28 45 51 68 63 9 25 72 74 62 6 15 27 29 75 16 24 69 82 91 77 38 50 21 84 19 71 87 96 89 65 26 53 4 95 56 81 47 10 83 48 17 46 42 44 85 20 12 61 33 93 79 86 64 57 78 43 88 13
72: 23 19 55 31 70 65 72 84 24 89 83 41
73: 83 6 91 5 88 28 16 56 7 45 58 61 66 68 19 87 31 92 55 75 21 9 49 41 2 43 98 39 85 8 1 20 67 46 18 34 76 97 26 27 22 11 44 10 25 35 29 72 69 74 51 13 79 71 96 36 54 93 14 100 23 70 15 78 33 84 3 89 64 81 30 17 80 77 73 32 50 94 37 95 59 12 63 24 86 47 38 48 53 4
74: 19 50 13 49 83 56 61 52 70 16 17 58 43 46 84 85 34 88 80 1 28 5 77 23 15 9 79 57 92 6 39 93 8 18 69 7 63 20 78 98 87 4
75: 98 42 53 88 3 77 99
76: 29 42 1 49 97 88 28 91 18 16 15 98 77 87 48 14 41 21 32 8 22 72 7 80 45 17 86 25 24 13 90 65 68 40 54 64 44 51 19 2 71 78 34 23 57 95 84 46 96 11 52 79 70 43 60 99 93 100 20 38 75 26 9 47 59
77: 46 55 73 36 13 9 77 45 28 6 5 49 11 65 69 26 57 60 92 67 95 87 2 89 59 39 43 99 7 22 10 33 56 37 91 1 31 24 82 83 34 19 96 97 21 68 80 66 50 47 27 18 88 42 86
78: 2 76 26 10 81 27 63 25 7 90 9 77 62 67 93 19 48
79: 31 80 73 10 20 51 91 23 46 96 33 68 71 89 78 93 1 79 11 4 36 48 16 81 49 45 6 97 32 21 61 14 54 22 8 29 87 9 34 15 12 56 85 90 35 41 47 72 28 52 59 13
80: 39 34 64 69 13 44 79 87 32 83 14 19 96 66 55 91 61 38 28 35 72 1 25 92 99 84 62 2 10 37 98 78 15 36 18 85 56 97 21 76 86 89 20 45 27 54 90 11 93 22 95 30 31 33 41 53 8
81: 53 23 5 95 11 73 66 48 16 90 46 41 6 79 7 76 10 77 36 33 63 54 26 47 65 17 61 58 52 91 9 8 32 30 20 67 34 25 12 37 24
82: 67 10 23 49 76 93 15 42 84 46 1 92 86 99 29 3 30 33 79 74 96 85 17 18 87 48 77 43 63 13 89 4 44 45 25 57 70 24 31 72 22 37 27 53 64 97 50 82 100 66 9 5 51 40 81 14 41 73 91 11
83: 39 85 72 47 41 26 61 79 25 48 35 52 74 8 71 14 24 29 45 88 23 97 70 2 9 73 90 46 50 54 81 12 37 10 96 22 28 17 63 53 15 7 91 62 83 99 76 18 31 19 84 95 60 68 93 86 1 58 4 75 89 38 20 42 16 98 27 43
84: 39 72 8 1 53 15 9 32 86 11 84 60 42 94
85: 3 21 71 84 45 4 58 100 53 24 25 74 28 43 51 17 82 93 69 92 76 23 99 27 41 32
86: 14 98 53 86 73 11 3 64 66 2 51 72 92 85 20 35 57 48 16 80 8 95 88 67 56 23 47 71 6 58 13 19 40 44 43 94 25 46 18 24 30 9 34 90 39 70 61 10 38 82 65 89 96 4
87: 21 89 72 46 70 7 22 47 53 69 94 3 81 12 58 82 55 34 9 66 60 11 20 98 84 73 59 32 65 67 31 15 41 48 85 49 29 61 10 51 50 38 91 77 92 64 90 37 17 63 23 30 97 35 96 42 74 8 54 18 39 16 56 4 78 27 19 57 33 28 14 62 36 24 80 99 44 26 76 83 25 79 71 87 75 40 5 100 13 86 6 52 95 68
88: 77 16 4 20 87 68 30 93 11 71 28 99 6 37 22 10 83 5 64 58 57 65 1 42 17 40 60 85 46 48 47 23 38 35 50 34 45 62 80 29 96 27 31 19 92 66 12 70 79 13 72 84 39 86 97 14 61 26 98 100 33 81 56 67 52 15 88 94 51 69 76 74 24 82 90 73 44 49 2 43 21 41 54 95 89 36 7 91 75 25 3 78 63 18 8 32
89: 51 48 46 61 28 37 71 35 8 32 70 1 47 55 79 23 54 50 24 31 43 98 40 7 13 100 90 86 78 53 66 88 64 29 14 15 94 75 65 99 11 49 60 93 68 4 18 56 39 22 30 42 9 82 44 72 81 59 87 38 45 63 36 16 92 57 58 26 41 89 25 10 85 76 3 84 77 12 73 97 33 19 62
90: 48 3 91 63 43 32
91: 10 82 28 71 30 21 98 62 54 43 20 41 78 34 68 74 19 46 24 2 84 73 47 75 83 67 86 15 57 6 35 3 91 93 76 79 100 60 39 26 5 72 12 89 32 96 23 99 25 33 49 58 22 40 4 56 18 31 16 59 69 97 88 66 87 11 42 51 1 13 36 9 48 44 17 37 55 29 50
92: 29 38 26 9 54 8 77 97 67 84 66 92 98 76 63 73 100 16 7 15 34 79 28 17 47 64 81 50 52 89 59 20 80 65 6 37 14 51 44 95 31 19 25 53 21 39 68 13 90 35 40 10 23 99 48 27 22 1 58 3 33 74 56 24 41 43 55 71 57 5
93: 76 100 91 79 20 92 11 68 49 72 23 96 87 3 2
94: 7 76 83 6 29 25 91 14 66 96 94 44 24 87 69 19 59 15 47 28 38 61 54 86 95 12 27 100 89 39 62 74 9 49 57 41 3 81 58
95: 54
96: 3 57 88 46 13 28 89 74 76
97: 16 25 38 15 98 86 44 36 70 47 76 66 80 52 23 82 77 90 42 32 12 17 84 30 94 50 96 75 67 74 13 22 60 2 95 31 64 1 61 27 41 14 51 55 89 40 9 34 54 20 26 53 92 58 100 11 99 72 10 19 43 7 39 71 85 5 4 73 49 8 21 57 65 83 33 3 69 63
98: 8 91 96 61 35 57 9 43 28 65 53 95 99 19 52 98 29 56 41 77 39 73 59 74 94 72 50 7 63 68 33 27 1 85 89 4 49 51 34 20 21 24 17 5 71 66 15 32 25 36 42
99: 8 67 95 96 3 93 78 37 86 80 2 31 49 26 62 32 5 81 25 63 56 19 84 69 20 47 28 74 43 89 59 38 48 10 39 88 53 77 50 71 73 41 16 45 79 22 13 34 9 97 58 33 76 1 42 82 92 55 83 94 17 60 23 52 18 7 66 51 98 11 15 6 72 40 30 29 36 4 100 65 46 90 87 91 35 64 61 57 27 24 54 68 85 12 44 70 99 14 21
100: 49 44 37 83 73 54 11 2 59 4 25 7 26 63 34 50 29 98 36 68 23 31 46 64 56 39 100 58 97 42 47 22 32 30 5 6 40 69 8 18 45 28 93 16 82 53 89 12 84 86 21 51 38 75 14 94 55 43 9 67 19
1: (17 63 5) (91 6 68) (25 32) (43 14) 48 (13 11 57 76) (84 12 66 44) (53 80 98 99 60 28) (2 92 35 73) (49 83) 74 (51 58 4) 45 (71 23) (77 20 88 52 97 89) (37 79) 46 (41 82)
2: 67 (25 48 61) (97 76 91 3 31 88) (43 54) 30 (46 99 28) 52 (22 83) 93 (17 100 62) (53 57 8) 47 45 (15 68 49) (78 2 51 86) (71 23) (60 80 11 37 26 27 12) (38 70) (58 6 73 41 18 77)
3: 4 89 2 (38 44 27) 28 (26 5 37 42 31 63) 47 (75 99) (86 91 21) 12 (66 82 32 17) (3 20 97 35 57 94) (11 73 52 87 19 51 6 45 85 92) (30 15 48 13 96 39 60 14 58) 55 68 67 88 (40 23) (90 93)
4: (79 99 30) (14 100) (27 88) (91 60) (39 24 12) 44 (46 42) 13 (67 62 51 11 6) 25 (28 65 22 63 32 68 71 83 49 74) (87 31) (43 85) 21 2 (3 48 17 97 89) (53 52 38 5 57 86) (23 73 70 82) 98
5: 17 (52 45) 46 3 41 (57 71 60) (32 55) 68 88 (51 91 2 66 53 27 100 74) (37 31 70 20) 62 43 (26 97) (64 14) (28 82 81 8) (77 13 73) (98 87) (36 49 99) 12 (6 92) 65 (35 25) 38 47
6: (16 49 77 6) (71 52) 4 (87 39 63 41 68) (35 11 86 100) (69 2 43 14) (88 67 91 61 22 94) 74 (28 36 46) (62 3) (79 65 26 54 60 20 70) (44 81 92 99) (73 32 51) (42 53 23)
7: (92 99) (97 39) 4 (89 52 56 6 68 74 48 11) 42 8 (58 81) (78 12 60 28 53) 32 (71 26) 14 3 (21 88 25) (41 83 43 16) 76 2 (65 98 51) 73 (70 49 17) (94 87) (20 77) (44 100 45 23)
8: 23 (27 32 28 19 14) (52 12) (30 2) (99 98) 40 (67 71 76 3 43 80 20 22 89 21) 83 60 73 (11 37) 38 (48 79 17 9) (47 5) 44 70 6 49 (26 81 51 97 87 84 86 53 56) 57 88 (100 13) (35 74 8 92)
9: 11 56 (2 54 73) (28 74 83) (53 51) (48 100 84) (23 78 82 98) (17 13) (16 14 97 15) 94 (21 37) (81 57 26 12) 77 46 (41 52 87 92) (45 91) (89 19 76) (25 31) (3 32 20 99) (4 71) (43 79) 86
10: (89 82) (78 79 28) (99 57 26 67) 73 81 (83 47) (52 92 60 9) 29 48 41 (43 20) 30 (91 16) (86 51 49 77 3) (11 55 88 22) 97 (63 38 35 80 12) (2 53) (17 46 14) (87 6 36 37) (4 71 61 42 45)
11: 81 27 46 (76 31 49) (53 89) (16 66 6) (28 82 99 11 91 97 12 61 25 2 79 3) 100 (35 47 14 20 41 77) 22 30 (84 71 17) 38 (51 87 70 4 68 93) (43 67) 52 80 (37 73 86 54) (33 88) 21
12: 89 58 81 30 (31 2) 51 (52 25 4) (48 91 26 87) (11 54 63 46 97 100 16 99) (94 22 3) (20 57 79) (73 41 27 83) (28 12 49 6 42 68) (71 66) (60 62 37 47) (43 38 39) 88
13: (21 77 30 44 11 60 26) 46 (25 35 92) (80 49) (37 3 65 45) (8 31 87 96 53 47 99 88 17) (7 79) 71 23 43 (63 89) (86 82 20 9 28 58 66 14 54 74 91) (41 97) (2 6 73) (57 12) (51 76 4 62) 48
14: (73 62) (63 51 20) (31 58 89) (30 25 53 66) (54 76 13) (92 26) (14 48) (47 52) (70 83) 100 (88 60 86) (5 2) (12 35 87 34 80 68 42 17) (94 16) 19 (99 32 38) (46 28) 71 (43 82) 49 (11 79 4 27 6 44 97)
15: 32 (22 84) (17 6) (66 25 60) 82 (11 88) 46 (99 79 83 91 62 94) 36 (98 2 44 19) 39 (70 26) (71 49) 97 3 (21 58 20 27) 92 (37 68 43) 34 (48 33) (14 73 28 76) 53 (51 40) (89 55 74) (23 35 80 63 87 52)
16: (6 71) 88 (17 36 76 22 89) (47 4 32) (97 43 48) 2 35 (37 67 62 14 20) (70 73) (16 30 56 28 92 57 68) 74 (63 86) (44 12) (81 41 61 53 87 83) 100 (27 23) 79 (52 91 11 25 49 99 51 31)
17: (76 92 49) (64 14) 17 (32 62) 26 43 30 23 31 4 (27 66 13 68 82) (67 83 71) (28 45 88 3) (46 81 60) (73 38) 52 98 99 (87 91 44 11 19 20) 54 (25 41 36 6) (51 70 65 53) (97 12 56 74 2) (85 42) 48
18: 77 11 (53 71) 88 32 (82 89) (14 76 70 87 21) (80 66 25) (2 4) 65 (60 51 86) (74 45) 44 62 (99 52 46) (34 39) 40 73 100 (20 67) (5 23 28 3 22 26) (37 31) 12 (91 68) (54 63 6) 83 (16 41) 42
19: (83 22 12 70 28 11 49 76 78 23 72 56 100 45 32 66) (17 29 27) 91 97 (9 77 89 86 36 68 26) 44 62 (46 99) 47 (87 38 63) (40 3) 37 25 (73 60 57) 52 6 (18 67 88 14 43 31) (74 94 98 51) 15 92 (54 80 71)
20: 42 (6 83 35 93) (76 5 56 53) 97 19 74 87 4 20 (32 54 38 37) (60 52 39 49 64 92 55 88) (47 14 3 98 86) 43 23 57 17 11 21 (70 30) 71 (51 68 28 46 80) (81 79 65 12 61) (91 73 26) (99 58)
21: (44 47 35 53) (63 99 22) 91 (27 20 71 17) (21 16 87) (85 77) 73 28 (26 25) 51 100 (2 43 98 6) 5 49 52 (92 12) 54 (80 88 7) 32 62 (23 97 14 4 76) (37 8 60 79) (46 3) 68
22: (49 28) 11 (37 20) (73 46 3 6 48) (69 15) 31 22 53 (26 88) (34 35 80 97) 21 (87 47 76) 30 82 83 29 (91 16 51 56 2) (25 89 55) (77 23 36 100) 14 99 (52 43 4 65) (67 92) (17 57 32) (12 79)
23: (86 23 6) (79 20 28 73) 21 (99 87) (29 49 14 85 88 71 12) (17 2) (31 89 52 81 3 57 26 92 22) (44 70 11 63 82) (68 72) (67 93 100 97) (58 51) 83 30 (74 53) (91 36) (35 76) 45 (37 46) (55 39 42)
24: (22 89) 51 46 60 (26 28 72 63 43 85) (3 91 53 73 77 76) 98 86 87 (71 12 82) 11 48 (92 17 16 42) 52 (32 14 47 67 37) 20 (81 88 44) (56 2 94) 13 (61 30 40) 83 (45 99) (8 31 49 6)
25: 4 85 98 30 (86 92 42 20 87 37 57 29 94) (73 3 58 51 83 82) 63 (2 23) 76 100 (99 15 46) (67 13) (71 91) 97 (81 60 78) (68 26) 49 (80 88 31 16 12) (28 89 39) (43 53) 6 (52 54)
26: (40 92 97) (52 25 34) (89 73 42 49) 23 (3 69 11 65 48) (67 2) (91 30 38) (19 83) (87 88 68 45 10 15) (12 39 53) (43 6 100) (60 5) 76 4 (58 99) 9 (81 63 28 78 77 71 26 51 14) 17
27: 11 (40 60 19 6 36) (48 57) 94 (34 28) (13 52 26 78 9 23 53 88 98) (87 21) (2 83 80 30 46) (45 85) 3 (73 43 31 92 51 35 17) (70 55 64 77 62) (63 97 27 99 82 22 44) 32 (12 71) (68 15)
28: (65 100 39 88) (26 32) 3 77 (28 2) (47 4 52) (54 76 99 87 17 89) (31 15) (48 51 42 16 23) 79 (12 53 73) 70 27 (80 61 94) 25 (83 91) 71 74 92 (66 11 30 20) (14 6) (64 60 43 96) 85 98
29: 17 (22 6 71) (53 91 35 57 76) (11 19 13 99 28 2 92) 4 88 12 (49 47 60 5) (67 8 43 98 73) 58 42 25 (23 16 3 68) 14 55 89 63 83 52 (94 87) (64 65 20) (51 46) (79 82 100)
30: (82 43) (37 100) 88 (26 46 14) (21 12 16 51) 22 (54 17 3 52) (73 6 67) 80 (57 53) 33 66 (11 89 2) (91 28 87 20 69 68) (86 44 99 81 35 38) 97
31: (51 35) (29 17) 57 61 (26 71 15) (14 52) (77 11 43) 45 (73 36 23 54) (92 91 89 22) (80 30 72 8 88) (46 9 62 47 32 2 55) (97 41 82 83 37 28 25 42) (6 48 20) 100 (3 79 49 60 31 99 87 53 4)
32: (46 69 58 22 12 60 67) (30 68 6) (97 17 66 48) 44 (87 53) (14 70 25) (100 76 90 51 85 84) 49 (73 98) (71 47) 5 80 (79 31) (57 39 89) 55 (52 88 35 81) (32 54) 41 (99 28 91) (26 19) 2
33: (17 71 8 99) (60 47 38 32 55) 33 (54 68 46 23 79 43 22) 1 (52 98) (58 89) (87 13) (77 30) (28 11 5 66) 91 29 (73 42 80 16 97) 92 (44 81 82 53) (3 2 26 51) (88 12 14 67 37)
34: (62 70) (30 100) 32 (68 80) (65 34) (35 77 81) (14 73 28) (51 13) (55 97 53 31) (3 37 87) (46 11) (74 86 44 63 91) (60 61) (20 98) 6 67 71 (17 58 92 47) (19 38 45) (76 99 21) 57 (79 42 49 25 52 88) 2
35: 12 (38 79) (22 52) 26 (55 3 88) 23 16 (19 98 68) 35 (80 83 37 70 40) 6 (67 47) (86 51) 11 (29 57) 54 (91 89) 46 (69 24 53) (20 63 14 73) 87 2 99 92
36: (87 36 98) 23 (42 16) (4 32) 41 (77 26 97) (55 88) (47 81) (2 80) (14 67) 89 (11 54 71 5) 21 30 (12 73 40) (24 99) (18 31 58 79) (17 6 19 49) 91 100 (52 3) 20 (46 53) (28 51)
37: (36 3 52 81 46) 19 80 (20 40) (42 60 58 6) 87 (48 73 53) (38 49) (32 4 43) 55 (82 47 13 12) 57 (77 22 54 83) 17 89 (56 65 92 100) (88 44 35 99 2) 45 71 (28 29 11 68 91) 26 (34 51) 5
38: (53 28) 41 (83 31 43) 23 (76 22) (20 30 92) 68 16 73 (52 80 12) (71 34 97 36 24 100) 99 (51 11) 54 88 (46 26 32 25) (65 14 94 87) 39 (86 17) (60 21 49 63) (19 89) 70
39: (48 41) 5 99 4 16 (54 98 49 62 94 55 37 92 23 26 66) (77 11 43) 67 (31 46) (87 2 74 28) (20 80 13 53) 52 14 47 68 35 (12 3) (73 36 83) 17 (8 44 89) 86 (64 88) 6 60 (97 91 25) (45 100) (38 51) 84
40: 26 (11 82 54) 55 (48 42 22) (43 28 76 12 87 20 89 3) (15 56) (45 35 29) (86 58 17 91 23) (25 13) (97 100) (4 41) (32 49 51 6 21) (2 88 69 30 34 99 71 66) (70 65) (62 14 53 92 36)
41: (45 11 66 16) (37 4 82 17 19) 22 92 (3 87 24) (98 9) (72 27 51 94) (26 35) (25 89 29 67 68) (54 70) (69 47) 71 97 (6 58 31 44 60) (23 88 28) (83 99) (85 80) (76 2 79 81 73 49 43) 13 (39 53 14 63) (41 91) 32
42: (43 71) (87 64) (76 82 97 48 30 36) (26 52) (51 11 35) (44 22) (91 7 58) (66 6) (5 41 32) (27 83 49 60 2 99 77) 23 (68 89 88 3) (53 14) (28 55) (20 37) 100 (84 75 17 46) 98
43: (85 47 74 97 65) 66 41 68 (98 5) (4 11 14 53 42 99 77) (44 100) (3 30 28) (67 58) (26 20) 86 52 6 (12 88 73 76) 92 (83 91 22) 35 90 (51 48 34) 57 (71 60) (82 2) (54 31) (89 33)
44: (52 87 82 46 80) (38 70 54) (14 62 88 6 48) (100 66 53) (58 57) (34 91 21 89 13 28 99) 49 65 17 25 20 (86 12 26 56) 2 43 (5 76) (9 40 97 3) 51 73 (39 11 16 71 32) (94 41 92)
45: 48 67 (28 38 56) (85 77 6) (60 71 14) 46 31 32 43 (99 26 57 52 29 11 68 8 34) (2 76 12 79 82) 3 88 (47 80) (53 73 51 65 37 83 4 35) 49 (17 16 54 89 30 100)
46: 46 77 (76 71 63) (74 15) 91 (100 14 89 52 70) (51 4 23 44 28) 37 96 58 (79 31 47) (73 12 81 32) (99 6 88) (87 25 48 49 2 60 11) (54 38) 13 (86 26) 17 19 (68 8 27) (83 53 3) (22 82) 57
47: 5 (97 71 27 36) (29 44 8 65) 3 54 88 (77 20) 11 (23 6) (22 12 43) (89 94) (83 21) (55 59) (87 48) (7 100 14) 76 99 (32 2 63 37 35 39 26) 92 (52 81) (62 49 79 70 51 17 46) (73 47) 53 (86 91)
48: 34 39 (89 71) (52 25 32) (90 56 14) (23 35 83) 91 (73 45 69) 79 (4 76 66) 27 86 92 (68 57) (3 81 38 87) 99 53 (28 6) (37 59 2 78) 51 7 20 60 (8 58) (11 47) (70 88) (30 12 9 44 82)
49: (87 20) (29 21 53 49 51 89) (28 6 68) (34 99) (12 74 93 54) (31 47 97 71 76) (3 58 14) 73 79 8 63 (17 67 38) (88 91 45 37 94) 19 100 (4 65 43 77) (70 46) (82 23 41 98 2)
50: (61 70 60) (25 41 99) 54 (89 28) (71 73 88 2 57 21 23 44) 92 (32 17 24) 91 (77 31 52 63 11) (87 74 48 51 67) (27 53 100) (97 6 3 43 12 4 49 68) 46 (14 98) (42 82 83)
51: 85 23 (42 70) (3 11) 12 37 82 (99 87 52 100 48) (88 20 4 69 8 30 76) 61 32 60 (38 29 14 73) (98 55 43 89) (31 86 97) (53 27) (67 24) (79 92) 47 91 (2 35 28) 68 (46 51 54 22 41 71)
52: 30 (97 4) (53 79) (12 65 19) (17 81 36 74 35) (63 31) (47 14 11) (43 99 68) (6 54 51 76 52 83) (28 60) (42 92 98) (3 56 2 87) 26 (88 71) (55 41 37 16 29)
53: 52 99 73 (3 68) (20 71) (63 98 11) (87 17) 92 97 (80 53 83 67) (65 12 100 70 23) (41 19 81 38) (75 34 36 22) 2 (44 89) (26 58) 86 47 6 (4 21) (35 14 84) 49 56 (31 28) 82 85
54: (89 11 23) (40 62 28) 36 51 (76 100 88 91 44) 95 (83 73) (97 68) (17 29 3 66) (53 52) (48 58) 34 (99 57) 71 (80 30) (26 49) (94 81 46 87) (79 60 12) 14 92 6
55: 51 (29 89 28) 53 60 47 73 (56 72) (49 68 23) (58 14) (17 15) 67 55 (11 31 100 80 8) (12 57 39 30 16 92) (91 87) (71 6) 3 64 19 (77 43 7) 25 99 (52 48 37 46) (97 2) (20 63 32)
56: (8 87 20) (88 28 40 60 73) 17 (30 14) (23 100 45) (92 86 31) (3 80 41 53 98 49 32 15) 47 (6 68 67) (52 46) 89 25 37 (11 99 12) 43 (74 54 91) (77 2) (65 63 5) (58 79 71) (51 18) 29
57: (96 55 25 6) 49 (12 77 86 43 2 71) (46 24 16 21) (74 98) (82 58) (26 37 63) (27 23) 53 (92 51 94) 56 69 (76 3 38 97) 31 (54 52) (89 17 4) (68 91 45 28 88) (87 67 11) (99 41)
58: (49 9) 13 (17 97) (12 38) (31 50 45 71 83) 60 57 (92 43 53) (94 30 88 15 87) (37 51 63 89) (74 56 99) (85 55 8) 47 (2 100 22) (20 27) 58 (73 86 91 32) 23 52 (68 28) (54 41) (81 14) 48 (42 11)
59: (55 99) 5 (87 94 17 49 53 58) (47 8 46) 89 (26 39) 28 4 (77 2) (35 57 6 31) 22 51 (92 61 91 79 21 34) (48 73) (29 98) (100 76) (67 25 14 41 38 12 52 13) (3 62)
60: (87 39 77 41 55) 51 70 (4 45) (14 58 28 53) (25 89) 43 23 (57 84) 48 (62 68) (12 91 11) (20 60 49 97 22) (6 46 83 17) (2 32 40) 99 76 52 (26 71 3) 88
61: (73 19 20) 38 (32 70 28 87) 99 (43 44 46 53 41 25) 86 (17 39 36 26 97 54 80 71) 83 88 (2 60) (12 65) (74 98 3) 47 (6 49 64 89 56 79) (62 40) (52 81 94 14 11 67)
62: 19 52 (17 80 54 45 87) 43 (16 28 6 44) (51 94) (14 53) (33 62 12) (20 99 89 26 63) (13 91 34) 35 78 11 47 (46 31 57 88 21 40) (49 83) (32 3) 29 68 71 (55 41 2)
63: 40 83 (48 98 54 12) (53 4 71 57 21 89 31 64) (19 13 60) (92 29 73) 68 (70 62) 52 82 74 (14 32) 97 (99 11) 87 (90 66 55 38 35) 41 33 (34 69 43 81 3) (47 46 23) (56 2) 49 (20 78 88 17) 6 100
64: (32 31 4 39 87 43) (54 56) 57 22 14 76 73 19 27 (88 51) (52 100 11 68 3 6 53) (49 46 71 17) (92 97 47 80) 99 (86 41 44 55 82) (89 2 12 28 23) 30
65: (38 71 99 1 46 49 87 70 5) (54 28 65) (6 88 35 23 26) (68 55 17 3 21 34) (76 14) (52 53) (72 86 2 47) (12 9 66 81 32 60) (42 43 37) (29 89 51) (77 98) (97 92 20 11) 4
66: 51 49 (2 36) 88 (67 54) (22 87 82) (81 14 86 20 3 92 68) 60 71 (17 89) (58 15) 61 (25 26) 53 46 (24 65 47) (98 73 43 52 35 70) 94 9 31 6 97 23 (99 28) (12 77 34) 80 (91 11)
67: (86 81 12) (100 88) 21 47 (78 14 17) 43 63 (6 19 53) (82 30) (20 99 66 11) (23 87 31 68 2) 97 (16 4 52 69 56 77 58) (70 38) 92 48 (49 91 51 71) (73 32 57 54) (41 37 26) 62
68: 89 (6 99 43) (7 47) (39 31 73 25 62) 12 (16 66 46 11 87) 3 35 (71 76) (58 32) (98 36 77) 17 (53 60) (88 68) 49 (83 14 51 23 100) 45 (93 92 44 28 54) (48 79 57 91) (2 42 29) 63
69: 77 (67 32 11 46 31 100 51) 20 (71 66) (94 53 23) (61 19 26) 4 28 88 (5 91) (25 29 47 43) 97 (21 99 52 85 44 35) 3 (2 14) (22 73) (37 59) (80 6) (74 13 87 12 17 49)
70: 97 74 (73 31 57) (47 53 37 17 88) (87 42) (72 71 43 3) (99 6 83 60) (69 48 89) 32 28 (12 86) (23 26) (2 21) (54 46 82 30 58) (76 38 11 44 51 41) (67 45 52 14)
71: 53 (55 36) (71 8 2) 48 22 (14 79 99) (97 47 60) 54 (92 26 61 70) 25 (41 19 30) 56 (46 73) 20 85 (86 12 89) 11 23 (87 51 6 3 83 43) 66 (67 49 63 52 64 76 98 42 88 91 68) 17
72: (38 31) (2 68) 97 (70 58 17) (11 12) 83 (23 99 35) 45 (21 84 51) 26 19 (55 6 87 52 91 14) (43 53 72 32) 89 9 (88 48 8) (37 49 65 73) (80 29) (13 71) (60 79) (86 27 76 63 82 98 57) (28 69 3 93)
73: (73 83 88 51) 53 31 (3 81) 17 86 (2 100 82 97 30 64 25 49 65 47 71) (28 99 34 37 70) (40 54) 35 (57 87 48 23 14) 13 (6 32) 89 12 11 (98 77 16 91 52) 5 92 (29 79 67)
74: (11 6 30) 98 (3 35 88 21) 87 (60 29) 32 (65 55) (51 94 68) (96 12 82 15 45 26 28) 7 85 (52 23 83 37) (66 53 54 71 97) (48 49 44) 14 (92 67) 17 (99 27 57 2) 42 (73 91 46) 22
75: 83 (87 36 4) (100 26 38 30) 41 (71 91) (28 48 14 45 20 2 63) (64 23) (49 68 39 97) 44 (32 12) (6 89) 53 3 52 11 (31 73 15) (51 21) (88 67 17 76)
76: (58 8 20) 35 44 60 48 (53 89) (96 78) 51 27 (19 88) (29 73 91) 42 (17 9) (6 14) (97 31) 63 (4 92) (3 65 83) 43 2 (26 49 12) (85 28 94 32) 46 (40 68 82 80) (81 87 57 99 56 11 93)
77: (51 44 58) (49 41 28 62) (11 26) 45 (52 87) (76 6) (12 27 71 23 92 77 17 22) (46 3 4 98) (73 97 88 74 78) (37 81 43) (16 36) (2 35 9) (67 75 68) 89 (20 53 14) (99 82 57 48)
78: (55 53) 11 (40 79 26 58) (88 52 23) (4 70) (43 66 9) 44 (73 31 28) (89 32 41 20 46 91 51) (7 35 62 6 74) (14 80 21 17) (49 60 48 99 76) 36 (54 47 12) (57 3 87 71)
79: 89 56 99 (81 14) (91 52) 51 (63 21) (83 12 47 11) (23 92) 71 (48 4) (60 3 20 41 25 93 19) (69 88 76) 82 53 (39 2 73) (28 80 32 62 30 49 79) (87 46) 74 6 (34 54)
80: (23 47) (68 3 12) (14 41) 34 (73 37) (20 99) (22 36 52) (74 31) 16 92 46 (86 76) (53 55 58) (6 2 97 11) (19 38 51 70 28 79) (17 49 88 27 87) (57 60 77 67 63)
81: 78 (2 58) 22 28 (44 99 38 71 14 37 12) 89 (87 3 63 19 20) 23 (45 51) (82 88 92 83 73 94) 60 (79 53 52) (46 32 29 66) (68 6 41)
82: (4 55 71 99 77) (43 47 16) 58 (12 89) (100 53 45) 85 (22 25 60 97) 2 (20 11 51 68) (88 3 57) (52 26 44) (87 63 42 14) 82 28 46 (91 56 49) (86 13 17 65)
83: (83 70 31 51) 14 (87 17 40 3) (94 52) 12 (30 72) (68 73 28) (97 88 91) (7 2 60 44) (43 37) (4 80 25) (57 99 22 6 71 74 58 55 26) 49 (11 69) 100 (53 47) 77 66 48 41 63
84: (88 8 19 57 51 87 97 83 80 28 63 72) (6 25 12 48) (2 60 52 66 100 46 76 91 23 37) 58 (70 53 36 92) (9 99 33 73 74 30 32 34 35) (14 85 17) (71 82 31) 45 (67 84 26 11 89) (68 24)
85: (71 70) (66 44 54) (23 21 3 32) (98 17 99 62 87 4) 41 31 (80 11) 68 (39 89 14) (86 82) 74 (6 26 69 97) (64 20) (13 63) (52 28 51 53 47 12 43 57 19 88 2 22 38) 79 (37 73) (48 58) 83 40
86: (60 23 86 91 17) 14 19 53 (71 77 61 73 16) 55 (54 13 25) (5 94) 84 (87 3) 62 (6 4 31 34) 76 (11 51 26 28 70 32) 52 (20 100 68 12) 24 (47 41) (38 64 80 57) (97 83) (27 88 2 65 99) (82 89)
87: (3 34 53 36 77) 70 (60 31 68 29 71) (57 4 82 52 46) (22 93 5 48 44 28 63 23 39 26 99) 74 30 (87 59 80) (11 25 66 2) (89 14 6) 43 51 73 (67 76 79) (15 12 88) (42 55 91) (94 19)
88: (57 49 61 86 77 74 34 20 83) (91 11) (28 3) (75 17) (5 14) 53 (73 89) (71 68 52 40) (4 25) (47 35 42) 46 39 (76 18 43 60 31 23 56) (6 58 12 54) 51 (88 99) (96 2)
89: 3 47 28 70 (53 65) (43 30 77 86) 94 (16 91 92 52 89 14 49 83 51) 79 (2 20 98 25) (54 82 19) (72 87) (13 44 31 97) (45 6 5) (68 59 12) 46 11 96 (57 80 88 66 48 4 63 100 36 73) (71 99)
90: 68 (47 12 26 23 31 61) (41 7 89) (88 13 79) (66 92 16) (97 25) 35 99 (46 80) (43 37 3 83 76 6 54 45 67 58 30 19 44 65) (63 87 70 53 32 51) (81 27) (60 11 86 78 28 71 20 42 17) 14 52
91: (73 83) (21 49 77) (81 43 3 53) (87 33 79 11) (67 70 2 45 20 98 17 82) 88 (99 4 76 58) 46 12 (91 15) 57 93 (94 39 37 42) (25 80) (6 30) (90 47) (38 71 68) (31 28) (14 69) 51
92: (28 64 6) (51 85) (73 53) (3 34 46 52) (58 74 2) (25 77 86) (29 87) (4 93) (16 43 99 80 30) 37 (71 49 88 11 48) 68 19 56 (32 92 67) 35 (70 42 47 57) 22 (82 12) 89 20 (97 63)
93: (32 85) 22 4 (11 74 28 12) (89 41) 5 34 83 (46 15 100) (79 51) 67 (59 24) (88 30 3 73) 42 (63 80 36) 62 (13 71 52 64 14 43) (91 25 58 99) 76 (53 82) 2 (8 17 37) 47 (6 26) (54 78 33)
94: (59 44) (53 2) (100 10 94 4 43) (67 13) 54 (87 84) (12 16 3) 19 (17 57 73 99 97 63) 86 23 48 58 (46 98 22) 30 (14 51) 37 47 (34 68 88 5) (55 28 11 52) (25 89) 32
95: (88 94) 34 (86 32) (54 98) (43 12) (57 6 30 92) (11 20 55 26 80 28) (67 99 16 3) (77 44) (87 47) (81 48 71) (58 9 36) (23 76 14 63 4 25 5 2 83 73 49 70) (17 51 97 68 52)
96: (6 32 5 3 73 13) 12 76 (99 56 28 98) 97 (93 82 31) 22 (40 4 35 17 88 41 23) 14 20 (71 87) (67 62 94 49) (91 52 48 77 68) 63 61 (79 47 43) (2 42) 83 (58 51 86 27) 80 26
97: (43 32) 100 31 (82 56) 53 (77 15) (60 6 17 14 46 29) (36 68 41 99 89 57 49) (80 66) 34 (52 16) 5 20 (91 76 83) 28 (47 73 30) (87 79) (61 88 51) 11 (12 9) (58 2) (92 25) 44 (54 3) 23 71
98: 74 (69 46 4) (3 70 48 51 80) (53 68) 12 (54 15 63 43 99) 11 (100 83 29) (31 42 56) (89 17 73 2) 22 (76 41 75) (6 60 14) (32 97) 49 67 (87 28) (98 86 34 91 88) 21 58 (92 7)
99: 71 (17 14 46) 21 (85 97) (75 30 80 67 34) 51 (83 31 65 37 3 82) (91 92 49 70 88 77 39 89) (35 68 19 25) 13 (87 99) (57 98 28) (26 44 20 6 4) (32 11) 53 47 (23 12) (43 76 52)
100: (49 14 93 26 87 88 20 67 68) (2 28 91) 47 30 (48 3 85) (36 29 12) 4 (35 34 89) (97 92 82) 63 (53 100) (60 46) 43 (8 22 65 50 5 44 11 99 73) (94 16) (23 76 51 6) (52 70)
