100 100
1: 83 67 84 46 6 66 89 64 94 33 61 96 40 4 38 1 28 47 42 31 25 85 90 10 74 32 91 82 16 35 24 81 3 98 95 60 14 51 56 63 30 65 59 20 36 69 58 44 18 87 48 99 15 57
2: 54 95 33 17 65 42 83 75 1 11 89 94 7 40 44 81 88 62 69 98 48 47 51 20 67 24 27 21 73 9 43 70 10 58 22 25 90 19
3: 73 43 90 79 69 39 31 85 77 29 75 45 32 24 36 72 74 54
4: 50 78 35 63 57 18 39 69 92 68 99 95 42 59 40 71 7 29 45 22 23 3 91 87 19 26 4 88 73 93 89 79 100 58 83 64 30 31 2 98 55 84 67 32 96 12 15 21 81 20 5 9 56 14 72 6 80 54
5: 34 77 1 39 41 17 10 76 97 48 29 21 71 52 58 7 82 11 51 56 43 47 72 86 65 70 85 66 3 98 12 67 19 89 38 27 31 2 64 54 32 49 87 79 35 69 59
6: 51 23 31 76 18 43 81 89 78 27 63
7: 58 78 73 61 16 21 5 53 29 66 56 28 52 75 92 87
8: 90 67 92 8 94 74 52 23 12 44 96 14 17 70 56 9 57 10 29 36 25 31 95 16 73 89 66 59 98 33 50 18 22 88 100 40 81 54 7 6 37 35 5 28 93 42 24 20 47 1 60 11 99 43 64 34 68 53 75 39 41
9: 51 27 68 100 65 86 96 85 98 82 54 13 69 10 46 31 35 9 97 99 42 38 36 64 21 8 59 89 56 93 29 26 71 22 90 37 19 84 57 33 70 24 23 50 39 62 5 95 49 78
10: 6 31 72 49 80 79 55 56 22 32 35 84 73 93 8 9 38 67 65 46 60 62 14 47 36 34 10 94 42 95 88 23 7 96 64 70 16 69 29 63 19 5 39 4 44 87 100 81 74 2 12 25 13 45 24 68 91 57 20 77 21 11 99 50 51 48 86 90 27 66 33 18 92 54 43 26 76 30 98 28 89 37 82
11: 4 46 84 61 40 97 79 94 42 44 45 59 71 34 90 39 91
12: 22 53 90 42 31 77 91 11 81 49 100 95 87 21 50 97 72 14 57 29 82 19 17 41 48 79 9 27 16 56 30 38 65
13: 32 72 40 4 2 24 79 58 73 37 17 66 84 59 48 50 26 9 96 49 81 29 74 46 90 54 22 52 77 36 41 39 83 33 6 47 65 67 70 35 5 94 92 53 15 62 1 31 61 99 3 16 23 25 42 64 18 60 80 100 93 69 20 97 55 76 91 75 38 14 43 44 21 82 30 7 87 11 28 12 8 71 85 86 27 45 78 95 34 19 13 56 68
14: 67 66 61 47 78 40 71 8 10 62 44 3 82 33 19 42 18 48 17 74 87 83 81 93 38 39 94 30 57 16 53 46 12 85 65 9 23 24 58 73 5 88 32 84 36
15: 27 14 68 89 50 48 98 4 61 30 28 85 38 3 7 6 15 13 19 21 52 56
16: 67 95 33 77 79 57 39 50 71 82 21 53 83 26 99 46 31 89 19 65 52 70 74 69 24 80 10 86 34 93 75 45 85 25 54 22 17 44 78 8 76 88 16 58 37 68 20 49 29 92 47 55 96 3
17: 12 27 89 16 5 65 81 37 26 57 11 76 93 87 42 55 86 61 98 14 59 29 73 39 95 13 35 46 66 49 99 56 52 71 47 9 25 19 94 10 68 44 97 85 43 84 92 91 41 90 31 24 1 30 62 58 48 34 45 79 36 70 63 77 75 18 22 88
18: 22 91 38 24 69 72
19: 45 8 78 69 31 82 77 67 64 89 29 26 98 28 37 81 38 65 52 32 53 24 49 47 87 73 100 58 56 94 97 50 13 66 2 92 59 1 42 5 71 85 54 36 23 80 63
20: 75 60 61 89 71 33 16 53 87 20 10 68 3 92 21 55 2 17 77 91 94 7 100 66 28
21: 40 63 26 96 93 21 85 62 43 90 71 56 9 22 45 29 38 81 27 23
22: 48 79 46 47 80 12 81 41 56 94 59 76 71 64 23 60 89 37 50 83 13 10 16 93 30 70 11 84 3 98 19 54 15 34 7 38 95 6 29 36 51
23: 100 85 67 94 99 74 28 60 26 66 54 38 36 3 18 93 76 44 48 25 56
24: 93 51 38 68 9 95 55 11 58 23 10 37 99 77 59 56 82 13 100 92 45 87 24 39 65 78 4 18 43 22 83 2 27 8 33 6 69 12 98 32 84 61 36 71 28 73 31 76 62 21 74 97 60 63 25 44 50 75 86 29 34 19 67 41 16 5 70 46 81 26 94 42 57 72
25: 25 31 65 21 53 81 54 99 3 86 91 43 83 16 19 44 82 57 12 51 75 22 37 35 55 8 46 50 27 79 68 94 60 11 56 9 41 59 7 52 64 89 74 45 92 77 58 10 63 69 18
26: 78 58 25 49 47 80 20 75 50 26 90 92 53 17 60 30 71 27 67 99 14 57 2 62 76 64 35 38 84 63 28 93 52 42 61 59 9 12 13 29 55 70 18 16 82 24 81 98 73 100 39 37 74 65 89 72 91 79 40 68 7 69 32 48 11 21 6 15 86
27: 27 15 19 59 2 56 40 32 66 37 3 18 31 34 38 73 81 90 79 12 60
28: 52 76 8 27 85 4 54 36 96 9 44 5 6 45 42 91 88 46 94 67 30 49 90 89 41 29 23 48 38 35 43 68 39 7 11
29: 18 28 93 38 33 6 27 60 69 57 2 66 72 67 52 4 61 91 81 53 79 46 62 1 90 26 32 45 41 65 40 73 83 92 51 77 43 70 9 44 22 36 17 85 68 58 35 97 19 21 88 3 48 31 13 59 23 74 11 71 7 47 64 55 94 39 5 42 54 8 84 10 34 20 89 75 100 12 29 80 15 63 24 96 76 30 49 99 25 82 37 50 56 87 86 16
30: 73 5 47 34 49 62 13 74 50 39 51 70 66 10 33 85 45 23 68 41 16 67 98 95 54 7 42 22 21 4 65 94 83 82 14 53 35 57 27 72 36 100 87 59 75 43 48 90 11 2 91 84 17 89 76 26
31: 3 53 80 2 93 94 20 84 1 90 66 41 11 78 33 16 68 65 28 76 62 42 57 8 31 87 23 61 10 98 74 92 21 46 45 25 35 14 48 58 70 29 38 91 24 49
32: 3 13 41 32 30 31 53 58 83 14 82 51 84 96 63 16 70 11 81 65 1 15 43 34 48 23 78 91 19 40 5 76 28 29 46 26 57 38 18 20 36 89 71 52 98 80 37 62 22 25 54 97 75 90 7 12
33: 75 30 65 10 66 1 42 79 25 73 98 63 22 3 34 72 40 95 76 78 5 19 47 87 20 99 43 92 4 44 14 17 49 58 67 2
34: 61 53 74 91 75 12 33 22 58 94 55 5 82 27 31 9 40 64 56 83 1 10 47 93 79 87 89 38 95 68 24 86 14 76 72 97 77 6 7 98 48 100 3 63 70 28 81 25 52 78 62 90 49 67 59 60 26 44 73 80 69 23 41
35: 63 50 9 26 48 87 29 66 61 99 18 65 42 72 81 60 6 71 14 40
36: 75 51 20 53 45 14 84 38 100 88 72 58 59 78 86 79 80 47 97 10 19 62 32 40 50 49 16 83 65 23 98 28 9 99 2 85 48 1 25 55 46 64 5 93 94 17 12 31 39 42 70 34 6 13 30 27 54 44 91 87 36 76 11 26 21 63 95 66 69 74 68 7 41 73 81 37 96 4 92 71 43 8 61 60 90 35 82 29 18 24 77 57 52 67 89 15 22 3 56
37: 4 22 80 81 83 29 59 3 53 44 71 72 48 28 26 88 95 79 45 37 1 2 25 60 78 100 10 27 8 13 19 17 30 91
38: 26 45 36 58 27 24 76 100 79 57 71 43 15 65 11 59 12 98 7 81 53 21 25 44 75 8 88 61 38 29 92 96 48 97 47 82 10 13 19 39 68 51 55 56 52 86 1 46 83 40 87 5 18 67 37 84 32 9 90
39: 13 94 87 33 11 34 22 83 5 40 85 53 1 21 64 54 17 90 20 26 49 75 69 31 86 71 62 60 27 56 81 59 48 4 58 2 76 88 89 78 63 9 80
40: 62 32 64 25 31 67 5 88 36 81 23 19 54 47 29 44 26 98 9 15 86 57 6 1
41: 62 13 50 16 88 49 89 2 69 23 100 7 57 99 78 12 21 54 86 45 96 53 63 95 61 72 25 92 79 8 67 30 22 10 90 82 26 59 6 70 11 46 42 84 74 15 77 40 43 48 60 5 31
42: 36 39 46 55 76 22 9 41 6 5 43 74 98 25 75 94 99 35 51 91 31 7 63 68 13 15 83 47 24 32 60 62 45 33 61 80 4 92 10 69 70 78 12 37 79 48 88 40 84 27 8 17 28 49 20 3 86 44 18 23 90 42 59 38 64 19 16 14 1 26 21 52 71 82 81 77 34
43: 91 68 75 60 100 31 76 38 46 73 6 50
44: 55 13 39 68 6 56 89 36 37 9 46 7 84 69 83 92 53 60 79 32 28 18 82 42 22 4 19 31 35 25 47 2 71 1 65 16 80 52 34 70 62 15 98 73 57 78 54 30 72 3 40 77 41
45: 8 81 86 80 49 56 96 30 97 71 60 78 66 20 17 47 69 58 84 27 39 32 13 61 57 93 36 98 28 67 2 55 91 16 52 14 7 53 31 82 68 65 63 87 12 19 45 9
46: 51 10 82 36 90 70 43 39 72 95 34 60 14 2 13 59 49 89 3 98 35 24 4 74 21 1 85 47 45 42 53 25 99 48 20 96 100 83 91 31 57 87 64 37 52 9 75 33 50 94 92 71 19 46 18 29 66 27 86 81 69 78 55 8 38 88 62 67 65 22 54 17 73 23 30
47: 58 83 12 76 14 66 3 78 34 73 84 32 35 17 81 37 31 67 49 93 72 28
48: 71 53 64 57 60 1 69 30 74 25 97 42 54 94 44 12 86 38 75 20 24
49: 41 77 51 47 32 91 45 69 36 31 88 3 96 83 21 42 100 78 23 56 19 13 26 60 17 7 40 76 92 48 63 61
50: 76 20 8 39 90 3 47 95 9 82 72 35 5 67 88 98 87 33 59 31 22 1 24 19 74 93 15 51 48 71 91 40 58
51: 93 19 6 5 90 3 8 83 62 29 99 15 89 54 63 38 100 61 51 12 74 7 36 41 82 10 72 9 27 60 26 96 24 84 25 20 22 76 23 98 80 77 55 75 13 52 1 16 50 28 56 49 47 86 58 70 43 94 42 4 57 85 97 45 35 87 32 18 14 64 39 17 2 67 31 33 44 48 65 66 46 37 79 92 21 68 30 95 40 69 34 73 53 11 71 59 81 88 91 78
52: 20 97 68 95 63 40 79 81 23
53: 14 24 89 51 46 10 33 97 78 11 96 29 59 20 68 98 13 60
54: 54 84 56 19 21 59 1 28 53 99 66 96 51 67 34 15 43 9 63 62 55 14 86 8 92 70 27 40 48 81 38 11 61 30 29 83 65 79 57 25 45 42 6 93 2 94 87 69 24 20 26 16 73 58 60 95 41 97 100 90 74 10 12 35 3 47 88 44 31 18 52 4 17 85 36 50 22 89 49 68 39 71 32 13 75 98 7 5 91 72 82 33 23 46 76 37 78
55: 95 91 7 67 9 87 34 19 65 55 73 35 40 46 23 43 2 81 58 38 86 71 30 60 24 17 28 97 1 39 21 96 16 10 54 37 25 22 33 70 76 94 88 66 75 93 5 26 47 92 59 78 98 20 44 69 68 82 90 83 77 89 62
56: 81 63 22 1 25 76 11 82 55 85 28 100 69 50 21 65 32 80 83 12 64 37 68 2 42 51 44 96 45 31 7 91 39 56 70 5 34 72 60 17 30 98 8 33 36 74 16 93 95 38 94 40 79 88 97 58 19 26 41 20 48 99 62 84 23 49 90 52 43 35 9 71 47 57 53 59 61 27 86 24 89 73 13 87 18
57: 54 6 9 59 61 35 70 75
58: 51 93 73 43 63 22 52 97 5 25 53 71 35 69 18 28 89 7 39 75 38 62 58 54 82 31 77 79 61 17 6 2 56 81 88 33 66 30 70 24 87 9 3 40 42 49 45 4 95 20 27 50 12 84 47 15 94 98 91 11 67 86 57 99 14 16 34 37 48 60 65 1 10 80 72 44 32 26 96 36 76 55 23 100 8 74 85 13 64 83 78 19 41 90 21 46 59 29
59: 24 53 49 81 82 7 41 57 36 74 17 97 64 58 28 84 21 40 63 60 31 46 83 85
60: 2 22 83 51 44 50 32 53 60
61: 87 29 3 41 1 26 73 69 31 80 27 84
62: 62 89 67 3 84 47 85 36 92 98 19 16 35 13 10 70 59 81 44 71 88 83 73 4 1 17 78 91 6 93 38 25 56 42 39 22 96 90 12 15 79 54 69 11 86 60 77 28 57 49 18 26 8 14 7 9 52 72 63 23 27 31 68 76 82
63: 10 59 61 24 98 12 68 81 37 85 23 49 6 20 77 52 94 1 92
64: 8 15 34 56 46 99 39 60 63 5 65 40 67 58 44 83 53 76 62 11 75 74 96 66 9 70 21 85 94 22 78 26 4 42 100 95 64
65: 58 84 39 64 61 85 22 55 45 56 5 95 76 33 83 90 13 31
66: 74 40 67 33 41 73 1 52 80 91 54 31 95 20 26 94 82 71 75 2 96 97 6 78 16 32 53 77 44 45 93 81 27 42 13 83 5 50 25 64 100 57 59 14 61 3 37 92 9 87 35 76 79 66 36 10 19 30 72 58 51 15 84 7 88 60 38 98 89 49 99 43 70 4 21 34 65 90 46 17 86 68 63 39 12 62 55 47 85 24 11 29 56 69 28 23 22 8 18
67: 43 61 29 65
68: 5 75 68 13 69 85 29 57 18 27 100 97 28 17 45 39 62 84 31 86 59 58 46 3 25 8 77 38 52 89 4 53 73 35 19 26 10 82 48 61 92 60 43
69: 39 34 86 64 41 100 5 58 56 79 77 33 93 11 67 70 68 27 36 44 18 85 16 73 32 20 59 14 3 91 25 83 55 7 19 72 90 98 43 74 84 47 49 96 8 21 99 29 13 28 69 80 88 87 54 95 46 78 53 26
70: 79 64 19 68 55
71: 1 41 30 62 39 19 40 18 53 10 92 44 85 59 80 25 98 68 67 42 52 94 88 56 34 43 100 95 2 74 17 75 77 70 83 86 45 37 60 35 27 93 84 15 91 78 65 22 61 69 57 48 76 73 63 50 33 71 16 24 5
72: 19 30 27 85 76 65 70 37 68 83 20 87 23 9 22 33 31 55 63 72 62 47 48 82 45 43 67 46 39 5 89 15 81 12 44 21 42 51 54 32 41 56 66 69 38 92 84 11 86 77 35 10 52 79 59 61 100 97 99 90 78 53 57 75 17 16 50 4 74 96 18 49 95 60 36 98 8 93 24 7 1 13 58 28 2 3 80 6 71 34 73 40 29 64 25 14 88 26
73: 35 33 80 42 22 70 98 55 32 50 30 12 82 95 73 37 71 9 4 60 13 48 6 65 11 15 83 39 3 14 84 28 31 92 29 63 59 58 1 72 23 19 17 24 26 8 27 87 46 21 78 40 10 49 96 76 90 53 85 57 36 20 61 66 56 75 86 74 100 99 69 2 5 64 91 44 97 81 62 18 52
74: 61 21 49 90 68 72 73 96 4 57 35 51 38 37 93 19 10 7 17 3 13 85 71 25 14 45 59 15 55 64 34 98 52 29 56 9 70 100 86 79 18 76 6 66 24 81 2 43 12 75 20 63 54 1 48 62 30 26 88 65 89 39 78 60 28 77 44 67 53 87 82 22 46 36 32 95 50 40 92 23 41 94 97 5 91
75: 8 38 73 74 32 24 87 79 10 23 17 46 47 39 11 12 29 52 92 70 62 68 71 22 75 44 53 86 41 80 14 56 45 61 67 48 72 54 15 94 37 16 69 19 21 60 91 96 49 82 90 63 89 5 25 26 55 33 13 84
76: 96 85 80 39 6 36 64 95 90 1 24 75 19 12 34 33 20 41 84 47
77: 3 91 34 66 86 94 75 38 85 95 54 13 17 53 39 73 76 83 18 59 23 96 43 69 77 87 10 74 36 2 48 41 7 97 98 70 8 9 62 60 44
78: 1 5 70 57 14 76 89 29 99 59 96 38 58 16 50 91 40 49 42 55 94 84 3 78 4 23 61 73 90 65 48 69 6 13 77 54 45 93 85 32 100 56 9 46 53 34 20 72 33 83 31 17 26 35 98 81 43 27 15 82 41 30 51 36 19 63 7 75 52 88 37 28 25 87 66
79: 31 50 74 100 73 36 95 71 10 4 8 12 60 41 16 53 57 45 84 75 65 79 11 72 21 88 54 14 94 55 20 2 59 61 26 47 6 51 64 49 7 28 76 46 97 3 56 25 1 68 81 99 91 15 63 67 62 27 85 13 83 96 23 52 29 39 40 22 78 44 17 35 33 70 80 90 37 93 34 18 48 86 19 32 69 89 58 92 30 87 24 42 9 38 5 66 43 98
80: 37 43 25 36
81: 91 73 14 45 29 88 54 49 2 63 56 31 34 61 74 48 60 59 25 43 81 86 40 11 13 76 18 8 78 67 97 35 16 51 52 12 37 41 93 50 46 70 92 38 23 7 5 44 32 69 10 24 82 87 30 58 28 95 72 62 90 100 53 79 17 99 33 65 96 94 21 66
82: 42 71 73 74 48 80 82 17 92 64 3 59 100 4 87 31 1 16 34 93 12 36 76 21 7 66 86 26 44 39 65 9
83: 9 72 15 22 13 98 20 59 53 90 29 68 66 78 33 18 35 51
84: 81 100 60 6 86 69 13 64 91 46 40 30 52 54 75 4
85: 22 10 62 97 50 8 56
86: 36 81 34 98 44 65 19 54 70 78 22 89 63 91 23 1 2 41 69 39 67 74 26 9 90 10 77 82 43 47 85 84 20 55 96 15 62 93 29 25 60 51 40 57 97 86 31 28 95 46 3 12 24 45 49 100 11 48 30 16 92 88 50 73 17 18
87: 99 64 82 62 5 55 97 2 47 95 45 6 54 31 20 75 22 65 1 69 25 32 38 98 52 8 39 58 15 40 83 90 29 70 63 73 100 27 53 51 92 57 93 80 11 71 3 37 89 72 34 61 56 17 12 91 7
88: 84 71 2 74 39 24 82 50 67 29 31 11 19 42 52 72 38 47 26 44 17 48 78 73 90 77 76 32 51 41
89: 3 97 47 30 28 17 22 55 65 56 43 63 46 89 100 91 83 35 41 67 81 14 90 84 5 50 93 40 80 27 11 74 78 61 38 37 25 36 53 99 52 6 57 54 66 88 59 95 2 9
90: 51 77 62 22
91: 55 64 79 35 24 9 94 23 29 96 53 33 18 76 27 34 95 41 88 89 39 60 26 70 25 65 57 5 36 81 98 22 42 30 38 82 6 93 86 58 47 17 71 72 44 51 78 46 74 91 67 7 56 49 32 37 63 8 21 69 90 75 66 2 83 92 68 12 28 50 62 73
92: 82 67 81 33 24 30 58 83 87 94 1 90 13 62 76 100 59 47 22 93 48
93: 10 83 38
94: 6 31 28 77 12 2 26 37 22 88 56 44 75 57 32 78 39 71 51 84 87 8 48 52 54 16 9 38 64 59 27 62 97 36 99 23 17 19 40 85 60 63 53 55 45 58 66 25 86 96 15 79 7 18 4 61 93 41 65 83 89 72 11 67 3 29 73
95: 61 87 95 16 37 22 36 78 93 15 12 41 17 47 55 33 76 54 97 49 20 58 24 90 60 79 62 45 14
96: 89 31 42 25 8 87 52 67 33 61 11 53 60 82 88 10 38 36 24 81 51 18 86 62 100 46 2 83 64 29 27 55 9 95 48 74 85 56 32 63 39 54 73 22 4 58 35 59 41 28 44 94 3 90 17 80 79 37 15 92 5 14 23 49 7 77 97 96 72 78 91 66 45 20 84 30 71 93 12 6 40 1
97: 84 72 56 4 11 17 51 34 33 2 57 76 1 36 39 25 82 74 54 93 70 37 94 10 23 38 80 98 8 7 90 83 29 69 48 5 86 12 14
98: 3 76 92 34 73 15 39 87 68 14
99: 90 23 36 68 12 37 87 49 34 15 60 92 75 76 35 64 69 27 17 66 62 8 77 83 85 18 39 38 6 5 28 2 41 57 21 95 89 7 16 82 59 44 80 29 61 52 88 96
100: 33 97 58 17 12 18 68 89 42 44 72 3 5 79 66 95 37 86 90 69 57 98 21 93 62 88 39 56 73 32 59 75 99 48 91 49 10 14 64 8 27 70 63 71 100 34 94 96 1 50 67 85 41 81 52 26 35 20 36 28 46 31 4 25 2 6 74 30 51 55 60 78 83
1: (97 66) (40 13) (76 34 31 8 19) (96 54 100 92) 2 (29 48 42) (63 78) (39 46) (1 61) (74 50) (58 87 55) (82 36) (56 71 79) (5 37) 73 44 72 (32 33 62 51 38) (86 17)
2: (29 37 54) (89 58) 87 (77 55 10) (71 100) 73 (86 56) (26 46 66) (5 27 81) (20 72) (94 19) (97 79 41) 74 (31 33 13) 91 (96 60) 88 (39 4) (24 45) (36 51 44) (99 30)
3: (29 31) (72 16) (58 14) (78 47) 69 77 (100 4 89) (62 96 79) (50 42) (74 33) (73 86) (27 13 1 54) (94 49) (66 61) 23 (98 36) (68 22) 34 32 (46 51 44 87 37) (20 5) 15 25 82
4: 82 100 96 (4 10) (46 33 42 84) (28 94) 72 62 (30 36 54) 13 (78 11 74 51 1 68) 44 (58 15) (64 24 66 37 97 79 73 39 29)
5: (96 73) (65 75) (55 89 79 72) (36 10 14 69) (34 7) (56 32 39 81 99) 51 9 8 40 (30 66 68) 38 42 (4 13) 19 (74 71 58 50 64 54 29 100 41) (28 78) (17 87 33) (91 97) 24
6: 62 74 (100 29 4 28) (58 63 36) (87 79 72) 35 (41 13) (99 96 51 73) 44 8 (94 42 22) (78 84) 10 66 (40 76 91 43 89) 24 26 (15 1) 34 57 54
7: 94 (77 96 41 20) 13 30 49 66 (38 36) (69 91 79) 56 (72 8 32) 62 (34 10 4 2) (45 22) (74 28 82) (81 54 26) 55 (99 44 78) 29 87 97 (25 51) (15 59) (58 5) 42
8: (97 73) 38 (51 8) (96 91 25) (56 16 46 13 72 69) (14 9 41 79) 50 94 (42 100) (29 45) 81 62 75 (64 85) 54 (58 24) (37 31) 66 (28 36) (87 99 68) 19 77 10
9: (96 17) 51 36 13 57 89 45 (4 38 46) 55 (72 66 29) 74 (42 64) 91 (77 83 79) (8 10 9) 26 (40 58 78) 82 (94 25 39 35 50 14 54) 86 2 (34 21) 24 (44 62 56) 28 12 73
10: (41 5 17) 72 (54 55 16) (53 10 30 9 1) (51 100) 71 (22 81 85 33 74) 34 (36 58) 42 68 (8 46 38) (31 73 37) 20 (2 14 86 25 79 96) (24 75) (29 93 66 97 62 77 63)
11: (32 13 56 89) 94 2 36 (26 8 62 53 79) (38 66 24 10 72) (12 25 39) (88 64 17 51) 5 (30 97 73) (69 31 75) 86 (81 29) 87 54 22 (28 41) 58 96
12: (81 26 79) 94 (8 99 42 48 72 24) (95 51 13) 75 87 76 (86 17 62) 5 (97 34) (4 22 10 91 27 58) (41 32 36 14) 82 (74 96) (38 47 25 73) (100 45) 56 (66 63) 54 29
13: (72 39) 9 (83 32 38) 58 (51 81) (44 36 15 84) (78 56 29 68) 69 (41 46) (66 62 19 77 17) 54 45 (42 26) 22 79 30 (37 24 10 73 65) (53 49 74 13 75 92)
14: 62 (30 13 4) 81 89 (96 10) 33 46 (98 42 35 47 12) (74 31) (72 53 66) (75 17) (26 78) 100 (73 54 58 32) (79 69 36 97 34 1) 45 (8 15 51 95)
15: (75 29 95) 26 (22 42) 13 (87 86 66) 74 (58 96 72 94 98 4 38 27 71 62) (83 54 44 79) (73 51) (32 64 15) 36 (1 99) (78 40 41 50)
16: 30 (17 72 29 22) 58 41 (54 66 1) (99 56 42 71) (26 7 31) 36 (79 14) 20 (13 10) 94 45 24 86 (69 32 25) (62 82 81 44 51) 95 16 (12 78 75 8 55)
17: 91 20 (81 36 71 42 77 5 78) (39 66 75 89) (33 86) (13 96) (54 87 68) (82 26) (73 58 56 12 2 46) 51 (59 49 99 74 95 72) (30 45 16) (55 62) 29 (94 47 14) (79 100 88 97) (8 37)
18: 35 (100 74 79 69 25) 77 (54 99 94 23 83 32) 71 (73 81 10 66 46 62 14) 56 27 (36 91) (44 58 96 13 38) (17 42) (86 26) 4 (29 6) (72 1 68) (51 24 8)
19: (49 25) 40 69 72 (14 70) 9 (58 27 46 2 38 13) (5 51) (88 44 79 32 76) (17 54) (29 78 66 37) 74 68 (16 15 86 33 73) (62 71 36) (42 94) (45 4) (12 22 10) 75 (50 56) 24 55
20: (56 2 42 52) 48 (45 4 13 39) 86 (26 29 31) 32 (74 10 16) (46 20 87 78 54) 50 (51 69) (72 33) (66 63 8) (73 95 58 53 36 76 1) (79 96) 100 83 55
21: 56 (15 100 74 58 7) (39 10 38 41 73 54) (81 64 51 16) (49 46 21) (66 42 72) 29 59 (99 24 30) (31 91 4) (25 5) (12 82) (79 69) 36 (75 26) (55 13) 9 (20 2)
22: (34 42) (9 91 66 75 21) (85 92 87) (4 24 90) (95 17 8) (50 62 71 16 44) 54 (83 55 36) (37 12 2 72) 29 (65 33) (46 25 51 10 18) 39 (74 56) (32 64 41 86) 89 (30 73) (96 94 13 60) (79 58)
23: (42 30 91 72 8) (22 4) (73 29 34 62) 99 (40 58) (28 52) 66 (31 96) (81 19) (51 86 97 75 10) 63 (54 24) 94 78 (79 21) (13 6 56 9 55 14 74) (41 46) (77 32 49) 36
24: 3 (92 81 10) 50 56 2 34 16 9 73 55 (42 54) 72 (59 17) 58 31 (46 75 18) (96 91 86 95 76) (48 14) 36 8 (63 51 74 38 29 24 26) (71 79 88 66) 53 (1 13 19)
25: (89 1 23) (46 54 16 36 69 56 32 94) (34 25 17 68 75 41) (62 8) 10 (40 79) (51 26 87 29 37 78) 80 (2 38 71 100 72 58 74 33 96) 81 (24 66 86 42 31 48 13 91) 97 (44 55)
26: (55 69) (61 10 58) 54 19 66 35 (39 75 78 49 94 38) 9 (26 16) 62 17 (21 4 86) (37 41) (42 30) 32 (51 68 23 73) (13 24) (100 36 29 88 82) 56 (91 72) 74 (64 34 40) 79
27: (45 58 94) (6 51) 69 13 28 (9 10 68) 38 37 (78 25 71) 27 (79 100) (87 2) 72 73 (61 36 34) 54 15 (62 29 56 39 30) (89 99 26) 17 (66 96 12) 21 (24 42 5) (91 46)
28: 72 73 (58 36 55) 44 45 (7 47 59 34 32 78) (23 29 20 96 79) (81 56 13) 1 99 (69 62 68 15 37 8 66 91 100) (24 54) (31 10 94) 51 (19 26) (42 86 74) 89
29: 75 (7 40 36 12 88 38 61 74) (21 78 22) 66 (83 86 16) (28 72) 87 (58 68 35 67 69 79 73 37) (99 24) (17 9) (32 96 53 31 5 51 29 97 3 54 8 94) (19 91 46 13 4) (26 10 81)
30: 54 (73 37) 10 (33 91 28 29 17) (46 51 84 4 22 78) 100 71 55 (32 13) 56 (92 36) (86 14 66 1) (81 45) (96 48 15 58) (41 89) (44 12) (79 74) (72 26)
31: 19 (88 24) (66 87 25 62 51) (17 31 100) 47 49 (59 96 82) (81 50) (32 12 68) (5 43 39 41) (45 34 8 9 79 42 94) 56 (44 54 4) 6 16 40 72 13 (1 10 58 78) (46 86 3 27) (61 36 29) (73 65)
32: (1 27 3 88) (49 60) 19 (14 32 100) 47 (54 38 42 26 10) (58 40 56 91 73) 96 (24 79 72 78) 75 69 (13 74) 44 (94 45 4) 5 81 87 29 51 (66 36)
33: (51 13) (73 83 14 56) (46 55) 53 (8 91 66) (2 1) 78 (31 34 69) 65 (30 72) 29 (71 39) (95 20 50 81 24 75 10 92 100) (97 76) (58 54 9 42) (96 79) 16
34: (29 77 39) 64 (46 71) (11 81 42 86) 56 (99 51 36) (44 76 54 30 55 82 22 74 97 13 100) (24 58 16 69 91) 87 79 (33 32) 27 (17 78) (8 72) 10 (98 5) (66 47)
35: 10 73 (31 89 96 100 74 9 13 66) (5 4 56) (55 68) (54 36 72) (46 25) 47 (99 83) (58 57 79 51 30) (71 44) (81 91) (62 26 1 29 78 17) 8 (28 42) 50
36: 96 (86 1 99) 82 19 73 29 89 (40 80 23 36 10 44) (97 28) (56 100 9 72 45 30 42) (91 95 59) 32 46 (74 49 78 51) (94 38 54) (17 24) 66 76 69 22 (79 58) 77 (62 3) 8 14 13
37: 97 24 (25 44) 19 (38 74) (87 80 22) 81 (55 99) (58 32) 96 8 (95 78) (72 54) 100 (91 94 42) (26 79) (9 13 56 36) (46 71) 16 89 (29 73 66 27) 37 (17 63 51 75 47 10)
38: 12 (13 72 32) (24 55 9) (54 15 77 81 94) (66 18 43 22) (87 56 48 42) 21 78 91 (68 38) (46 96 5) (19 62 23) 58 10 (29 31) (88 14) (28 97) (36 1) (75 89) (74 79 26 99 93 27 51) 34
39: 29 55 (14 96) 62 (45 97) (36 68 71 44) 74 9 87 (17 11) 8 64 (75 5 79 13) 56 (28 54 46 77) (26 4) 50 (86 66) (30 94 69) 24 99 (51 65 100) (10 3 76 91 82 88 58) (16 98 72 73) (38 42)
40: 74 51 (8 73 49 41 26 35) 50 (89 52) (58 94 54 84 32 21) (66 14 33) 44 2 (34 1) 38 (56 81) (78 11 64 4 96) (42 72) (71 86 59 29) (79 13) 27 36 (87 39 55)
41: (94 44) (86 59) (22 17 79 78 25) 34 24 88 31 29 8 36 (28 75 13) 99 (54 89) (100 51 91) 42 (69 96 61) 32 (56 30 71 77) (12 49 81 74) 76 (5 58) (66 95) 72
42: (9 82 36 4 24 42) (51 91 13 10 31) 8 12 100 17 11 29 (88 64 46 33 54 49 30) 19 56 (2 66 26 28 14) 71 44 (48 62) (79 78) (72 1 73 35 41) (58 96)
43: 54 (10 67) (33 56 69 17) (29 58 80) 5 30 79 (2 8 86 24 72 55) 25 (28 66 13) (51 6) 32 46 (3 81 21 42 77) (89 36 41 68 74 38 78 71)
44: 13 (38 75) (56 73) (16 64 25 10 29 94 99 62) (82 8 74 17 37 86 96 88 48 69 81 51 79) (58 24 28 36 42) (60 11) (2 33 77) (23 66) (34 1) 72 (91 54 100 71) 14 (55 40)
45: 94 (21 87) (54 66 28 78) (46 81 24) 68 (86 4) (56 25 58 16 71) (38 41) 11 (13 95) 79 (3 65) (19 49 75) (45 74 29 72 51 30 31) 17 42 37 (96 10 36)
46: 91 (11 44 24 74 38 81 89 51 72 58 64 1) 31 (14 29 59 41) 78 (86 32) (42 43) (28 54 75 79 36 84) 9 100 69 (53 68 13) (25 73 55 17 22) (96 16 66 46 10)
47: (34 49 66) (76 44) (88 29) 51 (36 19 56) 10 (30 22 50 62) (79 2 87) (42 17 91 92) (46 95) (72 16 69 55 8 26) (89 54 86 58 40 75) (13 14 33 1 5) 45 38
48: (26 96 37 50 32) (97 88 1 22) 36 (49 94 28 12 17 10 73 5 13) 81 77 (74 82) (38 92) (15 23) (51 35) 39 (78 71 86 75 31) 42 (100 54) (56 34) 41 (72 30 58 29) (79 68 14) 2 46
49: 31 (99 54) 29 (30 26 75 91 100 73 66 86 47 5) 72 39 (78 46 81 58 33) (28 17 63 16 36 45 9 69 59) 74 (41 96 34) (79 12 13) (19 62 42 95 56 10 51)
50: 74 66 (8 78) 60 (30 26 91 24 35 19 54 46 79 41 85 9) (4 12 22 13) (36 88 43 81) 72 25 (86 100) (56 10) 16 51 (73 29 71 89 15 58)
51: (66 1) (42 81) 10 (86 74 96 58 83) (2 25) (46 38) (54 5 100) 94 (72 87 49 24 79) 36 (29 22 78) (97 91) (90 9 60 51) 6 53 (88 32 30) 56 50
52: (74 45 34) 94 71 (73 79 26 66 88) (89 5 13 46) (36 25) (100 32) 68 (96 75) 15 (84 51 56 7) 19 28 (16 99 72 62 54 58 29 87 17) (81 8 63) (44 38 42 78)
53: (78 64 19 48 73 81) (71 51) 66 29 77 59 (44 38) 91 (45 60) (32 94 68 56) (96 72) (36 7) 41 30 (26 13 34 39 16 46 20 74) (12 75 8) (25 14 89 87 31 58) (69 54 83) (37 79)
54: (39 32) (72 28 58 55) 10 (69 78 3 22 4 36 40 29 16 8 95) 75 (13 77) (54 19 23 74 2 5 87 79 96) 46 66 (81 30) (94 89 84 51 41 44 9) (25 57 97 86 62 48)
55: 24 (91 100 65) (95 54 10) (20 89 51) 36 (26 69 25 55) 29 (72 16 86 74 94) 58 (17 75 56 13 87 4 44 79 38 42) (70 34) 45 (78 66 73) (46 96)
56: (27 96 22) (25 56) (73 87) 39 21 (1 23 69) (85 9) (24 97) 66 (4 74 10 54) (65 81) 45 (5 34 94) 75 (8 13) (17 29) (38 79 71 51 12 7 36) 19 (89 15 62 72) (100 78 91) (58 64 44) 49
57: (14 99 51 1) (46 79) (29 44 89 54 16 12 10) (25 31 86 32 68) (36 48 59) (4 66) (40 45) 26 58 41 (17 72) (94 78 24) (73 62) (8 56 97 87 38) 30 91 (74 100 71 9)
58: (64 81) 73 47 (100 24) 1 95 (45 25) (91 55 31) (54 2 32) (58 36 59) 92 72 5 (33 26 94) (79 65 69) (39 29 4 19 51) 87 (56 96) 16 (14 34) (13 50) 17 (78 7) (66 68) 38
59: (57 38) 42 89 (13 77 34) (56 22 81 30 8) (17 24 74) (73 51 11) (72 100 27) (58 36 71) (1 46 4 79 63) 37 (82 50 68 53 54 5) (26 83) (78 39 94) (25 9) 62 (96 99 41 66 29 92 69 55 19)
60: 60 24 (48 44) (46 62) (37 56 53 1) (42 10 41 99) (59 51) (27 22 20 71 66) (64 34) (25 8 100) (95 58) (74 81) 91 (49 75) 13 (86 55 35) 45 (79 94) (96 77) (72 26 73 84) (54 39 29 23) 68 (36 43)
61: 11 34 (94 79) (24 29 99) 74 (56 78) (15 57 20 45 68 35 96) 1 (87 89 54 38 65) (75 7 73) (13 63 51) (67 17 26) (58 72 81 66) (71 36) (31 14 95 49 41) 42
62: 30 73 (92 44 81 62 41 99) 13 14 66 (96 72) (26 58 95) 85 32 (34 31 46 74) 56 (90 79 77) 9 21 (51 54 2 91) 17 (86 68 42 87 75 40 36 55 24 64 10) (39 94) 100 29 71
63: 62 39 49 (19 78) 36 (17 26 73) 41 (6 42) 4 (32 51) 56 59 (34 35) (52 10) 89 (75 45 87 21 64 54 71 86 94) (96 25 72 81) 58 (1 91) 29 79 33 (66 74 24 100)
64: (91 94) (79 42 72 73) 9 51 (59 82 66) (5 99 69) 46 1 (74 70 36 26 65 4) (96 87) 100 (39 84 8 76 19 64 34) (56 10) (25 58) 40 13 22 (48 29)
65: (64 29) 17 (44 2) (89 25 71 55 16 9 35 86 66) 30 (1 24 13) (33 46) (79 26 67 12) 78 (72 36 19 31 14 32) 38 (81 73 74) (51 54 87 94) 58 82 91 (5 56) 10 45
66: (79 78 64 91) (55 66) 77 30 (1 89 58 13 72 47) 54 (17 23 36 82 96 46 20) (5 33 7) 51 (8 83 31) (35 81 99) (74 94 10 29) 73 14 (45 27) (100 19)
67: (64 10 72 55) (89 71) 81 (40 4 2 41 1 46 79) 47 (88 13) (51 94) 19 58 (33 92 24 45 29 8) (54 91 5) 28 16 (23 34 74) 69 (96 14) 86 (36 75 50) 30 (26 100 38) (66 62)
68: 8 (91 74) 55 (63 44 9 72 45) 62 31 (34 75) 26 52 (98 13 83) (29 69 10 100) 71 (79 99 28) 25 (56 24 43 68) (51 54 70) 42 38 (30 66 17) (36 16 15 53) 20 4
69: (36 26) 84 81 79 4 (29 1 10) 100 (49 87 2 58) 45 (97 54 18) 48 (78 41 13 66) (5 16 75 77 72) (91 71 24 62 61 44 19 99) (9 68) (51 34 69) (42 86 39 3 46 56 25) 55 73
70: (74 9) 8 (71 72) 97 (10 36) 46 (66 79 69 78 64 56) (22 62 13 41 31) (32 86 91 42) 75 57 2 51 100 87 (58 34 29) (16 26 81 55) 30 54 (73 24 44 17 77 5)
71: 71 (58 17 24 54 26) 19 45 4 (39 32) (62 82) (38 55 11) (56 79 20) (22 51 35) (96 36) (88 44 50) (42 73) (91 13 5) (94 87) (37 74) (29 16 14 75 21 46) 66 48 9 (100 72)
72: (34 69) (13 44) 87 (73 74 72) 33 (100 24) (94 26 97 56 12 10) 3 (83 46 54) (41 4) (30 29 62) (79 18 50 81) 78 (51 5 96) (88 91 75 47 35) (66 37 36 58)
73: (87 17) (34 69) 27 (66 77) 44 (91 8 46 24) 58 36 79 (61 51 55) (33 94) 88 30 (82 81 54 29) (10 13 2) 71 (73 62) (26 72) (98 43) (56 86 100) (4 3) (74 47 19 7 75 68) (78 96) 14
74: (48 77 91 100 64 72 89) 86 (46 31 75 26 30 54 69 41) (24 71) 66 23 (88 96) (34 56 82 10) (29 3) 16 (59 8 13 50) 79 (25 36 1) 42 (58 81 51 97) (14 73)
75: (57 25) (71 91) (72 68) (20 66 55 100 84) 26 (33 79) (7 2 24) 51 (39 30) (58 78) (76 73) (64 87) 34 (38 8 54 13) 29 43 42 (36 46) (77 94 16 17 48 3 74 32 75 99)
76: 77 47 23 (71 66) 13 16 49 (38 65) (55 73 29 51) (33 24) (82 30) (39 62) 81 91 22 98 (56 5 31 97) (17 28 6 34 26) 58 (54 88) 74 95 (50 36 32) (72 64 99 10 92 79 43 42) 78
77: 78 (25 94) 77 (17 74) (72 62 29) (96 99 58 42 51) 68 63 (55 3 88) (34 20 10 49 66 44) (36 69) 41 86 16 (71 12) (13 24 90) 5 19
78: 79 (49 94) (31 46 42 100 64) (16 62 71 36 24 51 53 55) (54 66 88) 13 (19 4) 73 39 (69 32) (41 6 37) (78 58 83 96) 47 (7 14 72) (89 91) (81 34 74 44) (95 86 26 33 9 45)
79: 70 58 51 75 (3 5 16) (74 34) (29 12 69) (79 52 81 26) (38 96) 22 44 95 (41 37 72 17) 91 (100 54 33 42) (13 36 11) 66 (25 62) 10 (94 27) (4 56)
80: 26 10 44 (72 45 75 32 73 87) (66 99 82 37) 13 97 (89 96) (51 22 4 58 56 36) 34 42 (71 29 19 79 76 69 39 61 16) 31
81: (25 52) (37 51 47) 35 (45 81 73) 12 24 (22 29) 32 (1 27 55 46) (92 2 78 63) (42 56 72 4) (19 6 79 40 14 58 62 54) (91 8 21 74 34 10 84) (36 17 39) (59 100 66 96) (38 86) (13 89 26)
82: 44 (34 36 68 81 55 24 99 88 14 62 66 32 29 75 9) (5 74 25) 96 1 (91 51 19 87 86 54 56 13) (16 12 78 92) (26 59) (50 97 58 82) (72 45) 38 (73 42 10 41 30 46)
83: 93 (24 91) (46 30) 29 22 (69 44) 51 (100 94 92 55 73) 25 96 (99 38) (32 13) 62 64 (14 1 42 77) (59 60) (49 97) 54 36 71 34 79 (72 66 89) (58 47 4 2 87 37) (56 65) 16 (39 78)
84: (9 56 42 1) (31 73) 24 11 72 86 (10 65 41 26) (62 36) 44 (75 38) (32 51) 13 (30 59 29 17 71 54 79 61 97 45) 76 22 94 (58 89) (96 88) 69 68 47 (78 4 66) 14
85: 21 65 (23 29 28 71 19 30) 63 (36 5 9 100 77 68 14 96 15) 59 3 (1 58) 76 74 (94 39 79) 46 (78 69 62) (73 72 54 13) (66 64 16 86) 56 99 51 17
86: 41 73 (34 29 38) 77 96 (45 75 26) 100 (94 10 68 69 91) 86 (62 54 24 13 42) (71 81 58) 16 48 46 (5 25) 55 (66 36) (40 9 84 17 51) (72 74 82 56 79 97 39)
87: (61 81) (17 29) (54 98 1 34 31) (45 92) (72 35) (36 20) (69 13) (38 95) (94 77) 55 (51 75) (78 33) (5 14 4) 39 (10 79 73 24 7 19) (56 58 99 50 46 12) (66 30 82) 74 96
88: 2 40 (10 91 81) (69 51 100) (58 66 62) 29 (4 56) (54 89 39) (99 49 8) 50 (86 46 37 78) 74 28 79 (41 55) 17 (36 94 96 16) 42 (14 38 71) 72
89: 94 (29 66 68 17 72 41 4 55) (99 39) 86 2 (25 5 89) 51 (22 74 58) (91 75) (62 28 44 100 26) (9 87) (8 10) (16 6 56) (54 46 1 20 36 34) (96 32) 30 15 78 (53 79) 19
90: 69 (38 97 95 17 92 91 62 75 83) (96 11) 55 (65 99 50 2 88) 73 (13 30) 56 87 3 (26 10 36 76) 46 54 34 27 81 (39 100) (66 9) (72 89 8 41 31 1 12) 86 74 21 51 79 (29 78) (58 28) (32 42)
91: (56 25 100) (50 84 55) 37 (31 75) 58 69 79 10 (62 66 96) (18 11 1) 89 49 (28 87) 51 (91 45) (17 26 29 36 34) 12 46 (86 43) 78 (42 54 20 73 71 13 32 4) (30 74) (81 77)
92: (75 87 36 54 86 66 62) (49 16) (91 44) (71 68 19 96 73 74) (82 41 7 4 99 46 26) (38 10 79) (25 17) 24 8 (81 33) 98 13 (42 20 72 55 51 63 29 31)
93: (55 82 10) (21 31 58 26) (89 51) 87 86 29 (22 94 78 96 8) (81 79 4 16 97) (24 74 72 45 34 100 92) 50 (47 91 66 54) (56 17) (69 23 13) 36 (62 95 71 9 14)
94: 71 (75 19) (58 91 23 1 11) (39 42) (51 66 77) 64 79 (30 10) (28 29 34 55 96) (46 25) (24 74 48 13 8 20 78 92 100) 97 (36 56 54) 63 2 (14 81) 22 (17 31)
95: 71 (65 55) (52 37) (8 79 13 41 46 54) (58 34 91) 81 50 73 17 (36 95 99) (72 89 4) (12 96 100) (51 10) (33 22 30) (86 9 24 1 76 16) 74 (77 66) (87 56) 69 (64 2)
96: 10 (9 100) (66 55 41 58 64 62 94 69 1 13) 72 (56 46 8 74 51) 77 (53 28 45) (79 32) (73 54 16) 78 (29 96 86) 4 (38 91 36) (75 21 99 76) (81 49)
97: (48 68) 32 (66 52 59) 87 72 (96 81 34 51 73) (11 29 58 77) 54 (9 36) 74 (56 17) (19 53 100 94 45 89) 79 (12 55 85) 13 86 (38 95) (24 5)
98: 71 63 55 (97 15 44) (30 86) 62 (46 1) (69 19) (10 26 74 45 4) 17 22 (53 66) (54 36) (87 77) 91 (5 56 79) (9 42 40 33) (2 24 31) 83 73 (78 34) 32 (51 58 50 38) (72 8 100)
99: 81 56 (46 66) 100 36 (94 42 13 10) 87 (51 78) (64 33 79 4) (54 26 16 41) 72 58 (89 8) (23 25 9) (35 73 17 29 69 24 1)
100: (30 20) 58 (43 69 86 96 87 71 37 73 26 92 54 24) (4 82 10 79 13) (68 72 51) (8 9) (66 64 46 19 49 89 36 56) (81 23 34) (78 12) (74 84) 38 41 29 100
