100 100
1: 3 55 81 18 65 44 75 80 50 11 19 1 99 12 16 98 15 48 78 93 47 76 60 68 83 10 17 53 39 100 73 26 97 4 96 29 52 86 8 95 35 51 70 58 74 6 92 59 64 94 40 72 7 43 46 62 87 22 31 69 32 49 54 89 20 84 24 30 36 5 34 82 33 77 63 2 90 41 23 67 91 85 45 61 57 13 9 79 28 21 71 27
2: 45 37 48 77 31 33 46 67 44 9 89 95 73 32 79 24 82 36 39 20 42 88 57 7 22 14 94 93 34 54 63 16 92 27 84 71 85 3 25 11 64 76 86 75 30 56 23 78 96 29 65 69 38 83 19 70 41 49 2 61 1 10 100 40 5 13 80 62 72 26 52 43 91 4 35 74 47 99 15 58 53 50 81 6 87 51 18
3: 55 9 4 72 16 44 80 45 85 10 13 24 75 59 83 87 36 51 94 49 67 6
4: 84 80 74 85 26 33 91 23 54 67 88 52 63 53 56 73 55 18 8 21 29 81 86 61 35 89 43 77 48 58 2 75 6 95 96 14 70 66 20 19 78 16 5 69 24 25 98 45 38 32 12 31 79 97 10 100 3 36 99 64 40 59 41 76 60 27 7 83 13 42 34 62 15 9 4 94 28 50 82 72 1 92 93 11 44 49 39 47 65 30 71 51
5: 61 63 2 40 17 26 51 46 76 55 37
6: 65 100 62 75 72 81 59 95 20 97
7: 80 82 57 62 36 52 44 11 40 67 58 60 100 63 94 14 17 65 3 30 2 29 9 24 48 41 86 42 66 43 85 73 34 15 50 54 38 31 71 83 10 6 69 21 95 13 61 33 18 51 89 72 49 7 4 26 56 84 81 5 20 1 99 88 90 68 97 47 87 27 28 12 96 79 45
8: 28 43 48 93 11 66 82 32 10 30 90 94 100 56 58 15 89 7 88 27 57 79 53 86 70 37
9: 99 70 76 30 82 77 56 61 90 20 48 55 37 10 81 17 23 66 58 18 27 26 75 79 43 44 88 63 52 87 78
10: 90 75
11: 41 37 72 57 35 34 63 90 25 67 30 74 39 56 4 53 73 45 82 83 31 18 87 70 62 32 12 24 71 9 38 3 58 48 81 54 78 49 50 86 97 80 93 7 16 94 40 21 20 22 15 19 51 43 59 5 79 27 68 47 6 23 88 100 66 17 10 61 14 2 95 64 98 96 76 42 89 65 11 91
12: 25 39 62 15 26 18 11 60 35 53 52 43 55 28 73 41 22 54 98 83 91 32 69 46 17 59 86 7 14 77 88 93 23 76 70 27 44 51 90 1 75 63 84 85 20 12 48 37 21 97 81 71 92 78 65 42 9 87 31 8 66 72 34 40 2 49 67 24 30 58 29 10 38 56 50 16 19 6 3 79
13: 95 10 8 58 7 3 33 90 16 68 11 26 77 30 18 14 98 78 38 9 72 45 96 27 49 82 52 55 20 56 48 62 50 91 51 75 46 35 93 88 25 54 13 39 23 85 47 2 21 19 89 61 4 28 92 43 70 87 60 83 32 31 59 44 24 12 5 84 71 6 53 73 64 34 66 65 76 67 1 29 94 79 15 100 17 40 42 81 63 86 69 80
14: 67 14 49 89 2 39 16 12 28 9 17 93 6 62 68 51 81 90 96 99 11 66 19 41 98 48
15: 10 68 83 77 7 69 89 78 95 86 20 11 52 49 26 70 16 65 72 51 67 92 42 93 82 46 73 48 100 56 35 4 66 30 76 12 13 60 61 8 97 80 99 98 43 81 18 15 25
16: 17 22 44 14 26 3 96 70 4 2 35 31 72 73 18 38 88 53 80 58 43 30 32 41 89 6 81 21 84 66 50 95 90 97 56 15 25 42 64 12 16 7 49 19 34 9 1 8 27 74 29 65 39 54 82 98 24 60 59 67 55 91 78 62 63 23 40 87 45 51 99 86 79 37 11 69 57 61
17: 63 77 13 85 5 12 27 2 10 37 19 93 53 87 61 75 67 35 58 74 33 92 43 81 96 26 1 65 51 32 47 76 24 90 17 97 98 68 91 45 57 73 84 55 56 50
18: 13 77 84 2 51 56 55 30 71 59 29 20 44 99 36
19: 38 3 77 27 93 25 59 34 99 5 79 33 16 18 58 70 11 89 80 53 86 62 87 60 17 55 64 95 8
20: 87 69 63 59 67 11
21: 96 47 29 80 45 72 41 19 39 9 66 13 27 98 97 69 58 87 5 43 67 6 22 44 53 78 79 74 10 23 52 14 31 85 50 2 54 100 56 88 40 65 86 8 90 37 46 55 25 32 57 63 62 61 60 11 75 20 12 33 4 48 91 17 36 16 34 1 95 18 84 76 35 93 89 71 21 15 30
22: 33 24 82 71 14 76 7 74 63 2 42 11 69 90 29 48 96 25 18 73 85 55 60 22 88 15 31 95 35 62 20 57 61 53 34 12 92 58 9 97 56 51 100 67 54 84 68 87 45 64 43 83 47 77 23 93 52 28 38 59 94 41 78 75 1 27 19 89 66 72 65 17 80 39 44 10 86 5 50 37 30 46 3 8 26 70 49 81 13 21 40 79 16
23: 95 11 14 63 28 3 74 73 10 34 50 38 21 70 5 77 91 25 31 100 26 81 16 58 39 85 13 47 92 90 27 2 80 66 30 64 82 97 56 57 94 54 55 46 59 18 87 33 24 7 75 36 71 37 42 15 41 35 61 4 9 29 76 62 68 79 23 48 78 72 51 69
24: 71 18 34 41 24 28 82 58 33 81 49 30 10 32 31 56 43 63 16 64 93 65 50 77 80 83 23 48 100 4 9
25: 68 9 70 94 60 99 67 49 93 41 43 50 73 12 95 30 82 74 52 2 88 83
26: 32 1 89 41 34 85 62 80 25 96 45 24 76 19 60 82 15 43 77 42 53 18 4 44 2 87 38 83 54 11 27 48 97 99 59 98 17 81 71 28 84 26 7 72 10 69 95 57 78 39 35 90 22 6 93 100 63 88 65 66 52 5 79 16 75 29 56 50 13 49 21 46 51 68 73 37 61 94 55 3 31 20 58 40 36 30 8
27: 49 71 63 90 94 96 62 37
28: 50 25 96 60 19 29 8 42
29: 6 63 11 34 9 23 30 18 77 95 47 56 16 97 46 7 43 12 88 66 55 4 68 8 100 85 99 91 60 14 33 32 64 82 44 59 72 2 41 92 76 86 65 52 22 15 87 31 48 80 20 78 19 49 45 51 96 37 58 24 54 39 81 94 36 21 83 57 40 27 79 26 28 3 67 62 73 29 50 71 84 13
30: 9 22 37 91 75 36 8 83 65 99 82 51 63 5 100 56 7 78 76 25 97 31 50 60 13 44 87 39 55 67 79 3 77 28 73 52 18 54 4 46
31: 93 23 5 22 53 9 100 98 81 39 42 61 32 28 52 21 69 80 51 71 46 24 25 64 68 65 87 35 95 54
32: 70 34 67 95 25 100 87 90 29 88 5 98 45 62 77 35 37 24 40 42 56 27 12 63 59 26 78 43 71 4
33: 91 18 26 14 12 49 6 27 83 99 31 35 95 66 37 80 15 24 56 8 57 62 89 29 75 86 22 50 97 2 16 81 11 36 48 9 54 45 98 28 5 79 100 82 90 33 58 70 88 61 77 34 10 32 3 64 38 17 68 20 71 23 40 7 41 42 94 25 69 63 43 67 30 92 19 51 46 65 21 84 93 74 78 52 85 59 53 4 39 44 87 72 55 60 13 47 76 96 1 73
34: 5 35 41 59 39 81 83 2 3 94 33 6 17 62 68 85 42 46 11 37 58 77 84 34 32 51 96 26 93 54 92 75 67 61 80 25 8 98 13 88 21 72 1 64 57 4 100 86 24 99 89 40 44 60 29 45 31 12 91 19 28 15 76 49 52 10 27 71 14 9 70 90 23 95 18 47 66 7 97 73 74 20 22 50 36 56 38 69 82
35: 14 5 95 15 54 17 33 90 66 55 13 32 48 21 53 26 49 18 96 73 80 34 20 3 42 24 69 88 8 67 6 59 71 98 37 87 11 35 57 51 77 47 56 4 60 58 84 23 85
36: 74 5 18 21 68 56 59 44 73 26 36 22 41 3 19 39 48 30 34 52 53 43 9 77 51 20 49 28 50 1 13 67 46 98 17 91 63 38 89 55 31 69 33 70 12 25 92 57 8 72 62 35 27 85 16 54 97 94 86 58 47 60 7 40 37 23 82 65 64 75 71 61
37: 36 42 22 31 62 74 93 43 50 65 59 91 10 87 67 78 80 64 7 76 3 89 68 5 29 17 18 96 14 99 73 88 6 52 71 79 63 37 94 25 28 30 15 97 13 4 60 44 92 8 83 41 75 85 34 2 100 11 46 58 56 20 35 82 23 49 55 27 86 47 39 21 95 40 51 45 77
38: 27 94 40 16 36 67 63 12 38 70 81 65 10 89 57 95 20 7 69 43 18 30 79 59 39 82 84 25 91 53 58 50 88 64 86 100 76 33 85 22 68 19 37 93 23 62 9 80 99 74 5 24 4 48 55 47 42 11
39: 79 36 95 84 27 26 58 94 34 71 9 86 97 8 47 49 92 42 12 38 87 80 29 60 78 51 74 68 19 2 43 41 4 70 5 82 23 91 69 55 6 53 18 50 3 15 65 73 11 64 56 33 62 24 13 81 14 61 93 96 77 88 100 22 63 37 32 44 48 89 98 25 57 39 28 72 35 83 54 76
40: 51 72 86 18 1 76 100 8 82 30 50 57 29 80 61 5 77 26 42 91 90 20 62 85 52 33 32 11 23 40 94 73 39 37 55 31 89 81 2 49 10 25 9 13 47 84 92 35 24 99 71 17 45 56 15 78 96 16
41: 65 27 1 100 39 93 57 88
42: 53 6 21 64 17 91 35 57 11 2 38 29 1 67 32 80 9 61 55 12 77
43: 59 76 20 57 69 95 50 31 5 26 78 77 37 55 98 16 56 45 14 71 68 100 61 54 46 23 40 65 17 41 42 49 92 10 72 6 85 86 19 27 39 74 96 87 51 48 3 15
44: 84 100 91 6 2 92 18 67 97 62 16 11
45: 94 93 95 100 63 78 44 34 47 37 61 79 19 66 50 51 45 52 24 89 88 54 8 83 56 76 38 18 68 11 36 41 1 62 16 81 84 58 96 6 90 70 7 5 28 31 65 35 72 21 39
46: 63 56 8 53 64 50 84 98 91 54 10 90 17 59 20 48 88 95 75 38 83 89 26 86 33 96 79 93 39 22 97 37 81 2 30 9 46 80
47: 78 69 70 52 37 6 20 15 17 83 86 41 33 1 96 28
48: 94 26 30 12 6 19 29 13 54 10 58 27 42 8 5 62 45 95 69 77 90 28 15 71 24 56 75 93 51 84 85 25 99 83 64 31 80 34 36 86 48 65 70 22 7 50 52 60 49 46 91 43 66 81 38 4 53 79 89 23 68 78 11 87 96 16
49: 6 100 98 16 17 37 12 38 67 42 49 13 97 53 62 76 4 32 46 33 86 68 87 43 45 14 51 41 40 91 60 48 79 18 56 64 24 78 73 92 11
50: 58 42 13 92 5 33 54 20 93 85 55 25 18 80 40 16 47 17 82 76 48 88 37 84 79 75 95 63 46 21 8 49 61 38 91 14 89 90 45 43 1 35 60 71 53 50 44 34 68 77 51 4 41 67 23 62 87 78 66 9
51: 74 37 78 34 27 55 6 89 75 15 16 91 76 95 13 87 44 9 63 30
52: 83 99 1 100 49 51 8 27 65 54 59 98 61 40 10 7 62 19 46 43 92 34 25 24 85 84 81 87 2 6 55 86 41 82 16 79 67 56 80 68 44 70 60 21 66
53: 89 66 23 40 15 35 83 37 93 86 84 45
54: 27 58 18 33 70 35 56 30 39 5 37 72 34 68 2 43 48 51 46 41 42 88 10
55: 76 72 67 6 74 75 41 32 26 92 47 78 94 24 81 13 62 48 98 27 51 95 70 37 30 86 49 12 34 10
56: 54 39 72 22 12 51 93 82 13 14 26 42 74 48 71 20 95 59 25 11 100 4 5 63 46 36 44 62 92 15 30 32 94 84 90 81 96 65 27 88 19 35 31 18 43 61 57 99 40 60 55 16 2 3 1 53 41 68 29 33 64 23 50 24 75 70 66 37 45 28 98 52 10 34 79 86 49 87 47 89 69 7
57: 50 10 69 91 57 61 75 62 87 97 35 38 4 6 58 42 14 74 96 18 67 8 89 15 94 29 13 51 54 47 36 28 34 23 99 63 48 33 88 90 53 82 84 70 60 73 11 26
58: 28 23 74 61 51 98 15 48 52 82 32 29 64 78 5 41 84 68 19 86 70 40 7 63 13 26 35 92 1 55 59 76 47 42
59: 19 24 62 95 21 22 90 56 44 40 5 89 42 77 38 59 28 26 78 63 58 87 51 73 25 74 48 27 99 53
60: 80 88 2 93 89 96 18 54 69 15 34 52 44 45 84 33 32 30 50 51 22 46 83 16 49 78 66 92 70 6 13 31 63 53 40 95 20 56 64 38 65 47 24 10 42 21 4 61 14 19 17 81 9 85 3 74 94 60 57 29 79 28 99 26 37 39 27 35 72 59 12 90 5 73 62 77 25 76
61: 38 8 67 55 53 95 70 43 64 68 16 100 41 71 65 66 36 21 34 20 72 49 87 73 58 92 50 45 44 12 94 93 18 40 2 77 14 78 61 59 83 24 81 84
62: 37 98 11 97 85 81 82 80 46 16 39 89 7 76 83 23 5 61 56 92 4 22 71 69 35 24 88 59 84 87 49 48 54 18 40 72 79 9 64 90 77 36 73 21 62 86 2 91 27 19 100 14 57 95 58 41 55 31 65 66 8 68 3 96 93 15 78 28 38 25 43 33 26 20 34 17 30 94 70 10 63 47 60 75 53 13 29 45 12 67
63: 83 44 70 96 93 43 31 97 84 58 80 12 11 74 53 2 8 16 52 86 92 100 38 1 79 32 22 71 77 62 48 47 64 6 13 56 19 85 36 54 24 40 3 63 82 69 90 34 49 88 45 95 46 17 57 61 73 94 75 27 35 21 37 26
64: 32 66 14 57 50 92 27 99 5 64 31 20 39 85 16 78 42 93 10 80 19 98 56 75 21 73 83 44 76 22 53 84 51 43 37 71 18 86 23 11 96 13 33 25 28 35 40 29 7 52 26 70 46 15 94 60 38 4 61 41 48 79 82 55 88 17 69 77 54 8 47 3 72 36 62 1 45 63 87 2 100 90 74 24 12 6 58 34 49 9 67 81
65: 99 9 31 38 52 41 15 67 24 92 68 50 48 77 71 23 17 22 29 66 2 35 61 37 70 32 91 40 12 84 57 78 10 18 42 89 28 97 79 56 36 86 6 43 39 59 76 83 90 64 47 26 60 21 1 63 74 73 80 95 88 94 33 87 96 93 65 20 27 4
66: 52 54 36 99 95 90 12 100 20 68 47 53 87 30 24 78 72 71 92 39 23 21 28 6 31 48 17 35 60 37 49 96 55 32 88 56 43 45 79 10 42 89 67 75 61 74 91 70 84 8 15 93 5 66 40 14 69 13 25 64 65 38 4 81 82 51 18 3
67: 84 58 81 19 25 74 68 7 44 66 21 94 95 56 31 100 70 93 33 99 13 22 6 86 18 91 69
68: 74 81 88 34 37 90 72 50 6 82 100 97 54 17 10 93 31 63 38 20 5 51 1 42 30 70 26 27 14 13 53 15 18 79 75 49 67 48 25 36 9 44 23 32 22 33 65 69 96 84 28 8 19 73 58 91 99 86 29 92 89 95 57 4 83 56 24 68 98 71 87 64 85 41 16 7 94 55 59 46 45 40 2 52 62
69: 49 4 51 35 36 27 100 85 92 91 7 21 76 30 89 19 14 57 82 34 60 68 17 9 22 67 37 24 56 20 79 53 32 90 6 65 43 46 11 66 5 45 69 13 58 8 47 75 15 64 42 2 40 31 50 77 84 99 28
70: 13 39 5 1 94 78 86 92 69 51 8 57 35 82 34 64 44 99 41 42 53 18 100 85 72 62 24 67 74 80 77 3 98 40 9 6 90 73 33 46 49 75 55 31 29 38 76 89 27 52 79 50 58 88 7 32 70 20 68 56 12 60 84
71: 83 34 11 70 80 48 17 24 66 35 90 39 82 4 43 73 15 76 95 7 61 33 57 53 25 52 78 100 84 94 14 32 62 93 44 38 3 55 22 31 13 10 9 23 46 79 68 58 19 63 81 28 16 1 56 40 99 60 72 29 75 6 74 87 47 27 18 26 89 65 92 5 69
72: 74 47 46 14 17 86 84 70 52 8 90 78 31 10 62 15 66 89 67 23 35 9 48 71 59 57
73: 89 26 10 41 98 38 53 69 19 52 97 67 77 16 35 30 81 6 25 59 36 4 54 88 37 5 70 9 61 93 63 71 68 72 57 22 15 84 18 60 31 79 27 28 12 50 45 76 13 7 90 94 40 82 58 8 99 11 87 14 21 62 66 85 73 17 2 86 64
74: 61 7 74 49 84 22 24 97 70 79 12 93 30 62 56 78 14 28 34 48 82 3 81 11 45 43 55 64 77 71 29 75 46 13 1 73 36 17 83 60 57 66 94 8 2 41 40 63 10 69 47 27 21 89 44 26 98 50 72 54 67 59 31 52 76 38 23 5 85 39 95 58 91 32 15 51 96 99 80 4 92 19 35
75: 44 84 97 22 34 79 93 12 7 25 46 53 75 1 5 92 4 27 57 81 98 24 11 90 64 2 48 26 94 68 32 30 18 47 39 62 9 91 36 63 65 77 10 8 42 96 38 72 51 85 29 55 89 40 58 33 23 3 74 78 73 66 59 82 70 14 17 76 15 16 54
76: 64 36 57 75 68 3 5 67 56 34 11 2 69 84 4 37 58 71 66 39 10 46 90 47 29 76 16 52 31 35 96 80 70 77 8 82 38 13 83 95 48 19 20 22 54 15 60 42 45 72 73 53 93 21 100 33 91 32 88 51 74 92 43 17 27 6 98 30 79 59 61 12 44 63 99 23 55 49 78
77: 81 48 74 80 22 57 25 52 12 10 13 14 49 33 68 26 83 100 73 1 50 30 20 7 16 51 15 40 63 91 67 53 41 54 56 39 37 44 87 38 11 45 94 92 21 9 23 69 75 64 5 96 95 86 4 70 89 78 42 84
78: 17 15 36 7 74 97 10 69 5 26 94 90 47 56 6 86 96 16 18 3 87 93 12 75 55 100 29 20 67 59 44 38 46 91 62 27 98 45 76 2 88 84 9 30
79: 22 50 86 96 82 92 16 70 28 42 35 19 79 21 93 6
80: 91 67 38 34 55 20 97 27 47 2 56 65 22 54 74 12 4 84 40 6 19
81: 12 36 8
82: 29 42 39 51 77
83: 21 64 59 81 95 100 96 23 8 24 44 73 9 6 17 89 15
84: 77 93 33 42 49 95 14 16 2 39 25 94 73 67 64 92 26 7 82 76 28 89 53 87 96 69 55 91 56 45 62 54 37 65 11 71 36 72 48 59 40 17 27 78 79 66 81 6 85
85: 66 3 38 43 10 85 59 61 35 64 100
86: 1 97 42 63 90 68 35 7 31 78 67 60 48 65 23 46 49 19 77 16 15 17 82 2 11 44 32 81 95 37 20 55 62 51 21 41
87: 92 87 3 72 28 36 73 62 30 7 98 11 48 23 56 53 78 89 41 14 65 4 18 12 5 95 31 45 68 52 40 58 96 82 51 44 26
88: 79 41 83 32 57 66 39 17 96 68 100 72 74 58 23 78 1 29 51 10 88 3 2 73 80 48 4 59 92 53 56 24 31 75 61 19 89 95 94 15 25 26 47 7 6 42 27 60 20 50 11 71 97 98 65 30 85 84 81 69 28 22 5 52 35 90 43 36 9 54 14 55 86 44
89: 63 13 47 38 59 89 17 86 75 11 3 45 33 92 20 87 55 81 40 53 15 79 10 96 29 39 98 16 74 30 18 67 64 25 77 28 52 68
90: 35 85 32 56 89
91: 54 39 91 29 51 88 84 66 17 95 82 41 13 28 85
92: 3 67 86 2 76 17 77 47 52 79 53 78 24 34 49 39 55 14 40 36 89 46 69 72 28 19 38 22 51 15 100 81 97 43 26 20 96 44 7 91 13 62 68 32 41 31 56 99 74 54 66 4 70 98 80 83 95 16 93 64 35 37 18 60 57 6 9 1 84 90
93: 72 96 85 92 15 49 54 50 32 57 52 97 59 81 73 25 7 51 10 93 89 76 22 40 37 67 98 11 24 17 64 20 68 61 12 45 75 83 58 78 13 16 38 63 87 95 2 77 27 9 4 1 14 39 18 43 82 56 86 71 47 33 34 6 35 60 80 44 41 62 26 42 46
94: 96 81 98 75 61 16 43 66 57 73 46 14 90 93 80 26 44 20 91 38 39 78 59 86 48 47 89 6 70 60 5 68 58 37 56 13 32 77 85 49 82 8 34 45 28 83 72 12 95 9 87 29 53 69 84 52 71 17 92 50 22 11 40 74 4 25 67 27 62 94 54 24 15 99 63 23 1 7 51 41 79 100 10 55 97 88 18 19 33 21 35 30 3 42 65
95: 80 13 11 96 35 40 78 86 2 18 91 65 50 15 14 16 58 21 19 83 34 48 57 59 38 72 27 24 12 23 97 77 82 61 62 33 69 28 94 26 45 54 20 30 100 39 85 1 47 75 95 25 76 74 68 64 81 98 66 70 10 92 6 63 4 44 79 71 3 32 43 22 31 87 46 5 37 42 36 89
96: 16 10 17 48 3 99 64 83 72 38 49 37 1 57 50 92 35 63 8 44 34 73 40 82 26 100 12 60 2 79 86 78 65 68 27 54 91 25 94 66 84 32 90 39 13 77 87 97 75 14 41 51 43 81 19 7 29 28 36 76 88 69 58 31 59 30 33 96 42 98 74 22 80 6 20 61 45 46 70 11 71 67 47 89
97: 87 30 38 89 52 26 45 53 78 43 100 73 47 93 81 1 62 51 28
98: 62 15 64 94 39 59 66 16 12 86 88 40 4 58 70 3 10 91 14 9 82 11 17 76 79 99 21 57 23 7 89 87 28 53 33 50 35 22 96 92 45 41 95 29 20 74 52 48 85 72 46 73 93 61 13 63 24 19 55 8 5 49 56 31 44 77 32 83 47 68 36 69 65 27 81 26 80 18 54 38 71 37 60 67
99: 65 33 68 53 20 6 75 46 57 77 63 73 97 62 78 76 60 19 34 43 58 23 15 3 5 12 85 27 49 41 24 22 10 72 99 21 56 40 98 36 82 2 90 71 1 39 13 30 59 74 4 64 100 67 37 93 14 87 54 38 94 86 11 84 42 52 16 26 80 18
100: 15 75 10 41 42 50 6 47 100 95 73 80
1: (68 65) 22 (40 50) 95 (94 70 96 64 58 77) (47 45) (1 21) (36 41) (17 7 12 97 34 88 93) (99 26 33) 13 56 42 4 2 52 (86 92) (63 71 74 75 16)
2: 76 (16 17) (88 37 46 74 7 84 95) (39 5 86 2 60 34 80 69) (54 73 40) (42 11) 44 (78 52) 13 (64 26) 96 (29 65 12) 63 (21 92 62 4) (99 75 22 61) (68 56 1 25 18 33 23 93 14)
3: 33 37 (43 85) 74 (71 56) (87 30 29 64 1 22) (96 66) 23 95 (35 75 88) (98 13 99) (11 39 63) (94 76 89 60 19) (12 62 70 16) (34 36 26) (4 92 7 2 78)
4: 99 1 57 (71 29) 11 98 37 (68 88 24 66 69 33) 38 35 (95 13 62) 3 73 (49 39 26 23 76 21) 7 (56 2) (50 74 92 75) (93 65) (77 87 16 80) (30 64 48 4 94 60 34 32 15)
5: 88 69 (43 70) (7 99) (4 34 17) (58 78) (2 19) 62 (94 95) 64 (50 35 36 39) 59 (13 68 21 1 76) (75 48) (33 37 66 60) 87 77 (38 32 22) 74 (40 54 31 73 71) (30 26 56) (45 98) (23 11)
6: (94 84 2 42 70) (34 11 76 3 21 78 100) (12 73 57) 93 (48 33) (52 16 96 60) 66 39 88 64 (35 95) (43 71 45) 7 13 55 (65 44) (63 80 79) (14 1 83 68 49 47 92 51 26 67 69) 99 (29 4 37)
7: (78 62 64) (30 22 98 13 75) 73 (94 1 96) (77 7 4 45 68 8) 29 16 (87 71 93 56) (15 58 52) (69 74 26) (23 12 88) (37 92 38 33) 67 11 (86 84 48 2 70) (34 36)
8: 52 (16 33) (75 29 30) (73 40 57) (98 19 94 63 46) (28 70) (64 34) (61 83 39) (48 66 35) (37 72 22 76 45) 1 (50 21 15 96) (36 26 81 69 12 13 68 74 62) 4
9: (46 60 38 23 7) 24 (72 75) 64 14 (42 22) (62 13 73 40 25) (70 50 77 11 51) (83 2) (31 4 71 1) 21 68 (34 65 69 29) 88 (33 78 94 30) (12 98 3) (93 92 16) 39 36
10: 7 33 71 15 (4 78 93 22 96 52) (77 37 75) 11 (94 72 40) (34 3) (85 89) (2 17) (95 13 38) (24 1 68) (74 8) (21 54 23 12 9 57 64 62) (99 48 76 73 65) 60 (88 55 100 56) 26 (98 66 46) 43
11: (38 33 77 42 95) (14 39) (26 89 1 12 21) (22 88) (34 13) (11 84) (74 93 20) (63 71) 8 44 (86 57 99 98) (73 64 19 7 94) (56 37 48 45) (35 40 96 62 75) 29 (16 23 76 87) (69 49 2 4) 15
12: (75 11) (1 63) (66 87 7) 95 (4 38) 16 61 (96 98 29 73) 14 (81 13) (74 76) 49 12 65 (94 34) (15 64 77) (17 32 62 36) (48 99 56) (42 25 22) 55 (33 60 39 93 21) (78 80 70)
13: 23 (91 94) (70 17 50) 15 49 71 (58 55 92 69) (21 29 33 93 96) (13 60) (34 22) 89 (66 67 98 4 73 39 35 37 56 7) (18 3 1) (57 51 48 36) 30 40 68 (74 95 64 77 62 26 76 99 2) 63
14: (7 16 87 22) (34 49) (2 21 92) (33 50) (23 95 74) (98 14) (57 84 13 71 88 61) 37 (69 56 73) (93 96) (39 12 99 66 62) (64 60 94) (68 77) (43 29 72 35) (75 4) 11
15: (89 26) (71 66 69 16 93 76 4 53) (72 83) (57 58 48 74) 12 34 22 (8 13 98 64) (23 68 47) 2 (94 33 77 37 56) 7 (1 15) (60 75 95) 78 43 (40 92 51 65 88 86 11) (99 73 100 21 39) 35 (62 29)
16: 73 (95 76 22 64) 2 (21 14 93 86 33 50 63 26) (23 38 29) (44 78) (12 77 24) (1 51 16 15 13 68 62) 4 3 (49 40 48 11) (94 61) 60 (36 52 75 19) (45 92 98) (79 71 56 89 99) (43 84 96)
17: (91 34 76 89 35 12) 9 (62 65) 21 (73 50) (74 33 11 49) (83 43) (47 42 19 40 66 88 26 14) (13 5) (84 64) 69 (98 63 60 71) 75 (94 68) (16 46 36 17) (72 7) 37 (22 86 78 92) 1 96 93
18: (15 78 87) 39 13 1 (65 12) 36 94 (44 99) (21 40 62) 73 (68 49 93) (56 30 35 89) 24 (16 95 50) (71 61) (66 19) (37 98 92) 29 (60 67) (54 2 23 70 57 4 26) 7 9 64 (34 38) 45 75 (33 22 11)
19: (4 28 26) (36 99) 95 (92 73) (62 58 64 94 12) 52 (69 1 60) 71 74 (98 80 88 2) (21 14 13) 29 38 67 (22 39) (86 63) (96 76 11) 33 (48 43) (45 59 79 16) 56 34 68 17
20: 35 2 (4 37 95 33) (50 18 94) (40 76) 22 68 (70 77 86 1 11 15) (12 89 61 9) (13 96) (99 21) (47 88) 46 60 (69 92 93 36 66) (6 64 38) (80 43 98) (78 29) (7 26) 62 56 (34 65)
21: (69 98 33 4) (50 61) (95 62) 86 22 (73 79) (65 74) (11 21 16 77) (45 35 99) (23 13 34) 66 29 (42 67 59) (63 37) (94 83) 36 (64 26 60 76 52 12 7 31) 1
22: 80 1 (67 38) 92 (62 73 77 94 16 12) (75 71 48 31) (37 11) 30 69 79 2 (29 93) (36 98) 95 56 60 (68 22 34 96) 65 (21 46) (88 76) 99 64 74 (26 63) (59 33 39)
23: 86 (9 35 98 94 71 12 13) (76 40 99) 33 (75 16 58 21 43 57 11 29) (4 87) (24 23 64 83) (88 36) 34 (39 22) 37 (31 68 66 62) (65 77) (1 48) (56 38) (53 50) 95 (72 74 2)
24: (1 74 16 23 17) (52 61 45) 12 63 32 69 11 93 (65 3 34 99) (60 83) 2 (88 66 7 4) 39 40 (33 62 22 31 48 98 49 24) 56 75 (92 95) (55 64 13 70) 71 68 (38 59 29 26) (35 94)
25: (56 59 94 2) (84 26 34 77) (12 15) 32 (66 16 33) (71 73 23) (21 36) 89 (11 30 67 96) 95 (50 64) 93 (22 31) (75 37) (62 40 13 88) (39 52 19 68) (28 38 4 48 60)
26: (71 34 75) (97 84 59) (77 56) (39 16) 26 (78 68 87 58) (99 55) (63 57 65 17 23 92 4 88 46) (12 13 2) (48 15 43 74) (5 62) (7 98 9 35) 22 (1 33) (60 36 73 93 64) 40 29 (95 94 32) 96
27: (41 84) 7 (26 21) (17 36) (88 80) 56 (55 12 19) (74 48) (64 73 60) (69 34 38 37) 11 76 93 (70 62) (99 94 1 23 8 39 65 59 33) (32 29 9 78 98 43 4) (96 16) (63 13 51 95 68 22) (71 75) (2 52 54)
28: 39 (29 69 30 74) (48 95 1) (31 65 94 84) (92 89 91 33 34) (45 62) 37 8 (36 12 73) 14 (97 88) 64 (47 59) (68 22 26 57 56 24 98) (66 87 79 58) (23 7) (13 60 71 96) 4
29: (76 33 68 42) (16 23 21) 40 28 (57 32) 75 (71 60 88) (78 91 94) (64 89 26 39) 82 (65 4 7 70 74) (98 13 56) (37 1) 12 18 29 (2 58) (34 22 96 62 48)
30: 56 46 (38 26) 21 22 13 (62 15 89 36 40 7) 1 29 (68 75) (76 23) (4 73 55) (87 74) (2 8 96) (95 54) (25 99) 97 24 (33 12) (9 51 77 69) 18 (11 48) 94 (60 66 37 88) (16 78)
31: 60 (34 23 76 56 30 62) (24 95 73 22 92 7 67 98 37) (68 64) 65 (43 26 86 69) (74 96 70 88 2 45) 11 (12 13 33 1 36 16) 66 (21 40 71 72) (29 48 4 87 63)
32: 24 64 16 (49 86) 74 58 (92 29) 12 94 (66 68) 56 (90 17) (76 34 71 35 26) (69 40) 8 (1 21 39 96 33) (13 63 4) (88 98 2) (65 60) 42 93 (75 70 11) 95 (31 55)
33: (89 76) 50 (40 68 1 23 21 13 4 56) (24 71) (35 54) (46 57 34 49) 22 7 (29 84 62) 36 (77 95 60 19) 2 (70 17) (98 75) (47 94 64 33) (99 67) (39 38 93 96) 65
34: (39 75) (76 34) (37 92) 51 (50 12) (61 62 16 63 57 26) 24 (74 96) (54 4 71) (2 48) (1 36) (80 99) (69 68) 52 7 19 (64 45) (33 56) 93 22 (95 70) (13 94) (35 55) (60 29 32 21) 23 11
35: (63 35) (60 21 66 31) 33 (53 95 34 96 69 40) 86 (2 90 16 85 45) 79 (17 1 64 92 11 37 15 62 50 12 73 36 88 56 32) 22 (42 26 54) (72 74 76 39 70 23) 13 94 4 (71 65 57 93) (58 98)
36: (48 1 88 18 96) (34 23 98) 62 (45 64 26 95 69 76 7 99 37 57) 84 3 81 63 36 (73 78 87 21) (66 56 65 61 75 39) (74 29 4 33) (30 92 68 38 2)
37: (99 68 9 77) (62 26 96) 45 54 94 (76 38 60 40 64 39 33) 53 (21 37) (46 98) (8 30 17) (73 63 92 23 43 22) (11 32) 16 (47 51) 95 (50 69) (35 84 86 27 29 36) 2 (34 66) 65 (12 49) (93 55 56 5)
38: 64 78 92 (75 11 77 73 63) (2 60 85 95) 46 48 61 71 94 (19 96) (93 99 45 12) (89 66 50 13) (42 34) 76 (16 4 23 36) 97 (98 33 57) (39 26) (80 65) 74 (49 22 68 70 62) (59 38) 7
39: 66 (36 56 54 60 96 1 4 39) (88 71 99 93) 45 (22 2 23 16 13) (92 11 43 38 65 29) (46 77 70 82 37 84) (75 12 64 41 98) 14 (30 91 21) (40 33 94 31 76 74) (34 26 62) (89 95)
40: (29 94) 13 89 4 (68 92) (98 43 95) (5 40) (77 69) (80 36) 64 74 16 75 (12 50 52 49 32) (96 37) (2 60) (93 1 11) (38 61 59 56) (71 73) (87 66) 34 (21 62 99) (65 26 58 33 53 84 63 22 7) 70
41: 92 52 (33 50 93 25 100 86) 96 12 (49 91 58 73) (99 68 70 37) (24 43 64) 55 (36 4) (74 21) (22 87) (47 26) (16 29 23) (61 88) (2 77 34 39) (65 45 62 7) 54 (94 56 98) (14 11 1)
42: (99 86 35 40 88) (59 54 70) 58 43 (96 100 22 60) 12 56 32 (69 2) 48 95 (13 76 49) (75 26) (16 28) (38 68) (15 34 23 4) (39 50 57 82 37 64) 33 (79 31 65 11) (93 7 77) 66 (94 84)
43: 22 15 69 (21 39) 4 (92 37) 48 2 (88 1) 63 11 95 (32 74) (9 17) (12 26) 96 (25 16 93) (8 97) 99 (85 94) (24 52 49) (61 7 38 64 13 36 62 76 66 65) 33 54 (50 56) (29 71)
44: (59 3 26 68) (74 22 64) 87 (9 18) 2 95 4 (39 86) 56 (88 13) (78 29) 93 (30 50 45 60) (94 63 92) 76 (51 33 21 52 70) (96 1 61) (67 12 71 37) (36 7) (16 75 77 83 98 34)
45: (26 66) (45 21) 97 (95 63) (78 53 49 61 29 74) 60 76 (98 93 68) (3 87 7 43 56) 62 (64 96 33) (40 94) (84 2 73 17) (13 11 69) 37 16 89 77 34 48 4 (50 32 1) 22
46: (54 56) 30 (26 46 49) (92 75) 98 68 (63 95 71 69 37 70 43 34 64) (5 93) (86 78) (48 62 12) (23 50 13) (36 52 96) 15 (60 31 33 72 21) 2 (76 99 22 29 74) (1 94)
47: (95 72 22) 98 94 (17 57 29) (39 35) (33 7 58) (21 75 76) 38 96 (34 63 45 80 2 65 36 55 64) 62 (69 50 37 4 92 88 78 40) 71 (11 60) (13 93 1) (100 89 74 97 23) (56 66)
48: (22 24 11) (12 26 13) 48 (50 36) (43 58) (7 95 29 88 72) 21 76 75 (49 96) 15 (63 33 54 71 14 59 2 74 23 39) (98 68 4 84 62) (77 38 87 64) 86 (9 56) 66 65 (1 8 55 46) (57 94) 35
49: (2 26 1 56 35 14 84 52) (99 60) 69 (13 74) (61 7) (76 92 15) 98 (29 37 64) (34 24) (33 43) (25 66) (63 94 96 16 55 36) 11 68 (3 49 4) (70 22 93 77 50) 86 (12 40 27 39 48) 62
50: (93 1) 36 16 7 (26 70) (68 56 60 30 61) (65 57 24) (37 13 12 46) (77 22) (38 34) (48 11 33 73 39 74 94) (69 64) 29 (21 98 17 4) (100 23) (96 50 25) 2 (45 40) 43 28 (79 95 88)
51: 7 26 30 (43 31 66 15) 59 97 49 34 93 (18 75 48 29 57 22) (35 33 74 82) (58 88) (5 17) 39 68 (1 69 56 92 4) 13 2 (54 3 64 70 45 60 55 96) (91 37) 16 11 (36 76) 52 40 87 14 (86 94) (50 12 77 23)
52: (12 72 36) 34 (13 2 22) (99 9) 37 87 (89 71 56) (76 74) (4 98) (30 60 77 73) (65 15 63 70 58 31 68) 40 (64 47 45 97 92) (21 48) 25 29 33 (93 1 94 88) (66 7 26)
53: (66 42 39 35 19) 99 76 63 98 69 60 36 17 21 (22 84) 57 13 87 62 (70 88) 89 (48 64) (94 68) 38 (31 16 49 12) 71 (59 11 75) (1 92 2 26 50) (8 61) (4 46 73 77 97 56 33)
54: (21 92 46 26) 4 (13 99) (31 45 95 39 23 96 30 84 93 11 50 1 43) (88 73 63) (48 34 33) (80 62) (77 22) (74 75) (56 94) (57 16 35 60) (64 66) (52 2 7) (12 98 68) (29 76) (91 36)
55: 61 (3 40 26 9) (39 17 58) (18 56) 13 (29 76 80 42) (92 74) 22 36 (19 51) 30 (43 66) 89 23 35 5 (37 86 1 16) (70 62 94) (50 4 52 12 84 64 78 88 21 75 33 38 68 71 98)
56: 18 62 (39 76) (46 30 66 12 93) (11 49 16 26) 24 84 (68 71) (63 35 90) (98 67 69) (60 59 23 99) (8 9 17 36 33 78 94) (4 21 22) 15 37 (65 45 92 54 70 13) (29 52) 43 40 (34 74) (2 48 88 77 87 80 7 64 32)
57: 98 (56 2 96 75) (33 60) 64 (43 42 57 99) 34 22 (21 35 7 65 74 68) (72 36 94 76 92 38) 70 (41 1) (8 95 29 26) 40 (63 71 62 77 23 69 88) (11 39 16 73 17 93)
58: (64 12) (38 21 98 68 62) (34 37) 7 (13 36 87) (93 17) (2 76 45 11 94) 1 57 88 99 71 48 (23 19 73 70 54 26 16 63 8 69 74 24 4) 9 (96 59 29) 75 (35 39) (67 95 61 50) (22 33)
59: 11 46 (4 84 59 72 76 36 96 56 74) (16 61) (94 83 62 22 89) (6 99) (58 93) (60 32 29 20 43) 85 37 52 18 (78 12) (88 19 35 26) (13 68 33 65 3 73 1 98 75) (38 34) (23 95)
60: 33 (34 39) (13 70 76 49 48) (96 29) (99 28 25 7 56 12) (19 22 57) 88 (92 16) (52 64) (15 26 65) (1 35) (62 66 71) (93 50 86 21) (94 4 98 30 74) 36 37 (60 73) 69
61: (21 63) 2 52 (13 61 11) 62 (65 66 98 88 5 58 95 71 93) (4 73) 34 (39 26) 23 9 (94 16) 22 50 1 (45 96 36 76 64 17 56 42) (74 57) (60 7 85 43 31 15) (33 40)
62: (29 38) (32 62 84 19) 59 (97 75) (13 52 50 4 70 33) (2 40 21 64 98 95 49) (12 72) 11 (7 45 37) 1 (93 16) (73 23 56 99 87 36 26 14) (86 34) (60 63 92) 57 (68 74 94) (44 71) (48 39 55 78) 22 (6 27)
63: (63 39) 13 5 33 (62 60) 94 86 26 9 (17 30 22 36 59) 89 (56 57) (58 98) (96 73) 93 (38 95 99 21 1 76 68) (65 27 75) (16 2 4 50 45) (64 74) 24 71 (23 32) (46 20 29 37 7 11) 77 51 12
64: 4 (85 95) 49 (11 77) (24 23) (62 37 84 22 19) (65 60 70) (2 68) 96 (42 48) 69 (75 93) (56 58) (29 73 31 92) (38 98) (34 16) (74 89 83) (76 46 39) (66 99 63 33 64) (13 61 36) 1
65: 36 98 (37 29 33) (43 69) (38 60) 94 16 39 (80 26) (17 86 75) (22 84 21 2) (87 52) 30 (68 45) (7 95) (66 31 99) (48 88 24 1) (6 71) (11 13 12 15 61 62 56 41) (4 65 96)
66: (64 35) 50 (98 48) 9 (85 13) 71 96 (15 33) 34 (16 67 22 26 65 73) (14 91) (12 84 74 52 62) (69 53 60) (95 45) (23 72) (61 4) 75 (21 56 76 8) 11 (92 94 7 88 29 66)
67: 35 (92 64 61) 7 (86 84 62 55) (80 3) (25 72) 78 73 (57 96 36) 89 65 (70 22) (66 14) (74 11 37) 21 44 (77 20 49) 2 1 (33 68 52 15) (16 76 99 29 17) (38 34 50 94) (42 93 32) 98 4 (30 12 69 13)
68: (93 86) 26 (76 68 92 98 15 61 13) 88 (50 54) (7 1 31) (23 49 25 94 65 36) (29 87) (75 95 11) (33 99 58 56) (22 96) (43 89) (14 70) 62 67 39 (66 34 45 69 48 17 73) (38 37) (52 77 71)
69: 78 (48 70 64 2) (13 15 71 26 20 66) (16 88 22) (7 98 76 1) (74 33) (43 31 23) 56 21 96 36 73 (4 67) (47 69) 62 (12 39 94) (57 60 63) 35 (92 84) 95 (77 68 34 38)
70: 9 (45 19 62) 67 12 (70 15) 77 39 25 (72 16) 60 73 (34 4) (66 32 22 96 58 52 71) 61 2 36 65 (74 79 8) 98 (68 13) 38 (76 63 54 55 75) (64 47) 92 11 57 (33 95 94 1 48 56 23)
71: (27 43 88) (39 36 48) 13 (62 31 84 66 1 74 56 34 94) (93 95 72 65 61 96 50 32 68 73 37 64 33 4) (26 99) (2 29 11 23 18 22 35 24 76 40 12 7) (63 21 98)
72: (43 87 71 56 66) 6 33 54 95 64 (12 68 22 73) (62 76 98) 99 55 (61 74 3 26 84 16 1 7 96 45) (94 29 21) (13 60) 34 (23 88 11 92 40) 39 (70 15 75 93) (4 36) 2
73: 64 62 (22 87) 70 (16 57) (15 88 40 98) 12 (17 11 94) (60 34) (23 25 49) (61 33 74 59) 7 65 35 (2 96 30 36 37 68) (76 75) 97 (13 100) 84 (77 83 71 39 26 1 4 63) 93 (99 29 73)
74: 89 (67 65 94 99 21) 2 25 43 59 (68 58 37 23 11) 51 (1 57 74 92 17) 36 34 33 96 88 70 56 72 (64 60) (63 4) 95 (98 75 38) 22 55 39 (71 77) (80 78 16) 66 76
75: (68 6 69) (62 36) (23 57) 55 (21 9 74) (78 13 50) 22 (48 1) (70 34) (17 75 93) (26 99) (76 94 33) 10 (95 4 88) 96 (12 89) (100 46 3) 56 77 63 (51 71) (30 2) (64 66 37)
76: 71 (11 13 30) 21 (43 5) (51 55 45) 65 (73 95 29) 64 (62 96 76 9) (26 99 74) (75 1) (50 34 2 78 22) 92 (58 40 60) (49 39) 23 (98 37) (17 93 33) (70 84 12) 69 38 (4 15)
77: 70 29 (37 33) (59 42 50) (69 13) (19 17 75) 74 48 (61 15) (95 34) 32 1 (39 12) (60 89 22) 93 (99 82 23) 64 (62 30 65) (92 84 63) (9 43 24 96) (98 76 18) (35 26) (40 86 2 4 73) (36 94)
78: 97 (33 39) 76 (26 60) (55 59 40) 86 65 84 (4 62 99) (32 23 22 75 96 48 71 61 51) (66 37 21 47) (29 49 9) (11 2 77) 50 (16 30) 64 (95 13 74 92 15) (87 72) (12 43) (93 1) 94 70 88 45 58
79: (71 73) (4 12 26 38) (95 62) (45 29 76) 89 33 16 (84 23) (9 56 50) (48 74 13) 65 66 22 (7 75 30 96 64) (1 19) (39 98) (2 46 79) (63 52) (60 94) 70 (21 92 88 49 8) (37 68 69 11)
80: 37 95 21 (65 93) (76 33 35) 96 7 (22 48 24) 38 100 (64 62 42) (4 88 46) (50 63 11) (40 99 92 29) (26 15) (16 74 31) 13 94 (71 34 2 70) (39 1 19 60 77) 23 (3 52 98)
81: (77 2) 48 96 14 45 13 (73 86 12 66) (61 40) (84 71) 22 98 (55 23) (92 95) (97 33) 56 (1 74) (88 24 46) (6 64 29) (83 75) (94 89) 26 (15 68) 7 (11 38 16 9) 93 (31 39 34 67) (60 62 17 4) 52
82: (30 74) 93 (64 71 38) 56 (1 94 13) (63 62) (39 7 15 24 37) (22 11 95 33) (23 29) (26 87) 73 9 (8 79 84 57) (69 66 99) (76 96) (86 91 25) 70 (58 2) (34 36) 75 (40 52 4 68 16) (98 50)
83: (52 29) 62 (7 63) 26 (46 88 76) (34 71) (2 11 98 37) (22 53) (48 30 3) 96 (64 65 13 47 39) (92 93 61 12 25 95 33) (1 94 4 77) (60 68 74) (45 15) 24
84: (46 16) (94 1 57) 4 88 62 (58 72 45 17) (48 40) 80 (29 77 68 66 21) (65 64) (34 91 76 39) (2 99) (56 38) (67 53 71 73 60 44) (22 78 35 61) 75 69 12 (52 18) 96 50 74 (7 33 13) (26 92 63) 70
85: (35 62) 48 (91 17) 7 (23 88 64 60) 68 (93 90 22) (95 37 34 84 12 21 52 85 99 69 26 2) (38 73 40) (43 70) (94 4 1 74 98 29 63 3 13 50 36) (33 75)
86: 94 89 (72 79 68 95 16) (77 4) (39 1 46) (12 34 67) (47 99 43 63) 93 (40 56 78 98 33) (73 48 49 55) (64 88) 36 (22 58) (21 53 96 11 19 8 2) (65 7) 13 29 (38 62 92 15) 70 37 52
87: (78 39) (87 68) 96 3 31 (32 98 56 35) (50 26) (66 95) 65 (73 94 37) (30 99) 43 (1 49 64) (61 19 71 84 77 20) (16 23 9 62 89) (29 21 51 33) 93 (59 13) (48 7) 2 (52 97 22 17 11) (57 12)
88: (2 34 9 91 46 94) (60 12) 29 (65 78) 98 (4 26 63) (70 21 50 32 37) (16 38 13) (8 56 11 33 64 39) 57 (73 7) (62 25 22 54 45 41 96 88) (35 76 68 66)
89: 98 72 (62 95) (36 38 59) (89 94 2 26 48) (7 22) 15 (19 68) (56 69) (71 66) (8 40 88 90 97 13 14 53 75) (77 16) (92 46 65 34) (51 50) (39 73) 1 87 4 84 (37 96 74 21) (83 70 33) (45 11 57) (60 93)
90: 92 (96 86 13) (48 60 50 70) 45 26 (34 17 33 7) (62 57 75 68 88 72 1) (40 94) 78 (8 46) (63 14) 99 12 32 59 66 35 (11 10 65 21) (16 23 56 27 9) 76 (69 73 64 22) 71
91: (49 92) (23 2 21 38 33 68) (51 95) (37 13 80 29 46 4 74 30 11) (96 78 34 98 75 42) 94 (36 65) 1 12 (16 17 66 62 50 67 69 76 39) (57 77 44) 40 91 (84 48)
92: (94 93 49 37 36) (79 23 44 15) 29 (95 56) (71 60 70 12 62) 77 96 (50 74 69 17 40 63 87) 33 (55 66 76 64) (4 84) (2 65) (61 68 43 39 22) 34 1 75 (58 98 52) 89 (13 88)
93: 66 (75 64 26 17 63) (37 50 8 94) (56 46 78 2 76 68) 61 (21 15) (65 19 45) (11 99 4) 34 (73 79 39) (98 1) (31 14 22 12) 60 71 (48 92 24) 74 33 (84 13 25 41 67) 93 (62 53 38) 97
94: (70 29 2) 64 (37 67 57) 33 34 1 (95 75 78 25 26) 36 (56 22 11 23 38) (48 7 74) (84 39) (13 63 65 8 62 98 60 94 73 88) (4 45) 61 77 68 (71 27 96) 40 (3 55) 99
95: (43 32 35 4 87 37 34 95 100 26) (86 46) (11 74 7) 65 (98 88 92 6 31) (21 60 93) (50 1) (25 63) 84 67 66 15 (94 33 29 76) 38 (45 16 56 22) (61 62 13 19 48) (71 23 51 2 77 39 59 91 83) (55 68)
96: (13 17) 35 (57 89 7 77 33 83 93 75 4) 2 (46 16) 45 92 64 (65 26) (60 79 37 11) 34 98 (22 39) 29 (63 78 94 27 56 21 96 84 88 66) 47 1 (28 95) (87 62) 74 (48 76 68 43) (40 14)
97: 62 6 86 (80 33) (29 46 36 96 63 88 75) 99 (93 73 37) (23 74 49) (16 65 68 11 21 26 1 92 15 7 44 57 12 17 95) (30 78 22 4 39) (94 34)
98: 94 (89 88 31 56 35 39) 13 99 (75 96 95 46 11) 73 (16 55 78) (21 49) 70 (33 76 92 58) (4 1 93 26 15) (32 43 68 36 17) (52 87 14 34 12 64 74 62)
99: (68 59) (69 18 57) 65 (71 94) 64 15 (67 96) (34 99) (9 14) 66 30 (19 29) (70 73 56 16) (74 33) (92 38 37) 4 (52 26 1 48 7 25) (40 76) 98 (2 60)
100: (37 38 92 21 97 68 88 83) (24 7 70 22 43 56) (31 26) 64 85 (66 95) (30 96 100 69 49) 94 (32 44 41 67 13) (78 8 63 71 76 11 77) 40 (4 6) 52 39 33 34 (29 1 2 15) (62 99 23) 61 45
