100 100
1: 50 43 59 88 33 64 90 8 84 24 81 57 21 65 71 18 7 27 54 2 38 94 75 13 70 91 4 74 16 34 86 41 53 92 66 17 73 56 100 51 63 15 89 79 1 5 52 22 72 47 39 28 77 30 99 96 85 83 32 19 61 97 98 45 80 78 93 62 36 23 29 44 6 46 3 60 31 35 40 14 69 95 9 67 37 11 55 87 20 25 12 26 82 68 42 10 58 48
2: 51 28 50 31 96 86 40 56 74 46 54 52 65 15 77 59 90 63 69 61 42 14 94 92 2 83 57 60 66 36 85 71 72 49 25 98 45 30 73 78 7 100 32 12 91 97 10 64 13 38 11 27 16 18 9
3: 9 62 54 93 70 95 79 31 80 68 17 40 28 91 87 44 23 48 27 72 96 47 34 7 35 92 12 98 97 50 94 45 55 10 29 71 52 57
4: 92 8 97 11 100 14 95 30 88 35 84 16 91 85 82 75 21 68 7 13 39 70 71 4 26 49 40 27 50 19 17 72 99
5: 76 94 87 23 67 78 28 96 79 93 49 85 9 15 26 69 20 19 68 13 33 12 39 42 18 40 58 21 84 36 70 30 17 75 48 56 62 4 29 38 14 71 2 7 89 66 95 63 43 74 47 34
6: 15 46 45 55 62 26 35 1 10 41 38 40 90 30 77 50 51 100 65 32 25 63 89 91 80 42 87 9 54 47 53 23 99 17 28 22 31 29 86 6 21 75 11 39 56 43 5 72 3 96 79 59 13 71 4 16 64 82 81 88 37 20 2 61 34 33 84 95 24 93 18 60 83 85 49 58 78 74 12 7 92
7: 41 4 87 77 8 40 21 71 81 61 93 89 67 90 5 76 14 44 97 80 45 2 79 27 7 66 49 6 75 60 78 29
8: 36 84 70 56 15 12 38 62 9 18 31 24
9: 42 15 38 21 51 65 74 14 7 64 91 41 83 35 6 11 27 63 79 24 1 36 68 33 87 92 10 84 17 61 77 8 59 88 62 43 70 67 22 78 48 28 12 72 76 86 29 58 56 80 73 69 53 97 19 89 34 2 4 100 99 32 57 40 25 94 54 95 44 55 60 39 71 82 66 49 45 50 85 26 5
10: 90 15 4 79 50 3 84 87 32 49 22 38 34 63 61 83 72 31 44 95 37 91
11: 4 14 71 52 2 43 80 90 70 31 61 29 7 21 8 32 51 12 40 30 5 74 36 95 78 89 1 55 76 34 66 60 49 37 57 26 81 98 72 20 65 27 28 62 50 92 15 10 45 84 41 17 22 63 75 67 25 83 3 69 9 68 35 19 88 94
12: 74 59 61 9 35 16 70 84 80
13: 43 4 100 49 54 67 29 85 8 13 90 9
14: 2 15 44 42 38 33 26 3 20 78 34 4 12 100 74 21 6 47 51 79 87 25 37 59 53 39 54 1 13 14 11 85 55 63 32 84 62 75 45 69 46 70 77 95 48 28 72 92 80 41 43 93 18 90 31 27 29 19 5 30 94 35 86 8 97 17 71 67 82 68 98 91 50 58 60 16 89 52 76 24 23 22 9 61 7 65 64 88 10 73
15: 93 62 73 40 66 4 27 79 92 71 18 74 48 23 69 91 44 3 70 58 88 2 56 30 75 67 98 89 76 16 85 82 19 55 7 57 26 36 12 45 5 50 46 80 33 42 6 32 17 100 59 41 28 29 96 13 37 60 83 95 38 24 21 64 53 1 22 65 25 8 54 14 11 49 47 10 81 72 39 90 94 51
16: 64 5 22 66 92 12 11 76 57 60 80 17 42 7 93 83 88 71 86 84 1 77 46 30 31 27 73 96 10 81 40 97 8 53 21 35 95 79 15 48 28 56 38 13 44 61 82 58 62 26 69 43 98 85 29 78 33 67 55 89 18 100 87 52 70 6 24 41 32 91 4 9 51 2
17: 93 56 96 68 97 99 60 13 45 18 92 22 57 51 32 59 25 66 37 33 90 65 44 69 79 78 39 91 77 61 9 75 42 40 52 3 10 16 15 98 55 84 8 24 82 49 58 73 5 17 64 85 38 30 4 34 80 48 29 20 26 11 72 28 43 35 1 70 50 54 83 53 41 47 81 71 7 89
18: 68 34 35 63 54 59 76 67 15 46 19 37 17 83 95 7 81 11 74 13 21
19: 26 74 78 12 72 34 77 29 17 70 9 39 85 96 57 18 30 25 83 3 97 81 86 59 23 6 2 99 46 40 54 98 63 76 50 15 42 84 80 92 55 91 36 19 100 44 37 94 4 13 43 35 16 93 14 7 5 64 62 1 71 48 31 51 60 52 27 10 87 53 95 68
20: 53 98 81 34 26 33 67 49 44 82 78 41 93 11 57 24
21: 27 81 82 85 92 68 77 55 34 78 76 57 12 50 43 38 39 88 15 74 2 83 59 41 56 79 42 58 95 44 67 52 5 18 25 60 11 3 53 36 46 91 26 73 47 19 7 64 40 75 37 90 49 54 99 45 61 93 17 20 62 86 87 98 24 48 8 16 4 6 63 80 30 71 35 33 69 66 29 84 94 10 13 31 89 14 97 100 21 65 22 9 72 1 23 32 96
22: 99 87 94 32 68 53 25 2 47 21 41 17 23 7 91 92 82 52 50 44 9 1 85 86 33 16 59 100 45 58 38 78 19 69 61 13 5 54 66 26 42 75 39 97 34 10 22 37 70 63 18 72 14 79 74 84 71 60 24 4 49 55 46 40 56 12 98 62 93 57 43 89 28 20 3 11 15 95 76 27 90 48
23: 56 22 82 2 91 28 92 34 36 16 47 96 31 90 14 61 86 43 11 54 25 23 9 72 41 79 6 65 35 33 42 12 24 15 21 37 70 62 3 85 69 4 46 81 95 58 78 19 83 77 89 63 73 5 97 64 8 49 66 88 38 32 71 99 93 29 17 20 100 51 52 18 67 26 53
24: 89 90 94 81 61 100 80 20 43 34 18 37 33 75 9 40 49 17 11 65 62 60 29 45 39 88 85 36 14 54 27 84 28 15 91 46 64 38 32 24 92 71 86
25: 71 18 36 47 11 29 93 9 37 80 49 54 43 73 3 10 98 6 67 76 86 70 34 100 22 28 50 97 2 46 33 4 39 20 82 74 99 78 57 25 87 62 19 23 61 84 5 40 63 83 48 24 42 15
26: 87 2 88 59 72
27: 56 88 79 60 58 42 54 59 97 63 37 15 9 78 4 19 33 62 5 89 8 1 81 98 100 85 65 52 40 83 11 24 10 49 14 73 25 67 99 61 39 23 6 50 71 36 28 84 41 27 53 72 92 57 69 13 90 20 77 91 87 93 29 86 34 75 51 43 44 7 22 76 30 95 3 74 46 48 68 32 31 12 21 35 70 96
28: 85 5 74 49 91 22 56 90 36 78 58 21
29: 59 96 19 56 1 74 52 11 78 92 43 35 94 95 97 46 26 75 86 4 42 90 38 47 7 64 63 5 81 44 50 80 40 49 2 17 37 39 29 15 24 33 93 72 48 14 73 36 76 21 8 83 57 27 13 18 69 99 71 62 98 51 70 58 60 79 87 82 31 54 77 34 66 100 23 6 67
30: 38 70 30 18 84 24 45 29 12 58 1 43 91 11 52 48 53 9 27 15 69 50 36 20 16 95 67 76 83 64 13 92 28 86 85 26 37 22 74 98 79 23
31: 55 48 84 14 89 13 69 49 21 10 23 2 18 90 3 35 85 12 63 32 22 57 31 64
32: 100 7 12 85 71 31 68 21 63 48 55 43 59 96 11 18 19 92 52 53 62 26 3 87 57 83 38 94 51 45
33: 53 19 16 8 78 89 17 100 84 57 62 98 79 6 67 72 13 44 50 90 81 97 45 14 10 25 39 63 35 52 96 23 15 30 21 27 68 42 77 26 70 95 73 59 61 48 88 40 76 37 86 7 43 69 41 60 22
34: 76 54 94 98 70 69 9 6 13 73 37 78 65 5 18 36 72 90 53 58 79 12 21 43 3 95 38 68 24 51 52 99 34 25 49 62 83 60 44 97 55 56 10 40 80 30 28 91 96
35: 86 5 62 89 98 23 68 79 1 32 8 54 37 28 87 82 15 97 95 20 88 99 66 93 73 51 92 78 53 12 80 57 6
36: 99 55 47 92 80 13 37 22 18 21 8 12 30 10 38 96 51 46 43 4 68 63 78 25 23 29 62 77 94 17 89 40 9 1 87 6 31 79
37: 8 21 89 39 92 72 97 27 16 18 38 6 57 73 41 76 25 70 13 79 66 34 26 30 12 99 17 67 19 93 42 98 51 52 54 88 82 28 36 24 9 81 100 29 35 58 62 49 86 96 47 53 14 95 2 10 77 90 3 40 94 64 37 80 15 11 75 22 55
38: 82 62 11 58 40 89 64 97 7 17 95 66 65 46 36 6 23 29 33 79 86 32 77 51 22 53 88 16 31 20 73 5 75 30 18 48 35 99 37 96 94 67 68 9 13
39: 69 65 22 81 77 17 79 6 9 43 45 41 100 93 75 37 90 16 33 5 34 85 3 80 98 50 62 26 8 64 83 18 56 60 99 68 82 35 96 27 28 25 72 2 87 51 42 15 14 23 67 11
40: 66 13 76 11 59 6 48 99 70 49 14 93 47 95 39 43 15 29 40 96 24 44 91 89 81 100 58 16 94 35 2 37 78 64 82 98 27 73 3 84 5 10 87 50 25 88 7 62 54 80 9 45 23 71 55 68 69 75 30 34 86 1 61 63 32 72 57 36 41 51 60 67 19 33 92
41: 20 57 79 74 66 60 83 62 22 17 15 96 16 54 24 38 63 47 76 18 52 14 6 4 23 90 58 41 92 93 87 91 94 13 49 82
42: 98 41 80 35 3 84 82
43: 51 24 56 26 88 27 68 85 75 70 3 89 83 13 77 43 49 4 95 19 55 32 50 35 8 100 90 71 28 59 25 87 67 22 36
44: 95 74 20 71 64 46 29 91 41 17 26 92 4 59 10 54 57 36 23 75 50 24 52 5 86
45: 20 93
46: 32 82 94 48 69 7 10 18 85 23 43 47 95 41 21 54 6 89 11 86 44 65 2 83 70 73 33 80 22 74 8 64 78 42 52 14 53 56 37 17 28 97 49 3 31 67 88 55 29 24 62 38 5 92 34 63 96 40 61
47: 53
48: 22 41 96 8 86 17 89 26 56 68 81 18 84 98 54 48 23 12 45 15 2 35 38 5 46 59 65 32 20 79 78 50 24 7 60 64 97 61 34 19 9 74 75 16 30 90 53 85 42 69 70 100 29 10 33 95 99 44 94 36
49: 89 82 71 52 26 53
50: 68 33 5 52 54 18 50 29 39 97 61 82 92 60 2 89 7 53 26 17 70 1 13 24 44 31 12 78 40 81 65 56 85 30 48 11 32 90 99 79 25 19 37 6 77 69 35 43 41 20 83 22 8 74 84 76 27 49 38 88 73 45 71 100 21 66 4 91 96 72 42 14 46 51 47 58 98 75 16 93 87 23 36 63 10 59 3 15 64 94 80 9 67 28 86 55 62 57 34
51: 84 80 29 67
52: 27 68 23 42 13 70 57 34 29 45 33 92 53 38 76 10 7 1 99 14 94 98 65 89 60 3 41 90 95 50 46 77 47 37 48 80 55 39 9 5 44 17 43 61 54
53: 55 87 10 42 53 76 33 93 41 3 89 1 39 75 72
54: 60 23 88 91 64 7 46 86 16 70 5 9 84 61 56 27 43 38 24 4 25 31 51 97 32 53 95 45 6 40 10 35 93 98 28 94 49 74 44 52 1 11 78 85 50 75 42 37 2 21 30 59 92 48 72 15 57 39 63 55 80 41 79 66 47 17 19 3 36 83 65 58 90 26 62 96 89 87 22 82 69 67 20 100 34 81 14 18 12 71 13
55: 51 79 36 5 44 64 47 24 68 100 6 9 4 34 50 66 54 75 13 22 72 84 81 65 52 10 29 14 71 23 11 74 3 96 53 17 41 2 21 37 57 45 86 73
56: 5 51 54 22 58 17 1 50 45 19 39 16 98 79 2 38 56 82 20 13 81 87 21 34 91 18 47 30 78 12 26 60 15 95 61 6 31 43 94 3 86 14 35 59 49 63 55 99 65 46 85 8 67 4 96 33 25 42 74 76 66 7 24 90 80 70 28 93 53 29 72 27 100 92 73 9 36 37 89 83 41 97 68
57: 55 1 72 98 19 93 69 36 28 49 29 80 46 50 96 70 40 61 76 39 21 85 32 11 8 87 92 5 60 4 100 99 33 35 63 52 82 58 43 66 88 23 91 77 26 34 27 86 44 95 71 18 57 10 53 59 37 74 79 15 73 51 41 38 45 47 84 14 30 67 12 90 6 3 20 22 48 56 13 42 75 9 24 31 81 68 64 65 94 17 7
58: 45 69 40 95 16 27 88 50 26 42 67 21 53 5 39 14 85 77 86 11 47 90 29 30 98 55 48 34 20 3 10 75 13 82 6 22 94 38 7 51 80 41 96 89 57 71 52 36 68 78 54 63 44 99 17 4 64 2 25 58 91 60 65 92 73 87 23 12 61 56 28 31 37 72 35 32 81 93 18 83 59 97 8 84 79 74 1 70 15 66 33 43 24 62 49 76 19 9
59: 62 52 68
60: 19 24 22 86 58 76 93 28 98 18 69 20 12 9 50 89 79 56 73 7 71 30 92 11 63 70 2 48 83 94 64 6 33 95 62
61: 35 1 66 17 84 70 100 21 71 24 98 3 46 19 40 65 50 54 58 52 76 77 26 48 72 11 10 45 5 44 63 85 33 31 99 68 22
62: 21 99 97 59 53 95 8 38 84 41 6 9 78 23 11 98 71 65 2 76 47 40 74 67 25 96 32 46 3 60 7 73 72 57 24 58 28 15 63 22 36 35 18 79 16 54 48 93 55 13 68 75 85 10 86 26 43 82 39 27 12 100 14 81 62 83 66 49 34 31 45 19 17 77 91 69 1
63: 99 79 72 10 98 58 92 56 25 94 5 65 32 20 27 74 16 77 54 71 57 48 41 95 88 21 1 82 67 28 76 81 19 36 50 11 70 63 34 6 69 52 37 7 26 44 73 93 100 68 80 75 45 64 15 33 62 53 24 23 49 13 12 3 85 87 47 30 43 59 83 51 90 38 46 78 8 4 35 66 9 14 18 91 96 17 22 86
64: 49 11
65: 88 37 17 82 28 76 24 4 49 41 91 23 42 39 87 44 34 64 72 9 69 61 63 48 5 32 62 52 8 43 100 29 67 33 93 2 92 35 13 81 21 7 1 68 60 38 36 78 30 96 22 71 65 46 98 85 3 84 94 6 18 50 45 59 55 57 97 51 16 95 80 77 53 15 58 89 19 86 11 12 47 66 99 31 74 75 70 79
66: 27 64 14 5 42 49 20 81 78 71 11 53 35 22 75 59 19 8 82 73 93 36 29 84 17 79 37 92 45 46 94 91 98 43 3 69 100 44 58 34 72 57 63 47 97 76 86 99 30 4 74 26 31 39 16 25 85 6 40 13 12 56 28 23 90 67 65 55 21 62 68
67: 33 13 67 66 37 61 11 44 91 73 40 18 46 41 94 12 3 96 17 20 87 47 29 89 36 35 84 43 15 75 25 86 62 64 32 85 28 60 9 16 99 52 7
68: 93 25 27 86 56 6 90 74 98 79 71 94 69 43 62 29 89 36 70 48 51 58 61 60 77 39 87 35 32 26 4 49 46 55 50 42 22 16 33 19 3 13 20 81 78 68 14 92 99 75 96 64 45 34 53 88 80 28 95 84 9 83 31 63 97 67 30 21 66 38 18 8 7 24 2 82 72 1 73 40 15
69: 69 70 78 25 63 89 40 10 56 22 62 32 4 77 99 54 2 65 60 98 35 100 76 53 17 79 52 97 87 13 66 1 64 67 16 37 19 12 47 9 57 74 41 24 3 81 31 84 33 34 43 28 91 11 42 73 71 75 83 49 95
70: 74 47 29 40
71: 89 88 13 3 17 69 79 21 74 78 38 92 46 15 98 91 1 24 4 29 84
72: 9 10 2 81 20 67 22 56 38 53 48 82 26 96 35 99 45 60 21 69 97 36 73 55 51 31 77 84 79
73: 45 100 59 90 71 26 86 81 53 12 80 28 89 16 48 14 96 13 68 57 4 32 77 9 75 40 15 58 1 39 88 29 51 73 11 38 3 76 19 44 41 55 6 99 74 72 85 33 30 35 91 70 42 49 65 23 43 66 56 61 37 7 18 25 27 83 64 95 60 31 82 87 97 2 50 21 93 94 22 92 34 46 62 78 63 47 20 79 24 52
74: 51 76 5 66 52 83 65 3 50 56 6 37 94 81 77 74 69 10 49 30 28 55 11 33 73 1 61 15 86
75: 37 57 47 35 24 21 80 66 22 98 53 94 27 2 50 45 97 58 7 90 63 17 9 30 11 56 82 75 14 54 42
76: 98 94 46 66 22 29 93 14 17 33 52 55 67 41 40 10 6 87 85 54 2 50 24 16 13 56 37 96 70 72 57 81 92 4 12 36 8 42 60 51 100 80 5
77: 41 16 96 18 30 38 79 54 55 32 58 52 50 6 24 46 28 35 15 11 80 78 9 93 68 39 91 29 84 77 73 85 4 56 47 14 10 44 7 71 27 20 21 100 3 37 69 67 97 57 59 19 1 26 60 83 90 72 66 34 63 33 48 45 31 62 13 76 2 87 5 12 98 70 64 74 81 65
78: 6 17 44 59 73 26 11 58 24 5 25 12 52 53 20 47 10 48 94 33 36 27 80 78 14 46 62 9 100 22 83 30 41 29 63 97 92 88 50 49 18 57 65 39 32 1 71 28 66 70 7 75 99 86 81 4 45 64 79 31 38 23 76 90 91 82 61 55 42 2 72 69 87 98
79: 96 95 6 93 26 10 36 90 16 75 84 37 23 53 41 85 8 71 57 3 86 24 30 61 18 83 82 99 48 34
80: 13 79 33 54 77 45 6 30 8 72 89 44 16 69 19 61 64 7 37 74 49 39 34 83 47 81 87 36 62 93 78 84 42 48 40 94 50 96 73 100 98 32 5 91 76 85 51 97 66 2 28 95 59 52 4 67 57 65 53 90 43 31 55 14 80 10 82 15 18 24 23 63 3 27 70 12 68 75 11 71 58
81: 67 92 37 17 53 55 52 61 76 69 9 33 22 58 36 93 20 84 25 2 45 94 63 82 91 54 98 39 5 89 95 99 48 100 56 79 30 40 72 73 21 96 18 41 65 28 74
82: 95 80 34 45 89 33 36 46 3 47 7 39 42 99 44 28 8 61 53 35 68 6 91 9 72 74 14 20 26 83 25 100 64 77
83: 9 27 29 24 31 96 35 65 59 19 72 48 87 22 94 86 34 26 83 39 74 77 63 95 56 75 85 84 88 61 2 45 14 42 68 53 20 49 67 89 93 41 78 30 64 36 91 97 80 92 25 47 66 100 33 73 58 71 1 13 32 44 11 62 54 4 55 16 8 17 6 50 40 46 60 10 43 51 98 23 18 7 90 69 79 28 99 52 21 76 70 38 5 37 57 82 3 81
84: 47 35 94 34 55 44 79 72 37 87 88 25 77 98 62 19 45 60 13 59 4 92 23 93 78 40 36 69 16 3 57 18 48
85: 67 24 51 23 1 28 45 66 83 77 92 18 15 27 44 21 36 41 99 88 74 8 47
86: 78 73 58 48 70 28 49 96 66 93 4 61 9 2 8 42 27 76 10 53 69 68 37 26 41 56 1 54 52 94 89 19 16 14 47 84 46 3 100 43 65 60 29 30
87: 61 90 72 57 70 63 38 50 9 45 26 52 4 40 37 73 95 25 77 98 89 53 41 28 55 32 51 24 35 71 14 80 39 81 47 15 46 36 31 75 69 18 93 67 5 54 91 27 88 8 78 19 20 79 58 10 82 94 22 29 33
88: 44 100 7 18 71 85 96 28 21 33 13 42 31 19 72 25 75 53 92 86 3 5 81 74 49 43 22 89 2 40 51 15 16 78 69 24 82 61 46 58 62 57 97 90 38 60 35 67 9 79 11 36 34 6 99 26 39 68
89: 38 32 96 9 62 76 49 13 83 84 90 5 11 98 87 15 21 66 85 91 29 70
90: 96 8 46 33 15 55 30 39 3 63 27 72 45 16 89 69
91: 89 84 30 99 37 56 15 7 92 13 40 67 2 72 6 46 63 16 94 57 4 14 76 81 33 100 80 28 42 96 68 3 29 35 85
92: 15 48 25 76 49 86 98 81 87 62 5 93 100 88 65 95 41 89 59 18 43 94 31 8 34 82 9 12 26 79 90 33 38 6
93: 12 93 50 94 45 30 68 5 18 49 4 76 22 7
94: 56 9 35 76 88 97 49 72 84 91 65 41 1 94 23 40 36 15 18 14 79 12 50 4 87 99 16 74 75 78 67 82 53 100 80 6 47 19 30 45 98 38 73 58 29 90 43 70 21 2 17 60 31 24 93 85 8 92 57 52 13
95: 11 62 47 33 32 22 78 52 15 31 24 92 23 57 87 16 19 1 67 75 66 96 58 12 94 93 40 89 30
96: 28 41 94 67 30 43 1 54 86 68 61 11 95 25 65 18 27 60 73 46 72 32 16 13 17 63 49 19 58 42 47 70 74 3 20 97 96 92 57 66 53 8 23 44 91 79 45 71 77 84 6 88 80 36 99 76 9 39 75 7 90 55 40 87 78 4 5 21
97: 10 53 70 87 83 3 17 56 34 31 22 20 98 50 63 93 58 57 76 52 24 100 85 68 94 37 19 95 45 97 38 23 2 99 18
98: 72 4 17 28 95 38 74 88 89 27 57 35 40 79 2 78 58 44 84 45 43 75 82 59 37 24 100 12 99 90 31 97 64 7 23 19 91 51 94 33 81 71 98 55 10 70 34 76 87 96 52 93 86 26 6 8 21 83 32 16 36 5 15 62 68 3 30 65 13 47 29 50 1 39 25 66 77 41 73 22 48 69
99: 1 98 35 74 88 81 5 23 90 16 89 45 91 52 27 15 78 54 13 61 85 48 68 86 2 62 33 50 87 36 72 58 100 51 18
100: 3 67 48 13 36 34 44 7 24 49 8 51 78 47 30 39 31 94 55 95 4 6 96 74 57 97 33 61 22 87 98 92 83
1: (69 14) 78 (21 11) 35 53 (29 22 86) (85 40) (15 94) (54 9 99) (56 63) (95 27 16 57 74 65 68 62 30 83 61 73 58) 52 (96 71 98 19) 6 (36 1 50 77 17)
2: (21 48 94 98 26 29) 50 77 (73 99) (78 54 25) (7 97) 2 (56 72 23) (80 9) 81 68 (76 22) (86 31) 83 (40 58 39) 91 60 (15 5 14) (65 37 19) (62 69) 55 (75 6) 1 (46 16 88 11)
3: (65 46 98) 52 58 97 96 (66 19) (53 15 68 37 80) (21 25 62 6 86 90) (54 34 79 32 22 40) (69 55 14 23) 1 11 (50 77 67 88 100 71) 10 (43 61 63 56 74 39) (73 84 83) (31 17 57 42 82 27 91)
4: (66 56 25 63 11 73 14) (87 57) 98 83 (77 1 94) 9 (84 58 23) (78 55 19) 36 (86 44 68 5 93) (100 15 76 22) 21 (4 69 71 80 41 50 13) (10 54) (96 17) (43 7) (6 27) (91 65 29 16)
5: (1 61) 56 (23 98 93) (35 87 74) 21 (54 6 15 76) (80 14) 38 34 (39 81) 40 57 (99 58 48) 96 (92 89 19) 22 (46 25) (44 63 16 52) (7 27) 66 28 83 (11 55) 50 (29 77 9) 17 (88 65 78)
6: (77 19) (83 73) 1 (14 63 6 100) 74 88 (76 65 16 7) (58 78 9 66 56 33 41 91 80) (39 54) 92 (21 40 50 79) 96 25 60 (94 46 27 98) (29 34 68 55 15) (36 82 35 62 38 57 23) 37
7: (54 62) (4 96) (27 58 22 15 29 33 73 9) (52 60 91) (46 57) (11 19) (32 77 48 6 17) (80 65) 21 (68 63 40 98 3 75 100 7 2 16 38) (67 14) 82 93 (78 5 83) (50 18 88 56) 1
8: (35 21 87) (82 48 36 37) 62 66 (29 17 68) 80 86 4 (15 16) 58 50 14 100 (85 56) (39 13) (11 92 94) (98 9 79 65) (96 33 7 27) (63 83 57 90 76 43) 46 (23 1)
9: 30 78 62 86 (17 89) 55 87 36 48 (63 67 1) (68 94) 24 (73 3 88 69) (50 5 56 40 54 81) (21 16 52 2 96 13 83) (8 65 11 38) 72 14 6 58 (92 82) 37 60 (25 39 75) (23 19 12 57) 34 77 (27 22)
10: 36 (16 2) (3 79 25 1 15 86 58 87) 27 (21 11 74) 14 72 34 6 (37 80 9 22 17) 50 31 (19 97 54 40 48) 46 69 (63 98) (52 55 57) (44 61 77 62) (53 33 78) (76 83)
11: (24 18) 60 46 (96 17 27 74 1) 89 (20 58) (54 16) (30 63 75 55 67 83 66 29) (73 78 88 69 2 61 22 25 39 62 37 9 80 77) (40 14 50 64) 65 15 21 (57 23) 95 4 6 32 38
12: (60 48) (35 80 32 66 78 27 16 1 54 19) 65 (8 73 92 2 6) 36 (94 23 93 30 11 37 34) (67 98 15 77) (3 62 63) 21 (58 31 56 22) (95 5) 50 (14 69 76 9 57)
13: (54 31) 77 16 43 (22 67 5 88) (98 69 52) 66 (89 29 83 63 71) (55 50) (21 100 96) (58 4) 37 41 1 84 99 68 (14 36 19 18 15 13) (30 91 33 73) 27 (94 38 56 80) (76 57) 17 65 62 (2 6 34 40)
14: 22 86 82 (73 66 62 56 46 77 39 19 41) (54 27 31 55) 57 (87 7 33 80 21 75) 78 (11 2 29 52) 37 (4 68 94 40 23 9 58 1 63) 83 14 (91 76) (50 15 5 24)
15: (39 77 56 91 9 14 87 88) (63 41 54 48 16 74) (8 37) (30 90) (27 21 50 62 98) 94 67 11 (23 85 68) 95 (99 25 33) (22 65) (58 71 73 5 57 89) 17 (10 19 92 24 80 2 35) (6 18) (29 40 1)
16: (6 17) (58 96 69 77) (83 48) 86 12 (33 23 38 68 40 91 88 1) 73 (30 66 98) (39 19 15) (65 80 94 21 54 99) 22 (67 50) (56 95) (2 90 4) 79 (62 63 76 84) (14 41) 37
17: 96 (94 3 24 4) (19 5 11) 52 81 9 (44 18) (41 15 69 62 22 39 78 58 38) 21 (65 61 50 17 37 48 66 33 29) 54 (75 55 6) (71 16) 97 (36 56 1) 57 (83 23) 98 (14 46) 67 (76 63)
18: (31 24 36) 15 57 6 (92 88 21) (63 85 97 80) (62 5 79) (29 84) (96 46 87) 67 14 (65 77 50 16) (56 8 99) 83 (60 30 34 22) 48 23 (39 78) 25 (93 58 41) (54 38) (37 2) 81 (17 73 1) (19 94 32 68)
19: (84 88) (66 15 65) 1 32 (58 98 18 87) (21 63) (95 62) (25 27 14 23 50) 40 (77 4) (22 57 80) 9 (97 96 83 19 54 48) (68 11 60 61) 43 (33 69 5) (56 29 37 94) 86 73
20: (14 56) 5 6 11 30 (27 83) (41 25) 72 (38 1) (17 58 24) 68 (45 21) (60 54) 22 78 (48 23 97 96 87) (73 35 67) (66 63 82) 50 57 (44 81 77)
21: (5 57 21 73) (72 37) 58 (4 65) (63 68) 31 62 (28 22 88) (46 66) (7 23 54 34) 94 50 (83 33) 9 (96 85 15 11 98) (89 75) 6 16 (71 77 56) (81 32) (27 1 55) 14 18 (29 61 36)
22: 65 (11 83) 21 (38 97 88 16 68) (72 100 17 55 39) (58 36 62 61 93 78 31 54 87 14) (66 75 6 46 30 50) 57 (76 1) (25 48 98 69 73 95 43 37 63 27 60 33) (22 28 81 15) (56 23) 10 (9 41)
23: (23 22) (21 52) (95 36 46 66 31) (80 84 62) 6 78 (33 41) (63 98) 40 83 (39 96) 97 (29 55 27 14 65 79) 1 3 15 (57 35) 44 58 5 (94 48) (19 50) (99 25 54) (38 85) 73 30
24: 30 (98 100 16 60) 56 54 61 1 (78 57) (69 6 76 40 23) (94 95 75) (14 8 27 87) (9 41) (34 37 48 55 50 17) 63 (80 73 83) 65 68 (20 58 77) (25 88 24) (85 29 79 15) 97 44 (21 71 43 62 46) 22
25: 36 15 (23 68 1) (9 78 21 17 88 43 37 67) (50 22 82 81 27 33) (87 98) (54 73 58) (2 14) (19 34) (11 63 92) 83 (62 56 66) (25 96 39 69) 6 (84 40)
26: (17 82 62) (20 43 39) 83 (49 15) 37 33 30 (16 14 92 57 78 77) (5 63) 61 (98 73 56 88 54) 68 (87 32) (48 6) (4 1 79) (19 58) (23 72 66) (9 29 22 86) 21 (44 50) 11
27: (3 14 40) (52 98) (99 37 21 11) (15 43) (87 80) (86 2) (63 58 1 9 96 16 54) 62 (29 50) 24 57 77 78 (22 75) (4 73) (30 33 68 39 19) (85 90 56 7) (66 27) 83
28: (63 87 80 30) 43 (2 5 6) (14 46) (78 34 91) (23 86 67 65) 24 (81 35 62 88) (85 68) (96 82 9) (77 27) (54 50 11 74) 69 (39 57) 56 (66 58 3 1) (73 83 15 17 60 25 16 22) (37 98)
29: (14 44) (87 19 57) (38 68) 83 (21 36 11 77 67 30 5 66 71) (1 3) 6 (76 37) 78 (7 46 73) 50 (40 94 55) 51 23 27 (15 25) (52 17 29 16 89 98 13 48 86 58) (91 65 56 9) (24 70)
30: 90 (81 27 83) 2 (19 34) (11 60 40 73) (80 96 74 15) (1 54) 95 (30 79) (66 94) (5 38) 33 (77 78 91 17 36 56 65 37 75) (6 63) (58 93 4 48 57 100 68 98 16) 14 (50 86 21)
31: (66 92 57 36 23 46 27) (97 68 14 58) (83 10 87 56 19 29 61 11 2 72 78 38) 32 8 3 6 62 (94 1 16 69 100 65 88 77 95 21 50 80) (31 98 54) 73
32: (38 46 54) 48 58 (65 10 63 27 73) 22 (16 96) 83 (6 2 24 62 57) (14 35 43) (87 69 95 1 68 21 67 23) (89 40) (11 31 98 17 50 9 80 77) 78 15
33: (99 81 20 100) 98 (56 25 69 92) (58 16 91) (21 88) 65 (68 52 1) (29 38) 50 (77 83 9) 24 61 (95 87) (48 27) 5 63 39 (53 76 17 90 23) 80 (73 60 22 78 6 82 67 57) (74 40) (15 46) 14
34: (9 3) 58 5 (66 27 92) 80 (48 10) 79 100 82 (20 19) 56 14 (97 34 52) 68 6 84 83 (50 1) 39 (55 63 29 65 25) 40 (46 11 22 98 88) (54 23 57) (77 73 24 37) (69 17) 18 62 21
35: (88 40 16 48) 38 (87 61) (39 9 23 11 98 94 21) (91 33 4 65) 72 (43 99 73 77 29 1 75) (54 82 42 69) (50 63 6) 31 (3 17) 84 58 (66 68 83 62 37 14) (12 19 18) (57 56 67 27)
36: 28 (100 99 85 81) 94 29 (8 2 80) (63 37) (5 30) (34 66 50 62 87 72) (11 68) (56 54 21 15) (67 84 58 27 43) 25 (19 44 23) (96 38 76 83) (82 1 65 78 24 88) 40 79 (57 48) 98 (55 9)
37: (33 55 83 84 66 56) 10 (58 63 67 97 11 38 34 81) (98 18 17) (54 27 50 23 35 77) 25 (46 39) 69 (1 6 15) (40 91 80) 21 (24 87) 76 22 (75 37 14) 29 (65 52 79) (36 74 19 86 30 73) 57
38: 24 (8 41 6) 37 (56 9 71) 88 (89 46 97 15 5 94 48 78 54 14 32) 62 22 17 52 21 (72 50) 58 63 (29 87 10) (68 30 92) 77 (23 2 34) 1 (98 73) (83 36 65 57 16)
39: 57 (52 54) 17 (83 4 19 87 78) (29 68) (56 98) (15 90) (21 25) (100 33 77) 73 5 (6 27 62 14) (53 80) 50 (88 66 1) 82 24 40 (37 81 9 22 96 58) 65
40: 50 46 (96 98 88) (25 33) (6 1 11) (87 38 37) (36 81 19) 80 (58 95) 24 (34 2 16) (40 21 62) (57 67 84 7) (9 68) 94 4 83 (70 61) (73 29) 3 15 (76 66) (54 22 27) (69 91 17) 5
41: (73 57) 14 (6 37) (54 67) (77 44) 53 (62 46) 86 (52 39) 9 48 15 92 (41 96 76) (20 17 7) (33 11 94 63 98) 56 50 (23 83 87) 22 65 (16 58 55 79) (78 42 81 40) (69 1) (27 85 21)
42: 69 (91 56) (25 1 23) (33 6 54 76 53 80) (82 65) (48 19 29) 66 (78 83 46) 68 (88 58 17) (5 22 39) 2 (52 57 73) (21 16 15) 50 (96 9 86) (75 37 27 14)
43: 22 (6 52) (33 24) 63 86 (46 94) (58 43) 98 (11 54 34 96 80 23) 56 50 13 (27 62 30 25 19 69 39) (5 32) (36 14) 92 (21 57 68) 16 (29 88 73 65) (17 40) (83 66 1 9) 67
44: 82 67 (57 66) 100 1 (58 14 48 78 54 27) (40 29 65) (80 19 84) (52 63 33 50) 15 (85 83) (73 77) (22 34 46) 98 21 (61 55 20 88) (96 7) (17 9 3) 16 10
45: 85 (61 24 6) (48 72 33) (93 73 56) (32 80) 96 (30 82 14 7 87) (15 81 40 98 2) 3 65 94 (21 22) (63 75) (50 1 83) (52 58) 55 (77 78 17 62 66) (90 97 39 54) 9 (68 57) (84 99 11)
46: 76 (87 25) 36 (71 82 18) (65 6 19) 2 (52 88 91 23 73) (83 29) 48 (77 21) 22 (50 90 54) (14 78 68 38) (63 67 57 56 86 44) (1 27) (15 16) (66 96) (61 62) 24
47: (52 29 50 15 22) 77 62 (23 86 14 40) 95 (37 5 63 75 80 6 65 96 69 70) (87 66 57 46 94) (73 85) 55 (25 82) 41 (56 98) (36 3) (78 84) 1 (17 83 100 67) (58 54 21)
48: 99 (30 83) 52 46 (31 92 61) 81 32 (5 38 19 9 79 62 16) 77 68 (58 72) (100 27 84 60) 40 17 (25 86) (48 29 80) 65 (1 50) (98 54) (63 21) 22 (3 78) (15 14) 73 (57 33)
49: (17 6 78 74 13) (28 66) (86 2) (37 5) (25 46 34 29 11 9 24 7 41 56 58 4) 64 (68 93 31 57 54 62) (20 92 40 43 27) 50 15 96 (23 94 80 83 10 88 100 63 89 21 65) 73 (69 22)
50: (78 60 11 58 65 80 57) 43 (48 30) 52 97 (39 27 93) (29 73) 15 (98 74 40 63) (17 56) 2 4 (50 75 25 21) (55 33) 99 44 14 (10 76 3 77 68) (19 94) (22 6 83 61) (54 1 9 87)
51: (65 43) 74 99 39 (68 9) (35 87 36) 17 (11 56 32 85 15 50) (73 23) 76 38 98 (54 14 58) (83 34 40) (100 27) 80 (16 88) 37 (63 1) (57 19) (55 2 29 6 72)
52: 1 (2 19) (77 74 67 17 3) (99 46 87 22 50) 61 23 (86 29 16) 30 (63 27) (14 34) 58 (54 78 95 69 94) (83 59) (98 55 81) (37 49 76 41 65) 21 (73 44) 33 (32 11) 80 (57 97)
53: (58 14 19 66) (46 33) 56 (15 62 16 30) 68 (63 82 17 37) (80 86 79 48) (88 54 50 52) (9 1 83 81 32 27 53) 49 38 23 (34 78 72 22 96 35 97 20 87) 94 (75 47) (65 57) (21 73) 69 (6 55)
54: 80 44 (2 37 48 87) 81 (1 75 9 21 23 63) 29 (15 18 52) 27 (22 50) 56 (13 86 58 62 99) 96 (34 55 19) 77 (3 14) (24 83 25 41 17) 76 61 35 (6 40) 46 69
55: (68 31 81 46 56) (16 11 34) 3 (96 15) (1 83 65) (78 54 53 98) 58 84 9 (74 52) (22 14 50) (90 62 6 77 80) (40 66 87) (17 37 43) 76 19 21 100 (57 72) (73 32 36)
56: 94 (34 54 77 72 75) 27 (46 5) (97 48 50 16 29) (6 1 60) (21 9 69) (83 39 23) (17 86) 57 (81 15) 58 (74 2 56 43 28) (8 68) (73 91) (63 76 66 22)
57: (73 97) (41 84) 16 57 (3 2) 95 (35 65 98 29 11) (19 9 66 20 83 58) 21 (79 40 88 22) (37 75 27 32 100 62 80) (52 94) (78 69 1 17 96) 54 (55 87 33 50 77) 63 44 (76 15) (91 31 25)
58: 86 15 (61 9 14 58 21 98 87) (30 40 34 65 68 80) (6 81 60) (54 56 50) (29 99) 96 (97 66 41 5 88 73) 38 75 77 (16 94 95 27 17 28 23) (37 22 63 62 78 83 1 57)
59: 62 80 (98 56 29) (6 84) (77 32 1) (22 33 18) (9 57 65) (21 15 48 83 14) (2 27 66 40 58 17 63 54 50 43) 44 26 73 19 (92 78) 12
60: 21 57 (19 41 2 86) (54 65 52 15 69 34) 7 (77 29) 27 (33 1) 14 (96 68 9 50 16 72 48 17 62) 73 83 (76 84 22 6) (39 40) (67 11 56 58 88) 94 24
61: (6 40 2 12 23 86) (7 87 78 27 82 96 57) (33 74 68 24 16) 73 (65 81) 46 100 (10 48 83) (54 80 14) (79 50 56 88 67 25) 99 (21 58 22 11 1) 52 (17 9)
62: (15 80 39) (35 34) 69 25 (58 62 98 6 92 60 77 27 50) (36 63) (33 54) (37 3 32) (95 89 88) 8 (83 40 22 11) (73 21) (23 65 59 38) (41 1) 78 (5 29 99 19 67) 24 16 (9 84 46) (14 66 68)
63: 87 (25 56) 75 (41 77 29 83) (66 40 63) 9 (1 80 68 21 14) 90 36 (2 27 96 33) (11 78 5 22 23 62 69) (73 18 58 81 60 61 65) (57 32) (10 97 31) (91 54 19) 6 50 46
64: 48 69 (80 21 1) 40 (16 6 46 98 9) 14 55 (82 17) 31 (39 58 38) 44 24 30 (60 83 77 57 67) (73 23 66 19 37) (68 2 29 78 50 63 15 54) 65
65: (6 54) (39 86 48 1 14 27 83 46 81) 11 (50 96 69 24) 73 38 (55 65) (2 15 52) (58 23 80 77 57 56 92 74 78 98) (62 63) (34 66) 9 (21 17 94) 61
66: 68 (76 5 23) 50 (41 2 29 75 1 77 86) 17 (58 95 96) 65 98 16 (74 69) (67 35 21) (85 55) 7 (63 73) 57 78 54 89 (15 9) (37 62) (40 22 56 83) 61 (38 80 11)
67: (43 80) (38 21 11 14) (96 72 68 5) (23 27 15) (1 50 81) 29 57 (77 13) 33 (25 94 85 88) (67 62) (58 46 56 16) (20 65) (95 9 51 87 30) 66 100 (69 63 18 37 76) 40 (39 54 91 83) 7
68: (27 9 40) (38 93 77) (98 1) (17 82) (21 14 33) 55 39 (36 43) 50 18 (86 99) (52 68 4 3 97 63) (65 11) 35 (96 88) 56 83 (59 32 22 58) (5 48) 80 (19 73 57) (62 61 34 91) 66
69: 2 (77 33 48 14 17 1) 23 72 (62 57) 98 86 (60 81 88 50 9 71 90 78) (87 30 5) 22 (66 68) 84 65 (39 69) (80 74 46) (34 29 11 27 63 54) (40 16 58 21 31 83) 15
70: 1 77 (80 48 4) (34 33) (3 25 65 29) 73 (52 30) 78 (22 37) (58 17) 8 (16 12) (56 5 40 87 61 68) (94 54 76) 89 (9 46 97) (27 23 50 96 57 83 15) (14 98 19) (11 60 69 86) (63 43)
71: (69 50) 78 58 (79 88 98 49 60 5 96 23 77 54) 7 (65 27) 14 (17 3) (55 66 6 44 29) 80 73 32 40 (15 25 83 62 22) (68 63 24 19) 57 (16 87) 2 11 (4 43) (9 1 21) 61
72: (91 62) (10 17 56 88) (80 15) (26 23 99) (3 83 40 9 84) (82 11 94) 65 1 58 34 (33 21 90) (19 14) 87 (6 63 96 53 68 76) 61 78 29 (50 22 73) (98 77 4 81) (37 54 66 2 39) (27 55 57)
73: (72 15) 74 40 56 (66 55) 23 83 (69 16) (78 17) (62 96 37 46 58 86) (57 35) (27 67) (14 25) (9 87 73 34 21 80 60) (94 98) (63 1) (33 29) (81 38 2 77 50 68)
74: (27 46 96 12 25) (41 85) 83 (66 88) (19 82 9 14) (50 98 81 70) (77 1) (15 62) 99 (65 28 11 54 100) (2 57) (56 22) (48 6) 18 69 21 (44 29 58) (80 94 30) (71 55 68 73 5) (74 63)
75: (27 55 5 17) 15 (54 83 40 6 37 58) (57 21) (4 53) 24 (87 14 95 48) 1 (11 22 94) (62 88) 69 68 (80 75 38 67) (96 39 98) (78 65) (63 44 66 7 73) (50 29 79 43)
76: 22 (98 40) (92 89 41 15 33) 94 5 30 96 (50 9 7 78 83 21 73 16) 60 (86 62 27 18) 69 (77 63 53 80 34 57 66) (19 37 74 93 65 29) (61 56 81) 58 97 (25 52) (91 11 14)
77: (69 43 52 2 14) (33 50) (98 1) 37 63 62 (96 58 74 23 80 85 38 77 87 84 16 7 65) (61 39 73 21 29) (19 57 68 17) (83 27 9 36 6 82) 72
78: (50 73 14) (62 19 21) 68 (22 56 9) (29 80 86 100 84 95 96) (25 20 34 2 16 94 33 58 63 98 5 71 83 66 23) (6 87) 99 36 77 (48 54 1) (78 27 69) 40 17 (46 28) (11 35 7 88 65)
79: (30 81) (78 36) (21 23 80) 41 (98 96 22 66) (73 38) (58 83 72 6) (37 77) 55 (50 17 57) (14 88) (92 10) (27 33 5 56) 48 1 71 68 (54 35) (63 87) 3 (29 60 84) (9 34 62 7) (39 16) (69 65) 94 15
80: 75 (1 83) 25 (94 3 15 19) 42 96 (80 87 78 39) (46 9) 82 (56 29 65) (37 34 24) 6 50 91 (17 57) 12 35 (11 51 58) (40 16 14 36) 76 77 (21 63 7 68) (52 73 54)
81: 33 (56 21 80 16) 40 (92 23) (18 27 20 55) (50 83) (48 78 98 57) 6 (72 24 1) (68 58 73) (88 19 69 63 17 11 54 99) (91 39 77 37) 62 (76 29 65 74 15 66 87 7)
82: (50 80 39) (29 23) 94 (37 49) (16 63 20 4 14 75 15 79 62 58 25) 21 78 98 (9 6 72 1 83 68) 92 (56 41 35 38) (46 66) (81 73 54 22) (42 57 40 65 88 17) 87
83: (82 77) 15 (43 100) 21 (74 63 50 16 98) (79 30) (18 10 27) 58 (17 1) (2 62 6 60) (56 46 54 9 23 80 78) (69 39) 68 (11 85) (41 97 89 25) 34 (32 83) 29 (73 19)
84: (68 17) (69 58) (71 94 50) (57 66 27 42) (24 16) 62 19 22 (6 55 8) 11 9 (96 91 67) (86 21 5) (79 54) (1 61) (10 77) (80 14 81 30 89) (33 4 40 12) (51 31) (83 72) (25 65 98 48)
85: 39 15 (63 27 4) 66 (99 54 50 62 77 56) (16 28 19) 79 (31 88 80) (30 97) (22 32 24 13) (83 76) 14 46 (61 21 73 2 58 91 5 94 43) (17 23 6 67 89) (9 57) (1 65 48)
86: (27 9 65 63) (40 68 6 60) (46 96 37 83) 74 (38 1 24) 22 44 (19 88 57 21 50 54 92) (98 73 55 16) (23 14) (56 35) 33 (25 78 79 99 29 66) (67 30) 48 2 58 62
87: (40 36) 35 (43 29) (6 58 56 73 63 68 67) (80 77) 32 (10 54 83) 7 (22 97) (98 50) (76 65) 94 (19 95 5 100 39 57) (99 27 26) (89 9) (25 78 92 14) (53 21) 96 41 1 3 (69 84 16)
88: (68 57 73 94) (1 40 21 23 43) 83 (38 98) (33 58 63) (14 4 26) 50 (99 96 37) (9 85 16) 87 15 11 54 (92 35 78 65) 71 (27 46 24 6) 84
89: 53 81 73 (87 5 9) 88 92 17 (49 60 38) 58 (48 22 23) 99 (14 11) (65 40) (80 52 24 69) 95 (35 27 33 82 50) (68 67) 46 (90 16) (98 86) 31 (91 1) (43 36 15) (83 7) (6 56 71 37 54 21)
90: 99 (58 92 89 33 37 28) (43 11) 50 (22 48) 39 21 13 (17 88) 1 78 (14 79 83 29 94) 6 (27 87) 57 (23 98) (52 73) 54 31 (77 15 80 75 63 96 24 56 41 10 2 7 34 66 68)
91: (54 27 82 40 87) 6 (62 4 21 24 80) (30 69) (58 22) (81 67 63 98 3) 94 56 89 (78 65 50 1 2 15) (71 83) 99 (77 73 23 9 10 28 17 57 41 16) (44 14) (66 96 19 34)
92: (19 95) (36 60) 4 (46 37) 96 (56 6 66) (27 71 1 24 16 78) (58 54) (17 73 15 91 76 40) 84 57 9 (88 83 100 50 35 2 32 11 44 29) (63 3) (14 52) (94 65) (22 85) (68 23 21 41) (81 30)
93: 21 73 (14 66) 1 (22 3) (39 63) 56 (86 50 60 92) (6 95 80 15 98) (17 84) 37 76 (54 58 27) (97 23 16 29 87 93) 20 25 (35 7 45) (5 68 77 40) (94 41 57) (81 62 79 19) (53 65) 83
94: (80 67) (54 56 57 41) 24 9 (74 21) (63 98) (66 75 91 14 93) (19 60 5 76) (36 1) 37 52 32 (3 48 34) (86 22) (65 95) 2 (87 15 96) (81 58) 100 (50 40 78 84 68) (73 83) (46 29) 92 (38 11 97) 94
95: (30 81 1 82) (40 56 100 97) (6 21) 4 27 (43 54 48 62 44 98) (46 69) 14 (34 11 57 29 65) (52 87 22 37) (68 92 18 35) 15 (16 63 33 5) (3 19 73 60 10 9) 38 83 (96 80 79 23) 58
96: (90 1 29) (17 46 48 54 77) (38 23 96 73 68 40 65 32 95) (19 56) (15 91 72) 16 (80 58) 67 (98 34 55) (89 76) (79 62 39) 83 (86 63 88 41) 100 50 21 (5 36 2 33 81 3 57) (6 27 37)
97: 19 (34 22 23) (2 58 25 48 14 100 77 33 97) (21 4 27) (46 1 9 38) 75 (35 66 94 73) (16 65) (88 78) (56 37 50) 7 (3 54 62) (17 72) 69 98 (68 29 96 83 80)
98: (35 92 54 30 48 29 15 1 2 17) (56 69 61 84 14 3 60) 99 (20 16) 62 (52 89 81 39) (77 66) (37 71 63 34) (87 75) 98 68 22 (11 65) 42 25 57 40 (58 50 27) (80 33) (19 100 76) (94 78 83 97 21)
99: 22 62 (61 81 79 66) (50 38 68 4 27 21 23) 67 (39 48) (19 78 34) (9 65 17 25) (63 58 6) (91 37) (73 98 72 69 97) (94 82 1 96 40 57 36 52 56 88 29) (83 35 85)
100: (55 37 1 81 78) (39 82 57) 80 (94 88 48 22) (63 61 40 65 6 83) (23 76 16) (43 15) 9 24 66 (77 56) 19 (54 99 86) 97 (25 27) (14 91 50 13 69) 21 (2 29) (73 33) (32 98) (62 92 4)
