100 100
1: 60 15 65 77 74 69 10 79 46 20 31 9 56 86 40 4 73 83 96 70 6 37 72 87 100 35 42 34 75 59 7 32 25 58 93 28 48 52 55 14 16 39 76 62 99 27 51 63 1 8 91 33 26 49 67 89 92 5 64 41 61 71 24 2 95 43 90 11 21 80 54 44 53 97 82 12 22 84 38 88 23 98
2: 75 61 6 39 33 26 10 70 65 48 1 76 82 36 28 15 64 34 90 52 99 29 53 63 98 72 57 73 88 69 100 8 95 21 23 31 81 55 79 9 58 30 86 78 84 20 46 96 80 7 89 18 25 50 12 42 49 83 3 38 35 45 5 77 27 54 13 2 97 87 62 56 37 94 93 24 17 51 44 66 40 74 41 85 47 16 14 60 92 71 4
3: 98 2 56 18 43 41 44 86 25 20 74 65 1 87 61 35 38 96
4: 96 82 49 28 24 59 62 64 94 48 69 1 87 5 60 58 41 17 70 26 73 84 4 45 2 55 9 80 79 6 23 36 57 20 11 37 3 42 16 13 21 27 33 68 8 76 29 47 65 18 77 31 54 10 7 40 86 53 74
5: 56 30 91 40 95 78 70 77 17 100 13 64 84 74 90 1 24 9 42 61 92 25 38 15 22 68 37 34 63 11 51 62 16 12 65 67 85
6: 92 81 3 27 13 99 37 4 47 52 1 48 44 87 15
7: 89 79 21 1 100 47 19 92 70 5 60 80 40 24 25 91 77 61 95 76 27 31 20 12 54 57 9 42 2 29 55 87 75 28 43 11 51 8 65 30 38 73 13 83 50 72 68 16 99 81 6 63 41 45 88 74 71 86 90 93 49 14 58 10 18 97 96
8: 94 63 29 79 43 77 40 59 88 22 5 55 16 50 48 24 26 73 36 41 28 58 96 78 38 21 37 64 99 70 31 39 100 87 74 20 32 91 93 10 25 98 47 89 83 80 65 61
9: 18 12 48 78 26 11 60 92 3 80 50 66 25 5 31 9 14 55 93 100 61 89 10 49
10: 39 61 52 31 89 38 15 90 50 84 19 10 29 46 59 17 43 44 48 23 35 63 24 49 27 8 12 69 95 58 98 87 4 47 62 76 81 57 91 3 11 78 60 100 40 20 6 13 41 70
11: 56 35 100 76 48 58 55 32 51 4 61 72 12 87 95 37 73 66 62 34 26 21 64 42 6 11 30 28 44 3 40 75 59 50 88 13 93 33 47 52 9 20 14 63 25 60 36 10 77 99 39 1 57 83 80 70 53 96 85 16 2 86 91 67 7 17 74 68 41 29 92 71 22 98 49 46 19 5 18 8 31 23 43 24 54 94 90 45 82 79 89 69 78 15 81 65 84 38
12: 77 1 56 58 18 17 96 32 43 14 37 81 11 45 30 53 55 48 99 24 4 70 8 66 51 72 87 20 42 31 12 79 92 78 34 28 65 9 97 89 86 10 52 49 39 69 3 27 5 60 64 16 46
13: 19 17 90 64 91 38 93 28 49 35 36 11 52 98 9 53 71 43 60 83 8 63 44 18 12 10 3 81 39 47 27 21 97 58 92 76 51 57 48 30 14
14: 79 100 81 14 47 58 31 3 39 72 94 11 27 92 42 75 88 23 50 56 45 99 6 44 19 21 15 89 13 38 51 16 62 24 71 32 41 8 7 34 43 82 20 77 93 96 30 95 5 78 76 63 59 29 87 68 12 98 48 46 65 35 1 54 90 69 70 73 9 83 28 18 97 80 64 37 57 55 53 74 2 17 91 22 25 49 60 84 67 85 36 52
15: 88 63 85 3 49 91 100 67 51 66 96 18 25 29 95 61 90 59 76 19 78 82 68 52 4 7 31 8 14 73 74 15 43 97 58 37 92 94 1 55 89 47 79 70 26 42 22 20 34 48
16: 72 44 23 47 86 4 63 15 87 98 46 65 59 76 99 58 18 96 89 62 20 80 78 57 48 79 29 70 68 67 84 60 42 36 97 69 50 1 100 21
17: 30 9 44 66 32 80 57 41 12 91 56 60 46 8 34 48 50 49 97 99 25 72 53 68 98 5 29 94 19 47 96 62 90 55 43 70 14 26 69 7 27 65 16 28 87 33 84 83 64 88 100 73 74 95 36 38
18: 11 81 27 68 82 41 37 23 13 26 14 65 21 53 52 2 9 50 38 63 87 98 44 96 32 74 42 85 19 16 24 7 66 86 95 20 17 57 25 54 75 48 97 29 10 67 45 36 64 28 43 31 77 62 58 1 99 71 15 30 12 84 60 49 90 4 80 51 92
19: 95 67 81 82 15 91 84 4 99 94 65 26 34 11 72 64 18 19 29 3 22 21 87 10 23 60 38 61 63 96 24 80 30 39 71 54 2 90 32 36 97 68 89 42 25 57 14 1 92 35 58 6 48 78 98 100 41 20 69 49 53 83 52 5 76 62 50 70 37 43 93 75 9 56 79 77 27 86 46 8 12 47 17 33 85 16 31 66 7 40 74 51 44 28 73 13 59
20: 13 75 15 95 34 33 68 93 24 66 43 11 77 27 76 23 9 19 91 84 28 16 1 81 62 40 51 54 8 36 86 21 69 57 53 73 25 65 79 22 46 80 5 4 98 26 90 45 20 97 60 32 56 35 59 55 31 83 89 61 42 12 14 78 29 38 39 10 100 44 82 52 72 48 71 50 94 74 85 92 30 96 3 37 49
21: 89 99 10 58 46 73 63 64 67 43 11 62 5 34 82 69 86 76 54 72 32 50 35 97 83 26 42 51 9 90 68 75 22 95 52 84 96 30 38 88 3 24 55 8 47 4 36 21 6 92 74 7 17 12 31 37
22: 62 6 66 93 70 90 25 77 87 21 63 60 36 54 18 14 34 24 47 71 92 65 50 27 99 73 31 100 84 33 48 80 89 32 17 76 41
23: 27 88 83 52 86 78 93 5 75 65 29 4 100 56 62 17 8 57
24: 76 75 3 38 80 15 81 97 32 51 93 79 77 60 100 56 96 59 95 62 19 30 74 16 31 67 4 63 26 33 10 92 20 13 87 21 49 70 88 22 91 23 27 39 36 72 53 45 8 48 94 57 89 40 18 54 86 28 1 69 85 7 5 35 29 46 17 55 2 11 34 65 24 90 14 44 58 43 83 25 37 52 9 71 64 82 12 42 6 50 41 78 84 66
25: 23 43 44 81 20 97 35 59 79 96 66 46 54 13 37 7 87 88 31 34 14 52 2 94 17 92 86 82 100 49 70 53 77 32 83 38 74 29 8 93 10 67 42 65 60 64 75 50 89 41 56 85 6 98 76 24 26 36 57 21 1
26: 47 10 91 66 1 62 49 69 64 60 51 15 78 27 73 25 14 81 48 59 19 4 43 72
27: 23 18 34 7 40 86 39 92 60 32 82 44 14 28 3 71 33 63 54 27 65 85 35 73 15 46 77 70 5 95 6 8 13 81 52 62 97 51 58 21 22 36 49 80 30 29 98 56 91 45 57 90 89 43 48 75 12 10 9 11 19 88 84 76 53 41 42 2 59 61 78 67 79 47 37 66 93 96 68 50 64 100
28: 94 91 76 45 11 5 90 37 25 72 8 62 46 65 6 38 22 59 74 81
29: 95 31 43 37 17 42 66 19 60 72 33 100 26 65 12 78 3 77 35 18 98 91 5 46 51 52 32 8 48 81 13 57 68 71 92 36 16 61 53 59 63 20 82 25 69 15 14 80 97 30 93 2 67
30: 60 13 66 40 27 51 64 88 47 33 50 16 91 79 68 21 8 30 83 58 18 15 55 53 44 36 63 10 46 89 62 82 41 37 6 24 57 81 3 48 84 19 93 61 77 85 65 72 35 23 92
31: 53 87 51 18 74 65 49 21 13 38 72 4 2 25 7 41 46 86 42 31 97 91 45 89 5 12 55 71 34 29 98 66 90 76 80 10 77 62 1 84 44 48 95 64 93 30 85 69 32 75 26 60 94 56 11 78 17 9 70 96 50 88 14 47
32: 87 83 99 72 2 40 10 39 16 85 1 14 60 28 75 30 65 32 78 6 38 45 54 88 47
33: 77 47 53 5 43 21 88 26 32 36 46 6 50 71 49 12 11 68 22 81 57 91 7 10 15 27 3 66 98 92 84 35 85 67 8 40 28 18 39 9 23 59 74 42 30 89 82 87 19
34: 29 24 69 51 82
35: 76 54 83 16 30 25 99 6 41 82 18 50 61 55 77 15 67 92 60 80 64 71 66 94 29 26 73 65 17 53 57 48 95 70 12 100 11 51 68 13 32 69 2 49 96 72 62 74 42 84 93 40 7 37 14 38 24 1 75 87 44 56 20 52 45 3 39 22 27 21 19 10 47 86 79 97 5 88 89 46 28
36: 1 60 33 41
37: 70 58 94 71 12 37 41 65 86 61 10 87 77 8 62 48 15 80 60 40 22 17 95 20 6 31 34 79 57 83 51
38: 29 53 21 33 25 17 77 76 88 9 51 50 24 86 48 73 54 81 23 93 100 12 2 89 98 59 7 72 3 26 63 83 46 91 90 28 82 99 62 61 52 47 14 36 22 35 4 38 55 95 1 32 87 42 71 97 40 74 15 11 85 57 96 45 44 58 39 10 66 60
39: 44 78 61 6 4 68 94 86 34 73 52 18 31 42 25 33 50 11 26 41 98 67 96 38 28 64 53 35 70 13 47 88 91 79 8 24 46 2 17 54 19 63 15 56 40 14 59 76 45 97 89 16 30 55 77 82 65 93 12 21 87 74 81 43 3 84 20 39 99 71 66 49 62 92
40: 82 80 86 21 98 35 75 64 46 23 33 19 36 61 51 41 7 96 49 43 53 95 40 54 32 66
41: 93 7 50 72 9 51 41 42 23 6 89 46 76 62 87 85 21 81 61 12 45 86 3 25 83 58 48 40 91 78 18 77 94 8 4 56 57 68 88
42: 72 80 100 40 68 50 99 39 8 97 27 41 81 94 52 16 56 37 2 60 9 30 46 74 96 57 78 75 18 93 4 77 35 43 71 91 34 59 23 54 82 29 61 42 79 7 67 38 66 85 58 36 55 88 31 92 53 62 21 49 47 15 65 22 26 48
43: 60 47 72 61 74 99 89 13 53 62 83 55 90 95 65 84 45 88 97 51 50 71 68 70 39 100 6 48 98 81 94 73 66 49 37 80 18 21 54 32 28 85 58 26 82 20 40 27 9 91 59 63 23 15 57 64 92 8 69 16 29 1 33 25 77 36 93 17 19
44: 76 30 67 8 6 2 68 72 81 92 59 98 83 73 25 95 85 12 3 71 48 34 13 19 32 31 78 43 41 60 58 36 15 77 88 64 14 99 75 93 44 29 22 94 42 5 80 90 79 33 37 56 69 46 23 61 24 70 49 100 52
45: 42 23 9 88 46 76 90 27 62 28 8 22 68 58 54 2 82 56 84 85 1 92 24 25 55 80 100 32 10 20 75 16 21 17 53 37 14 5 50 47 44 40 29 45 96 63 12 87 65 67 83 98 95 89 39 48 36 66 33 79 78 3 31 43 99 11 15 41 18 64 13 77 60 94 59 93 69 73 51 34 52 72 30 91 70
46: 47 54 97 19 59 87 73 33 58 89 23 50 31 21
47: 64 22 54 91 37 23 75 76 60 17 69 34 41 30 25 73 88 96 36 95 68 71 28 38 18 1 85 67 81 14 21
48: 97 72 18 85 46 9 28 7 91 58 14 32 48 1 70 27 56 10 11 52 69 98 13 89 15 37
49: 66 80 21 41 58 24 95 26 20 91 79 81 29 71 28 31 18 17 33 53
50: 43 30 81 36 39 21 16 47 73 14 2 3 66 48 55 37 33 41 19 83 78 87 84 25 97 96 53 76 56 15 20 12 90 88 80 75 61 34 44 27 94 91 22 26 8 67 65 74 82 54 77 64 28 93 99 92 40 59 9 29 58 89 5 79 63 6 52 86 13 51 62 60 38 18 72 1 31 4 100 35 50 49 71 70 23 32 57 69 24 42 10 85 46 7 17
51: 49 9 4 39 59 12 73 47 56 66 34 83 14 80 27 32 63 72 2 77 16 91 58 31 29 48 24 40 42 36 94 60 93 22 54 57 82 68 7 81 53 44 18 23 33 70 84 1 6 69 46 28 87 75 97 38 20 37 51 89 61 21 17
52: 49 5 40 36 30 4 18 8 35 90 10 41 94 84 92 47 15 91 63 82 95 48 89 43 65 42 17 77 71 98 54 26 87 16 50 22 38 52 39 67 1 74 93 14 19 45 96 7 12 100 56 68 61 97 60 83 99 31 44 81 3 88 78 80 64 58 59 25 72 13 37 33 21 20 27 29 51 66 85 9 70 46 34 57 32 24 75 23 2 55 11 69 86
53: 11 12 52 73 15 90 83 43 69 2 16 85 45 81 93 26 72
54: 13 11 85 92 57 2 15 74 25 54 95 67 60 29 66 27 51 68 39 21 90 83 97 89 14 52 16 77 65 91 69 3 24 80 6 78 93 44 36 20 28 81 79 7 23 35 100 70 31 48 75 17 98 47 88 8 94 22 37 64 43 84 56 33 10 73 38 76 71 1 55 59 87
55: 40 29 54 77 69 62 53 71 95 43 23 36 52 55 12 44 50 93 57 82 11 8 4 94
56: 63 8 72 24 50 100 32 49 22 96 92 38 7 75 68 95 29 99 3 42 11 27 81 37 31 35 74 87 56 65 64 14 19 85 43 52 28 10 60
57: 78 55 53 20 65 61 13 33 21 25 75 94 29 54 1 85 41 6 96 17 63 71 52 40 15 66 81 46 12 35 73 49 87 37 82 5 26 69 88 90 42 30 9 2 95 60 89 36 77 38 32 8 67 22 39 57 62 99 31 27 16 34 93 10 83 3 19 47 56 100 58 91 11 18 84 28 14 86 79 43 24 59 92 76 68 44 4 97 64 74 50 7 51 70 72 23 45
58: 44 33 54 39 57 3 84 6 100 53 26 59 7 70 37 48 80 61 56 23 82 46 10 75 30 21 36 35 8 85 19 99 38 32 20 72 22 87 93 27 98 73 79 41 74 34 51 52 67 50 4 88 96 5 63 68 24 64 81 15 12 17 89 11 14 28 42 92 97 69 83 86 91 66 71 2 40 55
59: 30 97 53 19 55 84 13 16 22 69 52 35 88 86 9 32 65 58 17 83 87 41 59 71 26 100 2 89 77 42 57 72 5 23 85 92 36 45 96 47 28 15 14 4 54 3 94 74 44 68 99 63 78 61 51 73 43 27 10 34 24 60 76 6 79 82 75 91 8 66 40 81 46 80 29 25 62 98 56 38 7 1 39 49 37 67 31 50 33 93 70 90 18 21 48
60: 83 58 39 30 75 72 78 25 64 42 6 92 55 81 68 73 38 99 12 66 88 91 20 23 94 65 59 36 50
61: 97 1 23 54 26 49 20 70 34 62 13 35 29 16 59 67 14 15 75 50 8 3 6 68 84 46 41 4 98 25 27 17 39 94 81 61 85 37 7 89 53 21 47 93 18 30 76 10 45 63 44 86 77 5 69 48 73 51 66 90 56 57 95
62: 32 63 84 48 28 57 31 70 10 12 97 2 58 11 19 60 8 13 26 82 55 81 67 83 76 23 20 59 98 39 89 46 53 15 30 3 80 50 6 69 79 49 72 25
63: 43 82 22 55 71 83 66 17 6 2 34 21 3 69 61 74 98 56 29 20 14 84 16 31 49 44 4 9 60 13 53 78 35 50 24 51 11 42 91 40 46 26 68 90 100 39 30 88 45 89
64: 11 75 66 85 91 50 7 95 61 2 87 17 71 84 1 99 27 88 16 58 30 10 93 78 18 32 14 97 68 25 54 8 35 44 83 65 100 26 22 9 46 24 98 52 76 29 39 86 62 42 92 21 6 28 79 59 45 48 60 4 55 77 34 15 12 89 23 49 69 20 37 36 31 56 63 74 5 53
65: 90 11 76 78 24 28 23 33 58 73 100 5 14 53 49 65 55 10 81 30 26 35 60 83 68 13 9 69 94 38 21 51 32 85 62 56 74 45 43 75 84 50 82 29 87 46 6 4 92 72 79 18 37 36 52 89 17 71 47 25 20 12 59 77 3 70 8 40 61 96 67 86 64 34 7 91 93 63 54 80 88 48 15 97 31 99 42 41 39 19 95 16
66: 75 79 21 36 5 1 24 11 70 61 62 65 95 90 48 56 17 32 7 71 59 12 63 38 88 72 6 30 41 33 84 4 80 92 98 45 91 85 69 73 31 54 53 94 43 27 26 2 9 23 77 25 8 44 86 10 60 87 52 74 29 22 58 42 78 19 81 40 93 13 68 64 47 18
67: 13 39 87 52 98 74 68 84 86 11 88 12 22 6 67 79 24 62 70 7
68: 68 83 38 23 74 100 46 32 4 34 65 54 19 97 3 49 90 30 85 63 40 24 35 27 36 99 42 39 80 50 7 82 9 57 14 77 31 1 73 89 5 2 6 53 67 86 56 29 60 21 94 47 52 20 28 48 71 22 72 75 45 15 43 96 41 8 70 84 93 95 12 33 62 51 81 17 64 61 76 18 25 58 91 59 92 16 10 44 13 98 79 55 11 88 87 69 37 78
69: 4 23 70 80 95 39 59 47 71 89 22 31 5 1 3 90 65 60 98 7 69 16
70: 85 76 5 8 59 7 14 36 48 78 64 45 40 22 23 77 43 82 44 47 62 73 34 80 25 33 60 95 20 81 27 57 6 92 31 61 35 41 53 28 50 86 17 9 93 68 11 89 51 38 70 75 46 16 99 52 72 65 58 100 13 88 30 97 24 90 21 56 94 83 55 42 15 49 2 4 19 12 32 39 66 84 96 71 37 29
71: 36 83 99 52 54 42 45 87 13 71 68 28 55 72 23 6 56 73 19 66 93 47 77 25 98 37 44 12 33 17 3 46 59 7 60 21 29 89 11 14 61 95 18 40 48 27 26 64 16 35 2 50 65 43 62 90 30 92 94 100 20 53 8 70 49 67 1 31 51 63 84 22 69 24 79 82 80 58 88 57 9 86 10 34 4 85 76 96 97 74 39 91 38 78 81 32 5 75 15 41
72: 5 12 59 37 22 94 21 72 17 92 68 96 43 29 76 71 73 13 87 26 99 70 11 82 39 23 47 2 66 41 95 36 93 8 44 48 33 20 1 16 89 24 79 40 56 31 63 97 90 55 53 86 25 51 32 75 65 62 81 35 52 34 28
73: 75 28 61 90 14 41 6 55 92 70 16 47 66 80 38 100 99 60 97 4 9 68 17 63 81 87 21 33 22 54 49 42 62 94 48 32 20 2 64 24 73 69 35 52 65 96 8 79 57 12 67 72 29 5 74 43 44 31 45 91 77 58 19 1 39 15 85 13 86 56 37 50 23 7 59 71 76 46
74: 31 73 26 14 59 82 99 92 55 87 58 39 88 35 7 94 96 69
75: 3 17 83 78 95 14
76: 97 92 12 61 72 48 96 40 6 58 73 52 31 46 21 10 83 51 68 23 30 22 100 81 38 13 85 90 24 39 86 89 62 35 3 67 63 94 25 27 14 77 5 29 1 16 66 60 64 9
77: 84 31 98 71 94 38 65 13 20 27 17 59 100 44 46 67 64 39 61 92 69 54 9 81 74 48 8 35 55 90 99 29 82 53 14 15 97 96 19 50 10 4 72 83 26 40 33 1 18 70 24 68 78 51 11 60 6 93 56 7 41 95 21 23 57 73 43 12 42 5 79
78: 78 68 87 5 79 66 46
79: 9 72 44 54 30 26 55 79 10 29 7 98 6 78 58 36 86 77 32
80: 39 87 71 10 52 31 81 34 62 73 59 33 72 93 89 35 100 58 68 4 32 51 77 45 65 61 38 60 47 37 8 49 50 67 6 94 29 86 23 69 26 30 19 12 82 98 16 80 97 9 64 15 24 13 1 63 55 27 53 48 28 46 14 3 92 18 57 76 17 88
81: 83 61 87 100 21 25 37 50 17 15 3 32 51 66 29 65 54 12 4 86 8 1 34 64 6 75 47 55 98 63 60 71 10 16 40 30 85 96 93 46 57 84 13 72 38 24 70 77 49 95 91 11
82: 76 58 95 99 45 30 94 33
83: 17 18 99 7 38 79 54 48 47 73 5 27 16 59 23 6 29 28 95 1 26 14 44 3 34 41 22 21 62 4 100 24 50 71 64 66 53 35 33 89 60 9 19 83 90 25 75 36 91 57 20 69 42 65 8 93 68 11 12 72 98 92 43 46 63
84: 10 77 20 37 64 91 69 96 22 41 66 39 14 19 82 28 55 78 87 81 18 95 74 36 27 16 30 35 2 4 5 56 100 1 84 53 21 13 76 98 8 85 83 15 73 60 29 88 75 59 50 79 45 33 86 49 90 99 92 57 65 70 11 47 58 40 54 80 38 68 63 42 67 24 51 3 7 26 17 52 34 46 97 62 32 25 93 44 48 6 23 72 12
85: 21 55 75 35 32 100 70 83 85 15 8 59 4 82 72 91 92 90 79 43 94 13 5 87 6 1 46 10 49 89 60 16 19 84 29 88 93 2 99 25 30 52 61 76 69 47 38 24 48 27 12 14 53 63 67 34 50 95 97 37 54 65 77 28 7 42 31 41 20 81 64 68
86: 51 13 1 57 72 10 9 75 64 61 82 4 2 59 22 49 97 8 36 32 55 52 48 98 56 89 21 18 70 91 71 12 63 87 38 86 96 26 68 100 95 78 28 69 54 94 84 19 58 31 6 17 81 85 35 46 3 41 29 40 33 79 76
87: 67 62 71 52 66 51 10 65
88: 20 81 60 99 31 92 100 16 48 88 17 61 82 55 37 25 45 23 24 89 83 57 69 80 6 97 78 66 56 9 3 22 32 12 67 90 85 58 84 41 94 73 34 54 1 68 42 11 70 46 26 21 49 87 72 74 10 50 77 64 59 2 96 44 19 91 76 98 8 95 35 14 28 7 27 93 39 15 33 86 18 65 4 30 29 13 38 62 71
89: 53 60 8 98 74 11 49 57 32 18 78 55 61 19 59 86 91 84 33 40 82 72 7 46 71 68 100 43 56 22 2 29 36 4 24 17 51 34 23 58 5 16 66 30 6 26 97 9 54 75 88 47 35 62 44 20 76 87
90: 35 64 23 22 27 84 71 32 6 99 78 58 87 16 25 54 56 28 7 96 80 14 57 65 30 39 75 21 85 69 81 86 59 83 89 67 73 70 90 19 77 55 95 18 82 93 42 97 5 41 48 98 88 46 34 40 72 68 31 74 50 100 9 49 94 11 51 12 36 53 37 92 52 4 1 8 76 2 60 26 44 20 91 33 15 3 61 13 10 24 47 63 79 62
91: 31 14 48 81 74 40 67 55 89 62 30 76 4 32 18 86 46 5 29 39 20 68
92: 32 68 10 95 96 88 7 28 98 78 87
93: 92 57 60 27 77 55 88 69 76 56 18 58
94: 2 41 55 98 54 51 12 64 69 60 50 17 13 31 67 18 15 56 73 80 65 35 14 33 97 42 47 63 87 39 26 19 38 3 6 88 49 10 78 53 24 45 93 52 1 20 71 95 59 100 94 4 32 58 82 91 81 16 5 27 77 46 8 23 40 89 79 86 34 57 92 68 72 83 48 85 62 29 30 28 75 21 9 66 43 37 96
95: 16 8 55 1 35 15 100 42 63 92 43 54 31 74 20 68 34 3 77 89 29 67 83 75 14 69 59 6 17 93 85 70 97 27 50 9 60 96 38 49 84 4 24 53 80 11 48 22 37 71 57 41 32 12 23 72 91 82 65 78 30 47 56 33 99 40 90 79 2 66 52 98 86 39 95 21 81 5 51 28 19
96: 38 86 98 77 22 18 72 96 42 56 27 52 99 57 69 94 6 79 16 24 19 62 80 15 35 3 55 40 41 83 65 91 47 28 5 39 7 87 33 14 37 12 82 64 75 68 36 23 71 48 4 31 43 51 13 11 1 21 54 49 58 73 92 78 85 95 29 63 17 44 61 53 84 34 88
97: 49 20 52 44 63 25 4 18 30 92 67 73 50 51 94 57 90 9 19 95 60 61 79 31 81 3 32 80 69 53 15 68 78 47 17 59 83 70 29 96 86 6 100 45 62 75 54 99 8 34 5 76 41 11 84 66 38 35 16 48 91 64 36 7 58 28 42 12 33 26 21 40 65 98 2 89 13 39 87 27 77 88 72 74 46 37 97 85 23 82 1 14 43
98: 58 42 97 44 14 34 36 12 26 1 40 71 28 33 69 24 80 43 11 60 59 68 89 4 70 48 47 30 3 25 22 13 31 79 16 93 91 98 61 29 56 7 76 74 99 85 46 52 50 57 95 8 54 55 10 64
99: 89 65 98 76 92 11 96 10 68 46 58 59 22 64 53 24 2 86 8 47 26 42 82 88 41 20 56 77 12 44 84 78 70 1 72 54 30 3 21
100: 79 13 61 84 96 48 21 35 52
1: (19 52 48 38 88 51) (68 43) 18 (31 85 90 24 6) (50 69 32) (4 59 5 80) 96 98 (84 95 36) (73 7 2 11) 47 12 45 (64 72 99 57 26) (94 14 16 76) (81 71 54 77 66 97 1) 25 3 (86 61) (15 83) (35 20)
2: (89 84) (50 97) (53 32 54 19 88 58 66 52) (70 59 71 90 68 29) (38 86) (63 94) 3 11 99 (85 1) 39 44 (25 4) 27 45 57 24 (95 14 73) (31 62 35) 64 (18 51) 7 72 (42 2)
3: (12 4 86) (50 33 21 24 30 97 14) (20 29) (19 62 80 56 68 52) 83 (59 6 95) 13 (75 45) 54 71 (10 81 9) 98 38 69 (76 65 63) 39 (2 57 90 94 35 88 11 27) (96 61 84 15 41 44 99) 58
4: 20 64 4 23 (90 88) (68 97 58) (71 19 52) 16 (83 6 38 98 73 66 57 95 77 85 96 39) 69 55 (11 65) (42 50 94) 24 (41 81) 10 59 86 (1 70) 84 26 (51 21 89 15 63) 61 12 18 (91 31) (80 2)
5: (72 45) (95 9 66) (65 61 84) (14 69 1) (33 29) (50 24 97 23 83 20 64 21) (71 17 7 2 96) 52 (89 57 91) 78 94 59 8 (11 70 12) 85 68 (58 73) (76 77 28) (31 90) (44 4 27) 35 19
6: 85 (2 81 77 25) 90 (62 64 30 80 54 67 63 19 1 22 37 39 68) (27 28 57 88 97 21) 32 (11 59 7 66) (65 73 58 33) (43 51 96 71 70) 60 (44 10) (86 14) (4 61 95 84 76) 24 94 (41 50 83 89 79) 35
7: (61 15 70) (41 67) (21 1 59) (35 97) 96 38 (48 31) 14 (65 92 90 51 66 85) (68 83 42 54 98) (27 24) (56 73) (64 52) 79 (77 25 58 74 2 17 11 89 71) (18 40) (69 88) (33 50 4 19) (84 57)
8: (84 28 52) (59 95 23 58 4) (12 71 10) (11 39) (2 70 68) 88 (99 41 7 73 24 13 83 97) (66 98 65) (85 81) 94 44 61 (43 29 25) (42 33 21) (1 86 17 20 77 80) 30 (54 45) 19 64 (50 90 62) (56 15) 72 (27 89) (37 55 57) 14
9: (41 66) (1 95 24 27 89 50) 43 14 (51 79) (38 52 63) 88 42 (76 21) (12 18 77) (73 7 97) 9 71 (31 11 59) (5 20 65) 83 57 45 13 (90 48) (80 64 19 86) 94 (17 70 2) (4 68 33)
10: 92 (85 52 79 2 65 8 21 66 48) 88 (18 76 87 86) (24 27) (10 68) (45 61 20) 38 35 (99 9) (26 59) (19 80 84 98 11 13) 58 4 (33 57) (37 94 31 64) (77 32) (25 54 56) (71 1 62) (81 50) (7 12) (90 30)
11: (20 14 70 1 71) (10 58) 5 45 (33 90 62 39) 19 98 (11 38) (35 81 28) (66 89) (77 54 83 68 67 64) 18 (27 65) (72 21 88 56) (24 55 13 53) 12 (4 48 7) 63 57 84 52 95 (31 97) (99 96 9)
12: (62 90 29 9) (94 11 53 52) 64 (60 10 88 33 19 5 39 38 13) (67 12) (24 21) 51 (96 68 2) 55 (84 80) 50 (76 70 72) (37 18) (31 95) (71 98 27 45) 99 17 57 (14 41) 20 (7 65 85 1 86 77 66 73) 35 83 (97 81) 44 58
13: (5 67) (48 100 72 24 45) (88 96 14 29) 81 84 11 (98 62) (10 63) (97 76) (68 39) (65 6 85 43 20 61 70 50) (25 7 54 35 27) 86 (18 44) (94 71) 59 (30 80) (31 66 90 52 73 57 4 77 2) 19
14: (76 90 56) 44 13 (7 18 27 50 29) (54 2 47) (51 39 61 65) (26 77 20) 48 98 91 (70 80 75 95 32) (52 74) 45 19 (24 22) 84 (35 12) (85 25) 58 59 (83 9) 17 38 (97 94 88) (63 64 96 57 15 31 73) (71 1) (14 68 11)
15: (96 73 35 62) (29 59 95 1) (5 6) 37 27 (30 58) 20 24 (19 50 38 43 45 88) (14 94) (44 18 84 26 64 61 42 48) 90 (53 97 52) 2 11 80 (57 81 15) 39 77 (85 54 71 16) (10 33 68 70 65)
16: 50 (96 39 17 51) (12 1 94 5 18) 59 68 89 (14 84) 73 57 (72 4 32 98) (11 97 83 45 52 61) (81 7 19) (2 63 64 43) 8 80 35 85 54 (42 95 76) 69 30 24 (90 29) 53 (65 71) 88 20 70
17: 86 (18 29 58) (75 14) (50 2 4) (70 95 97 12 71) (21 81) (64 52 37 61 54) (23 39 89 84) 19 (65 11 66) (25 72 38) (80 57) (68 94 49 59 10 63) (88 24 77 22) (51 43) (13 35 47 5 45) (73 96 83) 31
18: 61 (4 77 41) (80 90 3) (65 93 96 64) (43 45) 91 35 59 (24 27 13 15) (16 86 94 12 48) 49 (7 84) (39 22) (2 71 50 31) (29 14 30) (9 97 11 57) (66 83 47) (68 51 33) (52 42 89 88 19)
19: (15 52) (59 17 30 27 26 20 90 65 10) (95 58 40) 62 (77 7) (11 94 68 97 85) 88 43 56 (35 39) 50 66 73 (57 24 80) (96 44) 46 (29 86) 84 14 89 71 83 18 (70 19) (13 33)
20: 51 99 (15 70) 91 (49 72 11) 10 (95 71) (52 8) 88 (63 19 20) (54 14 18 60) (12 89 1 85 94) (45 68) (35 24 58 7 84 50 3) 73 (37 97 65) (62 61) (4 90 39 64 2) (29 43 25) 83 (16 77 57)
21: 90 (83 96 19 61 86 14 97 24) 41 (42 50) (73 88) (63 35) (20 70) (85 2) 18 81 (59 84) (68 39 49 76 47 100 31) (22 7 58) (66 43 99 40 1 11) (25 38) 54 (77 95 30 71 52) (65 27 33 21 64) (94 8 57) (13 16 51) 72 (46 4 45)
22: (88 14 45) 28 33 (21 71) (90 86 89) (68 35 38 64) 52 96 (1 63) 15 (83 66 69 11 73 56 51) (47 44) 19 (98 27) (20 37) 99 67 8 84 (50 95) (76 42 5 58 54) (72 70 24 59 57)
23: (84 42) (18 41 76) (96 27) 52 (73 11) (55 68) 38 (40 45 59) (69 46) 94 (54 24) 88 (62 2) (80 43 90 60 70 20) 1 (16 30 14 47) 65 89 (77 97 33 25 10) 58 61 (66 72 50 71 57) (95 64 19 51) 44 83 4
24: (68 7 50) 35 (38 45 4) (94 12 8 44) 77 (25 49) (89 56 52) (95 18) (63 20) (98 84 64 57 65 80 99) (85 21) (59 30 14) (51 58 83 54 22) 66 (11 10) (5 1) (34 81 73 70 90) (39 2) 88 76 (72 71 19 96 24) 67
25: 11 20 (65 29 43 15 18) (83 1 61) 60 (2 72 5) (68 85) (44 90 7) (54 38) (98 8 70 97 14) (45 41) (31 47) 64 (81 17 28) (35 66) (59 39 76 19) 52 (62 9) (50 57 71) (88 84) (24 26) (22 3)
26: 62 (79 61 42 80) 49 (59 18 50 66) 53 71 (2 20 11) 94 52 24 (88 64 83 77 57 39 72 97 63) (99 74) (38 31 29 9 58) 15 (43 90) (8 89) (33 4 1 86) 84 (98 19 65) (21 25) (35 17)
27: (26 68 48) (52 17 4 64 84 1 57) (14 30 2 6) (80 58 35 19) (54 7 42 45 90) (93 94) (61 85) (43 96 24 33 20 27 51) (50 95 12) 13 77 (97 76) (71 70) (59 10) 66 (18 83) (56 23 88) 22
28: (98 88 57 94) 47 (83 56 4 90 43) 54 (80 58 59) (64 39 35) (18 95 70 11 7 51 38 19 17) (8 20 65) 33 (68 32) 71 86 73 (14 50) (45 48) (97 1 24 96) 92 (13 85 62) (72 84 27 12) 49 2
29: 96 (18 11) (43 86 16 38) (70 81 25 97) 98 27 (15 24 4 84) 88 23 80 34 68 (56 91 66 55 8 77) (63 52 61) (71 44 17 35) (64 49) 94 (42 19) (50 57 20 31 83 79 10 65 72) 76 (73 45 51) 7 54 89 85 (95 2 59 14)
30: 79 (63 89 85) 33 (97 64 68 19) (42 35 94) 50 (80 7) 95 70 66 (17 47) (76 62 61) (57 27) (12 71 30) 24 98 84 (44 82 52 60) (91 45) 90 (18 2) (65 32 59) (99 14 58) (11 5 20 29 31 21 81) (88 39) 13
31: (12 77) 24 15 98 (72 64 31 66 46 65) (4 59) (90 68 51) 25 88 21 (2 42) 11 96 7 56 69 (8 63 49 70 37 97 22 39) (29 14) (18 86) (44 50) (1 80) (85 95 45) 52 19 54 76 (20 10 71) (73 57 62 94) (91 9 74)
32: (71 31) 21 (66 45) (25 24 56 89 80 68) 70 (88 52) (12 33) 43 (94 90 95) 22 27 (58 50) (35 91 86) 65 (14 38 40) (44 29 8) 81 97 (59 64 85) 92 (57 72) (18 62 73 48 11) 1 (51 79) (17 84) 20 (19 32)
33: (51 38 96) (20 88) (2 46) 89 (52 77 50 86) 72 (27 95) (30 4 11 17 1) (71 84 70) (19 44 39 29) (73 43) (36 90) (94 59) (82 68) (45 22 80) 98 (40 66 58 65 24) (57 83 49 97 54)
34: 89 20 (94 85) 70 (12 2) 97 (24 45) 64 68 42 (47 22) (72 11) (27 71 63 96 44 59 61 57 39 95 52 1 31 17 81 19) (88 98 65 14 50 80) (90 25) 5 37 83 21 84 58 (15 51)
35: (14 3) (52 33 97 19) 84 (77 30 74) (56 100) (50 70 25) 94 (58 65 71 54) (88 10 20 11 89) (63 61 85 76 68) (86 80 59) (90 39) 21 42 (72 96) (73 95) (29 2) (1 27 13 24) (64 83 38 57) 40
36: (47 16 96) (44 17) (13 65) 55 72 (64 38 71 51) 42 (86 40) 8 (52 58) (25 2) 24 79 (11 18) 70 29 30 (45 22) (98 14 50 83 59 33) (60 21 84 89 66 90) 20 (57 27 54 4 97 68) 19 43
37: (85 6) 8 81 (80 54 88 47 61 45 96 28 59 42 71 4) (21 14) (19 1 65 94 5 29) (37 90) 11 27 50 15 95 70 18 20 35 (56 72) 12 (51 24 73 57) 64 43 2 (97 25 52) 68 (58 48 84 44 30)
38: 51 7 88 (35 94) (95 66) (8 52) 19 (18 70 84 71) (2 86 76 47) 10 (32 65 24) 60 (39 17 3 25 57 85) (77 58 83) (5 31) 59 54 (68 1 56 13) (50 11) (96 42 73 20 97 38) 14 (80 21 81 28)
39: 91 (2 14) (72 58 90 84 69 97) (8 12) (64 59) (51 54 38) (74 50) (24 42 77) 43 (57 39 19) (76 10 96 94) 1 80 33 (35 68 73) 27 (13 60) (65 62) 88 71 (70 32 67 45 20 61) (11 95 63 52)
40: (76 41) (38 40 27 35 63 42 71) (1 68 51 11 84) (91 4) (24 52 98) 33 94 55 (32 43 2 97 70 10) 77 (65 30 50 57 45) (59 5 39) 37 (96 7) (86 81) (58 8) 95 72 (66 90) (89 19) 20
41: (94 86) (18 65 30 83 71) (95 3) 24 42 (96 90 11 84 70 61 88 50) (77 68) 25 (22 1 47 4) (14 40) (31 49 37 45 44 35 27 8 57 72 2) 19 (59 85) (36 73) (58 41) 97 (39 99 52) (10 7 17 66)
42: (5 4 2 97 96 68) (15 20) 14 94 (27 29 12) 16 59 63 73 33 (44 7) 88 (99 1 98) 90 (24 56 85 38 71 45 83 84 95 41 52 51 58 31) (39 21) 18 70 (11 60) (65 19 42 50) (35 77 64) 66 (57 25)
43: 83 (21 55) 7 (42 53 27) (54 15 66 68 56 57) (65 20 29 89) 39 25 1 (94 98 44 45 26 40) (97 8 10 3) 63 (59 24 72) 52 (17 12 19 85 77) (95 18 96 71) (11 33) (14 13 73) 70 50
44: (77 24 31 25 68 98 19 99) (20 50) (18 44) 71 39 45 (16 10 30 83) (38 2 6) (58 57 27 54 88) 66 96 14 (52 11 17 13) (90 55) 64 (1 79 61) 63 (3 35 97) (72 89) (51 73 70) (59 84)
45: 80 88 (53 32) (66 38 7) 14 (73 27) 59 (63 18 45) (65 82) 84 97 11 61 57 39 (31 71 52) (24 70) (4 12) (2 43) 64 (28 35 94 41) 20 68
46: (70 80) 45 (85 33 91) 97 (17 77) (38 57 50) (90 81 10 62) (63 52) 39 86 42 (25 41) 21 (64 28) 1 71 (94 88) (12 68) 51 83 (16 19 65 30) (29 89 48) 11 (14 44) (76 58 99) (78 59) 40 (73 84 20) 98 (27 35) 2 24 31 61
47: 57 (27 33 19) (69 68 35 52 10 96) 39 (83 89 50 32) (14 22 13) (61 54 66 71 16) (51 73 97 95) 46 (17 30) (31 85 72 98 8) (94 7 70) 11 21 15 (6 59 43) 84 (4 45) 2 65 80 (42 90) (81 26 38 99)
48: (98 15 80) (70 62 45) (1 96 30) 18 (43 58 50 72) (100 19 29 38) 51 (88 24) 61 52 65 (8 83) 35 94 6 (13 77) 66 (54 76) 16 (12 59 20) 14 (2 31 27 44 73) 95 26 97 (10 71) (85 37) (91 41) (17 48 90) 42 (11 9 86 22 4 68 84 64)
49: (86 85) 14 (25 73 94) (24 97) (39 4 18 1) 7 40 27 2 61 (57 59) (42 26 13 56 20) (90 65 62) (96 71 12) (15 44 70 51 31 64) 35 84 (95 80) 19 (81 52) (88 11) (89 10) (33 17 68 9 63) 50 43
50: 10 85 42 (33 7) 20 (2 94) (88 35 21 45 14) 80 (77 63) (16 39) (68 41 22) (65 97) (17 57) (95 73) 60 (55 46) (61 11 56) 43 52 (70 25) (90 24 84 83) (50 71) (18 58 98) (31 9) 27 19 (81 64) (38 62 59) (30 8)
51: 30 (27 95 50 34) (58 87) (31 94 1) (15 19) 14 29 97 84 (65 89 72 90) (80 13) (18 59 52 96) (61 54 12 2 43) (35 24) 5 7 (37 57 76) (70 81 20) (77 11 51) 45 (86 38 68 71 26) (40 21) (41 63)
52: (10 94 24) (67 57 85 2 52 86 38 64) (73 66 19) (96 72 39) (50 80 12 70 6 71 90 15 100) (76 65 27 58 11 1 13) 54 (18 59 87) (68 48 53) (14 45) 29 25 44 (56 97 42) (20 98) (95 21 23 55 84) 35
53: 18 (25 14) (90 65) (85 12) (29 31 49 99) (50 42) 40 64 30 (59 80 45) (55 51 89 70 43) 2 (62 83) (20 61) 17 (97 57 27) (66 24 71 77) (39 94) 58 (35 11) 95 33 (96 72 1 63 4) (13 38 19) (68 84)
54: (52 64 51) (89 57 46) 45 40 32 (98 55) (7 11) 19 (27 71 66 38 18 65 94) (22 4 42) (14 84 61 47 20 59) 21 (83 99) 43 81 39 (58 96) 68 (54 2 25) (85 95) (79 77 24) (88 1 73) (86 90 50 97 35)
55: 39 (12 1 57) 2 88 90 84 30 9 (89 8) 55 (96 58 59 15) (43 74 38) (50 94) 17 (65 21 68) (4 80) (91 72 24) (70 20) (93 85) 14 (60 98 7) (11 62) (54 45) (52 42 73 31 71) 86 77 63 (64 95 79 81 35)
56: (19 23 71) (27 54) (72 70 96 12) (24 88) (63 56 42) 45 39 77 (64 99 11 1 41 90) (61 57 50) (3 98 20 52 66 2 94) (84 25) (93 48) (14 95 58) 86 (35 17 44) (59 5) 73 68 89 (65 31) 51
57: (25 58 61 30) (10 88 95 41 68) (80 42 38 93 55 24 96 90) (2 51 43 29) (62 11 86 19 83) (81 89 59) (13 23 84 98 73) (54 4 97) 7 (35 50) 16 (57 18 27 52) 71 (20 37) (77 94 17 14 33 70)
58: (46 82 89 19 90 94 30 38 57 74) (37 71 41 44) (86 52 64) (18 93 21 1) (66 73 84) 68 (16 49) 4 98 (76 45) (43 7) (65 80) (59 27 96) (70 10 12 51 14) 11 (50 60) (48 24) (8 62 2 99) 79 (13 42 97 88 15)
59: 72 (66 43 54) (29 65) (16 25) 89 (62 15 39) (52 68) 45 (51 88) (80 4) 8 94 (71 14 38 33) (20 24 70) 98 (84 74 77 60 10) 73 (46 95 42 11 61 26) (50 19) (85 86) (83 69) (59 64 28 57 90 58 99) (97 44) (1 27)
60: (84 17 89 63 50) (98 16 83 14) (27 54 35 81 2 43 59) 70 57 (64 65) 77 (68 44 66) (71 29 25 24 37) (11 19 62) (73 76 51 80 95) (36 9) (18 42) 20 38 7 (13 88) (4 69 45) (12 93) (90 22) (30 1) 94 (26 47 56 52) (10 85 32 97) 31
61: 73 52 (86 64 85 80 3) 7 (11 10 44 20 58 29) (5 27 51 61) 1 66 57 (63 19) 8 70 (88 42) (90 35) 37 (100 41 81) 89 (97 15 65 98 9 38) (76 77 59 96) 43 (40 30 68) (50 39) (2 71)
62: (10 87 28) (14 61 90) (5 84 30 73 21 26 64 22) (72 71 20 38) (2 39) 41 42 (70 68) (97 76 57 27) (31 59) (19 1 35 66 88 94 43) (23 80 11) 50 (67 17 16) (65 24) 18 (96 45 55 91) (83 4 37 89)
63: 66 (59 22) 65 85 21 83 (24 8 76 14 86 19) (62 58 68) 30 90 (7 15 29 80) (71 5 52 38 64 18 11) 51 (56 97) 81 2 (73 50) (16 84) (72 61 13) 95 (96 94 39 10 43 1 45) (57 27)
64: 50 (40 60 76 18 47) 99 (45 98) 71 (81 70) 83 58 (39 68 44 56 5) (57 19 30 43) (66 54 4 86 96 52 88 12) (77 35) 2 13 (26 17) (85 84 14 90 21 11) 8 (27 25 97) 94 1 80 73 65 24 31
65: (2 16 85) 64 (29 27 35) (32 83 25 24) 59 43 (50 73) (97 54 80 11 77) 71 (94 8) (39 60) (20 95 52 4) 7 31 (72 56 66 23 90 87) (99 81 5 28) (57 42 88) 84 14 (70 1) 17 (96 3 30) (18 37) (19 65 12) (69 45) (68 22)
66: (45 97) 15 (29 51 33) (70 73 95 24 72 40 94) (31 43 9) 30 (12 11) 26 (88 58) 61 (60 57 54 20 18 87 59) 49 2 (25 63 64) 52 (50 39 17 22) (84 78 42) (83 76 71 38) (35 19) (89 27 81)
67: (39 61 62 94) (21 85 42 5 47) (59 97) (73 11) (27 24 54 77) 19 57 (88 50 18) (44 33 52 16) (68 67) (87 15 95 71) (90 91 76) (29 14 80 58) (84 65 1) 35 (25 45)
68: (58 45 59) (5 83 21 4 94) (56 77 72) (86 85) (14 91) 97 (7 18 29) (71 35 73) 84 (41 68) (11 17 30 65 80 63) (54 96 19 27 89 33 88 78) (44 51) 95 39 (90 42 43 47 15 98) 64 (70 67) (20 99) (52 76 57) (16 92) (66 60 61)
69: (63 52 24) 10 (55 51 26 54) 59 93 (11 90 35 31 73 12 21 58) 84 (69 88) 20 80 64 (85 71 4) (47 74 66 44 48 98 77 95 16) (86 43) (68 14 94 29 53) (34 97 65) (1 57 2 62 17 96 83) 61 (50 45 19)
70: (72 10) (16 85 66 88 77 61 44 67) 5 12 (71 57 11 8 22 81 31) (58 90 84) (45 35 24 99 59 4 65) (2 86 69 15) (73 50) 27 62 7 14 (95 37) (51 39 43) (54 98 70 17 48 1) (19 97 25 52) 68
71: (2 83 95 7 47) 19 (94 13) 18 50 66 33 52 (42 11) (70 63 39 55 87 20 72 58 35 65) (90 27 71 77) (59 80 81 98 24 22) (43 73 89 29) 44 (38 64 68) (1 54) 86 88 57 (69 96 49 31 14 37)
72: 53 19 38 (30 59 7 72) (84 1 90 97 83 60) 48 (32 89 14 96) 21 (65 57 62 73) 12 41 50 (94 11) (71 99) (16 95) 58 (85 66 20 86 56 44 68) (2 52) 79 (45 81) (31 51 17) (88 28) (24 26 80) (42 43 70) (29 35 77 76)
73: 77 47 (51 84 88) (50 27) (46 4 19) (8 57) 96 (1 26) (43 66 7 20) 80 39 97 83 (74 38 76 73) 68 58 (2 44 11 21) (17 59 70 72 60 65 61) (14 15 71 90) 53 (45 22 94 35) 54
74: (39 77) (4 15 67) 91 (18 1) (65 5) (73 35 66 17) 7 8 (52 89 33 88) (56 42 97) (95 43) 98 (11 58 57) (59 54 14) 2 (19 21 24) (25 84) (71 90) (3 64) 28 50 (31 63) 20 68 38
75: 45 (44 85 32 1 86 56 7 20) (51 95 23 57 42 89) 54 (2 64 25) 19 35 (81 27) (70 72 24 83 40) 59 65 52 (90 97) (50 94) (31 60) 73 (68 84 21) 18 58 11 61 47 96 66 (71 14)
76: 44 (47 10) 64 (91 93 22 14 31) (45 84 20 70 59 50 11) 80 61 82 (65 39 57 1 7 41) 28 38 13 (90 21 98) (27 85 24) 35 (86 2 25) 54 (16 19) (89 73 15) 72 (62 4) 97 (99 71 88 68)
77: 30 14 41 19 80 (54 96 84) 93 20 (37 85) 18 (44 45) (90 25) 76 50 5 (29 27 73 71) 59 (39 11 68) (12 95) 22 (1 31) 94 (24 64) 51 (38 4 43) (52 8) 97 (88 61 99 70 81 55 79 7 33 57 2 65 35 42 66)
78: 90 (60 32 57) 63 59 (65 2) 19 (92 26 64) (99 54 96 20) 27 (42 70 45 44 9) 75 (14 41) (78 66) (86 95 12) (52 97 77 39 71) 79 (24 5 29 50 84 16 8 15 89 94) 23 (68 88 10) (11 31)
79: (72 64 65 39 62 68 96) (44 15 8 2 25 49 59 83 98 50 71 73 42) (27 16) 58 (45 85) 35 24 1 78 7 (77 97 19) 67 (79 84) (57 11) 95 (90 14 86 20) (12 37) (94 54 66 30 4 100)
80: (18 84 22) (19 96) (7 4 80 50) (51 17 71) (29 16) (90 68) 44 (1 69 9 97 65) (88 52 45) (49 66 14 8) 35 20 (58 11) (31 27) 62 43 (24 95) (37 73 2 42) (59 70) 94 54 (98 40)
81: 84 (97 51) 53 (12 38 26 44) (18 11) (42 80 88 70 28 85 59) (7 6 33) (24 73) (52 13) 94 (58 10) (60 61 68 41) 57 (50 27 39) 14 (66 76) (72 86) (43 19 77 62 29) (30 91 56 90) (71 2 54 47) (20 95 25) (49 65)
82: 1 (77 14 65) (45 27) (29 25 58) (90 63) (43 57 85) (40 35 38) (94 89 55 39) (33 96 97) (80 59 71) (99 15 68) (11 70 42) (84 20 34) 51 72 19 (52 95) (74 86 88 30 18 24) 2 (62 50 21 4)
83: 58 25 (24 44) 19 68 (20 90 11 76 77 65) (45 53 97 38) 35 (83 14 41) (62 84 37) (59 51 52) (13 2 64 32 57 96 85 60 54 71 94 75 95 1) 21 (50 88 30) (81 8 17 7 63) (43 70 23)
84: 18 (14 86) 51 (52 54 95 33) (70 45 4 62) 61 (30 39) 59 (35 89 100) (81 43) 16 (57 2) (17 21 65 64 66 24) (10 50) (5 67 68 19 88) (58 97) (85 84 1 96) (31 27 22 63) (90 11) (77 99) (71 20)
85: (68 88) 2 52 (20 86) 41 (66 24) 90 42 56 84 (5 43 53) 27 38 97 (25 11 76 73 59 58 50) (61 18) (31 44) 85 (32 15) 81 (14 98) (70 64 71 30 47) (54 48 33 96 95) (94 57 65 45 19)
86: 4 25 (66 71) (27 21 96 3 50 1) (80 20 64) (38 35 31 65 68 59 70) 81 (7 84 86) (58 24 95 23 91) (39 73) 94 (79 40 37) 90 18 88 52 (76 16) (19 12) 67 (72 61) (2 57) 41 99 (97 89) 11
87: (7 41 92) (2 38 45 39) 54 (16 22 1 31) 18 (68 10) (14 65) 86 52 (73 71 66 17) (37 8 32 24 35 88) (4 85 56) 19 (67 50) 25 (89 51 84 94) (74 11) (90 12 72 96) 33 (57 81 46 80 3 64) (6 59 97 58 78)
88: (44 68 60 71 58 94) (27 54 67 70) 30 47 (89 50 7 24) (31 2 97) 57 (65 11 17) 33 43 (23 85 15 38 90 63) (92 74) (8 41 35) 84 (39 1 99 59 32) (66 80 52 93) (96 45) (42 64) (21 25) 14 88
89: (80 88) (69 22 8) (2 33 12) 90 (21 98) (62 51 1 83 94 76 41) 39 35 85 (20 97 24 59 15 38) 14 (71 72 95) 11 61 9 (7 52) (91 65 99) 19 43 (86 64) (54 70 57 46) 48 (16 50 45) 68 30 (63 25) (31 58) 10 27
90: (28 7 66) 71 (76 95 83 72 38 63 19 44 97 24) 43 (57 22 53 50) 11 (59 68 21 45 13 90 54 1) 31 84 (27 15) 70 (73 69 2 14) 77 (18 85) (88 5 10 17 65 61) (52 20)
91: (73 17) (48 85 54 96) 50 (64 29) (42 49 63) (68 30 10) (51 38 90 15 60 58 86 95 43 71 45) (94 59) (20 11) (1 13) (89 41 7) (39 24) (66 27 52) 88 (57 98 65) (33 26 8 31 83 84) 14 (19 47) 81 (5 28) 97
92: (15 93) 74 (72 94 54) (1 2 22 60 96) 43 58 65 (57 7 11) (45 84) 33 5 (59 85 56) 77 (70 80 50) (64 44) 99 (97 24 76 66 19) (18 68) 83 (35 71 13 21) (39 14 12) (52 30 90 95 20) (9 6 73 42) (88 29 25) 27
93: 20 44 58 (42 2 52) 29 43 53 (55 24 50 27 14 57 71 38 31 94) 54 (41 13 72) 95 (84 1 65) 30 (7 66 80) 22 (61 35) (70 23 68 9 64 83 88 77 98 11 39) (85 81 8 19 45 25 59 51) 90
94: 66 (88 85 50 82) (24 42 71 11) 52 (31 72) 90 (70 80 86 39 20 94 25 68) (74 37) 43 41 44 2 (8 28) (55 35 54) (15 19 65) (59 73 97 96 4 60 61 77 76) (14 45 51) 17 57
95: (96 2 82) (81 83) (43 84 15 98 61) (40 52 72 45 47) (7 70) 24 88 (97 57 17 75 55) (65 90) (68 94 27 95) (64 1) 49 54 (29 56) 11 21 31 35 (10 5 85 20 77) (92 71 66) (38 19) 37 69 86 (14 44 18)
96: 18 2 50 65 (86 8 4) 19 (42 31) (56 76 39 96) (7 94) 88 (27 15) (68 14 73 24 84 74 47) 59 (97 71 100 90) 95 45 1 92 (72 16 81) (12 38 70 58) (57 3) (21 40 52) 77 99 (20 25 11 35 17)
97: (98 77) (84 64) (76 18) (65 54 46) 48 38 20 (85 86 13) 80 43 68 (2 25) (19 94 35 39) 16 14 (27 97 50 1 71 90 12 21 29 42) 24 (57 62 61 58) (70 7) 52 89 59 72 (31 15 88 51 95 17 73)
98: 83 (99 68 80) 13 (31 18 16) 86 90 (1 48) 17 95 (67 61 81) (44 39) 77 58 (62 27) (52 38 97 2) (63 33 25) 96 (98 64 54) (89 88) 14 94 79 3 11 (20 84 19 43) (40 8 92 59) (10 29 66) (69 45) 71
99: 82 (88 74 56 8 16 44 18) 7 (17 22) 64 (12 98 83 90 2) (97 43 45) (95 11 65 57) (73 85 6 59 50 38) (21 39 14) (96 77) 19 72 (84 71 68 52 58) (35 60) (70 32) 1 42
100: (10 50 54) (90 8 81 63 73 20 38) 64 (5 1) (43 57 27 84 35) (59 71 14) (9 94 56 97 88 29 2 44 89) (76 58) (45 95 24 80) (86 7 23 85 70) (42 83) 25 (16 65 17) (19 11) (15 52 22) 77 68
