100 100
1: 72 46 62 99 71 11 17 16 29 45 1 54 50 36 18 34 49 85 22 39 94 32 79 21 28 84 63 31 86 27 95 92 14 13 58 42 30 25 69 81 35 15 7 56 3 53 82 60 75 74 80 33 37 23 57 83 87 20 10 38 88
2: 87 68 31 96 52 8 60 55 82 64 80 67 71 37 93 84 40 72 79 91 77 76 48 58 26 15 89
3: 48 9 17 29 68 1 84 49 80 99 82 11 4 90 41 72 33 39 45 54 55 36 71 56 95 10 14 8 66 78 22 73 98 61 5 20 47 24 76 60 35 64 27 100 31 93 92 30 88 12 67 26 85 57 96 16 97 52 40 83 94 7 87 37 3 46 74 81 62 6 65 69 43 70 75 18
4: 79 85 90 50 52 66 88 92 16 20 46 21 11 14 23 6 13 84 47 89 57 51 17 27 73 86 91 97 49 54 67 76 2 58 25 33 32 64 93 30 48 100 29 69 8 59 55 71 4 40 62
5: 32 39 28 79 9 37 95 97 90 57 92 54 84 64 83 40 19 38 67 10 20 35 45 2 87 91 23 7 80 22 56 13 68 29 70 27 50 72 5 25 6 21 18 96 78 93 1 12 77 82 31 85 51 55 81 52 53 94 61 3 4 47 66
6: 83 99 63 58 10 8 35 13 40 47 38 57 16 46 34 52 7 62 68 27 32 69 90 25 20 72 89 77 44 97 59 98 11 100 82 65 70 66 94 22 75 51 24 61 76 50
7: 83 28 58 65 94 11 68 60 51 52 22 23 1 29 99 48 85 27 79 20 86 42 84 97 15 72 50 91 93 66 2 19 18 13 6 31 38 35 12 24 87 89 49 5 62 59 75 80 34 37 45 3 53 67 70 43 21 8 61 10 4 36 69 78 88 81 44 76 77 56 17 40 74 57 98 96 64 63 90 16 25 73 55 32 41 33 7 92 47 30 71 14 100 46 54 39 9 95 82
8: 4 14 87 69 38 54 89 58 5 29 85 36 47 39 33 6 60 79 91 82 13 73 81 9 41 42 27 35 75 46 30 50 26 71 92 11 77 2 98 66 68 1 8 52 78 31 62 86 17 51 37 15 3 76 80 64 20 21 49
9: 22 5 61 92 30 25 13 86 75 68 47 96 32 70 8 43 7 1 48 19 59 95 42 85 88 45 52 41 15 11 12 60 79 93 67 63 72 4 34 31 17 99 83 58 100 98 89 6 91 80 65 87 33 78 20 29 49 24 46 21
10: 49 21 69 12 80 86 98 4 36 96 30 14 68 40 89 56 95 100 18 64 63 32 19 6 88 52 81 34 97 28 74 31 25 94 1 3 37 22 35 51 17 72 71 26 62 59 24 90 15 67 70 73 57 39 50 13 77 75
11: 50 22 66 47 11 95 10 12 81 7 100 14 59 89 19 83 36 60 90 46 64 55 29
12: 64 77 65 2 11 78 21 75 22 99 73 79
13: 47 40 98 43 35 97 70 51 37 82 96 50 5 14 91 75 62 85 90 21 13 29 92 64 84 25 11 58 15 83 19 54 20 66 77 73 16 76 72 1 7 46 44 94 24 78 48 79 67 42 55 45 10 68 8 23 61 33 60 49 88 41 95 32 39 26 63 56 81 2 17 12 74 65 27 100 9 34 52 71 6 3 22 28 38 80 69 57 4 86 59 99 36 93 89 53
14: 34 59 21 47 45 35 26 85 38 78 20 57 70 72 6 8 81 90 51
15: 89 66 48 46 73 63 83 21 75 85 86 24 15 99 11 55 29 58 2 67 91 14 70 43 59 28 68 62 13 45 23 94 53 33 41 93 95 50 84 37 82 79 18 26 40 88 16 64 12 100 20 22
16: 9 5 10 51 35 44 65 19 72 85 86 92 96 76 57 34 81 32 99 38 27 47 60 68 75 22 14 77 28 17 15 33 26 50 63 40 12 70 13 62 6 24 8 52 55 90 73 41 39 67 37 59 74 54 21 53 42 7 31 18 29 94 89 83 97 16 61 82 1 3 20 93 4
17: 3 68 32 90 22 73 17 54 91 28 53 11 85 69 62 64 94 24 26
18: 13 82 32 19 46 33 100 6
19: 30 3 34 45 56 9 87 44 31 59 100 21 98 16 60 37 70 14 18 40 76
20: 99 58 13 20 28 47 73 43 27 26 75 82 60 79 18 65 41 34 68 78 84 87 69 53 8 50 66 30 7 67 91 1 77 74 51 52 3 45 35 5 95 94 100 98 31 48 24 16 46 49 57 4 96 44 85 21
21: 42 65 11 88 77 29 43 82 9 75 34 40 94 13 47 30 10 49 89 14 86 98 59 83 99 97 24 92 44 80 87 33 53 25 37 17 91 74 79 23 50 7 61 36 60 48 66 46 58 100 55 62 54 21 73 15 57 2 76 12 22 4 39 5 41 90 56 67 28 63 20 31 3 19 68 71 51 95 6
22: 4 67 100 72 76 12 19 35 36 54 28 49 13 92 97 71 40 81 16 57 33 32 1 18 14 65 11 24 39 85 23 99 43 84 95 27 78 79 69 29
23: 18 13 84 76 88 39 91 99 46 78 42 51 40 70 90 52 66 89 75 29 73 15 36 58 44 67 100 22 5 6 43 41 4 85 17 80 63 34 32 60 56 2 98 37 92 45 71 16 82 35 54 74 12 93 3 24 59 14 28 64 53 23 97 81 61 38 77 87 21 69 83 20 57 33 1 94 86 48 9 31 68 26
24: 59 23 36 84 63 89 28 88 33 12 92 35 61 64 21 86 31 65 74 15 8 81 54 80 91 69 97 67 75 17 43 34 4 53 6 58 87 22 37 16 100 44 99 78 24 19 3 1 66 13 77 45 68 32 2 11 27 73 56 94 71 82 52 46 18 96 93 70 5 49 48 10 76 51 30 38 95 85 72 79 29 60 9 62 39 14 57 98 55 20 90 25 40 42 41 83 50 7
25: 46 38 27 78 50 7 77 86 2 85 4 37 8 40 69 91 61 100 70 82 81 66 45 29 58 73 14 44 60 67 13 35 95 74 34 93 64 36 5 18 98 79 1 23 47 6 41 24 96 49 11 62 20 83 42 52 43 53 3 80 12 94 92 55 25 32 16 84 71 31 51 15 87 97 48 9 21 76 99 39 30 59 22 89 26 57 68 54 56 65 75 63 17 88 19 10 28 33 72 90
26: 20 41 51 29 23 81 44 2 42 61 96 58 95 15 26 85 31 50 24 98 6 12 5 76 7 70
27: 51 98 44 64 62 66 85 36 65 8 71 56 46 82 95 68 57 37 26 80 54 92 17 24 83 12 31
28: 47 26 98 33 8 14 17 13 49 36 46 12 69 24 84
29: 46 77 35 15 86 44 38 68 67 85 52 10 33 83 36 90 39 37 88 92 60 89 6 2 84 49 96 54 40 28 7 50 97 19 48 4 32 71 16 45 66 79 34 72 82 91 64 18 55 51 13 58 93 59 95 14 74 9 78 17 42 22 25 56 73 65 27 5 43 63 12 99 23 29 24 100 3 41 26
30: 9 37 46 88 19 2 55 10 98 4 15 78 97 20 93 26 5 23 7 64 45 33 75 34 30 1 67 85 72 87 79 68 100 27 73 8 39 80 61 83 69 48 51 41 6 60 49 31 71 24 65 82 43 50 62 35 11 66 29 90 44 32 16 17 13 94 18 99 3 38 77 59 21 70 89 95 40 92 14 52 22 42
31: 73 60 99 66 4 59 74 55 16 63 20 93 19 78 67 53 32 58 54 88 29 18 64 28 49 82 51 90
32: 49 70 3 40 44 34 32 79 66 87 96 90 35 24 1 56 98 22
33: 45 25 52 35 49 85 79 23 29 53 24 68 58 89 95 12 64 46 86
34: 64 12 30 22 69 88 77 70 81 14 58 89 32 62 26 61 82 86 74 19 2 6 36 67 73 92 76 68 99 53 46 83 35 16 93 40 72 75 37 42 9 100 13 63 38 66 96 84 44 59 94 15 49
35: 97 4 65 8 11 58 44 42 31 84 3 5 78 99 40 17 60 68 76 67 28 18 24 38 13 69 90 59 72 49 2 43 53 50 61 47 34 66 16 14 9 51 95 52 87 71 83 64 70 91 37 45 73 19 48 79 63 22 82 7 55 93 10 56 12 77 29 46 41 15 94 92 32 98 57 54 33 89 80 21 35 6 27 74 23 1 25 85 30 62 26 20 75 81 39 36 100
36: 65
37: 53 76 72 15 67 93 37 83 45 23 46 33 50 96 1 59 29 66 3 64 13 27 44 48 98 30 8 52 94 62 6 71 84 56 75 41 97 12 11 5 77 65 38 49 21 20 31 86 28 81 69 60 74 34 7 19 73 100 36 47 80 4 51 85 55 99
38: 15 63 45 20 21 12 94 80 10 66 78 44 48 17 52 91 8 47 29 77 58 70 34 83 57 31 98 26 32 88 96 38 5 40 92 19 86 55 100 85 33 11 25 28 37 3 9 13 16 89 23 43 84 76 50 90 65 46 81 2 82 35
39: 56 48 55 43 61 33 18 95 92 91 2 59 64 83 30 62 44 13 39 16 50 15 17 27 53 86 10 66 12 20 8 11 35 74 81 24 25 36 73 100 70 77 99 28 37 6 80 79 3 71 5 1 57 60 34
40: 16 8 64 11 20 91 35 73 10 77 32 1 29 15 69 7 92 78 37 57 62 27 66 21 87 23 58 55 17 76 22 43 99 89 46 26 39 74 38 56 28 83 40 48 34 79 12 47 60 42 5 94 6 45 51 25 31 71 53 54 33 86 59 30 4
41: 10 17 18 91 45 79 55 56 53 24 54 40 99 19 30 48 87 62 7 49 35 72 32 66 13 76 82 63
42: 89 79 6 70 57 20 94 47 12 11 46 28 44 25 1 3 22 33 80 99 65 43 85 74 27 81 87 18 64 91 66 21 59 13 82 30 50 98 62 54 76 61 15 56 84
43: 9 50 75 17 40 5 62 26 92 45 12 59 69 77 24 41 80 35 52 98 64 93 7 90 56 6 13 78 99 30 53 2 36 11 100 1 58 4 42 44 19 74 71 28 29
44: 72 27 42 44 97 13 88 100 36 34
45: 52 63 3 72 95 11 62 91 99 26 47 97 76 59 14 33 27 42
46: 73 28 33 18 9 25 74 19 77 21 22 16 24 26 80 62 75 93 89 87 60 76 84 61 96 54 72 8 38 88 85 44 82 34 51 43 57 59 67 20 95
47: 58 1 21 5 45 60 88 57 99 32 46 29 54 84 51 76 38 69 37 6 82 39 55 62 10 75 77 65 28 63 41 3 13 43 92 53 98 56 31 61 95 48 27 68 49 70 30 73
48: 91 77 59 89 81 5 23 72 12 3 10 99 13 85 22 45 58 64 55 56 98 8 57 28 84 76 14 30 47 52 51 68 53 90 31 67 80 15 92 73 86 32 25 97 24 82 39 49 62 38 95 78 42 83 48 21 1 9 40 44 33 41 94 96 100 46 87 88 63 16 43 26 65 11 54 4 61 60 69 35
49: 92
50: 21 39 32 90 41 18 36 44 42 93 97 81 72 6 49 15 66 1 88 53 13 92 83 31 19 43 85 76 30 75 29 59 71 48 50 46 87 52 65 70 3 94 4 10 34 22 24 51 84 82 62 17 25 9 2 37 86 47 14 11 67 74 60 79 99
51: 73 100 91 28 46 69 1 29 90 34 17 63 3 37 92 88 54 25 49 41 12 75 52 60 86 74 39 77 4 80 23 81 96 56 48 21 40 93 13
52: 4 15 88 100 3 54 96 70 40 83 51 90 50 91 69 57 43 86 7
53: 96 56 29 17 57 79 2 100 3 69 42 14 78 66 43 39 23 99 34 77 36 76 8 20 53 90 40 67 60 4 82 63 1 18 47 38 73 45 89 58
54: 64 91 3 97 89 83 59 51 16 1 80 87 69 41 72 96 61 90 33 15 67 88 100 63 76 82 56 62 49
55: 46 52 83 61 67 29 36 87 13 7 11 92
56: 65 81 39 33 15 14 34 69 74 19 2 12 82 57 95 79 36 63 20 28 86 98 80 64 66 49 5 29 72 9 59 53 88 68 3 27 60 18 67 77 89 22 40 47 30 46 87 94 23 41 21 48 83 70 32 42 93 71 54 62 7 11 51 44 73 13 24
57: 7 15 88 1 29 57 100 45 34 72 56 62 86 43 60 96 23 24 32 30 58 46 2 47 75 3 19 91 10 98 44 84 59 25 6 61 12 97 21 8 36 82 80 49 28 77 38 69 89 63 18
58: 31 11 65 89 23 38 67 44 86 74 22 16 55 14 43 64 20 87 29 40 80 15 9 21 8 49 39 52 35 12 62 48 78 59 37 77 98 79 63 85 66 61 81 13 88 34 42 95 99 10 91 90 60 45 69 51 96 76 3 71 73 58 83 41 27 36 97
59: 6 38 39 66 78 26 17
60: 14 19 18 86 54 83 84 36 77 45 42
61: 21 65 50 88 87 24 80 76 25 81 12 69 63 34 41 27 73 91 51 71 60 35 29 66 33 11 85 96 26 4 31 64 99 15 56 23 84 55 9 16 13 46 19 83 95 5 74 2 92 70 20 61 1 78 43 86 3 28 49 38 37
62: 79 96 5 77 93 41 50 47 98 20 76 36 32 19 13 14 78 10 28 94 1 75 97 40 17 46 51 27 23 44 55 16 37 25 35 99 84 66 87 100 11 45 29 83 31 64 48 90 49 33 70 18 15 34 63 26 72 80 81 21 88 6 58 12 4 67 62
63: 92 66 45 17 3 2 81 43 57 37 39 56 68 94 9 47 69 22 60 61 49 58 48 75 77 11 1 52 95 83 27 4 88 38 70 67 90 54 53 20 5 87 65 71 33 40 79 29 34 96 97 15 46 100 16 64 50 10 42 73 98 25 74 85 86
64: 12 48 44 4 43 46 39 37 71 14 67 41 97 73 81 45 20 9 27 75 91 35 96 11 24 72 31 15 1 5 29 21 93 70 22 28 92 38 83 100 2 95 61 65 16 74 30 19 66 18 99 56 42 64 84 86 50 60 78 58 98 40 52 90 54 7 51 68 94 88 63 89 32 59 82 8 3 76 55 36 57 33 79 6 62 34 80 26 47 85 69 23 49 13 25 53 10 77 17
65: 97 25 31 2 79 30 18 27 11 58 52 8 44 66 67 14 98 61 1 74 86 89 22 41 36 38 43 85 51 54 83 17 37 99 3 34 76 92 4 35 65 20 9 71 93 75 12 94 10 56 24 23 48 26 84 80 46
66: 88 11 33 49 45 70 73 74 24 20 21 1 43 44 56 85 27 75 12 16 92 87 18 89 68 28 98 83 90 51 10 3 8 82 14 71 67 54 60 7 5 57 42 80 84 99 96 91 94 76 55 39 32 22 35 40 13 25 48 81 78 4 6 29 19 46 58 77 34 69 86 41
67: 26 55 2 83 4
68: 19 18 85 57 83 29 21 76 6 49 71 74 64 26 66 100 44 79 70 41 23 63 62 36 31 90 46 50 48 82 34 13 75 69 93 78 22 32 80 61 12 1 72 43 51 73 10 16 7 97 86 47 40 14 27 4 20 99 95 91 11 65 24 3 38
69: 53 77 65 87 10 15 34 35 25 8 18 63 61 85 67 68 74 21 54 62 36 48 13 7 51 44 96 92 94 19 49 59 24 20 50 70 56 29 42 16 6 11 91 97 4 3 12 33 81 28 84 55 79 100 80 2 31 45 41 52 38 40 83 82 69 99 98 71 93 32 27 26 90 60 9 46 30 14 95 57 58 75 43 76 39 17 72 73 64
70: 41 26 91 38 76 62 45 27 37 98 84 31 19 100 7 10 75 18 66 11 30 69 20
71: 19 96 25 50 76 51 79 99 32 34 5 75 49 40 44 83 10 68 26 12 90 33 4 21 48 85 77 91 72 60 41 7 78 15 53 70 84 62 39 59 30 18 13 46 38 55 89 20 88 24 81 17 1 3 11 63 52 9 82 29 69 73 14 80 65 98 22 57 35 45 58 37 47 36 87 42 64 74 23 71 43 16 8 54 31 28 97 67 56
72: 69 97 76 94 85 92 57 98 62 7 17 10 93 74 16 68 12 75 1 47 48 99 66 61 50 46 27 44 18 33 4 88 72 91 31 64 25 52 5 77 20 28 37 53 51 21 40 95 30 35 82 2 86 89 79 90 34 96 59 65 38 45 58 9 87 11 100 42 60 32 43 80 56 6 78 3 73 81 24 41 14 84 26 83 36 15 13
73: 64 2 100 67 5 77 57 95 22 93 86 26 35 6 27 58 49 19 71 61 11 40 98 62 21 52 8 28 16 60 48 88 29 15 87 85 46 80 90 1 78 12 81 66 32 89 75 79 97 99 43 3 59 47 17 41 82 55 50 51 65 69 31 45 37 70
74: 2 4 5 47 43 89 52 78 54 33 77 34 18 25 70 69 27 65 62 64 16 37 29 30 63 7 8 23 48 88 59 12 95 55 58 87 42 3 13 39 98 76 90 40
75: 13 93 78 14 55 35 99 10 90 26 40 53 64 62 24 73 77 67 80 22 20 87 54 98 8 79 85 68 39 46 72 96 81 58 15 48 3 95 65 84 91 29 97 5 31 94 89 44 83 71 50 2 57 11 49 1 18 61 70 17 45 47 60 30 66 59 16 23 27 100 92 76 6 38 36 42 7 12 34 25 86 82 37 33 69 52 43 28 75 88 4 32 41 21 19 74 63 9
76: 46 4 78 32 94 59 14 33 28 18 97 36 100 53 57 47 23 22 90 54 58 95 61 21 96 80 45 67 10 63 3 72 79 27 62 30 24 85 15 82 49 19 16 38 84 44 99 7 56 55 91 74 12 87 41 92 11 83 88 42 8 13 2
77: 6 81 38 74 9 58 42
78: 66 28 31 23 62 8 65 4 19 78 18 10 29 73 54 89 84 51 42 52 85 48 46 100 64 81 60 63 30 76 26 39 70 67 57 27 94 53 43 21 68 45 95 32 2 33 6 44 99 72 25 47 9 12
79: 67 1 55 61 56
80: 14 35 3 78 69 40 33 83 75 18 58 31 77 100 90 55 34 16 11 47 99 46 88 74 9 24 30 42 50 4 53
81: 32 84 14 72 48 46 17 85 47 43 53 94 93 16 42 89 49 96 8 63 20 55 69 56 3 87 45 100 41 62 38 60 61 10 80 21 67 29 50 81 36 97 24 23 64 33 90 28 39 57 51 66 99 91 70 83 30 26 73 37 82
82: 54 36 64 50 24 80 41 43 6 71 99 3 29 96 13 1 86 31 78 95 59 28 21 85 55 91 77 30 9 90 82 69 12 93 48 4 79 61 19 94 84 39 14 56 45 67 72 100 63 26 7 87 51 66 23 57 32 92 65 60 49 15 88 27 97 68 62 37 25 44 81 42 2 58 10 52 83 35 73 89 11 33 98
83: 72 71 5 81 70 76 50 88 37 74 27 33 60 82 94 91 34 62 53
84: 47 11 65 1 95 32 13 33 16 60 25 76 2 42 23 36 4 44 15 100 83 37 64 57 20 74 67 63 50 68 70 22 92 73 79 45 82 38 34 27 6 3 58 85 90 28 43 46 49 18 71 72 69 94 96 55 31 7 14 62 59 8 75 56 10 5 12 93 35 24 78 66 86 48 40 51 19 84 26 87
85: 66 82 8 72 27 6 19 58 71 60 63 36 87 65 94 50 49 16 57 30 34 61 23 26 91 84 86 99 48 45 28 3 37 73 69 92 11 59 52 12 4 20 54 93 88 40 80 35 51 43 1 83 41 85 33 15 74 9 32 53 67 24 78 98 70 25 42 21 5 97 77 46
86: 43 67 51 80 73 76 100 40 57 65 2 36 15 75 55 6 58 90 95 79 99 34 56 7 37 81 70 24 98 29 89 11 88 28 59 16 30 77 46 54 96 78 22 33 32 27 8 14 10 64 69 82 52 72 94 23 74 12 71 91 45 63 26
87: 17 39 86 2 29 77 92 40 56 66 11 42 73 38 47 32 21 79 44 55 48 13 31 10 65 99 20 89 57 88 80 34 68 19 97 7 90 91 3 28 18 30 24 50 15 81 63 75 58 83 23 37 67 43 64 54 78 26 100 36 69 41 76 49 71 16 95 6 35 98 4 93 94 45 52 27 96 9 33 51 5 70 1
88: 77 32 54 80 38 71 73 46 83 2 18 75 100 25 64 27 21 98 5 34 78 23 60 19 39 9 66 85 82 52 86 96 6 87 10 84 74 62 20 30 58 91 56 88 36 37 94 11 61 47 43 53 48 4 65 14 69 92 51 95 42 15 49 8 67 90 44 99 31 57 29 93 70 22 63 72 16
89: 57 55 40 83 26 66 4 90 36 23 47 71 94 37 32 99 58 74 68 88 45 25 77 96 24 35 63 79 60 44 61 48 11 59 2 67 20 17 27 73 30 72 46 69 12 75 10 8 38 78 91 62 98 49 85 29 7 50 81 87 33 18 84 31 39 42 54 52 70 80 1 65 14 5 41 34 43 6 93 89 56 16 100 13 86 9 28 21 82 64 22 97 15 51
90: 54 26 32 16 19 17 22 66 84 97 59 6 37 86 42 92 96 64 28 3 21 65 98
91: 79 4 53 68 45 57 60 32 11 26 47 76 6 93 88 70 43 16 10 75 97 21 17 80 27 81 36 28 23 48 78 24 73 95 85 46 51 31 41 65 12 83 30 66 86 19 61 2 55 62 20 5 15 72 34 44 40 56 67 98 52 39 59 37 74 42 63 18 29 3 90 33 96 100 22 71 25 8 1 82 7 9 91 54 84 13 87
92: 86 21 99
93: 60 47 98 58 6 51 33 48 23 70 100 46 44 81 55 40 74 41 11 50 69 87 2 88 78 28 25 18 79 62 66 19 15 65 83 29 99 92 34 64 71 4 54 75 7 10 30 38 8 16 91 32 67 90 72 45 57 73 82 84 49 39 97 53 12 22 9 1 80 31 26 85 35 95 61 21 59 52 93
94: 94 84 28 80 7
95: 59 39 15 35 92 53 57 54 68 8 24 62 83 37 20 93 31 69 63 50 76 6 28 100 9 22 96 77 44 1 97 60 88 17 25 64 34 46 12 5 29 18 84 70 19 27 61 99 4 13 65 42 94 91 49 89 58 78 87 23 75 66 98 90 67 81 72 47 32 11 16 52 7 80 55 51 3 45
96: 58 9 15 44 1 31 67 65 71 46 95 28 3 66
97: 70 2 10 94 71 41 34 7 98 99 29 62 48 61 80 4 92 50 39 54 23 64 19 86 85 22 28 69 65 43 21 17 97 78 67 79 42 33 47 51 20 59 74 12 24 25 27 58
98: 60 34 79 68 10 77 72 42 90 66 93 2 84 55 31 12 57 71 76 58 30 98 21 89 63 45 18 17 80 56 40 99 3 67 46 24 50 70
99: 80 51 2 35 93 96 20 37 17 55 43 88 11 87 39 58 14 70 3 22 69 64 86 57 38 27 67 62 78 40 94 1 48 34 77 29 90
100: 60 40 79 52 35 12 16 1 25 9 49 55 2 53 72 62 21 74 99 32 58 68 36 34 77 84 45 97 63 75 5 85 71 69 51 89 11 56 100 30 50 41 81 7 78 31 95 88 13 22 46 61 57 64 18 47 29 17 59 33 27 39 24 93 26 19 80 43 66 76 83 23 82 91 86 44 10 20 54 15 38 37 28 14 6 67 42 90 70 73
1: (50 1) (43 42 72) 66 (3 63 91 10 65) 23 (71 64) (20 61 37 48 13 40) 35 (22 82 79 85) 53 (24 57) 32 (100 87) (75 99 51 5 73 9) (25 47 68 30 8) 7 89 (84 62 16 39) (96 93 95) 54
2: 98 (89 65 39 56) 82 (72 25 75) (4 21 34) (26 57 35) 5 (73 8) (30 86 61) 99 (84 23 38) (63 13) 74 (15 67 12 78 29) (64 43 100 91) 87 (76 93) 53 69 (97 50 7) 88 24
3: 75 73 (51 90) (1 63 80) 17 (66 35 3 30) (29 50 45) (48 71) 64 (39 91 57) (8 38 56 21 53 37 74 23) 98 (52 61 32 95 19 68 47 81) (7 13 16 54 72 76 69) (96 25 24 65) 42 (85 84 20 82) 87 10 (5 99 58)
4: 75 53 (76 25 74 43 84 40 65) (61 69 89) (22 13 68 9 20) (7 62 8 30) (16 37 78 4) (10 66) (64 21 80) (24 87 71 93 95) (63 31 88) (29 23 97 35) (51 82 48) (85 72 67) 3 (5 52 50 91)
5: 100 (73 47) (35 26 88) (16 39 43) (85 87) (38 63) 89 (3 37 30) (7 24 25) 13 91 62 (5 71) (29 75 61) 40 (8 48 72 74 56 95 9) 84 (66 23) (20 21) (64 83)
6: (30 5 21 35 34) 62 (73 29 4 3) (66 77 82) (64 59) 75 16 (57 7 84 91 50 26 40) (95 100 86) (43 14) (87 93) 37 (69 72 25) 24 (68 90 10 42) 88 (9 13 23) (47 78) (89 39) (18 8 85)
7: 72 (3 30) (69 97 82) (21 91 1 87 40 35 52) (86 100 13 41) 70 25 (56 24 71) (93 26 16 66) (75 11) (29 89 37) 68 (74 7 5 6) 94 (9 84 64 55 57) 76 43 20 95
8: (35 65 78 89 57 40 3 48) (2 71 85 13 75 24 38) 39 28 (81 20 64 9) (25 66) (14 76 7) (30 93 37 6 8 95 74 69) 84 16 73 27 (53 46) 4 86 88 (58 91)
9: 25 (24 16) (8 82 96 21 7) (3 88 89 65 58) 78 (29 63) 61 (5 19 71 46 38 30) (72 34) (77 56 85 75 93 64 69 23) (48 100 91) (43 80 13 35) (50 95 87)
10: (65 91 69 6 70 29 13 25 93) 30 (75 58) (89 38 21) 7 (48 57) 66 (41 5 64) (97 81) 62 (39 87) (47 78 68 16 88 71 72 86) (63 84 11 3) (98 40 76) (1 100 50 35) 24 82
11: (11 42 37 7 72 21) 84 (100 88) 91 (39 35 86 45) (75 50 1 3) 13 (68 17) 22 24 (63 64) 6 (56 61 15) (85 99) (76 89) 80 (82 65) (12 58 66) 9 (38 95) (25 93 55) 43 40 (71 48) 87 (8 4) (69 30) 62 (73 70)
12: (21 7) 26 (10 82 73 43 98) 78 (35 3 42 97) 89 (65 16 39) (76 58 23) 64 (13 27) (66 22 95 62 25 91) 15 (93 48 72) (68 61 84 37 74 33) (34 40 28 85 24 11) 56 (100 38 86 57 69) 75 (29 51 9) (71 5)
13: (42 9) (74 24 15 89 91) 18 (1 23 47 13) 16 56 39 (29 6 30 100 68) 20 (21 28) (76 87 61) (84 71 41 50 4 7) (37 35 64) 69 55 34 (10 5 44 8 62 72 82) 95 66 38 (48 51 25) 22 43 (75 58)
14: 48 (28 100) (45 82) (71 23 62 7) 53 25 (68 60 56) 21 (16 86) (84 99 64 29) 69 75 66 (72 50) (10 88 19) 81 1 13 (30 34 15 11) 58 (4 89 65 35) 3 (22 80 76 24 8)
15: (52 40 37) 76 38 21 93 (86 34 57 87) 71 89 82 (100 39) 91 (69 24) (8 95) (7 16 48 64 50) (56 72) 25 29 10 (30 23 15 63) 35 96 54 (9 84) (85 62 58 2 75 61) 13 1 26 (73 88) 42
16: (85 95) (16 4) 40 31 (19 93) (71 63) (15 86 1) 3 (69 90 81 80 62 72 46 24 89 34 13) (61 74) 7 (54 23 66 38) 87 30 39 64 (58 84) 22 (100 88) 6 (75 25 29 68) 20 (73 76 35 91 48)
17: 41 69 (72 10) 7 8 (9 28 24 98 3 89 53) (62 95) (87 4 39) 21 (1 50) 91 59 (30 29) 63 40 (43 71 51 27 73 64 81 99 13) 35 38 65 25 97 (23 100 17) 16 (75 90)
18: (65 15) (71 3) (70 53 31) 16 75 (5 66 95) (20 42 100) 1 (69 39 88 72 23) (60 91) 41 (19 87) (62 84) (30 10 50 76 46 74) 80 93 (22 56 57) (29 24) (98 7 89) 64 25 78 (35 68)
19: 78 (93 76) (41 68) 71 7 56 62 38 70 (37 18 75 84 30 69 29) 35 (10 88 91) (43 66) 64 25 (46 85) 9 (24 87 82 13) (90 50 5) (16 22) (73 31 61) 34 (95 100 97 11) 21 57 60
20: (21 46) (63 97 58 69 70) (1 53 35) (89 31 62 23 72 71 5 42) (8 39 25) (56 85 64 20) 91 (16 14 75 81) 26 3 (7 99 88) (40 38 24 4 68 37 6 15 13) (87 100 9 84 66) 95 (30 65 61)
21: (47 76 57 37 87 81 91) (93 5 75 14) (97 42 50 21 13 19 16 7) 62 (48 4 24 66) 51 98 12 (73 10 46 78) (20 15 85) (40 68 61 35 30 92) 72 88 69 (56 1 89) 82 (9 8 38 23 64 25 100) (90 58 71)
22: (13 63) 64 (9 65 11 76 30 10 95) 58 (50 23 42 25 3) (84 6) 7 (46 88 71 1) (48 35) (91 100) (68 40 73) (29 93 5) (90 99) (24 15) (86 32) 89 (66 75) 56 (97 16) (34 12 17) 21
23: 64 (65 26 29) (89 86) (88 1 53 35) (15 93 25 48 4) 85 22 58 37 (51 71 5 23 100 57) (38 74) (24 97 68 87 78 81 62 40 33) 82 61 7 (75 56 30) 76 (21 95) 84 (13 91)
24: 98 (76 56 30 71 33) (68 65) (95 48 35 6) (50 32) (46 89 25) 26 39 (13 20 16 84) (75 69 100 91) (10 66 23) (97 57 21 81) (28 7) (27 24 72) (80 64 9 3) 43 (41 61 85) (17 15 82 87 29 22 86)
25: 97 93 (9 66 82 7) (62 89 72) (61 29 57 65) 6 40 (85 95) (91 39) (10 48 4 74) (35 42 5 78) 13 (50 88) (25 64) (100 46) 21 (38 75) 84 (71 63) (51 24) 1 (69 33)
26: (29 67 71 13 16 90 46 72) (100 14) (68 78) 82 (64 43 35 65 17 85) (34 40) 26 (8 87 45) (89 25) (61 59) (27 3 2 81) 10 (15 93 86) (30 28 91 23 84) 75 62 (73 69) 70 (48 38 20)
27: (91 5 99) (61 83) 82 37 13 (7 6) 72 68 (8 42 4 3 47 73) 45 (84 63 39) (44 69) (35 20) (56 24 95 62 16 100) (30 78 88) (66 65 25 76 40 22 87 75 1 97) (70 89 74) (64 58) 29 (86 85)
28: 78 21 (90 71 91 62 29 93) (38 96 40) 100 (20 23) (97 86) (87 1) (5 43 10) (7 56) 15 31 85 (82 81 16) (66 61 57) (24 72) (89 47 48 22) (69 73 64) (39 17) (95 42 51 35) (46 94 76) (75 84) 37 (25 13)
29: 91 (58 100 93) 8 (35 63) 62 51 (95 33 81 86 23 15 74 78) 61 (37 31 55 11) 9 (26 40 5) (16 75) (82 50) (21 69) 64 53 (24 56) 3 1 (66 71 88 30) (22 89) (87 29 99 7) 73 25 (47 13 97 43) (68 57 4) 38
30: (65 9 35 25 69 37 85) (98 82 30 71) 74 (20 7) 3 (42 34 10) (43 76 21 91) (48 56) (8 50) (39 93) (78 19) (100 40) 87 (80 70 89) 41 4 (1 64 72) (88 47) 75 (24 57 86 81)
31: (93 96 100 68 10) (25 91) (7 98) 89 (27 37 72 5 82) 75 (95 23 2 21 48 9) (61 58 84) (26 88) 1 (30 87 70 64 50) (3 80 24 38 78) 71 40 65 35 (69 19) 47 (62 20 16 8 73)
32: (85 41) 75 (100 93 40 18 86) 22 17 (62 9 7 88 68 1) 87 13 16 38 4 69 (24 71 84 64) 23 (47 78 56) 81 76 (91 25) 95 (90 89 66) 5 (82 32 6) 50 34 (35 57 73 30 10 31 72 29) 48
33: (63 64 93) (71 91) (16 86) (1 38 61) (8 80) (56 48 78) (87 42) (62 97) (74 75) (29 69 76 83) (13 84 9 54 35) (7 40 23) (45 28 39) 30 25 (85 15) (4 22) (82 100) (37 21 18) (89 46) 66 (3 72 81) 24
34: 71 62 (50 44) 29 99 16 93 89 63 85 (56 88) (46 68) (32 20) 6 (23 66 21) (75 37 86) 14 (61 98) 74 7 (53 91 30 65) (64 39) (10 87) 51 9 (97 83) (25 69 38 40) (35 100) (1 57 95) (24 80 84) (19 13 58 72)
35: (39 85) (25 23 82 33) (80 32 87 34 35 5 40 13) 89 75 72 (24 95) (64 29 6 43 61 71 62 1) (20 99) 22 (48 65 8) (30 3 93 38 7 10) (73 41) 100 (66 16 84 58) (69 14)
36: (21 85 82 68) (53 86) 23 7 50 (56 25) (76 44 81) 55 (64 1) 69 (75 39) (37 72 22 13) (91 35) (65 10) 29 (11 3 27) (89 62) 88 43 (84 58) (71 8 34 28 24) (60 100) 57 87
37: (37 83 95) (63 30 65) (21 29 8) (5 27 15) 39 (35 89 85 88) 19 81 (82 51) (84 47) (10 16) (50 90 13 70) (74 61) (3 24) (72 87 62 75 7) (1 58) (23 2 64) (86 71 99 73 91 34 25 100 40) 38
38: (65 72 70 71) 1 (34 69 58) 84 (13 64 75 59 57 14) 68 47 (23 88) (5 100 7 38) (81 29) (30 40 77 8 99) 37 (46 6 48 93) (87 16) (24 89 61 63 53 35 25) 76
39: (95 81) 8 100 (97 10 87 29 50) (82 78 66 16 30 71 5 3) (51 7 40 13) 75 (25 1 48) 59 (88 47 53 69 64) (24 93 35 23) (74 99) (39 58) (22 91) 56 (63 89) 21
40: 23 (38 16) 99 (84 86 93) (21 19) (5 40 41 25 22) 3 (100 15 62 43 32 6 66) 69 2 (89 68 91 63 58) (4 72 87 80) 48 (30 7) 52 64 (74 75) (10 85) 24 29 (98 73 51) 34 35 (53 13 71 56)
41: (69 51) 71 (23 48) 85 30 87 72 7 76 91 (61 73 37) 29 (35 15 81 64) (20 16) (8 50 82) 43 68 13 100 (65 70) (3 21) 9 97 (47 25 26) 89 (93 54 56 58) 24 (62 66) 75
42: (66 75) 56 (77 21 26 90) 80 95 (72 24) (8 82) (43 29 23 25 35 71) 91 (58 45 64 85 34 40 84) (88 87 13) 53 44 76 (98 9) 89 (7 63) 48 74 (100 1 78 60 81) 69 (16 50 97 30)
43: (23 48 15 52 99 69 61 46 81 82) (57 40 42) (3 85 91) (72 38) (7 24) 74 87 9 (86 73) (88 66) 71 (35 53) (78 68) 25 (20 84 39 50 97 64 63 22) (30 13 58 21) (29 75) (65 100 47) 89
44: (89 56 91) (43 27 65 24) (62 32) (64 71 34 50 42 58) (16 82) (88 93 37 66) (23 13) 76 (69 29 20 57) (25 30 75) 44 84 (39 46 78 95 35) 100 (38 96) (68 21 7 6 19) (48 72 87 26)
45: 82 33 24 (43 95 64 86 75) (72 70 85) (9 13) (76 1 98 47) (23 20) (66 60 14 40 48 71 87 7) (100 41 3 25) 58 5 57 (63 35 37 29 62 91) 81 (93 78 38) 19 (84 69 15 53 30) (73 89)
46: 89 (40 55 13) (23 95 56 91 4 25 38 28) 48 (85 72 65 24 93 69 27 47) 98 61 64 (71 42 30 75) (51 57 34 35 86 63) 68 80 100 (66 6 96 18 33 20) 88 (84 29 37 76 11 9 15 1) 78 50 (73 3 62 81) 7 21 8
47: (38 89) 45 (57 5 35) 80 100 (37 48) (28 40 11) (6 56 75) 16 (42 9 4) (14 53 7 20) 95 8 (13 91 87 50) (84 68 63 71 74 64 78 21 93 76) 97 25 62 (3 81) 72 (73 88)
48: (68 50 20 73 40 71) 72 (74 47 82 56 78 38) 69 (81 65 75) (24 35) 51 (30 21 97 48 37) (58 93 13 63 41 23 2) (66 91 25) 89 9 (39 85 99 7) (84 88 15 87 64) 3 29 (62 4)
49: 35 95 (100 71 31 21 30 25) 88 29 (41 56 66) (48 62 32 68 63) 7 (8 33 1) (4 51 89) 3 (81 58 69 93) (84 50 13 10) (76 85) 34 28 (24 54 61 37) (87 82 75) 22 20 (47 73) (64 9 57)
50: 100 1 (8 42) 98 39 (21 16 81 80 29) (95 82) 97 15 (83 63 62 68 87 75) (52 73 37 13 89) (69 72 26 24 85 30 20 71) (93 64) 50 (11 10 38) 4 (5 6) 43 7 25 (84 61 35)
51: 30 (37 54) (65 73) 93 56 58 99 89 84 (62 85 91 31 13 29) 46 (72 8) (5 50 68 26) (81 40) (35 23) (47 21) (100 14 20) 88 97 (82 48 10) (24 86 4) 6 71 (66 64 7) (52 69) 78 87 (16 95) (27 25 61)
52: (29 35) 55 (25 33) (50 24) (16 30) (45 78 75 64) 86 (82 2 69 23) (3 38) 63 (58 13 89 95 65 5 88 91 73 9) (51 93 100 20 37 48 71) (4 43 6) (10 8 87 7 85) 72 74
53: (80 85 17 100 40 75 39 16 83 71 41) (24 72) (5 78 7) 81 (63 13 23) 15 (34 95 20) 33 (25 64) 43 31 56 37 (88 76 1 69) (53 93) (50 35 48 47) (21 91)
54: 87 (21 95 40) 27 3 (100 64) 13 42 (93 35 89 91) 88 29 (7 48) (66 78) (76 1) 97 (86 16 41) (82 31) (60 51 75) (24 52 47) 65 71 22 46 (85 5 74) (17 90 4) (56 25 69 23 63) 8
55: (25 2 5 86) 99 79 (41 75 80) (84 16 62) (21 71 40 30 37) (7 91) (69 87) (67 13) (31 89 24 29) (98 58) 15 (11 3) (93 73 81) 38 (82 95 66 74 48 35 61 100 39 4) (76 64 47)
56: (91 25 79 61 76 7 48 19) (57 21) 42 (87 53 3) (66 13) (86 32) (41 100) 69 (89 39) (29 54 64) (81 72 23 1 47 82 71 84) 27 88 (10 65 5 24 35 40 51) (43 63 98) 37
57: 85 40 (35 63 71) 48 (23 84) (93 27) (81 25) 91 (4 42 56) (73 24 76) (98 13 10 88) (75 78) (68 53) (52 69 66) (87 22) 7 16 (64 39 72 95 20 100 82) 86 1 (3 6 57) (46 21 47 14) (99 38) 5 89
58: 63 (2 100 13) (23 21 76) (64 62) (58 98) (82 25 86 80 34) (66 24 87) (89 43 33 38 20) (35 99 57 69) (31 29) (4 53 96) 73 71 (72 93) 95 77 (7 85 26) (9 74 6 65 48) (40 75 1) (15 8 47 84 97 88)
59: (48 19) 24 (54 64 56 4 97 23) (13 43) (75 31 45) 100 86 84 (82 74) (30 21) (73 40 15 57 39) 58 (11 9 85 7 29) (10 72 46 76) 91 (71 93 14) (42 35 95 34) 25 (90 37) 50 16 (6 69 89)
60: (24 83) 95 (73 56) 13 7 (84 61 57) (16 8) 35 (3 48 82) 2 30 (11 98 39 46 66) 63 75 (25 58) (64 93 78) 19 (100 23) 89 (9 37 50 40 71 21 88 53) (69 1) (85 29) (47 81 51) (91 31) (20 72)
61: (55 93 85 75 23) 25 61 (82 9 58 34 21) (42 30) (46 68) (35 48 39 81) (100 64 88 13 3) 54 (16 63 97) 72 65 (7 26) (95 6 73 5 24) (79 57) (69 76 89 47 91)
62: 30 (8 56 74) 57 (41 47) (13 95) 1 82 39 4 (48 46) 88 24 (89 72) 27 (58 50 62 68 35 100 37) (70 25) 99 (97 71 21 40 3 75 10) (83 42) 6 81 (7 64 73 16 54) (78 91 45 17 69 84 43 93 76 34 15)
63: (85 16 84 48 51) (54 98 88 23) (89 81) (15 9 74) 31 (7 86 53 34 76 45 38) (57 95) 69 10 (41 100 47 24 56) (82 35 78 58 71) 68 (13 91 64) (29 61) (87 1 21 75 62 25 6)
64: (2 78) (89 69) (11 39) 5 (31 88 64 100 42 10 48 8) (82 56 4) (61 84) (37 86 71 90 99) 75 40 (17 95) 63 (54 24) 97 13 (3 58) 34 12 73 (29 30) (15 23 62) 35 43 87 (72 25 68) 7 (27 33) (74 81) 93
65: (37 61 96 3) 97 6 (78 47) 25 (72 86 69 24) (36 9) (30 85) (95 50) (64 20 38 13 56 65) 68 (82 89 74 71) (63 91) (90 84 21 7 75) (48 29 58 42 22) (27 16) (12 88) (93 73) (87 35)
66: 72 21 56 (62 82 81 73) 89 (95 53 20 85 40) 23 98 (39 88 25) (5 65 58) (63 50 84 68) (93 8 64 96) (13 78) 100 30 (87 41 70 90) (38 61) 42 (24 37 75 3 29 7 32 34) 31 (11 15) (27 35) (59 6 91 4)
67: 37 15 (71 66) (75 84) 63 86 (34 89) (9 3) 54 (31 62) 35 (30 7 21 78) (97 100 87) (29 48) (25 58) (50 65) (16 5) (98 23) 64 (93 55 91) 22 79 73 (69 81 20 13) (76 4) (24 10 95) (56 85) (2 99 88 82) (53 46 96)
68: 82 (63 5) 17 (24 34) (100 21) 10 (29 2) 6 8 (72 16) 27 (84 95 23) 69 (13 75 33 78 56) (47 7) (35 98 15 25 48) (64 71) 66 20 (91 9 89) 87 30 3
69: (63 82) (35 34 58 93) (40 61 13 47 85 57 64) 30 (75 81) (87 86) (54 73 1 97 52 95) (72 51) (48 10) (89 53 70) (37 80 88 28 25) (71 69 8 17 4) (20 100 66 23 74 84) (6 22 99 3) (43 24 7) (68 56)
70: 89 (100 66 86 15) (61 75 6) (56 30 83 35 71 91) (39 47 50) 87 14 (34 69 32) 26 (78 93 25) 62 (23 97) 84 74 (85 5) (73 88 68 19 7) (42 24 95 99) (63 13 98 3 16) 38 (52 81 9) (10 64)
71: (84 96) (39 68) (86 21 50) (61 97) 98 (27 4 24 58 40 64 10 37) (91 13) 63 88 73 (87 85 82 66 75 100 23 29 22) (71 56) (8 93) (30 69) 1 (3 83 89) (35 25) 2 (43 7) 65
72: 5 (16 85 25) (41 50 48) (46 95 3 78 13 34 69 29 71) (62 89) 6 82 86 98 10 88 (37 64) (83 30 44 93) (84 91) (76 35 7 1) (68 9 24) (81 100) (72 22 57 75 54 14 45) (56 2)
73: (89 85 39 82 87) 61 (15 88) 68 (100 8 25 46) (4 31 51 24 16 63 34 75 58) (48 66) 30 81 (84 86 56 21) (23 53 3) (13 10) 20 (35 17) (29 40) 37 (72 71) (93 12 91 78 7 64) (69 47)
74: (100 7) 93 3 63 61 (75 42 64) (35 31) (80 71 29 86 40 43 89 56 76) (20 16 66 13 51) 1 (25 85 46) (88 39 24 84 34 77 65) (23 91 10 69 72 21) 37 (68 97) 50 58 83
75: 13 (63 89 25 87 86 43) 71 3 (47 7 66 84) (70 23 80) (100 93 8 20 37) (30 24 62) 57 9 (6 46) (68 10 65 34) (12 1) 51 88 64 (73 91 75) 50 (95 15 35 21 16 69 72)
76: (83 50) (26 4 40 75 47) 70 (53 45) 22 (54 74 6 58) 48 (21 37 62) (87 65) (38 23 91) (66 2 13 8 64) 42 (72 35 84) (68 16) (24 34) (78 100 61) (71 7) (69 86) (95 3) (46 19 98) (25 41)
77: 12 (85 39) (82 8 60 58 53 24 48) (16 100 2) (56 29 64) (37 72) (10 98) (57 34) (73 7 5) 6 (95 89) 75 99 43 (86 20 38) (40 25) (62 69) (35 23 46 88) (51 47) (63 30) 80 (87 66 71) (74 13 21)
78: 30 91 88 (100 93 84 78) (89 53) (43 7 5 87) 8 (23 14) (40 74) (20 48) 75 66 (58 61) 76 24 (72 85 9) 68 59 97 80 (38 73 64) 25 (71 12 35) (82 22) (86 95 31 29 3 13) 62 99
79: (8 25) 73 35 1 (75 64) (93 63 15) (41 53 89 13 20) (7 98 42 5 87 62) (68 9 12 65) 30 2 (100 4 58 72 82) (56 24 71 33 39) (32 22 40 84 69 29 76) (21 91 50) (86 97)
80: (48 68 82) (8 54 21) (64 1 91 100 99 69) 51 (73 85 37) (97 72 3 98 95) (56 71) (75 46) 81 (93 89 61) (42 88) (23 25 10 43 24 62 13) (76 86) (94 35 65 38) 58 87 (5 57 39) 9 27 30 (66 7 2)
81: (75 35 37) (66 93 8 77) 5 (22 86) 3 71 (100 13) 87 (42 64 24) (39 78) (69 38 51 58 26 73) (72 56 23) (61 83 25 62) 16 7 (95 14) 34 (89 63 11 81 1 10) (82 50) 91 48
82: (30 29 16) (85 24) (93 86) (25 47 7 21 73) (6 42 100) (75 1 84) (88 53) (64 68) (13 31) (41 27 46 69 3) 57 (50 20) (23 34 82 54) 18 (35 15) (71 8) 81 (38 89 5 66) 2 (72 83 76 48) 91 56
83: 54 (81 6) (61 3) (63 30 7) (9 60 58) 84 (48 52 87 1 29) (64 68 93 88 35 5 21 62) 76 (34 37 67) (80 66) 56 82 (11 16 38 23 24 40 25 85 13 27 50 55 39) 91 (15 100) (89 75 71 72 69) 95 65
84: 38 (64 90 93) 22 (81 91) (7 85 15 48 60 69 95 84) 70 3 (37 2) 20 (89 82) (4 61 29 34) (98 94) 35 13 (72 75) (65 76) (1 42 62) (50 5 100 47 78) (71 57) (23 46 24 25 66 88 28)
85: 97 (13 5 82) (69 25 24) (15 46 29 3 58 100) (50 26) (75 84 76) (85 78 8 17 93) (68 91) (71 42 89) 23 (88 81 4 27) 20 64 73 14 65 (7 72) (9 35) 63 (66 61 37 16 22) (30 48) (1 38) 33
86: (72 89 10) 63 34 (15 82 23) (57 16) 25 1 21 (52 97) (29 8 50 91 40 64) (88 75 13 4) 58 (92 87 61 84 73 90 38 60) (99 65) 33 (39 66 85) (68 9) (48 51 24 56) (100 7 37)
87: (62 25 40 72) (50 54 20 99) 48 91 (8 61) (1 69 19 56 81) (30 89 35 2 71 63 7) (73 76) 75 58 88 95 93 9 (66 32 74) (5 21 46 24 3) 55 (84 42) 23 82 (41 85)
88: 87 7 (86 58 93 52 100 66 76) (1 74) 25 (48 75 80) (3 83) (4 91) (63 99 95 51) 64 (31 85 56) 82 (34 47) (71 38) 57 (61 89 13 15 50 46 10 88 30 72 24 73) (29 44) (9 54 21 23) 62
89: (65 81 13 15) (53 30 7 11 9 57) 42 (78 33 46 73) 23 (71 72 16) (89 64) 4 (6 74 66 56) 24 (35 86 40 38 21) (95 100) (98 58) 10 29 8 82 (2 34 54 48) (75 87 25)
90: 54 48 (86 5 68 29) 76 32 4 (30 10 75 91 66) 73 53 80 (93 3 87 69) 82 23 17 99 58 64 98 62 11 72 (13 43 71 7 88 63) (74 81 95 14 25 50) (52 84) (35 21 6 51) (38 16) (89 100 31 24)
91: 87 91 (64 81) (29 8) (41 88 89) 42 (13 69) 57 (24 76 82 17 5 75 100 51 52 45 40) (9 68) 70 93 95 (25 66) 39 54 85 23 (58 7 4) (20 48) 72 38 (21 35 86 61 71 83) (15 2)
92: (66 88) 90 (48 39) (87 7) (13 1 34 72 22) (82 55) (76 3) (21 61 25 43) (40 4) (93 38 64 51) (49 84) (9 24 8) 29 (69 47 63 75 50) 30 (97 16) 23 (27 35 95) 85 5 65
93: 37 (7 91 34 46 98 9 35) (85 31) (23 24 69) (56 93) (4 100) (25 87) (95 30) (43 88 13 65 82 51 73 72) (16 15) 5 (84 99 2 50 81) (64 3 89 29 75) (62 68)
94: (88 5 37 69 3 75 81) (30 20 24 83 95 38) (56 42 21) (62 89 76) (72 94 86 48 66 64) (7 40 35 65 10 84) (23 34 50) 97 (1 16 85 17) (25 82) (87 15 99) (13 78) (63 6)
95: (22 1) (64 69) (46 13) (10 26 87 11 47) (39 29 78) 84 (30 25 91 5) (48 75 35) 63 (56 100) 96 (3 76 88 24 72) 61 (21 20 27 86 7 82) (15 68) (45 73) 58 (74 93) (33 9)
96: 51 (5 26) 71 (54 57 76) 34 (24 66 53) 90 2 (61 37 46) (72 58 20 87) 64 7 84 (52 38 48) (69 81 62 89) (95 29 16 99 25 75) 86 9 (82 10) (32 91) 63 (13 3 88)
97: (7 45 75 58) (23 54 5 64 13) (37 91 63 48) (69 4 22) 90 35 (73 3 81) 24 6 (25 21) 10 (72 97 95 50 93 82 29) (30 44) (76 62 87) 85 65 (68 89) 71 100 57 16
98: 66 (98 89) 23 91 88 87 28 (10 62 69 82) (73 35) (37 47 85) (26 25) (90 3 48 75 42) (74 56 30 72 19 93 57 24 8 27) (9 13) (20 70 21) (7 95 71 38 97 63 6 64 32 86 58) (43 65)
99: (45 85) (23 31 9) 41 65 (7 42 100 76 40) (34 25 92) 97 95 (1 82 37 78) 16 87 88 (81 6) (64 48 29 72 80 22 13 89) (58 12) (93 98 24 20) (73 50 3 21 61 43) 86 (69 30) (75 39 71) 47 (62 15 66 53 68) 35
100: 23 38 (18 76 63) 53 (7 75) 51 (43 87 69 95) 3 81 84 6 70 (88 72 89 25) (4 22) (78 30 57) (91 86) (68 48 15) (44 29 93 10) (21 62 52) 100 (20 35) (34 80 9 64) 73 (24 39 19 13) 82 11 37 54
