100 100
1: 72 39 41 23 98 44 16 1 8 65 59 84 9 48 46 38 77 93 62 19 29 6 100 75 52 28 31 7 10 70 78 67 22 61 2 81
2: 56 21 19 77 32 62 26 39 71 66 64 18 15 91 31 90 82 95 7 58 47 59 97 67 1 46 10 99 24 33 57 50 74 84 100 2 48 45 69 27 43 25 87 79 42 44 17 76 88 4 70 72 52 3 89 14 94 11 61 68 20 53 93 36 80 85 41 35 23 12 81 92 60 9 30 8 6 37 83 78 34 49 38 96 75 22 16 63 73 29 5 55 98 13 40 28 54 51
3: 74 37 67 25 28 42
4: 50 81 16 35 4 52 42 36 70 76 46 12 20 26 39 77 61 18 86 31 90 97 71 38 62 72 53 2 80 25 74 48 54 56 40 84 5 96 79 43 75 13 8 6 66 91 89 60 78 32 1 73 59 68 99 45 55 88 58 64 28 92 98 100 34 41 24 93 65 9 83 37 7 30 14 67 33
5: 37 27 10 70 89 22 99 20 28 39 51 73 23 63 87 78 60 34 26 68 98 65 48 75 52 18 49 81 45 56 80 7 58 54 57 24 66 82 96 40 1 17 79 76 53 32 46 38 77 59 47 44 4 69 12 43 41 88 33 93 100 29 62 3 92 5 72 55 42 86 97 19 71 64 11 15 85 84 9 35 6 21 95 30 25 67 90 94 13 50 31 36
6: 97 32 37 27 94 84 62 26 99 20 30 98 76 83 42 11 53 68 79 82 16 49 70 39 10 81 65 55 22 48 88 14 69 2 4 71 23 87 36 46 6 12 61 33 43 57 89 9 21 80 56 54 7 25 100 24 38 8 64 13 95 93 18 17 63
7: 8 52 78 72 95 97 88 66 82 71 12 25 5 64 98 47 20 93 94 83 63 49 59 14 26 80 81 23 56 48 45 99 67 15 36 55 17 50 28 16 31 3 10 60 35 74 100 61 54 32 84 75 40 29 38 87 79 21 70 43 65 34 33 77 18 41 58 86 27 7 89 24 85 39 76
8: 67 23 77 50 38 88 93 60 62 64 69 86 53 78 84 51
9: 2 52 26 16 66 42 76 78 77 13 23 62 87 99 64 95 43 74 86 91 9 97 36 22 88 6 84 25 59 70 8 40 24 31 33 81 67 73 11 30 94 92 4 14 83 45 3 46 37 39 51 79 96 48 34 56 49 54 89 47 72 44 28 18 29 21 93 80 19 58 53 60 10 85 1 17 75 98 15 82 57 63 68 90 27 41 50 69 32
10: 5 9 70 14 13 86 81 65 37 40 71 55 47 83 39 60 2 58 8 12 63 23 31 42 99 98 68 22 69 32 75 79 90 100 1 18 24 92 88 85 49 91 27 46 93 84 76 54 96 53 11 7 64 38 4 33 29 34 48 10 77 51 74 30 80 82 3 26 19 45 50 21 25 87 35 44 52 73
11: 15 37 84 52 71 32 74 94 28 5 35 59 17 33 40 16
12: 48 39 62 23 17 2 21 95 46 33 98 61 29 32 52 93 6 9 79 69 37 77 66 75 87 99 89 70 97 90 13 85 28 59 11 8 96 1 67 74 86 7 65 24 38 84 27 45 26 76 91 78 83 49 72 92 18 4 73 14 64 5 63 16 22 20 81 47 71 12 51 80 15 30 54 68 25 60 44 82 35 94 34 50 36 31 56 41 57 10 43 100 88 53 58 3 55 42 19 40
13: 20 72 61 17 99 39 51 95 100 65 45 3 44 16 1 43 60 62 41 75 6 87 57 36 73 88 94 50 38 25 55 54 81 2 79 52 35 98 91 29 31 4 26 53 7 46 83 93 96 8 49 34 14 82 40 74 69 27 66 22 5 37 67 78 21 19 28 15 12 13 84 89 33 86 10 56 18
14: 17 19 35 89 95 60 28 71 75 90 43 26 37 94 11 61 29 14 24 92 91 55 51 62 77 31 44 93 27 52 67 2 1 16 96 86 8 53 81 47 50 40 21 79 74 18 25 68 78 5 85 30 3 34 38 22 39 84 32 6 70 100 23 59 49 99 98 15 45 10 63 97 82 48 20 73 12 54 80 57 64 66
15: 74 86 55 91 50 80 71 56 22 92 4 82 63 75 6 26 87 78 8 46 68 52 20 73 37 54 62 15 47 90 69 97 31 40 53 21 57 19 28 96 84 18 95 64 81 23 10 17 44 14 70 32 79 16 99 13 94 34 98 36 89 77 1 59 12 83 51 48 42 88 100 9 65 7 11 3 93 25 72 61 24 2 45
16: 4 90 61 98 18 23 2 99 22 63 92 65 35 47 62 96 88 1 67 20 56 11 27 37 39 80 8 79 72 64 29 84 33 3 17 57 48 36 38
17: 93 11 64 31 91 38 55 83 50 1 51 61 87 39
18: 71 53 44 97 47 60 78 52 84 55 82 7 51 23 50 100 20 73 58 68 98 39 8 63 4 66 49 29 18 17 11 38 67 96 41 21 15 87 36 85 2 31 12 92 64 24 99 32 46 30 25 33 54 77 65 61 91 13 10 79 42 1 56 27 37 40 62 70 48 14 26 93
19: 58 29 95 28 35 92 76 72 56 8 49 25 81 47 83 65 93 23 27 55 96 75 7 82 11 62 10 71 22 100 13 67 50 87 61 44 98 5 77 74 37 1 2 41 88 46 34 86 60 36 18 43 39 78 69 99 70 38
20: 41 82 48 11 17 78 32 24 95 36 56 58 76 87 28 99 90 27 16 25 33 66 51 88 98 94 13 92 77 64 8 26 69 100 81 85 29 71 6 68 49 86 44 40 67 23 73 12 72 1 22 80 5 47 74 50 37 65 9 54 63 70 4 20 96 2 38 46 93 53 84 91 42
21: 7 9 80 19 16 39 32 58 95 87 60 29 70 48 86 53 4 71 27 30 34 44 85 42 28 22 41 74 96 64 56 82 84 31 36 17 3 77 40 6 93 62 55 14 61 92 65 10 26 50 37 69 91 79 78 52 11 2 59 75 63 99 66 76 8 57 98 83 100 33 47 25 73 67 35 46 81 88 5 13 1 18 23 15 45 49 94 12
22: 51 36 48 77 61 83 16 65 56 72 30 85 35 29 47 40 93 42 58 28 52 73 24 89 26 4 74 37 91 6 5 88 69 68 98 71 75 44 31 70 78 76 20 60 96 100 15 57 38 21 63 14 18 82 92 84 10 22 81 46 33 90 8 3 43 13 99 86 80 49 59 54 67 87 34 27 53 23 66 55 32
23: 97 63 71 94 41 59 69 21 10 9 74 5 2 50 37 23 11 6 47 16 12 80 73 17 13 38 31 61 79 82 58 30 95 96 56 36 28 20 44 42 91 62 92 67 3 53 81 54 64 66 78 32 99 26 68 8 15 14 52 90 29 34 75 40 46 77 49 86 83 18 65 27 60 87 45
24: 98 34 37 29 84 60 12 90 36 4 79 97 53 80 38 48 92 16 26 61 76 22 73 44 58 57 43 89 11 6 10 13 46 7 31 51 1 33 62 52 9 23 47 20 35
25: 96 79 4 58 8 39 99 31 49 10 82 26 91 45 93 28 95 86 98 94 72 16 11 84 41 35 100 56 23 33 18 20 77 64 22 24 57 68 32 48 34 66 87 6 53 73 29 70 42 52 14 97 17 61 71 60 3 85 90 25 36 44 69 13 51 40 78 81 92 63 15 80 55 74
26: 85 44 48 93 82 37 91 74 55 100 59
27: 31 28 22 3 1 52 26 87 93 90 98 77 60 23 38 84 44 99 92 76 97 20 27 71 64 70 29 13 88 32 47 83 34 61 37 11 46 15 91 19 79 89 50 82 75 73 17 4 33 40 41 2 78 18 65 58 12 69 45 6 100 86 96 81 49 72 16 53 66 35 94 67 30 24 85 56 9 43 39 51
28: 82 93 53 67
29: 10 89 63 40 35 91 94 24 73 2 6 7 98 13 96
30: 76 46 82 58 33 8 61 15 93 1 44 36 32 7 69 68 89 56 55 21 27 53 14 47 12 23 92 70
31: 50 46 16 87 62 81 18 10 76 44 77 1 30
32: 93 19 84 90 1 85 66 8 72 15 54 57 51 16 91 70 6 63 42 10 58 50 49 88 31 56 30 40 96 87 44 9 22 45 89 17 94 12 46 55 53 78 68 74 86 99 39 97 92 48 27 34 38 36 43 25
33: 80 26 7 52 11 69 4 35 3 58 42 90 31 16 47 28 83 49 87 2 88 38 33 95 57 77 74 51 62 39 23 68 50 48 12 60 44 8 6 22 24 85 1 41 99 29 21 89 79
34: 98 27 69 77 9 18 47 37 40 83 60 65 23 78 48 88 70 25 10 49 68 61 67 52 4 58 43 75 16 97 35 74 100 21 96 17 8 56 90 30 73 12 19 42 50 7 82 79 99 2 55 31 94 86 91 20 3 57
35: 41 54 77 34 37 50 15 11 4 46 45 12 19 74 68 66 3 16 62 100 14 33 5 69 87 22 71 2 93 57 51 17 1 9 88 31 56 61 6 65 99 86 21 52 63 44 85 89 83 18 78 20 73 30 38 53 8 79 75 42 92 35 98 7 94 59 32 24 82 84 81 40 70 60 90 55 29 95 96 58
36: 51 96 2 26 19 12 45 98 21 4 90 63 33 16 65 30 52 72 100 37 81 31 69 13 3 44 18 66 62 48 28 77 71 39 14 73 78 94 76 85 23 36 40 58 25 89 67 11 32 20 87 64 75 99 97 1
37: 51 75 77 72 29 94 13 57 99 80 66 56 49 83 48 35 38 1 53 91 55 59 71 64 15 60 32 69 62 5 11 90 70 6 22 9 97 21 58 50 4 7 100 61 24 33 44 46 89 81 45 82 25 63 37
38: 100 77 7 62 57 78 56 34 65 93 25 3 71 28 11 14 63 19 16 12 98 55 40 64 47 70 20 87 99 31 29 72 26 45 90 76 85 35 79 21 92 60 91 9 51 80 97 17 32 2 61 95 83 38 58 86 66 49 10 23 73 43 84 5 30 37 27 50 54 1 24 89 13 46 39 41 6 59 52 33 42 96 44 81 48 8 94 75 18 69 53 15 4 22
39: 68 74 32 10 31 36 76 52 28 99 78 62 25 91 93 82 66 45 5 40 37 26 73 98 60 23 88 38 21 50 42 100 19 9 84 95 70 7 86 51 34
40: 69 26 7 98
41: 68 92 66 20 45 91 3 54 80 51 37 69 76 88 65 49 99 38 60 2 62 24 33 87 28 58 90 50 41 8 46 85 6 73 64 97 53 19 96 25 94 26 95 71 98 16 31 42 14 5 75 48 34 82 35 70 86 9 15 78 21 57 77 11 81 4 30 39 84 17 32
42: 39 46 87 96 53 34 98 59 95 74 63 84 42 21 85 24 38 54 71 45 58 68 28 75 32 17 72 56 90 50 33 100 61 67 91 43
43: 56 6 38 16 49 61 69 4 87 28 90 93 89 78 35 25 75 55 94 48 21 36 67 76 60 26 8 77 27 23 12 10 11 52 20 31 68 14 41 97 74 19 86 29 33 30 80 82 63 32 92 1 59 62 18 66 71 2 42 58 50 73
44: 59 79 91 26 67 51 58 99 82 46 35 72 88 71 31 70 63 95 73 11 56 83 8 87 62 32 10 97 1 84 21 7 9 36 55 33 19 29 28 5 75 13 39 20 30 47 38 69 61 45 16 23 2 65 74 48 57 94 50 60 93 80 18 53 78 12 41 86 68 100 76 85 52 98 3 66 24 44 77 90 43
45: 55 6 13 75 74 33 64 53 39 54 93 81 79 49 41 48 65 76 92 71 42
46: 39 28 93 94 13 12 44 77 41 49 17 99 67 27 96 51 25 54 3 31 85 69 88 56 68 30 45 47 15 90 43 91 38 72 64 71 10 50 34 2 76 65 21 81 60 5 40 4 57 26 33 87 80 46 61 97 59 23 37 32 74 63 22 62 42 55 84 53 35 66 14 70 6 36 19 75 8 89 24
47: 23 22 76 99 53 8 4 11 62 31 12 24 41 66 52 14 19 7 63 5 80 93
48: 65 30 26 81 39 90 71 91 69 4 22 45 36 95 6 51 59 11 3 94 2 79 86 75 38 55 5 82 93 84 53 70
49: 20 91 11 53 12 36 89 57 45 93 99 10 87 77 64 97 84 80 5 54 22 44 24 13 62 49 92 15 96 46 33 82 52 7 18 72 56 55 60 28 43 16 25 94 27 90 2 59 14 85 61 8 81 1 73 35 75 98 30 32 78 65 39 21 31 66 63 19 79 51 6 17
50: 11 18 51
51: 63 89 12 73 30 5 2 9 17 87 41 6 23 34 80 74 70 68 56 28 14 54 66 96 92 82 48 97 7 20 61 52 37 62 57 95 27 100 22 44 39 45 31 8 10 36 43 55 81 75 98 72 53 93 50 3 69 64 4 91 85 24 25 32 49 11 71 88 40
52: 43 31
53: 79 100 62 74 78 14 32 16 69 86 37 87 2 53 75 19 95 51 50 24 33 7 15 81 89 18 88 10 61 43 30 42 68 52 40 98 45 3 85 77 13 73 36 17 54 23 97 90 94 8 93 84 56 58 26 11 47 72 67 76 71 66 5 34 4 27 41 55 59 44 29 31 91 12 80 57 46 22
54: 6 18 79 23 91 86 5 14 9 60 58 2 3 85 95 7 48 31 80 97 11 10 39 63 34 28 20 66 82 33 47 74 16 84 77 78 56 100 32 41 36 46 76 44 68 43 65 81 54 62 15 88 93 29 40 25 17 67 37 12 69 8 73 26 19 89 55 96 4 57 50 30
55: 32 29 84 6 98 52 77 44 62 17 87 70 86 43 59 45 26 35 27 16 7 92 83 12 10 5 51 81 78 11 8 97 79 47 23 36 40 30 2 67 91 80 15 20 76 72 48 25 73 82 37 75 69 31 54 21 55 50 46 71 18 93 19 65 41 74 39 88 24 28 53
56: 14 89 60 19 6 7 20 71 36 84 72 54 38 25 80 57 99 52 66 2 75 18 16 91 44 87 33 94 23 12 4
57: 83 9 86 89 85 90 11 88 25 45 80 44 76 56 30 32 64 99 19 39 79 18 54 62 57 27 31 13 41 97 67 47 74 17 92 96 87 73 36 53 33 24 84 20 23 38 8 52 43 37 3 21 48 69 4 12 70 49 42 6 60 58 100 10 51 72 75 15 61 68 16
58: 60 40 21 26 56 57 32 85 99 97 38 82 50 68 17 27 70 35 78 100 92 25 2 6 73 51 69 13 62 98 39 46 19 54 5 67
59: 20 13 52 8 76 2 9 75 67 5 6 27 7 49 90 61 56 83 47 36 37 85 57 72 81 12 60 29 48 43 22 11 95 63 96 93 88 3 24 19 1 31 4 42 78 64 65 91 97 71 21 54 14 92 18 55 62 32 39 34 70 68 82 53 46 51 25
60: 76 66 79 98 14 27 82 28 34
61: 29 30 98 82 65 94 55 1 78 33 72 13 97 10 100 36 75 21 8 48 26 7 6 20 84 39 46 2 11 71 77 90 47 95 17 50 54 37 9 34 25 96 62 66 45 79 99 61 3 52 88 12 63 85 19 31 57 27 18 28 69 64 40 41 22
62: 58 23
63: 14 29 45 16 19 83 98 63 3 91 65 52 100 38 1 37 44 5 81 56 85 58 80 41 39 25 11 60 36 79 31 59 49 77 95 22 74 53 55 68 67 82 26 33 87 94 76 57 89 86 48 69 4 96 9 34 61 7 27 12 40 8 42 35 54 18 30 17 13 64 21 90 97 72 51 84 2 28 71 10 32 93 46 6 99 62 66 50 78 24 70
64: 39 76 16 77 99 85 72 91 11 53 54 98 58 82 3 43 83
65: 10 34 3 53 62 38 1 22 92 82 56 40 7 41 4 2 76 75 71 74 73 64 32 39 87 5 63 97 50 91 85 12 36 96 46 84 48 27 23 60 79 15 90 44 8 24 59 77 67 66 25 80 94 88 20 78 100 49 42 28 31 11 13 58 55 18
66: 92 6 81 67 89 38 49 33 23 29 100 85 88 69 16 19 39 3 12 46 74 66 64 43 42 55 56 68 25 82 90 18 20 48 86 77 45 47 70 50 54 98 58 72 40 8 80 84 79 31 99 28 22 93 78 61 5 4 87 62 30 15 51 11 94 2 7 1 57 91 21 52 75 83 44 96 37 36 35 59 26 73 41 13 10 76 65 53 17 34 27 9 32 63 95 24 97 60 71 14
67: 74 90 81 95 87 25 57 48 28 33 93 61 80 75 70 1 37 41 26 40 71
68: 15 39 27 63 23 40 46 59 72 83 31 8 100 98 77 47 93 10 37 36 22 70 60 75 2 94 32 61 57 4 97 7 9 88 48 64 55 80 12 13 18 53 16 95 43 11 45 29 99 65 25 85 33 67 38 73 21 51 17 89 6 54 74 58 35 87 76 41 78 26 49 86 42 28 24 44 62 20 5 91 3 52 56 79 71 34 92 90 81 66
69: 43 89 58 30 38 73 92 84 98 25 64 29 71 68 79 27 51 57 53 87 13 52 31 35 36 42 70 100 22 34 76 74 39 47 4 9 48 21 96 24 63 88 18 2 85 94 14 59 82 11 17 56 33 10 61 67 6 93 23 86 19 60 69 81 50 16 77 90 12 97 32 91 15 46 95 75 40 8 41 1
70: 61 55 96 13 68 14 50 49 5 27 97 37 85 10 91 98 28 90 88 63 56 22 79 31 71 8 92 46 89 41 57 64 18 38 34 65 47 99 42 54 36 17 62 77 93 95 59 84 39 60 53 33 45 52 70 74 72 23 1 43 32 58 81 4 2 82 25 26 76 35
71: 49 55 62 5 17 96 88 73 99 68 77 76 11 30 6 93 91 53 100 75 20 22 46 57 40 80 33 82 67 3 27
72: 25 56 51 81 18 53 86 12 69 84 27 29 1 41 70 92 96 38 80 60 73 15 6 10 63 57 78 93 48 21 52 88 3 19 5 98 4 33 22 7 31 66 97 58 100 83 13 76 87 28 59 95 39 50 34 8 26 65 61 75 49 24 11 40 91 72 37 67 82 14 62 55 2 20
73: 40 69 82 68 94 90 5 17 85 91 93 45 21 32 23 78 51 34 50 60 3 84 57 73 41 98 61 18 64 22 27 95 65 48 44 6 42 12 7 9 20 99 83 72 54 58 30 100 1 88 14 10 49 28 31 87 46 15 62 13 29 59 75 2
74: 88 92 68 41 13 6 77 82 61 8 7 10 55 46 1 30 24 21 99 4 71 18 74 45 94 62 76 51 64 78 3 19 37 29 57 84 56 49 75 59 34 23 58 85 96 89 72 81 63 73 11 31 48 98 33 43 25 22 17 79 36 27
75: 66 84 10 67 63 70 37 53 85 71 18 46 2 80 16 79 57 39 45 93 19 74 68 73 51 92 5 58 30 60 61 56 44 43 96 62 12 65 3 55 98 76 1 75 97 21 32 52 91 17 28 90 20 77 13 95 89
76: 40 39 33 59 69 10 28 34 80 88 12 54 5 72 75 92 32 99 67 61 78 70 63 79 44 26 60 91 31 76 1 93 43 24 95
77: 37 18 42 89 7 10 41 19 12 71 93 29 34 62 56 65 30 81 98 2 27 66 96 67 78 72 33 35 54 11 94 22 84 73 31 75 14 85 52 76 4 59 51 64 60 25 50 55 38 61 90 87 23 97 45 43 20 44 68 79 17 5 82 1 77 69 21 40 48 15 80 39 83 28 32 46 74 58 49 100 13 53
78: 1 23 5 57 26 9 28 73 68 19 92 55 25 39 97 14 53 60 81 99 65 94 67 20 38 84 79 86 85 44 77 96 3 27 54 42 76 56 52 13 12 50 16 80 70 98 2 90 41 7 78 48 34 17 10 66 58 6 45 100 82 11 15 22 95 31 91 74 4 37 62 46 35 49 43 69 33 40 51 72 18 21 83 89 24 36 87 71 88 29 32 61 30 93 59 64 8
79: 80 43
80: 36 7 41 81 99 11 89 16 95 98 29 77 43 91 8 63 48 57 28 3 18 39 37 62 78 44 93 70 38 4 71 100 55 96 50 49 90 10 69 60 35 17 97 54 88 45 46 2 1 33 5 51 32 73 61 42 59
81: 56 92 79 100 99 57 12 87 49 75 85 22 4 11 34 39 27 98 44 95 48 20 8 67 14 30 5 9 19 58 28 94 38 45 3 37 21 32 25 78 23 10 63 54 90 42 70 66 51 84 65 72 24 40 41 71 53 68 96 50 35 15 62 6 13 16 89 64 74 60 86 47 43 52 1 61 55 80 29 7 59 2 36 76 31 88 18 93 81 33 77 82 97 69 91 26 46 83 17
82: 46 13 10 31 86 88 24 83 84 79 77 90 23 100 27 44 4 61 70 40 5 89 47 49 64 74 57 59 94 65 52 55 87 63 45 20 6 26
83: 61 97 18 44 28 48 98 14 43 19 27 1 95 80 57 50 40 4 3 29 49 6 68 46 42 86 2 35 45 55 72 62 9 59 93 51 56 91 58 100 71 17 90 76 5 88 78 26 47 31 15 37 63 84 77 30 82 87 10 41 73 99 12 8 94 75 85 32 22
84: 24 57 11 65 61 69 12 93 5 74 34 67 38 55 17 6 45 81 79 43 58 86 33 71 36
85: 49 97 89 60 69 10
86: 54 60 90 47 22 14 48 97 51 1 6 71 77 87 11 46 9 29 38 96 76 13 68 24 21 39 86 88 95 52 12 84 40 32 83 41 36 69 79 10 18 57 81 19 80 67 94 16 53 75 44 66 61 89 91 26 28 58 43 17 30 72 82 31 42 59
87: 98 93 49 15 6 83 66 79 5 44 70 45 32 1 60 63 3 94 73 75 89 81 53 27 48 74 4 24 55 96 92 91 86 29 51 25 13 58 38 69
88: 1 5 45 9 20 50 32 27 2 29 80 31 39
89: 66 51
90: 74 59 6 99 29 54 60
91: 66 54 96 67 28 58 37 50 87 47 57 24 80 75 2 34 73 69 3 44 91 14 79 36 72 19 68 7 62 35 90 55 76 63 18 29 23 61 98 39 59 88 81 83 71 43 42 92 60 51 38 21 56 1 31 74 64 95 48 22 20 41 89 77 5 13 25 94 32 53 30 78 16 84 65 33 27 8 82
92: 87 34 30 54 17
93: 41 72 32 15 51 38 73 65 29 91 42 10 21 16 19 25 82 80 88 18 37 1 53 17 2 12 31 9 70 86 45 84 60 77 81 92 93 97 28 63 13 59 55 79 90 99 23 14 67 27 40 74 4 30 68 76 35 56 95 7 6 39 62 50 61 36 85 58 44 5 8 47 64 75 87 22 46 83 49 78 71 26 48 34 52 66 24
94: 40 12 81 16 20 58 62 51 86 72 2 63 22 30 7 41 6 49
95: 73 88 98 69 63 89 46 86 17 33 40 35 54 53 84 28 45 14 29 85 72 20 83 44 49 58 61 75 36 66 71 50 74 81 8 21 76 68 9 67 82 26 3 22 91 32 10 34 77 37 39 38 95 99 13 12 90 42 43 4 52 64 15 24 79 23 48 6 94 41 59 2 19 31 30 47 55 11 92 65 100 97 56 62 87 96 78 80 70 93 25 18 16
96: 23 16 75 31 57 53 32 95 34 9 39 85 10 58 63 5 41 90 83 49 4 24 26 42 87 48 60 77 98 37 74 11 46 73 44 94 3 22 99 14 89 45 84 76 13 40 82 2 65 96 35 20 78 36 17 7 8 43 25 61 91 69 6 52 66 54 59 38 19 47 12 72 86 55 92 100 64 50 51 93
97: 55 73 35 87 7 46 77 28 16 83 81 53 94 18 39 80 84 88 66 67 38 52 58 89 68 56 47 76 12 9 78 92 72 64 30 85 54 97 59 90 61 96 75 71 25 42 43 29 2 1 60 17 20 19 37 51
98: 73 27 57 97 50 58 25 46 93 56 79 66 61 14 23 15 13 75 54 80 3 31 53 44 48
99: 4 12 34 63 52 17 70 11 78 60 49 35 41
100: 24 48 22 55 50 89 44 21 36 69 54 62 17 74 93 65 18 8 57 82 4 19 85 88 6 68 25 98 59 35 87 63 72 61 37 70 30 81 96 83 23 66
1: (86 61 49 21 80 16 38) (83 78 73 24 20 75) (1 13) (4 30) (18 2) (88 91 59) (81 97 63 76) 67 (36 12) 69 (5 32 14) (10 72) (74 35 87) (31 15 70 17) (37 93 33 77) 27 44 9 (66 65 19 43)
2: (61 59 1) (78 27 55 29 63) (51 16) 73 (69 83 20 46 43 15 34 81 58 65) 56 (14 6 70 36 10 53 2 54 9 49 93 68 80 95 13 35 91) (41 48) (12 21) (44 72 97 38 23) 75 (19 88 33 96 77 4 94 18 66)
3: 91 9 (54 59 72 33 68) 81 98 (34 80 65) 74 (22 51) 48 61 (53 83 87 71 64 14 10 15 63) (23 44) 57 (66 46) (95 27 12) (2 35) (96 41 21) 75 16 (7 73 38 5 78 13 36 25)
4: (72 2) (68 5) (46 47 37) 99 51 (24 13) (83 65) (87 57 56 63 6 70 9 27 78 100) (16 48 33) (54 96 43 53 12 34) (25 18 21 35 93) (69 82 4) 20 77 81 (59 15) (80 41) (38 36 22) (74 95 10 66)
5: 46 63 (91 48 49) (83 70 22) (7 12) (37 76 59 54) (87 38 84 5) (68 75 10 51 14 19) 88 (65 20 21 47) (35 2 78 44 53 11 72) 4 41 13 (96 55) 66 (71 81) 39 (77 80) 93 (82 58) (73 23)
6: 14 27 (25 15) (54 29 4 83 35 94) 20 1 (38 93 84) (46 100) 95 (81 49 48) (90 56 69 96) 71 (43 32 5 78) 41 (63 55 72 6) 37 61 (9 13) 45 (86 23) 24 (22 12) (51 82) (21 74) 66 58 57 68 (59 33 2 87) 73
7: (96 2) (10 33 53) (18 77 73 68) (74 78 56 91 15 94 40 66) (39 38 61) 5 (93 72 44 7 4 49 30) (13 24 21 34) 54 63 6 (97 51) 35 (37 59 29 81 65) (55 12 1 19 47 80)
8: 43 78 68 (6 10) 57 (13 44) (81 69) 65 (7 32 19) 93 21 33 20 (47 16) (96 66 95) (53 1 23 80 91 83) 9 (4 38 61 49) (30 41 55) 2 (70 18) (63 51 72 15 100 25 46) (35 59) (14 34) (12 74 54 22)
9: (97 15 83 78 34) 4 (5 95) 96 (21 66) (69 86 81) (39 1 2 63) 9 (59 44 20) 73 32 (88 6) (93 10 38) 54 (68 23) 27 61 24 57 (37 41 12) 51 35
10: (85 86) (15 80 70) 24 (21 69 63) 31 78 55 (93 5) (39 2) 23 (66 19 95 74 72) (96 53 57 34) 43 76 46 (73 54) (12 14 22) 75 (51 83) (65 81 13 25 44 1) 7 (29 49 38 18 32 77 68 61) 6 82 9 10
11: (24 25 53 35 36 72 68) (47 15) (9 17) (57 64) (96 55 33) (49 10) 54 (65 44 84 77) (27 66 86 81) (21 38 14) (71 74 63) (5 61) (78 16 69 80) (37 41 99) (18 48) (6 43) (20 2 51 50) (23 59) 19 (95 12)
12: 32 (6 49) (72 7) (95 83 54) (76 86) (27 2) 35 (78 96) (14 53 61 34 69 12) (93 81) 59 (18 55 77) (47 56 75) 63 (38 15 97) (21 43) 46 24 94 66 (20 68 23 33 73) (99 51 57 36) (4 44 30) (13 84 5 10 65)
13: (95 61 93 13 58 5 20 24) (75 53 10) 9 (73 82 23 18) (19 91 70 65) 74 29 (36 77) 21 (46 98) (63 15) (78 87) (59 27) 37 (4 66 57) (12 22) (2 96) (44 25 49 68) 38 (86 69) (81 6) 72 45
14: (12 93) (36 60 78 43) 86 (46 6 38) (70 59 96 35) (15 72) (18 7) (56 51 83) 4 95 (98 66 10 91 23) 63 30 14 (47 25 22) (49 77 2) 54 9 69 (53 13) (41 81 21 73)
15: 41 (49 68) (55 12) (15 78 93 73 2) 30 81 32 (66 13 83) (72 38 54) 22 37 87 7 (5 25) 65 (27 46) (77 14 57) 23 (21 11) (95 53) 18 (9 98) (35 69)
16: 86 31 (36 15) 93 (41 96 68) (95 23 21 66 49 22 55 12) (97 24) (1 11) 53 (81 91) (69 14) 4 35 (2 7) (94 63) (32 44 20) 56 (38 57) 54 (33 75) (80 64 34 43) (25 6 27 13) 78 9
17: (95 14 75) (84 46 86 18 80 49) 81 (55 70 93) (97 7 58) (96 78) 12 (51 23 38 13 42) (2 61 25 100) 99 20 (15 63) 68 (34 53 41) (74 54 83 27) 66 (69 77) 16 21 71 (73 57 92) 11 32 9 (5 6 35)
18: (80 2) (72 70) (5 36) (83 95 68) (6 31 61 54) (25 10) (65 14) 9 50 (86 13) 93 (74 49) 18 (27 77 7) (19 73 22 43 12 56 59 35) 69 (78 63 15) 4 (38 81) 100 34 (57 44 91 66 16 97 23 21 53 55 75)
19: 43 34 (96 47) 100 57 61 (63 32 9) (97 69) 55 (54 75) (21 93 14) 91 (95 35 10) (41 49 13 59 27 15) (74 83 38) 39 (36 58 53 2 12 5 46 56 66 77) (1 44 72) (86 81) 78
20: (20 14 25) (59 72) (24 88 12) (75 94 6) (68 34) (97 49) (23 38 78 36 77 27 13 61 73) (16 18) (35 4 82 43) (2 22) (7 44 56) 57 66 (71 81) (55 5) (41 15 95) 91 96 (65 54) 51
21: (77 39 38 14) (9 12) (46 69) 93 (61 33) (49 78 63) (68 57) (13 30 18 58) (75 34) (66 2 42) (86 74) 43 (55 37 35 100 44) (10 36 6 15) (91 41) 73 (5 81 59 72 22) (23 95 7)
22: (83 65) (9 35 91) (47 19) (46 66 93 22 13 71 53 14 68 12 81) (95 72 25 100) (10 27 77 24 6 15) 86 (2 74 69 78) (16 59) 32 21 (49 73 96 5 48 1 37 94 63) (20 38 51) (70 33 61)
23: 98 (69 7) 39 1 (21 62 74 82 77 25 12) 96 (93 18 9 91 36 66 44 24) (16 10) 6 57 (43 73 46 5 95 15 56 78 54 53) (38 14) 20 19 (47 65 8 68 22) (2 33 55) (81 100 23) (51 27) (30 34 70)
24: 84 33 100 78 (66 7) (41 76) (15 63 57 74 68) 35 59 (4 65 44) (2 5) 46 (14 29 27 10) 95 (22 18 91 72 42) (12 53) (86 69) 51 (96 20 47) 93 49 (25 55 37 38) 87 (82 81 9 6)
25: (97 25) (91 32 69 36 49 41) 14 2 (13 43) (98 9 21 10 66 63) (56 93) (19 72 68) 61 95 77 (100 65 67 12 74) 7 (15 59) (96 81) (4 20) (5 55 70) 37 46 (39 57) (6 58) 38 (54 51) (87 34) (78 18 3)
26: (72 53 78) 81 (93 61) (18 6) (48 7 25) (67 13 96) (66 20) (4 86) (15 9 54 24 83) 27 (39 58) 38 (2 21) 41 (44 14 63 10) 82 36 (12 40 46) (33 95) (68 76 22 43 5 23 70 55)
27: (68 78) (65 71 60 70 87) (10 72 13 98) (57 58) (93 88) (63 6 91 43 16) (27 81 23 32) 53 (49 59) 77 (19 74 34 46 12 2) (7 69 9) 18 (82 30) (5 66) (51 38 20 14) (21 73 83) 55 (22 61)
28: 91 (60 23) 19 (7 70 2 36) 81 (22 75) (11 72 73) (66 44 9) (42 38 46 25 51 65 49) (1 61) 12 5 41 (3 27 54) (33 80 97) (83 93) (4 55) 67 (95 39 21 86) (14 13 77) 20 (76 68) (43 63) (15 78)
29: (14 59 69 83) (87 25 37) 91 (90 53 88) 55 78 74 (97 86) (9 93 61 7 5 2 12) (20 63 27 24 16 66) (38 43 44 23) (80 1) 13 (10 18 81) 35 (73 33 68 72 95 19) (54 22) 77 21
30: 53 22 (36 31) (32 27) (97 61 43) 75 (93 23) (41 83) (69 77) 66 (63 74) 71 (10 18) (12 48) (91 38 21) (44 9) (86 14) 95 34 73 54 2 (5 4 6 78) (100 35 57 94 51 92 81) 46 49 55
31: 81 (21 25 44) (10 88) (65 52) (18 14 41 49) (2 43 38) (23 57 98 51 69 66 72 53) (68 95 93) 4 (63 73) (76 78) 55 77 (5 34 7 74 33 47) (91 1) (9 59) (13 83 70 39 15 36 22) (24 86 96 32) (12 54) (35 27 46 17 61) 82
32: 88 (80 35 6 21 77 4 7) (76 42) 11 (38 96) 10 (15 9) 5 (58 78 14 54 95 93) (57 44) 12 (43 81 65) (27 46 55) (36 87 41 49 2 37 83) 59 39 75 (70 63) (73 22 53 51 18) (23 68 25 86 69) 91 20 (30 66)
33: (42 5) (77 16 63 45) (76 2 54 36 37 13 33) 25 (35 11) (20 38 46) 68 (9 4) 81 44 (41 18 22) 95 21 (12 61 24 43) 7 (84 10 74) (57 69 67) 70 (72 91 53) (78 27 30 80 49 71 6 66 56)
34: 93 (61 22 60 78 99) 19 (42 24 13) (54 15 77 23 9 68 69 51) (12 35 84 2) 95 91 (59 70 81 39 25 4) (72 96) (21 41 27) (76 14 92) (5 73) 53 (74 32 38 66 63) 46 65 10 7
35: (70 13 69) 29 (41 5 44) 49 46 2 (96 21) (37 58 66) (24 14 55) (16 95 93 77) (27 25) (38 22 7) 83 19 (35 11 12) 68 (33 99 63 81) (43 4 97) (10 100 34) 91 (80 78)
36: (95 100 23 65 2 68 51 86 66 22) (46 80 96 78) (69 4 74 59 19) 32 13 (61 91) 5 (15 12 57 24 48 93 39 53 49) 20 (21 56 55 16) (43 54 25 36 84 18) (7 30 63 70 9 44) 81 6
37: 72 (36 34 23 83) (10 15 14 57 78) (13 26 66) 63 (55 96 9 27 51) (22 24 74 53 4 18 41 54 93 91) 68 12 (20 35) 61 59 95 (39 38 80) (37 16 3 46 67) (100 81) 11 (6 2 21 97 5) (70 77 75) 19
38: 81 33 (2 86 35) (16 38) (57 14) (97 4) 56 13 80 (69 37) (48 87 18 78) (95 72) (20 6 65) 63 (5 10) (93 42) (68 24 44 96) (27 77) 41 (91 19 58) 17 (12 46) (8 22) 84 (39 1 32 66 7) 23 (70 43)
39: (55 7) 88 72 (33 17) (54 77 78 86 81 14) 18 27 (6 58 57 97) 25 (10 68 16) (75 80) (12 49 19) 9 (70 66) (42 61 13) 38 48 (63 51) (46 44) (64 96 1) (5 45 41 69 95 2 32 59 93) 4 (91 65 21) 76 36
40: (22 95 67) (76 5 29 68 66) 25 (38 55) 21 46 (72 34) (32 12 11) 58 (73 35) 23 (83 63) (4 71) (82 36) (65 14 18 96) 7 69 (54 13) (81 10) 27 (20 9) (39 53 77) (51 94 15 86 61 93 2) 78
41: 44 (99 51 7 77) 91 (83 68) (81 1) 38 25 93 (2 41 47) 57 (67 23) 43 27 (33 9 72) (73 4 21 74 66 65 63) (70 78 18 5) 95 (55 96) (86 80 35 13) 54 (46 19) (20 69 12 61 45 53 94)
42: (12 53 33) 93 38 5 35 66 2 46 (23 65) (15 80) 63 42 (21 22 97 25 91 77) (83 43 69 3 68 95 78 18) 4 (59 39) 20 (41 6) 34 81 (70 32 45 57) (10 73) (96 9 86)
43: 57 (38 68 79) (76 46 77) 78 (96 24 83) 12 (51 9 4 32 7) (54 80 6) (52 69) (19 74 75 70 59) (97 64 53) (27 5) 91 42 81 34 44 (84 55 13 86) 49 (2 14 66) 95 22
44: 5 73 (76 96 93) (95 27 78 25 31) (44 82 33 46 38 18 24 68) (21 23) 1 (98 83 57 10 36 49 65 32 63 12) 14 26 (51 55 80) 77 2 20 (66 81 86) (9 22 37) 13 19 (53 30) (35 100 54) (75 91 15) (56 87)
45: 68 (80 2 23 84) (14 53) 49 (42 32 55 48 44 66) 7 (38 27 63 96) (74 82 35 5 12 81) (73 93 46) 57 95 (36 77 4 37) (9 13) (15 83 21 51 61 41 88) (75 78 25) (39 10) (87 70)
46: 13 (93 20 21) (44 83 31) (53 82 86 78 15) (65 55) 49 10 9 (18 5 19) 6 24 (68 73) (75 63) (97 4 41 37 54 61 77 66) 30 1 (12 81 32 58 70 69 46 80 96) 74 95 (59 22) (42 23 35 98) (27 71 38 2)
47: (20 9) (57 46) (16 66) 19 95 34 (44 30 5 14 82) (61 18 10) 68 (93 12 23) 70 (96 15 91 86 97 83) (27 2 21 59) (22 55 7) (81 69) (33 38 24 53 54)
48: (15 5 43) 93 (45 65 18) (51 63 1 100 80 72 26) 14 (10 73) (36 83 67 74 98) 7 (91 55 24) (38 95) 9 86 87 37 (32 96 41 59 25 20 61 22) 78 34 69 77 (66 16) (57 6 44 12 81) (4 68) (2 21 54 33)
49: 63 (83 43 68 80) 22 (33 25) (37 6 45) 81 (72 59) 77 (94 87 27 85 7) (78 13) (32 19 82 38) 93 57 (41 23 65 10) (14 20 74) (9 46) 71 (66 21) (95 49 2 5) 12 (18 34 99 96 51 73) 70
50: 17 (32 41 33) 18 83 19 (66 38) 46 4 (37 39) 91 (51 88 98) (12 21) 63 (65 95 70 96 34) 2 (73 100) (53 10 35) (13 5) (78 58) (14 43) (81 15 72) (77 8 93 44 20 55) (42 9) (80 54) 23 (31 69 27 61 7)
51: (81 33 20 15 96) 48 (78 44 68) (77 12) (37 93) (83 13 36 72 10) (69 53 80) (18 5 94) (24 38 46 14 22) 8 (59 35) (41 39) 63 (75 50) 86 (97 73) (89 17 55 91 9 2 32) (66 58 49) (57 74 27 87) 25
52: (7 33) 55 22 23 (21 27 66 24 44) (56 57) 38 (59 11 77) 13 (10 9 95 39 4 2 43 68 51 35) (15 69 1) 36 (18 93) 96 (47 12 75) (14 99 81 70) 63 (61 97) (72 34) 49 53 (82 86 25 78) 5
53: (28 68) (78 35) 55 (69 9) 51 59 (81 49 6) 25 14 (18 44 10 42 13) (48 64 96) 75 22 (93 63 95 86 45) (2 47 23) (57 71 21) (15 98 87) 37 (4 24 66 91 70) (97 77 30 8 20 65 27 12) (53 72 38 32) (46 5 41)
54: 45 4 (55 91 32 98 12 46 54 22 51) (73 92) (59 2) 58 (35 66) 6 76 (80 18 64 41 81 10 5) (95 13) (57 78 15 23) (77 90) 38 (97 14) (7 20) (96 61 9) (86 42 49 56 70 63) (68 100 53)
55: (5 2) (43 77) 30 65 (17 71 25) (44 14) (37 74) (34 100 4 13) 12 32 (78 46) (51 61 72 48 26 59 54 97 75 96 21 68) (22 95) (38 81 66) 83 (35 10) (7 84) 6 49 (55 70 91) (93 82) (63 45) 80 (53 15 87 18 19)
56: (83 9) 43 97 (22 98) (81 51 49) (75 13) (32 6) 20 (25 59 57 77 19 21 72 70 38) (78 23 93 95 7) (44 58) (12 27) (34 74) 68 (65 54) (69 37 30 4 42 35 66) 15 (18 2 16) 63 (46 5 91 53)
57: 70 83 67 91 (69 33) (63 5 51 81) (49 34 78 21) (53 25 71 66) (13 16 22 96 32 2) (59 35 12) (44 57) (80 6) 24 68 (84 15) (41 98 58 46) (56 14 73 74) (54 75) 86 (9 61 82 100) 72 38 37
58: 53 (86 75) (68 96) 35 41 (62 9 87 65) 93 (98 27) 18 (69 25) (32 95 2 24) 22 (84 30 91) (54 23 94 37 12 34) (36 5) (42 73) (64 43 97) (20 44 7) 77 (78 19) 10 (38 63 57) (21 66) 72 (74 83) (4 70 33 81)
59: (95 48) (63 2) (9 53 73) (86 70 42) 26 (93 22 38 46 74) 80 (14 7 1 69 21) (72 65 37) (43 76) 5 (90 11 97 83 91 68 81 82) 44 (49 15 77 78) 12 (96 35 66 23) (100 4) 55
60: (46 81 4 76) 35 (41 90) (18 91 86) (96 12 73 69) 56 (72 58 13) (75 23 66) 49 63 (34 7 59) 68 (39 9 77) 24 (22 44 8 85 10 78 2 43) 27 (33 25 38 99 14) (65 57 93) (70 54 80 37) (21 87 5 19 97)
61: 24 (74 12 93) 34 (7 49) (95 18 97 15 51 6) (38 43 98) 17 83 37 59 (13 53) 30 (57 75) 70 (84 91) 16 76 (1 4 2 77) (96 68 35 66 22 21) (72 61) (81 78 23) 73 (25 86 27 42 14 100 44 69) (82 46) (63 19 67 80)
62: (38 13) (53 35 9 46 15 93 41 16) 77 (91 49) (12 57) (70 51) 31 (47 19 21 100 72 43) (55 63 83 61 58 5 44 24 54) (1 2 81) 33 (6 37 36 65 39) 68 (8 66) (71 94) 59 (75 73 74 4 18 95) 23 (14 80 78)
63: 100 61 (95 5 18) 96 (76 47) 42 68 (54 72 69 43 44) (63 12) 21 (93 91 75 37 46 87 70 16 81 10 35 82) 51 65 2 94 (32 66 83) (6 29) (7 74) (59 15) 25 (14 9) 99 20 23 38 80 (49 36 22)
64: 17 (65 45 25 18) (12 41) (78 21) 7 (66 63) (27 74) (77 57) 81 (93 38) (69 36) 10 23 (68 73) (96 9 61) 5 14 (6 20 49 70) (59 46 15) (2 37 16) (91 8) (4 82) (97 95) 51
65: (7 18 91) 82 (44 93 34) 72 75 (23 12 84 36 21 59 20) 46 95 (63 81 19) 54 4 6 22 (77 27) (1 68 15 61 49 41) (78 48 35) 38 (16 10 5 96 66 73 13 70) 45 (55 100)
66: (14 86 66 95) 20 54 89 77 37 9 (18 13) (96 68 41 2 87) (65 91 51 46) (100 44) (63 47 32 25) (72 38 39 75 93 12) (60 97 43 23 5) 49 (78 61 21 98) (22 56 7) (27 81 36 35) (4 53)
67: 5 (58 9 78 12 68 65 69 3 36 44) 55 (75 42) (95 34 86) 27 (16 72 4) (54 7 2 18) (57 77 97 53) 14 (22 91 28) (59 23) (76 13 66 21 71) 46 84 (43 8) (1 81) (20 63) (93 19)
68: (81 42 34 66 10 59) 91 2 (71 12) 30 (83 69 78) 100 (57 15 74) 32 (20 4 54) (51 9 23 77 70 33 41 95) (5 75 58 6 63 44 35 18) 22 (14 73 93 53 86 39 25) 43 (97 46)
69: (13 100) 21 34 (77 19) (36 33 78 22 5 66) 41 80 12 (81 87 6 53 40 55 91 85) 48 (54 69 8 72) (2 10 25 73) (76 95 84 38 58 44 63 20) 35 (57 61) 15 43 (27 9) (23 46) (96 37 51 86 30)
70: (69 19 37 32 12) (57 27 63 10 51 67) 99 1 (15 25 30) 46 (4 68 76) (9 41 100 82 22 21) (5 70 34) (80 35 6) (93 20 18) 87 (59 81 39 78) 48 (58 55 14 66) (95 44) (38 72) 75 (2 7)
71: 83 (56 66 48 46) (74 43 93 2 19 36) (20 25 4) 5 59 (27 97) 21 6 45 (70 68 14 10) (23 84 81 67 53 35) (22 63) 41 61 75 (95 65) (80 77) (37 42) (7 12) (55 78 11) 86 (51 69 18 38) 44 15 91
72: (9 72) 70 (68 37 5 97 95 38) 49 (46 1 13) 19 (42 12 64 86 16) 77 44 (59 55 57) 4 25 (81 74) (76 20 93) (15 36 91) 22 (66 56) 7 (2 53 32 73 61 27 63) (83 51 100 78) (96 94)
73: (78 43) (14 34 95 77 65) (66 21) 98 91 93 (75 5) (72 15 53 4 38) (49 54) (55 23) 44 73 (10 74 22 25 39 27 96 41 71 2 29 97) 9 (68 83) 35 (69 12) (13 18 87) (20 51 80 57 58 24 36)
74: 96 (69 13 10) (93 9 20 7) (54 46 53) 22 (23 21 4 55 19 90) (82 95 26 91) (14 32 3 65 100 67) 57 (77 87) 39 (75 12 74) 2 11 81 51 (15 45) (35 43 33 70) (25 78 42 84) (44 66 34) (63 68)
75: (69 46) (45 53 1 76) 12 (34 61 4 57 9 22) (95 72) (44 55 86 83 5 59) (48 38 43) 41 (42 51) (74 66 27 93) (23 65 56 73) 10 (67 2) 36 21 77 (13 91 96 68) 98 35 (19 97 49 81 87) (71 75) (15 7 14) 37
76: 5 47 (96 9 53) (63 93 66) (30 45 7 71) (36 4) (78 72 75 27 97) (68 39) 19 (57 81) (46 10) 2 (86 65 76) (43 77 31) (59 70 12) 83 (20 64) (74 22 21 91) 60 95 6 41 54 (44 24 38) (55 69)
77: 83 (53 54 15 91) 27 97 (78 80 21) 96 (35 18) 10 (5 61 81) (22 46) (44 8 95) (12 93 34) 37 82 2 (19 38) (31 9 7 75) 74 (77 25) 66 (70 64) (68 14 71 4) (23 69 49 63 33 41) (36 1) 65 43 (20 86 55)
78: 74 18 (76 73 95 35 32 41 13 99 54 96) (93 68 81) 78 (66 44 55) 58 (1 7) 5 (49 39 19 34 43) (97 91) 27 77 38 14 (61 23 21 65 2) (83 36 12) 25 (59 72 63 4 8) 22 (9 80) (53 20 15)
79: (61 48 82) 35 13 14 9 (38 45) (12 16) (78 70 34 54 95 53 55 33 25) (77 91) (76 69) (93 66 68 4 7) 18 (21 44) (6 84) 86 98 60 65 75 (5 57 15 49) 87 23 74 (81 10 27 24) 63 2
80: 46 (91 77 79) 23 (71 93 51 86 4 16 66) 95 72 (81 49) (68 37 41) 33 10 (7 56 67 88 53 55 9 2 78 12) 22 (47 54) 14 24 20 (98 44) (43 5 57 63 65 21 15 76) 25 6 38 (83 97 75)
81: (7 41 49 10) (38 78) 2 (94 13) 67 (54 81 46) (55 5) 66 (12 23 80 97) (100 22 84 48 27 69 19 21 9 87) (59 45) (93 95) 15 70 74 (35 91) (25 20 6 72) (53 77) (68 86 14 4) 1 (51 37) (31 63) 36
82: (91 44 66 71 48 23 64 5 81) (27 7) (55 19 93 96 72 49 83) (65 14) 13 (86 70 74 61 10 15 51) 39 (77 22) (9 34) (54 28 30 18 26 63 69 59 58 37 41) 25 (6 78) (2 12 20 35) (43 100) (73 95 21) 60
83: 77 21 (87 27 78 64 17) (35 63) (57 96) (19 33 2) 100 (15 7) 37 22 (4 55 93 82) (81 44 95 91) (13 86) (72 97) (66 38 34) (59 12) (68 9 10) 73 (6 23)
84: (7 9 42) 65 (55 25 11 61 93 5 72) (20 96 10) (95 83) (97 63 35 38 48 53 54) (16 56 81 12 24) 15 (75 86 82 27 44 57) (18 8) (78 4) (22 2 49 69 91 13 39) (77 1) (46 70 74 41 21) 73 66 14 (6 32)
85: (32 38 64) (59 77 2 95) (75 5) (83 22) 18 74 (100 51 53 66 36) 27 (78 49) (97 7 41 81 58 69 26 70 12 33) 25 (46 10) 63 (35 61 20) 96 14 (68 73 57) 42 (54 93) (21 65) 44 9
86: (55 22 4) (32 66 96) (86 15 9 53) 94 (69 35 14 12 95 54 21) (13 78 20 27 81) 72 (25 10) 93 48 23 (8 44) (7 57 38 68 87 19 43 39 83 41) (63 82 84) (5 34)
87: 18 (72 17) (20 25 22 23 91 51) (67 77 92 57 86 35 33) 5 (43 68 13 63 93) (96 95) (15 10) (6 46 12) 21 66 7 42 65 19 36 (82 9 41 31 53) 44 (78 27 55) (97 69 56 38) 83 (49 32 100 81 73) 2
88: (74 93 59) (10 71 21) 70 12 15 33 (16 2 27 100 34) (46 65 35 81 22 72 4 5 41 44 95 53 83 68) (80 61) 20 66 97 (39 73 51 8 54) (76 86) 7 19 82 55 (91 32) (57 9) (13 69 78) 6
89: (54 75) 78 97 (53 30 95 2 82 100 49) (9 14 32 46 87 69 24 38 13 15 27 96 43 6 85 12) (57 51 74 91) (7 22 80) (29 77 36 70 63 81) 56 (68 66) (4 35 5) (33 37) 86
90: (49 34) (97 4 70 82) (65 15 12) (91 32 93) 41 (78 61) (16 68 25 66) 77 (83 35 75) 86 (46 5 95 48) (63 14 9 22 53 23) (73 80 36) 33 (37 96 38 24 57) 81 (10 42) 2 (69 67) 59 (43 27 44) 20
91: 38 (86 83 95) (25 27 13 34 41) 53 44 (32 91 9 48 69) (17 15 63 96 93 54 81) 76 4 (22 68) (14 59 26) (70 78 80 42) 87 73 (66 37 21 2) (49 20) 23 12 (71 29 64 46) (75 55) (10 65 51) 39 (56 18 72)
92: 30 (59 4 41 95 43 23 57) 97 (5 51) (22 75 25 38 66 70 21) (76 12) 20 (14 15 96 72) (18 93 65 68 91 27 9) (78 69 58 45) 74 (19 87) 32 35 10 (24 81 2) (49 16) 55
93: (83 1) 95 (9 80 21 81 12) (93 66) 44 (14 20) 54 (28 45 19 73) 30 32 15 84 (53 47 77 69 67 2 100 76 17 75) 71 (25 5 63 59) 48 (22 96 68 18) 87 (6 35 27 72) (70 43) (10 51 26) 8 (98 39 38 7) 55 (46 13 49 78) 4
94: 78 (86 56 38) (81 77 65 53 95) (83 87 37 2 11 44) (36 13) (91 29 69 68 12 63) 20 (9 32 49 21 35 7) (34 46 96 82 27 74 61) (73 15 43 5 48) 97 14 (6 25 66 41 23)
95: 42 53 (39 44 67 35) (48 15 70 93 59 61) 23 (19 72) (78 76 41 75 54 95 80 25 33) (51 6 13 91 14 20 69 68) 66 (73 21 12 81 9 96 38 7) 2 83 (63 5 86)
96: (71 61 63 34 12 75 36 59 72 77) (81 25 16) 22 (74 29 27 100) (91 38) (95 46 21 14 35 32 57) 15 (18 51 19) (5 41 70) (66 80 96 86 69 4) (23 87) 54 (97 2) 10 (13 65) (20 42 49) 78 9
97: 80 (27 51) (2 4 46) (37 70 98) (34 61 95 68 78 6 83 38 54 57 41) (53 32) 12 (86 25) 75 (85 15 44) 43 14 (63 36 24 93) 18 77 65 (69 72 23 55 81) (97 49 7) (58 66) (59 9 5)
98: 34 18 4 55 (24 53) (2 68 38) 35 27 29 (6 83 70) (75 13 42) (72 41 96) (63 14 80 16 1) (19 25) (44 73 61 64) 9 40 (7 20 15) (100 58) (78 36) 5 (77 49 95 51 87 69) (12 66 74) (60 21 22 81) (91 39 10)
99: (47 6 18 2 66) 58 (7 56 37) 49 33 (93 46) (10 14 44 80) (95 74 22 63) (16 25 70 71) (20 90 78 21 64 68 83 35) (34 76) (19 41) (32 96 13 57) 12 (38 61) 39 (23 27 36 73 15) (5 9) 4 81
100: (37 14) 57 21 (2 53) 72 (27 63 19 7 83) (82 44) (69 68 73) (80 25 5 12) (39 4 10) (58 71) (35 20) (66 34) (18 13 54 81 61) (15 77 95) 96 (6 1) (42 26) (38 78) (51 22 65 36)
