100 100
1: 37 1 19 74 82 28 52 13 41 35 87 46 27 7 9 56 36 25 77 58 67 63 57 54 99 49 14 93 71 23 80 40 11 60 29 26 43 6 38 79 12 33 51 18 94 95 10 64 39 17 20 90 4 89 21 66 72 8 59 2 65 50 30 69 24 88 45 48 73 75 32
2: 100 88 57 12 2 4 33 8 73 3 13 99 24 11 25 86 69 90 91 66 98 29 28 70 55 40 76 30 52 26 19 53 54 93 38 42 64 74 58 22 39 56 81 96 9 45 44 67 32 31 60 6 68 49 51 17 10 65 75 18 50 37 79 97 21 83 27 14 36 78 48 62 84 16 34 87 59 89 43 85 7 92 15 77
3: 42 68 80 46 85 88 87 82 1 86 14 40 78 74 65 15 53 73 44 41 8 33 43 72 38 6 54 17 10 71 56 3 31 96 48 29 22 61 45 12 36 90 75 92 50 62 7 66 24 64 47 18 91 27 37 89 58 70 2 57 16 5 84 28 4 51 55 21 9 63 76 19 30
4: 34 84 17 2 76 38 89 75 50 79 19 22 13 40 55 91 6 87 15 35 29 25 9 8 49 69 82 39 58 26 81 83 21 63 65 44 62 28 37 16 18 30 7 11
5: 6 97 34 96 5 38 83 63 18 77 57 44 50 15 40 84 20 86 1 88 30 98 24 79 70 66 42 8 71 75 28 64 7 48 10 76 14 56 39 89 51 25 32 100 41 61 93 92 16 47 90 27 59 23 74 52 13 37 68 31 55 12 11 99 46 54 94 35 72 62 53 73 69 22 9 29 65 21 26 19 45 17 43 80 36 67
6: 18 87 5 54 23 76 100 46 99 68 81 14 82 96 70 52 73 2 38 74 44 66 4 64 45 94 51 56 19 29 16 65 67 47 84 77 39 40 69 12 21 71 22 15 37 34 95 25 27 79 61 7 88 75 89 42 26 50 63 24 49 60 57 91 59 43 33 41 86 13 92 1 83 31
7: 47 3 56 17 48 39 38 46 81 87 44 18 24 52 2 10 21 98 62 16 67 30 88 43 42 37 96 92 99 26 75 61 50 32 93 36 11 7 40 4 71 79 90 69 82 76 74 95 6 100 19 83 66 57 65 68 35 5 63 70 31 33 15 25 1 14 85 13 73 54 9 8 78 27 41 60 22 34 55 59 97 80 49 29 53 77 45 20 72 94 86 58 51 89 28 91
8: 30 69 19 50 16 1 39 23 98 54
9: 93 51 5 83 17 61 45 38 55 39 3 52 75 16 88 43 60 44 76 63 98 4 37 66 23 91 53 73 54 95 32 100 89 84 92 72 26 34 97 8 62 14 94 36 7 82 11 19 81 27 28 78 70 33 65 99 86 41 48 30 79 71 85
10: 100 97 91 65 5 78 93 39 28 49 59 72 95 69 14 61 80 11 37 57 88 17 75 85 20 98 1 48 22 99 7 41 30 82 19 77 73 9 13 92
11: 33 28 51 2 94 15 55 29 13 14 77 86 43 58 81 54 11 82 1 98 8 21 38 79 50 72 53 57 87 63 25 44 17 71 84 60 52 30 49 10 88 69 22 34 59 100 24 91 46 62 39 74 42 35 37 27 56 6 66
12: 68 47
13: 57 4 12 8 78 42 55 49 81 67 84 93 80 44 38 53 45 89 10 5 20 77 40 96 11 6 39 26 68 35 51 48 92 30 46 98 75 3 70 66 13 29 94 58 82 60 74 59 22 2 19 83 34 69 9 87 1 32 88 43 86 79 54 61 41 91 47 17 24 28 71 56 90 52 31 100 50
14: 77 22 63 34 85 37 4 67 47 25 65 52 83 48 6 45 17 32 10 81 96 8 93 26 91 56 54 27 92 82 19 58 44 50 87 1 62 7 55 40 5 80 39 59 73 36 64 95 86
15: 70 2 73 6 57 61 84 76 93 66 80
16: 74 53 97 69 44 7 98 35 59 85 30 42 45 15 47 50 87 58 28 61 99 6
17: 87 52 68 36 65 57 47 99 38 78 91 58 61 39 43 41 54 95 92 7 14 4 10 9 35 17 42 33 69 71 77 81 89 28 50 11
18: 55 74 48 79 72 64 35 33 52 61 10 13 40 95 59 20 89 21 90 96 87 63 58 65 9 88 34 14 42 28 86 98 47 16 92 19 53 30 69 29 22 93 97 37 39 94 6 91 45 73 78 77 44 54 1 71 7 23 18 27 75 25 81 76 50 49 38
19: 18 84 78 17 58 83 66 76 20 97 56 94 60 36 70 88 33 51 77 19 59 67 49 10 50 75 68 87 15 69 85 62 74 79 25 13 12 9 95 34 30 64 46 31 2 1 96 72 40 54 91 86 35 63 57 23 14 100 65 99 4 21 32 82 81 38 29 98 41 5 90 8 89 44 3 42 26 53 43 73 71 22 6 37
20: 64 10 11 34 56 57 33 99 29 32 94 49 75 26 23 21 54 78 40 1 20 14 46 3 55 70 45 76 43 50 25 84 9 72 68 62 18 77 42 71 2 47 5 86 67 28 82 63 13 37 91 51 59 17 19 35 58 65 44 79
21: 4 54 90 73 19 84 88 86 40 17
22: 89 35 59 39 93 85 69 38 9 30 31 34 17 68 1 63 18 53 33 74 15 54 60 5 3 64 92 87 36 47 40 50 52 20 4 97 65 44 81 6 67 2 77 29 58 45 28 26 86 84 27 71
23: 33 82 10 35 37 22 69 34 25 28 15 49 51 91 88 30 54 86 40 13 36 73 41 71 38 66 48 3 9 42 50 17 95 12 45 57 98 90 47 16 75 26 39 7 46 89 96 44 100 94 56 59 24 20 80 58 65 92 19 31 97 27 6 14 83
24: 16 46 49 96 58 76 84 18 69 9 23 83 28 75 94
25: 21 42 64 93 74 95 56 36 73 94 41 37 7 63 76 16 3 100 78 1 6 70 87 62 43 35 85 14 9 20 66 57 59 4 22 71 68 13 45 92 2 44 8 61
26: 74 53 12 76 30 82 63 2 96 7 1 16 93 49 67 38 24 91 8 92 71 94 18 68 32 85 100 81 44 48 27 4 65 37 73 78 19 39 57 35 69 20 9 72 26 10 64
27: 25 68 43 6 95 28 36 80 32 97 78 63 26 98 12 57 2 3 71 20 34 79 82 39 22 73 10 83 75 76 53 90 24 33 88 99 13 8 87 94 19 37 67 70 14 100 15 96 74 52 27 41 81 62 55 5 89 44 7 29 16 66 38 49 21 64 46 4
28: 32 60 84 49 57 26 97 96 39 38 52 44 41 67 23 45 31 22 65 14 46 89 90 62 3 75 66 76 33 64 53 24 70 25 77 16 95 71 37 42 18 2 20 9 48 69 43 73 80 30 85 13 93
29: 16 53 55 31 43 57 78 35 76 1 4 9 67 98 83 13 50 12 71 49 100 26 88 29 60 45 21 51 94 79 97 99 69
30: 27 94 89 83 97 90 51 29 67 14 79 85 33 40 12 75 3 19 56 15 21 49 66
31: 100 71 80 12 16 38 62 29 75 40 97 7 63 93 11 95 33 73 89 13 25 54 1 60 76 5 85 57 82 90 83 74 48 6 55 39 4 49 18 59 17 78 72 51 28 31 81 69 8 94 50 56 58 87 77 21 70 52 36 22 32 96 26 42 3 41 99 37
32: 83 40 21 66 19
33: 94 8 22 87 57 41 34 28 97 98 66 40 20 96 56 27 71 35 58 26 5 10 91 81 4 85
34: 18 34 44 40 41 17 22 74 61 3 58 36 94 47 28 69 26 91 87 14 16 38 51 80 55 100 88 33 60 66 45 46 75 10 64 85 30 9 93 63 35 20 65 42 7 49 4 57 31 86 72 52 76 92 81
35: 13 53 32 66 16 75 31 34 57 49 40 59 88 15 87 5 64 28 79 8 51 90 17 9 74 69 60 27 22 47 3 14 58 10 4 54 24 11 96 72 81 25 29 50 82 2 95 93 6 41 78 48 92 30 70 26 67 68 55 23 97 62 86 19 7 56 43 80 45 18 33 42 94 1 44
36: 25 47 34 53 20 40 63 74 89 21 68 73 43 6 85 77 67 26 3 99 60 100 72 55 86 36 84 81 79 97 92 75 57 76 19 14 45 62 42 46 9 98 13 91 5 83 93 28 1 94
37: 68 5 91 11 7 25 56 10 67 33 38 90 65 27 97 74 37 59 21 39 12 47 95 42 31 41 2 22 14 30 20 23 15 94 58 9 66 89 92 63 24 40 17 61 83
38: 78 98 13 58 44 46 32 79 8 70 17 25 27 75 80 63 72 12 92 36 49 45 74 5 87 82 2 15 64 67 19 11 85 52 20 81
39: 7 99 89 61 71 25 36 27 73 64 39 21 32 31 70 74 90 37 42 5 35 63 56 28 58 47 49 13 59 16 88 82 77 62 50 97 22 95 24 94 20 18
40: 3 9 19 94 39 83 73 48 60 81 17 35 49 44 43 20 86 89 69 78 33 50 58 31 91 7 68 72 30 38 61 18 93 70 62 87 10 56 54
41: 2 12 46 36 19 44 88 87 56 16 51 99 81 100 24 48 47 4 55 60
42: 83 93 34 99 14 43 84 72 49 27 51 78 77 96 60 58 92 87 40 15 68 38 57 7 1 76 45 94 24 85 81 65 32 52 8 98 17 41 37 26 64 80 21 74 50 31 55 79 71 20 18 66 100 30 29 75 13 63 97 69 48 67 61 22 46 2 73 47 23
43: 97 55 52 81 10 8 96 12 93 15 67 91 3 59 70 32 11 35 13 1 94 92 57 7 64 63 47 25 30 20 48 40 45 62 41 90 87 31 78 80 39 16 86 84 49 6 24 36 100 54 21 98 14 79 58 23 77 2 50 99 18 43 29 26 56 19 17 83 76 71 34 38 89 5 28 74 9 88 73 42 27
44: 74 55 96 12 63 15 83 39 35 92 71 98 89 51 69 33 81 99 43 7 9 52 91 62 44 17 46 31 20 72 47 95 59 70 40 87 84 90 60 19 18 80 94 77 88 5
45: 26
46: 92 23 11 28 77 42 1 17 52 18 14 6
47: 80 48 97 91 29 5 30 90 82 21 23 39 20 7 49 65 86 42 60 89 55 19 73 71 99 16 77 96 32 92 94 83 46 4 79 43 12 53 69 54 40 88 18 93 61 31 37 58 36 1 56 85 59 81 8 14 78 57 3 52 35 25 47 62 22 13 72 68 15 74 44 75 26 76 87
48: 59 51 70 18 60 52 1 2 55 67 75 12 63 33 13 26 7 62 89 46 87 25 56 6 83 45 8 38 10 42 65 11 4 23 36 9 44 92 95 28 32 91 48 57 24 37 79 84 53 30 77 31 21 35 66 16 64 20 68 15 22 97 54 43 94 82
49: 76 5 73 71 94 61 7 93 80 91 83 86 20 90 58 70
50: 72 68 93 60 32 23 34 22 1 78 75 11 76 21 52 85 92 84 87 53 9 44 41 40 14 91 8 57 28 59 6 62 45 81 30 13 69 47 97 18 46 4 77 38 50 37 88 83 73 89 63 20 7 43 71 96 99 3 27 17 51 35 58 31 48 42 55 5 54 79 29 25 94 67 39 98 15 16 26 65 95 56
51: 37 99 84 52 44 93 94 51 60 23 29 27 59 6 69 90 92 89 15 74 86 63 10 81 91 82 14 7 5 61 4 25 43 26 87 33 16 85 96 21 50 83 13 3 12 58 19 79 35 24 41 17 65 56 46 62 57 70 18 72 76 73 53 68 45 71 97 42 1 54 36 75 98 2
52: 24 20 44 35 7 59 72 14 69 58 22 85 9 73 42 83 25 48 19 50 31 61 67 13 28 54 47 36 98 52 81 45 43 77 38 66 60 65 6 12 17 89 15 87 53 91 18 41 40 100 99 29 51 55 57 75 21 88 2 64 3 49 37 27 79 39 95 11 4 96 94 34 16 26 30 23 78 63 90 8 70 86 5
53: 65 58 96 45 2 73 21 93 78 71 26 57 87 83 47 49 20 10 50 11 90 85 34 27 32 46 19 61
54: 23 81 86 50 68 55 31 98 61 100 58 4 57 63 8 79 51 85 30 35 10 34 44 56 41 15 37 46 5 39 97 49 24 60 80 75 99 48 69 9 6 65 95 54 29 89 22 64 93 3 45 59 42 1 18 82 38 77 16 36 84 13 73 40 70 2 28 43 74 47 83 92
55: 70 44 69 91 27 19 57 81 33 92 67 41 97 34 89 61 4 38 48 76 96 84 72 47 28 50 75 15 90 49 52 35 58 45 86 60 56 77 79 13 43
56: 24 88 42 54 97 19 70 40 74 86 21 12 59 50 62 92 44 9 77 100 8 91 37 68 73 79 33 20 69 64 15 35 5 90 32 11 38 98 85 3 1 48 4 75 72 95 58 89 26 66 45 82 56 52 83 36 39 25 51 27 47 76 65 30 81 63 6 55 10 53 29 61 49 17 13 80 96 23 16 60 78 71 67
57: 59 23 79 44 8 77 10 29 13 42 92 18 5 76 9 41 40 96 25 86 30 33 94 65 19 39 90 17 67 89 72 62 37 36 73 46 68 48 63 75 87 95 99 35 31 32 70 26 6 2 57 22 82 98 47 55 54 64 3 60 100 58 21 97 83 91 27 16 45 80 71 38 49 66 1 78 51 34 7 85 24 14
58: 2 51 76 41 35 57 27 83 88 92 52 24 87 100 15 55 5 45 65 29 63 34 49 78 85 28 97 1 32 48 8 82 20 47 22 66 17
59: 81 29 100 20 21 68 37 12 32
60: 26 96 63 92 41 45 77 12 17 9 44 20 61 81 90 47 60 52 62 2 33 75 49 65 16 58 46 73 84 22 94 53 30 18 50 1 39 88 67 82 8 100 55 24 80 11 29 89 5 6 23 31 4 37 69 86 83 95 15 76 40 38 98 32 19 54 48 91 93
61: 57 42 45 47 61 68 24 30 77 90 91 48 95 35 54 15 9 49 81 41 3 93 16 6 98 46 75 4 52 26 34 8 64 17 38 19 50 86 100 60 76 33 11 13 83 22 78
62: 12 42 52 5 39 41 20 15 55 36 25 22 35 96 94 40 38 64 8 46 71 91 67 29 31 85 47 66 19 53 89 18 3 70 32 78 6 76 57 80 16 43 7 51 90 88 1 14 68 92 30 75 11 56 62 98 69 77 58 84 37 87 23 60 4 24 59 13 79 54 26 9 44 34 10 86 61 50 99 65 97 17 45 21 83 95 49 63 72 48 82
63: 69 66 57 33 85 64 63 83 61 62 72 81 97 90 46 35 38 17 77 47 54 70 29 31 53 84 14 71 94 65 2 24 89 34 1 12 15 11 86 76 18 75 56 55 100 74 32 51 96 67 73 22 7 28 43 42 36 48 9 68 26 40 93 44 5 92 10 45 99 30 78 27 23
64: 64 89 84 32 73 36 10 22 28 91 40 77 20 45 66 39 23 90 11 29 70 78 48 14 4 86 26 58 83 67 2 3 25 62 44 97 19 53 16 8 88 1 47 41 56 75 74 51 6 94 49 85 27 54 98 21 38 63 55 37 96 57 71 17 30 65 13 68 61 33 99 87 7 18
65: 68 47 7 87 21 39 89 46 50 30 52 29 77 41 9 56 99 42 65 84 48 4 36 49 28 54 81 98
66: 83 52 77 69 24 47 99 63 79 88 82 6 98 30 86 53 7 94 76 5 11
67: 24 40 52 30 89 76 15 5 83 17 77 29 54
68: 13 35 36 47 57
69: 94 24 8 28 77 60 87 26 47 100 61 75 6 49 62 86 58 98 43 59 34 25 30 66 74 15 97 23 79 39 17 82 52 78 84 99 71 21 85 14
70: 9 42 77 73 38 16 61 45 89 59 23 19 50 75 29 17 78 99 35 67 43 36 100 96 48 94 11 28 93 92 69 76 81 14 97 65 72 91 47 7
71: 13 7 72 68 94 21 41 10 28 70 60 85 43 54 14 58 62 82
72: 62 22 59 61 78 35 93 80 84 43
73: 18 63 58 81
74: 32
75: 53 75 37 8 11 85 2 61
76: 91 84 92 100 38 21 61 76 42 94 71 85 79 44 52 47 53 22 39 28 49 62 27 56 73 67 58 88 82 31 25 23 13 74 50 35 65 10 9 83 89 51 59 24 1 78 80 34 33 97 54 40 36 4 96 43 18 72 26 93 11 16 15 99 64 29 45 41 46 68 3 48 66 7 81 70 86 19 55 30 77 8 95 90 14
77: 11 74 60 61 59 48 27 93 92 15 80 99 95 82 85 37 23 89 49 98 8 22 19 68 84 40 56 90 36 41 87 32 12 51 75 25 35 94 97 55 78 21 71 45 70 100 42 86 9 81 14 20 43 7 6 33 39 63 28 77 91 72 5 53
78: 15 29 26 83 66 73 68 40 58 45 76 88 75 78 39 22 100 60 62 86 43 77 98 61 74 24 47 57 18 23 35
79: 82 11 70 66 9 30
80: 76 4 68 21 15 39 22 59 47 41 8 69 29 53 75 83 94 84 42 23 63 74 35 58 3 5 40 92 96 70 25 56 27 14 80 88 67 28 26 71 55 57 1 13 97 2 73 90 95 38 91 52 100 37 65 17 32 61 34 31 93 10
81: 10 30 7 50 40 8 11 73 60 92 28 74 63 27 46 95 57 34 47 85 88 14 39 1 32 65 97 3 82 80 52 77 25 91 29 53 13 48 72 20 31 19 90 67 4 99 78 35 21 55 2 98
82: 84 7 100 41 55 11 48 81 5 4 27 8 66 35 46 49 10 76 93 59 79 89 77 26 17 34 61 99 9 14 3 70 6 58 97 24 28 85 1 29 30 21 23 90 57 12 25 82 36 44 65 86 19 33 88 54 51 40 52 15 73 92 74 83 64 67 38 94 98 53 50 62 91 32 42 71 87 16 60 69 72 22 68 63 78 2 80 18 96 13 56 45 95 31 75 39
83: 13 23 33 80 60 67 54 86 100 94 62 52 32 47 48 89 59 37 95 61 20 88 72 24 79 83
84: 41 35 25 82 48 30 89 28 100 93 53 11 17 83 19 62 27 23 61 10 54 21 71 73 91 98 77 72
85: 52 44 35 84 14 67 91 87 77 23 48 39 31 36 90 71 12 6 32 78 55 98 100
86: 95 39 88 2 8 86 46 4 99 78 64 7 41 94 91 9 38 3 100 25 70 76 68 89 29
87: 82 63 23 77 6 27 67 4 76 54 22 94 3 51 73 36 75 79 39 26 7 28 15 11 72 43 90 86 74 65 81 19 58 44 97 38 32 29 98 83 40 99 46
88: 54 51 18 45 75 71 21 46 27 20 82 59 95 97 90 56 40 65 1 81 15 69 19 35 68 63 26 29 74 80 64 33 22 55 11 3 7 98 85 96 88 50 67 73 9 83
89: 63 15 29 11 88 8
90: 67 14 97 37 34 1 79 41 62 27 28 52 72 77 26 32 70 65 83 15 7 91 51 55 66 39 20 17 96 73 45 50 69 48 30 88 49
91: 37 19 9 13 89 56 93 75 87 41 26 92 28 40 35
92: 73 96
93: 30 49 34 48 98 86 16 74 7 66 23 46 61 44 73 43 50 95 57 40 31 53 71 22 100
94: 46 75 24 40 38 8 82 77 10 41 44 16 32 55 52 93 56 51 59 86 100
95: 33 4 40 29 37 70 35 81 97 46 34 99 17 45 53 30 6 63 16 82
96: 35 90 73 70 84 9 50
97: 21 60 40 32 25 58 46 61 41 5 9 29 33 7 31 3 37 12 99 1 78 18 22 88 52 73 64 93 70 45 94 23 90 86 4 44 36 24 38 82 69 43 89 35 2 71 53 81 98 59 91 68 48 83 72 62 13 77 54 16 85 76 42 96 56 47 66 14 20 79 17 63 19 6 51 92 10 80 39 100 8 11 26 49 57 84 34 15 95 55 50 97 65 87 27 74 30
98: 45 85 17 39 76 13 98 54 20 73 96 57 78 90 66 24 21 70 79 23 64 92 43 42 81 5 52 58 12 87 84 49 11 63 50 9 72 37 44 32 16 95 56 4 83 75 68 27 71 7 74 80 35 99 47 40 59 2 91 69 51 97 34 38 18 77 1 82 10 33 6 48 94 30 62 67 8
99: 20 62 94 4 76 63 72 41 71 49 46 75 16 34 38 85 77 89 100 35 7 2 45 81 61 33 15 23 97 22 55 6 90 42 92 91 1 29 44 47 95 12 59 8 37 53 93 96 40 17
100: 11 9 80 57 63 91 98 61 94 72 2 69 14 81 24 73 36 33 15 87 48 45 66 84 59 20 56 17 30 25 22 99 60 55 6 77 16 13 46 54 67 89 85 96 50 4 10 79 92 82 83 47 65 3 62 43 64 76 39 32 28 51 52 53 35 90 100 29 40 68 21 5 7 70 18 58 19 95 44 26 38 93 78 23 34 86 31 49 41
1: 98 (11 60 76) 29 50 (36 80 20 62 13 47 5) (6 58 7) (18 35) (22 63) (25 57 81 88) 99 26 (56 51 42) 43 (10 14 54 31 90 1 64) 97 (46 48) (8 3) (19 82)
2: (15 41) (3 98) (81 7 22) 58 (80 48 100) 63 (53 97) (2 51) 57 (75 27 37 6 20) 54 60 (43 11 86 1) (13 64) (25 19) 35 (52 4 99) (82 42) (38 28) 26
3: 64 (81 88) (30 47) (86 51 19 62) (52 82 57 35 61 80 43 7) 56 9 31 27 (28 100 22) (20 40) 50 36 97 (87 76 3) 23 (2 54 25) (34 13)
4: 3 51 41 33 60 (7 27) (47 17 1 100 62 61) 25 87 (80 56 21) 9 (31 50 55) (35 98 26) 65 (48 13 97 64) (86 6) (2 29) 81 34 (19 14 82) (22 99) 76 (54 52) 95
5: (54 63) 5 7 52 22 (37 50 49 60) (20 6 13) 97 (38 67) (82 3 57 19) (66 31 10) (43 80 35 39 44 62 9) 36 (77 14 33 27 58 98 56 100 51 47)
6: (50 62) 14 (87 69) (99 54) (7 95) (18 4) (64 82) (43 77 23 35 2 66) (16 3 15 31) (98 100) (85 36 19 13) (97 5) (52 27) (22 46 60) 25 (56 51 1) 11 (61 48 57)
7: 50 86 (2 40 14) (62 98 99) (49 1 88 82 7 3) 51 (93 27 81 42 10 65 87) (26 44 37) 4 76 23 97 25 35 (48 34 57 71 63) 52 (6 90 66 5) 39 100 70 (43 64) (47 31) (16 9 17 18 77)
8: (31 60 50 2 61 62) (19 9 76) 56 69 (13 94 80) (98 38) (58 97) (57 99) 25 7 (42 81 5) (86 54) 52 11 14 3 4 1 (77 48) 75 (64 89) (47 43) 82 26 (27 33) 35
9: 34 (24 96 28) 4 (35 62) 79 97 18 7 19 (22 57) (17 10 26) 5 (50 23 52 3 2 1 43 86) (36 13) (25 48) 65 (29 60) (61 40) 91 77 (37 100 63) (56 44 76 20) (98 88 54) 82 70
10: 5 (57 71 20 53 48) 3 (7 1 40 13 63) 84 43 80 35 (14 64) 62 56 11 (27 37 17 94 98 19) 26 76 (23 51 18 34 97) (100 54 33 81 82 2)
11: (10 7 48 98 63 88) 77 (9 31) (89 52) (61 79 1) (17 50) 76 70 82 53 (62 66 4 56 35 38 46) 87 (11 100) (97 43 75 60) (5 84) 20 (13 2 64) (37 81)
12: 85 82 (26 6 38 41 30 1 98) (62 59) 99 (47 23 63) (19 27) (60 43 37) 56 (29 13 52) (77 51 5 97 3 48 2 44) 31
13: 83 (42 31 61) (57 54) 55 (100 28 82) (71 11 13 81 80 20 35 19 5) 4 (2 38 50 1 39 91 97 56) (25 10) (29 51) 43 (47 62) (18 6 68 48) (7 76 23) (98 52) 27 64 36
14: (81 37 90 18) (6 27) 11 (69 100 85 47 46 2) (80 5 63) 77 (9 51) (17 62 76 3) (57 64) 25 (82 50) 20 (10 70 52) 19 (28 97 7 34 1) (35 43 36 23 71 42 30)
15: (19 48 76) 47 80 (11 6 4 22) (55 43 52 100) 5 51 (88 30) (23 2) 78 (97 44) (54 62 50 27 89) 63 82 (42 67) (35 58 38) (99 77 61 16) 7 (37 69 90 60 87 3) 56
16: 23 (52 5) (2 60) (61 64 4) 7 9 (95 24 54) 27 (99 48 6 28) (18 51 57) (25 62 8) (97 34 31 29) (50 70) (93 39) (82 100 26) (43 35 94 41 3 98 76 56) 47
17: (31 63) (62 13 61) (97 44 67 43 98 19 56) 22 (5 20 40 14 95) 58 42 (38 84) (46 60 17 1) (35 21) 82 (7 11 90) (37 3) 69 (57 80) 70 (50 51 9 99 100 10 23 4) (34 52 64 2)
18: (46 73 2 40) (52 60) (24 82) (26 54 3 6) (48 97) 43 57 4 (78 35 76) (62 88 39) 31 (1 44 5 34 47) (98 42 19) (22 7 64) 51 28 63 100 18 (50 20)
19: (61 84) 64 47 51 87 13 40 18 (55 52 10 14 35) (9 81 2) (100 23 56) (5 41 6) 57 3 (1 20 88) 32 97 91 36 (62 60) 43 (82 8 26 19 76 53) (4 38) (30 77) (7 27) 44 21 70
20: 53 43 (28 34) (42 40 100 27 36 81 58 90) 88 (26 83 5 48 1) (13 77) 22 97 25 (7 62 98 59 49) (18 10) 23 50 (60 99 37 56) 20 38 (19 39) (33 52 44) 47 64
21: (98 65) (1 20 43) (71 88 37) (5 76) 82 11 47 (51 59 50) (6 31 56 25) (97 80) 62 32 (18 48 53) (27 100) (57 29) (19 7 64 36) 3 4 (81 42 77) 84 (52 69 39 30 2)
22: 10 5 (88 78 7 33 58 42 63 2) (64 72 18 47) 39 (99 52 62 97) 3 27 48 77 (34 23) 13 (61 93) (50 82 19) 28 31 (76 87 54) (25 60 100) (35 57 4) (6 80 11) (14 37)
23: (99 46 83) (28 52) (82 64 18 5 97) (48 19 56) 24 62 (87 42) (8 85) (60 57) 77 (69 1) (51 54 47) (6 76 43 78 80) (9 98) 20 (63 35) (37 93 100 70) (50 84)
24: (82 60 98) 37 6 (52 62 23 11 42 3) 1 56 (39 69 28) 58 100 67 (54 94) (41 5 26 7 48 51 35 61 78 76 57) 13 (97 63 43 27 2 66 83)
25: (35 1) (86 20 57 100 18) (19 6 27) (51 11 7) 43 82 (64 36) 47 14 62 (5 81 56) (80 4 31 23 39 76 84) 37 (69 48) (97 50 38) (52 2) (28 77)
26: 53 60 (20 5 100 27 7) (19 47 48 43) (69 78) (61 34 42) 63 (87 26) (13 51) (80 6) (4 91 76 31 23) (50 14 57 90) (1 2 56 9 64 88) (35 97 36 52 33 82) 45 (29 22) (62 28)
27: 81 (52 84 23 1) (39 35 51 5 80 2) (88 87 42 7) (64 77) 63 33 (27 26 38 56 97 14 55) 57 (76 37 9) 30 90 22 58 53 (43 98 11 3 82 18 50) 6
28: 27 76 (20 58 65) (55 77) (1 48) 4 (16 7 36 17) 54 (43 91) 69 (9 90 80 3) 100 2 (52 39 5 31 46 23 24) 18 (70 50 33) 63 (82 11 87) (71 35 13 64 10) 81 84 (22 34)
29: (5 89) 50 (76 31 64) (42 52) (20 7 97) 86 59 (63 62) (54 13) (81 67) (29 87 4) 6 19 2 70 (27 65 57 35 78) (82 58) (95 99) (22 56) (30 11 80 88 47) (1 60 43 100 18) 3 51
30: (76 100) 69 (11 63 82 50 56) 43 (34 57) (19 66) 37 (95 3 67 81 98 90) (8 5) (65 2 42 64 28 4 9 26 22) (54 47 35 61) (79 7 23 52 10) 48 (93 16) (40 97) (13 18) 1 (84 60 62)
31: 50 (85 57 3) (82 48) 63 28 (37 80 19) (60 34 35) (6 13) 5 (39 22) (54 40) (100 52 76 93 2 23 43 81) 44 (62 31) 7 (97 29 42) 47
32: 90 (56 42 80) (27 19) 83 (35 31 48 60) (5 14 38) 85 87 28 (94 59) 97 (43 81 13 74) (100 47 57) (98 2 64) (7 58) 50 (9 53 26) (39 82 63) (62 77) 1 20
33: (99 60) 35 (76 95 56 28 88) (17 3) (23 9 44 22 100 48) (97 37) 19 61 (20 63 34 98 18 51 82 1 2) 83 (11 27 6) (31 30 77 55) (57 64 40 7)
34: 5 62 (53 80 54) (27 35 14) (4 22) 7 (34 42 99) 50 43 (82 76) 33 (90 2 13 19 61 55 97) (6 93 98 58 36) 57 20 69 23 100 (81 11 18 95 63 9) 52
35: (33 20) (100 25 88 29 11 40) (22 47 44) (62 95) (18 55) (23 26) (54 39 1) 97 (76 80 68 70 84 91 82 63) (57 4 19 16 99 7 34 52 61 51 96 72 58 98) (50 13 5) (48 85) 56 (78 43 81 77) 17
36: (31 57 9 14 5 97) (76 62 82) 2 (68 85) (54 22 51 56 65) 19 (7 34 77) (100 52) 23 (39 25) (70 87) (1 64 27 48 17) (3 36) (41 47 38 43 63)
37: (6 42 11 19 75 98) (91 83 1) 50 (5 57 64 27) 95 31 (7 77) 28 (99 37) 54 (26 52) (60 47 80) (18 39 4 97 10 90 9 51 62) (56 23 25 59 2 48) (14 3) 20
38: 57 55 82 19 (23 31 2 87 99 63 22 86 13) 6 18 37 1 98 (60 80) (94 17 11 27 54 9 50) (100 97) 70 (7 52) 42 5 (4 62 34 3) (48 56 26) (40 64) (61 43 76 28)
39: (10 11 13) 47 (2 81) (87 86 40) (52 57) (85 54) (98 69) (27 65 76 62 37 100 97) (18 1 50 44 31 26 8) (7 28 14) (90 4 22 43) (82 23) (17 56) 64 (39 6 5) 80 (78 9 60 77)
40: 44 (47 19 5) (52 67 7) (35 34) (22 93) (100 1 14 31 77 32) (80 50 78) (88 18 43 98 64) 97 37 4 (6 30 76 13) 33 3 (63 21 81 36 42 56 94 23) (99 20) (57 87 95 62 54 82 2 91 60)
41: 42 (61 80) (90 6 97 33 52 60) 1 (51 5 37 35 3 55 76 9 65 91) 62 19 (50 64 77 82) (13 43 31) 28 (54 23 99) 94 (27 58 34 100) (71 57 7) 84 (10 25 17 86)
42: (63 11 54) (13 6 99 51) (39 80 46) (16 28 61 18) 98 (65 77) (35 25 2 82 20 17 43) (48 97 5) (52 19 3) (36 76 70) (37 56 31) (34 7 57) 47 (50 62 23)
43: (63 19) 54 40 (70 36 2 42 11 62) 43 97 (51 20 3) 69 27 (52 55) (13 35) (29 5 48 7 98) (71 44 100) (78 6) (25 28) 47 (50 76 77 93 17 72) 9 87 1
44: (82 2 51) (27 14 93) (35 52 98) (23 94) (18 63) (62 40) (5 60 28) (76 44) 34 (6 22) 57 87 26 99 13 (56 7 54 19 20 41 50 3) 100 (55 38) (85 25) (97 64) 48 11 (47 4) 16 9
45: (28 3 60 98 54 42) (70 20 5 77) 36 (6 43 51) 99 (97 48) (34 2) 78 (57 63 13 82) (58 23 56 100) (22 35 50 14 88 1) (9 61) 29 (25 90) 64 (55 7 18 16 38 95) (62 76 52) 53
46: 3 41 (99 62 82 54) (7 93) (48 88) (51 23 86 95) (60 13) 24 5 63 11 (44 38 47 61) (97 36 81 34 42 100) 94 (27 20 53 65 57) (76 19 87 6 1 50 28)
47: 99 (81 78) (76 54) 35 (7 60) (98 56) 70 (42 20 3 100 97) (65 55 53) (6 34) (80 83 13 47 63) (12 52 39 43 61) (23 18) (41 5 37 44) 58 17 (50 16) (36 14) (66 22) 69 (68 64 57 62)
48: (70 62) 14 54 64 (93 48 18 31) (55 56) (47 1 61 82) (63 2 28) 26 (58 10) (52 98 23 50) 76 (40 90 77 85) (9 13 60) (81 3 41 57) (83 97) (7 100 65 84) (42 35 43) 5
49: (29 42 24 19) (31 38) (34 53) 61 (55 99 62 43) (28 27) (65 69 56) (18 90 40 82 30) (13 39 47 60) 77 (97 100 11 93 64 54 35 7) (2 58 52) (26 1 6 20 57 23 10) 98 76 4
50: (8 18 20 98) (96 40 93) 62 (61 76) 23 14 (11 52) (65 39) (3 53 82 6 22 70 16 1) 2 (42 29) 60 (51 35) (54 56 81 7) 97 5 (50 90) (100 43 88) (19 31 17) 4 13 55
51: (35 48 82 23) 90 (41 3) 63 (30 77) (19 42 56) 11 (100 52) 51 2 6 (34 9 87) 5 (7 54 98 97) 94 (88 29 76) (62 20) (50 1 64 44 13 57 58 31)
52: 17 100 (44 67 42 51 85 52) (27 98) 38 43 (62 48) 76 56 (5 97 90 46 83 34) 1 69 94 (50 28 80 9 58 11) (60 7) (65 31) (22 81 47 13) 14 (55 66 6 61) (82 18) 2
53: (64 28 5 22) (76 75) (26 7) (60 3) (77 47) (27 52 63) 18 (19 2) 36 84 95 (11 16) (93 50) 48 (81 66 82 100 80) 99 56 (13 62 51 97) 9 29 35
54: 1 67 (6 87 5 65 22) 63 (40 14 57 60 17) (56 64 88) (50 43) (11 71 19 62 31) 83 (9 98 76) (13 54 21 51) (100 23 48 84) 97 (3 7 82) 8 18 (61 35) (47 20) (2 52)
55: 43 (52 44 41 80) (4 27 31) (85 100) (18 5 58) 11 14 (60 3) 57 99 (7 90) (35 56 82 13 77) (36 34) (42 88) (94 2) (64 50 81 9) 54 (29 20 62) (48 63 97) 76 47
56: (100 80 37 47 56 30 48) (33 51 97) (98 76 82 35) (7 25 3 1 77) 65 (91 64 13 62 63 23) 19 20 55 (11 54 50) (40 39 2) (31 5 41) 88 43 94 14 6
57: (3 42 6) (100 82) (31 55 13 33) (61 26 51) (27 54 7) 58 (53 62 17) (97 5) (11 34 43) 64 (48 20 50) 80 (63 36 15 93) (81 78 57 25) 28 (47 98 10 19 23) 52 1 2 68 (29 35)
58: (49 80) 78 (54 42 64) (40 98 56) (2 71 87) (82 7) (11 69) (43 20) 55 (97 47 13) (31 38) (73 33 23) (100 62) 4 (76 34 1) 57 53 16 24 (39 35 50 60 22 19) 37 (17 14) (52 3 51 18)
59: 18 (82 5) 39 16 100 (80 94 20 37 99 69) (72 47 35 50 1 56 97) (13 51) 88 (43 7) 83 (31 76 48) (2 10 52 6) (77 57 23) 98 22 25 (62 19 54 14) (11 44) 70
60: 29 (48 52 60 1 50 61 35) (2 31 19 22) (13 54 56 34) 41 51 (62 7 57 47) (97 82) (36 11 40 55 100) 9 (77 78) (71 42 81) 83 (69 6 28 44)
61: (47 70 9) (62 69 16) (97 53 55 52 60 54 7 37 3) (39 78) (51 5 99 72 77 42) (40 49 82 63 18) (75 6) (56 100 34 13 76) 15 10 17 (80 83 61 64 84) (25 93)
62: (62 48 9) 57 (84 98) (28 99 82) (78 3) 35 71 27 90 (11 5) (50 69 4 7 60 83) (39 64) 51 (43 97) 56 76 (20 100 63) (72 40 2 44) 36 47 (19 25 14) 31
63: 42 (60 99 5 39) (22 62 25 50) (1 34) (4 88 44) 31 26 (66 56) (80 57) 89 (73 98) (37 9) (54 11 64) 3 (51 81 82 20) (97 36 87 7 77 6) 18 (52 95 19 38 58 27 48 14 100 63) 43
64: (86 5 76) (64 14 3 43) (22 61 88) (63 6) 48 56 (42 1 2) 54 (27 28 62) (82 39 19) (38 25 20 26 34 18 98) 52 (35 100) 57 97
65: 60 2 (47 28 3) (6 5) 82 26 48 (52 42 22) (54 81 65 18) 20 62 (7 17 37 10 63) 76 (1 4) 51 (19 57) 97 (64 70 87) (53 9) (80 34) (56 23) 88 14 50 (58 90) 100
66: (6 76 9) (27 100 97 1 48) (33 25 5 15 58 13 90 42 69) 35 (52 79 62) 98 30 (34 2 23) 28 (57 32 63) (56 64 19) (7 3) 78 (37 82 11) 93
67: 19 (87 13 22 14) (60 57 27 98) (100 2 36) (6 1) 48 (64 38 20) (5 50) (80 37) (7 85 62) 29 83 (55 76 88 56) (35 30 81 26 43 63) 82 70 (42 52) (28 90)
68: 65 (47 13 86) (88 50 100 80 97 6) 77 62 20 (17 40 19 35 64) (59 76) (37 3) 51 (42 7) (48 82 26 54) (22 12) 63 (61 56 71 78 57) (5 27 2 36 98 25)
69: (88 80) (8 16 66 98 35 63) 10 (5 22 82 97) (7 1) 50 (26 17 70 60 13 52 11) (54 40) (44 42 31) 6 56 (23 55) 24 (47 29) 28 4 62 (18 2 34) (100 19) 90 51
70: (86 5) (82 3 98 56 43) (28 15 35) 62 (25 44 13 51 64 39 96) 54 (97 95) 19 49 (63 31 48 20 79) 71 (38 6) 76 7 2 (100 52) 27 (55 40) (80 90 9 57 77)
71: 25 (93 23 56 31 19 50 26) (33 80) (85 69) (62 49) (57 77 76 1 64 18 28) (47 22 63 29 42 11) 84 (88 98) (39 43 51 44 6 97) (7 53 3 17) (27 99) (5 13) (20 82 9)
72: (98 9) (63 81) 44 (77 50 34) (42 82) (100 97 52 20) (55 26 57) 51 (36 10) 40 (5 7) 47 (99 31) (38 11) (83 56) 76 (62 87 1 18) (3 35) 84 (90 71 19) 70
73: (5 1 57 10 36) (50 43 27) 84 (26 39 96 47) 7 (15 93 6 21) 31 51 (82 2 56) 80 (19 49) (78 63 64) (92 40) 60 (54 23) 100 (42 98) 9 28 52 (25 87) (90 76) 14 81 (18 97 53) (88 3) 70
74: 25 47 (34 69 6) (7 88) 38 (43 56) 35 37 54 (78 11) 64 (44 97 2) (31 3 80 18 36 1 87) (5 63 93) (76 77 51 27) (39 13 22 16 81) (19 26 82 42 98)
75: (31 27 42) (50 20 94) 78 10 55 (23 75) (34 52) 61 (38 54) (98 88) 60 (91 99) 82 (47 63 48 77 6 35 28 2) (51 5) 19 (4 64) (9 13) (7 36 1 87) 3 57 (30 56) (80 24) (69 70 62) 18
76: (43 67) (98 19 63) 70 (25 18 27 47 49 51 50) (5 82 58 26 42 80) (86 15) (61 4 9) (66 31 57) (78 6) (62 56) 36 (3 55) 20 100 (60 7 34 99 29 2) 24 (28 76) (97 87)
77: 39 84 (14 1) 66 (31 47 76) (99 82 85) (17 81 7 56 52) (36 20) (57 43 22 13 60 42 2 78) (64 48) (11 97 94 54) (62 63 70) 77 87 (46 61 28) 5 (50 18 10) 44 (55 69 98 100 6) 67 (19 65 90)
78: (2 18 72 62) (20 57 3) (78 27) (77 10) (47 7 13 70) (40 25 100) (53 98 52) (26 43) 61 82 (85 56 81 63 35 86) (31 29 64) (9 17 38 19 58) 69 (97 50 76 42)
79: 90 (83 19 82 7) (100 36) (56 27 48 5) 54 (52 87) (11 13 47 62) (69 51 4 18 29 55) (57 43 42 50 97 98) (38 35 1 30 76) 20 9 (66 6 2)
80: (100 31 10) (60 43 47 34) (57 54 72) 13 (27 49) (35 5) (38 14 98) (62 15 44 28 82 7 88) (97 56 3 23) 76 (77 80 1) 42 (83 81)
81: 55 (77 31) 18 (14 11 98 54) (47 9) (88 27 99) 87 61 (50 43 73 6) (56 4 26) (42 51 44 7) (38 33 60 76 52 41 59) (40 17) 95 100 (19 65 82 13 36 34) (35 97) (2 63 70) 22
82: 6 (4 94 7) (14 51 58) (66 11 35) 47 13 (26 76) (84 98 82) 19 (79 56 60) (87 81 62) 10 (48 71) (69 97 31 95 54 88) (23 20 77 3 39 9 38) 1 (100 57 27)
83: (78 64) (32 58) 54 (14 19) (100 63 13 50 87) 9 30 (82 24 29) (47 36) (37 97) (44 40) (2 67 5 56 61 23 48) (53 98) 49 76 (43 42 52 31 80 62) (88 4 27 84 51) (57 7 83 60) (90 66 6)
84: (97 96 50) (4 44) (21 82) 85 (13 6 54) 100 (42 69) (2 64) (9 72) (36 15) 65 (43 24) (22 48) 80 (51 76) 55 (63 19 28 62) 77 20 (5 3 11 60) 98
85: 100 (7 51) (33 38) (77 42) (30 88 58) 16 (81 98) (47 28 26) 64 (34 56) 10 (22 50 82 75) (3 19 99 25 69) (63 31 71) (97 57) 53 2 (52 14) 9 (54 76) 62 36
86: (55 60 64) 78 36 (22 61) (23 5) 13 (62 82) (52 66 6) (63 14 7 47 86) (2 9 76) 49 97 21 (83 43 18 100 34) (40 35) (56 77) 93 (11 20) 3 (57 51) (19 69 94) 87 54
87: (62 57 11) (27 64 47 25 18) 52 35 (44 19 14 91) (58 98 3 38 17) 100 (33 40) (97 48 50 82) (13 34 65 16) 6 (31 22) (43 69 2 41) 1 (51 4) (42 77) (7 85 53)
88: (23 43 62) (89 3 80) 52 13 (2 86 29) (35 78 56) (19 6 50 10) 27 39 (1 34 97 41 11) (82 76 66) 18 (44 64) 7 5 (83 9 90 21 58 47 60 81 88)
89: (19 62) (57 40 43 47) 76 (4 2) (39 3 55 99) (67 30) (70 17 52 23) 5 (63 54 44 91) (82 65 18) (48 86 6 1) (28 83 77 60 100 37 84 7 27 9 51) 56 (36 50 22 31 13) (97 64)
90: (98 30 82 60 77) (3 97 51 62 99 27 64) (49 87) 100 (31 80 7) (56 18 28 96 19) 13 (2 35 81 85) (61 47) (76 43 5) (44 63 37 23) (21 88 52 55) (39 57 1 53)
91: (26 61) 6 (44 50 2 90 70) (62 17 55) (36 51 43) 34 (47 13) (81 18) (76 3 57 10 9 14 56 7 85) (100 52) (49 11) 19 (77 40) (37 99) 84 86 (64 4 98) 60 80 (82 48 23) 97 (33 20)
92: 43 (76 100) (56 38 80 23 5) (57 6) (63 10) (51 17 42) (7 62 55 18 98 34) (60 47) 2 48 81 (26 54 37) 13 25 (82 50 35 22 97 44) (77 70) (36 58) (91 14 46 3 99 9)
93: (84 28 97) (54 61) (9 50) (91 34) (14 99 1 94 22 80 13 40 53) (100 63 18) 82 70 7 47 (60 72 35 5 10) (76 26 15 43 51) 25 (31 42 77) (36 49 2)
94: (62 50 6 29 27 99) (70 69 30 44) (35 34 31 60 97 24) 63 (20 47 48 40 57 1) 11 80 (86 19 42) 52 (66 49 25) (71 13 37 83 87 98 7) (100 18) (39 36) (43 9 51) (76 77 33 64 26 5) (23 82)
95: (83 60 17 14 82 19 7) 88 (37 27 44 93) (56 10) (86 25 62) (48 97) 28 (54 61 57) 50 (35 6 31 23) (76 1) (100 39) 80 (99 52 77 9) (81 18 98)
96: (50 57) (62 82) (35 43 33) 97 19 (14 56 2) 100 (6 55 88) 28 99 70 92 27 (44 60 3) (53 18 52 13) (42 64 47 90 23) (80 31) (26 76 63 98 5) (24 7 51)
97: (55 82 35) (10 64 29 50) (56 18 95 70 77) 87 (88 90) (30 69 16 98 97) (57 51 27) (63 22) 9 42 (2 5 48 7 76) (28 36) 47 (31 43) (19 54) 58 (81 99 37) 39 33 (62 23 80)
98: (87 100 5) 66 (97 36 27) (85 60) (93 88 51 11) (43 9 84 62 61) (98 54 42) (8 13 29) (64 2 16 38) 52 78 69 77 23 (82 50) 57 18 65 (10 56) (7 33 81) 44 19
99: (63 100) 64 (2 65 17 57) (41 70 66 98 97 6 29 44 27 77 7 82 54) (1 51 20 62) (31 42) (39 5 19 16) (81 47) (95 43 69 86 52 9 87 36) (10 50 76)
100: (61 36 76 2 59 7 97 5 34) 13 (29 11 41 52 43) (6 23 63 69) 31 58 (85 84 27 93) (56 42 94 60 57) (19 10 9) (26 82 83 54 80 70) (78 99) 100 (25 77) 86
