30 30
1: (22 28) 20 (7 10) (17 29) (12 25 30) 24 5 (6 13) 14 (4 16) (27 15 21 18 9) 8
2: 6 7 (14 4 11 27 8 22) 29 17 (30 2 23) (10 18) (20 15) 19 24 (13 16)
3: 17 (9 22 4 2 6) 8 (10 13 12) (23 29) (11 24) (14 16) (18 1 5 20) (3 28) 26 25 (21 30 27) (15 7 19)
4: (18 26 22) 25 (13 11 6 27 23 10 20 14 1) (15 24) (2 16) (12 7 4 21 30 29 28 17 9 19) 8
5: (15 22) (5 8 29) 28 18 16 (10 1 4) (25 6 19 2) 17 (24 26)
6: (29 22 25) (12 6) 1 (13 27) 20 (14 7 9 11 15 5) (16 30 8) 19 4 (26 17 23 2 3 10 21 28 18)
7: 22 3 28 (26 25) (2 11 8) (18 1) (13 27) (19 9 4) 23 (15 21 17)
8: (1 20) 9 (6 11) (10 8 26 24) 2 (13 7)
9: (10 27 4 23) 11 (1 19 8) (29 20 5) (2 7 24) (12 25) 13 (9 14) (22 18) (28 16) 3
10: (24 9 22 4 20 25 5) 17 (2 27) (1 23) (6 18) (28 3 29 16) (19 10) (13 11) 8 26
11: 13 (15 11 3 8) (6 10 24 5) 22
12: (12 5) 1 18 (4 15 9 8)
13: 8 (30 17 3 4) 28 19 (18 21 24) (25 10) (22 15 5) (12 1 11) 6
14: (26 18 4) (2 23)
15: (18 25 29)
16: 13 (22 29 18 17 3) 14 (8 21) (15 23 2 6 11) 10 (9 30 5) (27 16)
17: 26 (15 4 17 24 8 20) 18 (29 19) (11 16) (3 2 12 13 28 6) 30
18: (20 21)
19: (1 6) (28 4 14 13 26 2) (23 24 21 20 5 10 22 17 25) 8 9 (11 27) 29 (16 15) (3 30) (18 12) (7 19)
20: 12 (10 15) 24 18 (13 17) (11 5) (29 2) (28 1) (20 7 9 3) 23 6 19 (25 4 22 16)
21: 30 7 27 (13 3) (21 19 1) (8 17 10 5) 14 25 (16 20) (18 15 24) 6 (11 2)
22: 5 8 25 1 (20 26 23 2 12 3)
23: 21 (15 20 18) (19 22) (17 14)
24: (6 15) (2 27 8 3 29 4 25 17 1) (13 16 11 19 18 20)
25: 3 (5 21) (27 7 24 12 18) 2 (26 16 6) 22 17
26: (14 26 29) 11 (16 17 7) 5 10 (27 30 9)
27: (23 19) 14 (21 25 6 30) 3 (7 1 9 8) 18 (24 22) 5 26 17 (29 13 27 11 4) (15 12)
28: (4 26 18 28 17) 6 9 20 (10 21) 22 12 3 15 (19 16 25) 27 (7 1 29) (30 2) 13 (14 23)
29: 13 29 (17 20) (24 21) (9 23 27 12 16) (26 19) (28 2) (7 6) 3 (14 8)
30: 3 (24 28 10 5 23 1 9) (21 27)
1: (28 9 19 6 12 4) (27 30 13 21 22 5 10 3 8) 20 (24 7)
2: (9 3 6 4) (17 21) (24 20 29) (28 19 22 2 14 25 16 8 5 7) 10
3: 7 20 (28 16) (11 13) 25 22 (10 24) (17 21 29 30) (6 27) (3 19) 9
4: (5 19 4 27 12 7 28 3) 2 1 (17 13 6 9) 20 24 10 14
5: (1 12) 10 (16 5 30 20) 22 6 (25 9) (27 13) (19 26) 21 (3 11)
6: (13 20) (5 25 24) (19 10) (11 17) (8 29 1) (4 3 16 28 6 2 27 21)
7: (19 9 20 29 8) (26 3) (25 1 6 28 21 2 4) 27
8: 6 (5 12) (17 21 9 19 7) (10 11 22 27 24 4) (3 13 8) (16 2) 1 29
9: (9 3 29 27 30 12) 1 7 (10 4 8 6 20 16 19 28 26)
10: (4 16) 28 (11 13 20 19 8 2) 6 1 (30 3 21) 9 (10 26) 5
11: (19 24) 8 (4 2) (3 16 9) (6 27) 7 (17 21 10 13 11) 26 20
12: 1 (6 20 22 29) 28 (17 3) 12 (25 9) 27 (13 4 19)
13: (7 4) 29 (17 10 3) (21 2 24) 28 11 (20 27) 9 16 6 (1 19) 8
14: 2 (19 23) (1 29 6 26 9 4 27) 21 (16 3) 28
15: 16 27 (2 23 20 24) (17 1 19 4) (7 12 5) 21 (28 13) 6 3 11
16: (10 17 2 29) (6 26 5 28) (16 21) (9 19 4 3 20) 24 1 25
17: 25 29 7 10 (1 28) 6 (26 24) (27 2 20) 23 (3 17 21 4) (5 19 13 16)
18: 16 (17 2 28 9) (20 12 19 27) (24 6 5) 14 (7 23 25 3) (10 21 13 4 15) 1
19: 19 (24 3 9 29 20 4 5 7 27 10 28 17 13) (6 21) (23 2)
20: (23 20) 17 (28 1) 19 (22 18) (24 2 6) (21 9) (10 4 8 29) 3
21: (3 25) (19 21) (13 28) (16 6 23 29) 1 (7 4 27 30 18)
22: 3 (13 1) (10 11 23 20 4 2 6 27 9 5 7) (28 25 16 19)
23: (28 7 3 30 9 2 14 10 27 22 16) (19 6) 20 (4 29)
24: (8 5) (3 4 20) 17 9 (11 19 13 27 10) 30 (25 29 21 2 1)
25: (5 21 6 22 3 28 1 19 10) (15 20 27 7) (24 13 4 9)
26: (17 4) 28 (25 6 19 26) (14 27 8 3) 7 10 (22 5) 29
27: 1 16 (28 2 26 24) (25 7 10 4) (27 21 19 6 3 30) 9 29
28: (5 29) 4 (17 3) 6 (9 10) (1 20) (30 7) (28 19 13)
29: (29 10) 27 (15 24 28) (1 9 20 2 5) (17 3) (6 4) 19 (26 16)
30: 28 (17 13) 26 (6 21 19 1) (3 16) 4 (27 2)
