30 30
1: (3 5 20 30 2 7) (6 24) (9 22 8 16) (26 1 14 27) (10 12) (19 4 18 21) (11 29) 13 17 (23 25)
2: 21 23 27
3: 18 (16 15 6 5 28 29 3 2 25 17) (26 12 7) (8 22) 4
4: 18 (2 5 23) (1 29 7 17 19 30 6 4 13 27 15)
5: (17 12) (24 9 27) (25 13 18 5 20 3 1 8) 2 (30 4) (29 26 19 28 11) 21 22 (10 7 23 16) (6 15) 14
6: (28 25 30 4) 6 27 14 (7 23) (11 24 3 29) 16 (19 18) (22 1) 15 20 12
7: 6
8: (19 16 1) (9 26) (17 12 18 20) (7 11 8) (14 25 21 23) (22 2 5 10)
9: 13 24 (5 19) (10 6 17 12 16 14 9 4) (15 22) 18 21
10: 19 5 27 3 (24 11) (30 17 23 8 6 7 25 21 13 28 29)
11: (2 17 28 22 4 20 15) (16 29 11 19 10) 1 (8 3) (13 7 25 27 5) (6 23 12) 26 (18 30 24)
12: 29 (11 4) 24 3 26 (23 10 16 15 19 30 25 28 9) (27 18)
13: 21 (26 24) (27 19 18) (5 4) 14 (13 11) (30 25 16 29 7 2)
14: 16 23 (1 7) (3 15) 22 (2 19) (13 25) (20 10) (29 4) 5 (12 24 26) 11 17 14 (28 21)
15: (15 6 3 27 23 18) 1 (12 21 8) (13 17 25 19 4 24) 29 30 (20 5 2 22 10 16 9 7)
16: (22 19) (5 17) (30 21 1) 4 3 11 14 8 6 (15 26 20 16) 9 (23 13 29 2 28)
17: 16 11 19 3 2 (14 6) 1
18: 6 (21 4 17) 29 28 (19 24 23) 26 2 (27 20) 3 (15 11) 30 5 13
19: (19 30) 9 13 15 (29 16) (11 24 7) (20 1 6) (28 17 3 4 2) (25 21) (26 23) 10 12 (14 18 22 8) (27 5)
20: (25 2 5 21) 14
21: (28 26 4) 24 6 25 (8 2) (7 12 13 29) 27
22: (16 23 9 11 19) 12 (14 28) 6 4 25
23: 25 (2 29 6 22) 26 9 16 4
24: (17 26)
25: 13 2
26: (14 3) 27 (23 6 13)
27: (21 2) 3 (20 12 1) (7 28 13 15 9 25) (8 23)
28: 28 (4 13) (15 2) 7 (19 24 12) (20 22 6 11) 18 1 5 (26 25 14) (23 27 8) (3 30 21 16 17)
29: (5 26 20 9 14) (13 8 2)
30: (22 1) (3 24 20) (2 11 25 30 26) (18 17 28 9 14 29) (16 5) 27
1: (28 17 11 6) 27 (14 1 4) (16 30) (19 15 5 8)
2: 23 (29 5 17) (4 28) (19 30) (27 3) 8 (14 18) (21 11 25 20 16) 15 13 1
3: (27 17 10 19 26) (28 16) 5 12 3 (1 6) 30 15 (18 14) 11
4: 18 28 3 (12 13 22) 1 19 (5 11 9 15) 4 (16 14 21 23 6)
5: 29 20 18 (16 11 9) (10 15) 30 (4 1) (19 13) (3 5 28) 8 14
6: (26 6 10) 17 9 18 (16 1) 22 (5 15) (4 23) 11 (3 21 19) 7 28
7: (27 15 6) (1 28) 11 (21 19) 8 (13 14 3 5 4 10)
8: (28 11) (10 3 19 15) 1 (29 21) (16 5 27) 8
9: (15 23) 5 (29 16) 30 27 (19 1 9 12 22 8)
10: (15 19) (8 11 9 1 12 5) 14
11: (6 14) 28 (11 12) (19 17) 10 (13 30) (5 22 18 16) 1 8
12: (27 8) (28 3 9) 1 (6 11 5 19 21) (14 22 15)
13: (1 14 27 10) 9 (11 16 19 29) 15 (28 26 4 13) (21 5 25 18)
14: (29 20) (28 8 17) (14 13 9) 26 30 (1 16) (5 19 6) 22
15: (4 27) 28 12 (11 3 18 5 16 9 14) (15 19 6)
16: (9 13 12 14) (17 23) (19 22 1 11 6) (8 28) 3 5 16 (30 15)
17: (14 8 24) (1 3 11 4 19) (5 9 15) (10 18) (30 28 16)
18: (6 11) 5 (19 28) 1 (4 15 12) 8 9 30 (13 3)
19: (8 9) 15 (6 16 10) (18 19 5 1 28 11 4) (14 13) (22 12 17)
20: 18 (5 27) 30 14 19 (11 16 8) (29 15) (6 1 28)
21: 27 19 5 (1 8) 10 (13 9 28 16 2 15 18 20) 14
22: (28 23 9) (8 30 3) 1 16 (14 11 5) (6 19 15)
23: (11 12) (4 18 6 26 14) (10 1 27 22) (8 19 28 2 16 15 5)
24: (19 30 12) (10 21 13) 15 5 18 (28 14 6 1 11) 9
25: (23 11 19) (14 10) (28 6) 3 (22 21) (15 12) (1 27) (5 30 20 8 13)
26: 8 (21 28) (3 14 29 30) (13 1) (18 11 23 19 5) 12 (24 16)
27: 21 11 (28 2) (1 5) 18 10 (19 15 12 4 13 30) (26 6)
28: (22 21) (3 12 11 5) (28 16) (19 6 14 10 18 27) 30
29: (13 5) 3 (12 30 1 4 10 16 19 18) (14 15) (11 21 6 23)
30: (4 15 6) 13 (18 16) (11 28 12 5 30) (19 10 1)
