30 30
1: (30 4) (5 27 28) 6 (12 10) 8 21 (2 13 19 18 11) (7 29 16 3) 20 22 (23 25)
2: 30 15 (19 26 23) (6 28) (1 8 21) 12 24 (29 27)
3: (16 4) (28 10 20 18) 25 (11 22) 1 (26 8 15) (19 9)
4: (6 30 21 19 2 22 26 7 3) (16 8 13) 14 (25 10 27) (18 12) 1 28 (23 17 5) (4 29 15)
5: 8 (4 6 28)
6: 17 (27 10 13 12 15 5 19 6 28 26 23) 11 (7 21) (8 18 2 9 24) 22 (20 4) (1 25 29) (14 3 30)
7: 2 (27 29) (1 13) (7 21 3 23 28 14 8 12) 19 (17 5) (18 26) 22 30 (9 25 4) (15 24) (16 10 6)
8: (19 6) (15 7) 9
9: 25 2 6 (21 7 23 19 1 10 28 22 18) 12
10: 16 20 4 (27 30) (6 10 2) 11 8 26 (15 1 13 9) 22 19 (14 25) (3 12 24 29 17)
11: (12 2 26 29 27 22) 7
12: 24
13: 2 (26 20 25) 11 30 (6 18) 3 (10 15) (22 4 5) (24 12) (23 14 8) 19 7 (28 21) 16 (17 29)
14: (12 7) 2 (23 6) (8 9 18 10) 5 (14 13 16 21 17 24)
15: 3 17 20 (6 11 24) 12 (14 13) (21 19 30 1 7) (28 25) (23 9) 26 (8 18 4 15 27 29) (22 2) 16 (10 5)
16: (21 18) (23 28 24 14) 1 9 (11 27) 16 (17 20) 15 10
17: 8 (15 30) 9 26 (1 7) 20 22 27 10 (5 6) (11 3) (24 23) 18 13
18: (1 18) 17 (16 21) (8 26) 11 (24 12) 2 (20 23 10 4 30) (5 15 7) (19 14) 27 (13 3 25 9 6 22 29)
19: (11 4 2) 15 1 (5 20 19 27 24) (13 3 22 10 30 29) (8 18 7) 16 17
20: (21 18 12) 27 (19 3) 10 22 14 (28 29) 23 (26 5)
21: 26 21 27 30 (16 14 29 1) (11 20 24 22 15) 10 (18 28 8 9 12 25 7) (23 2 17)
22: (19 21 11) (9 30 20) (1 7) (17 24 12) (16 23 6 22 13) (10 14) 18 (5 29) (28 8) 26
23: (5 12 16) (9 3) (20 17 21 23 13) 30 25 6 (4 2 14 11 22 29 19)
24: (18 16 13 23) 4 24 (7 28) (30 14) (17 2 11 12 15 27 1 26 19) (20 9) (5 25) (3 8 22 6) 10 29 21
25: 28 (17 21) 22 2 10 (30 24 1 18) (5 7) (3 4 9 29)
26: (24 28 18 15) (8 10) (16 19)
27: 12 (5 24 4) 10 (25 6)
28: 26 5 (20 12 9 24) (7 30 25 19) (21 6 10)
29: (4 20 29) (18 7 14 22 6) 19 28 (16 24 25) (5 15 23) (12 10) 21 2 9 1 26 8 (30 13) 27 (11 3)
30: (13 28) (9 10) (2 18 23) (12 25 26) (17 4)
1: (18 10 15 17) (22 9) (19 3 21 4 25 29) 6 (7 2 24 16)
2: 29 (23 10 1 21) (13 18 7) (25 19 11) (24 15 14 30 6 4 9)
3: (13 7 4) (10 6 23) 1 (24 18 19) (29 17 25 15) 20
4: (13 7 23) (5 18 10 30) 27 (15 6) (19 24 3 4) 29 (25 1)
5: (14 17 13 6 19 27 24 4 29) (23 18) 1 25 22 28 7 (15 20)
6: 22 (29 15) 6 (10 4 2) 17 (14 23 24 8 18) (13 27 9 1) (7 28) 5
7: (18 29 1 25) (24 17 4 7 9) (8 6) (22 14 21) 15 13 (19 28) 11
8: (14 1 7) 29 (13 18 19) (6 21 2 24 15) 3 (10 4) (17 22 5) 26
9: 18 8 29 (23 28 22 14) (25 17 7 30) 24 16 (15 10) (3 21) 6
10: (1 25 6) 10 (24 14 13) (3 4 15 18 26) (22 17 30) (27 20) 19 (16 28 21 9) (29 7)
11: (15 21 6) (13 3 23) 19 (22 29) (18 16 24 17 10 1)
12: 11 (20 1 29) (30 22 14 6) (27 23 28 21) (18 24) (10 15) (7 13 4 2 9)
13: 10 6 15 (17 23) 30 (24 19) (29 7) (14 18 22 4) 1
14: (15 4) (6 24) 22 16 (13 23) (7 10 21 29 14 18) 20
15: (8 29) 26 15 (21 4) 3 13 (16 18 19) 2 (17 10) (6 24 7)
16: (15 10 18) (7 4 3 14 13) (16 21) (24 23 1) (26 29) 19 22
17: (25 30) 14 22 (4 23) (15 6) (24 19) 21 13 (18 7) 16 10
18: 6 (1 30) (19 15 29) (18 14 13 3) (24 21) 16 25 (26 4 9 20) (17 22) 7
19: (26 10 23) (24 4 6) 20 1 (3 22 7 18 15 19) (13 28) (2 9 8 29)
20: 10 15 (28 16 3 24) (19 6 23 21) 17 18 (13 22 29 1)
21: (21 24 15 14 29 1) 9 28 22 20 (4 25) (7 18) (6 23 13) (2 16)
22: (10 13 17 1) 11 (24 23 25 22 18) 29 (6 4) 20 (7 15 9) (3 21 19)
23: (29 17 15 2) 22 1 (14 24) (23 18 6 4) (16 9) (13 21) (30 20 7)
24: 2 19 (27 22 7 18 10 24 12) 14 (15 26) 6 29 (13 21) (25 17 16 28)
25: (30 1 10 24 27) 21 6 (18 15) (29 7) (4 28) (23 13 3) 9
26: (18 28 20 10) (7 22) 24 (13 3 4 29 2) (21 15 6) 11 30 17
27: 21 (29 18 10 19 7 2 4 1 6 16 24 15 11 17 20)
28: (22 16) 6 3 (9 26) 30 (24 21 29 1 20 2 15 25 5 13 4) 7
29: (29 20) (7 2) (6 1) 4 21 25 (24 18 10 13 11) (19 23 15 22)
30: (7 13 2) (24 21) 18 (28 19 29) (22 23 17 1) 25 (15 4 6 10)
