30 30
1: (22 20 23)
2: (29 21 10 7 28 2 30 15 1 23 19 27 12 6) (13 17) 16 (26 8) 4 5
3: 25 (12 26) 3 1 (28 29) 11 13 (23 30 24) 17 19 (16 18)
4: (18 24 25) (3 7) 20 13 15 27 1 (11 28 19 10 12 21) (26 6 23) (5 4) (29 2) 16
5: (30 9 25) (22 29 1) 11 28 (5 21 23) (2 8 14 15) (17 19 13 18 12) (26 10 6)
6: (23 16 14 18 9) 5 (13 1 12) (7 3 29 28 19) 10 (21 11 24 30) (15 25) (20 17 6 27)
7: (23 16 21 6)
8: (2 7) 19 (16 28 5 20 14 3 21) (26 11) (30 1 10 4) (27 22 23 25) (12 24 15) (6 9) (13 18) 8 (29 17)
9: 6 12 13 (8 17 28) (1 14) 7 (30 20) (22 19 11 2 21) (29 5 23 10 24 9) 25 (15 26) (16 18) 3 27
10: 15 (30 24 14 8) (6 29 12 26 11 4 3) (28 17) (21 23) (25 16) 27
11: (8 7 20 30) 25 (5 14 26 22) 24 (6 28) 2
12: (21 15 25) 27 (5 8) 28 22 (12 2) 14 (16 10 7 4) 24 19 (13 9) (11 1 6 20 3) (23 17 18) 30 26
13: 19
14: (5 22) 17
15: (13 3) (15 26)
16: (2 7 25 26 10) 23 20 (13 4 27 1)
17: (24 2 19) 12 (7 21) (3 6 28 4 16) (26 17 18 14 30) (11 8 15) 13
18: (5 24 8 22) (19 16) 3 (20 21) (11 27) (13 6 1 26) 25 (12 18 10) 7
19: (13 17 20 4) (21 18 1 7) 15 (29 6 25 12 8) (3 10) 9 (19 27 28 16 23)
20: 29 (25 12) 9 (17 4 5 1 30) (21 10) 2 14
21: 1 (9 16 22) 13 (11 23)
22: (22 13 25) (11 20 17) 23 (26 6 9) (8 10 1) (15 14) (29 19)
23: 28 (6 14)
24: (28 4) 15 (29 1 24) (19 21) (9 5 3 6 26) 14 (23 10 16 12 17 2 25 27 11 22) 8
25: 17 (12 15) 14 (13 6 16)
26: 4 (13 18 3 19 20 6 30 9 23 16 1 11 24) (5 25) (21 8 29) (14 15 2) 26 (17 27 22 10 7 12)
27: 25 17 (22 28 13) 7 9 26 15 (24 14) 2 (4 20 12 29 30 21 18) 5 6 27
28: 13 (30 7 4) (9 18 27 28 6) 12
29: (28 24) 22 (18 6 29)
30: 12 6 (29 27) 21 (18 14 1 25) 4 23 22 16
1: (24 2) (21 18) 3 30 12 (22 5) 26 (19 20) 9 8 (16 4) 6
2: (2 26 4 11 8) 9 (17 12 24 20) (5 27 16)
3: (19 4) 9 (24 8 15 3 6) (17 18 26 10 12)
4: (28 16 12) 17 (10 20 4 19) (27 2) 24 26 (30 8)
5: 4 (5 27 20 12 18 11) (8 6 14 24 26 2 9)
6: 30 (4 23 6) (8 24) (11 25 29) (5 26 2 17 10) (22 27) (12 19) (7 9) (18 28)
7: (28 6 18) (8 17) 16 (26 19 12) (27 9 11 2 4)
8: 5 11 (9 10 22 18 2 26 8 17) 24 12 19
9: (9 19) (26 6 24 8 21 27 28 5 22 12) 20
10: 18 12 8 22 5 (26 19 16 20) 9 (2 4 24 6)
11: 6 (5 18 9 24 22 8) (12 26) (3 21 4 10) 17
12: 19 28 20 (26 18 27) 2 (4 24) (5 12) (25 9 3 10 30) (17 8) 6
13: 28 17 12 (18 6) (16 25 22 26 3) (19 15 9 2 21) (8 4) 27 5
14: 23 (6 25) 22 (27 5 10 20 8 9 24 26 12) 30 (17 11)
15: (2 15 17 27 25) (4 26) (22 5 10 9) 6 19 (8 24 12)
16: 6 4 17 (12 2 24) (26 7) (10 25 18 8 3 9 30 19) 21
17: (27 19 3 10) (25 26) 20 (14 9 8 17 6) (24 12 22 2 5)
18: (9 5) (6 18 4 3 30 19) (12 27 28 26) (17 8 29)
19: (24 3 4 13 5) (2 19 18 22 17 8 9) (6 26) 12
20: (12 6 18 1 4 9) (26 16 27) (11 22) (19 8)
21: (12 18) (26 5 17 24 10 20) 8 (9 6) (7 2 19 27 4 30)
22: (14 1 21 29 12) (26 8) (30 5) 18 (9 11) (27 22 24)
23: (19 7 1 5 3 30 26) (4 12) (24 16) 10 (22 6 9) (21 8 2)
24: (8 10 11 29) 4 6 (26 24 18 12) 17 (3 9 27)
25: (10 18 26 4 11 12) (6 16 22) (24 27 30 9 8 19) 20 (3 5)
26: 5 (8 3 12 11 22 17 4) 16 2 (27 9) 24 (15 26 10) 18
27: 24 10 (9 26 28) 19 6 8 (12 30 2 18) (27 16 4)
28: 19 6 (5 27 9) (4 23) 8 24 (12 29 3 17 11 28 2) 10
29: 2 20 (10 30) (5 19 26) 4 (6 22 24 3) (27 29 8) 9
30: 6 (9 28 2 12) (8 10) (26 17 3 5 27 20 11)
