30 30
1: 9 (23 10 18)
2: 20 5 (6 30) (12 13) (19 22)
3: 6 (18 23) 17 30 5 (28 26) (19 12 9) (4 8) (16 21 29 15 7) (22 2 24) (10 25) 20 (3 1)
4: 28 (21 2) (20 7) 1 15 (26 19)
5: (5 3) (25 30)
6: (29 21) 15 3 (24 9 8 20) (27 5) (13 18 25) (11 2 4 1 22) (30 14 23)
7: 29 16 (12 21)
8: 29 7 (11 12 4 25 13) (10 9) (17 15) (24 23 22) (27 19 8 14) 5 26 (6 28) 20 (3 18)
9: 10 (14 1 19 3) (4 8 24 21) (28 20 26) (27 13) (16 30) 6 (5 15 29) (25 11 22) 7
10: 9
11: 15 (11 19 10 7 6) 4 (23 16 29) 20 (5 27) (2 13) (9 8 26) 24 (22 30) 28 (3 18)
12: (9 21) (13 17) 6 (24 11 15)
13: (4 5) (10 7 19) (11 6) 13 (17 27) (14 29 28 30 21 26 9) (23 16) (3 1 15) 8 (18 20) 22 25 12
14: 10
15: 6 2 (29 19 24 30 9 4) (28 3 17 25 10 1 26)
16: 10 (14 5) 7 (19 4) 22
17: 23 (13 12) (11 27 22) (1 14) (21 26 2 30 7 3 10 15 28 9 19)
18: (30 3 26) 11 20 (14 7 28 1 10 21 24 12) 13 5 (8 17 23) 29 2 (9 6)
19: (19 20) 15 28 30 10 8 4 (13 5 26 24 22) 9
20: (20 24 16 13 8 28 4) (18 25 26 23 3) 1 12 (29 30 11 9 17) 10 7 14 (19 27 15) 22 (2 5) 21
21: (23 15 29) (21 26) (3 17) (18 7) 6 (13 10)
22: 14 (8 1 27 22 7) (18 25 15 4) (28 12 21 9 10) 20 (29 5 23 2 3) 30 26 16 11 6 17
23: (17 8) (28 25 18 5 7 29) (2 23 15) 22 (30 12 14)
24: (26 3 8 13) 24 (14 19 12) (4 18) 22
25: 12 (25 27 22 17) (5 11) (10 21) 23 (30 6 28 4 24 18) (14 1) (20 7) 16
26: (8 17) (3 23 10 11 18 13)
27: (16 30 19 7 23 10 12) (22 3 24 15) (29 9 25) (17 5) (2 6 11 26) (8 18) 28
28: (18 13) 14 (5 9) (30 27 22) (4 26 15 6 7) 21 (17 10) (12 1 19) 2 24 8
29: (20 27 26) 24 6 1 (15 13 30) (2 11 9 28 22 14 17 16) (23 18) (7 21) 4 (25 8)
30: (24 26) 10 (19 12 20) 6 (15 25) 16 9
1: (17 4) 29 28 (3 15 22 25 9) 13 (20 6 18)
2: (18 29 20) (27 4) (3 23 22 17) (6 15) (11 28)
3: 22 17 (24 9) 11 20 5 3 26 (18 8) (15 13) (21 6 27)
4: (28 20) 8 (24 15) (3 13 11) 19 22 (25 6 29 9) 16
5: (13 9 28 23) 27 16 18 3 20 (5 19) 8 25 (22 6 11 2)
6: (9 15 22 30) (11 29) (12 25 8 18 21) (2 28) 3 13 27
7: (9 16) 17 8 21 29 20 4 (3 23 27) (22 13) (28 25 18 11)
8: 29 (9 28 3 11) (22 26 27) 20 19 18 24 8 (6 23) 13
9: (30 29 15 1) (19 18 28 17 20) (27 10 12 11) (3 22 6 8 13)
10: 17 (11 3 18 14 30) (1 19 13) (20 25 22) (9 21) (27 28) (26 8 16) 15
11: (12 6) (20 22) (8 11 17 27) 25 (13 29 26) (9 18)
12: 3 2 (8 30 7) (27 18 22 24) 17 (23 20) (28 25) 13
13: 24 29 9 (12 2 11) (28 13) (21 17 20 8 19 18) 6 26
14: 28 8 13 29 (24 20) (16 18 6 23) 22 (17 25 9)
15: 22 17 (30 9 20 27 11) 13 19 23 (12 8) 29 (28 3 6 21 4)
16: 27 29 (13 30 25 9) 11 3 7 (22 20)
17: 13 (29 8 3) (26 27 22 15) (18 25) 20 (23 12) 21 28
18: 6 (24 26 27 22) 11 (21 3) 8 20 13 28 29 25 (1 23)
19: (8 16) (17 30 28 11 3) (24 15 13) 9 19 4 2 (27 20)
20: (8 25) (9 4) 19 18 (11 22) (3 30 6) 13 (20 2 29)
21: 21 13 (28 3 22 9 18 12 4) 7 (17 20 29) 25 6
22: (17 19 29 20 28) 11 (8 13 22 9 2) 24 (16 6) (27 3 23 25)
23: (21 29 6) (26 3 25 18) 17 22 (1 27 20 23) (13 8 11)
24: 8 24 (9 27 25 20 28 29 30 15 18 3 6 11 12 19)
25: 29 (22 27 30 5 13 15) (25 9) (8 20) (6 23 3)
26: (24 18 29) (27 20 22) (4 3 28 19) (17 11 21) 8 (15 9 30 13)
27: (20 8 17 6 9 28 25) (13 29 22 11)
28: 22 (25 8) (17 11) (20 4 18 29) (13 27 19) (9 3) (15 23)
29: 22 (8 13 3 21 23) (18 15 9) (27 11 20) (6 7)
30: (28 9) (18 20) (23 22 29) (19 3) 2 (27 25) (17 11) (13 6 15 5)
