30 30
1: (14 21) (13 4 11 19 28) 18 (16 8 5 20) 10 26 (6 23 3) (7 29) 9 (17 30) (1 22) (15 25 12 2) 27
2: 16
3: 20 23 (19 2 18) (24 8) (7 12 27)
4: (20 22) (1 8 16) 30 25 28 (17 18 9 24 4) 3 12 (2 13) 21 (6 29) 7 (5 14 15 11 19 26 10)
5: 10
6: (8 9 27 25 23 4) 1 (6 16) 26
7: (27 28 23)
8: (5 25 19 24)
9: (25 16) (26 3 13 10) (2 7 20 5) (9 21 1 23)
10: 30 19 17
11: 28 24 (14 19) 22
12: (17 4 16) 5
13: (4 17 23 1) 11 (16 26) 25 (21 8 14) (30 22 18) (3 13) (7 10 28 9 29) 24
14: (19 8) 3 (20 15 11 26 12 25) (6 30) 24
15: (14 23) 8 (9 4) 3 13 (26 10) (17 19) (21 27 5) (18 20)
16: (30 5 4 15) (29 1 12) 18 (8 25 3 9) 26 20
17: 26 13 (5 14) (24 6 15) (1 30) 19 16 25 21
18: 7 24 (20 29 27) (14 16) (4 25) (6 21) 8 (12 28) (30 22) 26 15 10 (17 9) 5
19: 20 26 (23 30) (8 21 25 11 7 17 27 14 1) (16 10) 28 (6 2) 29
20: (25 27 24) 23 18 (7 26) (20 30) 9 (5 21 17) (19 10) (3 6) 12
21: (29 3 6 15) (23 17) 1 (13 30 9) (7 16) 12 (28 11 22) (21 4) (19 20) 25 (24 8 26 18 2)
22: (19 23) 14 (12 2) 13 6 (20 21)
23: (23 17) (11 22 24) (27 29) (1 26 13 9 28) (5 20 30)
24: (7 9) (10 21 4 3) (25 19 13 5 22) (18 6) 15 (1 28 8) 29 27 16 (24 12) (30 14) 2 17
25: (18 14) 11
26: (2 21 14 24 18) 11 1 (30 26 3 25 27) (9 10 6) (4 22 13) (20 29) 23
27: (23 14) 19 (5 2 4 20 17) (25 16) 24 7 22 (1 9 29) 12 (13 28 18 26)
28: (12 6) 13 3 24
29: 4 28
30: (20 28 3 7) 25
1: (1 4 21) 26 (13 24 17 27 9) (23 6 19) 16
2: (4 24 3 26 27 9) 1 21 (19 22)
3: (21 26) (4 28 13 20 24) (14 16 15) (9 1 30)
4: (6 27) (21 13 16) (24 1 12) 4 (18 26) (15 29)
5: 27 (8 17 12 20 18 15) (16 23) (4 9 24) 1
6: (24 6) (17 4 19 21 18) (26 14 28 22 20 1)
7: 9 (1 20) (30 18 13) (19 24 4 27 3 21)
8: (21 3 19 15 6) 4 13 14 (1 18 16 24)
9: (6 15) (9 13 24 23 4) (27 21) (20 26 16) (18 1)
10: (20 18) (13 5 4 9) (1 26 24 15 19)
11: (26 1 4 21 25) (19 14 13 23)
12: 4 (3 24) (21 1) (18 27) 16 (14 28) 20 22
13: (27 4 1 17 21 13 9) (15 26 23) (22 28) 24
14: (18 13 19 26 24) (17 11 25 27 22 15 1 4)
15: 14 17 18 (16 24 4 21 1)
16: 1 12 (4 18) 13 (21 9 19 17) (27 24) 6 2
17: 21 19 (12 4 23) (20 10 27 13) (18 24 1 15)
18: (16 25 26 24) (1 3) 27 (20 21 4 13) 15
19: (8 3 17 27) (10 22 24 20 1 21 11) 4 (15 14)
20: (30 16) (19 22 23 18 1) 9 (3 26) (4 20) 14 (15 21 27)
21: 18 (1 4 20) (17 22) (21 13) 19 (15 26 9) 24
22: (1 18 11 21 27 23) 4 (26 13) 24
23: 23 (6 3 20 13 1 22 19) 26 (21 9 15 27 7)
24: (26 14) (13 28) (20 4 17) (21 24 23 8 3) 27 11 18
25: (17 26 20 4) (8 19) 9 (1 30 21) (16 27 13) (14 18 6 24)
26: (9 13 4) 21 (1 18 16) (17 6 15) (20 23) 26 (14 19) 27
27: (26 18 7 6 24) (15 3 1) (20 19 23)
28: 23 (7 11 13 4 19 29) 30 1 27 (24 18 21)
29: (1 23 4 19 16 21 24 27) 13 18 26
30: (26 19 21) 17 (14 10 23 4) (24 20) 13 18 (1 16)
