30 30
1: 14 5 1 (27 19 26 9) (29 11)
2: (19 6 1) (16 17 29 11) 3
3: (26 6) (27 21) (7 4 9 2 24 13 10) (16 29 23 22) (1 5) 25 (14 17) (18 8 12) (20 15) 11
4: (19 29) (30 22 12) (7 28)
5: (9 16 1 23 14) (24 27) 30 (7 29) 17
6: 13 (23 29 16 10 24 20 5) (17 8 27) 7 (26 12) 2 18 28
7: 10 (22 16 17 8) (21 28 25 27 18) 7
8: (12 3 27) (11 19)
9: (12 28) (29 13) (30 3) 26 (8 14 10) (19 20 7 18 27 2) 5 1 (17 4 6) 16
10: (22 7) (14 19 27 2 18) 15
11: (23 14 29 27 13 6) 2 (4 12) 17 15 21 (11 8) 22 (25 3 24 19 9) (28 26) 18 (7 5) 10
12: (26 30 11 29) 5 23 (21 2 1 24 28 10 16 17 13) (19 4) 12 (8 7) 18 14 (22 25)
13: (16 12 24) (2 29) 18 5 (15 22 9) 26
14: (4 3) (18 24) (8 23 28) 13 9 (20 6 1 5) (27 10) 7 29 17 21 (25 30) (14 15)
15: (7 9 1 11) (6 14) 28 18 (30 2 3) (27 23) (16 4) 29 (21 13) 15 8 (20 24 26 12) 10 (5 19 22)
16: (16 22) 11 18 (12 13) (27 1 17 9 30 29 28) (2 19 10) 25 23 (3 5)
17: (6 7 29) (24 15 4 19 30) (1 25) (16 12) 8 22
18: 14 (15 5) 30
19: (11 22 2) 25 6 (30 20 4) (3 19 10) (23 18) 1 13 8 (15 16 28 24 17 12 21)
20: 7 27 (12 2 8 1 22) 24 (9 10) (19 11 18 16) (20 17 28) (25 30 14) 21
21: (19 16 13) (12 28 20) (4 7) (15 18 2) (17 11 1 23) 21
22: (19 5 15 25 8 13) 12 (24 18 27 23 2 11 7 10) (21 26 3 4) (16 28) (9 14) 30 (29 17)
23: (22 15)
24: (23 14 27) 25 (2 16 7) 29 13 17 12 5 (10 26 11 8 6 21) 22 (20 1) (28 4 18 3 15) 19 (24 9)
25: 15 (8 20 30 18 12 10)
26: (19 13 27 9) 21 5 23
27: (27 10 14)
28: (16 30) 29 (4 17) 27 (11 3 21 20 7) 1 6 18 25 8 13 (10 14) 12 24 (22 2 5) (28 23 15 9 26)
29: (6 27 15 16) 18 25 13 (23 20) 7 26 (14 9 4 10)
30: 1
1: 15 (12 28 16) (3 17 1 24 19) (2 9) (30 5 21 20 14)
2: (15 20) (6 24) (12 11 9 3 19) (13 21) (22 16 28) 10
3: (9 11) 28 14 19 (16 2 15 8 24 22)
4: 3 (19 9 21 12 29) (22 11) 17 14 (24 28 15)
5: (1 13) (18 3 22) (24 16 9 6 26 12) (11 15 14 28)
6: (19 11) 29 15 2 (14 3 17 24 28 9)
7: 3 22 14 (29 5) (17 10) (20 12) (21 6 7 11 28 15 9) (4 24)
8: 3 20 (19 17 22) 9 (25 7 24) 6 14 (15 28) (11 12)
9: (1 13 14 3 15 16) (26 11) 29 (20 24) (28 22 5)
10: (3 7 15 6) (27 24 28 9) (11 19 20 25 22 16) (29 14) 12
11: 11 (3 16 1) (20 8) 22 24 (15 19) (12 21 28 2)
12: (16 19) 20 28 25 (9 15 22) 6 12 8 24 (13 3 21) (11 17 4)
13: 9 (22 6) 19 3 16 (14 15 28 29 24) 11 (21 26) 12
14: (28 1 20 11) 18 (3 12 24 5 15 9 22 14 27 10) 29
15: (23 21 10) 19 24 (14 17) 3 11 15 25 (22 13 18 29 28)
16: (9 28) (6 15) (13 7 21 16 12) (19 24) 5 17 3 20 (29 22 2)
17: 6 (7 5 12) 19 (2 24 16 28) 14 21 20 9 (22 3 11)
18: (25 19 20 13 7) (21 15 6 9 24 14 3 28 16 22) (12 11 10 29)
19: 15 (9 24) (12 8) (2 11 19 17 4 1 20) (22 26) 10 16 21
20: 15 20 25 (3 28 9 6 21 24 29) (14 19)
21: (15 21) 3 (26 19 14 20) (22 7 11) 12 28 24
22: (11 20) (23 13) (4 16 10 7) 19 (28 3 17 12 24) 15
23: (19 28) 16 29 (22 26) (14 6 15) (5 11 12 24 21 3)
24: 11 (5 20) (24 3 12 14 15 22 19 28 6) 13 17
25: (3 14) 12 19 (22 24 7) (29 20 17) (28 16) 11
26: (29 3) (22 15 11) (1 12) 24 28 (6 13) 9
27: (22 14 29) (15 16 5) 20 (1 9 11 26) (28 8 24) 10 (3 7) 6 27
28: 4 24 (14 16) (20 11) (6 12 28 22) (9 19 21) (15 7)
29: (5 17) (12 4 1 15 28 24 16 11 2) 22 (6 9) (13 14 3)
30: (25 4 16) (9 20) (22 12 19 14) 18 (15 5) (28 17)
