30 30
1: (1 6 26) (3 27) 18 24 23 (5 7 9 14 12 2) (17 11 21) 28 10 30
2: 6 (3 26 10 14) (30 4 15) (20 8) (9 17 27 11 18) 21 19 (25 13 24) 1 7 (22 2 23 12 16)
3: (16 29) 5 3
4: 24 (1 26) (20 15 28) (4 7) (14 21)
5: (30 12) (24 16) (6 7 1 20 14 4) (15 18 13 23 28 2) 17 (21 11 27 3 19) 26 (8 5 25 9 10)
6: (15 12 5 7 16) (2 25 9 14 18) (20 19 26) (24 13) (29 17)
7: 25 22 (30 24) (23 27 12 19) (29 14) (28 11 2 6 7)
8: 21 (15 3 5)
9: (3 12) 18 (29 24) (23 15) 8 (28 20 9) (27 7) 19 (25 4) (16 1) (26 13) 5 14 11 (2 10)
10: 5 (19 27 13 25 8) (10 22 28 9 26 21) (3 17 6 30 1) 12 (16 23)
11: (15 9 8) (24 26) 4 (21 7 29 3) 6 (16 17) 25 27 (10 20 18) (23 1 19 28) 5
12: (13 16)
13: 6 20 (7 16) (24 10) 11 26 (2 5) (27 19 1 18) 21 13 4 23
14: (23 12) (11 2) 8 (24 9 25 26) (28 18) (22 20 21) (1 19) 27 (7 14) (5 13 10 29 30 16 4)
15: (1 19) 24 15
16: (8 2) (21 18 29) (14 19) 10 (17 28)
17: (11 15 3 29) (6 8) (24 14) 7 23 (2 13) (25 16 27 12 1) (26 17) 28 9
18: (27 3 5 21 28 16 11) (26 4 8) 10 (9 17 22) 13
19: 7 14 9 (21 24 20 8) 4 (13 29) (6 28) 17 (22 16) (12 10) (2 25 26)
20: (26 4) (21 27 3) (13 15 28 7)
21: (6 16) (9 25) (13 11 19) (1 26 17) (5 4) (10 29 8)
22: (1 14 21 8 17) (4 23 30) (13 3 9) 22
23: (23 15 14 26) 10
24: (18 27) 15 (26 12) 9 22 21 16 24 7 8 29 (20 5 30) (4 2 10 19) (6 28 23 11) (1 3 17 13) (14 25)
25: 20 (10 9 15 30 26 21) (11 4 19 5 16 22 2) (13 17) 3 (6 7) 8
26: 18 4 (14 7 23 1 28)
27: (11 1 3 9 4 21 16) (29 6 2 28 7) 10 23 14 12 (5 18 30 20) (22 13 24 15 19)
28: (27 24 4 17 16 9) 12 26 3 1
29: 26 (24 6) (21 9 19 5 23) 14
30: 12 (9 6) (23 27) (2 14 29)
1: (24 1 2) 10 (14 21) 22 (5 17 11 13 15 9 26) (4 28 27)
2: (16 9 27) (13 19 1 7 5) (17 30 25 24) 14 6 2
3: (5 25) (27 24) 20 18 (2 1) 28 9 3 17 (10 8 11) 22
4: 24 4 (20 26) 9 25 (2 13) (22 18 14) 11 5 28 21 19 27
5: 13 25 (5 27) 1 18 9 21 14 10 3 (8 6 24 11) 29
6: 7 10 (21 2) (13 30) (25 17) (5 24 27 1 11 29) 19
7: 2 (26 19 25 13 1) 17 (9 5 6) (7 4 24) (20 14 11 27)
8: 16 (11 5) (25 22 2) (21 24 9) (14 18 19) (10 17)
9: (5 22 29 27) (18 30) (17 28 1 9) (24 14 21 6) (10 2) (25 11 19)
10: (13 5 11 1 10) 18 (9 27 2 25) 19 24 (23 16) (14 21)
11: 21 24 18 (25 9) (1 14) (13 27 5 7 2 17)
12: 5 (28 17 19 10 7 14 27 1) 30 9 (24 2 6)
13: (2 5 27 18) 22 (14 24) 25 6 (19 12 20 17 21) 13 9 10
14: (22 17 30 14) (19 5 4 1 16 23 24 2) 26 (9 7 29 6) 27
15: 17 (5 8 9) 2 (6 11) (15 24) (25 27 23 20 4)
16: (28 13 27) (21 6 25 10 5) (12 14 18) 9 (19 11 24) (2 17) 3
17: (24 11) (22 1 21) 5 10 6 (17 28 18 2 19 16 25)
18: (26 6 11) 27 2 (14 1 24 5 13) (16 9)
19: (5 7 13 24 16) (21 11) 10 14 29 27 (2 25 9) 6 15
20: 13 4 (9 5 6) (11 19) (25 14) (27 24 2)
21: (19 11 18 27 29) 25 (4 2 10) 13 (22 14 24 5 8 16 1 20)
22: (18 7 22 25 27) (10 2) 14 24 19
23: (13 27 22 23) (5 14 1 2) (26 17 29) (9 7) 30 24 (10 11)
24: 13 28 (6 5 1 24 29 4 27 17) (2 15) (9 14) (11 19) 7
25: (10 17) (19 9 5) (7 11) 14 (2 24 21 6)
26: (20 1 19) 9 11 (28 25 18 24 4) 29 17 (13 14 2) (5 10) 21 6 23
27: (11 1) (5 9 13 2) (28 7) 17 24 (30 14 18 10) 20
28: 24 (11 26 19 27 18 1 9 7) (20 14 17) (16 10 4) 5
29: 30 (27 3 6 24 21 17) (7 16) (9 11) (14 19)
30: 10 (5 27 22) (14 25 24 2 7) 1
