30 30
1: (30 26 5 2 27) (16 11 17 4) 8 (10 1) (29 3) 19 (22 18 20)
2: 16 12 (26 19 15) (7 29) (14 4 13) 2 (20 3) (18 28 8 24 21) 30 27 (11 22) 10 9 (17 1 6)
3: 24 14 18 23 12 13 (20 16 11) 27 (2 30 1 7) (28 19) (15 25) 4 8 (3 26 9) 17
4: 25 (4 10) (30 18 11 6 29 13 20) (3 17)
5: (27 22 3 30 15 17 20 11 8) 5 (16 6) (19 7 18 13 4 10 9 28 26)
6: (14 11) (12 18 1 22 6) (10 16 5 15 3) (2 21) (20 26) (8 4 17 29) (30 28) 19 (27 23)
7: 25 (28 12) 30 (13 22) (17 6 8 19) 26 (7 9) 27 (29 24) 1 (2 10) 5
8: (21 27 10 15 18) (19 13)
9: 10 (9 20 18 26) 15 14 25 12 (3 24 21) (7 29 30 16 28) 23
10: 30 27 26 (5 10) (25 19 2) (23 4 3) 29 16 (20 11 15 8 24 9) (21 12) (13 1 6 14 17)
11: (26 6 30 13 4 9) (7 23) 3 (22 28) (15 24 21 20) (5 17 8) (18 11) (25 29 1) 10 14
12: 30 17 1 (13 3) (14 25 26)
13: 26 (13 8 17) (22 4 19 15) (28 23 1 24) 20 9
14: (3 25) (19 18) (13 2 10 23 8 27) 24 29 (12 21) 14 26
15: 4 (21 9) 22 (8 27) 7 6 (11 24 2 17 28 12 15 26 1 5 10) (30 19 25) 18 3
16: 14 (16 8 23 11) (17 28) (21 7) (9 18 20 27) 24 (29 4 1) (15 30) 22 (25 13) 10 (2 3) (5 6)
17: (27 26) (2 25 30 18 19 20 8 15 29 24 23 5) (9 10 7) 6 (21 3) 12 1
18: (8 10 29 18 11) (1 2 24 7 5 27 16) 9 25 (13 3 15 23 20) 19 (21 14 30) 17 (28 6 12) (22 4)
19: 12 (24 17 22 27 3) 5 (25 23) 30 (7 14) (10 8 19) 9 26 (20 1) (28 16 21 13 4)
20: 15 (30 10 17) 22 6 (24 7) 14 5 25
21: 28 (25 16 22 21 3 9) (2 26) (6 4) 17 (13 15 29) 12 (23 18 10 5 24 27 8 11)
22: (11 8) (25 17) 12 (23 27 5 15 9 7 10 18 14) 29 (1 16) (21 3) (20 6 2)
23: (2 16 17 26 13 10 1) 9
24: (19 30 23 3 12 26) (5 18 29) 11 2
25: (4 18) 8 (14 6 2) 12 20 10 24 (19 29 27 17 5)
26: 16 22 28 (4 3 9 6) (23 17 1) 12 5 (26 27) (15 21 10 19) 20 (7 18) (25 2) 14 13
27: (3 18 24 28 10 5) 30 22 (17 23) 2
28: (18 29) (12 2 8) 21 6 (26 1 28 4)
29: (10 16 7 1) 20 (26 23 24 5) 25 3 22 18 (21 14 15) 2 13 8 (4 28) 19
30: 7 18 6 10 (25 12 15 30) 17 (26 9 2) (8 4) 23 22 (5 24)
1: (23 19 22) (6 29) (15 11) 18 (10 28 17) 13 1 (16 26 2) 3 (12 7)
2: 27 (17 25) (24 23) (30 28) (29 10) 26 (21 15) 1 (3 6 7 2 16 14) 22 18
3: (5 9 27 1 16 21 15) (6 18 29) (11 19 26) 10 (14 12 2 3 17 24) (4 22)
4: 28 25 4 (16 21) 2 (13 26 29 6) (30 10 18) 1 (3 5) (11 19) 15
5: (29 27) (5 20) 26 (24 18) (11 21 7 25 16 22 17 30 1 19 6 10 15)
6: (5 7 26 20) (16 28) 2 30 (10 18) 21 (17 22 25) 15 (11 6 4)
7: (9 7 22) (3 19) (15 11) 18 (16 20) 17 30 (2 26) 29 5
8: (1 5 3) (21 28 25) (30 15) (2 14) (29 10 22 19 7) (16 17 11 13 18 6)
9: (16 26) 11 (9 30) 18 (15 19) (23 7) (2 10) (3 17 22 5) 21 13
10: (9 21 1 22) 19 (11 27 16 30 17) 26 6 14 (15 23) (29 2 4 10 5 25 20 8) (7 18)
11: (11 21 22) (24 1 6 4) 16 (5 18 2 15) 10 3
12: (6 22 14 15 26 28 18) 30 21 7 (3 19 24) 25 (2 9) (17 10)
13: 16 4 (11 14 13 19 18 29 8 10) 2 (21 7) (3 26) (23 5 12)
14: 18 (12 25 14 9) 2 16 (19 22 11) (6 20) (29 3 10) 26
15: (26 15 9 21 20 6 22 10 2 8) (13 30) 3 18 (29 17 5) 16 11
16: 3 (21 5) (9 18 23) (29 6 2 10) 26 (1 19 22) 16
17: (12 30) 13 (25 10 20 27 22) (15 16 5 1 7 19) 3 (23 26 18 11 21) (6 4) 2
18: 11 (29 8) 22 (27 17 4) 15 (26 2) 14 21 5 30 9 1 28 18 (24 3 25 6 16)
19: (1 5 18 14 8 6 25 17 29) (7 26 13 19) (10 24) (15 2 3)
20: (10 9) (3 25 16 26 5 13 11 2 29 4) (18 6 17) (19 1) 22
21: 11 (29 8 6 19 22) (17 16) (14 21 2 15 28 9) 18 (26 10)
22: (1 29 20 16) (6 18) 7 (2 27) (19 13 26 30 21) 15 (5 11)
23: (27 30) 3 (9 22 29 17) 21 (19 24 11) (16 14) 13 (18 10 6 26)
24: (30 9) (29 7 25) (14 21 10 27 15 20) (16 11) 17 (3 19) (18 2) 13
25: (3 29 22 17 11) (19 7) (18 12 4 20 30 10 26 14) 15 16 (21 9)
26: 1 28 (17 23) (15 2 26) (14 7 6 5) 24 (30 19) 10 (13 12 11 3 21 9) 29
27: 26 (7 8 21) (19 6 5 14 16 10) 22 15 (1 17) (2 25) 18 3
28: (2 26 18 11 5 28) 21 (7 27) (16 9 15) (6 29 13) (3 19)
29: (16 4) (25 9 7 1 2) (24 17) (11 28) 21 (10 6 18) (14 22)
30: (3 20 17) 6 4 10 2 9 (12 27 24) (30 11) (5 16) (19 15 18 1 7)
