30 30
1: (29 12 15) 26 (23 10) (13 9 1 19 17 21) 5 16 18 2 (20 24) 4
2: (22 4) (18 15 8 5 9) (16 30 24) (28 10 27 12 13)
3: 1
4: 26 (22 19) (21 11 28) (17 5) 8 (20 6 1) 13 24 14 4 (16 15) (2 9) (23 30) 7 27 (29 25)
5: 22 (7 17) 26
6: (4 27) 6 (19 25) 7 30 (9 8 18)
7: (24 10) (29 28) (8 22 25 17 30 27 14 18 5) (7 4) (3 20 15 9 13) (23 6 26 1)
8: (21 6 24 23) 17 11 10 (9 22 12 19 13 1 30) 16
9: (14 25 12 27 24 5) (16 2 6 13 7 1) (29 26)
10: (18 7 30) 15
11: 17 (26 18 29) 11 (24 2 10) 30 8 13 (1 22 25 7 6)
12: (6 7 24) (10 27 22 4 19 16 2 28 29) 26 12 23 (11 21) 9 20
13: 12 (5 11 21 20 19 28 24 9) 3 6 17
14: (17 3 23 5 22) 6 24 (8 1 30) 9 4 (7 13 16) (21 26 19) (29 12)
15: (25 11 9) 16 30 24
16: (3 21) (9 17 5) (25 19 1 10 4 7 26 13)
17: 26 (16 25 12 1) (7 20 13 18 24) (5 21 10) (22 4 30 23 29) (8 17 9 27) (14 6 19 15)
18: (5 17 29 23 12)
19: 28 (5 27) 19 (15 20 1 12 25 17) (9 2) 18 23 24 4 (3 14) 26 21 (11 7 10 30)
20: (13 7 2) 17
21: (27 20 23 16 14) (12 7) 5 (10 18) 22 (26 8 4) 15 (11 13) 2
22: (8 16) 9 (30 18 6 19 23) 25 (4 27) (20 28) (11 29 12 10 22 21 14 3 24) (13 7 15 5 17 1) (26 2)
23: (14 1) (19 18) 24 (25 16 28) (8 4 20 10 26 7 13) (21 6) 15 (5 22 3) (12 30) (2 11) 29
24: 2 25 (12 27) (1 8) (11 28) (16 5) (7 30 19) 15 (10 23 13) (26 22 18 4)
25: (7 21 28)
26: 23 (24 29 10) (19 28) 1 (22 18)
27: (12 23) (13 17) (2 5 24 30) 21
28: (23 29) (9 13) 8 (4 7 1 18) 27 12 (20 28 10)
29: 17 (21 10 28 19) (25 6) (11 2 16 30) 3
30: (11 19 21 2 8) (24 29 17) (13 27) (10 4 7 12) 28 16 (14 5) 25 (15 30) 22 (23 1 3 18 9) (20 6)
1: (9 28 30) (16 17 1 3) 19 14 (23 22 24) 7 26 8 (4 11)
2: (23 12) 27 (1 9 29 24) (30 20 11 22 21) (19 4)
3: 7 16 (29 14 13) (23 22 30 19)
4: 1 (16 23 12 28) 21 2 (24 4 7 30 22 14 19 6 17)
5: (24 30 16) 21 (2 19) (4 13 17) (14 7 22 18 1) 27 9 23
6: (22 30 6 12) (23 9) (13 4 7) 17 (8 11) (14 29)
7: (22 14 23 11) (17 21) (4 30) 7 (6 20 24 28 5) 10 19 (16 12 9) 25
8: (11 4) 21 28 17 (22 14) 7 2 (6 24 30) 23
9: (16 7) (15 30) 12 28 1 (2 8) 17 (14 6) 4 (19 22) 13
10: (26 23 30 7 21 17 22) (12 11 16) (29 1) (28 8 19) 24 2
11: (24 11 4 8 22) 29 (23 21 15) (12 19) 13 30
12: 1 27 (22 13 18 17) (21 2 30 8) (23 14 28 9) (12 19 24)
13: (30 22) (27 14 9 4 7 24 2 1) (23 28) (11 20 8 17 21) 16
14: 19 4 (22 7) 30 (9 21) 23 17
15: (23 30 10 1 21 24) 2 22 17 (19 7 4)
16: (22 8) (14 30 17) (21 1 23 24) 2 (4 9 15) (12 29)
17: (30 27) (19 7 11 5) (4 20) 8 (13 29) (22 1 17 16 14) 18
18: 28 (6 2) (21 7) 11 (10 22 24 1) (17 23) (19 30) 26
19: (13 8) (16 17 19) (14 6 22 30) (29 12) (1 4 24 26) 23
20: (1 22) (28 23 19 21) (30 7 17 12 4) 13
21: 12 (25 8 22 14 13 23) 19 (17 1) 30 29 (16 27 4)
22: 4 26 (14 8 5 23) 24 (17 11) 21 22 2 (7 12 30)
23: (21 1 30 12 27 19 24 7 28) (8 4) 18 14 (26 22) 17
24: 19 11 (9 22 30 23) 12 8 7 (15 4 13 2 14) (27 17) (26 1)
25: (6 23) (16 19 7) (11 9) (17 22 30) (29 24 15 4)
26: (1 7 23) 14 16 21 (11 19) 24 (22 17) 5 (9 12 4)
27: (2 28) 22 (30 17) 6 (24 7) 19 (4 21 12) 9
28: 7 (26 24) (29 22 23 13) (4 28 30 25 19 12 2)
29: 30 (14 17 12) (9 11 23) (26 1 28) 7 (22 18 4)
30: (8 7 24 6 29) (11 27 19 4 2) (14 30) (10 23 22 17) 15
