30 30
1: (12 29 19) (21 13 2) (5 9) (15 26 10) (6 25 3 28 20 30 24) 1
2: (14 5) 8 22 2 (6 26) 7 25
3: (15 4 7 8 2 9 20 24 27) 12 (10 14) 26 (6 23) (5 18) (19 22) 29 (21 25) (17 28 11)
4: 26 8 16 15 12 19 4
5: 1 20 28 8 (7 9 10) (15 17 12 21 26 30 6 29 3) 14
6: 8 (2 30 19) (6 16 14 7) 11 (3 1) 22
7: (6 8 30 16 29 28) 27 (10 5) (23 26 13) (19 2 14 21 12 1 22) 20 3 (25 24) 11 18 (15 7 4 17)
8: (28 12 15 27) 16 18
9: (30 7) 11 (15 24 18 3 6)
10: (10 24) 4 22 7 19 1 28 (17 6) 8 (16 3 12)
11: 19 4 (28 6) (27 14 21) (17 2 24 18 7 16 8 29) (11 26 22) 12 30
12: (28 18 23 10) (20 29 1 12)
13: 16 (23 15 13) (26 22 10 2) (1 29 7 9 5 6) (8 28) 19
14: (28 6) (16 18 25) (22 19) 11
15: (19 10) (9 14 15 22) 6 (30 21) (7 2 16) 24 (20 11 5 13 1 23 8 25) 12 (27 18 28 29 3 17) 26 4
16: (13 16 5 25 4)
17: (5 11 17) 27 (3 23) 22
18: 15 (23 12 18) 1 (22 21)
19: (24 15 30) 13 (19 18 10) (14 12) (20 11 23 21 16) (8 26 2 25 4) (22 3 27)
20: (15 12) 21 (29 28) (6 26) 27 (30 17) (1 11)
21: (16 17) (27 5)
22: (24 20 30) (17 10) (11 12) 18
23: 12 10 6 2 (30 3 21 20 25) (17 22 19) (29 24) 4 (16 11) (28 8 18) 5 (15 14) 26 (1 23)
24: 13
25: (23 20)
26: 10 (6 12 30 3 5 13 28 18) (17 26)
27: 6 9 (11 4 23) (7 29) 27 25 (19 13) 10 (16 20 1) (17 28 8 2 21) 22 15 30
28: (5 15 30) 1
29: (11 15 22) 26 (20 18 28) (5 23) (7 16 6 12) (30 25) 13 (24 21 4) (27 17) (14 8)
30: (16 21) (24 1) 17 23 (5 14 29) 22 (13 26 11) 20 (8 18) 12 28 (3 15 6 4 19) (2 9) (25 10)
1: (30 13) (23 6) 18 12 27 28 (10 1 15) (5 7) 20
2: 27 (3 7 23 30) 6 (13 11 1 19) (15 2)
3: (9 1) 7 (30 19) (6 23) (10 15 17 5 26)
4: 29 (4 16 11 15 7 27) 3 23 30 10 19
5: (29 17) 23 28 (3 7 15 30) (1 21) 13 (26 16 2)
6: (10 30) (7 20 2 5 13 1 11 3 14 9 23) (27 6 29 26) 15
7: (6 15 10 3) (2 29 5 27) (7 11) 9 13
8: (23 15) (3 11) 10 (29 2 6 30 7 13) (4 19 27 5)
9: (3 30) (1 15) (5 27 13)
10: (10 26) 27 (1 7 5) 22 (23 15 30 13) 3 (19 12)
11: (19 23 14) 17 11 (22 27 29) (7 9 15 20 3 30 6)
12: (19 8 3 18 1 22 4 20) 10 (7 26 15) 5 (23 30 29 12 11)
13: 29 30 (16 15 13 7) (27 24 1 19) 26
14: (2 5 11 29 30) 6 3 (23 15) (7 19)
15: (18 19 7) (23 1 30 20) 9 (28 4) (27 8 13) (5 3 29 15)
16: (27 23 19) 11 (16 14 6) (13 21 10) 8 15 (4 29) (30 7)
17: (29 11 23 7 27 26) 3 22 (17 15) (21 10 5) (20 30)
18: (18 14 12 26 7 29) (15 11 3) 23 30 (22 9 19 8)
19: (30 11 1 7 10 13) 4 (27 6 15 23 3 14 19)
20: 22 (12 25) 30 (23 19 29 15) 3 1 (27 5 7)
21: 11 3 (1 30 23 29 19 15 5 7 20 18 27)
22: (10 27 15) 6 7 (29 17 23 18 3) (30 14) 13 (19 11) 2
23: 7 17 (27 18) 19 (29 3) 13 23 (30 25 12 15)
24: (29 22 30 10) (23 11) (9 7 1 3 15) 19
25: (19 14 1) (3 16 7) (23 29) 27 (30 2 15)
26: 5 2 (23 15 3 20 29 13 1 7 26 11) (19 30 4)
27: 17 29 (8 20 3 27) (21 19) 11 15 7
28: 7 (8 29 12 20 3) (13 27 23 10 14 1 30) (26 11 15 5)
29: 13 15 12 (3 7 5 20) (30 11 1) (27 23)
30: 6 (20 7 26) 23 (11 28) 1 (19 15 27 22 5 29 9)
