30 30
1: (7 19)
2: 18
3: (30 13) 28 (4 25) (10 9 6 17 7 22 1) (8 26 24 29 19 12) 11 (18 5) 16 27 21
4: 14 19 (15 18)
5: (29 5) (9 12 2 14 15 22 25) (19 30) (8 16 10 20)
6: (12 17 10 9 23 18) (30 29) 24 (16 6 1 27 5 15)
7: (30 16) 26
8: 14 29 (21 4 24) 30 27 3 18
9: (21 9) (4 16) 5 (22 20) 18 (19 13 24 14 26 10 12 17 15 23) 3
10: (21 13) 27 (28 25) (7 26) (29 24) 17 (14 11) 19 22 (9 3 16) 8 1 30 23 (20 5)
11: (29 17) (18 1) (15 4 24) (8 19 28 25) 9 23 22 (30 10) 5 21
12: 6 30 11 8 28 (2 15) (25 17) (7 16) 19 (20 26 22)
13: (18 9) 8 15 (3 10 2 4 1 25 26) (29 17 23 7 16) 27 30 (19 13 21) 6
14: (25 23 6 30) (14 2 8 26) 13 (12 24 21) (20 16 28 7 11) (27 3) 22 18 (9 4 10) 15 (19 1)
15: 16 (19 10 30) (17 3 26) 11 (12 24) 28 6
16: (24 5 11 2 25 10 26) 30 23 20
17: (14 15 3) 19 (26 2) 22 (16 25)
18: (28 20) 6 26
19: 29 (25 26) (1 18 16) 28 (3 21 6 22 7) 11 (27 4)
20: (17 24 8 1 14 28 26 19 25) (7 27 5) 2 (16 10 29)
21: (17 28) 12 (27 5 7) (19 23 13) (29 25) (1 6 18 9 30 16 15) (26 14 10) 11
22: (5 27) 25 (30 4 11) (18 15) 24 17 20
23: (9 28 25 22) (17 8 30 5 24 2)
24: (28 5 19 9)
25: (7 20) (25 24) 6 (19 17)
26: (17 10 13 25) 21 27 (29 11) 26 2 1 23 (3 22) (24 6 9)
27: (23 1) (17 9 6) 21 28 (10 29) (2 20)
28: (20 19) (10 2 25)
29: (25 10 8 15 28) (26 20 6) (23 12) 4 5
30: (5 22) 24 11 (28 18 27 15) (8 17 29 10 16) (26 25)
1: (6 19) (3 11) 14 (13 20) (10 26 21 27)
2: 23 5 (17 28 16) (20 12 27 26 14 13)
3: (14 19 17) (13 26 10) (9 15) 8
4: (19 14) 3 22 29 (8 11) 9 13
5: (3 5 20) 11 6 (30 22 29 9) (10 24 23) (16 21)
6: (6 12) 18 (27 3) 26 (25 21) 13 (15 14) (29 19)
7: 14 (1 13 10 12) 25 (20 19 21 3)
8: (11 23 13 29) (20 14 30 10 3) (5 12)
9: (11 21 10 5 6) 13 (27 26 24 3 23 14) 9
10: 15 3 26 (30 29 5 28 11) 13 (9 16 27 6 14 21) 20
11: 12 (15 14 16) 22 (19 30) (21 10 26) 3
12: (3 6 5) (9 14) (29 21 15)
13: (3 21 9) (13 10 14 26)
14: (5 8) (20 10) (9 4) (21 14) 17
15: (17 30 13 21 9 29) (4 12 14 6 5) 22 11
16: (3 12 14) (6 15) (21 10) (5 7) (30 9 20) (17 19) 13
17: (15 30 10) (11 12 26) 21 (27 22 6 25 3 9) (23 20 13)
18: 11 (3 22) (13 2) (6 9 8) 14 (19 4 30 21)
19: 5 (13 20 3 15) 1 9 25 (14 11) (17 4 24) 10 (28 21) 12
20: 16 25 27 (28 5 22 12 10 14 18 29 9)
21: 11 19 27 3 (13 26 9) 14 8 10
22: (30 14) (9 19) 12 5 3 (17 23 26) 10 11
23: (21 16 29 26 11 14 9) (13 27 10 6)
24: (20 6) 22 16 (26 30 3 11) (8 14 10 9 23 25 15)
25: 28 11 (19 23) (16 21) 30 (29 3) (14 10) (26 25 22 5 17) (13 20 12)
26: (10 15 12 29 9 13) 3 17 (30 21 20) (26 16 7 18 14) 19
27: 10 3 (21 30 20 22) 13 26 (14 19 6 8)
28: (19 12 27 11 10 18 15) 29 14 (30 23) (21 20 3 24)
29: (26 10) 6 (5 13 21 11) 8 (27 3 19) (20 30)
30: 22 (7 3 5 8 23) (14 10) 6 (21 12) (15 13) 11 16
