30 30
1: (6 29) (26 24 13 16 27 22 17) 28 (3 1 21 14) (23 30 5 11) (8 20) (12 19 15)
2: 16 (13 8 24 6) (7 28) (1 11 10) (9 29 20 30 15)
3: (11 16) (10 28 14) 22
4: (2 8 28) (9 19 5) 12 6 4 22
5: 21 (22 10) 30 16 (17 23) (2 29 14) 25 (8 11 19 26 5 4 24) 28 6 (3 7 9)
6: 4 (30 7) 17 9 19 21 (13 15 1) 23 (10 16 26 2 3) (24 18 28 29)
7: 10 6 (28 14) (20 17 29 11) 18 19
8: 12 20 7 (16 14 1) (5 3 25) (26 8 11 28 6) 18 (13 19 4 29) (30 9) 22 24 (15 23) (10 17)
9: 18 (27 12 28 23 1 26 29 3 25 5 13) 4
10: 11 6 18 (28 8 24) (7 22) 27 (29 9) 10 26 (30 23) (5 12) (1 13 3) 2 (19 4)
11: (7 23 22 25) 20 (8 24 14) 4 29 3 (13 9 17 5) (18 30)
12: (1 29 24) (12 10 18 6) (3 25 15 20 2 26 5 21) 11 (16 8 30) (4 7 17 23 22 28)
13: (19 27 15) 25 (1 8) (12 18 24 23 4) 29 6
14: (4 13) 18 (21 15) (22 2 5 17) 19 7 (16 24)
15: (4 6 25) (28 9) (23 3 1 15 14 16 29 10) (13 5 20) 7 12 (27 11) (19 8) 18 (26 17 22 21 24 2)
16: 5 (8 1 22 3) 23 24 (26 15 20 7) (14 29) (17 18) (27 19) (13 30 21) (25 16) 28 (12 2 10) (11 9)
17: 8 23
18: (29 21 1) 27 23 (14 25 19 30) (22 16)
19: 1 5 25 8 (27 29 14) (10 9 13) (12 2 20)
20: 19 22 9
21: (16 17 6) (4 14) (24 11) (28 5 25) (15 3 1 10) (29 19) (23 7 9) (20 13)
22: 25 (20 11)
23: (2 4 17) (23 18) (5 8 3 27 6 20) (29 13)
24: 11 (6 16 30 23 29 14) (3 27 12) (17 4 28) (26 24 8 20 2 22) 18 21 13 (7 5) (10 15 1) (19 9) 25
25: (5 7 8 12) 26 (1 6 24 13 17 20 11) (19 28 10 30) (21 9) 14
26: 26 28 4 (10 25 19 6) (30 16 3) 20
27: 8 (21 2) 17 (28 4) (3 29) (25 14 5 20 27) 18 (6 11)
28: (27 18 12) (21 7)
29: (15 10) (2 17 28) (7 20 9)
30: (20 16 28 25) (11 24 5 8) 26 18 23 (12 13) 27 (6 9) 30
1: (15 9) 6 (10 24) (25 13) (21 16 19 2 12 18 1) 8
2: (5 16) 15 (4 29 6 12) 10 (14 27 19) (23 24)
3: (10 12 5) 15 (8 6) (23 24) (27 26 16) (1 21 9) 11
4: (9 15 12 26) (14 11) 5 23 (8 24 21 6) 27 10 4 13
5: (24 12 23 15 1 21 16) (9 27) (14 8 5 11 25 19) 30 10 4
6: (26 4 27 21 10 7 24) (2 12) (25 5) (13 30) (1 15 8 23)
7: 6 14 (29 15 28) (8 2 5 25 21 16 11 24 12 10)
8: (2 30 11 8 19 27) 16 25 (24 1 10) (12 23) (5 15 17 13) 4
9: 20 21 30 (24 25 16 29 10) 5 (8 15 19 6) (4 2) 11
10: (5 3 29 6) (10 2 26 19 7) 15 (25 24) (8 12 16 21)
11: (16 30) 3 (1 22) 25 (8 15 24) 5 12 (2 27 7) 21 10
12: (4 24 10 16) (15 9) (8 1 28 12 13) (30 25 19)
13: (8 19 21 23) (9 6) (10 30) 1 24 (14 2 15 25 16) 11
14: (3 5 24) (27 15) (19 1) 7 (11 18 21 16 25) 8
15: (8 6 13 2 1 21 15 14) 16 24 12 29
16: (26 8 24 18) (12 1 2 14 21) 6 5 3 (15 30 16)
17: (11 16 12) (15 8 7) 27 (21 5 6) 25 29 (14 1) (24 23)
18: (15 6) 10 (11 13) (7 27) 14 (16 30 28) 9 (24 12 23) 8
19: (14 1 4 16) (20 24 18 26) (21 6 8 7 5) (15 13 10 25)
20: (1 12) (8 21) (23 2 11 22) 29 25 (7 19 16 26 24) (15 30 27)
21: 15 (27 28) 6 (1 5 24 18 14) 25 (12 16)
22: (15 10 16 5 18 8 11 4 24 14 20 1 3 12)
23: (21 30 17 23 16) 1 13 (11 18 12 5 8 10 6 24 9 15)
24: 15 (24 2 11) (21 16) 1 25 (8 12 5 30 6 10) 14 13
25: (21 18 15 12 16 24) (27 11 26) (30 22 13 19) 8 (5 9)
26: (1 5 10 25 12) (26 8 30 15 24 9 16 6)
27: (19 30 9 1 28) 24 16 (18 13 23) 27 15 10
28: 26 (12 6 3 10 2 1) (16 29 25 8 5 30 27) 15 21 24 (9 4) 7
29: (2 19) (6 5 27 15 9) (23 21) (11 1) 7 (18 13) (16 8 12) (24 10)
30: (16 24) 25 (1 18 30 11 10) 6 (8 2 26 12 5)
