30 30
1: 7 (22 30) (24 15) 8 20 (25 12 3 6) 11
2: (3 16 28) 13 (7 2) 1
3: (7 14) 26 (1 25) 21 (13 2) (17 15 23) (20 30) 9 3 (6 5 19 12) (28 18 24) (27 16 29) 8
4: (13 21 18 19 11) 26 4 (30 28) 10 (15 20 5 24 12 14) 23 (16 7 27) 2 (25 8 29) (22 9 17 1 6) 3
5: 13 (8 29 1) (21 12) 23 (24 18 27 4 22) (30 3 20 6 5 14) 26 28
6: (5 8) 9 (1 18 26 17 28 13) (24 20 15 25 19 30 10)
7: (9 25 10) 5 (11 1) (12 19) 13 (21 4 18 17 6 28 14 29 2) (27 15 26 23 3 8 7 30 24 20)
8: (30 16) 17 (12 10)
9: 3 (9 1 10) 11 18 13 15 (21 20) (14 29 23) 22 (30 4 8) 6 (7 16 24 19) (2 27 26 28 25) (12 5 17)
10: (24 26 28) (17 7 3) (1 2 10) (12 8) 29 23 (19 25) 18
11: (12 25 16)
12: (29 15) 19 (21 12 27 24 8) (7 26)
13: 29 (19 9 14) (12 24 30 28 4 8 1 25 5 23 15 11 26 3 22 2 20)
14: (17 16 8 30 22) (4 6 3 28 21 1)
15: 2 30 (20 24) (29 12 23) (14 25 7) 1 (9 11 13 3 4) 17 (28 27) 16 (15 10 19) 8 6 22 (21 5 26)
16: 29 (15 19) (16 28) 24 (5 9 10 8 26 13) (3 11) (17 1 7 4 21) 23 22 2 12
17: (12 10) (3 14 29)
18: (19 26 4 24 13 6) (5 14 30 10 3) (23 17 18 27 15 7 21) (9 25 11) 22 20 (8 2 12 1) 29
19: 21 (29 12 7 27 13) 15 (17 23 18 5 2) (30 24 19 9) 16
20: (22 26)
21: 21 (23 3) 24 (1 18 8) 30 (6 16 17 29 11)
22: (4 1 29 11) 9 (23 26 20 27 13 17) (24 7) 6 (21 28) (16 5) (2 22 12)
23: (10 14) 5
24: 28 26
25: 13 (25 26 16 14 19 9) (24 8 18)
26: (6 3) (2 5 17 26 25 10 12 14 23)
27: (15 1 8) (26 9 16) (10 29) (23 28) 20 (7 25) 22 (27 3) 18 (17 5 11 30) (21 12 24 2) 19 4
28: (17 16 18 28) (2 8) (19 4 12 6) (14 30 22)
29: 3 (21 2) 7 (9 13) 18 (19 29 27)
30: 2 18 28 (26 22 15) (3 10) (13 14 29 16) (20 21 19 23) 11 24 30 6 17 8 (7 4 9)
1: (16 21 10 5 3 14) (27 18) (13 6 7 15 2 4 22) 9
2: (15 19) (22 13 26 10 2) (3 18) (28 7) (16 4 29 30) (27 9)
3: 3 (9 15) 1 21 (26 7 5 4 17 10 18 2) 14 30 27 (13 29) 16
4: 22 (15 28 18) 13 (14 7 30 9 5) (27 16 4)
5: (18 7) 4 16 (3 15) (6 22) 13 9 (23 26) 5 19 27
6: (5 15 21) (28 7 26 4) 9 14 (1 22 3 30) 18
7: (3 10) (19 16) (18 4) (2 12) (29 30 9 7) (27 15 1 22)
8: (3 6 7 16) (9 5 18 28) (14 30 12 10) 13 25 21 1 4 15 27
9: (3 6 9) (18 15) (16 19 7 27) 30 25 (13 4 22) 29
10: (18 9 8) 7 4 (23 26) (16 27 30 6 10 15 17)
11: 16 9 18 (15 30 27 22 4 13) (1 7) 21
12: 16 (17 4 11 1 15 13) (7 3 27 10 26 8) 18 (12 28 9) 5 (22 19)
13: 3 (15 2) (30 19) 29 (7 9) (5 18 6) (4 22 25) 16
14: (28 18) 17 (26 7) 15 (4 25 23 3) (30 9) (13 5)
15: (16 3 15 18 27 1) 7 6 (19 9) 4 (13 30 12)
16: (9 30 28 8 15) (21 3) 19 (2 14) 27 (25 22 4 16 11)
17: 6 10 18 (3 19 7 14) 16 (8 15 26 21 9) (30 22 4 27 28)
18: (4 6) 18 (19 29 3) (21 25 28 7 9 30) 5 10 27
19: (27 6 19) (18 10) (28 16 25 15 13 29) (3 9) (30 12) (7 4)
20: (3 27) (13 6) 22 (4 30) 7 9 (18 5 1) 15
21: (3 15) (4 27 16 7 12) (5 9 14 18 29) (22 19 21) 30
22: 13 (4 1 20 27) (16 14) (22 30) (15 28 18 5 9)
23: 27 (18 5 22) (26 19) (13 3 10) 7 (9 15 16 21) (30 4)
24: (6 7 27 12 1 5) 9 (25 22) 3 (16 21 19 13 15) (10 18 4) 30
25: (15 10) (27 25 3 1 6) (9 26 4 18) (11 7 13)
26: (13 7 15) (26 3) (18 16 5 6 9 4 24) (12 25) (10 30) 22 27 20
27: 5 22 (19 7 12 9 29) 27 (15 18) 3 4
28: (22 14 2 3) (9 10) 30 (28 16 6 24 4 27 7 15 13 5)
29: (4 29) (3 30 22) (18 15 27 5) 16 7 (12 13 10) (9 17 19 21)
30: (19 1 30) 27 (14 28 3) 4 6 21 (18 15 7 9 8 5 13)
